
Last position-specific scoring matrix computed, weighted observed percentages rounded down, information per position, and relative weight of gapless real matches to pseudocounts
            A   R   N   D   C   Q   E   G   H   I   L   K   M   F   P   S   T   W   Y   V   A   R   N   D   C   Q   E   G   H   I   L   K   M   F   P   S   T   W   Y   V
    1 G     0  -3  -1  -2  -3  -2  -3   6  -3  -5  -4  -2  -3  -4  -3  -1  -2  -3  -4  -4    0   0   0   0   0   0   0 100   0   0   0   0   0   0   0   0   0   0   0   0  1.23 0.07
    2 F    -2  -3  -4  -4  -2  -3  -4  -4  -3   2   3  -3   1   4  -4  -3  -2  -1   1   1    0   0   0   0   0   0   0   0   0  24  43   0   0  34   0   0   0   0   0   0  0.42 0.04
    3 M    -2  -2  -3  -4  -2  -2  -3  -4  -2   1   3  -1   5   1  -3  -2  -1   5   0   0    0   0   0   0   0   0   0   0   0   4  36   7  35   6   0   0   0  12   0   0  0.39 0.05
    4 D    -1  -1   3   5  -3   0   2  -1  -1  -4  -4   0  -3  -4  -2   1  -1  -4  -3  -3    0   0  13  55   0   0  12   0   0   0   0   6   0   0   0  14   0   0   0   0  0.62 0.05
    5 T     0  -1  -1  -2  -1  -1  -1  -2  -2  -1  -1   0  -1  -2  -2   2   5  -3  -2   1    0   0   0   0   0   0   0   0   0   0   0   6   0   0   0  13  68   0   0  13  0.41 0.06
    6 A     1  -3  -3  -3  -1  -2  -3   0  -3   2   2  -2   1  -1  -2  -1  -1  -3  -2   2   21   0   0   0   0   0   0   9   0  21  20   0   0   0   0   0   0   0   0  29  0.19 0.02
    7 K    -1   2  -1  -1  -4   1   0  -2  -1  -3  -2   6   1  -3  -2  -1  -1  -4  -2  -3    0   0   0   0   0   0   0   0   0   0   0  92   8   0   0   0   0   0   0   0  0.64 0.08
    8 N    -1  -1   5   1  -3  -1  -1   3   1  -4  -4  -1  -3  -4  -2   1  -1  -4  -3  -3    3   0  60   3   0   0   0  25   4   0   0   0   0   0   0   4   0   0   0   0  0.60 0.06
    9 V     1  -2  -2  -3  -1  -2  -2  -2  -3   1   1  -2   0   2  -2  -1   1  -2   0   2   18   0   0   0   0   0   0   0   0   0  18   0   0  15   0   0  15   0   0  34  0.17 0.03
   10 A     4  -2  -2  -2  -1  -1  -2   2  -2  -1  -2  -1  -1  -3  -2   0  -1  -3  -2   1   69   0   0   0   0   0   0  19   0   0   0   0   0   0   0   0   0   0   0  12  0.39 0.05
   11 K    -1   1   0  -1  -3   1   0  -2  -1  -3  -3   5  -2  -3  -1   0   3  -3  -2  -2    0   0   0   0   0   0   0   0   0   0   0  72   0   0   0   0  28   0   0   0  0.50 0.07
   12 N    -2  -1   6   1  -3   0  -1   0   0  -4  -4   1  -3  -4  -2   0   1  -4  -3  -3    0   0  73   4   0   0   0   5   0   0   0  11   0   0   0   0   8   0   0   0  0.65 0.07
   13 V     0  -3  -3  -4  -1  -3  -3  -3  -3   2   2  -3   1   2  -3  -2  -1  -2  -1   4    8   0   0   0   0   0   0   0   0   0  24   0   0  11   0   0   0   0   0  58  0.29 0.04
   14 A     5  -2  -2  -2  -1  -1  -1   0  -2  -2  -2  -1  -1  -3  -1   1   1  -3  -2  -1   86   0   0   0   0   0   0   4   0   0   0   0   0   0   0   0  11   0   0   0  0.48 0.06
   15 V     0  -2  -1  -2  -2   0  -2   4  -2   0   0  -2  -1  -2  -2  -1  -1  -3  -2   1    7   0   0   0   0   9   0  46   0   0  11   0   0   0   0   0   0   0   0  27  0.31 0.03
   16 T     0  -1   2  -1  -2   1  -1   0   0  -1  -2   0  -1  -3  -2   2   3  -3  -2  -1    0   0  11   0   0   9   0   7   3   5   0   3   0   0   0  25  34   0   0   4  0.23 0.03
   17 L    -2  -3  -4  -4  -2  -2  -3  -4  -3   2   4  -3   3   0  -3  -3  -1  -2  -1   2    0   0   0   0   0   0   0   0   0  11  70   0   9   0   0   0   0   0   0  10  0.45 0.04
   18 L    -2  -3  -4  -4  -2  -2  -3  -4  -3   2   4  -3   3   0  -3  -3  -1  -2  -1   1    0   0   0   0   0   0   0   0   0   9  79   0  11   0   0   0   0   0   0   0  0.51 0.05
   19 D    -2  -1   3   6  -4   0   2  -2   3  -4  -4  -1  -3  -4  -2   0  -1  -4  -2  -4    0   0  15  62   0   0  12   0  11   0   0   0   0   0   0   0   0   0   0   0  0.73 0.06
   20 K    -1   1   0  -1  -3   2   1  -2  -1  -3  -3   5  -2  -4  -1   1   1  -3  -2  -2    0   0   0   0   0  12   0   0   0   0   0  69   0   0   0   7  12   0   0   0  0.48 0.06
   21 L     1  -3  -4  -4  -1  -2  -3  -3  -3   2   4  -3   1   0  -3  -2  -1  -2  -2   1   17   0   0   0   0   0   0   0   0  14  69   0   0   0   0   0   0   0   0   0  0.36 0.04
   22 K    -1   3   0  -1  -3   2   0  -2  -1  -3  -3   5  -2  -4  -2   1  -1  -3  -2  -3    0  10   0   0   0   6   0   0   0   0   0  74   0   0   0   9   0   0   0   0  0.56 0.06
   23 C    -1  -4  -4  -4  10  -4  -5  -3  -4  -2  -2  -4  -2  -3  -4  -2  -2  -3  -3  -1    0   0   0   0 100   0   0   0   0   0   0   0   0   0   0   0   0   0   0   0  1.77 0.12
   24 K    -1   2  -1  -1  -4   1   0  -2  -1  -3  -3   6  -2  -4  -2  -1  -1  -4  -2  -3    0   0   0   0   0   0   0   0   0   0   0 100   0   0   0   0   0   0   0   0  0.76 0.09
   25 I    -2  -3  -4  -4  -2  -3  -4  -4  -4   4   3  -3   2   0  -3  -3  -1  -3  -2   3    0   0   0   0   0   0   0   0   0  59  25   0   4   0   0   0   0   0   0  13  0.42 0.04
   26 S     0   0   0  -1  -2  -1  -1   1  -2  -2  -2  -1  -1  -3  -2   3   4  -3  -2  -1    0   8   0   0   0   0   0  11   0   0   0   0   0   0   0  29  53   0   0   0  0.38 0.05
   27 G     1  -3  -1  -2  -3  -2  -3   6  -3  -4  -4  -2  -3  -4  -3  -1  -2  -3  -4  -3    7   0   0   0   0   0   0  93   0   0   0   0   0   0   0   0   0   0   0   0  1.12 0.07
   28 G     0  -2   0   1  -3   1  -1   5  -2  -4  -4  -1  -2  -4  -2   0   0  -3  -3  -3    0   0   0   7   0  14   0  68   0   0   0   0   0   0   0   0  10   0   0   0  0.65 0.03
   29 C    -1  -4  -3  -4  10  -4  -4  -3  -4  -2  -2  -4  -2  -3  -3  -1  -1  -3  -3  -1    0   0   0   0 100   0   0   0   0   0   0   0   0   0   0   0   0   0   0   0  1.53 0.07

                      K         Lambda
Standard Ungapped    0.1348     0.3205
Standard Gapped      0.0410     0.2670
PSI Ungapped         0.1348     0.3205
PSI Gapped           0.0410     0.2670
