
Last position-specific scoring matrix computed, weighted observed percentages rounded down, information per position, and relative weight of gapless real matches to pseudocounts
            A   R   N   D   C   Q   E   G   H   I   L   K   M   F   P   S   T   W   Y   V   A   R   N   D   C   Q   E   G   H   I   L   K   M   F   P   S   T   W   Y   V
    1 K    -1   2  -1  -1  -4   1   0  -2  -1  -3  -3   6  -2  -4  -2  -1  -1  -4  -2  -3    0   0   0   0   0   0   0   0   0   0   0 100   0   0   0   0   0   0   0   0  0.78 0.08
    2 S     0  -2   0  -1  -1  -1  -1  -1  -2   1  -2  -1  -1  -2  -2   4   2  -3  -2  -1    0   0   0   0   0   0   0   0   0  19   0   0   0   0   0  70  11   0   0   0  0.37 0.07
    3 C    -1  -5  -4  -5  10  -4  -5  -4  -4  -2  -2  -4  -2  -4  -4  -2  -2  -3  -4  -2    0   0   0   0 100   0   0   0   0   0   0   0   0   0   0   0   0   0   0   0  2.07 0.17
    4 C    -1  -5  -4  -5  10  -4  -5  -4  -4  -2  -2  -4  -2  -4  -4  -2  -2  -3  -4  -2    0   0   0   0 100   0   0   0   0   0   0   0   0   0   0   0   0   0   0   0  2.07 0.17
    5 P    -2   3  -2  -2  -4  -1  -1  -3  -2  -4  -3   2  -3  -4   7  -1  -2  -4  -3  -3    0  24   0   0   0   0   0   0   0   0   0  14   0   0  62   0   0   0   0   0  1.31 0.10
    6 T     0   0   4   1  -2  -1  -1  -1  -1  -3  -3  -1  -2  -3  -2   3   3  -4  -2  -2    0   5  26   3   0   0   0   0   0   0   0   0   0   0   0  38  22   0   0   0  0.41 0.07
    7 T    -1  -1  -1  -2  -2  -1  -2  -3  -2   2  -1   1  -1  -2  -2   0   5  -3  -2   0    0   0   0   0   0   0   0   0   0  19   0  11   0   0   0   0  70   0   0   0  0.47 0.09
    8 T     0  -2  -1   1  -2   1  -1  -3  -2   1   2  -1   0  -1  -2  -1   2   2  -2   1    4   0   0  11   0  10   0   0   0   5  31   0   0   0   0   0  26   4   0   9  0.15 0.04
    9 A     3  -2  -1   2  -2  -2  -1   4  -2  -3  -3  -2  -2  -3  -2   0  -1  -3  -3  -2   43   0   0  16   0   0   0  41   0   0   0   0   0   0   0   0   0   0   0   0  0.52 0.07
   10 R    -2   7  -1  -2  -4   0  -1  -3  -1  -4  -3   2  -2  -4  -3  -2  -2  -4  -3  -3    0 100   0   0   0   0   0   0   0   0   0   0   0   0   0   0   0   0   0   0  1.20 0.13
   11 N    -1  -1   6   1  -3  -1  -1  -1   0  -3  -4  -1  -3  -4  -2   2   1  -4  -3  -3    0   0  65   0   0   0   0   0   0   0   0   0   0   0   0  20  10   0   0   0  0.69 0.09
   12 I    -1  -3   0  -3   7  -1  -3  -3  -3   3   0  -3  -1   1  -3  -2  -1  -3  -1   1    0   0   9   0  38   4   0   0   0  28   0   0   0  10   0   0   0   0   0  11  0.46 0.07
   13 Y    -3  -3  -3  -4  -3  -2  -3  -4   1  -2  -2  -3  -2   4  -4  -3  -3   1   8  -2    0   0   0   0   0   0   0   0   0   0   0   0   0   9   0   0   0   0  91   0  1.37 0.14
   14 N    -2  -1   7   1  -4  -1  -1  -1   0  -4  -4  -1  -3   1  -3   0  -1  -4  -2  -3    0   0  84   0   0   0   0   0   0   0   0   0   0  11   0   0   0   0   0   0  0.89 0.12
   15 T     2  -2  -2  -3  -1  -2  -2  -2  -3   1   1  -2   0  -1  -2   0   3  -3  -2   2   25   0   0   0   0   0   0   0   0   4  18   0   0   0   0   0  28   0   0  24  0.21 0.05
   16 C    -1  -5  -4  -5  10  -4  -5  -4  -4  -2  -2  -4  -2  -4  -4  -2  -2  -3  -4  -2    0   0   0   0 100   0   0   0   0   0   0   0   0   0   0   0   0   0   0   0  2.07 0.17
   17 R    -2   6  -1  -3  -4   0  -1  -3  -1  -2   0   1   2  -3  -3  -2  -2  -3  -2  -2    0  79   0   0   0   0   0   0   0   0  10   0  11   0   0   0   0   0   0   0  0.76 0.10
   18 F    -2  -2  -3  -3  -2  -3  -3  -3  -2   1   3  -3   1   5  -3  -2  -2  -1   1   1    1   1   0   1   0   0   1   1   0   1  45   1   0  38   1   1   1   0   0   8  0.40 0.05
   19 G     2   0  -1  -2  -2  -1  -1   1  -2  -1  -2  -1  -2  -3   3   2   2  -3  -2  -1   25   7   0   0   0   0   0  13   0   4   0   0   0   0  17  15  18   0   0   0  0.32 0.04
   20 G    -1   1  -1  -2  -3  -2  -2   5  -2  -1  -2   0  -2  -3  -3  -1  -2  -3  -3   1    0  11   0   0   0   0   0  63   0   0   0   4   0   0   0   0   0   0   0  21  0.58 0.07
   21 G     2  -2  -1  -2  -2  -1  -2   4  -2  -3  -3   0  -2  -3  -2   1   2  -3  -3  -2   18   0   0   0   0   0   0  47   0   0   0   4   0   0   0  11  20   0   0   0  0.49 0.06
   22 S     1  -1   0  -1  -2  -1  -1  -1  -2  -3  -3  -1  -2  -3   4   4   0  -3  -2  -2   12   0   0   0   0   0   0   1   0   0   1   0   0   0  21  62   0   0   0   0  0.56 0.07
   23 R    -2   4  -1  -1  -4   4   1  -3  -1  -3  -2   1   0  -3   2  -1  -1  -3  -2  -3    0  42   0   0   0  34   9   0   0   0   0   0   5   0  10   0   0   0   0   0  0.59 0.08
   24 P     0   0  -1  -1  -3   0   1  -2  -1  -3  -2   2  -2   1   4   1   0  -3  -1  -2    9   0   0   0   0   0  11   0   0   0   0  23   0  11  23  13   5   0   0   0  0.35 0.04
   25 V    -1   0   0  -2  -2  -2  -2  -3  -2   1   2  -2   0   0  -2   0   1  -2   2   2    0   5   5   0   0   0   0   0   0   4  27   0   0   0   0  10  14   0  11  23  0.13 0.03
   26 C    -1  -5  -4  -5  10  -4  -5  -4  -4  -2  -2  -4  -2  -4  -4  -2  -2  -3  -4  -2    0   0   0   0 100   0   0   0   0   0   0   0   0   0   0   0   0   0   0   0  2.07 0.17
   27 A     4  -2  -2  -3  -1  -2  -2   0  -2   1   0  -2  -1  -2  -2   1  -1  -3  -2   0   70   0   0   0   0   0   0   5   0  10  11   0   0   0   0   4   0   0   0   0  0.35 0.07
   28 K     0   2   2  -1  -2   0  -1   1  -1  -1   0   1  -1  -2  -2   1   1  -3  -2  -1    4  15  12   0   0   0   0  15   0   5  11  12   0   0   0  10  16   0   0   0  0.14 0.03
   29 L     0  -1   1  -2  -2  -1  -2  -3  -2   1   2   1   1   0  -3  -1  -1  -2   1   1   10   0  10   0   0   0   0   0   0   5  36  15   0   0   0   0   0   0   9  15  0.11 0.03
   30 S     0  -2  -1  -2   7  -2  -2  -2  -2  -2  -3  -2  -2  -3  -2   4   1  -3  -3  -2    0   0   0   0  38   0   0   0   0   0   0   0   0   0   0  54   9   0   0   0  0.71 0.10
   31 G    -1   3   0   1  -3  -1  -1   4  -2  -4  -4   1  -3  -4  -2   1  -1  -3  -3  -3    0  22   0   9   0   0   0  48   0   0   0  11   0   0   0  10   0   0   0   0  0.51 0.06
   32 C    -1  -5  -4  -5  10  -4  -5  -4  -4  -2  -2  -4  -2  -4  -4  -2  -2  -3  -4  -2    0   0   0   0 100   0   0   0   0   0   0   0   0   0   0   0   0   0   0   0  2.07 0.17
   33 K    -1   1  -1  -2  -3   0   0  -3  -2   1   0   5  -1  -3  -2  -1  -1  -4  -2  -1    0   0   0   0   0   0   0   0   0  14  10  76   0   0   0   0   0   0   0   0  0.48 0.09
   34 I    -2  -3   1   1  -2  -2  -2  -3   1   4   2  -2   0  -1  -3  -2  -1  -3  -2   1    0   0  11  10   0   0   0   0   5  59  15   0   0   0   0   0   0   0   0   0  0.28 0.06
   35 I    -1  -3  -2  -3  -2  -2  -3  -3  -3   4   0  -2   0  -1  -3   0   3  -3  -2   2    0   0   0   0   0   0   0   0   0  58   0   0   0   0   0   4  27   0   0  11  0.37 0.07
   36 S     0  -2   0  -1  -2  -1  -1  -1  -2  -3  -3  -1  -2  -3   2   5   1  -4  -3  -2    0   0   0   0   0   0   0   0   0   0   0   0   0   0   9  85   6   0   0   0  0.64 0.10
   37 G     1  -2  -1  -1  -3   1   1   5  -2  -3  -3  -1  -2  -3  -2   0   0  -3  -3  -3   13   0   0   0   0  11   9  57   0   0   0   0   0   0   0   5   6   0   0   0  0.57 0.06
   38 T     1  -2  -1  -2  -1  -1  -1   0  -2  -1   0  -1  -1  -2   1   3   3  -3  -2  -1    9   0   0   0   0   0   0   5   0   0  16   0   0   0   7  31  33   0   0   0  0.26 0.05
   39 K     0  -1  -1  -2  -2  -1  -1  -1  -2   0  -2   1  -1  -3  -2   2   4  -3  -2   0    0   0   0   0   0   0   0   5   0  11   0  15   0   0   0  12  58   0   0   0  0.35 0.07
   40 C    -1  -5  -4  -5  10  -4  -5  -4  -4  -2  -2  -4  -2  -3  -4  -2  -2  -3  -3  -2    0   0   0   0 100   0   0   0   0   0   0   0   0   0   0   0   0   0   0   0  2.02 0.16
   41 D    -2  -3  -2   0  -4  -2  -2  -3  -3  -4  -4  -2  -3  -5   8  -1  -2  -5  -4  -3    0   0   0   6   0   0   0   0   0   0   0   0   0   0  91   0   0   0   0   0  2.03 0.13
   42 S     0   2   0  -1  -2   0  -1   1  -2  -3  -3   1  -2  -3   4   3   1  -3  -3  -2    0  12   0   0   0   0   0   9   0   0   0  12   0   0  20  41   5   0   0   0  0.43 0.05
   43 G    -1  -2   0   4  -3  -1  -1   5  -2  -4  -4  -2  -3  -4  -2   1  -1  -4  -3  -4    0   0   0  34   0   0   0  55   0   0   0   0   0   0   0  11   0   0   0   0  0.72 0.06
   44 W    -3  -3  -3  -4  -3  -2  -3  -4   3  -2  -1  -3  -1   4  -4  -3  -2   6   7  -2    0   0   0   0   0   0   0   0   7   0   0   0   0  22   0   0   0  11  60   0  0.99 0.09
   45 N     1   1   3   0  -2   0  -1  -1  -1  -2  -2   0  -1  -3  -2   1   3  -3  -2  -1   17  10  18   0   0   0   0   0   0   0   0   0   0   0   0   0  45   0   0   0  0.28 0.02
   46 H    -2  -1   5   0  -3   0   0  -1   7  -4  -4  -1  -2  -2  -3   0  -1  -4   0  -4    0   0  51   0   0   0   0   0  49   0   0   0   0   0   0   0   0   0   0   0  0.74 0.05

                      K         Lambda
Standard Ungapped    0.1354     0.3216
Standard Gapped      0.0431     0.2670
PSI Ungapped         0.1407     0.3179
PSI Gapped           0.0431     0.2670
