
Last position-specific scoring matrix computed, weighted observed percentages rounded down, information per position, and relative weight of gapless real matches to pseudocounts
            A   R   N   D   C   Q   E   G   H   I   L   K   M   F   P   S   T   W   Y   V   A   R   N   D   C   Q   E   G   H   I   L   K   M   F   P   S   T   W   Y   V
    1 F    -3  -3  -4  -4  -3  -4  -4  -4  -2   0   0  -4   0   7  -4  -3  -3   1   3  -1    0   0   0   0   0   0   0   0   0   0   0   0   0 100   0   0   0   0   0   0  0.91 0.04
    2 L    -2  -3  -4  -4  -2  -3  -3  -4  -3   1   4  -3   2   2  -3  -3  -2  -2  -1   1    0   0   0   0   0   0   0   0   0   0  92   0   0   8   0   0   0   0   0   0  0.49 0.02
    3 P    -1  -3  -2  -2  -3  -2  -1  -3  -3  -3  -3  -1  -3  -4   8  -1  -1  -4  -3  -3    0   0   0   0   0   0   0   0   0   0   0   0   0   0 100   0   0   0   0   0  2.15 0.04
    4 L     0  -2  -3  -4  -1  -2  -3  -3  -3   2   3  -2   3   1  -3  -2  -1  -2  -1   2    7   0   0   0   0   0   0   0   0  17  40   0  15   5   0   0   0   0   0  17  0.27 0.01
    5 L    -1  -3  -4  -4  -1  -3  -3  -4  -3   3   3  -3   1   0  -3  -2  -1  -3  -1   2    6   0   0   0   0   0   0   0   0  40  39   0   0   0   0   0   0   0   0  15  0.32 0.01
    6 A     4  -2  -2  -2  -1  -1  -1   0  -2  -1  -1  -1  -1  -2  -1   1   0  -3  -2   1   87   0   0   0   0   0   0   0   0   0   0   0   0   0   0   0   0   0   0  13  0.39 0.03
    7 G     0  -2   0  -1  -3  -2  -2   6  -2  -4  -4  -2  -3  -3  -2   1  -1  -3  -3  -3    0   0   0   0   0   0   0  82   0   0   0   0   0   0   0  18   0   0   0   0  0.87 0.03
    8 L     0  -2  -3  -4  -1  -2  -3  -3  -3   2   4  -2   3   0  -3  -2  -1  -2  -1   2    7   0   0   0   0   0   0   0   0   6  61   0  13   0   0   0   0   0   0  13  0.32 0.02
    9 A     5  -2  -2  -2  -1  -1  -1   0  -2  -2  -2  -1  -1  -3  -1   1   0  -3  -2   0  100   0   0   0   0   0   0   0   0   0   0   0   0   0   0   0   0   0   0   0  0.49 0.03
   10 A     5  -2  -2  -2  -1  -1  -1   0  -2  -2  -2  -1  -1  -3  -1   1   0  -3  -2   0  100   0   0   0   0   0   0   0   0   0   0   0   0   0   0   0   0   0   0   0  0.49 0.03
   11 N    -1   1   5   0  -3   0   0  -1   0  -3  -3   3  -2  -3  -2   1   0  -4  -2  -3    0   0  56   0   0   0   0   0   0   0   0  37   0   0   0   7   0   0   0   0  0.50 0.03
   12 F    -2  -3  -3  -4  -2  -3  -3  -4  -2   1   1  -3   2   6  -4  -3  -2   0   2   1    0   0   0   0   0   0   0   0   0   0  12   0   7  62   0   0   0   0   0  18  0.47 0.02
   13 L    -1  -3  -4  -4  -1  -3  -3  -4  -3   2   3  -3   2   2  -3  -3  -1  -2  -1   2    0   0   0   0   0   0   0   0   0   8  61   0   0   9   0   0   0   0   0  22  0.36 0.02
   14 P    -1  -3  -2  -2  -3  -2  -1  -3  -3  -3  -3  -1  -3  -4   8  -1  -1  -4  -3  -3    0   0   0   0   0   0   0   0   0   0   0   0   0   0 100   0   0   0   0   0  2.15 0.04
   15 K     0   2   0  -1  -3   1   0  -1  -1  -3  -3   5  -2  -3  -1   1   1  -3  -2  -2    6   0   0   0   0   0   0   0   0   0   0  72   0   0   0  15   6   0   0   0  0.41 0.02
   16 I    -2  -3  -4  -4  -2  -3  -4  -4  -4   4   3  -3   1   0  -3  -3  -1  -3  -2   2    0   0   0   0   0   0   0   0   0  65  35   0   0   0   0   0   0   0   0   0  0.41 0.02
   17 F    -2  -3  -3  -4  -2  -3  -3  -4  -2   2   0  -3   0   6  -1  -3  -2   0   2   1    0   0   0   0   0   0   0   0   0  14   0   0   0  67   4   0   0   0   0  15  0.50 0.03
   18 C    -1  -4  -3  -4  10  -4  -4  -3  -4  -2  -2  -4  -2  -3  -3  -1  -1  -3  -3  -1    0   0   0   0 100   0   0   0   0   0   0   0   0   0   0   0   0   0   0   0  1.50 0.05
   19 K     1   1  -1  -1  -2   0   0  -1  -1  -1  -1   4  -1  -3  -1   0  -1  -3  -2   0   24   0   0   0   0   0   0   0   0   0   7  62   0   0   0   0   0   0   0   7  0.26 0.02
   20 I    -2  -3  -4  -4  -2  -3  -4  -4  -4   5   1  -3   1   0  -3  -3  -1  -3  -2   3    0   0   0   0   0   0   0   0   0  93   0   0   0   0   0   0   0   0   0   7  0.48 0.03
   21 T     0  -1   0  -1  -1  -1  -1  -2  -2  -1  -2  -1  -1  -3  -1   3   5  -3  -2  -1    0   0   0   0   0   0   0   0   0   0   0   0   0   0   0  23  77   0   0   0  0.49 0.03
   22 R    -1   3  -1  -1  -4   1   0  -2  -1  -3  -3   5  -2  -2  -1  -1  -1  -3   1  -3    0   8   0   0   0   0   0   0   0   0   0  85   0   0   0   0   0   0   6   0  0.53 0.03
   23 K    -1   2   0  -1  -4   1   1  -2  -1  -3  -3   6  -2  -4  -1   0  -1  -3  -2  -3    0   0   0   0   0   0   0   0   0   0   0 100   0   0   0   0   0   0   0   0  0.63 0.04

                      K         Lambda
Standard Ungapped    0.1519     0.3374
Standard Gapped      0.0410     0.2670
PSI Ungapped         0.1519     0.3374
PSI Gapped           0.0410     0.2670
