
Last position-specific scoring matrix computed, weighted observed percentages rounded down, information per position, and relative weight of gapless real matches to pseudocounts
            A   R   N   D   C   Q   E   G   H   I   L   K   M   F   P   S   T   W   Y   V   A   R   N   D   C   Q   E   G   H   I   L   K   M   F   P   S   T   W   Y   V
    1 K    -1   3  -1  -1  -4   2   1  -2  -1  -3  -3   5  -2  -4  -2  -1  -1  -3  -2  -3    0  13   0   0   0   9   0   0   0   0   0  78   0   0   0   0   0   0   0   0  0.63 0.07
    2 P    -2  -3  -3  -2  -4  -2  -2  -3  -3  -4  -4  -2  -3  -5   8  -2  -2  -5  -4  -3    0   0   0   0   0   0   0   0   0   0   0   0   0   0 100   0   0   0   0   0  2.36 0.15
    3 P    -1   2  -1  -1  -4   4   1  -1  -1  -4  -3   4  -2  -4   2  -1  -1  -3  -3  -3    0   5   0   0   0  35   7   2   0   0   0  42   0   0   9   0   0   0   0   0  0.61 0.13
    4 Q    -1  -1   1   4  -4   2   2   2   2  -4  -4   0  -3  -4  -2   0  -1  -4  -2  -3    0   1   5  34   0  17  13  17   6   0   0   2   0   0   0   4   0   0   0   0  0.49 0.10
    5 F    -2  -2   2   3  -3   1  -1  -3  -1  -1   1  -2   3   3  -3  -1  -2  -2   0  -1    0   0  11  28   0   9   0   0   0   0  17   0  15  17   0   0   0   0   2   0  0.27 0.10
    6 T    -1  -1  -1  -2  -2  -2  -2  -2  -3  -3  -3   0  -3  -4  -2   4   5  -4  -3  -2    0   3   0   0   0   0   0   0   0   0   0   6   0   0   0  45  47   0   0   0  0.83 0.28
    7 W     1   4  -2  -2  -3   0   1  -2  -2  -4  -3   1  -3  -4   3   2  -1   3  -3  -3   10  32   0   0   0   2   7   0   0   0   0   4   0   0  14  25   0   5   0   0  0.53 0.19
    8 A     4  -3  -3  -3  -2  -2  -2  -2  -2  -3  -3  -2  -2  -1  -1   2  -1   4   4  -1   47   0   0   0   0   0   0   0   0   0   0   0   0   0   2  19   1   7  21   2  0.63 0.24
    9 Q     1   1  -2   0  -4   5   2  -3   1  -3  -3   0   2  -4  -3  -1   0  -4  -3  -2   11   8   0   4   0  40  14   0   4   0   0   4   8   0   0   0   7   0   0   2  0.56 0.24
   10 W    -3   1  -3   1  -5  -1  -2  -4  -1  -5  -4   6  -3  -3  -4  -3  -3   9  -2  -5    0   5   0   8   0   1   0   0   1   0   0  55   0   0   0   0   0  29   0   0  1.42 0.39
   11 F    -5  -6  -6  -6  -5  -6  -6  -6  -4  -3  -1  -6  -3   9  -7  -5  -5  -2   0  -4    0   0   0   0   0   0   0   0   0   0   2   0   0  98   0   0   0   0   0   0  2.53 0.60
   12 E     0   0  -1  -1  -3   2   2  -3  -2  -2   2   2  -1  -3  -3  -1  -1  -3  -1  -2    6   2   1   2   0  13  18   0   0   0  30  18   0   0   0   3   3   0   1   0  0.29 0.19
   13 T    -1   5  -1  -2  -4  -1  -1  -4  -3   3  -2   0  -2  -3  -3  -1   3  -4  -2  -1    4  37   1   1   0   2   4   0   0  22   0   2   0   0   0   1  23   0   1   2  0.55 0.27
   14 Q    -3  -1  -2  -3  -6   7   0  -4   1  -5  -5   3  -3  -6  -4  -3  -2  -5  -4  -5    0   1   0   0   0  72   1   0   3   0   0  20   0   0   0   0   2   0   0   0  1.58 0.51
   15 H    -5  -3  -2  -1  -6  -3  -3  -5  11  -7  -6  -4  -5  -4  -5  -4  -5  -6  -1  -6    0   0   0   4   0   0   0   0  96   0   0   0   0   0   0   0   0   0   0   0  3.16 0.76
   16 I    -3  -4  -5  -5  -3  -4  -5  -5  -1   5   0  -4   5  -1  -5  -4  -3  -3   4   3    0   0   0   0   0   0   0   0   1  36   5   0  21   0   0   0   0   0  15  21  0.89 0.38
   17 N    -4  -1   3   6  -5   3  -1  -4  -1  -3  -5  -1  -4  -5  -4  -1   0  -5  -1  -5    0   3  12  57   0  13   0   0   1   2   0   2   0   0   0   2   5   0   2   0  1.12 0.47
   18 M     1  -2   1  -2  -3  -1  -2   0  -3  -2  -1  -1   2  -3   3   3   1  -4  -3  -1   12   2   6   1   0   2   0   5   0   0   7   2   7   0  18  26   6   0   0   4  0.34 0.22
   19 T     0   0   2   0  -3   0  -1   0  -2  -2  -3   1   1  -3  -3   3   2  -4  -2  -3    4   4  12   4   0   4   1   8   0   1   0   9   6   0   0  29  15   0   1   0  0.32 0.23
   20 S    -1  -2   0   2  -4  -2  -1  -2   1  -4  -3  -2  -4  -4   6   2   0  -4  -1  -2    3   2   5  13   0   0   2   2   4   0   1   0   0   0  41  16   5   0   3   3  0.84 0.34
   21 Q    -1   3   1  -2  -3   2   0  -1  -2  -1   0   1  -1  -3   1   0   1  -3  -3   0    3  18   9   0   0  11   4   3   0   3  11   6   0   0   7   8  12   0   0   6  0.18 0.15
   22 Q     0   2  -1   0  -5   2   1  -4   0  -4  -4  -2  -3  -1  -2  -2  -2  -2   7  -4    9  11   2   4   0  11   8   0   1   0   0   1   0   0   1   1   2   0  47   0  0.93 0.42
   23 C    -4  -7  -6  -7  11  -7  -7  -6  -6  -5  -5  -7  -5  -5  -7  -5  -5  -5   1  -5    0   0   0   0  90   0   0   0   0   0   0   0   0   0   0   0   0   0   6   0  3.50 0.90
   24 T    -1  -3   7   2   3  -3   1  -3  -2  -5  -5  -3  -5  -3  -4  -2   0  -6  -1  -5    5   0  61   9   6   0   8   0   0   0   0   0   0   1   0   0   6   0   2   0  1.26 0.49
   25 N     0   1   1   0  -3   3   1  -3   0  -1  -1   1  -2  -3  -3   2   1  -3   0   0    5   5   6   3   0  16  10   0   2   1   5   8   0   0   0  16   8   0   3  11  0.18 0.16
   26 A     2  -4  -4  -4  -4  -3   0  -4  -4   1   0  -2   8  -3  -4   0   0  -4  -4  -1   19   0   0   0   0   0   6   0   0   9   6   2  44   0   0   6   5   0   0   2  0.86 0.42
   27 M    -5  -2  -6  -7  -5  -4  -6  -6  -5   1   0  -5  10  -3  -6  -5  -4  -5  -5  -3    0   3   0   0   0   0   0   0   0   7   5   0  86   0   0   0   0   0   0   0  2.64 0.81
   28 Q     0   3   2  -2  -2   1  -1  -3   0  -3  -2   3   3  -2  -3   1  -1  -4  -3  -2   10  22  10   0   1   6   1   0   2   1   1  20  10   1   0  10   2   0   0   2  0.39 0.24
   29 V    -1   4   1   0  -1   0  -1  -1   1  -2  -2   2  -2  -4   0   0  -1  -4  -3   0    5  28   7   6   2   2   1   5   5   1   4  13   0   0   4   5   3   0   0   9  0.26 0.21
   30 I    -3   5   1  -3  -4   0  -3  -3  -3   4  -2   1   1  -3   1  -3  -3  -4  -3   0    0  36   6   0   0   3   0   2   0  26   2   9   3   0   6   0   0   0   0   5  0.59 0.37
   31 N    -2   1   5   1  -4   0   0   0   0  -4  -2   1   0  -4  -4  -1  -2  -4   0  -1    2   8  36   7   0   3   3   8   2   0   3  11   3   0   0   3   0   0   5   5  0.46 0.31
   32 N    -3   0   1  -3  -4  -2   0  -4   0   1   1   2   5   0  -1  -3  -2  -3   1   0    0   6   7   0   0   0   5   0   2   6  15  18  22   3   3   0   0   0   6   5  0.33 0.30
   33 Y    -2  -4  -1  -4  -4  -3  -1  -4   1  -1  -2  -3  -3   1   0   0   5  -3   5   0    2   0   3   0   0   0   3   0   3   2   2   0   0   6   4   4  41   0  25   5  0.75 0.46
   34 Q    -1   1   1   1  -3   2   0   0   0  -2  -3   2  -2  -3   0   2   2  -4  -3  -3    3   6   8   9   0  10   2   5   2   2   2  17   0   0   3  15  14   0   0   0  0.26 0.19
   35 R    -1   2   0   1  -3   1   0   3   2  -3  -3   0  -2  -2   0  -1  -1   1   1  -3    1  12   3   7   0   9   5  30   8   1   1   3   0   0   4   2   3   2   7   1  0.32 0.15
   36 R    -2   4  -2  -1  -4   2  -1  -3   4  -4  -4   1  -3  -3   3   1   0   2  -1  -2    0  28   0   2   0  10   0   0  11   0   0   7   0   1  13  14   7   3   2   2  0.51 0.25
   37 C    -4  -7  -6  -7  11  -6  -7  -6  -7  -5  -5  -7  -5  -6  -6  -4  -4  -6  -6  -4    0   0   0   0 100   0   0   0   0   0   0   0   0   0   0   0   0   0   0   0  3.84 0.85
   38 K    -3   0  -3  -4  -5  -1  -2  -4  -4   1  -4   7  -3  -5  -4  -3  -3  -6  -4   0    0   3   0   0   0   0   0   0   0   8   0  82   0   0   0   0   0   0   0   7  1.46 0.52
   39 N    -1   0   1   3  -4  -1   1  -1  -1  -4  -4   0  -3  -2   5   0   0  -5  -4  -4    5   6   8  17   0   1   8   3   1   0   0   4   0   2  32   5   7   0   0   0  0.64 0.24
   40 Q    -2   0  -3  -2  -3   3   1  -4  -3   1   1  -1   0   0  -3  -1   0  -3  -2   3    0   6   0   1   0  16  10   0   0   9  11   3   1   5   0   2   4   0   0  32  0.29 0.20
   41 N    -4  -3   8  -2  -6  -3  -3  -3   4  -6  -6  -3  -5  -4  -5  -2  -3  -5   2  -6    0   0  79   0   0   0   0   0  11   0   0   0   0   0   0   0   0   0   8   0  1.93 0.60
   42 T    -2  -4  -3  -4  -4  -3  -4  -4  -4  -1  -4  -4  -3  -4  -4  -1   7  -4   2   0    1   0   0   0   0   0   0   0   0   2   0   0   0   0   0   0  84   0   7   5  1.57 0.57
   43 F    -5  -6  -6  -7  -6  -6  -6  -6  -4  -3  -3  -6  -3   9  -7  -6  -5  -2   0  -4    0   0   0   0   0   0   0   0   0   0   0   0   0 100   0   0   0   0   0   0  2.77 0.71
   44 L    -2  -5  -5  -5  -3  -4  -5  -4  -5   5   3  -4   0  -2  -5  -4  -3  -4  -3   4    1   0   0   0   0   0   0   1   0  41  31   0   0   0   0   0   0   0   0  27  0.92 0.34
   45 L    -5  -1  -3  -4  -6  -1  -3  -5  10  -1  -1  -4  -4  -4  -5  -4  -4  -5   0  -5    0   4   0   0   0   2   0   0  79   5   8   0   0   0   0   0   0   0   2   0  2.29 0.64
   46 T     0  -2  -1   1  -4  -1   4   1  -2  -4  -3  -1   2  -4  -3   1   2  -4  -4  -3    7   0   1   5   0   0  40  10   0   0   0   1   7   0   0  11  15   0   0   0  0.53 0.29
   47 T    -2   0   2   2  -3   1   0  -3  -2  -4  -4  -1  -3  -3   3   3   2  -5  -3  -3    0   6  11  10   0   7   5   0   0   0   1   1   0   1  17  28  13   0   0   1  0.50 0.25
   48 F     0  -1  -3  -3  -3  -2  -2  -2  -2   0   2   0  -1   4   3  -2  -1   1   2  -2    7   3   0   0   0   0   2   3   0   3  23   8   0  22  15   2   4   2   7   0  0.32 0.19
   49 A     3   1   1   2  -3   2   1   0   0  -3  -3  -1  -3  -4  -3   1   0   2  -3  -2   29   7   8  15   0   9   8   5   1   0   0   1   0   0   0   9   3   4   0   2  0.31 0.19
   50 N    -1  -2   4   4  -4  -1   1  -3   2  -4  -4   0  -3  -4   1   1   1  -5  -3  -3    2   0  24  23   0   0  10   0   5   0   0   5   0   0   6  11  10   0   0   1  0.54 0.25
   51 V    -1  -5  -5  -5  -3  -4  -5  -5  -5   4   1  -4  -1  -3  -5  -4  -2  -5  -3   5    3   0   0   0   0   0   0   0   0  25  12   0   0   0   0   0   1   0   0  59  1.04 0.38
   52 V     0   2   1  -2  -4   4   0  -2   0  -3  -3   4  -2  -4  -3  -2  -1  -4  -3   1    9   8   8   1   0  20   2   1   2   0   0  30   0   0   0   0   3   0   0  14  0.44 0.26
   53 N     5   0   1  -1  -3  -1  -1   0  -2  -2  -3   0  -3  -4  -3   0   1  -4  -4  -2   56   4   8   2   0   1   3   5   1   1   0   6   0   0   0   3   9   0   0   0  0.56 0.29
   54 V    -2  -5  -5  -5  -3  -4  -5  -5  -5   5   0  -4  -1  -3  -4  -3   1  -5  -3   5    1   0   0   0   0   0   0   0   0  38   3   0   0   0   0   0  10   0   0  47  1.02 0.38
   55 C    -4  -7  -6  -7  11  -6  -7  -6  -7  -5  -5  -7  -5  -6  -6  -4  -4  -6  -6  -4    0   0   0   0 100   0   0   0   0   0   0   0   0   0   0   0   0   0   0   0  3.84 0.85
   56 G    -1   0   1   0  -3   0  -1   3   0  -2  -3   0  -3   0  -3   3   0  -3   1  -3    0   4   7   6   0   5   3  22   2   2   1   5   0   5   0  28   5   0   7   0  0.28 0.18
   57 N    -2   0   4   1  -3   4   0  -1   0  -3  -2   0  -1  -4  -1   1   1  -4  -3  -3    1   5  25   6   0  21   1   4   1   0   5   4   1   0   2  11   9   0   0   0  0.39 0.22
   58 P    -1   2  -2  -1  -3   0   1   1  -1  -3  -2   2  -1  -4   4  -1   0  -4  -3  -3    4  12   0   2   0   4  10  10   1   1   4  18   1   0  25   2   5   0   0   1  0.45 0.18
   59 N    -1  -1   5  -1  -3   0  -1  -1  -1  -2  -2   1  -2   1   0   1  -1  -3  -2  -1    3   1  39   1   0   4   1   3   0   3   3  10   0   8   4  12   1   0   0   3  0.40 0.21
   60 M    -1  -2  -2  -2  -2  -2  -2   0  -3   3   0  -2   2  -2  -2  -2  -1  -3  -2   4    2   2   1   3   0   1   1   9   0  24   2   2   7   1   1   1   3   0   1  37  0.37 0.18
   61 T     2   1  -1  -1  -2   0  -1  -2  -2  -1  -1  -1  -1  -2   2   0   3  -3  -2  -1   19   8   1   3   0   5   2   1   0   4   7   1   0   1  12   3  26   0   1   3  0.24 0.13
   62 C    -1  -3  -3  -3  10  -1  -3  -3  -3  -2  -2  -3  -2  -3  -1  -1  -2  -3  -3  -1    3   2   1   1  67   3   1   2   0   1   3   1   0   1   3   4   1   0   1   4  1.76 0.40
   63 P    -2   1   0   0  -3   0  -1  -2  -1  -3  -2   5  -2  -3   2   0  -1  -3  -1  -3    2   4   5   3   0   2   1   1   1   1   3  53   0   1  11   4   3   0   2   1  0.60 0.23
   64 S    -2   1   6   1  -4  -2  -2   2   0  -4  -3  -1  -3  -4  -3  -1  -1  -4  -3  -4    1   7  48   7   0   0   1  18   2   0   3   3   0   0   0   3   3   0   0   1  0.75 0.30
   65 N    -1  -1   3   0  -3  -2  -2   5  -2  -4  -4   0  -3  -4  -3   0   0  -4  -3  -2    3   2  17   3   0   0   1  49   0   0   1   5   0   0   0   7   6   0   0   3  0.69 0.25
   66 K     0   1   0  -1  -2   2   0  -2   0   0   0   1  -1  -2   2  -1   0  -3  -1   0    7   8   5   1   0  15   3   2   2   7   8  12   0   1  12   2   5   0   2   6  0.14 0.09
   67 T     0   1  -1   0  -2   0  -1   0   0  -2  -2  -1   1  -2  -1   2   2  -2   2  -2    5  11   1   5   0   4   1   5   1   1   2   2   4   1   2  24  19   0  10   1  0.21 0.14
   68 R     0   2  -1  -1   0   0   0   1   0  -1   0   1  -1  -1   0   0   0   0   0  -1    6  20   2   2   2   2   5  11   3   2  11  12   1   2   4   5   4   1   3   3  0.09 0.05
   69 K    -1   0   1   0  -1   0   1   0   2  -1  -1   1  -1  -1   0   0   0  -1  -1  -1    4   5  11   6   1   4   8   8   9   5   4  13   1   3   4   3   5   1   2   5  0.07 0.03
   70 N    -2   0   7   1  -3  -1  -1  -1  -1  -3  -3  -1  -2  -1  -2  -1  -1  -3  -2  -3    2   5  58   5   1   1   2   5   1   1   2   3   1   4   1   2   2   0   1   2  0.83 0.26
   71 C    -3  -4  -2  -4  10  -4  -4  -4  -4  -3   1  -2  -3   0  -4  -3  -3  -4  -3  -3    1   1   2   1  67   1   1   1   0   1  14   3   0   5   1   1   1   0   0   1  1.90 0.47
   72 H    -3   2   1  -3  -4  -2  -1  -3   8  -3  -3  -1  -3   1  -3  -2  -3  -2   5  -2    1  12   8   1   0   0   2   1  39   1   1   2   0   5   1   1   1   0  22   3  1.02 0.34
   73 H    -2   2   0   0  -3   4   1  -3   1   0  -1   3   1  -3  -2   0  -2  -3  -2  -2    2   9   4   5   0  22   5   1   4   9   4  21   5   0   0   4   1   0   0   1  0.30 0.18
   74 S    -1  -3  -2  -3  -3  -2  -2  -3  -3  -4  -4  -2  -4  -4  -3   7   0  -4  -4  -4    1   0   0   0   0   0   1   1   0   0   1   0   0   0   0  90   3   0   0   1  1.51 0.52
   75 G    -1   1   2  -1  -3  -1   0  -1   2  -3  -2   2  -2  -3   1   2   2  -3   0  -2    3   6  13   2   0   0   3   4   6   1   2  17   0   0   6  19  14   0   4   0  0.25 0.15
   76 S     0   1   0  -2  -2   0  -1   1  -2  -3  -3   1  -3  -1  -3   4   2  -4  -1  -1    2  10   2   0   0   4   2  11   0   0   0   8   0   3   0  39  12   0   2   4  0.36 0.22
   77 Q     0   2  -1  -2  -3   2   0  -3  -1  -2  -1   0  -2  -4   4   1   1  -4  -3  -1    9  11   1   0   0  14   3   0   1   1   8   6   0   0  25   9   9   0   0   3  0.43 0.20
   78 V    -3  -5  -5  -6  -4  -4  -5  -5  -4   0   1  -5   5   6  -5  -4  -3  -3  -1   4    0   0   0   0   0   0   0   0   0   1  11   0  16  42   0   0   0   0   0  30  1.08 0.40
   79 P    -1   1   1   2  -4   3   1  -3   4  -4  -4   1  -3  -2   2   1   0  -4  -1  -4    2   9   5  12   0  15   7   0  15   0   0   6   0   1  11  11   4   0   2   0  0.42 0.20
   80 L    -3  -4  -5  -5  -3  -4  -4  -1  -4   4   3  -4   3  -2  -4  -4  -2  -4  -2   3    0   0   0   0   0   0   0   7   0  31  35   0   7   0   0   0   0   0   1  18  0.68 0.28
   81 I    -3  -4   0  -4  -3  -3  -4  -4  -4   0  -2  -3  -3  -4  -4  -1   7  -5  -4   0    0   0   5   0   0   0   0   0   0   4   2   0   0   0   0   2  79   0   0   7  1.38 0.52
   82 H    -2  -3  -1   4  -4  -1  -1  -3   2  -1  -1  -3   1   1  -3  -2   3  -3   2   0    2   0   1  31   0   2   2   0   5   3   4   0   4   6   0   0  22   0   9   7  0.41 0.25
   83 C    -4  -7  -6  -7  11  -6  -7  -4  -7  -5  -5  -7  -5  -6  -6  -4  -4  -6  -6  -4    0   0   0   0  99   0   0   1   0   0   0   0   0   0   0   0   0   0   0   0  3.73 0.83
   84 N    -3   4   4  -1  -3   1   0  -2  -1  -2  -3   3  -3  -4  -3  -1   0  -4  -2  -4    0  31  22   2   0   4   4   1   1   4   1  22   0   0   0   1   5   0   1   0  0.63 0.28
   85 L    -3   0  -2  -3  -3  -1   0  -4   3   0   4  -2   0  -1  -4  -3  -2  -3  -2   0    0   5   2   1   0   3   5   0   9   3  60   1   0   2   0   0   1   0   0   4  0.55 0.27
   86 T    -1   1  -2  -1  -3  -1  -2  -3  -1   1  -2   1  -1  -3  -3   1   5  -4  -3  -1    3   7   0   2   0   2   1   1   2  11   1  11   1   0   0   7  48   0   0   3  0.51 0.26
   87 T    -1   0   0  -1  -3  -1  -1   5  -2  -4  -3   1  -1  -4  -2   2   0  -3  -3  -3    3   4   4   2   0   2   3  44   1   1   1   8   1   0   1  21   4   0   0   1  0.56 0.22
   88 P     0   1   1  -1  -2  -1  -1   3  -2  -1  -3   0  -2  -3   3   2   0  -3  -2  -2    6  10   7   1   0   1   1  24   0   4   2   3   0   1  13  21   3   0   1   1  0.33 0.14
   89 S     0  -1  -1   0  -2  -1   0   1  -2  -3  -3  -1  -2  -3  -2   5   1  -3  -2  -2    7   3   1   4   0   1   5   8   0   1   2   1   0   1   1  52   9   0   1   1  0.51 0.23
   90 P     1   0   0  -1  -1   1   0   0  -1  -1  -1   0  -1  -1   4   0   0  -1  -1  -1   13   5   3   3   1  10   3   8   1   3   5   3   1   2  22   5   5   1   2   4  0.23 0.05
   91 Q    -1   3  -1  -1  -2   1   0   1  -1  -1  -1   0  -1   0   1  -1   0   1  -1   0    3  23   2   2   1   9   5  11   1   3   5   2   1   4   6   3   5   3   1   9  0.12 0.06
   92 N    -1   2   3  -1  -2   0   0  -2   0  -1  -2   4  -2  -2   0  -1   1  -2  -2  -1    2  10  16   2   1   1   4   2   2   3   3  32   1   1   3   2  11   0   1   4  0.29 0.13
   93 I    -1  -2  -2  -2   0  -2  -2  -2   2   2  -1  -2  -1   1   0  -2  -2   0   6  -1    5   2   1   2   2   1   2   2   6  17   4   2   1   2   6   2   2   0  39   2  0.53 0.19
   94 S    -3  -4  -3  -3  -4  -3  -3  -4  -4  -2  -4  -2  -4  -5   8   0   0  -5  -4  -4    1   0   0   0   0   0   0   1   0   3   1   2   0   0  74   8   6   0   0   1  1.89 0.48
   95 N    -1   0   5   0  -4   1  -2  -2   2  -4  -3  -1  -1  -5   4  -1   0  -5  -4  -4    6   5  38   2   0   7   0   1   5   0   2   2   1   0  22   1   4   0   0   0  0.72 0.31
   96 C    -4  -7  -6  -7  11  -6  -7  -6  -7  -5  -5  -7  -5  -6  -6  -4  -4  -6  -6  -4    0   0   0   0 100   0   0   0   0   0   0   0   0   0   0   0   0   0   0   0  3.85 0.83
   97 R     0   5   2   1  -4   1  -1  -2   1  -4  -3   2  -3  -4   1   0  -2  -4  -3  -2    9  35  10   7   0   7   2   2   3   0   1  11   0   0   5   4   1   0   0   2  0.47 0.22
   98 Y    -5  -5  -5  -7  -2  -5  -5  -6  -1  -5  -4  -5  -4   0  -6  -5  -5  -1  10  -5    0   0   0   0   1   0   0   0   0   0   0   0   0   0   0   0   0   0  99   0  3.01 0.76
   99 A    -1   3   1  -2  -4   2   0  -2   1  -3  -2   3  -2  -4  -3   1   0  -4  -3  -1    4  22   8   0   0  11   4   1   4   0   5  20   0   0   0  13   5   0   0   4  0.36 0.19
  100 Q     2  -3  -2   0  -3   1   0   0  -3  -1  -2  -2  -1  -4   0   2   4  -4  -2  -2   21   0   0   4   0   6   5   7   0   3   2   0   1   0   4  13  33   0   1   0  0.38 0.23
  101 T    -1   2   0  -1  -3  -2  -1  -2  -2  -3  -3   1  -1   3  -3   3   3  -3   0  -3    4  12   4   3   0   0   1   1   0   0   0   8   1  14   0  23  28   0   2   0  0.39 0.24
  102 P     1   1   1  -1  -3   3   0  -2   1  -1  -2   0  -2  -3   2  -1   0  -3   1  -2   15   9   7   2   0  18   3   2   5   6   1   5   0   0  11   1   6   0   7   1  0.23 0.16
  103 A     1   1  -1   0  -2   1   0   1  -2  -1   0   0  -1   0  -2   1   1  -3  -1  -2   13   8   0   4   0   8   6  12   0   3  11   3   0   4   0  17   7   0   2   0  0.11 0.10
  104 N    -2   1   3  -1  -4   2   2  -3   0  -3  -2   1  -2   1  -3   0   2  -3   1  -2    0   7  16   0   0  13  16   0   2   0   2   7   0   7   0   6  16   0   5   2  0.31 0.19
  105 M    -2   4   2  -2  -5   0   0   1   1  -4  -4   5   0  -5  -3  -2  -2  -5  -3  -4    2  24  10   0   0   2   3  11   3   0   0  41   3   0   0   0   1   0   0   0  0.73 0.30
  106 F    -3   2   1  -3  -4  -1  -2  -3   5  -3  -2   0  -2   4  -1   0  -2  -2   4  -1    0  12   6   0   0   2   0   0  21   0   1   6   0  18   3   7   1   0  19   4  0.57 0.26
  107 Y    -3  -5  -5  -5  -3  -5  -5  -6  -4   6  -1  -5  -1   2  -5  -3  -3  -3   4   3    0   0   0   0   0   0   0   0   0  53   1   0   0   7   0   1   0   0  17  21  1.05 0.38
  108 I    -2   1  -4  -5   4  -3  -4  -5  -4   4   1  -3  -1  -1  -4  -3   0  -4  -3   3    1   9   0   0  10   0   0   0   0  36  14   0   0   1   0   0   5   0   0  23  0.62 0.26
  109 V    -2  -5  -5  -6  -3  -5  -5  -6  -5   5  -1  -5   1  -3  -5  -4  -3  -5  -4   6    1   0   0   0   0   0   0   0   0  33   0   0   4   0   0   0   0   0   0  62  1.30 0.43
  110 A     5  -2  -3  -3  -3  -3  -3   0  -4  -4  -4   0  -3  -4  -3   1   3  -5  -4  -2   62   1   0   0   0   0   0   7   0   0   0   5   0   0   0   7  20   0   0   0  0.86 0.37
  111 C    -4  -7  -6  -7  11  -6  -7  -6  -7  -5  -5  -7  -5  -6  -6  -4  -4  -6  -6  -4    0   0   0   0 100   0   0   0   0   0   0   0   0   0   0   0   0   0   0   0  3.85 0.83
  112 D    -3   0   2   4  -5  -1   5  -3  -2  -5  -5  -1  -4  -5  -3  -2  -1   0  -4  -4    0   6  11  25   0   0  49   0   0   0   0   1   0   0   0   0   3   2   0   1  0.98 0.36
  113 N    -2  -3   4   1  -4  -3  -2   4  -1  -5  -5  -3  -4  -4   3  -1  -3   3  -4  -4    0   0  27   8   0   0   0  40   1   0   0   0   0   0  16   1   0   4   0   1  0.89 0.30
  114 R    -2   2   4   1  -3   2   0   2  -1  -4  -3   0  -3  -4   1   0  -1  -3  -3  -3    1  16  24   5   0   9   3  17   0   1   1   5   0   0   8   4   2   0   0   1  0.38 0.16
  115 D     0   0   1   1  -1   1   0  -1   0  -1  -1   0  -1  -1   0   0   1   3   1  -1    6   5   7  11   1  11   3   4   1   3   5   5   1   2   4   4  10   6   7   3  0.10 0.03
  116 Q     0   0   0   0  -1   2   1  -1  -1  -1  -1   0  -1  -1   4   0   0  -1  -1  -1    5   3   3   3   1  14   8   5   1   3   6   7   1   2  20   6   4   1   2   4  0.23 0.04
  117 R     0   0   0   0  -1   1   0   1   0   0   0   0   1  -1   0   0   0   0   0   0    6   6   3   4   1   6   5  13   2   4   8   8   7   3   4   5   6   1   2   6  0.03 0.00
  118 R     0   2   0   1  -1   2   0  -1   0  -1  -1   1  -1  -1   0   0   0  -1  -1  -1    5  13   3  12   1  12   4   5   1   3   6  10   1   3   3   5   4   1   2   4  0.09 0.02
  119 D     0   0   0   3  -1   0   1   0   0  -1  -1   1  -1  -1   0   0   0  -1  -1  -1    6   4   3  22   1   3   6   5   2   4   7   9   2   3   4   8   4   1   2   5  0.10 0.01
  120 P     0   0   0   1  -1   0   0   0   0  -1   0   0   0  -1   2   1   0  -1  -1  -1    6   5   3   8   1   3   5   5   2   4  12   4   2   3   9  15   6   1   2   5  0.06 0.01
  121 P     0  -1  -1  -1  -1   0   0  -1  -1   0  -1  -1  -1  -1   5   0   0  -1  -1  -1    5   3   3   3   1   4   4   5   1   8   6   4   1   2  33   5   4   1   2   4  0.40 0.05
  122 Q     0   0   0   0  -1   1   0   0  -1  -1  -1   0   1  -1   3   0   0  -1  -1  -1    5   6   3   3   1  10   6   8   1   3   6   4   8   2  16   5   5   1   2   4  0.14 0.02
  123 Y    -1  -1  -1  -1  -1  -1  -1  -1   1  -1  -1  -1  -1   1  -1  -1   0   0   5  -1    5   3   3   3   1   3   4   5   3   3   6   4   1   4   3   4   5   1  36   4  0.29 0.06
  124 P    -1  -1  -1  -2  -2  -1  -1  -2   1  -2  -2   0  -2  -2   7  -1  -1  -2  -2  -2    3   2   2   2   1   3   2   3   3   2   3   7   1   1  56   4   2   0   1   2  1.06 0.18
  125 V    -1  -1  -2  -2  -1   0  -1  -2  -1   1   1  -1   0   1  -2  -1  -1  -1   3   2    3   2   1   2   1   5   5   2   1   7  19   2   1   4   2   5   2   0  18  19  0.14 0.07
  126 V    -2  -3  -3  -4  -2  -3  -3  -4  -3   1   2  -3   0  -2  -3  -3  -1  -3  -2   5    1   1   1   1   0   1   1   1   0   1  24   1   0   1   1   1   1   0   0  64  0.71 0.23
  127 P    -3  -5  -4  -4  -5  -4  -4  -5  -5  -5  -5  -3  -5  -6   9  -3  -4  -6  -5  -5    0   0   0   0   0   0   0   0   0   0   0   0   0   0  99   0   0   0   0   0  2.92 0.53
  128 V    -2  -5  -5  -5  -3  -4  -5  -5  -5   1  -1  -5  -1  -3  -5  -4  -2  -5  -3   7    0   0   0   0   0   0   0   0   0   0   0   0   0   0   0   0   0   0   0 100  1.62 0.44
  129 H    -4  -3  -2  -4  -6  -2  -3  -5  11  -6  -6  -3  -4  -4  -5  -4  -4  -5  -1  -6    0   0   0   0   0   0   0   0 100   0   0   0   0   0   0   0   0   0   0   0  3.07 0.60
  130 L    -4  -4  -5  -5  -4  -4  -5  -5  -3  -1   4  -4  -1   6  -5  -4  -3  -2   2  -2    0   0   0   0   0   0   0   0   0   0  48   0   0  46   0   0   0   0   6   0  1.12 0.31
  131 D    -4  -4   0   8  -6  -2   0  -3  -3  -5  -6  -3  -5  -6  -4  -2  -3  -6  -5  -5    0   0   0  95   0   0   2   0   0   0   0   0   0   0   0   0   0   0   0   0  1.93 0.39
  132 R     2   2  -1  -1  -3   1   2   1  -2  -3  -2   2  -2  -3  -2   0   0  -3  -3  -2   29  12   1   2   0   4  14  12   0   0   2  13   0   0   0   5   6   0   0   0  0.27 0.11
  133 I     0  -2  -1  -2  -2  -2  -2  -2  -3   2  -1  -2  -1  -3  -3   4   3  -4  -2   1    2   1   0   0   0   0   0   0   0  16   2   0   0   0   0  45  20   0   1  12  0.44 0.19
  134 I    -2  -4  -4  -5  -2  -4  -4  -5  -4   4   1  -4   0   4  -4  -3  -2  -3  -1   4    0   0   0   0   0   0   0   0   0  25   9   0   0  22   0   0   0   0   0  44  0.67 0.19

                      K         Lambda
Standard Ungapped    0.1315     0.3219
Standard Gapped      0.0468     0.2670
PSI Ungapped         0.1529     0.3175
PSI Gapped           0.0468     0.2670
