
Last position-specific scoring matrix computed, weighted observed percentages rounded down, information per position, and relative weight of gapless real matches to pseudocounts
            A   R   N   D   C   Q   E   G   H   I   L   K   M   F   P   S   T   W   Y   V   A   R   N   D   C   Q   E   G   H   I   L   K   M   F   P   S   T   W   Y   V
    1 G     0  -3   0  -2  -3  -2  -2   6  -2  -4  -4  -2  -3  -4  -2   0  -2  -3  -3  -4    0   0   0   0   0   0   0 100   0   0   0   0   0   0   0   0   0   0   0   0  1.04 0.00
    2 E     2  -2  -2  -1  -2   0   2  -1  -2  -3  -3  -1  -2  -4   6   0  -1  -4  -3  -2   28   0   0   0   0   0  20   0   0   0   0   0   0   0  52   0   0   0   0   0  0.90 0.01
    3 I    -1  -3  -4  -4  -1  -3  -3  -4  -4   4   1  -3   1   0  -3  -2  -1  -3  -2   3    0   0   0   0   0   0   0   0   0  68   0   0   0   0   0   0   0   0   0  32  0.37 0.01
    4 L    -1  -3  -4  -4  -1  -2  -3  -4  -3   2   4  -3   2   0  -3  -3  -1  -2  -1   2    0   0   0   0   0   0   0   0   0   0  80   0   0   0   0   0   0   0   0  20  0.39 0.01
    5 C    -1  -4  -3  -4  10  -3  -4  -3  -3  -1  -2  -4  -2  -3  -3  -1  -1  -3  -3  -1    0   0   0   0 100   0   0   0   0   0   0   0   0   0   0   0   0   0   0   0  1.28 0.02
    6 N    -2  -1   5   1  -3   0  -1  -1   0  -4  -4  -1  -3  -4   5   0   0  -4  -3  -3    0   0  68   0   0   0   0   0   0   0   0   0   0   0  32   0   0   0   0   0  0.78 0.01
    7 L    -1  -3  -4  -4  -1  -2  -3  -4  -3   2   4  -3   2   0  -3  -2  -1  -2  -1   2    0   0   0   0   0   0   0   0   0   0  68   0   0   0   0   0   0   0   0  32  0.36 0.00
    8 C    -1  -4  -3  -4  10  -3  -4  -3  -3  -1  -2  -4  -2  -3  -3  -1  -1  -3  -3  -1    0   0   0   0 100   0   0   0   0   0   0   0   0   0   0   0   0   0   0   0  1.28 0.02
    9 T     0   0   0  -1  -2   0   0  -2  -2  -1  -2   2  -1  -3  -1   1   4  -3  -2  -1    0   0   0   0   0   0   0   0   0   0   0  28   0   0   0   0  72   0   0   0  0.35 0.01
   10 G     0  -2   1   3  -2  -1   0   4  -2  -4  -4  -1  -3  -3  -2   2   0  -3  -3  -3    0   0   0  28   0   0   0  40   0   0   0   0   0   0   0  32   0   0   0   0  0.47 0.00
   11 L    -1  -2  -2  -3  -1  -2  -2  -3  -3   1   4  -2   2   0  -3  -1   2  -2  -1   1    0   0   0   0   0   0   0   0   0   0  72   0   0   0   0   0  28   0   0   0  0.29 0.01
   12 I    -1  -3  -3  -4  -1  -3  -3  -4  -4   4   1  -3   1  -1  -3  -2   0  -3  -1   4    0   0   0   0   0   0   0   0   0  40   0   0   0   0   0   0   0   0   0  60  0.35 0.01
   13 N    -1   0   4   0  -3   0   0   3  -1  -4  -4   2  -2  -4  -2   0  -1  -4  -3  -3    0   0  40   0   0   0   0  32   0   0   0  28   0   0   0   0   0   0   0   0  0.43 0.00
   14 T    -1   0  -1  -2  -2   0  -1  -2  -2   0   1   2   0  -2  -2   0   3  -3  -2   0    0   0   0   0   0   0   0   0   0   0  28  32   0   0   0   0  40   0   0   0  0.17 0.00
   15 L    -1  -3  -4  -4  -1  -2  -3  -4  -3   2   4  -3   2   0  -3  -3  -1  -2  -1   2    0   0   0   0   0   0   0   0   0   0  72   0   0   0   0   0   0   0   0  28  0.37 0.00
   16 E    -1  -1  -1   1  -3   1   4  -3  -1   1  -1   0  -1  -2  -2  -1  -1  -3  -2   0    0   0   0   0   0   0  68   0   0  32   0   0   0   0   0   0   0   0   0   0  0.34 0.01
   17 N    -2  -1   6   4  -3   0   0  -1   0  -4  -4   0  -3  -4  -2   0   0  -4  -3  -3    0   0  68  32   0   0   0   0   0   0   0   0   0   0   0   0   0   0   0   0  0.67 0.01
   18 L    -2  -2  -4  -4  -1  -2  -3  -4  -3   2   4  -3   2   0  -3  -3  -1  -2  -1   1    0   0   0   0   0   0   0   0   0   0 100   0   0   0   0   0   0   0   0   0  0.47 0.01
   19 L    -1  -3  -4  -4  -1  -2  -3  -4  -3   2   4  -3   2   0  -3  -2  -1  -2  -1   2    0   0   0   0   0   0   0   0   0   0  68   0   0   0   0   0   0   0   0  32  0.36 0.00
   20 T    -1  -2  -1  -2  -1  -1  -2  -2  -2   0   2  -1   0  -1  -2   1   4  -2  -2   0    0   0   0   0   0   0   0   0   0   0  32   0   0   0   0   0  68   0   0   0  0.29 0.01
   21 T     0  -2  -1  -2  -1  -2  -2   3  -2   0  -1  -2  -1  -2  -2   0   3  -3  -2   1    0   0   0   0   0   0   0  32   0   0   0   0   0   0   0   0  40   0   0  28  0.25 0.00
   22 K    -1   0   0   3  -3   0   0   3  -1  -4  -4   3  -2  -4  -2   0  -1  -4  -3  -3    0   0   0  28   0   0   0  32   0   0   0  40   0   0   0   0   0   0   0   0  0.40 0.00
   23 G     2  -2  -1  -2  -2  -2  -2   5  -2  -3  -3  -1  -2  -3  -2   0  -1  -3  -3  -2   32   0   0   0   0   0   0  68   0   0   0   0   0   0   0   0   0   0   0   0  0.67 0.01
   24 A     4  -2  -2  -2  -1  -1  -1  -1  -2   1  -1  -1   0  -2  -1   1   0  -3  -2   2   68   0   0   0   0   0   0   0   0   0   0   0   0   0   0   0   0   0   0  32  0.25 0.01
   25 D    -2  -1   1   6  -4   3   2  -2  -1  -3  -4   0  -2  -4  -2   0  -1  -4  -3  -3    0   0   0  72   0  28   0   0   0   0   0   0   0   0   0   0   0   0   0   0  0.70 0.01
   26 K     2   2  -1  -1  -2   1   0  -1  -1  -3  -2   4  -1  -3  -1   0  -1  -3  -2  -2   28   0   0   0   0   0   0   0   0   0   0  72   0   0   0   0   0   0   0   0  0.35 0.01
   27 V     0  -3  -3  -4  -1  -3  -3  -4  -4   3   1  -3   1  -1  -3  -2   0  -3  -1   4    0   0   0   0   0   0   0   0   0   0   0   0   0   0   0   0   0   0   0 100  0.37 0.01
   28 K    -1   4   0  -1  -3   1   0  -2  -1  -2  -2   3  -1  -3  -2   0   2  -3  -2  -2    0  28   0   0   0   0   0   0   0   0   0  40   0   0   0   0  32   0   0   0  0.36 0.00
   29 D    -2  -1   1   6  -4   3   2  -2  -1  -3  -4   0  -2  -4  -2   0  -1  -4  -3  -3    0   0   0  72   0  28   0   0   0   0   0   0   0   0   0   0   0   0   0   0  0.70 0.01
   30 Y    -2  -2  -2  -4  -3  -2  -2  -4   2  -2  -1  -2  -1   3  -3  -2  -2   2   8  -1    0   0   0   0   0   0   0   0   0   0   0   0   0   0   0   0   0   0 100   0  0.91 0.01
   31 I    -2  -3  -4  -4  -1  -3  -4  -4  -4   4   3  -3   2   0  -3  -3  -1  -3  -1   2    0   0   0   0   0   0   0   0   0  68  32   0   0   0   0   0   0   0   0   0  0.37 0.01
   32 S    -1  -1   1   5  -3   1   3  -1  -1  -3  -4   0  -3  -4  -1   1   0  -4  -3  -3    0   0   0  48   0   0  32   0   0   0   0   0   0   0   0  20   0   0   0   0  0.56 0.01
   33 S     0  -1   3   0  -1   0   0  -1  -1  -2  -3   0  -2  -3  -1   3   3  -3  -2  -1    0   0  28   0   0   0   0   0   0   0   0   0   0   0   0  40  32   0   0   0  0.36 0.01
   34 L    -2  -2  -4  -4  -1  -2  -3  -4  -3   2   4  -3   2   0  -3  -3  -1  -2  -1   1    0   0   0   0   0   0   0   0   0   0 100   0   0   0   0   0   0   0   0   0  0.47 0.01
   35 C    -1  -4  -3  -4  10  -3  -4  -3  -3  -1  -2  -4  -2  -3  -3  -1  -1  -3  -3  -1    0   0   0   0 100   0   0   0   0   0   0   0   0   0   0   0   0   0   0   0  1.28 0.02
   36 N     2  -1   4   0  -2  -1  -1   3  -1  -3  -3  -1  -2  -3  -2   1   0  -3  -3  -2   32   0  40   0   0   0   0  28   0   0   0   0   0   0   0   0   0   0   0   0  0.39 0.00
   37 K    -1   2   0  -1  -4   1   1  -2  -1  -3  -3   5  -2  -4  -1   0  -1  -3  -2  -3    0   0   0   0   0   0   0   0   0   0   0 100   0   0   0   0   0   0   0   0  0.54 0.01
   38 A     5  -2  -2  -2  -1  -1  -1   0  -2  -2  -2  -1  -1  -3  -1   1   0  -3  -2   0  100   0   0   0   0   0   0   0   0   0   0   0   0   0   0   0   0   0   0   0  0.42 0.01
   39 S     0  -1   1   4  -2   0   1  -1  -1  -3  -3   0  -2  -3  -1   4   1  -4  -2  -2    0   0   0  32   0   0   0   0   0   0   0   0   0   0   0  68   0   0   0   0  0.43 0.01
   40 G     0  -3  -1  -2  -3  -2  -2   6  -2  -4  -4  -2  -3  -4  -2   0  -2  -3  -4  -4    0   0   0   0   0   0   0 100   0   0   0   0   0   0   0   0   0   0   0   0  1.06 0.01
   41 F    -2  -3  -4  -4  -2  -3  -4  -4  -2   1   2  -3   1   6  -4  -3  -2   0   2   0    0   0   0   0   0   0   0   0   0   0  32   0   0  68   0   0   0   0   0   0  0.53 0.01
   42 I    -1  -3  -4  -4  -1  -3  -3  -4  -4   3   3  -3   1   0  -3  -2  -1  -3  -1   3    0   0   0   0   0   0   0   0   0  40  28   0   0   0   0   0   0   0   0  32  0.33 0.00
   43 A     2  -1  -1   0  -2   0   3   3  -1  -3  -3   0  -2  -3  -1   0  -1  -3  -2  -2   40   0   0   0   0   0  32  28   0   0   0   0   0   0   0   0   0   0   0   0  0.34 0.00
   44 T     0  -1   0  -1  -1  -1  -1  -2  -2  -1  -1  -1  -1  -2  -1   2   5  -3  -2   0    0   0   0   0   0   0   0   0   0   0   0   0   0   0   0   0 100   0   0   0  0.50 0.01
   45 L    -2  -2  -4  -4  -1  -2  -3  -4  -3   2   4  -3   2   0  -3  -3  -1  -2  -1   1    0   0   0   0   0   0   0   0   0   0 100   0   0   0   0   0   0   0   0   0  0.47 0.01
   46 C    -1  -4  -3  -4  10  -3  -4  -3  -3  -1  -2  -4  -2  -3  -3  -1  -1  -3  -3  -1    0   0   0   0 100   0   0   0   0   0   0   0   0   0   0   0   0   0   0   0  1.28 0.02
   47 T     0  -1   0   0  -2   0   2  -2  -1  -1  -2   0  -1  -3  -1   1   4  -3  -2  -1    0   0   0   0   0   0  28   0   0   0   0   0   0   0   0   0  72   0   0   0  0.39 0.01
   48 K    -1   2   0  -1  -4   1   1  -2  -1  -3  -3   5  -2  -4  -1   0  -1  -3  -2  -3    0   0   0   0   0   0   0   0   0   0   0 100   0   0   0   0   0   0   0   0  0.54 0.01
   49 V    -1  -3  -4  -4  -1  -3  -3  -4  -4   4   1  -3   1  -1  -3  -2  -1  -3  -1   4    0   0   0   0   0   0   0   0   0  60   0   0   0   0   0   0   0   0   0  40  0.36 0.01
   50 L    -1  -3  -4  -4  -1  -2  -3  -4  -3   2   4  -3   2   0  -3  -2  -1  -2  -1   2    0   0   0   0   0   0   0   0   0   0  68   0   0   0   0   0   0   0   0  32  0.36 0.00
   51 D     0  -1   1   4  -2   0   1  -1  -1  -3  -3   0  -2  -3  -1   3   1  -4  -3  -2    0   0   0  40   0   0   0   0   0   0   0   0   0   0   0  60   0   0   0   0  0.46 0.01
   52 F    -2  -3  -3  -4  -3  -3  -3  -4   0  -1   0  -3   0   6  -4  -2  -2   2   5  -1    0   0   0   0   0   0   0   0   0   0   0   0   0  68   0   0   0   0  32   0  0.71 0.01
   53 G     0  -3  -1  -2  -3  -2  -2   6  -2  -4  -4  -2  -3  -4  -2   0  -2  -3  -4  -4    0   0   0   0   0   0   0 100   0   0   0   0   0   0   0   0   0   0   0   0  1.06 0.01
   54 I    -1  -3  -3  -4  -1  -3  -3  -4  -4   4   1  -3   1  -1  -3  -2   0  -3  -1   4    0   0   0   0   0   0   0   0   0  52   0   0   0   0   0   0   0   0   0  48  0.36 0.01
   55 D    -2  -2   1   7  -4   0   2  -2  -1  -4  -4  -1  -4  -4  -2   0  -1  -5  -4  -4    0   0   0 100   0   0   0   0   0   0   0   0   0   0   0   0   0   0   0   0  0.96 0.01
   56 K    -1   2   0   0  -4   2   3  -2  -1  -3  -3   4  -2  -4  -1   0  -1  -3  -2  -3    0   0   0   0   0   0  28   0   0   0   0  72   0   0   0   0   0   0   0   0  0.49 0.01
   57 L    -2  -2  -4  -4  -1  -2  -3  -4  -3   2   4  -3   2   0  -3  -3  -1  -2  -1   1    0   0   0   0   0   0   0   0   0   0 100   0   0   0   0   0   0   0   0   0  0.47 0.01
   58 I    -1  -3  -4  -4  -1  -3  -3  -4  -4   4   1  -3   1   0  -3  -2  -1  -3  -2   3    0   0   0   0   0   0   0   0   0  72   0   0   0   0   0   0   0   0   0  28  0.37 0.01
   59 Q    -1   1   0   0  -4   4   3  -2   0  -3  -3   3  -1  -4  -1   0  -1  -3  -2  -3    0   0   0   0   0  40  32   0   0   0   0  28   0   0   0   0   0   0   0   0  0.51 0.01
   60 L    -1   0  -2  -3  -2  -1  -1  -3  -2   1   3   2   1   0  -2  -2  -1  -2  -1   0    0   0   0   0   0   0   0   0   0   0  68  32   0   0   0   0   0   0   0   0  0.22 0.01
   61 I    -2  -3  -4  -4  -1  -3  -4  -4  -4   5   2  -3   1   0  -3  -3  -1  -3  -2   3    0   0   0   0   0   0   0   0   0 100   0   0   0   0   0   0   0   0   0   0  0.41 0.01
   62 E    -1  -1  -1   1  -3   1   5  -3  -1  -1   1   0   0  -2  -2  -1  -1  -3  -2  -1    0   0   0   0   0   0  68   0   0   0  32   0   0   0   0   0   0   0   0   0  0.36 0.01
   63 D    -2  -1   4   5  -4   1   3  -1   0  -4  -4   0  -3  -4  -2   0  -1  -4  -3  -3    0   0  28  40   0   0  32   0   0   0   0   0   0   0   0   0   0   0   0   0  0.59 0.01
   64 K    -1   1   0  -1  -3   0   0   3   5  -4  -3   3  -2  -3  -2   0  -1  -3  -1  -3    0   0   0   0   0   0   0  32  28   0   0  40   0   0   0   0   0   0   0   0  0.38 0.01
   65 V     0  -3  -2  -3  -1  -2  -3   3  -3   2   0  -2   0  -2  -3  -1  -1  -3  -2   3    0   0   0   0   0   0   0  32   0   0   0   0   0   0   0   0   0   0   0  68  0.26 0.01
   66 D    -1  -2   1   6  -3   0   1  -1  -1  -3  -4  -1  -3  -4  -1   2   0  -4  -3  -3    0   0   0  68   0   0   0   0   0   0   0   0   0   0   0  32   0   0   0   0  0.62 0.01
   67 A     4  -2  -2  -2  -1  -1  -1   0  -2  -2  -2  -1  -2  -3   5   1   0  -3  -2  -1   72   0   0   0   0   0   0   0   0   0   0   0   0   0  28   0   0   0   0   0  0.57 0.01
   68 N    -1   0   4   0  -2   0   0  -2  -1   0  -2   2  -1  -3  -2   0   0  -4  -2   1    0   0  40   0   0   0   0   0   0   0   0  32   0   0   0   0   0   0   0  28  0.21 0.00
   69 A     2  -2  -3  -3  -1  -2  -2  -2  -3   1   2  -2   1  -1  -2   0   0  -3  -2   2   40   0   0   0   0   0   0   0   0   0  32   0   0   0   0   0   0   0   0  28  0.18 0.00
   70 I    -1  -3  -4  -4  -1  -3  -3  -4  -4   4   1  -3   1   0  -3  -2  -1  -3  -2   3    0   0   0   0   0   0   0   0   0  72   0   0   0   0   0   0   0   0   0  28  0.37 0.01
   71 C    -1  -4  -3  -4  10  -3  -4  -3  -3  -1  -2  -4  -2  -3  -3  -1  -1  -3  -3  -1    0   0   0   0 100   0   0   0   0   0   0   0   0   0   0   0   0   0   0   0  1.28 0.02
   72 A     2  -1  -1   0  -2   0   2   3  -1  -3  -3   0  -2  -3  -1   0  -1  -3  -3  -2   40   0   0   0   0   0  28  32   0   0   0   0   0   0   0   0   0   0   0   0  0.35 0.00
   73 K    -1   1  -1  -2  -3   1   0  -2  -1  -1   1   4   0  -2  -2  -1  -1  -3  -2  -1    0   0   0   0   0   0   0   0   0   0  32  68   0   0   0   0   0   0   0   0  0.25 0.01
   74 I    -2  -3  -4  -4  -1  -3  -4  -4  -4   5   2  -3   1   0  -3  -3  -1  -3  -2   3    0   0   0   0   0   0   0   0   0 100   0   0   0   0   0   0   0   0   0   0  0.41 0.01
   75 H    -2   0   1  -1  -3   0   0  -2   9  -4  -3  -1  -2  -1  -3  -1  -2  -3   2  -4    0   0   0   0   0   0   0   0 100   0   0   0   0   0   0   0   0   0   0   0  0.92 0.02
   76 A     5  -2  -2  -2  -1  -1  -1   0  -2  -2  -2  -1  -1  -3  -1   1   0  -3  -2   0  100   0   0   0   0   0   0   0   0   0   0   0   0   0   0   0   0   0   0   0  0.42 0.01
   77 C    -1  -4  -3  -4  10  -3  -4  -3  -3  -1  -2  -4  -2  -3  -3  -1  -1  -3  -3  -1    0   0   0   0 100   0   0   0   0   0   0   0   0   0   0   0   0   0   0   0  1.28 0.02

                      K         Lambda
Standard Ungapped    0.1390     0.3230
Standard Gapped      0.0410     0.2670
PSI Ungapped         0.1390     0.3230
PSI Gapped           0.0410     0.2670
