
Last position-specific scoring matrix computed, weighted observed percentages rounded down, information per position, and relative weight of gapless real matches to pseudocounts
            A   R   N   D   C   Q   E   G   H   I   L   K   M   F   P   S   T   W   Y   V   A   R   N   D   C   Q   E   G   H   I   L   K   M   F   P   S   T   W   Y   V
    1 K    -2   5  -1  -2  -4   1   0  -2  -1  -4  -3   5  -2  -4  -2  -1  -1  -4  -2  -3    0  42   0   0   0   0   0   0   0   0   0  58   0   0   0   0   0   0   0   0  0.74 0.08
    2 T    -1  -2  -1  -2  -2  -1   0  -3   1   2   0  -1   0  -2  -2   0   4  -3  -2   1    0   0   0   0   0   0   5   0   5  16   8   0   0   0   0   0  60   0   0   5  0.33 0.07
    3 C    -1  -5  -4  -5  10  -4  -5  -4  -4  -2  -2  -4  -2  -3  -4  -2  -2  -3  -4  -2    0   0   0   0 100   0   0   0   0   0   0   0   0   0   0   0   0   0   0   0  2.03 0.17
    4 E    -1  -1   1   1  -4   1   5  -2  -1  -3  -1   1  -2  -3  -2  -1  -1  -3  -3  -2    5   0   8   0   0   0  68   0   0   0  10   8   0   0   0   0   0   0   0   0  0.54 0.08
    5 N     0  -1   4   0  -2   0  -1  -1   4  -3  -3  -1  -2  -3  -2   3   2  -4  -1  -2    8   0  31   0   0   0   0   0  16   0   0   0   0   0   0  32  14   0   0   0  0.40 0.06
    6 L    -2   1  -2  -3  -2   3  -1  -3  -2   0   3   0   1  -1  -3  -1  -1  -2  -2   0    0   8   0   0   0  22   0   0   0   0  59   5   0   0   0   6   0   0   0   0  0.27 0.06
    7 V     2  -2   0  -1  -1  -1  -1  -1  -2  -2  -3  -1  -2  -3  -1   5   1  -3  -2  -1   22   0   0   0   0   0   0   0   0   0   0   0   0   0   0  73   0   0   0   5  0.51 0.09
    8 D    -2  -2   1   5  -4   1   0   2   5  -4  -4  -1  -3  -3  -2  -1  -2  -4  -1  -4    0   0   6  43   0   5   0  19  27   0   0   0   0   0   0   0   0   0   0   0  0.60 0.07
    9 T    -1   4   1  -1  -3   0  -1  -2  -1  -2  -1   2  -1  -3  -2   1   2  -3  -2  -2    0  36   8   0   0   0   0   0   0   0   6  15   0   0   0  11  25   0   0   0  0.34 0.05
   10 Y    -3  -3  -4  -4  -3  -3  -4  -4  -1  -1   0  -4  -1   7  -4  -3  -3   1   5  -2    0   0   0   0   0   0   0   0   0   0   0   0   0  73   0   0   0   0  27   0  1.05 0.11
   11 R    -1   3   1  -1  -4   1   0  -2   1  -3  -3   5  -2  -4  -2   0  -1  -4  -2  -3    0  21   6   0   0   0   0   0   5   0   0  61   0   0   0   8   0   0   0   0  0.54 0.07
   12 G     0  -3  -1  -2  -3  -3  -3   7  -3  -5  -5  -2  -4  -4  -3  -1  -2  -3  -4  -4    0   0   0   0   0   0   0 100   0   0   0   0   0   0   0   0   0   0   0   0  1.35 0.11
   13 P    -1  -2  -2  -2  -2  -2  -2  -3  -3   0   0  -1  -1  -2   6  -1   1  -4  -3   1    0   0   0   0   0   0   0   0   0   0  12   5   0   0  48   0  13   0   0  22  0.77 0.07
   14 C    -1  -5  -4  -5  10  -4  -5  -4  -4  -2  -2  -4  -2  -3  -4  -2  -2  -3  -4  -2    0   0   0   0 100   0   0   0   0   0   0   0   0   0   0   0   0   0   0   0  2.03 0.17
   15 F    -2  -3  -3  -4  -2  -3  -3  -4  -3   2   2  -3   1   4  -3  -2   0  -1   1   2    0   0   0   0   0   0   0   0   0  18  28   0   0  31   0   0   5   0   0  18  0.35 0.05
   16 T     0   1   0  -1  -2  -1  -1   1  -1  -2  -3   0  -2  -3   2   3   2  -3  -2  -2    0  10   0   0   0   0   0  11   0   0   1   0   0   0   9  44  21   0   0   0  0.34 0.05
   17 T     0  -1   3   3  -2   0   1  -1  -1  -2  -3   0  -2  -3  -1   2   2  -3  -2  -2    4   0  16  24   0   0   5   0   0   0   1   5   0   0   0  19  23   0   0   0  0.33 0.04
   18 G     1   1   1  -1  -2   0  -1   2   1  -3  -3   1  -2  -3  -2   2   1  -3  -2  -2   16   8   8   0   0   0   0  20   5   0   0  10   0   0   0  23  10   0   0   0  0.25 0.03
   19 S    -1  -1   6   2  -3  -1  -1   1   0  -4  -4  -1  -3  -4  -2   2   0  -4  -3  -3    0   0  65   8   0   0   0   6   0   0   0   0   0   0   0  21   0   0   0   0  0.69 0.09
   20 C    -1  -5  -4  -5  10  -4  -5  -4  -4  -2  -2  -4  -2  -3  -4  -2  -2  -3  -4  -2    0   0   0   0 100   0   0   0   0   0   0   0   0   0   0   0   0   0   0   0  2.03 0.17
   21 D     2  -2   2   4  -2  -1   1   1  -2  -3  -3  -1  -2  -3  -2   0  -1  -4  -3  -2   37   0   9  37   0   0   5  12   0   0   0   0   0   0   0   0   0   0   0   0  0.41 0.06
   22 D    -1   1   4   3  -3   0   0  -1   3  -1  -3   1  -2  -3  -2   1  -1  -4  -2  -2    0   6  31  21   0   0   0   0  10   8   0   9   0   0   0  14   0   0   0   0  0.33 0.05
   23 H    -1  -2  -1  -3  -2  -1  -2  -3   7   1  -1  -2  -1  -2  -3  -2  -1  -3   0   3    0   0   0   0   0   0   0   0  46   8   0   0   0   0   0   0   0   0   0  45  0.54 0.09
   24 C    -1  -5  -4  -5  10  -4  -5  -4  -4  -2  -2  -4  -2  -3  -4  -2  -2  -3  -4  -2    0   0   0   0 100   0   0   0   0   0   0   0   0   0   0   0   0   0   0   0  2.03 0.17
   25 K    -2   4   0  -1  -4   2   1  -3   5  -4  -3   3  -2  -3  -2  -1  -2  -3  -1  -3    0  29   0   0   0  13   5   0  28   0   0  25   0   0   0   0   0   0   0   0  0.56 0.07
   26 N    -1  -1   5   2  -2   1   1  -1   0  -3  -3   0  -2  -3  -2   1   2  -3  -2  -2    1   0  45  11   0   9   5   1   0   0   1   0   0   0   0   5  21   0   0   1  0.43 0.06
   27 K    -1   2   0  -1  -2   1   0  -1  -1   0  -1   2   0   1  -1   0  -1  -1   0  -1    3  10   7   2   1   8   2   3   1  12   3  27   1  10   2   3   2   1   1   2  0.08 0.01
   28 E     0  -1  -1   1  -4   1   6  -3  -1  -4  -4   0  -3  -4  -2  -1  -1  -4  -3  -3    7   0   0   0   0   0  93   0   0   0   0   0   0   0   0   0   0   0   0   0  0.94 0.11
   29 H    -1   1   0  -2  -4  -1  -1   4   7  -4  -4  -1  -3  -3  -3  -1  -2  -3   0  -4    0  10   0   0   0   0   0  42  48   0   0   0   0   0   0   0   0   0   0   0  0.78 0.09
   30 L    -1  -3  -4  -4  -2  -3  -4  -4  -2   0   2  -3   0   6  -4  -3  -2   0   2  -1    6   0   0   0   0   0   0   0   0   0  31   0   0  62   0   0   0   0   0   0  0.64 0.08
   31 L    -1  -2   0   0  -2  -2  -2  -1  -2   2   2  -2   0  -1   0   1   1  -3  -2   1    0   0   4   8   0   0   0   5   0  18  24   0   0   0   5  15   8   0   0  12  0.09 0.02
   32 S     0  -2   0   2  -2  -1  -1   4  -2  -4  -4  -1  -3  -3  -2   3   0  -3  -3  -3    0   0   0  13   0   0   0  40   0   0   0   0   0   0   0  46   0   0   0   0  0.55 0.07
   33 G     0  -3  -1  -2  -3  -3  -3   7  -3  -5  -5  -2  -4  -4  -3  -1  -2  -3  -4  -4    0   0   0   0   0   0   0 100   0   0   0   0   0   0   0   0   0   0   0   0  1.35 0.11
   34 R    -1   2   2   1  -3   0   0  -2   3  -2  -2   1  -2  -3  -2   1   1  -3  -1   0    0  20  14  11   0   0   0   0  13   0   0   9   0   0   0   8  16   0   0  10  0.22 0.04
   35 C    -1  -5  -4  -5  10  -4  -5  -4  -4  -2  -2  -4  -2  -3  -4  -2  -2  -3  -4  -2    0   0   0   0 100   0   0   0   0   0   0   0   0   0   0   0   0   0   0   0  2.03 0.17
   36 R    -2   5  -1  -2  -4   0   1  -3   3  -1  -2   1   1  -3  -3  -1  -2  -3  -1  -2    0  63   0   0   0   0   8   0  12   8   0   0   8   0   0   0   0   0   0   0  0.55 0.08
   37 D     0  -2   0   3  -3  -1   0   4  -2  -3  -3  -1  -2   1  -2  -1  -1  -2  -2  -2    6   1   1  31   0   1   1  42   0   1   1   1   0   9   1   1   1   0   0   1  0.42 0.04
   38 D    -2   5   0   5  -4   0   0  -2  -1  -4  -4   2  -3  -4  -2  -1  -2  -4  -3  -3    0  45   0  46   0   0   0   0   0   0   0   8   0   0   0   0   0   0   0   0  0.71 0.08
   39 V    -2   4  -2  -3  -3  -1  -2  -3  -1  -1   0   0   2   4  -3  -2  -2   4   0  -1    0  46   0   0   0   0   0   0   0   0   8   0   8  26   0   0   0   7   0   5  0.41 0.07
   40 R     0   6  -1  -2  -4   2   0  -3  -1  -4  -3   2  -2  -4  -3  -1  -2  -3  -2  -3    8  77   0   0   0   8   0   0   0   0   0   7   0   0   0   0   0   0   0   0  0.80 0.09
   41 C    -1  -5  -4  -5  10  -4  -5  -4  -4  -2  -2  -4  -2  -3  -4  -2  -2  -3  -4  -2    0   0   0   0 100   0   0   0   0   0   0   0   0   0   0   0   0   0   0   0  2.03 0.17
   42 W    -3  -3  -4  -5  -3  -3  -4  -4  -2  -1   0  -4   2   5  -4  -3  -3   9   3  -2    0   0   0   0   0   0   0   0   0   0   6   0   8  42   0   0   0  39   5   0  1.21 0.10
   43 C    -1  -5  -4  -5  10  -4  -5  -4  -4  -2  -2  -4  -2  -3  -4  -2  -2  -3  -4  -2    0   0   0   0 100   0   0   0   0   0   0   0   0   0   0   0   0   0   0   0  2.03 0.17
   44 T     0  -2   2  -1  -2  -1  -1  -2  -2  -2  -2  -1  -1  -3  -2   1   6  -3  -2  -1    8   0  10   0   0   0   0   0   0   0   0   0   0   0   0   0  82   0   0   0  0.63 0.10
   45 R    -2   5   1  -1  -4   2   0  -2   2  -3  -3   3  -2  -3  -2  -1   0  -3  -2  -3    0  47   5   0   0   7   0   0   8   0   0  28   0   0   0   0   5   0   0   0  0.56 0.07
   46 N    -2   0   5   0  -3   1   0  -2   4  -4  -4   0  -2  -3   3   0  -1  -4  -2  -3    0   5  46   0   0   8   0   0  17   0   0   5   0   0  19   0   0   0   0   0  0.60 0.07
   47 C    -1  -5  -4  -5  10  -4  -5  -4  -4  -2  -2  -4  -2  -3  -4  -2  -2  -3  -4  -2    0   0   0   0 100   0   0   0   0   0   0   0   0   0   0   0   0   0   0   0  2.03 0.17

                      K         Lambda
Standard Ungapped    0.1400     0.3264
Standard Gapped      0.0425     0.2670
PSI Ungapped         0.1390     0.3173
PSI Gapped           0.0425     0.2670
