
Last position-specific scoring matrix computed, weighted observed percentages rounded down, information per position, and relative weight of gapless real matches to pseudocounts
            A   R   N   D   C   Q   E   G   H   I   L   K   M   F   P   S   T   W   Y   V   A   R   N   D   C   Q   E   G   H   I   L   K   M   F   P   S   T   W   Y   V
    1 E    -1  -1  -1   1  -4   1   4  -2  -1  -3  -3   0  -2  -4   6   0  -1  -3  -3  -3    0   0   0   0   0   0  57   0   0   0   0   0   0   0  43   0   0   0   0   0  0.91 0.00
    2 E     2  -1  -1   1  -2   1   4  -1  -1  -2  -2   0  -2  -3  -1   0  -1  -3  -2  -1   43   0   0   0   0   0  57   0   0   0   0   0   0   0   0   0   0   0   0   0  0.39 0.00
    3 E    -1  -1   0   1  -3   1   4  -2  -1  -2  -2   0  -2  -3  -1   1   3  -3  -2  -1    0   0   0   0   0   0  63   0   0   0   0   0   0   0   0   0  37   0   0   0  0.45 0.00
    4 S     0  -1   0  -1  -2  -1  -1  -1   0  -2  -2  -1  -1   1  -2   3   1   0   4  -2    0   0   0   0   0   0   0   0   0   0   0   0   0   0   0  63   0   0  37   0  0.34 0.00
    5 E    -1   0   0   2  -4   2   5  -2   0  -4  -3   1  -2  -4  -1   0  -1  -3  -2  -3    0   0   0   0   0   0 100   0   0   0   0   0   0   0   0   0   0   0   0   0  0.75 0.01
    6 V     2  -2  -3  -3  -1  -2  -2  -2  -3   2   0  -2   2  -1  -2  -1   0  -3  -2   3   33   0   0   0   0   0   0   0   0   9   0   0  10   0   0   0   0   0   0  48  0.22 0.02
    7 A     2  -2  -3  -3  -1  -2  -2  -2  -3   2   0  -2   0  -2   2  -1   0  -3  -2   3   35   0   0   0   0   0   0   0   0  11   0   0   0   0  12   0   0   0   0  42  0.27 0.03
    8 H    -2  -1   2  -1  -3   0  -1  -2   8  -4  -3  -1  -2  -2  -2   1  -1  -3   1  -4    0   0  12   0   0   0   0   0  76   0   0   0   0   0   0  12   0   0   0   0  0.86 0.07
    9 L    -1   1  -1  -2  -3   2   0   1  -1  -1   1   4   0  -2  -2  -1  -1  -3  -2   0    0   0   0   0   0  11   0  11   0   0  20  51   0   0   0   0   0   0   0   8  0.21 0.03
   10 R    -1   2  -3  -3  -2  -1  -2  -4  -2   1   3  -1   1  -1  -3  -2  -1  -2  -2   2    0  24   0   0   0   0   0   0   0   0  55   0   0   0   0   0   0   0   0  20  0.28 0.04
   11 V     2  -1  -1  -1  -2   1   2   2  -1  -1  -2  -1  -1  -3  -2   0  -1  -3  -2   1   37   0   0   0   0   9  22  16   0   0   0   0   0   0   0   0   0   0   0  16  0.21 0.03
   12 R    -1   4  -1  -1  -4   1   0  -2  -1  -3  -3   5  -2  -4  -2  -1  -1  -4  -2  -3    0  22   0   0   0   0   0   0   0   0   0  78   0   0   0   0   0   0   0   0  0.68 0.07
   13 R    -1   5  -1  -2  -3   0  -1  -2  -1  -2  -2   1   1  -3  -2   1   2  -3  -2  -2    0  53   0   0   0   0   0   0   0   0   0   0   9   0   0  11  26   0   0   0  0.43 0.05
   14 G    -1  -1  -1  -1  -3   3   1   5  -1  -4  -4  -1  -2  -4  -2  -1  -2  -3  -3  -4    0   0   0   0   0  27   9  64   0   0   0   0   0   0   0   0   0   0   0   0  0.76 0.08
   15 F    -3  -3  -4  -4   1  -4  -4  -4  -1  -1   0  -4  -1   7  -4  -3  -3   1   4  -2    0   0   0   0   4   0   0   0   0   0   0   0   0  80   0   0   0   0  16   0  1.02 0.11
   16 G     0  -3  -1  -2  -3  -3  -3   7  -3  -5  -5  -2  -4  -4  -3  -1  -2  -3  -4  -4    0   0   0   0   0   0   0 100   0   0   0   0   0   0   0   0   0   0   0   0  1.35 0.11
   17 C    -1  -5  -4  -5  10  -4  -5  -4  -4  -2  -2  -4  -2  -3  -4  -2  -2  -3  -3  -2    0   0   0   0 100   0   0   0   0   0   0   0   0   0   0   0   0   0   0   0  2.02 0.16
   18 P    -2  -3  -3  -2  -4  -2  -2  -3  -3  -3  -3  -2   1  -4   8  -2  -2  -4  -4  -3    0   0   0   0   0   0   0   0   0   0   0   0   9   0  91   0   0   0   0   0  2.03 0.13
   19 L     1  -1  -2  -3  -2  -2  -2   1  -2   0   1  -2   2   2  -2  -1  -1   5   0   0   20   4   0   0   0   0   0  14   0   8  21   0   9  11   0   0   0  10   0   0  0.17 0.03
   20 N    -2  -2   4   4  -3  -1   0  -2   0  -1  -3  -1  -2  -1  -3   0  -1  -2   3  -2    0   0  41  27   0   0   0   0   0   7   0   0   0   0   0   5   0   0  20   0  0.46 0.07
   21 Q    -1   1   2   0  -4   5   3  -2   0  -4  -3   2  -2  -4  -2   0  -1  -3  -2  -3    0   4  14   0   0  46  29   0   0   0   0   7   0   0   0   0   0   0   0   0  0.61 0.08
   22 G    -1   0   0   0  -3  -1  -1   4  -1  -2  -1   1   1  -1  -3  -1  -2  -1   3  -2    0   5   5   7   0   0   0  38   0   0   4  14  10   0   0   0   0   0  17   0  0.26 0.05
   23 A     1   0  -1   1  -3   3   2  -2   0  -3  -2   1  -2   0  -2  -1  -1  -1   4  -2   18   0   0   9   0  19  13   0   0   0   0  14   0   0   0   0   0   0  27   0  0.29 0.05
   24 C    -1  -5  -4  -5  10  -4  -5  -4  -4  -2  -2  -4  -2  -3  -4  -2  -2  -3  -3  -2    0   0   0   0 100   0   0   0   0   0   0   0   0   0   0   0   0   0   0   0  2.02 0.16
   25 H    -2  -1   3   2  -3   2   0  -2   7  -3  -3  -1   0  -2  -3   0  -1  -3   0  -3    0   0  16  12   0   9   0   0  52   0   0   0   4   0   0   7   0   0   0   0  0.64 0.08
   26 R    -1   4   3   2  -3   0   0  -2  -1  -3  -3   0  -2   0  -2   1  -1  -3  -2  -3    5  37  27  12   0   0   0   0   0   0   0   0   0   7   0  13   0   0   0   0  0.37 0.06
   27 H    -3  -1   0  -2  -4   0  -1  -3  10  -4  -4  -2  -3  -2  -3  -2  -3  -3   1  -4    0   0   0   0   0   0   0   0 100   0   0   0   0   0   0   0   0   0   0   0  1.62 0.16
   28 C    -1  -5  -4  -5  10  -4  -5  -4  -4  -2  -2  -4  -2  -3  -4  -2  -2  -3  -3  -2    0   0   0   0 100   0   0   0   0   0   0   0   0   0   0   0   0   0   0   0  2.02 0.16
   29 R    -1   3   1  -1  -4   4   1  -2   0  -3  -2   3  -1  -3  -2  -1  -1  -3  -2  -3    0  22   7   0   0  41   0   0   0   0   5  24   0   0   0   0   0   0   0   0  0.51 0.07
   30 S     0  -2   0   3  -2  -1   0  -1  -2  -3  -3  -1  -2  -3  -2   4   1  -4  -3  -3    0   0   0  27   0   0   0   0   0   0   0   0   0   0   0  69   4   0   0   0  0.57 0.09
   31 I    -2  -3  -3  -4  -2  -3  -4  -4  -4   5   2  -3   1  -1  -3  -2   1  -3  -2   2    0   0   0   0   0   0   0   0   0  79   7   0   0   0   0   0   9   0   0   5  0.52 0.08
   32 R    -1   2  -1   0  -3   0   3   4  -1  -4  -4   1  -3  -4   0   0  -1  -3  -3  -3    0  14   0   0   0   0  28  40   0   0   0   8   0   0   5   4   0   0   0   0  0.45 0.05
   33 R    -1   4  -1  -2   4   2  -1  -1  -1  -3  -3   3  -2  -2  -2  -1  -1  -2   2  -3    0  44   0   0  12   9   0   5   0   0   0  19   0   0   0   0   0   0  11   0  0.43 0.06
   34 R    -1   4  -1  -1  -4   1   1  -2   3  -3  -2   4  -2  -3  -2   0  -1  -3  -1  -3    0  35   0   0   0   4   4   0  12   0   4  37   0   0   0   4   0   0   0   0  0.48 0.06
   35 G     1  -2  -1   2  -3  -1   2   4  -2  -3  -3  -1  -2   1  -2   0  -2  -3  -2  -3   12   0   0  17   0   0  19  42   0   0   0   0   0   9   0   0   0   0   0   0  0.42 0.05
   36 G     0  -3  -1  -2  -3  -3  -3   7  -3  -5  -5  -2  -4  -4  -3  -1  -2  -3  -4  -4    0   0   0   0   0   0   0 100   0   0   0   0   0   0   0   0   0   0   0   0  1.35 0.11
   37 Y    -2  -3  -3  -3  -3  -2  -1  -4   1   0  -1  -3  -1   4  -4  -1  -2   1   7  -1    0   0   0   0   0   0   4   0   0   9   0   0   0  16   0   4   0   0  67   0  0.82 0.10
   38 C    -1  -5  -4  -5  10  -4  -5  -4  -4  -2  -2  -4  -2  -3  -4  -2  -2  -3  -3  -2    0   0   0   0 100   0   0   0   0   0   0   0   0   0   0   0   0   0   0   0  2.02 0.16
   39 S     2  -1   0   2  -2  -1  -1   1   6  -3  -3  -1  -2  -3  -2   1  -1  -3  -1  -2   31   0   0  13   0   0   0  10  36   0   0   0   0   0   0  10   0   0   0   0  0.40 0.07
   40 G     1  -2  -1  -2  -3  -2  -2   6  -3  -4  -4   0  -3  -4  -3  -1  -2  -3  -4  -3   12   0   0   0   0   0   0  82   0   0   0   6   0   0   0   0   0   0   0   0  0.98 0.08
   41 I    -1  -2  -2  -2  -2  -1  -2  -2  -2   0   0  -2   0   3   3   0   1   3   0   0    1   1   1   1   0   1   1   1   0   7   8   1   0  23  15   5  17   5   1   9  0.20 0.02
   42 I    -1  -1  -1  -2  -1  -1  -1   1   1   1   2  -1   1   1  -1  -1  -1  -1   0   0    3   2   2   2   1   2   2  14   6  11  37   2   1   7   2   3   2   0   1   2  0.06 0.01
   43 K    -1   3  -1  -1  -2   0   0   0  -1  -2  -2   2  -1  -1  -1  -1  -1   5  -1  -2    3  25   2   2   1   2   2   9   1   2   3  24   1   1   2   3   2  13   1   2  0.28 0.02
   44 Q     0  -1  -2  -2  -2   2  -1  -2  -1   0   2  -1   2   1   1  -1  -1  -1  -1   0    7   1   1   1   0  19   1   2   1   1  32   1  14   7   6   2   1   0   1   1  0.12 0.03
   45 T    -1   3  -1  -2  -3   0   0  -2  -1  -2  -2   3  -1  -3  -2   0   3  -3  -2  -1    0  23   0   0   0   0   0   0   0   0   0  36   0   0   0   0  36   0   0   6  0.39 0.07
   46 C    -1  -5  -4  -5  10  -4  -5  -4  -4  -2  -2  -4  -2  -3  -4  -2  -2  -3  -3  -2    0   0   0   0 100   0   0   0   0   0   0   0   0   0   0   0   0   0   0   0  2.02 0.16
   47 T    -1   0  -1  -2  -2   0  -1  -2  -2  -1  -2   4  -1  -3  -2   0   4  -3  -2  -1    0   0   0   0   0   0   0   0   0   5   0  47   0   0   0   0  48   0   0   0  0.45 0.08
   48 C    -1  -5  -4  -5  10  -4  -5  -4  -4  -2  -2  -4  -2  -3  -4  -2  -2  -3  -3  -2    0   0   0   0 100   0   0   0   0   0   0   0   0   0   0   0   0   0   0   0  2.02 0.16
   49 Y     0  -2  -2  -2  -3  -1   0   3   1  -2  -2  -2  -2   1  -3  -1  -2   1   6  -2    8   0   0   0   0   0   8  26   0   0   0   0   0   0   0   0   0   0  58   0  0.55 0.06
   50 R    -1   5  -1  -1  -4   1   0  -2  -1  -3  -3   4  -2  -3  -2  -1  -1  -3  -2  -3    0  51   0   0   0   0   0   0   0   0   0  49   0   0   0   0   0   0   0   0  0.65 0.04
   51 N    -1  -1   4   3  -3   0   2  -1   0  -3  -3   0  -2  -3  -2   2   0  -4  -2  -3    0   0  43  15   0   0  14   0   0   0   0   0   0   0   0  27   0   0   0   0  0.45 0.01

                      K         Lambda
Standard Ungapped    0.1414     0.3286
Standard Gapped      0.0426     0.2670
PSI Ungapped         0.1391     0.3180
PSI Gapped           0.0426     0.2670
