
Last position-specific scoring matrix computed, weighted observed percentages rounded down, information per position, and relative weight of gapless real matches to pseudocounts
            A   R   N   D   C   Q   E   G   H   I   L   K   M   F   P   S   T   W   Y   V   A   R   N   D   C   Q   E   G   H   I   L   K   M   F   P   S   T   W   Y   V
    1 F    -3  -3  -3  -4  -3  -4  -4  -4  -1   0   0  -4   0   7  -4  -3  -2   1   3  -1    0   0   0   0   0   0   0   0   0   0   0   0   0 100   0   0   0   0   0   0  0.82 0.02
    2 L    -2  -2  -4  -4  -1  -2  -3  -4  -3   2   4  -3   2   0  -3  -3  -1  -2  -1   1    0   0   0   0   0   0   0   0   0   0 100   0   0   0   0   0   0   0   0   0  0.49 0.01
    3 P    -1  -2  -2  -1  -3  -1  -1  -2  -2  -3  -3  -1  -3  -4   8   1  -1  -4  -3  -3    0   0   0   0   0   0   0   0   0   0   0   0   0   0  84  16   0   0   0   0  1.66 0.02
    4 I    -1  -2  -3  -3  -1  -2  -3  -3  -3   3   3  -2   3   0  -3  -1   1  -2  -1   2    0   0   0   0   0   0   0   0   0  26  39   0  12   0   0   0  16   0   0   7  0.25 0.01
    5 L     0  -3  -3  -4  -1  -2  -3  -3  -3   3   3  -3   2   0  -3  -2  -1  -2  -1   2    8   0   0   0   0   0   0   0   0  36  44   0   0   0   0   0   0   0   0  13  0.30 0.01
    6 A     4  -2  -2  -2  -1  -1  -1   0  -2   0   1  -1   0  -2  -1   1   0  -3  -2   1   77   0   0   0   0   0   0   0   0   0  16   0   0   0   0   0   0   0   0   8  0.27 0.01
    7 G     0  -2   2  -1  -2  -1  -1   5  -1  -4  -4  -1  -3  -3  -2   2   0  -3  -3  -3    0   0  16   0   0   0   0  58   0   0   0   0   0   0   0  26   0   0   0   0  0.59 0.01
    8 L    -1  -3  -4  -4  -1  -2  -3  -4  -3   2   3  -3   2   0  -3  -2  -1  -2  -1   2    0   0   0   0   0   0   0   0   0  11  60   0   0   0   0   0   0   0   0  29  0.36 0.01
    9 A     5  -2  -2  -2  -1  -1  -1   0  -2  -2  -2  -1  -1  -3  -1   1   0  -3  -2   0  100   0   0   0   0   0   0   0   0   0   0   0   0   0   0   0   0   0   0   0  0.45 0.02
   10 A     4  -2  -1  -2  -1  -1  -1   0  -2  -2  -2  -1  -1  -3  -1   2   0  -3  -2   0   84   0   0   0   0   0   0   0   0   0   0   0   0   0   0  16   0   0   0   0  0.40 0.01
   11 K    -1   1   5   1  -3   1   0  -1   0  -3  -3   3  -2  -3  -2   0   0  -4  -2  -3    0   0  58   0   0   0   0   0   0   0   0  42   0   0   0   0   0   0   0   0  0.50 0.01
   12 L    -2  -3  -3  -4  -2  -3  -3  -4  -2   1   2  -3   1   5  -3  -2  -1   0   2   2    0   0   0   0   0   0   0   0   0   0  15   0   0  58   0   0   0   0   0  27  0.42 0.01
   13 V    -1  -3  -4  -4  -1  -3  -3  -4  -3   2   3  -3   1   2  -3  -2  -1  -2   0   2    0   0   0   0   0   0   0   0   0   0  52   0   0  11   0   0   0   0   0  37  0.31 0.01
   14 P    -1  -2  -2  -2  -3  -2  -1  -2  -3  -3  -3  -1  -3  -4   8  -1  -1  -4  -3  -3    0   0   0   0   0   0   0   0   0   0   0   0   0   0 100   0   0   0   0   0  2.09 0.02
   15 K    -1   2   0  -1  -3   1   1  -2  -1  -3  -3   5  -1  -3  -1   0   1  -3  -2  -2    0   0   0   0   0   0   0   0   0   0   0  84   0   0   0   0  16   0   0   0  0.45 0.02
   16 V    -1  -3  -4  -4  -1  -3  -3  -4  -3   4   3  -3   2   0  -3  -3  -1  -3  -1   2    0   0   0   0   0   0   0   0   0  56  35   0   0   0   0   0   0   0   0   9  0.37 0.01
   17 F    -2  -3  -3  -4  -2  -3  -4  -4  -2   0   0  -3   0   6  -4  -3  -2   1   3   0    0   0   0   0   0   0   0   0   0   0   0   0   0  87   0   0   0   0   0  13  0.66 0.02
   18 C    -1  -4  -3  -4  10  -3  -4  -3  -3  -2  -2  -4  -2  -3  -3  -1  -1  -3  -3  -1    0   0   0   0 100   0   0   0   0   0   0   0   0   0   0   0   0   0   0   0  1.36 0.03
   19 S     2   1   0  -1  -2   1   0  -1  -1  -3  -2   4  -1  -3  -1   1   0  -3  -2  -2   23   0   0   0   0   0   0   0   0   0   0  68   0   0   0   9   0   0   0   0  0.35 0.01
   20 I    -2  -3  -4  -4  -1  -3  -4  -4  -4   5   2  -3   1   0  -3  -3  -1  -3  -2   3    0   0   0   0   0   0   0   0   0 100   0   0   0   0   0   0   0   0   0   0  0.44 0.02
   21 T     0  -1   0  -1  -1  -1  -1  -2  -2  -1  -2  -1  -1  -2  -1   2   5  -3  -2   0    0   0   0   0   0   0   0   0   0   0   0   0   0   0   0  11  89   0   0   0  0.48 0.02
   22 K    -1   3   0  -1  -3   1   1  -2  -1  -3  -3   5  -2  -3  -1   0  -1  -3  -2  -3    0   7   0   0   0   0   0   0   0   0   0  93   0   0   0   0   0   0   0   0  0.56 0.02
   23 K    -1   2   0  -1  -3   1   1  -2  -1  -3  -3   5  -2  -4  -1   0  -1  -3  -2  -3    0   0   0   0   0   0   0   0   0   0   0 100   0   0   0   0   0   0   0   0  0.57 0.02
   24 C    -1  -4  -3  -4  10  -3  -4  -3  -3  -2  -2  -4  -2  -3  -3  -1  -1  -3  -3  -1    0   0   0   0 100   0   0   0   0   0   0   0   0   0   0   0   0   0   0   0  1.36 0.03

                      K         Lambda
Standard Ungapped    0.1454     0.3334
Standard Gapped      0.0468     0.2670
PSI Ungapped         0.1530     0.3201
PSI Gapped           0.0468     0.2670
