
Last position-specific scoring matrix computed, weighted observed percentages rounded down, information per position, and relative weight of gapless real matches to pseudocounts
            A   R   N   D   C   Q   E   G   H   I   L   K   M   F   P   S   T   W   Y   V   A   R   N   D   C   Q   E   G   H   I   L   K   M   F   P   S   T   W   Y   V
    1 D    -2  -2   1   6  -4   0   2  -1  -1  -3  -4  -1  -3  -4  -2   0  -1  -4  -3  -3    0   0   0   0   0   0   0   0   0   0   0   0   0   0   0   0   0   0   0   0  0.00     0.00
    2 C     0  -3  -3  -4   9  -3  -4  -3  -3  -1  -1  -3  -1  -2  -3  -1  -1  -2  -2  -1    0   0   0   0   0   0   0   0   0   0   0   0   0   0   0   0   0   0   0   0  0.00     0.00
    3 L    -1  -2  -3  -4  -1  -2  -3  -4  -3   2   4  -2   2   0  -3  -2  -1  -2  -1   1    0   0   0   0   0   0   0   0   0   0   0   0   0   0   0   0   0   0   0   0  0.00     0.00
    4 S     1  -1   1   0  -1   0   0   0  -1  -2  -2   0  -2  -2  -1   4   1  -3  -2  -2    0   0   0   0   0   0   0   0   0   0   0   0   0   0   0   0   0   0   0   0  0.00     0.00
    5 G     0  -2   0  -1  -3  -2  -2   6  -2  -4  -4  -2  -3  -3  -2   0  -2  -3  -3  -3    0   0   0   0   0   0   0   0   0   0   0   0   0   0   0   0   0   0   0   0  0.00     0.00
    6 R    -2   6  -1  -2  -4   1   0  -3   0  -3  -2   2  -2  -3  -2  -1  -1  -3  -2  -3    0 100   0   0   0   0   0   0   0   0   0   0   0   0   0   0   0   0   0   0  0.75 0.00
    7 Y    -2  -2  -2  -3  -3  -2  -2  -3   2  -2  -1  -2  -1   3  -3  -2  -2   2   7  -1    0   0   0   0   0   0   0   0   0   0   0   0   0   0   0   0   0   0 100   0  0.87 0.00
    8 K    -1   3   0  -1  -4   1   1  -2  -1  -3  -3   5  -2  -4  -1   0  -1  -3  -2  -3    0  18   0   0   0   0   0   0   0   0   0  82   0   0   0   0   0   0   0   0  0.57 0.03
    9 G    -2  -2  -2  -3  -3  -2  -2   2   1  -2  -2  -2  -2   2  -3  -2  -2   2   7  -2    0   0   0   0   0   0   0  20   0   0   0   0   0   0   0   0   0   0  80   0  0.73 0.03
   10 P     1  -2  -1  -2  -2  -1  -1   2  -1  -3  -3  -1  -2  -2   6   1  -1  -2   1  -2   13   0   0   0   0   0   0  18   0   0   0   0   0   0  46  12   0   0  12   0  0.76 0.02
   11 C    -1  -4  -3  -4  10  -3  -4  -3  -4  -2  -2  -4  -2  -3  -3  -1  -1  -3  -3  -1    0   0   0   0 100   0   0   0   0   0   0   0   0   0   0   0   0   0   0   0  1.44 0.05
   12 A     3  -2  -1  -2  -1  -1  -1   1  -2  -1  -2  -1  -1  -3  -1   1   4  -3  -2   0   38   0   0   0   0   0   0  12   0   0   0   0   0   0   0   0  50   0   0   0  0.32 0.02
   13 V    -1  -3  -3  -4  -1  -3  -3  -4  -4   4   1  -3   1  -1  -3  -2   0  -3  -2   4    0   0   0   0   0   0   0   0   0  38   0   0   0   0   0   0   0   0   0  62  0.39 0.02
   14 W    -1  -2  -2  -3  -2  -2  -3   1  -3   0   2  -2   1   0  -3  -1   1   7   0   0    0   0   0   0   0   0   0  18   0   0  48   0   0   0   0   0  14  20   0   0  0.36 0.01
   15 D    -1   0   0   5  -4   1   4  -2  -1  -4  -4   1  -3  -4  -2   0  -1  -4  -3  -3    0   0   0  43   0   0  47   0   0   0   0  10   0   0   0   0   0   0   0   0  0.65 0.02
   16 N    -1  -1   6   1  -3   0   0  -1   0  -4  -4   0  -2  -3  -2   2   0  -4  -2  -3    0   0  85   0   0   0   0   0   0   0   0   0   0   0   0  15   0   0   0   0  0.70 0.03
   17 E    -1  -1   0   3  -4   2   3  -2  -1  -3  -3   0  -2  -4   4   0  -1  -4  -3  -3    0   0   0  25   0  10  37   0   0   0   0   0   0   0  28   0   0   0   0   0  0.69 0.02
   18 T    -1  -2  -1  -2  -2  -1  -2  -2   0  -1  -1  -1  -1   3  -2   2   2   0   5  -1    0   0   0   0   0   0   0   0   0   0   0   0   0  19   0  29  19   0  33   0  0.32 0.02
   19 C    -1  -4  -3  -4  10  -3  -4  -3  -4  -2  -2  -4  -2  -3  -3  -1  -1  -3  -3  -1    0   0   0   0 100   0   0   0   0   0   0   0   0   0   0   0   0   0   0   0  1.45 0.05
   20 R    -1   3  -2  -2  -2   1  -1  -3  -2   2   0   0   0  -2  -3  -2  -1  -3  -2   2    0  37   0   0   0  10   0   0   0  38   0   0   0   0   0   0   0   0   0  15  0.22 0.01
   21 R    -1   4   0   1  -4   3   1  -2   0  -3  -3   4  -2  -3  -2  -1  -1  -3  -2  -3    0  33   0  10   0  19   0   0   0   0   0  38   0   0   0   0   0   0   0   0  0.47 0.02
   22 V    -1  -3  -4  -4  -1  -3  -3  -4  -4   4   1  -3   1  -1  -3  -2  -1  -3  -2   4    0   0   0   0   0   0   0   0   0  57   0   0   0   0   0   0   0   0   0  43  0.40 0.02
   23 C    -1  -4  -3  -4  10  -3  -4  -3  -4  -2  -2  -4  -2  -3  -3  -1  -1  -3  -3  -1    0   0   0   0 100   0   0   0   0   0   0   0   0   0   0   0   0   0   0   0  1.45 0.05
   24 K    -1   4   0  -1  -4   1   0  -2  -1  -3  -3   5  -2  -3  -2  -1  -1  -3  -2  -3    0  32   0   0   0   0   0   0   0   0   0  68   0   0   0   0   0   0   0   0  0.58 0.02
   25 E    -1   1  -1  -1  -3   1   2  -2  -1  -1  -1   4  -1  -3  -1   0  -1  -3  -2   0    0   0   0   0   0   0  19   0   0   0   9  52   0   0   0   9   0   0   0  10  0.24 0.01
   26 E    -2   0   0  -1  -4   1   2  -2   8  -4  -3  -1  -2  -2  -2  -1  -2  -3   1  -4    0   0   0   0   0   0  19   0  81   0   0   0   0   0   0   0   0   0   0   0  0.84 0.04
   27 G     0  -3  -1  -2  -3  -2  -3   6  -2  -4  -4  -2  -3  -4  -3   0  -2  -3  -4  -4    0   0   0   0   0   0   0 100   0   0   0   0   0   0   0   0   0   0   0   0  1.12 0.03
   28 R    -1   2  -3  -3  -1  -2  -2  -3  -3   2   0  -1   0  -1  -3  -2   0  -3  -2   4    0  19   0   0   0   0   0   0   0   0   0   0   0   0   0   0   0   0   0  81  0.28 0.02
   29 S     0   3   0  -1  -2   2   0  -1  -1  -3  -3   3  -1  -3  -1   2   1  -3  -2  -2    0  15   0   0   0  10   0   0   0   0   0  38   0   0   0  28   9   0   0   0  0.33 0.01
   30 S    -1  -2  -2  -3  -2  -1  -2  -3   1  -2  -2  -2  -1   3  -3   1  -1   2   7  -2    0   0   0   0   0   0   0   0   0   0   0   0   0   0   0  19   0   0  81   0  0.72 0.03
   31 G     0  -3  -1  -2  -3  -2  -3   6  -2  -4  -4  -2  -3  -4  -3   0  -2  -3  -4  -4    0   0   0   0   0   0   0 100   0   0   0   0   0   0   0   0   0   0   0   0  1.12 0.03
   32 H    -2  -2  -2  -3  -3  -1  -2  -3   5  -2  -2  -2  -1   3  -3  -2  -2   2   7  -2    0   0   0   0   0   0   0   0  19   0   0   0   0   0   0   0   0   0  81   0  0.85 0.03
   33 C    -1  -4  -3  -4  10  -3  -4  -3  -4  -2  -2  -4  -2  -3  -3  -1  -1  -3  -3  -1    0   0   0   0 100   0   0   0   0   0   0   0   0   0   0   0   0   0   0   0  1.45 0.05
   34 S    -1  -2  -2  -3  -2  -2  -2  -3   0  -1  -1  -2  -1   4  -3   1  -1   6   5  -2    0   0   0   0   0   0   0   0   0   0   0   0   0  30   0  19   0  15  37   0  0.58 0.02
   35 P    -1  -1   3   0  -2  -1  -1  -1   0  -1  -1  -1  -1   2   4   0   0  -1   0  -1    3   2  31   2   1   2   2   3   1   2   3   2   1  16  21   3   2   0   1   2  0.26 0.01
   36 S     2  -1   0   1  -1   0   0   0  -1  -2  -2   0  -1  -2  -1   3   1  -3  -2  -1   19   1   1  11   0   1   1   1   0   1   1   1   0   1   1  59   1   0   0   1  0.29 0.01
   37 L    -1  -2  -2  -2  -2  -2  -2  -2  -1   0   2  -2   0   5  -2  -2  -1   0   2   0    2   1   1   2   1   1   2   2   1   1  21   2   1  53   2   2   2   0   1   2  0.28 0.01
   38 K    -1   4   0  -1  -3   3   1  -2   0  -3  -2   3  -1  -3  -2   0   1  -3  -2  -2    0  29   0   0   0  28   0   0   0   0   0  29   0   0   0   0  15   0   0   0  0.42 0.02
   39 C    -1  -4  -3  -4  10  -3  -4  -3  -4  -2  -2  -4  -2  -3  -3  -1  -1  -3  -3  -1    0   0   0   0 100   0   0   0   0   0   0   0   0   0   0   0   0   0   0   0  1.45 0.05
   40 W    -3  -3  -4  -5  -3  -2  -3  -3  -3  -3  -2  -4  -2   1  -4  -3  -3  12   2  -3    0   0   0   0   0   0   0   0   0   0   0   0   0   0   0   0   0 100   0   0  2.57 0.06
   41 C    -1  -4  -3  -4  10  -3  -4  -3  -4  -2  -2  -4  -2  -3  -3  -1  -1  -3  -3  -1    0   0   0   0 100   0   0   0   0   0   0   0   0   0   0   0   0   0   0   0  1.45 0.05
   42 E    -1   0   0   1  -4   2   6  -3   0  -4  -3   1  -2  -4  -1   0  -1  -3  -2  -3    0   0   0   0   0   0 100   0   0   0   0   0   0   0   0   0   0   0   0   0  0.83 0.03
   43 G     0  -2   0  -1  -3  -2  -2   6  -2  -4  -4  -2  -3  -3  -2   0  -2  -3  -3  -3    0   0   0   0   0   0   0   0   0   0   0   0   0   0   0   0   0   0   0   0  0.00     0.00
   44 C     0  -3  -3  -4   9  -3  -4  -3  -3  -1  -1  -3  -1  -2  -3  -1  -1  -2  -2  -1    0   0   0   0   0   0   0   0   0   0   0   0   0   0   0   0   0   0   0   0  0.00     0.00

                      K         Lambda
Standard Ungapped    0.1386     0.3222
Standard Gapped      0.0417     0.2670
PSI Ungapped         0.1363     0.3119
PSI Gapped           0.0417     0.2670
