
Last position-specific scoring matrix computed, weighted observed percentages rounded down, information per position, and relative weight of gapless real matches to pseudocounts
            A   R   N   D   C   Q   E   G   H   I   L   K   M   F   P   S   T   W   Y   V   A   R   N   D   C   Q   E   G   H   I   L   K   M   F   P   S   T   W   Y   V
    1 G     0  -3  -1  -2  -3  -2  -2   6  -2  -4  -4  -2  -3  -4  -2   0  -2  -3  -4  -4    0   0   0   0   0   0   0 100   0   0   0   0   0   0   0   0   0   0   0   0  1.05 0.00
    2 L    -2  -3  -4  -4  -1  -3  -3  -4  -3   2   4  -3   2   0  -3  -3  -1  -2  -1   1    0   0   0   0   0   0   0   0   0  15  85   0   0   0   0   0   0   0   0   0  0.43 0.01
    3 F    -2  -3  -4  -4  -2  -3  -4  -4  -2   1   3  -3   1   6  -4  -3  -2   0   2   0    0   0   0   0   0   0   0   0   0   0  39   0   0  61   0   0   0   0   0   0  0.48 0.01
    4 N    -1  -1   4   4  -2   0   0  -1   0  -3  -4   0  -2  -3  -2   2   0  -4  -3  -3    0   0  40  28   0   0   0   0   0   0   0   0   0   0   0  33   0   0   0   0  0.47 0.00
    5 V     1  -2  -2  -3  -1  -2  -2  -2  -3   2   0  -2   0  -2  -2   0   2  -3  -2   3   17   0   0   0   0   0   0   0   0   0   0   0   0   0   0   0  22   0   0  61  0.21 0.00
    6 F    -1  -3  -3  -4  -1  -3  -3  -4  -3   2   2  -3   1   3  -3  -2  -1  -2   0   3    0   0   0   0   0   0   0   0   0   0  22   0   0  17   0   0   0   0   0  60  0.28 0.00
    7 K    -1   2   0  -1  -3   1   1  -2  -1  -3  -3   5  -1  -3  -1   0   1  -3  -2  -2    0   0   0   0   0   0   0   0   0   0   0  84   0   0   0   0  16   0   0   0  0.43 0.01
    8 G     0  -3  -1  -2  -3  -2  -2   6  -2  -4  -4  -2  -3  -4  -3   0  -2  -3  -4  -4    0   0   0   0   0   0   0 100   0   0   0   0   0   0   0   0   0   0   0   0  1.06 0.01
    9 L    -1  -2  -3  -3  -1  -2  -2  -3  -2   1   4  -2   2   0  -2  -2  -1  -1  -1   1    1   1   1   1   0   1   1   1   0   1  84   1   0   1   1   1   1   0   1   1  0.30 0.00
   10 K    -1   2   0  -1  -3   1   1  -1  -1  -2  -2   5  -1  -3  -1   0  -1  -3  -2  -2    1   1   1   1   0   1   1   1   0   1   2  83   0   1   1   1   1   0   1   1  0.38 0.00
   11 T     1  -2   0  -1  -2  -1  -1   5  -2  -2  -2  -1  -2  -2  -1   0   1  -2  -2  -2   15   1   1   1   0   1   1  54   0   1   2   1   0   1   1   1  17   0   1   1  0.42 0.00
   12 A     4  -2  -2  -2  -1  -1  -1   0  -2   0  -1  -1  -1  -2  -1   1   0  -3  -2   2   74   0   0   0   0   0   0   0   0   0   0   0   0   0   0   0   0   0   0  26  0.27 0.00
   13 G     2  -2  -1  -2  -2  -2  -2   5  -2  -3  -3  -1  -2  -3  -2   0  -1  -3  -3  -2   31   0   0   0   0   0   0  69   0   0   0   0   0   0   0   0   0   0   0   0  0.67 0.00
   14 K    -1   2   0  -1  -4   1   1  -2  -1  -3  -3   5  -2  -4  -1   0  -1  -3  -2  -3    0   0   0   0   0   0   0   0   0   0   0 100   0   0   0   0   0   0   0   0  0.53 0.01
   15 H    -2  -1   6   1  -3   0   0  -1   4  -4  -4   0  -2  -3  -2   0   0  -4  -1  -3    0   0  84   0   0   0   0   0  16   0   0   0   0   0   0   0   0   0   0   0  0.64 0.01
   16 V     0  -3  -3  -4  -1  -3  -3  -4  -4   3   1  -3   1  -1  -3  -2   0  -3  -1   4    0   0   0   0   0   0   0   0   0   0   0   0   0   0   0   0   0   0   0 100  0.36 0.01
   17 A     5  -2  -2  -2  -1  -1  -1   0  -2  -2  -2  -1  -1  -3  -1   1   0  -3  -2   0  100   0   0   0   0   0   0   0   0   0   0   0   0   0   0   0   0   0   0   0  0.41 0.01
   18 G     0  -3  -1  -2  -3  -2  -2   6  -2  -4  -4  -2  -3  -4  -2   0  -2  -3  -4  -4    0   0   0   0   0   0   0 100   0   0   0   0   0   0   0   0   0   0   0   0  1.05 0.01
   19 S     1  -1   0  -1  -1  -1  -1  -1  -2   0  -1  -1  -1  -2  -1   4   1  -3  -2   2    0   0   0   0   0   0   0   0   0   0   0   0   0   0   0  69   0   0   0  31  0.23 0.00
   20 L    -2  -3  -4  -4  -1  -2  -3  -4  -3   2   4  -3   2   0  -3  -3  -1  -2  -1   1    0   0   0   0   0   0   0   0   0   0 100   0   0   0   0   0   0   0   0   0  0.46 0.00
   21 L    -2  -2  -4  -4  -2  -2  -3  -4  -3   2   4  -3   3   0  -3  -3  -1  -2  -1   1    0   0   0   0   0   0   0   0   0   0  85   0  15   0   0   0   0   0   0   0  0.42 0.00
   22 N    -2  -1   3   5  -4   1   4  -2   0  -4  -4   0  -3  -4  -2   0  -1  -4  -3  -3    0   0  16  46   0   0  38   0   0   0   0   0   0   0   0   0   0   0   0   0  0.62 0.00
   23 Q    -1   2   0  -1  -3   5   2  -2   0  -3  -3   4  -1  -4  -1   0  -1  -3  -2  -3    0   0   0   0   0  54   0   0   0   0   0  46   0   0   0   0   0   0   0   0  0.51 0.00
   24 L    -2  -3  -4  -4  -1  -2  -3  -4  -3   2   4  -3   2   0  -3  -3  -1  -2  -1   1    0   0   0   0   0   0   0   0   0   0 100   0   0   0   0   0   0   0   0   0  0.46 0.00
   25 K    -1   2   0  -1  -4   1   1  -2  -1  -3  -3   5  -2  -4  -1   0  -1  -3  -2  -3    0   0   0   0   0   0   0   0   0   0   0 100   0   0   0   0   0   0   0   0  0.53 0.01
   26 C    -1  -4  -3  -4  10  -3  -4  -3  -4  -1  -2  -4  -2  -3  -3  -1  -1  -3  -3  -1    0   0   0   0 100   0   0   0   0   0   0   0   0   0   0   0   0   0   0   0  1.24 0.01
   27 K    -1   2   0  -1  -4   1   1  -2  -1  -3  -3   5  -2  -4  -1   0  -1  -3  -2  -3    0   0   0   0   0   0   0   0   0   0   0 100   0   0   0   0   0   0   0   0  0.53 0.01
   28 V    -1  -3  -4  -4  -1  -3  -3  -4  -4   4   3  -3   2   0  -3  -3  -1  -3  -1   3    0   0   0   0   0   0   0   0   0  45  39   0   0   0   0   0   0   0   0  16  0.34 0.00
   29 S     1  -1   0  -1  -1  -1  -1  -1  -1  -2  -2  -1  -1   2  -1   3   3  -2   0  -1    0   0   0   0   0   0   0   0   0   0   0   0   0  15   0  54  31   0   0   0  0.28 0.00
   30 G     0  -3  -1  -2  -3  -2  -2   6  -2  -4  -4  -2  -3  -4  -2   0  -2  -3  -4  -4    0   0   0   0   0   0   0 100   0   0   0   0   0   0   0   0   0   0   0   0  1.05 0.01
   31 G     0  -3  -1  -2  -3  -2  -2   6  -2  -4  -4  -2  -3  -4  -2   0  -2  -3  -4  -4    0   0   0   0   0   0   0 100   0   0   0   0   0   0   0   0   0   0   0   0  1.05 0.01
   32 C    -1  -4  -3  -4  10  -3  -4  -3  -4  -1  -2  -4  -2  -3  -3  -1  -1  -3  -3  -1    0   0   0   0 100   0   0   0   0   0   0   0   0   0   0   0   0   0   0   0  1.24 0.01

                      K         Lambda
Standard Ungapped    0.1406     0.3217
Standard Gapped      0.0410     0.2670
PSI Ungapped         0.1406     0.3217
PSI Gapped           0.0410     0.2670
