
Last position-specific scoring matrix computed, weighted observed percentages rounded down, information per position, and relative weight of gapless real matches to pseudocounts
            A   R   N   D   C   Q   E   G   H   I   L   K   M   F   P   S   T   W   Y   V   A   R   N   D   C   Q   E   G   H   I   L   K   M   F   P   S   T   W   Y   V
    1 R    -2   1  -1   1  -4   3   6  -3  -1  -4  -3   0  -2  -4  -2  -1  -2  -3  -3  -3    0   7   0   0   0  18  75   0   0   0   0   0   0   0   0   0   0   0   0   0  0.86 0.11
    2 H     4  -2  -2  -2  -2   2  -1  -1   1  -2  -3  -1  -2  -3   1   1  -1  -3  -2  -1   67   0   0   0   0  13   0   0   5   0   0   0   0   0   6   9   0   0   0   0  0.49 0.12
    3 R    -2   7  -2  -3  -5   2  -1  -3  -1  -4  -4   3  -3  -4  -3  -2  -2  -4  -3  -4    0  72   0   0   0   7   0   0   0   0   0  21   0   0   0   0   0   0   0   0  1.13 0.21
    4 H    -1  -2  -1   0  -2  -1   0  -3   1   1   1   0   2  -2  -2  -1   3  -3  -2   1    0   0   0   7   0   0   7   0   6  11  15   5   7   0   0   0  31   0   0  11  0.18 0.09
    5 C    -2  -5  -5  -6  11  -5  -6  -4  -5  -3  -3  -5  -3  -4  -5  -3  -3  -4  -4  -3    0   0   0   0 100   0   0   0   0   0   0   0   0   0   0   0   0   0   0   0  2.78 0.37
    6 F    -1   3  -1   0  -4   2   4  -3  -1  -3  -2   3  -1  -2  -2  -1  -1  -3  -2  -3    2  17   0   0   0   7  42   0   0   0   2  23   2   2   0   0   2   0   0   0  0.54 0.14
    7 S     1   1   1  -1  -2   0  -1  -1  -2  -2  -2   0  -2  -3  -2   3   3  -4  -2   0    8   7   5   0   0   2   0   2   0   0   0   5   0   0   0  42  20   0   0   9  0.33 0.11
    8 Q    -2   3  -1   0  -4   4   1  -3  -1  -3  -1   2  -1  -3   3  -1  -2  -3  -3  -3    0  19   0   3   0  26   7   0   0   0  10  16   0   0  16   2   0   0   0   0  0.47 0.12
    9 S     0  -2  -1  -2  -2  -2  -2   0  -2  -4  -4  -2  -3  -4  -2   6   0  -4  -3  -3    0   0   0   0   0   0   0   6   0   0   0   0   0   0   0  94   0   0   0   0  1.06 0.26
   10 H     0  -1   2   1  -3   0  -1   1   6  -3  -1   0  -2  -3  -3  -1   0  -4  -1  -3   12   0  14   9   0   4   0   9  32   0   6   7   0   0   0   0   6   0   0   0  0.37 0.12
   11 K    -1   4   1  -1  -3   0  -1   1   1  -3  -2   3  -2  -3  -2   0   2  -4  -2  -3    0  28   6   3   0   0   0  14   4   0   2  21   0   0   0   5  17   0   0   0  0.34 0.10
   12 F    -3  -4  -4  -4  -3  -4  -4  -4  -2  -2  -1  -4  -1   8  -4  -3  -3   5   3  -2    0   0   0   0   0   0   0   0   0   0   1   0   0  81   0   0   0   8   6   0  1.38 0.23
   13 V    -1   1   0  -2  -3   1   0  -2   3  -2  -3   5  -2  -3   1   0  -1  -3  -2  -1    0   4   3   0   0   3   0   0  10   0   1  55   0   0   6   9   0   0   0   8  0.46 0.13
   14 G    -1  -4  -2  -3  -4  -3  -4   7  -3  -5  -5  -3  -4  -4  -4  -2  -3  -4  -1  -5    0   0   0   0   0   0   0  96   0   0   0   0   0   0   0   0   0   0   4   0  1.59 0.24
   15 A     0  -2  -3  -3  -2  -2  -2  -3   1   1   1  -1   2  -1   4  -1   0  -2   1   1   12   0   0   0   0   0   0   0   6   5  21   2   9   0  22   0   5   0   6  12  0.30 0.08
   16 C    -2  -5  -5  -6  11  -5  -6  -4  -5  -3  -3  -5  -3  -4  -5  -3  -3  -4  -4  -3    0   0   0   0 100   0   0   0   0   0   0   0   0   0   0   0   0   0   0   0  2.78 0.37
   17 L    -1  -3  -2  -3  -2  -3  -3  -1  -3   2   2  -3   2   2  -3  -2   1  -2  -1   2    0   0   2   0   0   0   0   5   0  14  24   0   7  14   0   0  12   0   0  23  0.25 0.08
   18 R    -1   2   3  -1  -3  -1  -1  -1   0  -3  -3   1  -2  -4   1   4   1  -4  -3  -3    0  14  16   0   0   0   0   2   2   0   0   6   0   0   5  46   9   0   0   0  0.44 0.13
   19 E    -1  -2   2   5  -3  -1   1  -2  -2  -4  -4   1  -3  -4  -2   2   0   4  -3  -3    2   0   9  49   0   0   6   0   0   0   0   8   0   0   0  16   4   6   0   0  0.65 0.14
   20 S    -1   1   2  -1  -3   1  -1   0   4  -3  -3   0  -2  -3   1   2   2  -3  -1  -2    0  11  10   2   0   5   0   5  17   0   0   5   0   0   6  18  20   0   0   0  0.32 0.10
   21 N    -1  -2   7   1  -4  -1  -1   0   1  -4  -5  -1  -3  -4   1   1  -1  -5  -3  -4    5   0  71   3   0   0   0   6   3   0   0   0   0   0   6   6   0   0   0   0  0.94 0.21
   22 C    -2  -5  -5  -6  11  -5  -6  -4  -5  -3  -3  -5  -3  -4  -5  -3  -3  -4  -4  -3    0   0   0   0 100   0   0   0   0   0   0   0   0   0   0   0   0   0   0   0  2.78 0.37
   23 E     4   1   0   1  -2  -1   0   0  -2  -3  -3   1  -2  -3  -2   0  -1  -4  -3  -2   51   9   5  11   0   0   4   4   0   0   0  12   0   0   0   3   0   0   0   0  0.35 0.12
   24 N    -1   1   4  -1  -3   2   0  -2  -1  -1  -2   2  -2  -3  -2   1   1  -4  -3  -2    0   3  29   0   0  13   0   0   0   7   3  20   0   0   0  15   9   0   0   0  0.33 0.11
   25 V     0  -3  -3  -4  -2   0  -3  -4   1   2  -1  -3  -1  -2  -3  -1  -1  -4  -2   5    8   0   0   0   0   5   0   0   5   3   0   0   0   0   0   5   0   0   0  73  0.56 0.18
   26 C    -2  -5  -5  -6  11  -5  -6  -4  -5  -3  -3  -5  -3  -4  -5  -3  -3  -4  -4  -3    0   0   0   0 100   0   0   0   0   0   0   0   0   0   0   0   0   0   0   0  2.78 0.37
   27 K    -2   3  -1  -2  -3   2   0  -3   3   1   1   1   0  -2  -1  -1   0  -3  -1  -1    0  26   0   0   0  12   2   0  12  14  15   8   2   0   3   0   6   0   0   0  0.24 0.09
   28 T    -1   1   3  -1  -3   2  -1  -1  -1  -3  -3   1  -2  -3  -2   2   3  -3   0  -2    0   9  20   0   0  14   0   3   0   0   0   5   0   0   0  16  29   0   5   0  0.35 0.12
   29 E    -2  -2  -2   0  -5   1   7  -4  -2  -5  -5  -1  -4  -5  -3  -2  -2  -5  -4  -4    0   0   0   0   0   0 100   0   0   0   0   0   0   0   0   0   0   0   0   0  1.51 0.29
   30 G    -1   0   0  -2  -4  -2  -2   6   3  -5  -4   0  -3  -4  -3  -1  -2  -3  -1  -4    0   4   3   0   0   0   0  72  10   0   0   6   0   0   0   2   0   0   2   0  0.97 0.18
   31 F    -1  -4  -4  -5  -3  -4  -4  -4  -2  -2   0  -4  -1   7  -5  -3  -3   5   3  -2    5   0   0   0   0   0   0   0   0   0   5   0   0  71   0   0   0   9   9   0  1.21 0.22
   32 P    -1  -2  -1  -1  -2  -1  -1   1  -2  -1  -1   0  -2  -3   4   1   2  -4  -3   0    0   0   2   3   0   0   0  12   0   2   5   8   0   0  27  17  16   0   0   8  0.40 0.09
   33 S     0   1  -1   3  -3  -1  -1   4   1  -4  -4  -1  -3  -4  -3   0  -1  -4  -3  -3    7  11   0  21   0   0   0  45   5   0   0   0   0   0   0   8   3   0   0   0  0.54 0.12
   34 G    -1  -4  -2  -3  -4  -3  -4   7  -4  -5  -5  -3  -4  -5  -4  -2  -3  -4  -5  -5    0   0   0   0   0   0   0 100   0   0   0   0   0   0   0   0   0   0   0   0  1.71 0.26
   35 E    -2   3   3   2  -4   1   1  -2   2  -4  -4   3  -2  -4  -2   1  -1  -4  -2  -3    0  20  17  15   0   3   5   0   8   0   0  21   0   0   0  11   0   0   0   0  0.43 0.10
   36 C    -2  -5  -5  -6  11  -5  -6  -4  -5  -3  -3  -5  -3  -4  -5  -3  -3  -4  -4  -3    0   0   0   0 100   0   0   0   0   0   0   0   0   0   0   0   0   0   0   0  2.79 0.37
   37 K    -1   3   2   3  -3   0   1  -2  -1  -3  -3   2  -2  -3  -2   1  -1  -3  -2  -1    1  19  15  25   0   0   4   1   0   1   1  18   0   0   1   9   1   0   0   5  0.36 0.09
   38 W     0   0   0   1  -1   0   0   1   0  -1  -1   0  -1   1  -1   0   0   2   1  -1    4   5   2   8   1   6   3  13   1   3   5   9   1  10   3   9   3   4   7   3  0.05 0.01
   39 H    -1  -1   0   1  -1   0   0  -1   4   0   0  -1  -1   0  -1  -1  -1  -1   1   0    4   3   2  11   1   2   3   4  22   7   7   3   1   6   3   4   3   1   5   9  0.10 0.03
   40 G     0  -2  -1  -2  -2  -2  -2   5   1  -1  -2  -2  -2   2  -2  -1  -2  -2  -1  -1    4   1   1   1   0   1   1  59   4   3   2   1   0  11   1   2   1   0   1   4  0.56 0.10
   41 I     0  -2  -2  -3  -2  -2  -2  -2  -2   2   1  -2   0   4   2  -2  -1  -1   0   1    8   1   1   1   0   1   1   1   0  18   8   1   0  30  11   1   3   0   1  11  0.24 0.07
   42 V     0   3   0  -1  -2   0   0  -1   1  -1   1   0   1   1  -2   0   0  -2  -1  -1    6  27   4   1   0   3   7   3   5   1  15   1   6   7   1   5   3   0   0   4  0.11 0.05
   43 S    -2   6   0  -2  -4   0  -1  -2   2  -3  -2   1  -2  -3  -3  -1  -2  -3  -2  -3    1  74   4   1   0   0   1   3   6   1   4   1   0   0   1   4   1   0   0   1  0.87 0.18
   44 K    -2   6  -1  -2  -5   2  -1  -3   1  -4  -4   4  -2  -4  -3  -2  -2  -4  -3  -4    0  62   0   0   0   8   0   0   4   0   0  26   0   0   0   0   0   0   0   0  0.99 0.20
   45 C    -2  -5  -5  -6  11  -5  -6  -4  -5  -3  -3  -5  -3  -4  -5  -3  -3  -4  -4  -3    0   0   0   0 100   0   0   0   0   0   0   0   0   0   0   0   0   0   0   0  2.79 0.37
   46 H    -2  -2  -3  -4  -3  -2  -3  -4   2   2   0   0   2   4  -4  -2  -2   4   4   0    0   0   0   0   0   0   0   0   7  16   5  11   9  25   0   0   0   5  17   6  0.39 0.11
   47 C    -2  -5  -5  -6  11  -5  -6  -4  -5  -3  -3  -5  -3  -4  -5  -3  -3  -4  -4  -3    0   0   0   0 100   0   0   0   0   0   0   0   0   0   0   0   0   0   0   0  2.79 0.37
   48 K    -1   0   0   0  -2  -1   0  -3  -2   1  -2   0   0  -1  -2   1   4  -2   3  -1    0   4   2   5   0   0   4   0   0  11   0   5   2   0   0   8  44   0  13   1  0.30 0.13
   49 R    -2   5  -2  -2  -4   0  -1  -3  -2  -3  -2   5  -2  -4  -3  -2  -1  -4  -3  -1    0  43   0   0   0   0   0   0   0   0   2  46   0   0   0   0   4   0   0   6  0.80 0.19
   50 I    -1  -1   1   1  -3   2  -1  -2   2  -1  -2   0  -2  -3   5  -1  -2  -4  -2  -2    5   2   9   9   0  17   0   2   8   5   3   2   0   0  33   2   0   0   0   2  0.54 0.12
   51 C    -2  -6  -5  -6  11  -5  -6  -5  -5  -3  -3  -5  -3  -4  -5  -3  -3  -4  -4  -3    0   0   0   0 100   0   0   0   0   0   0   0   0   0   0   0   0   0   0   0  2.86 0.39

                      K         Lambda
Standard Ungapped    0.1380     0.3287
Standard Gapped      0.0442     0.2670
PSI Ungapped         0.1444     0.3170
PSI Gapped           0.0442     0.2670
