
Last position-specific scoring matrix computed, weighted observed percentages rounded down, information per position, and relative weight of gapless real matches to pseudocounts
            A   R   N   D   C   Q   E   G   H   I   L   K   M   F   P   S   T   W   Y   V   A   R   N   D   C   Q   E   G   H   I   L   K   M   F   P   S   T   W   Y   V
    1 G     0  -3   0  -1  -3  -2  -2   6  -2  -4  -4  -2  -3  -3  -2   0  -2  -3  -3  -3    0   0   0   0   0   0   0 100   0   0   0   0   0   0   0   0   0   0   0   0  1.04 0.00
    2 G    -1  -2  -1   0  -3   0   3   5  -2  -4  -4  -1  -3  -4  -2  -1  -2  -3  -3  -3    0   0   0   0   0   0  35  65   0   0   0   0   0   0   0   0   0   0   0   0  0.76 0.07
    3 F    -3  -4  -4  -4   1  -4  -4  -4  -2  -1   0  -4  -1   7  -4  -3  -3   0   4  -2    0   0   0   0   4   0   0   0   0   0   0   0   0  88   0   0   0   0   8   0  1.08 0.12
    4 G     0  -2  -1  -2  -3   1  -2   6  -2  -3  -3  -2   1  -3  -3  -1  -2  -3  -3  -3    0   0   0   0   0  10   0  81   0   0   0   0   9   0   0   0   0   0   0   0  0.92 0.09
    5 C    -1  -5  -4  -5  10  -4  -5  -4  -4  -2  -2  -4  -3  -4  -4  -2  -2  -4  -4  -2    0   0   0   0 100   0   0   0   0   0   0   0   0   0   0   0   0   0   0   0  2.18 0.21
    6 P     0  -3  -3  -3  -3  -2  -2  -3  -3  -1  -1  -2   3   0   7  -2  -2  -3  -2   0    5   0   0   0   0   0   0   0   0   0   0   0  19   6  62   0   0   0   0   7  1.16 0.12
    7 F     2  -2  -1  -3  -2  -2  -2  -2  -2  -1   1  -2   1   3  -2  -1  -1   5   1  -1   30   0   5   0   0   0   0   0   0   0  19   0   6  23   0   0   0  12   0   0  0.27 0.06
    8 N    -2  -1   6   3  -3  -1   0  -1   0  -3  -3  -1  -2  -3  -2   0  -1  -3  -2  -3    1   1  68  19   0   1   1   1   0   1   1   1   0   1   1   1   1   0   0   1  0.74 0.10
    9 I     0   0  -1  -1  -1   1   1  -1  -1   1   0   0   1  -1  -1   0   0  -1  -1   1    4   3   2   3   1   8  11   4   1  20   5   9   8   2   3   4   3   1   2   9  0.03 0.01
   10 D    -1  -1   1   4  -2   0   1   1  -1  -2  -2  -1  -2  -2  -1   1   0  -2  -2  -2    3   2   2  45   1   2   3  10   1   2   4   3   1   2   2   9   3   1   1   3  0.31 0.03
   11 N    -1  -1   0   1  -1  -1  -1  -1  -1   0   0  -1   2   0   0   0   0   4   2   1    3   2   5   9   1   2   2   3   1   2   3   2  13   1   5   9   6   7   9  14  0.07 0.02
   12 Q     0   1   1  -1  -2   3   2  -2  -1  -2  -1   1   2  -2  -2   0   0  -3  -2  -1   12   4   7   0   0  29  16   0   0   0   4   6  11   0   0   0   7   0   0   0  0.24 0.05
   13 G    -1   0   0  -1  -3  -1  -1   5  -1  -3  -3   1   0  -2  -2  -1  -2  -2   1  -3    1   5   5   0   0   0   0  54   0   0   1  17   5   0   0   1   0   0  10   0  0.47 0.06
   14 N     0  -1   2   2  -3   3   1  -2  -1  -3  -3   1  -2  -2  -2   0  -1   5   1  -2   13   0  11  12   0  21   9   0   0   0   0   6   0   0   0   7   0  11   8   0  0.32 0.05
   15 C    -1  -5  -4  -5  10  -4  -5  -4  -4  -2  -2  -4  -3  -4  -4  -2  -2  -4  -4  -2    0   0   0   0 100   0   0   0   0   0   0   0   0   0   0   0   0   0   0   0  2.18 0.21
   16 H    -2  -1   0   2  -4   1   3  -3   7  -4  -4   0  -2  -3  -2  -1  -2  -3   0  -4    0   0   0  12   0   6  22   0  53   0   0   6   0   0   0   0   0   0   0   0  0.79 0.11
   17 N     0   4   3   1  -3   0   0  -2  -1  -3  -3   2  -2  -3  -2   1   1  -4  -2  -2    5  32  21   8   0   0   0   0   0   0   0  15   0   0   0   9  11   0   0   0  0.37 0.06
   18 H    -2  -1   0  -2  -4   0  -1  -3   9  -4  -4  -2  -3  -2  -3   1  -2  -3   1  -4    0   0   0   0   0   0   0   0  89   0   0   0   0   0   0  11   0   0   0   0  1.44 0.18
   19 C    -1  -5  -4  -5  10  -4  -5  -4  -4  -2  -2  -4  -3  -4  -4  -2  -2  -4  -4  -2    0   0   0   0 100   0   0   0   0   0   0   0   0   0   0   0   0   0   0   0  2.18 0.21
   20 Q    -2   3  -1  -1  -4   5   1  -3  -1  -3  -2   3  -1  -4  -2  -1  -1  -3  -2  -3    0  14   0   0   0  53   0   0   0   0   5  28   0   0   0   0   0   0   0   0  0.64 0.11
   21 S     1  -1   0   1  -2   1   0  -1  -1  -3  -3   1  -2  -3  -1   4   1  -3  -2  -2   12   0   0   8   0   6   0   0   0   0   0  11   0   0   0  55   8   0   0   0  0.39 0.08
   22 I     1  -2  -2  -2  -1  -2  -2  -2  -3   4   0  -2   0  -1  -2   0   1  -3  -2   2   13   1   0   1   0   0   1   1   0  56   1   1   0   0   1   7  11   0   0   7  0.25 0.06
   23 R     0   2   0   0  -2   1   2  -1  -1  -2  -2   2  -1  -2   1   1   0  -2  -2  -2    8  15   1   1   0   1  17   2   0   1   2  20   1   1   6  16   6   0   1   1  0.22 0.03
   24 G     0  -2  -1  -1  -2  -1   0   5   1  -3  -3  -1  -2  -2  -2  -1  -1  -2  -2  -2    2   1   1   1   0   1   8  65   6   1   2   1   1   1   1   2   1   0   1   2  0.61 0.06
   25 R    -2   4  -1   1  -3   2   2  -2   0  -3  -3   2  -2  -1  -2  -1  -1  -2   2  -3    0  40   0   6   0  12  15   0   0   0   0   9   0   0   0   0   0   0  14   0  0.43 0.07
   26 K    -1   3  -1  -1   1   1   1  -2  -1  -3  -2   5  -2  -3  -2   0  -1  -4  -2  -3    0  13   0   0   5   0   4   0   0   0   4  69   0   0   0   4   0   0   0   0  0.56 0.10
   27 G    -1  -1   1   1  -2  -1   1   4  -1  -2  -2  -1  -2   1  -2   0  -1  -2  -1  -2    2   1   6   7   0   1  16  46   0   1   2   1   0  10   1   1   1   0   1   1  0.35 0.04
   28 G    -1  -3  -1  -2  -3  -3  -3   7  -3  -5  -5  -2  -4  -4  -3  -1  -2  -3  -4  -4    0   0   0   0   0   0   0 100   0   0   0   0   0   0   0   0   0   0   0   0  1.42 0.14
   29 Y    -3  -3  -3  -4  -3  -3  -3  -4   0   1  -1  -3  -1   4  -4  -3  -2   1   7  -1    0   0   0   0   0   0   0   0   0  12   0   0   0  17   0   0   0   0  71   0  1.03 0.14
   30 C    -1  -5  -4  -5  10  -4  -5  -4  -4  -2  -2  -4  -3  -4  -4  -2  -2  -4  -4  -2    0   0   0   0 100   0   0   0   0   0   0   0   0   0   0   0   0   0   0   0  2.18 0.21
   31 H     2  -1   0   0  -3  -1  -1   1   7  -3  -3  -1  -2  -3  -2   1  -1  -3   0  -3   26   0   0   6   0   0   0  10  50   0   0   0   0   0   0   8   0   0   0   0  0.59 0.10
   32 G     0  -3  -1  -2  -3  -2  -3   6  -3  -4  -4  -2  -3  -4  -3  -1  -2  -3  -3  -4    1   0   0   0   0   0   0  93   0   0   1   0   0   0   0   1   0   0   0   0  1.21 0.12
   33 I    -1  -2  -2  -2  -2  -1  -2  -3  -2   0   0   0   2   1   3   0   3   3  -1  -1    0   0   0   0   0   0   0   0   0   7   3   8  11  10  16   4  36   5   0   0  0.28 0.06
   34 P    -1   0  -1  -2  -3   0  -1   1   1   0   1   4  -1  -1   0  -1  -1  -3  -2  -1    0   0   0   0   0   0   0  14   5   7  21  47   0   3   3   0   0   0   0   0  0.19 0.07
   35 K    -1   3   0  -1  -2   0   0   1  -1  -2  -1   2  -1  -2  -1   0  -1  -1  -1  -1    4  28   2   2   1   2   3  11   1   2   4  23   1   2   2   3   3   1   1   3  0.19 0.02
   36 Q     0   0  -1  -1  -1   2   0  -1  -1   0   1   0   0   1   1   0  -1  -1   0   0    9   2   2   2   1  18   3   3   1   2  22   3   1   9   9   3   3   1   1   3  0.07 0.01
   37 T     0   1   0  -1  -1   0   0  -1  -1   0  -1   0  -1  -1  -1   0   3  -1  -1   0    4  14   2   2   1   2   3   3   1   2   4   3   1   2   2   3  37   1   1  11  0.13 0.02
   38 C    -1  -5  -4  -5  10  -4  -5  -4  -4  -2  -2  -4  -3  -4  -4  -2  -2  -4  -4  -2    0   0   0   0 100   0   0   0   0   0   0   0   0   0   0   0   0   0   0   0  2.18 0.21
   39 K    -1   1  -1  -2  -3   0   0  -2  -2  -1  -2   5  -2  -3  -2   0   3  -4  -2  -2    0   0   0   0   0   0   0   0   0   4   0  64   0   0   0   0  32   0   0   0  0.53 0.11
   40 C    -1  -5  -4  -5  10  -4  -5  -4  -4  -2  -2  -4  -3  -4  -4  -2  -2  -4  -4  -2    0   0   0   0 100   0   0   0   0   0   0   0   0   0   0   0   0   0   0   0  2.18 0.21
   41 Y    -1  -3  -2  -3  -3  -2  -3   5   0  -3  -3  -2  -3   0  -3  -2  -2   0   6  -3    0   0   0   0   0   0   0  56   0   0   0   0   0   0   0   0   0   0  44   0  0.88 0.12
   42 K    -1   4  -1  -2  -3   0  -1  -3  -2   1  -1   3  -1  -2  -2  -1   0  -3  -2   1    0  32   0   0   0   0   0   0   0  16   0  32   0   0   0   0   5   0   0  15  0.30 0.06
   43 P    -1  -2  -2  -2   3  -1   0  -3  -2  -3  -3  -1  -3  -4   7   0  -1  -4  -3  -3    0   0   0   0  10   0   9   0   0   0   0   0   0   0  71  10   0   0   0   0  1.42 0.08
   44 M    -1   0  -2  -3  -2  -1  -2   1  -2   1   3  -1   4  -1  -3  -2  -1  -2  -2   0    0  10   0   0   0   0   0  17   0   9  39   0  25   0   0   0   0   0   0   0  0.21 0.03
   45 G     0  -2   1  -1  -2  -1  -1   4  -1  -3  -3  -1  -2  -3  -2   3   0  -3  -3  -3    0   0   8   0   0   0   0  43   0   0   0   0   0   0   0  49   0   0   0   0  0.54 0.05
   46 Y    -2   2  -2  -3  -3  -1  -2  -3   1  -2  -1  -1  -1   4  -3  -2  -2   1   7  -2    0  17   0   0   0   0   0   0   0   0   0   0   0  15   0   0   0   0  67   0  0.76 0.07
   47 K    -1   5   0  -1  -4   1   0  -2  -1  -3  -3   4  -2  -3  -2  -1  -1  -3  -2  -3    0  53   0   0   0   0   0   0   0   0   0  47   0   0   0   0   0   0   0   0  0.58 0.01
   48 T    -1   3   0   0  -3   1   3  -2  -1  -2  -2   1  -1  -3  -2   0   2  -3  -2  -2    0  35   0   0   0   0  35   0   0   0   0   0   0   0   0   0  30   0   0   0  0.37 0.00
   49 R    -1   3   0   4  -4   1   1  -2  -1  -3  -3   3  -2  -3  -2   0  -1  -4  -2  -3    0  30   0  35   0   0   0   0   0   0   0  35   0   0   0   0   0   0   0   0  0.46 0.00
   50 P    -1  -3  -3  -2  -2  -2  -2  -3  -3   1  -1  -2  -1  -2   6  -1  -1  -4  -2   2    0   0   0   0   0   0   0   0   0   0   0   0   0   0  50   0   0   0   0  50  0.79 0.00
   51 P    -1  -1  -1   0  -3   1   4  -2  -1  -3  -3   0  -2  -4   6  -1  -1  -4  -3  -3    0   0   0   0   0   0  50   0   0   0   0   0   0   0  50   0   0   0   0   0  1.01 0.00
   52 F    -2  -2   0   4  -3  -2   0  -2  -1  -1  -1  -2  -1   5  -3  -1  -2  -1   1  -2    0   0   0  50   0   0   0   0   0   0   0   0   0  50   0   0   0   0   0   0  0.43 0.00
   53 I    -1  -3  -4  -3  -1  -3  -3  -4  -4   4   2  -3   1   0  -3  -3  -1  -3  -1   3    0   0   0   0   0   0   0   0   0 100   0   0   0   0   0   0   0   0   0   0  0.39 0.00
   54 L    -2  -3  -3  -4  -2  -3  -3  -4  -2   1   3  -3   1   5  -3  -3  -2   0   2   0    0   0   0   0   0   0   0   0   0   0  50   0   0  50   0   0   0   0   0   0  0.43 0.00
   55 G     0  -2   0  -1  -2  -2  -2   6  -2  -4  -4  -2  -3  -3  -2   0  -2  -2  -3  -3    0   0   0   0   0   0   0   0   0   0   0   0   0   0   0   0   0   0   0   0  0.00     0.00

                      K         Lambda
Standard Ungapped    0.1497     0.3259
Standard Gapped      0.0417     0.2670
PSI Ungapped         0.1363     0.3187
PSI Gapped           0.0417     0.2670
