
Last position-specific scoring matrix computed, weighted observed percentages rounded down, information per position, and relative weight of gapless real matches to pseudocounts
            A   R   N   D   C   Q   E   G   H   I   L   K   M   F   P   S   T   W   Y   V   A   R   N   D   C   Q   E   G   H   I   L   K   M   F   P   S   T   W   Y   V
    1 S     0  -2   0  -1  -2  -1  -1   5  -2  -4  -4  -1  -2  -3  -2   2   0  -3  -3  -3    0   0   0   0   0   0   0  61   0   0   0   0   0   0   0  39   0   0   0   0  0.65 0.03
    2 I    -2  -3  -4  -4  -2  -3  -3  -4  -3   3   3  -3   2   2  -3  -3  -1  -2   0   2    0   0   0   0   0   0   0   0   0  30  50   0   0  13   0   0   0   0   0   7  0.35 0.02
    3 R    -2   2  -3  -3  -2  -1  -2  -4  -2   1   4  -1   1   0  -3  -2  -1  -2  -1   0    0  25   0   0   0   0   0   0   0   0  75   0   0   0   0   0   0   0   0   0  0.33 0.02
    4 D    -1  -2   2   6  -3   0   1  -1  -1  -3  -4  -1  -3  -4  -2   1   0  -4  -3  -3    0   0   8  74   0   0   0   0   0   0   0   0   0   0   0  11   7   0   0   0  0.71 0.03
    5 K     0   0   0  -1  -2   0   0  -2  -2  -2  -2   3  -1  -3  -1   1   4  -3  -2  -1    0   0   0   0   0   0   0   0   0   0   0  37   0   0   0   5  58   0   0   0  0.36 0.03
    6 I    -2  -3  -3  -4  -2  -3  -3  -1  -2   2   2  -3   1   4  -3  -2  -2  -1   1   1    0   0   0   0   0   0   0   7   0  19  34   0   0  41   0   0   0   0   0   0  0.33 0.02
    7 K    -1   2   0  -1  -4   1   1  -2  -1  -3  -3   5  -2  -4  -1   0  -1  -3  -2  -3    0   0   0   0   0   0   0   0   0   0   0 100   0   0   0   0   0   0   0   0  0.63 0.04
    8 T    -1  -1   4   3  -3   2   2  -1   0  -3  -3   0  -2  -3  -2   0   2  -4  -2  -2    0   0  43  15   0  11  12   0   0   0   0   0   0   0   0   0  19   0   0   0  0.43 0.02
    9 I    -1  -3  -3  -4  -2  -2  -3  -4  -3   2   2  -3   2   2  -3  -2  -1   4   0   2    0   0   0   0   0   0   0   0   0  13  32   0  11  12   0   0   0   8   0  25  0.31 0.01
   10 A     4  -2  -1  -2  -1  -1  -1   3  -2  -2  -2  -1  -2  -3  -1   1  -1  -3  -2  -1   77   0   0   0   0   0   0  23   0   0   0   0   0   0   0   0   0   0   0   0  0.44 0.03
   11 I    -1  -3  -4  -4  -1  -3  -4  -4  -4   5   2  -3   1   0  -3  -3  -1  -3  -2   3    0   0   0   0   0   0   0   0   0  86   7   0   0   0   0   0   0   0   0   8  0.45 0.03
   12 D     0  -1   3   3  -2   0   0   1  -1  -3  -3   0  -2  -3  -2   2   0  -4  -2  -3    0   0  24  25   0   0   0   7   0   0   0   7   0   0   0  36   0   0   0   0  0.39 0.02
   13 L     3  -2  -2  -3  -1  -2  -2  -1  -2   1   1  -2   0  -1  -2   0   0  -3  -2   1   60   0   0   0   0   0   0   0   0   8  19   0   0   0   0   0   0   0   0  14  0.22 0.02
   14 A     4  -2  -2  -2  -1  -1  -1   0  -2  -1   0  -1  -1  -2  -1   1   0  -3  -2   0   89   0   0   0   0   0   0   0   0   0  11   0   0   0   0   0   0   0   0   0  0.38 0.03
   15 K    -1   3   0  -1  -3   2   1  -2  -1  -3  -3   5  -2  -3  -1   0  -1  -3  -2  -3    0  12   0   0   0  11   0   0   0   0   0  77   0   0   0   0   0   0   0   0  0.55 0.03
   16 S     0  -2   0  -1  -2  -1  -1   5  -2  -3  -3  -1  -2  -3  -2   3   0  -3  -3  -3    0   0   0   0   0   0   0  59   0   0   0   0   0   0   0  41   0   0   0   0  0.64 0.03
   17 A     4  -2  -2  -2  -1  -1  -1   0  -2  -1  -1  -1  -1  -2  -1   1   0  -3  -2   1   88   0   0   0   0   0   0   0   0   0   0   0   0   0   0   0   0   0   0  12  0.40 0.03
   18 G     2  -2  -1  -2  -2  -2  -2   6  -2  -3  -3  -2  -3  -3  -2   0  -1  -3  -3  -2   23   0   0   0   0   0   0  77   0   0   0   0   0   0   0   0   0   0   0   0  0.82 0.03
   19 T    -1   0   0  -1  -2   4   1  -2  -1  -1  -1   1  -1  -3  -2   0   3  -3  -2   0    0   0   0   0   0  45   0   0   0   0   0   8   0   0   0   0  33   0   0  14  0.30 0.03
   20 G     1  -2   0  -1  -2  -1  -1   4  -2  -3  -3  -1  -2  -3  -2   3   0  -3  -3  -3    0   0   0   0   0   0   0  51   0   0   0   0   0   0   0  49   0   0   0   0  0.58 0.03
   21 V    -1  -3  -3  -4  -1  -3  -3  -4  -3   2   2  -3   1  -1  -3  -2   0  -3  -1   4    0   0   0   0   0   0   0   0   0   0  23   0   0   0   0   0   0   0   0  77  0.37 0.03
   22 L    -2  -3  -4  -4  -2  -2  -3  -4  -3   1   4  -3   2   0  -3  -3  -1  -2  -1   1    0   0   0   0   0   0   0   0   0   0 100   0   0   0   0   0   0   0   0   0  0.54 0.03
   23 K    -1   1   4   0  -3   0   0  -1   0  -3  -3   3  -2  -3  -2   1   1  -4  -2  -2    0   0  47   0   0   0   0   0   0   0   0  33   0   0   0  13   8   0   0   0  0.42 0.02
   24 T     2  -1   0  -1  -1  -1  -1  -1  -2  -1  -2  -1  -1  -2  -1   2   5  -3  -2   0   21   0   0   0   0   0   0   0   0   0   0   0   0   0   0   7  72   0   0   0  0.42 0.03
   25 L     0  -2  -3  -4  -1  -2  -3  -3  -3   1   4  -3   2   0  -3  -2  -1  -2  -1   1   12   0   0   0   0   0   0   0   0   0  88   0   0   0   0   0   0   0   0   0  0.41 0.03
   26 I     0  -1   0  -1  -1  -1  -1  -1  -2   0   0  -1   1  -2  -2   3   1  -3  -2   0    0   0   0   0   0   0   0   0   0  12  14   0   7   0   0  67   0   0   0   0  0.23 0.03
   27 C    -1  -4  -3  -4  10  -3  -4  -3  -4  -2  -2  -4  -2  -3  -3  -1  -1  -3  -3  -1    0   0   0   0 100   0   0   0   0   0   0   0   0   0   0   0   0   0   0   0  1.50 0.06
   28 K    -1   2   0  -1  -3   3   1  -2  -1  -3  -3   5  -1  -4  -1   0  -1  -3  -2  -3    0   0   0   0   0  14   0   0   0   0   0  86   0   0   0   0   0   0   0   0  0.57 0.04
   29 L    -2  -3  -4  -4  -2  -3  -3  -4  -3   2   4  -3   2   0  -3  -3  -1  -2  -1   1    0   0   0   0   0   0   0   0   0  19  81   0   0   0   0   0   0   0   0   0  0.46 0.02
   30 D     2  -1   0   4  -2   0   0  -1  -1  -3  -3  -1  -2  -3  -1   3   0  -4  -2  -2   23   0   0  40   0   0   0   0   0   0   0   0   0   0   0  37   0   0   0   0  0.41 0.02
   31 K    -1   3   1  -1  -3   1   1  -2  -1  -3  -3   5  -2  -3  -1   0  -1  -3  -2  -3    0   8   7   0   0   0   0   0   0   0   0  85   0   0   0   0   0   0   0   0  0.55 0.03
   32 S     0  -1   0  -1  -1  -1  -1  -1  -2  -2  -2  -1  -1  -3  -1   3   4  -3  -2  -1    0   0   0   0   0   0   0   0   0   0   0   0   0   0   0  40  60   0   0   0  0.45 0.03
   33 C    -1  -4  -3  -4  10  -3  -4  -3  -4  -2  -2  -4  -2  -3  -3  -1  -1  -3  -3  -1    0   0   0   0 100   0   0   0   0   0   0   0   0   0   0   0   0   0   0   0  1.50 0.06

                      K         Lambda
Standard Ungapped    0.1351     0.3203
Standard Gapped      0.0422     0.2670
PSI Ungapped         0.1378     0.3165
PSI Gapped           0.0422     0.2670
