
Last position-specific scoring matrix computed, weighted observed percentages rounded down, information per position, and relative weight of gapless real matches to pseudocounts
            A   R   N   D   C   Q   E   G   H   I   L   K   M   F   P   S   T   W   Y   V   A   R   N   D   C   Q   E   G   H   I   L   K   M   F   P   S   T   W   Y   V
    1 F    -3  -3  -3  -4  -3  -4  -4  -4  -1   0   0  -4   0   7  -4  -3  -2   1   3  -1    0   0   0   0   0   0   0   0   0   0   0   0   0 100   0   0   0   0   0   0  0.79 0.01
    2 L    -2  -2  -4  -4  -1  -2  -3  -4  -3   2   4  -3   2   0  -3  -3  -1  -2  -1   1    0   0   0   0   0   0   0   0   0   0 100   0   0   0   0   0   0   0   0   0  0.48 0.01
    3 P    -1  -2  -2  -2  -3  -2  -1  -2  -2  -3  -3  -1  -3  -4   8  -1  -1  -4  -3  -3    0   0   0   0   0   0   0   0   0   0   0   0   0   0 100   0   0   0   0   0  2.07 0.01
    4 F    -2  -3  -3  -4  -2  -2  -3  -4  -2   3   3  -3   3   3  -3  -2  -1  -1   0   1    0   0   0   0   0   0   0   0   0  30  26   0  24  20   0   0   0   0   0   0  0.29 0.00
    5 I    -1  -3  -4  -4  -1  -3  -3  -4  -3   4   3  -3   2   0  -3  -3  -1  -2  -1   2    0   0   0   0   0   0   0   0   0  50  37   0   0   0   0   0   0   0   0  12  0.35 0.00
    6 A     5  -2  -2  -2  -1  -1  -1   0  -2  -2  -2  -1  -1  -3  -1   1   0  -3  -2   0  100   0   0   0   0   0   0   0   0   0   0   0   0   0   0   0   0   0   0   0  0.43 0.01
    7 R     0   2   0  -1  -3  -1  -1   5  -2  -4  -3   0  -2  -3  -2   1  -1  -3  -3  -3    0  20   0   0   0   0   0  67   0   0   0   0   0   0   0  13   0   0   0   0  0.62 0.01
    8 L    -2  -3  -4  -4  -1  -3  -3  -4  -3   2   4  -3   2   0  -3  -3  -1  -2  -1   1    0   0   0   0   0   0   0   0   0  17  83   0   0   0   0   0   0   0   0   0  0.42 0.01
    9 A     5  -2  -2  -2  -1  -1  -1   0  -2  -2  -2  -1  -1  -3  -1   1   0  -3  -2   0  100   0   0   0   0   0   0   0   0   0   0   0   0   0   0   0   0   0   0   0  0.43 0.01
   10 A     5  -2  -2  -2  -1  -1  -1   0  -2  -2  -2  -1  -1  -3  -1   1   0  -3  -2   0  100   0   0   0   0   0   0   0   0   0   0   0   0   0   0   0   0   0   0   0  0.43 0.01
   11 K    -1   1   5   1  -3   1   0  -1   0  -3  -3   3  -2  -3  -2   0   0  -4  -2  -3    0   0  63   0   0   0   0   0   0   0   0  37   0   0   0   0   0   0   0   0  0.50 0.01
   12 V    -1  -3  -3  -4  -2  -3  -3  -4  -2   1   1  -3   0   5  -3  -2  -1   0   2   2    0   0   0   0   0   0   0   0   0   0   0   0   0  63   0   0   0   0   0  37  0.43 0.01
   13 F    -2  -3  -4  -4  -2  -3  -3  -4  -2   1   3  -3   1   4  -3  -3  -1  -1   1   1    0   0   0   0   0   0   0   0   0   0  50   0   0  37   0   0   0   0   0  13  0.36 0.00
   14 P    -1  -2  -2  -2  -3  -2  -1  -2  -2  -3  -3  -1  -3  -4   8  -1  -1  -4  -3  -3    0   0   0   0   0   0   0   0   0   0   0   0   0   0 100   0   0   0   0   0  2.07 0.01
   15 S     0   2   0  -1  -3   1   1  -1  -1  -3  -3   5  -2  -3  -1   1   0  -3  -2  -2    0   0   0   0   0   0   0   0   0   0   0  80   0   0   0  20   0   0   0   0  0.43 0.01
   16 I    -2  -3  -4  -4  -1  -3  -4  -4  -4   4   2  -3   1   0  -3  -3  -1  -3  -1   3    0   0   0   0   0   0   0   0   0  87  13   0   0   0   0   0   0   0   0   0  0.39 0.01
   17 I    -2  -3  -3  -4  -2  -3  -3  -4  -2   2   1  -3   0   5  -3  -2  -1   0   2   2    0   0   0   0   0   0   0   0   0  20   0   0   0  56   0   0   0   0   0  24  0.40 0.01
   18 C    -1  -4  -3  -4  10  -3  -4  -3  -3  -1  -2  -3  -2  -3  -3  -1  -1  -3  -3  -1    0   0   0   0 100   0   0   0   0   0   0   0   0   0   0   0   0   0   0   0  1.29 0.02
   19 S     1   1   0  -1  -2   1   0  -1  -1  -3  -3   4  -1  -3  -1   2   0  -3  -2  -2   17   0   0   0   0   0   0   0   0   0   0  63   0   0   0  20   0   0   0   0  0.33 0.01
   20 V    -1  -3  -4  -4  -1  -3  -3  -4  -4   4   1  -3   1   0  -3  -2  -1  -3  -1   3    0   0   0   0   0   0   0   0   0  80   0   0   0   0   0   0   0   0   0  20  0.39 0.01
   21 T     0  -1   0  -1  -1  -1  -1  -2  -2  -1  -2  -1  -1  -2  -1   2   5  -3  -2   0    0   0   0   0   0   0   0   0   0   0   0   0   0   0   0  17  83   0   0   0  0.45 0.01
   22 K    -1   3   0  -1  -3   1   1  -2  -1  -3  -3   5  -2  -3  -1   0  -1  -3  -2  -3    0  13   0   0   0   0   0   0   0   0   0  87   0   0   0   0   0   0   0   0  0.53 0.01
   23 K    -1   2   0  -1  -3   1   1  -2  -1  -3  -3   5  -2  -3  -1   0  -1  -3  -2  -3    0   0   0   0   0   0   0   0   0   0   0 100   0   0   0   0   0   0   0   0  0.55 0.01
   24 C    -1  -4  -3  -4  10  -3  -4  -3  -3  -1  -2  -3  -2  -3  -3  -1  -1  -3  -3  -1    0   0   0   0 100   0   0   0   0   0   0   0   0   0   0   0   0   0   0   0  1.29 0.02

                      K         Lambda
Standard Ungapped    0.1446     0.3388
Standard Gapped      0.0462     0.2670
PSI Ungapped         0.1508     0.3236
PSI Gapped           0.0462     0.2670
