
Last position-specific scoring matrix computed, weighted observed percentages rounded down, information per position, and relative weight of gapless real matches to pseudocounts
            A   R   N   D   C   Q   E   G   H   I   L   K   M   F   P   S   T   W   Y   V   A   R   N   D   C   Q   E   G   H   I   L   K   M   F   P   S   T   W   Y   V
    1 G     0  -3  -1  -2  -3  -2  -2   6  -2  -4  -4  -2  -3  -4  -3   0  -2  -3  -4  -4    0   0   0   0   0   0   0 100   0   0   0   0   0   0   0   0   0   0   0   0  1.09 0.02
    2 I    -2  -3  -4  -4  -2  -3  -4  -4  -3   4   3  -3   2   2  -3  -3  -1  -2  -1   2    0   0   0   0   0   0   0   0   0  50  41   0   0  10   0   0   0   0   0   0  0.36 0.02
    3 L    -2  -2  -4  -4  -2  -2  -3  -4  -3   1   4  -3   3   3  -3  -3  -1  -1   0   1    0   0   0   0   0   0   0   0   0   0  64   0  19  18   0   0   0   0   0   0  0.38 0.02
    4 S     0  -1   2   4  -2   0   1  -1  -1  -3  -3  -1  -3  -3  -1   3   0  -4  -3  -3    0   0  10  43   0   0   0   0   0   0   0   0   0   0   0  47   0   0   0   0  0.49 0.02
    5 S     1  -2   0  -1  -1  -1  -1   1  -2   0  -1  -1  -1  -2  -2   2   3  -3  -2   1   10   0   0   0   0   0   0  11   0   0   0   0   0   0   0  22  39   0   0  18  0.23 0.01
    6 I    -1  -3  -4  -4  -1  -3  -3  -4  -3   3   2  -3   1   2  -3  -2  -1  -2   0   3    0   0   0   0   0   0   0   0   0  30  10   0   0  14   0   0   0   0   0  46  0.31 0.01
    7 K    -1   2  -1  -1  -3   1   0  -2  -1  -2  -1   5   2  -3  -1   0   0  -3  -2  -2    0   0   0   0   0   0   0   0   0   0   0  77  15   0   0   0   8   0   0   0  0.37 0.03
    8 G    -1  -1   1   3  -3  -1  -1   5  -2  -4  -4   0  -3  -4  -2   0  -1  -3  -3  -4    0   0   9  22   0   0   0  60   0   0   0  10   0   0   0   0   0   0   0   0  0.60 0.02
    9 V     0  -2  -3  -3  -1  -2  -2  -3  -3   2   1  -2   2  -1  -2  -1   1  -3  -1   3    8   0   0   0   0   0   0   0   0   0  14   0   8   0   0   0  11   0   0  59  0.23 0.02
   10 A     3  -2  -2  -3  -1  -2  -2   0  -3   1   1  -2   0  -1  -2   0   0  -3  -2   2   47   0   0   0   0   0   0   8   0   0  20   0   0   0   0   0   0   0   0  25  0.17 0.01
   11 K    -1   2   0  -1  -4   1   1  -2  -1  -3  -3   6  -2  -4  -1   0  -1  -4  -2  -3    0   0   0   0   0   0   0   0   0   0   0 100   0   0   0   0   0   0   0   0  0.60 0.03
   12 G     0  -1   2   1  -2  -1  -1   4   1  -3  -3  -1  -2  -2  -2   0  -1  -2  -2  -2    8   1  16   7   0   1   1  49   7   1   2   1   0   1   1   1   1   0   1   1  0.39 0.01
   13 V     2  -2  -2  -2  -1  -1  -2  -2  -2   2   0  -2   0  -1  -1  -1   0  -2  -1   3   24   1   1   1   0   1   1   1   0   1   2   1   0   1   1   1   1   0   1  60  0.16 0.01
   14 A     4  -1  -1  -1  -1  -1  -1   3  -2  -2  -2  -1  -1  -2  -1   1   0  -2  -2  -1   63   1   1   1   0   1   1  21   0   1   2   1   0   1   1   1   1   0   1   1  0.29 0.01
   15 K    -1   2   0  -1  -3   1   1  -1  -1  -2  -2   5  -1  -3  -1   0  -1  -2  -2  -2    1   1   1   1   0   1   1   1   0   1   2  82   0   1   1   1   1   0   1   1  0.41 0.02
   16 N    -2  -1   6   3  -3   0   0  -1   0  -3  -4  -1  -3  -3  -2   0   1  -4  -3  -3    0   0  66  23   0   0   0   0   0   0   0   0   0   0   0   0  11   0   0   0  0.60 0.02
   17 V    -1  -3  -4  -4  -1  -3  -3  -4  -3   2   3  -3   1   0  -3  -2  -1  -3  -1   3    0   0   0   0   0   0   0   0   0   0  48   0   0   0   0   0   0   0   0  52  0.35 0.02
   18 A     4  -2  -2  -2  -1  -1  -1   0  -2  -1   0  -1  -1   0  -1   1   0  -2  -1   0   85   0   0   0   0   0   0   0   0   0   8   0   0   7   0   0   0   0   0   0  0.32 0.02
   19 A     2  -2  -1  -2  -2  -2  -2   5  -2  -2  -2  -2  -2  -3  -2   0  -1  -3  -3   0   30   0   0   0   0   0   0  58   0   0   0   0   0   0   0   0   0   0   0  12  0.52 0.02
   20 Q     0   0   1   0  -2   2   0  -1   1  -3  -3   2  -2  -3  -1   3   1  -3  -2  -2    0   0   7   0   0  16   0   0   5   0   0  15   0   0   0  52   5   0   0   0  0.31 0.02
   21 L     0  -2  -3  -4  -1  -2  -3  -3  -3   1   4  -2   3   0  -3  -2  -1  -2  -1   1   15   0   0   0   0   0   0   0   0   0  73   0  12   0   0   0   0   0   0   0  0.33 0.02
   22 L    -2  -2  -4  -4  -2  -2  -3  -4  -3   2   4  -3   3   0  -3  -3  -1  -2  -1   1    0   0   0   0   0   0   0   0   0   0  86   0  14   0   0   0   0   0   0   0  0.46 0.02
   23 D    -2  -2   1   6  -4   0   3  -2  -1  -4  -4  -1  -3  -4  -2   0  -1  -5  -3  -4    0   0   0  82   0   0  18   0   0   0   0   0   0   0   0   0   0   0   0   0  0.87 0.03
   24 T     0   1   0  -1  -3   2   1  -2  -1  -3  -3   4  -1  -3  -1   1   1  -3  -2  -2    0   0   0   0   0  12   0   0   0   0   0  59   0   0   0  18  11   0   0   0  0.37 0.02
   25 L    -2  -3  -4  -4  -2  -3  -3  -4  -3   2   4  -3   2   2  -3  -3  -2  -2  -1   1    0   0   0   0   0   0   0   0   0   0  93   0   0   7   0   0   0   0   0   0  0.47 0.02
   26 K    -1   2   0  -1  -4   1   1  -2  -1  -3  -3   6  -2  -4  -1   0  -1  -4  -2  -3    0   0   0   0   0   0   0   0   0   0   0 100   0   0   0   0   0   0   0   0  0.60 0.03
   27 C    -1  -4  -3  -4  10  -4  -4  -3  -4  -2  -2  -4  -2  -3  -3  -1  -1  -3  -3  -1    0   0   0   0 100   0   0   0   0   0   0   0   0   0   0   0   0   0   0   0  1.42 0.05
   28 K    -1   2   0  -1  -4   1   1  -2  -1  -3  -3   6  -2  -4  -1   0  -1  -4  -2  -3    0   0   0   0   0   0   0   0   0   0   0 100   0   0   0   0   0   0   0   0  0.60 0.03
   29 I    -2  -3  -4  -4  -1  -3  -4  -4  -4   4   2  -3   1   0  -3  -3  -1  -3  -2   3    0   0   0   0   0   0   0   0   0  79  14   0   0   0   0   0   0   0   0   8  0.41 0.02
   30 T     0  -1   0  -1  -1  -1  -1  -2  -2  -1  -2  -1  -1   0  -1   2   4  -2  -1  -1    0   0   0   0   0   0   0   0   0   0   0   0   0   8   0  25  67   0   0   0  0.38 0.02
   31 G     1  -3  -1  -2  -3  -2  -2   6  -2  -4  -4  -2  -3  -4  -2   0  -2  -3  -3  -3   12   0   0   0   0   0   0  88   0   0   0   0   0   0   0   0   0   0   0   0  0.94 0.02
   32 C    -1  -4  -3  -4  10  -3  -4  -3  -4  -2  -2  -4  -2  -3  -3  -1  -1  -3  -3  -1    0   0   0   0 100   0   0   0   0   0   0   0   0   0   0   0   0   0   0   0  1.31 0.02

                      K         Lambda
Standard Ungapped    0.1343     0.3187
Standard Gapped      0.0410     0.2670
PSI Ungapped         0.1343     0.3187
PSI Gapped           0.0410     0.2670
