
Last position-specific scoring matrix computed, weighted observed percentages rounded down, information per position, and relative weight of gapless real matches to pseudocounts
            A   R   N   D   C   Q   E   G   H   I   L   K   M   F   P   S   T   W   Y   V   A   R   N   D   C   Q   E   G   H   I   L   K   M   F   P   S   T   W   Y   V
    1 D    -1  -1   0   4  -4   2   5  -2   0  -4  -3   0  -2  -4  -1   0  -1  -3  -3  -3    0   0   0  26   0   0  74   0   0   0   0   0   0   0   0   0   0   0   0   0  0.69 0.01
    2 S     1  -1   0  -1  -2  -1  -1   4  -2  -3  -3  -1  -2  -3  -1   3   1  -3  -2  -2    0   0   0   0   0   0   0  37   0   0   0   0   0   0   0  63   0   0   0   0  0.50 0.02
    3 Y    -1  -2  -3  -4  -2  -2  -3  -4  -1   1   2  -2   1   1  -3  -2  -1   0   5   2    0   0   0   0   0   0   0   0   0   0  41   0   0   0   0   0   0   0  36  24  0.34 0.02
    4 K    -1   1   1  -1  -3   1   0  -2  -1  -1  -2   4  -1  -3  -2  -1  -1  -3  -2   0    0   0  11   0   0   0   0   0   0   0   0  70   0   0   0   0   0   0   0  19  0.33 0.03
    5 K    -1   3  -1  -1  -3   2   0  -2  -1  -3  -3   4  -2  -4   3   0  -1  -3  -2  -3    0  24   0   0   0  11   0   0   0   0   0  43   0   0  15   7   0   0   0   0  0.51 0.04
    6 I    -2  -2  -3  -2  -2   0   0  -4  -2   4   2  -2   1   0  -3  -2   0  -2   1   2    0   0   0   0   0   6   7   0   0  61  12   0   0   0   0   0   7   0   6   0  0.24 0.04
    7 D    -2  -1   2   6  -4   2   2  -2  -1  -4  -4   0  -3  -4  -2   0  -1  -4  -3  -3    0   0   6  64   0  18  12   0   0   0   0   0   0   0   0   0   0   0   0   0  0.76 0.05
    8 C    -1  -5  -4  -5  10  -4  -5  -4  -4  -2  -2  -4  -2  -3  -4  -2  -2  -3  -3  -2    0   0   0   0 100   0   0   0   0   0   0   0   0   0   0   0   0   0   0   0  1.95 0.13
    9 G    -1  -2   1   2  -3   0  -1   4  -2  -3  -3   0  -3  -4   2  -1  -1  -3  -3  -2    0   0  10  16   0   4   0  49   0   0   0   5   0   0  10   0   0   0   0   6  0.49 0.04
   10 G     0  -1   0  -1  -3   1  -1   3   1  -3  -3   1  -2  -3   3   2   0  -3  -2  -3    0   0   0   0   0   6   0  29   5   0   0  12   0   0  19  28   0   0   0   0  0.45 0.04
   11 A     1   3  -1  -1  -3   1   2  -2  -1  -2  -1   3  -1  -3  -2   0  -1  -3  -2  -2   22  22   0   0   0   4  13   0   0   0   6  32   0   0   0   0   0   0   0   0  0.31 0.04
   12 C    -1  -5  -4  -5  10  -4  -5  -4  -4  -2  -2  -4  -2  -3  -4  -2  -2  -3  -3  -2    0   0   0   0 100   0   0   0   0   0   0   0   0   0   0   0   0   0   0   0  1.95 0.13
   13 A     1   0   2   1  -2   1   1   1  -1  -2  -2   1  -2  -3  -2   1   1  -3  -2  -1   13   0  16   6   0   5  11  14   0   0   0  13   0   0   0   4  13   0   0   5  0.20 0.02
   14 A     0   2  -1   0  -2  -1   0   1  -1  -1  -1   0  -1   0  -2  -1   0  -1   2   0   13  23   0   8   0   0   5  11   0   0   5   0   0   4   0   0   6   0  13  12  0.08 0.02
   15 R    -2   7  -1  -2  -4   0  -1  -3  -1  -4  -3   2  -2  -4  -3  -1  -2  -4  -2  -3    0 100   0   0   0   0   0   0   0   0   0   0   0   0   0   0   0   0   0   0  1.13 0.10
   16 C    -1  -5  -4  -5  10  -4  -5  -4  -4  -2  -2  -4  -2  -3  -4  -2  -2  -3  -3  -2    0   0   0   0 100   0   0   0   0   0   0   0   0   0   0   0   0   0   0   0  1.95 0.13
   17 R     0   2   0  -1  -2   0  -1   0  -1  -3  -3   1  -2  -3  -2   4   1  -3  -2  -2    0  13   0   0   0   0   0   6   0   0   0  12   0   0   0  69   0   0   0   0  0.45 0.07
   18 L     1   1   1  -1  -3   1   1  -2  -1  -2   0   4  -1  -2  -2   0  -1  -3  -2  -2   14   0   8   0   0   6   6   0   0   0  18  48   0   0   0   0   0   0   0   0  0.24 0.04
   19 S     2  -1  -1  -1  -1  -1  -1  -1   1  -2  -2  -1  -1  -3  -1   3   3  -3  -2  -1   31   0   0   0   0   0   0   0   6   0   0   0   0   0   0  26  36   0   0   0  0.36 0.05
   20 S     0   0   0  -1  -2   1  -1   3  -1  -3  -3   0  -2  -3  -2   4   0  -3  -2  -3    0   5   0   0   0  10   0  23   0   0   0   4   0   0   0  58   0   0   0   0  0.43 0.06
   21 R     0   4  -1  -2  -3   1  -1  -3   4  -2  -1   0   1   0  -3  -1  -2  -1   4  -2    8  41   0   0   0   5   0   0  14   0   5   0   6   0   0   0   0   0  22   0  0.37 0.05
   22 P    -1   1  -1  -1  -3   1   0  -2   5  -3  -3   3  -2  -3   4  -1   0  -3  -1  -3    5   4   0   0   0   8   0   0  22   0   0  35   0   0  22   0   4   0   0   0  0.51 0.05
   23 R    -2   2   2   3  -4   1   2  -2  -1  -4  -3   4  -2  -4  -2   0  -1  -4  -3  -3    0  13  15  22   0   0   9   0   0   0   0  41   0   0   0   0   0   0   0   0  0.47 0.05
   24 L     0   3  -2  -2  -2  -1   0  -3  -2   0   1   0   0  -2   4  -1  -1  -3  -2   0    6  26   0   0   0   0   5   0   0   0  26   0   0   0  26   0   0   0   0  11  0.37 0.04
   25 C    -1  -5  -4  -5  10  -4  -5  -4  -4  -2  -2  -4  -2  -3  -4  -2  -2  -3  -3  -2    0   0   0   0 100   0   0   0   0   0   0   0   0   0   0   0   0   0   0   0  1.95 0.13
   26 H    -2  -2  -1  -3  -2  -1  -2  -3   4   1   3  -2   4   0  -3  -2  -1  -2  -1   0    0   0   4   0   0   0   0   0  19   6  48   0  24   0   0   0   0   0   0   0  0.34 0.05
   27 R    -2   4  -1  -2  -3   0  -1  -3  -1  -2  -2   3  -1   3  -2  -1   0  -2   0  -2    0  37   0   0   0   0   0   0   0   0   0  31   0  26   0   0   6   0   0   0  0.42 0.05
   28 A     2  -2  -3  -3  -2  -2  -2  -2   0  -1  -1  -2  -1   4  -3  -1  -2   0   5  -1   37   0   0   0   0   0   0   0   0   0   0   0   0  32   0   0   0   0  31   0  0.49 0.06
   29 C    -1  -5  -4  -5  10  -4  -5  -4  -4  -2  -2  -4  -2  -3  -4  -2  -2  -3  -3  -2    0   0   0   0 100   0   0   0   0   0   0   0   0   0   0   0   0   0   0   0  1.95 0.13
   30 G    -1  -1   4  -1  -3   1  -1   4  -1  -3  -2  -1  -2  -3  -3   0  -1  -3  -3  -1    0   0  31   0   0  13   0  46   0   0   4   0   0   0   0   0   0   0   0   6  0.48 0.05
   31 T    -1   0  -1  -2  -2  -1  -1  -2  -2   2  -1   3  -1  -2  -2   1   2  -3  -2   0    0   0   0   0   0   0   0   0   0  31   0  32   0   0   0  13  24   0   0   0  0.19 0.05
   32 C    -1  -5  -4  -5  10  -4  -5  -4  -4  -2  -2  -4  -2  -3  -4  -2  -2  -3  -3  -2    0   0   0   0 100   0   0   0   0   0   0   0   0   0   0   0   0   0   0   0  1.95 0.13
   33 C    -1  -5  -4  -5  10  -4  -5  -4  -4  -2  -2  -4  -2  -3  -4  -2  -2  -3  -3  -2    0   0   0   0 100   0   0   0   0   0   0   0   0   0   0   0   0   0   0   0  1.95 0.13
   34 A     2   1   1  -1  -2   1   2  -1   0  -2  -2   1  -2  -1  -2   0  -1  -2   2  -2   32   6   8   0   0   5  20   0   0   0   0  11   0   0   0   4   0   0  15   0  0.22 0.03
   35 R    -1   4  -1   1  -4   1   1  -2  -1  -3  -3   4  -2  -4  -2  -1   0  -4  -2  -3    0  32   0   6   0   0   5   0   0   0   0  52   0   0   0   0   5   0   0   0  0.55 0.06
   36 C    -1  -5  -4  -5  10  -4  -5  -4  -4  -2  -2  -4  -2  -3  -4  -2  -2  -3  -3  -2    0   0   0   0 100   0   0   0   0   0   0   0   0   0   0   0   0   0   0   0  1.95 0.13
   37 N    -2  -1   4  -1  -3   1  -1  -2   2  -1   2   1   0  -2  -3  -1  -1  -3  -2  -1    0   0  39   0   0  11   0   0   8   0  32  11   0   0   0   0   0   0   0   0  0.26 0.05
   38 C    -1  -5  -4  -5  10  -4  -5  -4  -4  -2  -2  -4  -2  -3  -4  -2  -2  -3  -3  -2    0   0   0   0 100   0   0   0   0   0   0   0   0   0   0   0   0   0   0   0  1.95 0.13
   39 V    -1  -3  -4  -4  -1  -3  -3  -4  -4   2   0  -3   0  -1  -3  -2  -1  -4  -2   5    0   0   0   0   0   0   0   0   0   0   0   0   0   0   0   0   0   0   0 100  0.65 0.09
   40 P     0  -3  -3  -2  -4  -2  -2  -3  -3  -4  -4  -2  -3  -4   8  -1  -2  -5  -4  -3    5   0   0   0   0   0   0   0   0   0   0   0   0   0  95   0   0   0   0   0  2.14 0.11
   41 P     0  -2  -1  -2  -3  -1  -1  -2  -2  -3  -3   0  -3  -4   7   2  -1  -4  -3  -3    4   0   0   0   0   0   0   0   0   0   0   5   0   0  63  28   0   0   0   0  1.25 0.08
   42 G     0  -3  -1  -2  -3  -2  -3   7  -3  -5  -5  -2  -3  -4  -3  -1  -2  -3  -4  -4    0   0   0   0   0   0   0 100   0   0   0   0   0   0   0   0   0   0   0   0  1.32 0.09
   43 T    -1  -2  -1  -2  -2  -1  -2  -2  -2  -1  -2  -1  -1  -2  -2   1   6  -3   1   0    0   0   0   0   0   0   0   0   0   0   0   0   0   0   0   0  89   0   6   5  0.66 0.09
   44 S     0  -2  -2  -3  -2  -2  -2  -2   0  -2  -2  -2  -2   3  -3   1  -1   1   7  -2    8   0   0   0   0   0   0   0   0   0   0   0   0   9   0  22   0   0  60   0  0.64 0.08
   45 G     0  -3  -1  -2  -3  -2  -3   7  -3  -5  -5  -2  -3  -4  -3  -1  -2  -3  -4  -4    0   0   0   0   0   0   0 100   0   0   0   0   0   0   0   0   0   0   0   0  1.32 0.09
   46 N    -2  -1   7   1  -4  -1  -1  -1   3  -4  -4  -1  -3  -4  -3   0  -1  -4  -2  -4    0   0  91   0   0   0   0   0   9   0   0   0   0   0   0   0   0   0   0   0  1.02 0.10
   47 T    -1   1  -1  -1  -3   1   1  -2   1  -3  -3   4  -2  -2  -2   0   2  -2   2  -2    0   0   0   0   0   0   8   0   4   0   0  61   0   0   0   0  17   0  10   0  0.40 0.06
   48 E    -1  -1   0   4  -4   3   3  -2   4  -4  -3   0  -2  -3  -2  -1  -1  -3  -1  -3    5   0   0  30   0  27  18   0  19   0   0   0   0   0   0   0   0   0   0   0  0.53 0.05
   49 T     0   0  -1   0  -2   0   3  -2  -1  -1   0   1  -1  -2  -2   1   1  -3  -2   1    0   0   0   0   0   0  28   0   0   0   8  16   0   0   0  18  13   0   0  18  0.18 0.03
   50 C    -1  -5  -4  -5  10  -4  -5  -4  -4  -2  -2  -4  -2  -3  -4  -2  -2  -3  -3  -2    0   0   0   0 100   0   0   0   0   0   0   0   0   0   0   0   0   0   0   0  1.95 0.13
   51 P     0  -2  -2  -2  -3   0  -1  -2  -2  -3  -3  -1  -3  -4   8   1  -1  -4  -3  -3    6   0   0   0   0   5   0   0   0   0   0   0   0   0  77  12   0   0   0   0  1.60 0.09
   52 C    -1  -5  -4  -5  10  -4  -5  -4  -4  -2  -2  -4  -2  -3  -4  -2  -2  -3  -3  -2    0   0   0   0 100   0   0   0   0   0   0   0   0   0   0   0   0   0   0   0  1.95 0.13
   53 Y    -3  -3  -3  -4  -3  -2  -3  -4   1  -2  -2  -3  -2   2  -4  -3  -2   2   8  -2    0   0   0   0   0   0   0   0   0   0   0   0   0   0   0   0   0   0 100   0  1.42 0.12
   54 A     3   3   4  -1  -2   0  -1   0  -1  -3  -3   0  -2  -3  -2   0  -1  -3  -2  -2   40  23  32   0   0   0   0   5   0   0   0   0   0   0   0   0   0   0   0   0  0.35 0.05
   55 S    -1  -1   5   3  -3  -1   0  -1  -1  -4  -4  -1  -3  -4  -2   3   0  -4  -3  -3    0   0  45  23   0   0   0   0   0   0   0   0   0   0   0  31   0   0   0   0  0.60 0.06
   56 L    -2  -2  -3  -4  -2  -2  -3  -3  -3   1   2   0   3   0  -3  -3  -2   8   0   0    0   0   0   0   0   0   0   0   0  13  30  11  14   0   0   0   0  32   0   0  0.67 0.06
   57 T    -1   2  -1  -1  -3   0   0  -2  -2  -2  -1   4  -1  -3  -2   0   3  -3  -2  -2    0   5   0   0   0   0   0   0   0   0   6  58   0   0   0   0  31   0   0   0  0.41 0.06
   58 T    -1  -1   3  -1  -2  -1  -1  -2  -1  -2  -2  -1  -2  -3  -2   1   5  -3  -2  -1    0   0  25   0   0   0   0   0   0   0   0   0   0   0   0   6  69   0   0   0  0.57 0.08
   59 H    -1   2   0  -1  -3   2   0  -2   5  -3  -3   2  -2  -3  -2   2   0  -3  -1  -3    0  10   0   0   0  15   0   0  27   0   0  17   0   0   0  31   0   0   0   0  0.41 0.05
   60 G    -1   1  -1  -1  -3   1   2   4  -1  -4  -3   3  -2  -4  -2   0  -1  -3  -3  -3    0   4   0   0   0   4  19  37   0   0   0  31   0   0   0   4   0   0   0   0  0.44 0.04
   61 N     0  -3   2  -1  -3  -2  -2   6  -2  -4  -4  -2  -3  -4  -3  -1  -2  -3  -4  -4    0   0  13   0   0   0   0  87   0   0   0   0   0   0   0   0   0   0   0   0  1.09 0.08
   62 K    -1   3   0  -1  -3   0  -1   3  -1  -3  -3   3  -2  -3  -2   0   0  -3  -3  -3    0  23   4   0   0   0   0  35   0   0   0  29   0   0   0   0  10   0   0   0  0.42 0.04
   63 R    -1   2  -1  -2  -3  -1  -1  -2   2  -2   0   0  -1  -3   6   1  -1  -3  -2  -2    0  18   0   0   0   0   0   0   8   0  13   0   0   0  42  19   0   0   0   0  0.67 0.05
   64 K    -1   2  -1  -1  -4   1   0  -2  -1  -4  -3   6  -2  -4  -2  -1  -1  -4  -3  -3    0   0   0   0   0   0   0   0   0   0   0 100   0   0   0   0   0   0   0   0  0.85 0.10
   65 C    -1  -5  -4  -5  10  -4  -5  -4  -4  -2  -2  -4  -2  -3  -4  -2  -2  -3  -3  -2    0   0   0   0 100   0   0   0   0   0   0   0   0   0   0   0   0   0   0   0  1.95 0.13
   66 P    -2  -3  -3  -2  -4  -2  -2  -3  -3  -4  -4  -2  -3  -5   8  -2  -2  -5  -4  -3    0   0   0   0   0   0   0   0   0   0   0   0   0   0 100   0   0   0   0   0  2.32 0.12

                      K         Lambda
Standard Ungapped    0.1363     0.3249
Standard Gapped      0.0410     0.2670
PSI Ungapped         0.1363     0.3249
PSI Gapped           0.0410     0.2670
