
Last position-specific scoring matrix computed, weighted observed percentages rounded down, information per position, and relative weight of gapless real matches to pseudocounts
            A   R   N   D   C   Q   E   G   H   I   L   K   M   F   P   S   T   W   Y   V   A   R   N   D   C   Q   E   G   H   I   L   K   M   F   P   S   T   W   Y   V
    1 A     4  -2  -2  -2   0  -1  -1   0  -2  -1  -2  -1  -1  -2  -1   1   0  -3  -2   0  100   0   0   0   0   0   0   0   0   0   0   0   0   0   0   0   0   0   0   0  0.43 0.01
    2 G     0   2   0  -1  -3   0  -1   4  -2  -4  -3   3  -2  -3  -2   0  -1  -3  -3  -3    0  10   0   0   0   0   0  51   0   0   0  39   0   0   0   0   0   0   0   0  0.54 0.03
    3 A     4  -2  -1  -2  -1  -1  -1   0  -2  -2  -2  -1  -1  -3  -1   2   0  -3  -2  -1   77   0   0   0   0   0   0   0   0   0   0   0   0   0   0  23   0   0   0   0  0.46 0.06
    4 N    -1  -2   2   5  -4  -1   1   3  -1  -4  -4  -1  -3  -4  -2   0  -1  -4  -3  -4    0   0  12  62   0   0   0  26   0   0   0   0   0   0   0   0   0   0   0   0  0.72 0.05
    5 D     1  -2   0   4  -2  -1   0   1  -2   1  -1  -2  -1  -2  -2  -1  -1  -4  -2   1   14   0   0  40   0   0   0  10   0  15   0   0   0   0   0   0   0   0   0  21  0.23 0.03
    6 L    -2  -2  -3  -3  -2  -2  -3  -3  -2   1   3  -2   3   3  -3  -2   1  -1   3   0    0   0   0   0   0   0   0   0   0   0  42   0  12  21   0   0  12   0  12   0  0.32 0.04
    7 C    -2  -5  -4  -5  11  -4  -5  -4  -4  -2  -2  -4  -3  -4  -4  -2  -2  -4  -4  -2    0   0   0   0 100   0   0   0   0   0   0   0   0   0   0   0   0   0   0   0  2.25 0.25
    8 Q    -1  -1   0   5  -3   3   1  -2  -1  -2  -3   1  -2  -4  -2   0  -1  -4  -3   0    0   0   0  46   0  26   0   0   0   0   0   8   0   0   0   8   0   0   0  11  0.52 0.10
    9 E     0  -2  -2  -1  -2  -1   2   0  -2   2   0  -1   0  -2  -2  -1  -1  -3  -2   3    8   0   0   0   0   0  26  11   0  13   6   0   0   0   0   0   0   0   0  35  0.17 0.07
   10 C    -2  -5  -4  -5  11  -4  -5  -4  -4  -2  -2  -4  -3  -4  -4  -2  -2  -4  -4  -2    0   0   0   0 100   0   0   0   0   0   0   0   0   0   0   0   0   0   0   0  2.25 0.25
   11 E    -1   0  -1   0  -3   4   4  -3  -1  -2  -1   2  -1  -3  -2  -1  -1  -3  -2   0    0   0   0   0   0  27  34   0   0   0   9  19   0   0   0   0   0   0   0  11  0.40 0.09
   12 D    -2  -2   2   4  -3  -1   1  -2  -1   0   0  -1   1  -1  -2  -1   0  -3   1  -1    0   0  14  38   0   0   6   0   0  10  11   0   8   0   0   0   5   0   8   0  0.28 0.07
   13 I     0  -3  -3  -3  -2  -3  -3   0  -3   3   2  -3   1  -1  -3  -2  -1  -3  -2   3    8   0   0   0   0   0   0  10   0  34  15   0   0   0   0   0   0   0   0  32  0.29 0.07
   14 V     2  -3  -3  -3  -1  -2  -3  -3  -3   2   0  -3   0  -2  -3   0  -1  -4  -2   5   18   0   0   0   0   0   0   0   0   4   0   0   0   0   0   5   0   0   0  72  0.45 0.12
   15 H     0   1   1  -1  -2   1   0  -2   3  -2  -2   1  -1  -3  -2   2   2  -3  -1   0    8   9   4   0   0   9   0   0  13   0   0   8   0   0   0  21  19   0   0   8  0.21 0.05
   16 L     1  -2  -2  -2  -2  -1   1  -3  -2   2   1   0   0  -1  -2  -1  -1   4  -1   1   16   0   0   0   0   0  14   0   0  14  22   8   0   0   0   0   0   8   0  17  0.16 0.05
   17 L     1  -3  -3  -4  -1  -2  -3  -3  -3   2   3  -3   1  -1  -3  -2  -1  -3  -2   2   21   0   0   0   0   0   0   0   0  19  45   0   0   0   0   0   0   0   0  15  0.32 0.07
   18 T    -1  -2   1   1  -3   0   3   3  -1  -3  -2  -1   1  -3  -2   0   2  -3  -3  -2    0   0   6   9   0   0  29  27   0   0   0   0   8   0   0   0  21   0   0   0  0.34 0.08
   19 K    -2   1   3   2  -4   2   2  -2  -1  -4  -3   4  -2  -4  -2   0  -1  -4  -3  -3    0   0  25  14   0  11   8   0   0   0   0  41   0   0   0   0   0   0   0   0  0.51 0.09
   20 M    -2  -2  -3  -3  -2   0  -2   0  -2   0   2  -2   5   2  -3  -2  -2   5   0   0    0   0   0   0   0   8   0   8   0   0  28   0  31  10   0   0   0   9   0   6  0.33 0.09
   21 T     1  -2  -3  -3  -1  -2  -3  -3  -3   2   3  -2   1  -1  -2  -1   1  -3  -2   1   21   0   0   0   0   0   0   0   0  19  44   0   0   0   0   0  16   0   0   0  0.26 0.07
   22 K    -1   2   1   1  -3   2   0  -2  -1  -2  -3   4  -2  -4  -2  -1  -1  -4  -2  -1    0   8   8   8   0  11   0   0   0   0   0  56   0   0   0   0   0   0   0   9  0.44 0.10
   23 E    -1  -1   1   3  -3   1   3  -2  -1  -3  -3   1  -2  -3   2   0   1  -3  -2  -2    1   1   9  20   0   0  35   1   0   1   1  11   0   0   9   1   9   0   0   1  0.41 0.06
   24 D     1  -1   5   3  -2  -1   0  -1  -1  -3  -3  -1  -2  -3  -2   0  -1  -3  -2  -2   20   1  55  16   0   0   1   1   0   1   1   1   0   0   1   1   1   0   0   1  0.55 0.10
   25 A     3   1  -2  -2  -1  -1  -1   0  -2   1  -1   0  -1  -2  -2   1  -1  -3  -2   1   39   8   0   0   0   0   0   6   0  19   0   8   0   0   0   9   0   0   0  11  0.16 0.06
   26 F    -1  -2  -1  -2  -2  -2  -2  -2   3  -2  -2  -2  -1   4  -2   1   4  -2   0  -1    0   0   0   0   0   0   0   0  11   0   0   0   0  26   0  10  53   0   0   0  0.45 0.12
   27 Q    -2   0   2   0  -4   4   4  -2  -1  -3  -1   1  -1  -3  -2  -1  -1  -3  -2  -2    0   0  11   0   0  31  40   0   0   0  10   8   0   0   0   0   0   0   0   0  0.50 0.10
   28 D     0  -1   0   4  -3   1   3  -2  -1  -3  -3   0  -2  -3  -2   2   1  -4  -3  -2    9   0   0  29   0   4  29   0   0   0   0   0   0   0   0  19  10   0   0   0  0.45 0.08
   29 T     0  -1  -1   1  -2   0   3  -2  -1  -1   1   1   1  -2  -2   0   2  -3  -2  -1    4   0   0   8   0   0  30   0   0   0  17   8   5   0   0   5  24   0   0   0  0.22 0.06
   30 I    -2  -4  -4  -4  -2  -3  -4  -4  -4   5   1  -3   2  -1  -3  -3  -1  -3  -2   3    0   0   0   0   0   0   0   0   0  74   0   0   6   0   0   0   0   0   0  20  0.66 0.13
   31 R    -1   3  -2  -2  -2   1  -1  -3  -2   2   2   0   0  -1  -3   0  -1  -3  -2   0    0  32   0   0   0  11   0   0   0  19  29   0   0   0   0   9   0   0   0   0  0.24 0.08
   32 K     1   0   1  -1  -3   0   0  -2   5  -2  -2   3   0  -3  -2   0  -1  -3  -1  -1   19   0   8   0   0   0   0   0  22   0   0  37   4   0   0   6   0   0   0   4  0.31 0.09
   33 F     0  -2  -2  -3  -2  -2  -2   0  -1  -1   0  -2  -1   4  -3   0   0   0   4  -1    8   0   0   0   0   0   0  10   0   0   8   0   0  26   0  11   9   0  27   0  0.33 0.08
   34 L     0  -3  -4  -4  -2  -2  -3  -4  -3   1   4  -3   3   0  -3  -2  -1  -2  -2   1    8   0   0   0   0   0   0   0   0   0  73   0  11   0   0   0   0   0   0   8  0.51 0.10
   35 E    -1  -1   1   2  -4   1   5  -2  -1  -3  -3   0   1  -3  -2   1  -1  -4  -3  -3    0   0   8   8   0   0  65   0   0   0   0   0   8   0   0  10   0   0   0   0  0.63 0.12
   36 Q    -1   3   0   1  -4   3   1  -2   3  -3  -3   3  -2  -3  -2   0  -1  -3  -2  -3    0  24   0  10   0  26   0   0   9   0   0  23   0   0   0   8   0   0   0   0  0.46 0.09
   37 E    -1   0  -2  -1  -2   0   2  -3  -2   0   2  -1   0  -2  -2  -1   2  -3  -2   1    0   6   0   0   0   0  26   0   0   0  29   0   0   0   0   0  21   0   0  17  0.19 0.07
   38 C    -2  -5  -4  -5  11  -4  -5  -4  -4  -2  -2  -4  -3  -4  -4  -2  -2  -4  -4  -2    0   0   0   0 100   0   0   0   0   0   0   0   0   0   0   0   0   0   0   0  2.25 0.25
   39 D     0  -1   1   4  -2   0   3  -1  -1  -3  -3   0  -2  -3  -1   1   1  -3  -2  -2    9   1   6  30   0   0  28   1   0   1   1   1   0   0   1  11   9   0   0   1  0.39 0.06
   40 I    -2   0  -3  -4  -2  -2  -3  -4  -2   2   1  -2   0   1  -3  -3  -2   7   2   2    0   8   0   0   0   0   0   0   0  17   8   0   0   6   0   0   0  21  11  28  0.50 0.08
   41 L     0  -3  -4  -4  -2  -3  -3  -4  -3   2   4  -3   1   0  -3  -2  -1  -2  -2   1   10   0   0   0   0   0   0   0   0   5  76   0   0   0   0   0   0   0   0   9  0.50 0.10
   42 P    -1  -3  -2  -2  -4  -2  -2  -3   1  -4  -4  -2  -3  -4   8   0  -2  -5  -3  -3    0   0   0   0   0   0   0   0   5   0   0   0   0   0  85  10   0   0   0   0  1.91 0.18
   43 L    -1   0  -1   2  -2   0   2  -2  -1  -1   1   2   0  -2  -2   1  -1  -3  -2  -1    1   0   0  11   0   0  20   1   0   0  27  19   0   0   0  17   0   0   0   1  0.16 0.05
   44 K    -1   0  -1  -1  -4   2   2  -2  -1  -3  -3   3  -2  -4   4   0  -1  -4  -3  -3    0   0   0   0   0  14  19   0   0   0   0  37   0   0  25   5   0   0   0   0  0.64 0.10
   45 L    -1  -1   2  -1  -2   0   2   0  -1  -1   2  -1   0  -1  -2   1  -1  -2  -2  -1    1   0  17   0   0   0  19   7   0   0  38   1   0   0   0  14   1   0   0   1  0.14 0.06
   46 L    -1  -2  -3  -3  -2   1  -2  -4  -3   1   3  -2   3  -1  -3  -1  -1  -3  -2   2    0   0   0   0   0   9   0   0   0   5  48   0  15   0   0   7   0   0   0  15  0.34 0.10
   47 V     1  -1   0  -1  -2  -1  -1  -2  -2  -1  -2   1   1  -3   2   3   1  -3  -2   1    9   0   4   0   0   0   0   0   0   0   0   9   6   0   9  41   4   0   0  17  0.26 0.09
   48 P     1  -1  -1  -1  -3   3   2  -2  -1  -3  -3   0  -2  -4   4   0   1  -3  -3  -2   17   0   0   0   0  25  14   0   0   0   0   0   0   0  25   4  14   0   0   0  0.55 0.11
   49 R    -1   1  -1  -1  -3   4   2   0  -1  -1  -1   0  -1  -3  -2   1   1  -3  -2   1    0   6   0   0   0  36  13   7   0   0   5   0   0   0   0   9   9   0   0  14  0.28 0.09
   50 C    -2  -5  -4  -5  11  -5  -5  -4  -5  -3  -3  -5  -3  -4  -4  -2  -2  -4  -4  -2    0   0   0   0 100   0   0   0   0   0   0   0   0   0   0   0   0   0   0   0  2.51 0.30
   51 R    -2   2   1  -2  -3   1   0  -2   3  -1  -2   4  -2  -2  -2  -1   1  -2   2  -2    0  11   6   0   0   5   0   0   9   6   0  45   0   0   0   0   9   0   9   0  0.35 0.10
   52 Q     0  -1  -1  -1  -3   2   2   0   3  -2  -1  -1  -1  -2  -2   0   1   4  -1  -2    4   0   0   0   0  12  24   9  13   0   9   0   0   0   0   4  17   7   0   0  0.26 0.08
   53 V    -1  -3  -4  -4  -2  -3  -3  -4  -4   3   2  -3   3  -1  -3  -3  -1  -3  -2   4    0   0   0   0   0   0   0   0   0  23  16   0  12   0   0   0   0   0   0  49  0.52 0.11
   54 L    -1  -3  -4  -4  -2  -3  -4  -4  -4   2   3  -3   1  -1  -3  -3  -1  -3  -2   4    0   0   0   0   0   0   0   0   0   9  35   0   0   0   0   0   0   0   0  56  0.56 0.12
   55 D    -1  -2   2   6  -4  -1   0   0  -2  -4  -4  -1  -4  -4  -2   1  -1  -5  -4  -4    4   0   9  70   0   0   0   4   0   0   0   0   0   0   0  13   0   0   0   0  0.91 0.16
   56 V     0   0   1   1  -2   2   1  -2  -1  -1  -2   1  -1  -3  -2   1   2  -3  -2   0    7   4   9   6   0  15   5   0   0   0   0   9   0   0   0  14  20   0   0  10  0.20 0.06
   57 Y    -3  -3  -3  -4  -4  -3  -3  -4   3  -3  -2  -3  -2   3  -4  -3  -3   1   8  -3    0   0   0   0   0   0   0   0   7   0   0   0   0   9   0   0   0   0  83   0  1.50 0.23
   58 L    -1  -3  -2  -3  -2  -2  -3   4  -3  -1   1  -2  -1   3  -3   1  -1  -2  -1   0    0   0   0   0   0   0   0  38   0   0  20   0   0  19   0  14   0   0   0   9  0.32 0.09
   59 P    -1   0  -2   0  -3   1   0  -3  -2  -4  -4   0  -3  -4   6   1  -1  -4  -3  -3    0   4   0   5   0  10   5   0   0   0   0   4   0   0  55  17   0   0   0   0  1.08 0.14
   60 L     0  -2  -1   1  -2   0   0  -2  -2   1   1  -1   1  -1  -2   0   0  -3  -2   1    7   0   0  13   0   3   6   0   0   9  21   0   5   0   0   9   7   0   0  18  0.11 0.04
   61 V    -2  -4  -4  -4  -2  -3  -4  -4  -4   5   1  -3   2  -1  -4  -3   0  -3  -2   3    0   0   0   0   0   0   0   0   0  68   6   0   4   0   0   0   4   0   0  16  0.64 0.14
   62 I    -2  -3  -4  -4  -2  -3  -4  -4  -4   4   3  -3   3  -1  -3  -3  -1  -3  -2   3    0   0   0   0   0   0   0   0   0  39  28   0   8   0   0   0   0   0   0  25  0.51 0.10
   63 D    -1  -1   1   5  -3   1   2  -2  -1  -4  -4   1  -3  -4  -2   1   0  -4  -3  -3    5   0   5  49   0   6  13   0   0   0   0   9   0   0   0   7   4   0   0   0  0.60 0.11
   64 Y    -2  -3  -3  -4  -2  -2  -3  -4   1   1   3  -3   5   0  -4  -3  -2  -1   4   0    0   0   0   0   0   0   0   0   5   3  45   0  26   0   0   0   0   0  21   0  0.53 0.13
   65 F    -2  -3  -4  -4  -2  -3  -4  -4  -3   3   3  -3   2   4  -4  -3  -2  -2   0   1    0   0   0   0   0   0   0   0   0  23  45   0   6  25   0   0   0   0   0   0  0.53 0.11
   66 Q    -1   2  -1  -2  -3   4   0  -2  -1   0   1   2   0  -2  -2   0  -1  -3  -2  -1    1  12   0   0   0  35   0   0   0   5  20  14   0   0   0  10   0   0   0   0  0.28 0.09
   67 G     2  -2   1  -1  -2   0   0   2  -2  -3  -3  -1  -2  -3  -2   4   0  -3  -3  -2   17   0   6   0   0   5   4  20   0   0   0   0   0   0   0  48   0   0   0   0  0.44 0.11
   68 Q    -2   0   0   4  -4   4   4  -3   2  -4  -4   2  -2  -4  -2  -1  -2  -4  -3  -3    0   0   0  26   0  29  30   0   5   0   0  11   0   0   0   0   0   0   0   0  0.66 0.13
   69 I     0  -2  -2  -3  -2  -2  -1  -3  -2   2   0  -2   4   2  -3   0   2  -2  -1   1    4   0   0   0   0   0   4   0   0  19   0   0  28  14   0   7  17   0   0   6  0.24 0.10
   70 K     0  -1   4   2  -3   2   0  -1  -1  -3  -3   1  -2  -4  -2   1   2  -4  -3  -2    7   0  28  15   0  15   0   0   0   0   0   7   0   0   0  11  16   0   0   0  0.38 0.09
   71 P     1  -3  -3  -3  -3  -2  -2  -3  -3  -4  -4  -2  -3  -5   8   0  -2  -5  -4  -3   13   0   0   0   0   0   0   0   0   0   0   0   0   0  81   6   0   0   0   0  1.87 0.21
   72 K     0   0   1   2  -3   1   2   1  -1  -3  -3   3  -2  -4  -2   1  -1  -4  -3  -3    7   0   6  13   0   5  20   9   0   0   0  30   0   0   0   9   0   0   0   0  0.35 0.07
   73 A     0   0  -1  -1  -3   2   1   0  -1   0  -1   3  -1   0  -2  -1  -1  -3  -2   1   10   0   0   0   0  17   9   6   0   4   5  30   0   5   0   0   0   0   0  13  0.16 0.07
   74 I    -2  -4  -4  -4  -2  -3  -4  -4  -4   4   1  -3   0  -1  -3  -3  -1  -3  -2   4    0   0   0   0   0   0   0   0   0  44   9   0   0   0   0   0   0   0   0  47  0.63 0.13
   75 C    -2  -5  -4  -5  11  -5  -5  -4  -5  -3  -3  -5  -3  -4  -4  -2  -2  -4  -4  -2    0   0   0   0 100   0   0   0   0   0   0   0   0   0   0   0   0   0   0   0  2.51 0.30
   76 S     0  -1   1  -1  -2   1   1   1   3  -3  -3   0   1  -3  -2   3   1  -3  -2  -2    0   0   3   0   0   9   6   9   9   0   0   4   6   0   0  46   7   0   0   0  0.32 0.10
   77 H     2  -1  -1  -2  -3   3   0  -2   6  -3  -3  -1  -2  -2  -2   0   1  -2   2  -2   21   0   0   0   0  20   5   0  30   0   0   0   0   0   0   0  16   0   9   0  0.44 0.12
   78 V    -2  -3  -4  -4  -2  -3  -3  -4  -3   2   3  -3   3   2  -3  -3  -1  -2  -1   2    0   0   0   0   0   0   0   0   0  13  49   0   9   9   0   0   0   0   0  19  0.46 0.09
   79 G    -1  -1   2  -1  -3   0   1   4  -2  -4  -4   2  -3  -4  -2   1  -1  -4  -3  -3    0   0  13   0   0   0   9  41   0   0   0  25   0   0   0  12   0   0   0   0  0.51 0.10
   80 L    -2  -3  -4  -5  -2  -3  -4  -5  -4   2   5  -3   1   2  -4  -3  -2  -2  -1   0    0   0   0   0   0   0   0   0   0   9  82   0   0   9   0   0   0   0   0   0  0.71 0.14
   81 C    -2  -5  -4  -5  11  -5  -5  -4  -5  -3  -3  -5  -3  -4  -4  -2  -2  -4  -4  -2    0   0   0   0 100   0   0   0   0   0   0   0   0   0   0   0   0   0   0   0  2.51 0.30

                      K         Lambda
Standard Ungapped    0.1444     0.3277
Standard Gapped      0.0422     0.2670
PSI Ungapped         0.1378     0.3191
PSI Gapped           0.0422     0.2670
