
Last position-specific scoring matrix computed, weighted observed percentages rounded down, information per position, and relative weight of gapless real matches to pseudocounts
            A   R   N   D   C   Q   E   G   H   I   L   K   M   F   P   S   T   W   Y   V   A   R   N   D   C   Q   E   G   H   I   L   K   M   F   P   S   T   W   Y   V
    1 G     0  -3  -1  -2  -3  -2  -2   6  -2  -4  -4  -2  -3  -4  -3   0  -2  -3  -4  -4    0   0   0   0   0   0   0 100   0   0   0   0   0   0   0   0   0   0   0   0  1.09 0.02
    2 L    -2  -3  -4  -4  -2  -3  -3  -4  -3   2   3  -3   2   4  -4  -3  -2  -1   1   1    0   0   0   0   0   0   0   0   0  16  58   0   0  26   0   0   0   0   0   0  0.38 0.01
    3 W    -3  -3  -4  -5  -3  -2  -3  -3  -3  -1   0  -3   3   1  -4  -3  -2  11   2  -2    0   0   0   0   0   0   0   0   0   0   0   0  26   0   0   0   0  74   0   0  1.69 0.04
    4 D    -2   0   2   4  -4   1   3  -2  -1  -4  -4   1  -3  -4  -2   0  -1  -4  -3  -3    0   0  15  39   0   0  31   0   0   0   0  15   0   0   0   0   0   0   0   0  0.54 0.01
    5 T     0  -2   0  -1  -1  -1  -1   2  -2  -1  -2  -1  -1  -3  -2   1   5  -3  -2  -1    0   0   0   0   0   0   0  16   0   0   0   0   0   0   0   0  84   0   0   0  0.45 0.02
    6 I     1  -3  -3  -3  -1  -2  -3  -2  -3   4   2  -2   1  -1  -2  -1  -1  -3  -2   2   26   0   0   0   0   0   0   0   0  59  15   0   0   0   0   0   0   0   0   0  0.23 0.01
    7 K    -1   2   0  -1  -4   1   1  -2  -1  -3  -3   6  -2  -4  -1   0  -1  -4  -2  -3    0   0   0   0   0   0   0   0   0   0   0 100   0   0   0   0   0   0   0   0  0.60 0.03
    8 Q    -2   0   4   3  -3   3   2  -1   0  -4  -3   0  -2  -4  -2   0  -1  -4  -2  -3    0   0  44  15   0  27  15   0   0   0   0   0   0   0   0   0   0   0   0   0  0.51 0.02
    9 A     3  -2  -2  -2  -1  -1  -2  -1  -2   0  -1  -1   0   2  -2   1   0  -2   0   2   44   0   0   0   0   0   0   0   0   0   0   0   0  15   0  15   0   0   0  26  0.16 0.01
   10 G     3  -2  -1  -2  -2  -2  -2   5  -2  -3  -3  -1  -2  -3  -2   0  -1  -3  -3  -2   41   0   0   0   0   0   0  59   0   0   0   0   0   0   0   0   0   0   0   0  0.61 0.02
   11 K    -1   2   0  -1  -4   1   1  -2  -1  -3  -3   6  -2  -4  -1   0  -1  -4  -2  -3    0   0   0   0   0   0   0   0   0   0   0 100   0   0   0   0   0   0   0   0  0.60 0.03
   12 K    -1   1   4   0  -3   0   0   2   0  -4  -3   3  -2  -4  -2   0  -1  -4  -2  -3    0   0  41   0   0   0   0  16   0   0   0  43   0   0   0   0   0   0   0   0  0.41 0.02
   13 I    -1  -3  -3  -4  -2  -3  -3  -4  -2   2   1  -3   0   5  -3  -2  -1  -1   1   3    0   0   0   0   0   0   0   0   0  13   0   0   0  46   0   0   0   0   0  41  0.37 0.02
   14 F     3  -2  -2  -2  -1  -1  -2  -1  -2  -1   1  -1   0   2  -2   1   1  -2  -1   0   56   0   0   0   0   0   0   0   0   0  16   0   0  13   0   0  15   0   0   0  0.19 0.01
   15 L    -1  -3  -4  -4  -1  -3  -3  -4  -4   3   2  -3   1   0  -3  -2  -1  -3  -1   4    0   0   0   0   0   0   0   0   0  15  28   0   0   0   0   0   0   0   0  57  0.34 0.01
   16 S     0  -1   4   0  -2   0  -1  -1  -1  -2  -2  -1  -2  -3  -1   3   3  -3  -2  -1    0   0  30   0   0   0   0   0   0   0   0   0   0   0   0  29  41   0   0   0  0.38 0.02
   17 V    -1  -3  -3  -4  -1  -2  -3  -4  -3   3   3  -3   3   0  -3  -2  -1  -3  -1   3    0   0   0   0   0   0   0   0   0  31  26   0  15   0   0   0   0   0   0  28  0.32 0.01
   18 L    -2  -3  -4  -4  -2  -3  -3  -4  -3   2   4  -3   2   0  -3  -3  -1  -2  -1   1    0   0   0   0   0   0   0   0   0  14  86   0   0   0   0   0   0   0   0   0  0.46 0.02
   19 D    -2  -2   1   6  -4   0   1  -2   3  -4  -4  -1  -3  -4  -2  -1  -1  -5  -2  -4    0   0   0  85   0   0   0   0  15   0   0   0   0   0   0   0   0   0   0   0  0.84 0.03
   20 K    -1   2   0  -1  -4   1   1  -2  -1  -3  -3   6  -2  -4  -1   0  -1  -4  -2  -3    0   0   0   0   0   0   0   0   0   0   0 100   0   0   0   0   0   0   0   0  0.60 0.03
   21 I    -1  -3  -4  -4  -1  -3  -3  -4  -3   3   3  -3   2   0  -3  -3  -1  -2  -1   2    0   0   0   0   0   0   0   0   0  28  56   0   0   0   0   0   0   0   0  16  0.37 0.01
   22 R    -1   6  -1  -2  -4   1   0  -2  -1  -3  -3   3  -2  -3  -2  -1  -1  -3  -2  -3    0  72   0   0   0   0   0   0   0   0   0  28   0   0   0   0   0   0   0   0  0.68 0.02
   23 C    -1  -4  -3  -4  10  -4  -4  -3  -4  -2  -2  -4  -2  -3  -3  -1  -1  -3  -3  -1    0   0   0   0 100   0   0   0   0   0   0   0   0   0   0   0   0   0   0   0  1.42 0.04
   24 K    -1   2   0  -1  -3   1   0   1  -1  -3  -3   5  -2  -4  -1   0  -1  -3  -2  -3    0   0   0   0   0   0   0  15   0   0   0  85   0   0   0   0   0   0   0   0  0.48 0.02
   25 V    -1  -3  -4  -4  -1  -3  -3  -4  -4   4   2  -3   1   0  -3  -2  -1  -3  -1   3    0   0   0   0   0   0   0   0   0  43  15   0   0   0   0   0   0   0   0  43  0.36 0.01
   26 A     3  -2  -1  -2  -1  -1  -1   2  -2  -2  -2  -1  -1  -3  -1   1   3  -3  -2  -1   44   0   0   0   0   0   0  15   0   0   0   0   0   0   0   0  41   0   0   0  0.31 0.01
   27 G     0  -3  -1  -2  -3  -2  -3   6  -2  -4  -4  -2  -3  -4  -3   0  -2  -3  -4  -4    0   0   0   0   0   0   0 100   0   0   0   0   0   0   0   0   0   0   0   0  1.11 0.02
   28 G     0  -3  -1  -2  -3  -2  -3   6  -2  -4  -4  -2  -3  -4  -3   0  -2  -3  -4  -4    0   0   0   0   0   0   0 100   0   0   0   0   0   0   0   0   0   0   0   0  1.11 0.02
   29 C    -1  -4  -3  -4  10  -4  -4  -3  -4  -2  -2  -4  -2  -3  -3  -1  -1  -3  -3  -1    0   0   0   0 100   0   0   0   0   0   0   0   0   0   0   0   0   0   0   0  1.42 0.04

                      K         Lambda
Standard Ungapped    0.1442     0.3262
Standard Gapped      0.0410     0.2670
PSI Ungapped         0.1442     0.3262
PSI Gapped           0.0410     0.2670
