
Last position-specific scoring matrix computed, weighted observed percentages rounded down, information per position, and relative weight of gapless real matches to pseudocounts
            A   R   N   D   C   Q   E   G   H   I   L   K   M   F   P   S   T   W   Y   V   A   R   N   D   C   Q   E   G   H   I   L   K   M   F   P   S   T   W   Y   V
    1 Q    -2   2  -1  -1  -4   5   1  -3  -1  -4  -3   4  -2  -4  -2  -1  -2  -3  -3  -3    0   6   0   0   0  51   3   0   0   0   0  40   0   0   0   0   0   0   0   0  0.82 0.16
    2 D    -2   0   3   4  -4   3   2   0   2  -4  -4   0  -3  -4  -1   0  -1  -4  -3  -4    0   4  15  28   0  25   9   6   5   0   0   2   0   0   3   3   0   0   0   0  0.52 0.13
    3 N    -3  -2   3   3  -4  -1   4  -3  -2  -3  -1  -1   3   1   0  -2  -2  -4  -1  -3    0   0  15  18   0   0  37   0   0   0   7   0  11   7   3   0   0   0   1   0  0.53 0.22
    4 S    -1   0  -1  -1  -3  -2  -2  -2  -3   0  -1   0  -2  -2  -2   3   4  -4  -1  -2    0   5   0   2   0   0   1   2   0   6   6   4   0   1   1  33  37   0   2   0  0.45 0.23
    5 R     1   4  -2  -2  -3   0   0  -3  -2  -4  -3   0   1  -3   2   2  -2   2   0  -3   10  36   0   0   0   1   5   0   0   0   0   4   5   0  11  21   0   4   4   0  0.50 0.22
    6 Y     4  -4  -4  -4  -3  -3  -3  -3  -2  -4  -4  -3  -3  -1  -2   1  -2   7   6  -3   40   0   0   0   0   0   0   0   0   0   0   0   0   0   1  11   1  19  28   0  1.13 0.40
    7 T     0   2  -1  -1  -4   5   2  -3   0  -2  -2   1   2  -4  -3  -1  -1  -4  -3  -2    9  13   1   3   0  39  10   0   2   2   2   6   6   0   0   2   4   0   0   1  0.56 0.27
    8 H    -1   2   0   1  -5  -1   0  -3   2  -5  -4   4  -3  -3  -3  -2  -1   7  -2  -4    4  11   4   7   0   1   6   1   5   0   0  36   0   0   0   1   3  21   0   0  0.82 0.31
    9 F    -5  -6  -6  -7  -5  -6  -6  -6  -4  -3  -2  -6  -3   9  -7  -5  -5  -2   0  -4    0   0   0   0   0   0   0   0   0   0   2   0   0  98   0   0   0   0   0   0  2.65 0.66
   10 L    -1   1  -1  -1  -3   3   2  -3  -2  -1   2   2   1  -3  -3   0  -1  -3  -2  -2    4   6   1   1   0  14  17   0   0   3  26  14   3   0   0   7   1   0   1   0  0.26 0.18
   11 T    -1   5  -1  -2  -4   1   0  -4  -2   2  -2   1  -2  -3  -3  -1   2  -4  -2  -1    3  35   1   1   0   6   4   0   0  19   0   8   0   0   0   3  19   0   1   1  0.48 0.26
   12 Q    -3  -1  -3  -3  -5   7   0  -4   0  -5  -1   3  -3  -5  -4  -1  -2  -5  -4  -4    0   1   0   0   0  63   1   0   1   0   7  19   0   0   0   4   1   0   0   0  1.25 0.48
   13 H    -5  -3  -3  -2  -6   0  -3  -5  11  -7  -6  -4  -5  -4  -5  -4  -5  -5   1  -6    0   0   0   2   0   3   0   0  91   0   0   0   0   0   0   0   0   0   4   0  3.02 0.75
   14 Y    -3  -4  -4  -5  -3  -4  -4  -5  -2   4  -1  -4   5  -1  -1  -4  -3  -3   4   4    0   0   0   0   0   0   0   0   1  29   0   0  21   0   3   0   0   0  16  28  0.84 0.35
   15 D    -3  -2   2   6  -4   2  -1  -3  -1  -2  -1  -2  -3  -3  -3  -2  -2  -4   1  -3    1   2   9  55   0  10   1   1   1   2   6   1   0   0   1   1   2   0   5   1  0.85 0.31
   16 A     0  -2   0  -2  -3  -2  -1  -1   0  -3  -2  -1   1  -1   4   2   0  -2   3  -2    9   1   3   1   0   1   2   4   2   1   1   2   5   2  23  20   7   0  15   1  0.44 0.20
   17 K    -1   0  -1   1  -2  -1   1   0  -2  -2  -1   1  -2  -3   4   2   2  -3  -2  -2    3   3   2   8   0   1   7   8   0   1   7   8   0   1  19  16  14   0   1   1  0.29 0.13
   18 P    -1   1  -1  -2  -3   1   0   1  -2  -3  -2   0   1  -3   4   2   0  -3  -3  -2    3   7   2   1   0   5   7  10   0   1   1   4   7   1  24  17   7   0   0   1  0.39 0.16
   19 Q    -1   1   1  -1  -2   2   0  -1   0  -2  -2   0  -2  -1   1   2   2  -3  -1  -1    1   8   6   1   0  12   2   3   1   1   3   5   0   3   6  24  17   0   2   4  0.22 0.15
   20 G     0  -2   2   1  -3   1   0   2  -2  -3  -2  -1  -2  -3   2   2  -1  -4  -3  -3    9   0  14   6   0   7   6  20   0   0   5   1   0   0   9  21   0   0   0   0  0.33 0.17
   21 R     0   1   0  -2   0  -1  -2   1  -1  -1   0  -1  -1   1  -2   1   0  -2   0   1    5  11   5   1   2   1   1  14   1   3   7   2   1   7   1  17   6   0   4  12  0.07 0.08
   22 D     0   1   3   1  -2  -1  -1  -1  -2  -3  -3   0   0  -3   2   2   1  -3  -3  -2    5   7  22   8   0   1   1   3   0   1   1   4   4   1  11  20   9   0   1   1  0.33 0.15
   23 D    -1  -2   1   4  -3  -1   1  -2   2  -1  -2  -1  -2  -3   3   1  -1  -3  -2  -2    4   1   7  30   0   1   8   2   6   3   5   1   0   1  13  13   1   0   1   2  0.39 0.16
   24 R    -1   3   1  -2  -3   0  -1   0   2  -1  -1   0  -1   0  -1   0   1  -2   1  -1    3  25   7   1   0   3   2   8   5   5   7   1   0   4   3   5  12   0   6   3  0.15 0.11
   25 Y    -3  -1   1   0  -4   0   0  -4   1  -2  -3   0  -3   0  -4  -3  -2  -1   8  -3    1   4   6   6   0   4   7   1   2   2   1   6   0   0   1   1   2   0  56   1  1.04 0.35
   26 C    -4  -6  -6  -7  11  -6  -7  -6  -6  -4  -1  -6  -4  -5  -6  -4  -4  -6  -6  -4    0   0   0   0  93   0   0   0   0   0   5   0   0   0   0   0   0   0   0   0  3.46 0.75
   27 E    -3  -3   7   3  -5  -2   1  -3  -2  -6  -6  -3  -5  -4  -4  -2   1  -6  -3  -5    2   0  67  13   0   0   7   0   0   0   0   0   0   1   0   0   7   0   1   0  1.46 0.48
   28 S     0   0   1   0  -2   2   1  -1   0  -1  -1   0  -1  -2  -2   1   1  -3   0   1    5   5   6   3   0  15   6   3   1   2   4   4   0   0   0  16   8   0   4  14  0.13 0.11
   29 I     1  -3  -4  -4  -3  -3  -1  -4  -3   2   1  -2   7  -2  -4  -3   0  -3  -1   0   15   0   0   0   0   0   4   0   0  11  13   1  43   0   0   0   5   0   2   3  0.79 0.33
   30 M    -4  -3  -6  -7  -5  -4  -5  -6  -5   1   1  -5  10  -3  -6  -5  -4  -5  -4  -2    0   1   0   0   0   0   0   0   0   6   9   0  84   0   0   0   0   0   0   0  2.47 0.69
   31 R    -1   4   1   0  -3   1  -1  -2  -2  -2  -2   3  -1  -2  -3   1  -1  -4  -3  -1    4  27   6   4   0   6   1   1   0   2   3  24   2   2   0  12   1   0   0   5  0.38 0.20
   32 R    -1   4   0  -1   0   1   0  -1  -1   0  -2   2   0  -3  -1   0  -1  -4  -3   1    3  30   5   3   3   6   5   3   1   5   3  11   2   0   2   6   2   0   0  12  0.24 0.15
   33 R    -3   6   3  -3  -5  -1  -2  -3  -2   0  -3   3  -1  -2  -2  -2  -3  -4  -1  -3    0  47  19   0   0   1   0   1   0   6   1  15   2   2   1   1   0   0   2   1  0.82 0.33
   34 G    -2   0   4   0  -4  -1   2   1   0  -1  -3   1   0  -4  -3   0  -1  -4  -3  -1    1   4  31   2   0   1  17  12   2   5   0  11   2   0   0   4   2   0   0   4  0.39 0.20
   35 P     0   0  -2  -4  -3  -1  -3  -4   0   1   1   1   5  -1   2  -2  -2  -2   3   0    7   4   1   0   0   2   0   0   2   8  11  10  23   1  11   0   0   0  15   5  0.37 0.21
   36 T    -2  -1   1   1  -3   1  -2  -2  -2  -1   0  -2  -2  -2  -3  -1   5  -3   3  -2    0   2   7   8   0   8   0   2   0   4  11   1   0   0   0   2  44   0  12   0  0.49 0.28
   37 S    -2   2  -1  -2   2   4   0   2   2  -4  -4   2  -3  -2  -3   1  -1  -1  -1  -4    1  10   2   0   4  24   2  15   7   0   0  14   0   2   0  14   1   1   2   0  0.41 0.22
   38 P    -2   3  -1   2  -4   1  -1   1   4  -4  -4   0  -3  -3   3   1   0   1  -2  -4    0  17   0  11   0   7   0   9  13   0   0   3   0   1  18  11   6   2   0   0  0.47 0.22
   39 C    -3  -5   0  -5  11  -5  -5  -5  -5  -4  -4  -5  -4  -5  -5  -4  -4  -5  -5  -4    0   0   5   0  90   0   0   0   0   0   1   0   0   0   0   0   0   0   0   0  3.14 0.66
   40 K    -3   2  -3  -3  -5  -1  -2  -4  -3   1  -4   6  -3  -5   0  -3  -3  -5  -4   0    0   7   0   0   0   0   0   0   0  10   0  71   0   0   5   0   0   0   0   6  1.18 0.43
   41 D     0   1   1   2  -4  -1   0  -2  -1  -4  -4   1  -3  -3   5   1   0  -5  -3  -3    6   9   8  13   0   1   6   2   1   0   1   9   0   1  28  10   5   0   0   0  0.55 0.20
   42 I    -2   0  -3  -2  -3   2   1  -4  -3   2   0  -1   0   2  -3  -1  -1  -3  -2   3    0   5   0   1   0  15   9   0   0  13   6   3   1  10   0   4   3   0   0  29  0.26 0.18
   43 N    -4  -3   7  -2  -6  -3  -3  -4   6  -6  -6  -3  -5  -4  -5  -2  -3  -5   3  -6    0   0  67   0   0   0   0   0  21   0   0   0   0   0   0   0   0   0  10   0  1.78 0.54
   44 T    -2  -4  -3  -4  -4  -3  -4  -4  -4  -1  -3  -3   2  -3  -4  -2   7  -4   3   0    2   0   0   0   0   0   0   0   0   3   0   0   6   0   0   0  72   0  12   5  1.27 0.48
   45 F    -5  -6  -6  -1  -5  -6  -6  -6  -4  -3  -2  -6  -3   9  -6  -5  -5  -2   0   0    0   0   0   4   0   0   0   0   0   0   0   0   0  90   0   0   0   0   0   5  2.27 0.59
   46 I    -2  -5  -5  -5  -3  -4  -5  -4  -5   6   3  -5  -1  -2  -5  -4  -3  -4  -3   3    2   0   0   0   0   0   0   1   0  50  25   0   0   0   0   0   0   0   0  23  0.98 0.33
   47 H    -4  -1  -3  -4  -6  -1  -3  -5  10  -1  -1  -4  -4  -3  -5  -4  -4  -4   3  -5    0   3   0   0   0   2   0   0  75   4   8   0   0   0   0   0   0   0   8   0  2.17 0.58
   48 G     1  -2  -1   0  -4  -1   4   0  -2  -2  -3  -1   2  -4  -3   1   1  -4  -4  -3   10   0   1   3   0   0  41   9   0   3   0   1   6   0   0  13  11   0   0   0  0.49 0.26
   49 N    -2   0   2   2  -3   1   0  -3  -2  -3  -2  -1  -3  -2   3   3   1  -4  -3  -3    0   6  10  12   0   6   5   0   0   0   3   1   0   2  18  25  10   0   0   1  0.44 0.21
   50 K    -1  -1  -3  -4  -3  -2  -2  -2  -3  -1   2   0  -1   3   2  -2  -1   5   2  -2    4   2   0   0   0   1   2   3   0   2  28   6   0  18  13   2   3   9   6   0  0.39 0.19
   51 R     2   0   1   2  -3   1   1  -1   0  -3  -3   0  -2  -1  -2   1   1   1   0  -2   24   5   6  15   0   8   9   4   1   0   0   3   0   3   0   7   8   2   3   1  0.22 0.14
   52 S    -1  -1   4   3  -4  -1   1  -2   2  -4  -4   1  -3  -4   1   1   1  -5  -3  -3    5   1  21  20   0   0   9   0   5   0   0  10   0   0   5  10  10   0   0   1  0.45 0.21
   53 I    -2  -5  -5  -5  -3  -5  -5  -6  -5   5   1  -5  -1  -3  -5  -4  -2  -5  -3   5    2   0   0   0   0   0   0   0   0  33  10   0   0   0   0   0   1   0   0  54  1.10 0.40
   54 K     0   1   1  -2  -4   4   1  -2   0  -3  -3   4  -2  -4  -3  -2  -1  -4  -3   1    7   7   7   1   0  26   5   1   1   0   0  27   0   0   0   0   3   0   0  13  0.48 0.28
   55 A     4   0   1  -1  -3  -1  -1   0   1  -2  -4   1  -3  -4  -3   0   1  -4  -3  -2   49   6   8   2   0   1   2   5   4   1   0  10   0   0   0   3   8   0   0   0  0.47 0.27
   56 I    -1  -5  -5  -5  -3  -4  -5  -5  -5   5   0  -4  -1   1  -4  -3   1  -4  -3   5    4   0   0   0   0   0   0   0   0  38   3   0   0   5   0   0   8   0   0  42  0.90 0.36
   57 C    -4  -7  -6  -7  12  -7  -7  -6  -7  -5  -5  -7  -5  -6  -7  -4  -4  -6  -6  -4    0   0   0   0 100   0   0   0   0   0   0   0   0   0   0   0   0   0   0   0  3.90 0.89
   58 E    -1   0   0   0  -3   0  -1   2  -1   0  -3   0  -2   0  -3   3   1  -3   1  -2    0   5   5   4   0   4   2  19   1   7   0   6   0   4   0  27  10   0   6   0  0.23 0.18
   59 N    -2   0   4   1  -3   3   0   0  -1  -4  -3  -1  -1  -4  -2   2   1  -4  -3  -3    0   5  26   6   0  19   3   6   1   0   3   0   1   0   1  16   9   0   0   0  0.43 0.24
   60 K     0   2  -2   0  -3   1   1  -1  -1  -2  -3   2  -2  -4   4   0   0  -4  -3  -1    7  11   0   4   0   4  12   3   1   1   1  18   0   0  22   7   5   0   0   3  0.39 0.17
   61 N    -1  -2   5   0  -3  -1  -2  -1  -2  -3  -3   0   0   0   2   1   1  -4  -3  -2    2   0  38   3   0   2   0   4   0   0   1   7   3   5  11  10   8   0   0   3  0.50 0.25
   62 G    -2  -4  -3  -3   8  -4  -4   3  -4   2  -3  -2   1  -4  -4  -2  -1   2  -4   0    0   0   0   2  35   0   0  26   0  14   0   2   4   0   0   1   4   3   0   7  0.91 0.34
   63 N     0   1   1  -1   0   1   1  -2  -2  -1  -2   3   0  -3  -1   0   1  -4  -3  -1   10   6   7   2   3   6   6   0   0   2   3  28   3   0   2   6  11   0   0   3  0.23 0.15
   64 P    -1  -1   5   1   7  -3  -3  -3  -1  -1  -3  -3  -3  -4   3  -2  -2  -5  -4  -1    4   3  31   8  26   0   0   0   1   3   2   0   0   0  16   0   1   0   0   4  0.85 0.35
   65 H    -1   1   2   0  -1  -1  -2   3   0  -4  -4   2  -3  -2  -1   0  -1  -3   3  -3    4   7  10   4   1   1   0  27   1   0   0  18   0   0   3   5   2   0  15   0  0.37 0.20
   66 R    -1   2   3   0  -3   2   0   1  -1  -1  -1   1  -1  -1  -3  -1  -2  -3   1  -1    1  14  18   5   0  11   2  12   0   3   5   8   1   3   0   3   0   0   5   5  0.19 0.15
   67 E    -1   3   2  -1  -3  -1   1   2   1  -4  -4   2  -3  -4  -3   1   1  -4  -3  -3    1  17  13   1   0   1  10  16   3   0   0  12   0   0   0  14  10   0   0   1  0.36 0.19
   68 N    -2  -2   7   1  -4  -1  -1  -2  -2  -4  -3   2  -4  -4  -3  -2  -2  -4   1  -3    2   0  58   5   0   2   3   2   0   0   2  14   0   0   0   0   1   0   5   2  0.98 0.38
   69 L     0  -5  -5  -5  10  -3  -5  -5  -5  -3   1  -4   1   0  -5  -3  -3  -4  -4  -1    6   0   0   0  62   1   0   0   0   0  17   1   4   4   0   0   0   0   0   3  1.80 0.50
   70 R    -3   2   2  -3  -4  -2  -2  -3   7  -4  -3  -2  -3   1  -4  -2   0  -2   5  -3    1  15  10   1   0   0   1   1  31   1   1   1   0   5   1   1   6   0  26   1  0.96 0.35
   71 I    -2   1   0   0   1   3   0  -3   1   0   0   2   0  -3  -3  -1  -1  -3  -2   0    1   8   3   4   4  20   2   0   4   8   9  18   3   0   0   2   3   0   0   6  0.21 0.16
   72 S    -1  -3  -2  -3  -4  -3  -3  -3   1  -4  -5  -3  -4  -5  -4   6   2  -5  -4  -2    3   0   0   0   0   0   0   0   4   0   0   0   0   0   0  79  11   0   0   3  1.34 0.54
   73 K    -1   1   2  -1  -3   2   1  -1   2  -3  -3   2  -2  -3   1   1   1  -3   0  -3    3   6  11   1   0  10   6   4   5   1   1  14   0   0   7  15  12   0   4   0  0.26 0.16
   74 S    -1   1   1  -1  -2   1  -1   1  -2  -3  -4   0  -3  -2  -3   3   1  -4  -1  -1    2  10   8   2   0   5   2  13   0   0   0   6   0   2   0  34  11   0   2   4  0.34 0.22
   75 S     1   1  -1  -2  -3   2  -1  -3   0  -2  -1   0  -2  -4   4   1   1  -4  -3  -1   11  10   1   0   0  12   3   0   2   1   6   5   0   0  24  14   8   0   0   3  0.42 0.21
   76 F    -3  -5  -5  -6  -4  -4  -5  -5  -4   0   2  -5   4   6  -5  -4  -3  -3  -1   3    0   0   0   0   0   0   0   0   0   1  18   0  14  39   0   0   0   0   0  27  1.02 0.39
   77 Q    -1   1   0   1  -4   2   1  -3   4  -4  -4   2  -3  -3   3   1  -1  -4  -1  -4    2   8   4  10   0  12   6   0  14   0   0  11   0   1  16  11   3   0   2   0  0.46 0.22
   78 V    -3  -4  -5  -5  -3  -4  -5  -1  -5   4   3  -4   2  -2  -4  -4  -2  -4  -2   3    0   0   0   0   0   0   0   6   0  31  33   0   6   0   0   0   0   0   1  23  0.71 0.30
   79 T    -3  -4   0  -4  -4  -3  -4  -4  -4   0   0  -3  -3  -4  -4  -1   7  -5  -4   0    0   0   4   0   0   0   0   0   0   4   8   0   0   0   0   2  75   0   0   6  1.28 0.51
   80 T    -2  -3  -1   4  -3  -1   0  -3   2   0  -1  -1   1   0  -3  -2   2  -3   2   0    1   0   1  29   0   2   4   0   5   4   3   3   4   5   0   0  19   0   8   9  0.33 0.22
   81 C    -4  -7  -6  -7  11  -7  -7  -4  -7  -5  -5  -7  -5  -6  -6  -4  -4  -6  -6  -4    0   0   0   0  99   0   0   1   0   0   0   0   0   0   0   0   0   0   0   0  3.80 0.88
   82 K    -3   4   4  -1  -3   1   0  -2   3  -2  -3   3  -3  -4  -3  -1   0  -4  -2  -3    0  28  21   2   0   4   4   1   7   3   1  19   0   0   0   3   7   0   1   0  0.55 0.27
   83 L    -3   0  -2  -3  -3   1   0  -4   2   0   4  -2   0  -1  -4  -3  -2   2  -2   0    0   4   1   1   0   6   5   0   7   2  58   1   0   2   0   0   1   3   0   4  0.52 0.28
   84 H    -2   1  -2  -1  -3  -1  -1  -3   0   1  -2   2  -1  -3  -3   1   5  -4  -3  -1    1   6   0   3   0   2   4   0   2  10   1  13   1   0   0   8  44   0   0   4  0.47 0.27
   85 G    -1  -1   0  -1  -3  -1   0   4   2  -4  -4   0  -2  -4  -1   2   0  -4  -3  -3    3   3   4   2   0   2   7  42   5   0   1   4   1   0   2  19   4   0   0   0  0.54 0.23
   86 G     1   0   1  -2  -3   0  -2   4  -2  -2  -4  -1  -3  -4   1   2  -1  -4  -3  -3   11   5   6   0   0   4   0  34   0   3   1   2   0   0   8  22   2   0   0   0  0.47 0.22
   87 S     0  -1  -1   0  -2   3   0  -2  -2  -3  -2   0  -2  -1  -1   4   1  -3  -2  -2    5   2   1   3   0  15   5   1   0   1   3   4   0   3   2  43  10   0   0   1  0.44 0.23
   88 P    -1   2   2  -2  -4   0  -1  -3  -2  -3  -3   4  -3  -4   3  -1   0  -4  -3   0    5  11  14   1   0   3   2   0   0   0   1  29   0   0  18   1   5   0   0   7  0.48 0.23
   89 W    -2   2  -3  -4  -4  -2  -3  -4   2   2  -2  -2  -2   0   2  -3   0   2   6  -2    3  15   0   0   0   0   0   0   5  14   2   0   0   1  11   0   6   2  37   0  0.71 0.32
   90 P    -3  -4  -1  -3  -4  -3  -3  -4  -2  -2  -4  -2  -4  -5   8   0   1  -5  -4  -4    0   0   3   0   0   0   0   0   1   3   1   2   0   0  69   8  10   0   0   0  1.74 0.49
   91 P     0   0   5   0  -4   1  -2  -2   2  -4  -3  -1  -1  -4   3   0   0  -4  -3  -3    6   5  39   3   0   6   0   2   4   0   2   2   1   0  14   7   4   0   0   0  0.58 0.26
   92 C    -3  -6  -5  -6  11  -5  -6  -5  -5  -4  -4  -5  -4  -5  -5  -4  -4  -5  -5  -4    0   0   0   0  94   0   0   0   0   0   1   0   0   0   0   0   0   0   0   0  3.46 0.76
   93 Q     0   4   1   1  -4   1  -1  -2   1  -4  -3   2  -3  -4   0   1  -1  -4  -1  -2    9  34   8   7   0   6   2   2   3   0   1  10   0   0   5  10   1   0   2   2  0.42 0.21
   94 Y    -5  -5  -6  -7  -2  -5  -6  -7  -2  -5  -5  -5  -4   0  -6  -5  -5  -1  10  -5    0   0   0   0   1   0   0   0   0   0   0   0   0   0   0   0   0   0  99   0  3.07 0.80
   95 R    -1   3   2  -2  -3   2   0  -2   1  -3  -2   3  -2  -4  -3   1   1  -4  -3  -2    4  18  11   0   0  10   4   1   4   0   4  19   0   0   0  11  11   0   0   3  0.35 0.20
   96 A     2  -2  -2   0  -3   1   1   0  -3  -2  -2  -2  -1  -4   0   2   4  -4  -2  -2   17   0   0   4   0   6  10   6   0   2   2   0   1   0   3  17  30   0   1   0  0.37 0.23
   97 T    -1   1   0  -1  -3  -2  -2  -2  -3  -3  -3   1  -2   2  -3   3   4  -3   0  -3    3  10   4   3   0   0   1   1   0   1   0   7   1  11   0  26  31   0   2   0  0.46 0.27
   98 A     1   2   1  -1  -3   3   0  -2   1  -1  -1   0  -2  -3   2  -1   0  -3   1  -2   13  13   7   2   0  17   2   2   4   5   6   4   0   0  11   1   6   0   6   1  0.20 0.15
   99 G     1   1  -1   0  -2   1   0   1  -2  -1   0   0  -1  -1  -2   2   1  -3  -1  -2   13   7   0   4   0   7   6  10   0   2  10   3   0   3   0  21  12   0   2   0  0.14 0.13
  100 F    -2   1   3  -1  -4   2   2  -3   0  -3  -2   1  -2   2  -3   0   2  -3   1  -2    0   6  20   0   0  13  14   0   1   0   1   6   0  12   0   4  15   0   4   2  0.35 0.22
  101 R    -2   4   2  -2  -5   1  -1   1   1  -4  -4   4   0  -5  -3  -1  -2  -5  -3  -4    1  21  12   0   0   7   2   9   3   0   0  37   3   0   0   3   1   0   0   0  0.64 0.29
  102 N    -3   2   0  -3  -4  -1  -3  -4   5  -3  -2   0  -3   3  -1   0  -2  -2   5  -1    0  14   5   0   0   2   0   0  19   0   1   7   0  16   3   6   1   0  22   4  0.62 0.29
  103 V    -3  -5  -5  -5  -3  -5  -5  -6  -4   6   0  -5  -1   2  -5  -4  -3  -3   4   3    0   0   0   0   0   0   0   0   0  53   5   0   0   6   0   1   0   0  16  19  1.02 0.38
  104 V    -2   0  -4  -4   4  -3  -1  -5  -4   4   1  -3  -1  -1  -4  -3   0  -3   1   3    1   8   0   0   9   0   6   0   0  34  12   0   0   1   0   0   4   0   5  20  0.47 0.24
  105 V    -2  -5  -5  -5  -3  -5  -5  -6  -5   4   0  -5   1   1  -5  -4  -3  -4  -3   5    1   0   0   0   0   0   0   0   0  30   5   0   3   6   0   0   0   0   0  55  1.08 0.39
  106 A     5  -2  -3  -3  -3  -3  -3   0   2  -3  -1  -1  -3  -4  -3   0   3  -5  -3  -2   56   1   0   0   0   0   0   5   6   0   5   4   0   0   0   5  18   0   0   0  0.70 0.35
  107 C    -4  -7  -6  -7  12  -7  -7  -6  -7  -5  -5  -7  -5  -6  -7  -4  -4  -6  -6  -4    0   0   0   0 100   0   0   0   0   0   0   0   0   0   0   0   0   0   0   0  3.91 0.87
  108 E    -3   1   2   4  -5  -1   5  -3  -2  -5  -3  -1  -4  -5  -3  -1  -3   0  -4  -3    0   6  10  24   0   0  50   0   0   0   2   1   0   0   0   2   0   2   0   1  0.92 0.34
  109 N    -2  -3   4   3  -5  -3  -2   4  -1  -5  -5  -2  -4  -5   3  -2  -3  -5  -4  -5    0   0  27  20   0   0   0  37   1   0   0   2   0   0  14   0   0   0   0   0  0.93 0.32
  110 G    -2  -1   4   0  -3   1  -1   2  -2  -2  -1  -1  -2  -3   2   0  -2  -4  -3   1    0   2  25   3   0   7   3  20   0   0   7   1   0   0  10   6   0   0   0  13  0.31 0.18
  111 L    -1  -2  -4  -5  -3  -2  -4  -2  -4   0   2  -3  -1  -1  -4  -3  -2   3   1   5    3   2   0   0   0   2   0   4   0   0  22   0   0   1   0   0   0   4   6  56  0.61 0.27
  112 P    -4  -5  -5  -4  -6  -4  -4  -5  -5  -6  -6  -4  -5  -7   9  -4  -4  -7  -6  -4    0   0   0   0   0   0   0   0   0   0   0   0   0   0  99   0   0   0   0   1  3.00 0.62
  113 V    -3  -5  -5  -6  -3  -5  -5  -6  -6   1  -1  -5  -2  -3  -5  -4  -1  -5  -4   7    0   0   0   0   0   0   0   0   0   1   0   0   0   0   0   0   2   0   0  96  1.64 0.48
  114 H    -5  -3   0  -1  -6  -2  -3  -5  11  -6  -6  -4  -5  -4  -5  -4  -5  -5  -1  -6    0   0   3   3   0   0   0   0  95   0   0   0   0   0   0   0   0   0   0   0  2.96 0.65
  115 L    -4  -4  -5  -6  -4  -5  -5  -5  -3  -1   4  -5  -1   6  -5  -4  -4  -2   3  -2    0   0   0   0   0   0   0   0   0   0  45   0   0  46   0   0   0   0   8   0  1.20 0.36
  116 D    -4  -3  -1   7  -6   1   1  -4  -3  -5  -6  -3  -5  -6  -4  -2  -3  -6  -5  -5    0   0   0  84   0   6   7   0   0   0   0   0   0   0   0   0   0   0   0   0  1.73 0.41
  117 Q     2   2  -1  -1  -3   1   1   2  -2  -3  -3   2  -2  -4  -2   0   0  -4  -3  -2   28  12   1   2   0   4  12  18   0   0   0  14   0   0   0   3   6   0   0   0  0.33 0.14
  118 S     0  -2  -1  -2  -2  -2  -2  -1  -2   1  -2  -2  -2  -2  -3   4   3  -3   1   1    2   1   2   0   0   0   0   3   0  13   0   0   0   0   0  42  19   0   8  10  0.38 0.20
  119 I    -2  -4  -4  -4  -2  -4  -4  -5  -4   4   0  -4   0   3  -4  -3  -2  -3  -1   5    0   0   0   0   0   0   0   0   0  25   4   0   0  17   0   0   0   0   0  52  0.76 0.23
  120 F    -2  -3  -4  -4  -2  -3  -4  -4  -2   3   1  -3   0   6  -4  -3  -2   0   2   1    0   0   0   0   0   0   0   0   0  32   6   0   0  61   0   0   0   0   0   0  0.60 0.06
  121 R    -1   4  -1  -2  -2   1  -1  -3   0   1   1   0   0  -2  -2   0   0  -3  -2   0    0  39   0   0   0   5   0   0   3  12  22   0   0   0   0  14   5   0   0   0  0.19 0.03
  122 R    -1   1  -2  -2  -3   0  -1  -3  -2  -3  -3  -1  -3  -4   7  -1   0  -4  -3  -3    0  10   0   0   0   5   0   0   0   0   0   0   0   0  80   0   5   0   0   0  1.62 0.06
  123 P     2  -2  -1  -2  -2  -1  -1  -1  -2  -2  -2  -1  -2  -3   6   1   0  -3  -2  -1   39   0   0   0   0   0   0   0   0   0   0   0   0   0  45  16   0   0   0   0  0.80 0.01
  124 R    -1   4   0  -1  -2   2   0  -2  -1  -2  -2   1  -1  -3  -2   0   3  -3  -2  -1    0  40   0   0   0  18   0   0   0   0   0   0   0   0   0   0  41   0   0   0  0.37 0.01
  125 P    -1  -2  -2  -2  -3  -1  -1  -2  -2  -3  -3  -1  -3  -4   8  -1  -1  -4  -3  -3    0   0   0   0   0   0   0   0   0   0   0   0   0   0 100   0   0   0   0   0  2.08 0.02

                      K         Lambda
Standard Ungapped    0.1363     0.3211
Standard Gapped      0.0501     0.2670
PSI Ungapped         0.1637     0.3174
PSI Gapped           0.0501     0.2670
