
Last position-specific scoring matrix computed, weighted observed percentages rounded down, information per position, and relative weight of gapless real matches to pseudocounts
           A  R  N  D  C  Q  E  G  H  I  L  K  M  F  P  S  T  W  Y  V   A   R   N   D   C   Q   E   G   H   I   L   K   M   F   P   S   T   W   Y   V
    1 S    2 -1  0 -1  2  0 -1  0 -1 -2 -2 -1 -1 -2 -1  3  1 -3 -2 -1   30   0   0   0   6   0   0   0   0   0   0   0   0   0   0  64   0   0   0   0  0.37 0.02
    2 D   -2 -2  1  6 -4  0  1 -1 -1 -3 -4 -1 -3 -4 -2  0 -1 -4 -3 -3    0   0   0 100   0   0   0   0   0   0   0   0   0   0   0   0   0   0   0   0  1.02 0.03
    3 K   -1  2  1 -1 -3  1  1 -2 -1 -3 -3  5 -2 -3 -1  0 -1 -3 -2 -2    0   0  10   0   0   0   0   0   0   0   0  90   0   0   0   0   0   0   0   0  0.53 0.02
    4 P   -1 -2 -2 -2 -3 -1 -1 -2 -2 -3 -3 -1 -3 -4  7 -1 -1 -4 -3 -2    0   0   0   0   0   0   0   0   0   0   0   0   0   0 100   0   0   0   0   0  2.12 0.03
    5 D   -1 -2  2  5 -3 -1  1  0 -1 -2 -3 -1 -2 -3 -2  0 -1 -4 -3 -1    0   0  12  71   0   0   0   7   0   0   0   0   0   0   0   0   0   0   0  10  0.62 0.02
    6 V   -1 -1 -2 -3 -1 -1 -2 -3 -2  2  2  0  3  1 -2 -2 -1 -2 -1  1    0   0   0   0   0   0   0   0   0  14  22  10  34   7   0   0   0   0   0  13  0.21 0.01
    7 K    1  0  0  0 -2  0  1  2 -1 -2 -2  1 -2 -3 -1  2  1 -3 -2 -2   17   0   0   0   0   0  15  23   0   0   0  13   0   0   0  26   7   0   0   0  0.27 0.01
    8 E   -1  0  0  1 -4  2  5 -2  0 -3 -3  1 -2 -3 -1  0 -1 -3 -2 -3    0   0   0   0   0   0 100   0   0   0   0   0   0   0   0   0   0   0   0   0  0.81 0.03
    9 V   -1 -3 -3 -3 -1 -2 -3 -3 -3  3  1 -2  1 -1 -3 -2  0 -3 -1  4    0   0   0   0   0   0   0   0   0  34   0   0   0   0   0   0   0   0   0  66  0.38 0.02
   10 E    1  0  1  0 -2  2  3 -1 -1 -2 -2  0 -1 -3 -1  1  1 -3 -2 -1   16   0   5   0   0  16  36   0   0   0   0   0   0   0   0  10  17   0   0   0  0.32 0.01
   11 S    0  1  1  0 -2  2  0 -1 -1 -3 -2  3 -1 -3 -1  3  0 -3 -2 -2    0   0   5   0   0  15   0   0   0   0   0  34   0   0   0  46   0   0   0   0  0.34 0.01
   12 F   -2 -3 -3 -4 -3 -3 -3 -3 -1  0  0 -3  0  6 -4 -3 -2  1  3 -1    0   0   0   0   0   0   0   0   0   0   0   0   0 100   0   0   0   0   0   0  0.86 0.03
   13 D   -2 -2  2  6 -4  0  1 -1 -1 -3 -4 -1 -3 -4 -2  0 -1 -4 -3 -3    0   0   6  94   0   0   0   0   0   0   0   0   0   0   0   0   0   0   0   0  0.96 0.02
   14 K   -1  2  0 -1 -3  1  1 -2 -1 -3 -3  5 -1 -3 -1  0 -1 -3 -2 -2    0   7   0   0   0   0   0   0   0   0   0  93   0   0   0   0   0   0   0   0  0.58 0.02
   15 S    1  0  0 -1 -1  0  0 -1 -1 -2 -2  1 -1 -2 -1  3  3 -3 -2 -1   10   0   0   0   0   0   0   0   0   0   0  15   0   0   0  42  33   0   0   0  0.32 0.01
   16 K   -1  2  0 -1  2  1  0 -2 -1 -2 -2  4 -1 -3 -1  0  0 -3 -2 -2    0   0   0   0  10   0   0   0   0   0   0  83   0   0   0   0   7   0   0   0  0.44 0.02
   17 L   -2 -2 -3 -4 -1 -2 -3 -4 -3  1  4 -3  2  0 -3 -3 -1 -2 -1  1    0   0   0   0   0   0   0   0   0   0 100   0   0   0   0   0   0   0   0   0  0.51 0.02
   18 K   -1  2  0 -1 -3  1  1 -2 -1 -3 -3  5 -1 -3 -1  0 -1 -3 -2 -2    0   7   0   0   0   0   0   0   0   0   0  93   0   0   0   0   0   0   0   0  0.58 0.02
   19 K   -1  2  0 -1 -3  1  1 -2 -1 -3 -3  5 -1 -3 -1  0 -1 -3 -2 -2    0   0   0   0   0   0   0   0   0   0   0 100   0   0   0   0   0   0   0   0  0.60 0.03
   20 V    0 -1  0 -1 -1 -1 -1 -2 -2 -1 -1 -1 -1 -2 -1  1  5 -3 -2  0    0   0   0   0   0   0   0   0   0   0   0   0   0   0   0   0  94   0   0   6  0.51 0.03
   21 E   -1  0  2  2 -3  1  4 -2  0 -3 -3  0 -2 -3 -1  0  0 -3 -2 -2    0   0  22   7   0   0  64   0   0   0   0   0   0   0   0   0   7   0   0   0  0.54 0.02
   22 T    0 -1  0 -1 -1 -1 -1 -2 -2 -1 -1 -1 -1 -2 -1  1  5 -3 -2  0    0   0   0   0   0   0   0   0   0   0   0   0   0   0   0   0 100   0   0   0  0.56 0.03
   23 Q    0  0  1  0 -3  4  2 -2  2 -3 -2  1 -1 -3 -1  0 -1 -2 -1 -2   10   0   7   0   0  59  19   0   5   0   0   0   0   0   0   0   0   0   0   0  0.48 0.02
   24 E   -1  0 -1  1 -3  2  5 -2  0 -2 -2  0 -2 -3 -1  0 -1 -3 -2 -1    0   0   0   0   0   0  93   0   0   0   0   0   0   0   0   0   0   0   0   7  0.69 0.02
   25 K   -1  2  0 -1 -3  1  1 -2 -1 -3 -3  5 -1 -3 -1  0 -1 -3 -2 -2    0   0   0   0   0   0   0   0   0   0   0 100   0   0   0   0   0   0   0   0  0.60 0.03
   26 N   -2 -1  6  1 -3  0  0 -1  0 -3 -4  0 -2 -3 -2  0  0 -4 -2 -3    0   0 100   0   0   0   0   0   0   0   0   0   0   0   0   0   0   0   0   0  0.84 0.03
   27 P   -1 -2 -1 -1 -2 -1 -1 -2 -2 -2 -2 -1 -2 -3  5  0  3 -3 -2 -1    0   0   0   0   0   0   0   0   0   0   0   0   0   0  50   0  50   0   0   0  0.94 0.02
   28 L   -2 -2 -3 -4 -1 -2 -3 -4 -3  1  4 -3  2  0 -3 -3 -1 -2 -1  1    0   0   0   0   0   0   0   0   0   0 100   0   0   0   0   0   0   0   0   0  0.51 0.02
   29 P   -1 -2 -2 -2 -3 -1 -1 -2 -2 -3 -3 -1 -3 -4  7  0 -1 -4 -3 -2    0   0   0   0   0   0   0   0   0   0   0   0   0   0  93   7   0   0   0   0  1.91 0.03
   30 T    0 -1  0 -1 -1 -1 -1 -1 -1 -1 -2 -1 -1 -2 -1  3  4 -3 -2 -1    0   0   0   0   0   0   0   0   0   0   0   0   0   0   0  34  66   0   0   0  0.44 0.02
   31 K   -1  2  0 -1 -3  1  1 -2 -1 -3 -3  5 -1 -3 -1  0 -1 -3 -2 -2    0   0   0   0   0   0   0   0   0   0   0 100   0   0   0   0   0   0   0   0  0.60 0.03
   32 E   -1  0  0  1 -4  2  5 -2  0 -3 -3  1 -2 -3 -1  0 -1 -3 -2 -3    0   0   0   0   0   0 100   0   0   0   0   0   0   0   0   0   0   0   0   0  0.81 0.03
   33 T    0 -1  0  1 -1 -1 -1 -2 -2 -1 -1 -1 -1 -2 -1  1  4 -3 -2  0    0   0   0  10   0   0   0   0   0   0   0   0   0   0   0   0  83   0   0   7  0.42 0.02
   34 I   -1 -3 -3 -3 -1 -3 -3 -4 -3  4  1 -3  1  0 -3 -2 -1 -3 -1  2    0   0   0   0   0   0   0   0   0 100   0   0   0   0   0   0   0   0   0   0  0.47 0.02
   35 E   -1  0  0  3 -4  2  4 -2  0 -3 -3  0 -2 -3 -1  0 -1 -3 -2 -3    0   0   0  22   0   7  71   0   0   0   0   0   0   0   0   0   0   0   0   0  0.69 0.02
   36 Q   -1  1  0  0 -3  6  2 -2  0 -3 -2  1 -1 -3 -1  0 -1 -2 -2 -2    0   0   0   0   0 100   0   0   0   0   0   0   0   0   0   0   0   0   0   0  0.77 0.03
   37 E   -1  0  0  1 -4  2  5 -2  0 -3 -3  1 -2 -3 -1  0 -1 -3 -2 -3    0   0   0   0   0   0 100   0   0   0   0   0   0   0   0   0   0   0   0   0  0.81 0.03
   38 K   -1  3  0 -1 -3  1  1 -2 -1 -3 -3  5 -1 -3 -1  0 -1 -3 -2 -2    0  14   0   0   0   0   0   0   0   0   0  86   0   0   0   0   0   0   0   0  0.57 0.02
   39 K    0  2  0 -1 -3  4  1 -2  0 -3 -2  2 -1 -3 -1  1 -1 -2 -2 -2    6   6   0   0   0  55   0   0   0   0   0  26   0   0   0   8   0   0   0   0  0.46 0.02
   40 G    3 -2 -1 -2 -1 -1 -1  3 -2 -2 -2 -1 -1 -3 -1  1  0 -3 -2 -1   64   0   0   0   0   0   0  29   0   0   0   0   0   0   0   7   0   0   0   0  0.42 0.01

                      K         Lambda
Standard Ungapped    0.1190     0.2935
Standard Gapped      0.0410     0.2670
PSI Ungapped         0.1190     0.2935
PSI Gapped           0.0410     0.2670
