
Last position-specific scoring matrix computed, weighted observed percentages rounded down, information per position, and relative weight of gapless real matches to pseudocounts
            A   R   N   D   C   Q   E   G   H   I   L   K   M   F   P   S   T   W   Y   V   A   R   N   D   C   Q   E   G   H   I   L   K   M   F   P   S   T   W   Y   V
    1 Q    -1   1   0   0  -3   5   2  -2   0  -3  -2   1   0  -3  -1   0  -1  -2  -1  -2    0   0   0   0   0   0   0   0   0   0   0   0   0   0   0   0   0   0   0   0  0.00     0.00
    2 V     0  -2  -3  -3  -1  -2  -2  -3  -3   3   1  -2   1  -1  -2  -2   0  -3  -1   4    0   0   0   0   0   0   0   0   0   0   0   0   0   0   0   0   0   0   0   0  0.00     0.00
    3 S     1  -1   1   0  -1   0   0   0  -1  -2  -2   0  -1  -2  -1   4   1  -3  -2  -2    0   0   0   0   0   0   0   0   0   0   0   0   0   0   0   0   0   0   0   0  0.00     0.00
    4 M    -1  -1  -2  -3  -1   0  -2  -3  -2   1   2  -1   5   0  -2  -1  -1  -1  -1   1    0   0   0   0   0   0   0   0   0   0   0   0   0   0   0   0   0   0   0   0  0.00     0.00
    5 P    -1  -2  -2  -1  -3  -1  -1  -2  -2  -3  -3  -1  -2  -4   7  -1  -1  -4  -3  -2    0   0   0   0   0   0   0   0   0   0   0   0   0   0   0   0   0   0   0   0  0.00     0.00
    6 P    -1  -2  -2  -1  -3  -1  -1  -2  -2  -3  -3  -1  -2  -4   7  -1  -1  -4  -3  -2    0   0   0   0   0   0   0   0   0   0   0   0   0   0   0   0   0   0   0   0  0.00     0.00
    7 G     0  -2   0  -1  -2  -2  -2   6  -2  -4  -4  -2  -3  -3  -2   0  -2  -2  -3  -3    0   0   0   0   0   0   0   0   0   0   0   0   0   0   0   0   0   0   0   0  0.00     0.00
    8 Y    -2  -2  -2  -3  -2  -1  -2  -3   2  -1  -1  -2  -1   3  -3  -2  -2   2   7  -1    0   0   0   0   0   0   0   0   0   0   0   0   0   0   0   0   0   0   0   0  0.00     0.00
    9 A     4  -1  -2  -2   0  -1  -1   0  -2  -1  -1  -1  -1  -2  -1   1   0  -3  -2   0    0   0   0   0   0   0   0   0   0   0   0   0   0   0   0   0   0   0   0   0  0.00     0.00
   10 E    -1   0   0   2  -4   2   5  -2   0  -3  -3   1  -2  -3  -1   0  -1  -3  -2  -2    0   0   0   0   0   0   0   0   0   0   0   0   0   0   0   0   0   0   0   0  0.00     0.00
   11 K    -1   2   0  -1  -3   1   1  -2  -1  -3  -2   4  -1  -3  -1   0  -1  -3  -2  -2    0   0   0   0   0   0   0   0   0   0   0   0   0   0   0   0   0   0   0   0  0.00     0.00
   12 Y    -2  -2  -2  -3  -2  -1  -2  -3   2  -1  -1  -2  -1   3  -3  -2  -2   2   7  -1    0   0   0   0   0   0   0   0   0   0   0   0   0   0   0   0   0   0   0   0  0.00     0.00
   13 P    -1  -2  -2  -1  -3  -1  -1  -2  -2  -3  -3  -1  -2  -4   7  -1  -1  -4  -3  -2    0   0   0   0   0   0   0   0   0   0   0   0   0   0   0   0   0   0   0   0  0.00     0.00
   14 I    -1  -3  -3  -3  -1  -3  -3  -4  -3   4   2  -3   1   0  -3  -2  -1  -3  -1   3    0   0   0   0   0   0   0   0   0   0   0   0   0   0   0   0   0   0   0   0  0.00     0.00
   15 T     0  -1   0  -1  -1  -1  -1  -2  -2  -1  -1  -1  -1  -2  -1   1   5  -2  -2   0    0   0   0   0   0   0   0   0   0   0   0   0   0   0   0   0   0   0   0   0  0.00     0.00
   16 S     1  -1   1   0  -1   0   0   0  -1  -2  -2   0  -1  -2  -1   4   1  -3  -2  -2    0   0   0   0   0   0   0   0   0   0   0   0   0   0   0   0   0   0   0   0  0.00     0.00
   17 Q    -1   1   0   0  -3   5   2  -2   0  -3  -2   1   0  -3  -1   0  -1  -2  -1  -2    0   0   0   0   0   0   0   0   0   0   0   0   0   0   0   0   0   0   0   0  0.00     0.00
   18 F    -2  -3  -3  -3  -2  -3  -3  -3  -1   0   0  -3   0   6  -4  -2  -2   1   3  -1    0   0   0   0   0   0   0   0   0   0   0   0   0   0   0   0   0   0   0   0  0.00     0.00
   19 S     1  -1   1   0  -1   0   0   0  -1  -2  -2   0  -1  -2  -1   4   1  -3  -2  -2    0   0   0   0   0   0   0   0   0   0   0   0   0   0   0   0   0   0   0   0  0.00     0.00
   20 R    -1   5   0  -2  -3   1   0  -2   0  -3  -2   2  -1  -3  -2  -1  -1  -3  -2  -2    0   0   0   0   0   0   0   0   0   0   0   0   0   0   0   0   0   0   0   0  0.00     0.00
   21 S     1  -1   1   0  -1   0   0   0  -1  -2  -2   0  -1  -2  -1   4   1  -3  -2  -2    0   0   0   0   0   0   0   0   0   0   0   0   0   0   0   0   0   0   0   0  0.00     0.00
   22 V     0  -2  -3  -3  -1  -2  -2  -3  -3   3   1  -2   1  -1  -2  -2   0  -3  -1   4    0   0   0   0   0   0   0   0   0   0   0   0   0   0   0   0   0   0   0   0  0.00     0.00
   23 R    -1   5   0  -2  -3   1   0  -2   0  -3  -2   2  -1  -3  -2  -1  -1  -3  -2  -2    0   0   0   0   0   0   0   0   0   0   0   0   0   0   0   0   0   0   0   0  0.00     0.00
   24 H    -2   0   1  -1  -3   0   0  -2   7  -3  -3  -1  -2  -1  -2  -1  -2  -2   2  -3    0   0   0   0   0   0   0   0   0   0   0   0   0   0   0   0   0   0   0   0  0.00     0.00
   25 P    -1  -2  -2  -1  -3  -1  -1  -2  -2  -3  -3  -1  -2  -4   7  -1  -1  -4  -3  -2    0   0   0   0   0   0   0   0   0   0   0   0   0   0   0   0   0   0   0   0  0.00     0.00
   26 R    -1   5   0  -2  -3   1   0  -2   0  -3  -2   2  -1  -3  -2  -1  -1  -3  -2  -2    0   0   0   0   0   0   0   0   0   0   0   0   0   0   0   0   0   0   0   0  0.00     0.00
   27 D    -2  -2   1   6  -3   0   2  -1  -1  -3  -4  -1  -3  -3  -1   0  -1  -4  -3  -3    0   0   0   0   0   0   0   0   0   0   0   0   0   0   0   0   0   0   0   0  0.00     0.00
   28 I    -1  -3  -3  -3  -1  -3  -3  -4  -3   4   2  -3   1   0  -3  -2  -1  -3  -1   3    0   0   0   0   0   0   0   0   0   0   0   0   0   0   0   0   0   0   0   0  0.00     0.00
   29 H    -2   0   1  -1  -3   0   0  -2   7  -3  -3  -1  -2  -1  -2  -1  -2  -2   2  -3    0   0   0   0   0   0   0   0   0   0   0   0   0   0   0   0   0   0   0   0  0.00     0.00
   30 D    -2  -2   1   6  -3   0   2  -1  -1  -3  -4  -1  -3  -3  -1   0  -1  -4  -3  -3    0   0   0   0   0   0   0   0   0   0   0   0   0   0   0   0   0   0   0   0  0.00     0.00
   31 F    -2  -3  -3  -3  -2  -3  -3  -3  -1   0   0  -3   0   6  -4  -2  -2   1   3  -1    0   0   0   0   0   0   0   0   0   0   0   0   0   0   0   0   0   0   0   0  0.00     0.00
   32 V     0  -3  -3  -3  -1  -2  -3  -3  -3   3   1  -2   1  -1  -3  -2   0  -3  -1   4    0   0   0   0   0   0   0   0   0   0   0   0   0   0   0   0   0   0   0 100  0.35 0.00
   33 T     0  -1   0  -1  -1  -1  -1  -2  -2  -1  -1  -1  -1  -2  -1   1   5  -3  -2   0    0   0   0   0   0   0   0   0   0   0   0   0   0   0   0   0 100   0   0   0  0.47 0.00
   34 W    -3  -3  -4  -5  -3  -2  -3  -3  -3  -3  -2  -3  -2   1  -4  -3  -3  11   2  -3    0   0   0   0   0   0   0   0   0   0   0   0   0   0   0   0   0 100   0   0  2.31 0.00
   35 D    -2  -2   1   6  -4   0   2  -1  -1  -3  -4  -1  -3  -4  -2   0  -1  -5  -3  -3    0   0   0 100   0   0   0   0   0   0   0   0   0   0   0   0   0   0   0   0  0.93 0.00
   36 R    -1   5   0  -1  -3   1   0  -2  -1  -3  -2   4  -1  -3  -2  -1  -1  -3  -2  -3    0  50   0   0   0   0   0   0   0   0   0  50   0   0   0   0   0   0   0   0  0.55 0.00
   37 E    -1   0   4   2  -3   1   4  -1   0  -3  -3   0  -2  -3  -2   0   0  -4  -2  -3    0   0  50   0   0   0  50   0   0   0   0   0   0   0   0   0   0   0   0   0  0.54 0.00
   38 M    -1  -2  -3  -3  -1  -1  -3  -3  -2   3   2  -2   4   0  -3  -2  -1  -2  -1   2    0   0   0   0   0   0   0   0   0  50   0   0  50   0   0   0   0   0   0   0  0.29 0.00
   39 G     0  -3   0  -1  -3  -2  -2   6  -2  -4  -4  -2  -3  -3  -2   0  -2  -3  -3  -3    0   0   0   0   0   0   0 100   0   0   0   0   0   0   0   0   0   0   0   0  1.04 0.00
   40 G    -1  -1   4   0  -3  -1  -1   4   0  -4  -4  -1  -3  -3  -2   0  -1  -3  -3  -3    0   0  50   0   0   0   0  50   0   0   0   0   0   0   0   0   0   0   0   0  0.62 0.00
   41 G     0  -3   0  -1  -3  -2  -2   6  -2  -4  -4  -2  -3  -3  -2   0  -2  -3  -3  -3    0   0   0   0   0   0   0 100   0   0   0   0   0   0   0   0   0   0   0   0  1.04 0.00
   42 K    -1   2   0  -1  -3   1   1  -2  -1  -3  -3   5  -1  -3  -1   0  -1  -3  -2  -2    0   0   0   0   0   0   0   0   0   0   0 100   0   0   0   0   0   0   0   0  0.52 0.00
   43 V     0  -3  -3  -3  -1  -2  -3  -3  -3   3   1  -2   1  -1  -3  -2   0  -3  -1   4    0   0   0   0   0   0   0   0   0   0   0   0   0   0   0   0   0   0   0 100  0.35 0.00
   44 F    -2  -3  -3  -4  -3  -3  -3  -3  -1   0   0  -3   0   7  -4  -3  -2   1   3  -1    0   0   0   0   0   0   0   0   0   0   0   0   0 100   0   0   0   0   0   0  0.75 0.00
   45 G     0  -3   0  -1  -3  -2  -2   6  -2  -4  -4  -2  -3  -3  -2   0  -2  -3  -3  -3    0   0   0   0   0   0   0 100   0   0   0   0   0   0   0   0   0   0   0   0  1.05 0.00
   46 T     0  -1   0  -1  -1  -1  -1  -2  -2  -1  -1  -1  -1  -2  -1   1   5  -3  -2   0    0   0   0   0   0   0   0   0   0   0   0   0   0   0   0   0 100   0   0   0  0.48 0.00
   47 L    -2  -2  -4  -4  -1  -2  -3  -4  -3   2   4  -3   2   0  -3  -3  -1  -2  -1   1    0   0   0   0   0   0   0   0   0   0 100   0   0   0   0   0   0   0   0   0  0.46 0.00
   48 G     0  -3   0  -1  -3  -2  -2   6  -2  -4  -4  -2  -3  -3  -2   0  -2  -3  -3  -3    0   0   0   0   0   0   0 100   0   0   0   0   0   0   0   0   0   0   0   0  1.05 0.00
   49 E     0   0   0   0  -2   3   3  -1   0  -3  -3   1  -1  -3  -1   2   0  -3  -2  -2    0   0   0   0   0  32  33   0   0   0   0   0   0   0   0  35   0   0   0   0  0.42 0.00
   50 S     0  -1   3   0  -1   0   0  -1  -1  -2  -2   0  -1  -3  -1   3   3  -3  -2  -1    0   0  32   0   0   0   0   0   0   0   0   0   0   0   0  33  35   0   0   0  0.36 0.00
   51 D    -2  -2   1   6  -4   0   2  -1  -1  -3  -4  -1  -3  -4  -2   0  -1  -5  -3  -3    0   0   0 100   0   0   0   0   0   0   0   0   0   0   0   0   0   0   0   0  0.94 0.00
   52 Q    -2  -1   1   5  -4   3   2  -2  -1  -3  -3   0  -2  -4  -2   0  -1  -4  -3  -3    0   0   0  67   0  33   0   0   0   0   0   0   0   0   0   0   0   0   0   0  0.66 0.00
   53 G     1  -2   0  -1  -2  -1  -1   5  -2  -3  -3  -1  -2  -3  -2   2   0  -3  -3  -3    0   0   0   0   0   0   0  65   0   0   0   0   0   0   0  35   0   0   0   0  0.64 0.00
   54 L    -2  -2  -4  -4  -1  -2  -3  -4  -3   2   4  -3   2   0  -3  -3  -1  -2  -1   1    0   0   0   0   0   0   0   0   0   0 100   0   0   0   0   0   0   0   0   0  0.46 0.00
   55 F    -2  -3  -3  -4  -3  -3  -3  -3  -1   0   0  -3   0   7  -4  -3  -2   1   3  -1    0   0   0   0   0   0   0   0   0   0   0   0   0 100   0   0   0   0   0   0  0.75 0.00
   56 G     0  -3   0  -1  -3  -2  -2   6  -2  -4  -4  -2  -3  -3  -2   0  -2  -3  -3  -3    0   0   0   0   0   0   0 100   0   0   0   0   0   0   0   0   0   0   0   0  1.05 0.00
   57 K    -1   4   0  -1  -3   1   1  -2  -1  -3  -3   4  -1  -3  -1   0  -1  -3  -2  -3    0  35   0   0   0   0   0   0   0   0   0  65   0   0   0   0   0   0   0   0  0.53 0.00
   58 G     2  -1  -1  -1  -1  -1  -1   3  -1  -2  -2  -1  -1  -2  -1   0   0  -1  -1  -1   35   2   2   2   1   2   2  35   1   2   3   2   1   1   2   3   2   0   1   2  0.25 0.00
   59 G     0  -1   0  -1  -2  -1  -1   5  -1  -2  -2  -1  -2  -2  -1   0  -1  -1  -2  -2    3   2   2   2   1   2   2  67   1   2   3   2   1   1   2   3   2   0   1   2  0.51 0.00
   60 Y    -2  -2  -3  -3  -3  -2  -3  -3   1  -1  -1  -2  -1   5  -3  -2  -2   2   6  -1    0   0   0   0   0   0   0   0   0   0   0   0   0  32   0   0   0   0  68   0  0.74 0.00
   61 N    -1   2   3   0  -3   1   0  -1   0  -3  -3   4  -2  -3  -1   0  -1  -3  -2  -3    0   0  33   0   0   0   0   0   0   0   0  67   0   0   0   0   0   0   0   0  0.43 0.00
   62 R    -1   4   0  -1  -3   5   1  -2   0  -3  -2   2  -1  -3  -2   0  -1  -2  -2  -3    0  33   0   0   0  67   0   0   0   0   0   0   0   0   0   0   0   0   0   0  0.57 0.00
   63 E    -1   0   0   4  -4   3   3  -2   0  -3  -3   1  -2  -4  -1   0  -1  -3  -2  -3    0   0   0  35   0  32  33   0   0   0   0   0   0   0   0   0   0   0   0   0  0.57 0.00
   64 F    -2  -3  -3  -4  -2  -3  -3  -4  -2   2   1  -3   0   5  -4  -3  -2   0   2   1    0   0   0   0   0   0   0   0   0  35   0   0   0  65   0   0   0   0   0   0  0.46 0.00
   65 F    -2  -3  -3  -4  -3  -3  -3  -3  -1   0   0  -3   0   7  -4  -3  -2   1   3  -1    0   0   0   0   0   0   0   0   0   0   0   0   0 100   0   0   0   0   0   0  0.75 0.00
   66 N    -2  -1   6   1  -3   0   0   0   1  -4  -4   0  -2  -3  -2   1   0  -4  -2  -3    0   0 100   0   0   0   0   0   0   0   0   0   0   0   0   0   0   0   0   0  0.73 0.00
   67 D    -2  -2   1   6  -4   0   2  -1  -1  -3  -4  -1  -3  -4  -2   0  -1  -5  -3  -3    0   0   0 100   0   0   0   0   0   0   0   0   0   0   0   0   0   0   0   0  0.94 0.00
   68 D    -2  -1   1   5  -4   0   1  -2   5  -3  -4  -1  -3  -3  -2  -1  -1  -4   0  -3    0   0   0  65   0   0   0   0  35   0   0   0   0   0   0   0   0   0   0   0  0.66 0.00
   69 R    -2   6  -1  -2  -4   1   0  -3   0  -3  -2   2  -2  -3  -2  -1  -1  -3  -2  -3    0 100   0   0   0   0   0   0   0   0   0   0   0   0   0   0   0   0   0   0  0.76 0.00
   70 G     0  -3   0  -1  -3  -2  -2   6  -2  -4  -4  -2  -3  -3  -2   0  -2  -3  -3  -3    0   0   0   0   0   0   0 100   0   0   0   0   0   0   0   0   0   0   0   0  1.05 0.00
   71 K    -1   2   0  -1  -3   1   1  -2   5  -3  -3   4  -2  -2  -2   0  -1  -3   0  -3    0   0   0   0   0   0   0   0  35   0   0  65   0   0   0   0   0   0   0   0  0.45 0.00
   72 L    -2  -3  -4  -4  -2  -3  -3  -4  -2   1   3  -3   2   4  -3  -3  -2  -1   1   0    0   0   0   0   0   0   0   0   0   0  68   0   0  32   0   0   0   0   0   0  0.40 0.00
   73 T    -1   0   0   0  -2   4   3  -2   0  -2  -2   1  -1  -3  -1   0   2  -3  -2  -1    0   0   0   0   0  35  32   0   0   0   0   0   0   0   0   0  33   0   0   0  0.40 0.00
   74 G     0  -3   0  -1  -3  -2  -2   6  -2  -4  -4  -2  -3  -3  -2   0  -2  -3  -3  -3    0   0   0   0   0   0   0 100   0   0   0   0   0   0   0   0   0   0   0   0  1.05 0.00
   75 Q    -1   1   0   0  -3   6   2  -2   0  -3  -2   1   0  -3  -1   0  -1  -2  -2  -2    0   0   0   0   0 100   0   0   0   0   0   0   0   0   0   0   0   0   0   0  0.67 0.01
   76 A     4  -2  -2  -2   0  -1  -1   0  -2  -1  -2  -1  -1  -2  -1   1   0  -3  -2   0  100   0   0   0   0   0   0   0   0   0   0   0   0   0   0   0   0   0   0   0  0.41 0.00
   77 Y    -2  -2  -2  -3  -3  -2  -2  -3   2  -1  -1  -2  -1   3  -3  -2  -2   2   7  -1    0   0   0   0   0   0   0   0   0   0   0   0   0   0   0   0   0   0 100   0  0.88 0.01
   78 G     0  -3   0  -1  -3  -2  -2   6  -2  -4  -4  -2  -3  -3  -2   0  -2  -3  -3  -3    0   0   0   0   0   0   0 100   0   0   0   0   0   0   0   0   0   0   0   0  1.05 0.00
   79 T     0  -1   0  -1  -1  -1  -1  -1  -2  -1  -2  -1  -1  -2  -1   3   4  -3  -2  -1    0   0   0   0   0   0   0   0   0   0   0   0   0   0   0  35  65   0   0   0  0.40 0.00
   80 R    -2   6  -1  -2  -4   1   0  -3   0  -3  -2   2  -2  -3  -2  -1  -1  -3  -2  -3    0 100   0   0   0   0   0   0   0   0   0   0   0   0   0   0   0   0   0   0  0.76 0.00
   81 V     0  -3  -3  -3  -1  -2  -3  -3  -3   3   1  -2   1  -1  -3  -2   0  -3  -1   4    0   0   0   0   0   0   0   0   0   0   0   0   0   0   0   0   0   0   0 100  0.35 0.00
   82 L    -2  -2  -4  -4  -1  -2  -3  -4  -3   2   4  -3   2   0  -3  -3  -1  -2  -1   1    0   0   0   0   0   0   0   0   0   0 100   0   0   0   0   0   0   0   0   0  0.46 0.00
   83 G     0  -3   0  -1  -3  -2  -2   6  -2  -4  -4  -2  -3  -3  -2   0  -2  -3  -3  -3    0   0   0   0   0   0   0 100   0   0   0   0   0   0   0   0   0   0   0   0  1.04 0.00
   84 P    -1  -2  -2  -2  -3  -1  -1  -2  -2  -3  -3  -1  -3  -4   8  -1  -1  -4  -3  -3    0   0   0   0   0   0   0   0   0   0   0   0   0   0 100   0   0   0   0   0  2.04 0.00
   85 G     3  -2  -1  -2  -1  -1  -2   4  -2  -2  -3  -1  -2  -3  -2   1  -1  -3  -3  -1   50   0   0   0   0   0   0  50   0   0   0   0   0   0   0   0   0   0   0   0  0.52 0.00
   86 G     0  -3   0  -1  -3  -2  -2   6  -2  -4  -4  -2  -3  -3  -2   0  -2  -3  -3  -3    0   0   0   0   0   0   0 100   0   0   0   0   0   0   0   0   0   0   0   0  1.04 0.00
   87 D    -1  -2   1   4  -3  -1   0   4  -2  -4  -4  -1  -3  -4  -2   0  -1  -4  -3  -3    0   0   0  50   0   0   0  50   0   0   0   0   0   0   0   0   0   0   0   0  0.66 0.00
   88 S     1  -1   0  -1  -1   0  -1  -1  -1  -2  -2   0  -1  -2  -1   3   4  -3  -2  -1    0   0   0   0   0   0   0   0   0   0   0   0   0   0   0  50  50   0   0   0  0.39 0.00
   89 T     0  -1   0  -1  -1  -1  -1  -2  -2  -1  -1  -1  -1  -2  -1   1   5  -3  -2   0    0   0   0   0   0   0   0   0   0   0   0   0   0   0   0   0 100   0   0   0  0.47 0.00
   90 S     0  -1   4   1  -2   0   0   0   0  -3  -3   0  -2  -3  -1   3   1  -3  -2  -2    0   0  50   0   0   0   0   0   0   0   0   0   0   0   0  50   0   0   0   0  0.45 0.00
   91 Y    -2  -2  -3  -4  -3  -2  -3  -3   1  -1   0  -3   0   5  -4  -2  -2   2   6  -1    0   0   0   0   0   0   0   0   0   0   0   0   0  50   0   0   0   0  50   0  0.69 0.00
   92 G     0  -3   0  -1  -3  -2  -2   6  -2  -4  -4  -2  -3  -3  -2   0  -2  -3  -3  -3    0   0   0   0   0   0   0 100   0   0   0   0   0   0   0   0   0   0   0   0  1.04 0.00
   93 G     0  -3   0  -1  -3  -2  -2   6  -2  -4  -4  -2  -3  -3  -2   0  -2  -3  -3  -3    0   0   0   0   0   0   0 100   0   0   0   0   0   0   0   0   0   0   0   0  1.04 0.00
   94 R    -2   6   0  -2  -4   1   0  -3   0  -3  -2   2  -1  -3  -2  -1  -1  -3  -2  -3    0 100   0   0   0   0   0   0   0   0   0   0   0   0   0   0   0   0   0   0  0.75 0.00
   95 L    -2  -2  -4  -4  -1  -2  -3  -4  -3   2   4  -3   2   0  -3  -3  -1  -2  -1   1    0   0   0   0   0   0   0   0   0   0 100   0   0   0   0   0   0   0   0   0  0.46 0.00
   96 D    -2  -2   1   6  -4   0   2  -1  -1  -3  -4  -1  -3  -4  -2   0  -1  -5  -3  -3    0   0   0 100   0   0   0   0   0   0   0   0   0   0   0   0   0   0   0   0  0.93 0.00
   97 W    -3  -3  -4  -5  -3  -2  -3  -3  -3  -3  -2  -3  -2   1  -4  -3  -3  11   2  -3    0   0   0   0   0   0   0   0   0   0   0   0   0   0   0   0   0 100   0   0  2.31 0.00
   98 A     3  -1   0  -1  -1   0  -1   0  -1  -2  -2  -1  -1  -2  -1   3   1  -3  -2  -1   50   0   0   0   0   0   0   0   0   0   0   0   0   0   0  50   0   0   0   0  0.35 0.00
   99 N    -2  -1   5   5  -3   0   1  -1   0  -3  -4   0  -3  -4  -2   0  -1  -4  -3  -3    0   0  50  50   0   0   0   0   0   0   0   0   0   0   0   0   0   0   0   0  0.67 0.00
  100 E    -1   1   0   1  -4   2   4  -2   0  -3  -3   3  -2  -3  -1   0  -1  -3  -2  -3    0   0   0   0   0   0  50   0   0   0   0  50   0   0   0   0   0   0   0   0  0.50 0.00
  101 N    -2   0   6   1  -3   0   0   0   1  -4  -4   0  -2  -3  -2   1   0  -4  -2  -3    0   0 100   0   0   0   0   0   0   0   0   0   0   0   0   0   0   0   0   0  0.72 0.00
  102 A     4  -2  -2  -2   0  -1  -1   0  -2  -1  -2  -1  -1  -2  -1   1   0  -3  -2   0  100   0   0   0   0   0   0   0   0   0   0   0   0   0   0   0   0   0   0   0  0.40 0.00
  103 K    -1   1   4   0  -3   1   0  -1   0  -3  -3   3  -2  -3  -2   0   0  -4  -2  -3    0   0  50   0   0   0   0   0   0   0   0  50   0   0   0   0   0   0   0   0  0.45 0.00
  104 A     4  -2  -2  -2   0  -1  -1   0  -2  -1  -2  -1  -1  -2  -1   1   0  -3  -2   0  100   0   0   0   0   0   0   0   0   0   0   0   0   0   0   0   0   0   0   0  0.40 0.00
  105 A     4  -2  -2  -2   0  -1  -1   0  -2  -1  -2  -1  -1  -2  -1   1   0  -3  -2   0  100   0   0   0   0   0   0   0   0   0   0   0   0   0   0   0   0   0   0   0  0.40 0.00
  106 I    -2  -3  -4  -4  -1  -3  -3  -4  -3   3   3  -3   2   0  -3  -3  -1  -2  -1   2    0   0   0   0   0   0   0   0   0  50  50   0   0   0   0   0   0   0   0   0  0.37 0.00
  107 D    -2  -2   1   6  -4   0   2  -1  -1  -3  -4  -1  -3  -4  -2   0  -1  -5  -3  -3    0   0   0 100   0   0   0   0   0   0   0   0   0   0   0   0   0   0   0   0  0.93 0.00
  108 L    -2  -3  -4  -4  -1  -3  -3  -4  -3   3   3  -3   2   0  -3  -3  -1  -2  -1   2    0   0   0   0   0   0   0   0   0  50  50   0   0   0   0   0   0   0   0   0  0.37 0.00
  109 N     0  -1   4   1  -2   0   0   0   0  -3  -3   0  -2  -3  -1   3   1  -3  -2  -2    0   0  50   0   0   0   0   0   0   0   0   0   0   0   0  50   0   0   0   0  0.45 0.00
  110 R    -1   5   0  -1  -3   1   0  -2  -1  -3  -2   4  -1  -3  -2  -1  -1  -3  -2  -3    0  50   0   0   0   0   0   0   0   0   0  50   0   0   0   0   0   0   0   0  0.55 0.00
  111 Q    -1   1   0   0  -3   6   2  -2   0  -3  -2   1   0  -3  -1   0  -1  -2  -2  -2    0   0   0   0   0 100   0   0   0   0   0   0   0   0   0   0   0   0   0   0  0.65 0.00
  112 I    -1  -3  -3  -3  -1  -3  -3  -4  -4   4   2  -3   1   0  -3  -3  -1  -3  -1   3    0   0   0   0   0   0   0   0   0 100   0   0   0   0   0   0   0   0   0   0  0.39 0.00
  113 G     0  -3   0  -1  -3  -2  -2   6  -2  -4  -4  -2  -3  -3  -2   0  -2  -3  -3  -3    0   0   0   0   0   0   0 100   0   0   0   0   0   0   0   0   0   0   0   0  1.04 0.00
  114 G     0  -3   0  -1  -3  -2  -2   6  -2  -4  -4  -2  -3  -3  -2   0  -2  -3  -3  -3    0   0   0   0   0   0   0 100   0   0   0   0   0   0   0   0   0   0   0   0  1.04 0.00
  115 S     0   4   0  -1  -2   1   0  -1  -1  -3  -2   1  -2  -3  -2   3   0  -3  -2  -2    0  50   0   0   0   0   0   0   0   0   0   0   0   0   0  50   0   0   0   0  0.40 0.00
  116 A     3  -2  -2  -2  -1  -1  -1  -1  -2  -2  -2  -1  -2  -3   6   0  -1  -3  -2  -1   50   0   0   0   0   0   0   0   0   0   0   0   0   0  50   0   0   0   0   0  0.88 0.00
  117 G    -1  -1   4   0  -3  -1  -1   4   0  -4  -4  -1  -3  -3  -2   0  -1  -3  -3  -3    0   0  50   0   0   0   0  50   0   0   0   0   0   0   0   0   0   0   0   0  0.62 0.00
  118 I    -2  -3  -4  -4  -1  -3  -3  -4  -3   3   3  -3   2   0  -3  -3  -1  -2  -1   2    0   0   0   0   0   0   0   0   0  50  50   0   0   0   0   0   0   0   0   0  0.37 0.00
  119 E     0   0   0   1  -2   1   4  -1  -1  -3  -3   0  -2  -3  -1   3   1  -3  -2  -2    0   0   0   0   0   0  50   0   0   0   0   0   0   0   0  50   0   0   0   0  0.43 0.00
  120 A     4  -2  -2  -2   0  -1  -1   0  -2  -1  -2  -1  -1  -2  -1   1   0  -3  -2   0  100   0   0   0   0   0   0   0   0   0   0   0   0   0   0   0   0   0   0   0  0.40 0.00
  121 S     1  -1   1   0  -1   0   0   0  -1  -3  -3   0  -2  -3  -1   4   1  -3  -2  -2    0   0   0   0   0   0   0   0   0   0   0   0   0   0   0 100   0   0   0   0  0.45 0.00
  122 A     3  -2  -1  -2  -1  -1  -2   4  -2  -2  -3  -1  -2  -3  -2   1  -1  -3  -3  -1   50   0   0   0   0   0   0  50   0   0   0   0   0   0   0   0   0   0   0   0  0.52 0.00
  123 S     3  -1   0  -1  -1   0  -1   0  -1  -2  -2  -1  -1  -2  -1   3   1  -3  -2  -1   50   0   0   0   0   0   0   0   0   0   0   0   0   0   0  50   0   0   0   0  0.35 0.00
  124 G     0  -3   0  -1  -3  -2  -2   6  -2  -4  -4  -2  -3  -3  -2   0  -2  -3  -3  -3    0   0   0   0   0   0   0 100   0   0   0   0   0   0   0   0   0   0   0   0  1.04 0.00
  125 V     0  -3  -3  -3  -1  -2  -3  -3  -3   3   1  -2   1  -1  -3  -2   0  -3  -1   4    0   0   0   0   0   0   0   0   0   0   0   0   0   0   0   0   0   0   0 100  0.35 0.00
  126 W    -3  -3  -4  -5  -3  -2  -3  -3  -3  -3  -2  -3  -2   1  -4  -3  -3  11   2  -3    0   0   0   0   0   0   0   0   0   0   0   0   0   0   0   0   0 100   0   0  2.31 0.00
  127 D    -2  -2   1   6  -4   0   2  -1  -1  -3  -4  -1  -3  -4  -2   0  -1  -5  -3  -3    0   0   0 100   0   0   0   0   0   0   0   0   0   0   0   0   0   0   0   0  0.93 0.00
  128 L    -2  -3  -3  -4  -2  -3  -3  -4  -2   1   3  -3   1   5  -3  -3  -2   0   2   0    0   0   0   0   0   0   0   0   0   0  50   0   0  50   0   0   0   0   0   0  0.43 0.00
  129 G    -1  -2   1   4  -3  -1   0   4  -2  -4  -4  -1  -3  -4  -2   0  -1  -4  -3  -3    0   0   0  50   0   0   0  50   0   0   0   0   0   0   0   0   0   0   0   0  0.66 0.00
  130 K    -1   2   0  -1  -3   1   1  -2  -1  -3  -3   5  -1  -3  -1   0  -1  -3  -2  -2    0   0   0   0   0   0   0   0   0   0   0 100   0   0   0   0   0   0   0   0  0.52 0.00
  131 N    -2   0   6   1  -3   0   0   0   1  -4  -4   0  -2  -3  -2   1   0  -4  -2  -3    0   0 100   0   0   0   0   0   0   0   0   0   0   0   0   0   0   0   0   0  0.72 0.00
  132 T     0  -1   0  -1  -1  -1  -1  -2  -2  -1  -1  -1  -1  -2  -1   1   5  -3  -2   0    0   0   0   0   0   0   0   0   0   0   0   0   0   0   0   0 100   0   0   0  0.47 0.00
  133 H    -2   4   0  -1  -3   1   0  -2   6  -3  -3   1  -2  -2  -2  -1  -2  -3   1  -3    0  50   0   0   0   0   0   0  50   0   0   0   0   0   0   0   0   0   0   0  0.58 0.00
  134 L    -2  -2  -4  -4  -1  -2  -3  -4  -3   2   4  -3   2   0  -3  -3  -1  -2  -1   1    0   0   0   0   0   0   0   0   0   0 100   0   0   0   0   0   0   0   0   0  0.46 0.00
  135 S     1  -1   1   0  -1   0   0   0  -1  -3  -3   0  -2  -3  -1   4   1  -3  -2  -2    0   0   0   0   0   0   0   0   0   0   0   0   0   0   0 100   0   0   0   0  0.45 0.00
  136 A     4  -2  -2  -2   0  -1  -1   0  -2  -1  -2  -1  -1  -2  -1   1   0  -3  -2   0  100   0   0   0   0   0   0   0   0   0   0   0   0   0   0   0   0   0   0   0  0.40 0.00
  137 G     0  -3   0  -1  -3  -2  -2   6  -2  -4  -4  -2  -3  -3  -2   0  -2  -3  -3  -3    0   0   0   0   0   0   0 100   0   0   0   0   0   0   0   0   0   0   0   0  1.04 0.00
  138 G     0  -3   0  -1  -3  -2  -2   6  -2  -4  -4  -2  -3  -3  -2   0  -2  -3  -3  -3    0   0   0   0   0   0   0 100   0   0   0   0   0   0   0   0   0   0   0   0  1.04 0.00
  139 V     1  -2  -1  -1  -1  -1  -1  -2  -2   1   0  -1   0  -2  -2   2   1  -3  -2   2    0   0   0   0   0   0   0   0   0   0   0   0   0   0   0  50   0   0   0  50  0.18 0.00
  140 V    -1  -3  -3  -4  -1  -2  -3  -4  -3   2   3  -3   2   0  -3  -2  -1  -2  -1   3    0   0   0   0   0   0   0   0   0   0  50   0   0   0   0   0   0   0   0  50  0.32 0.00
  141 S     1  -1   1   0  -1   0   0   0  -1  -3  -3   0  -2  -3  -1   4   1  -3  -2  -2    0   0   0   0   0   0   0   0   0   0   0   0   0   0   0 100   0   0   0   0  0.45 0.00
  142 K     0   1   0   0  -1   1   1  -1   0  -1  -1   3  -1  -1   0   0   0  -1  -1  -1    4   3   2   3   1   2   3   4   1   3   5  53   1   2   3   4   3   1   2   3  0.17 0.00
  143 E     0  -1   0   1  -2   1   4  -2  -1  -2  -2   0  -1  -3  -1   1   3  -3  -2  -1    0   0   0   0   0   0  50   0   0   0   0   0   0   0   0   0  50   0   0   0  0.40 0.00
  144 F    -2  -2  -3  -4  -2  -2  -3  -3  -2   1   1  -2   4   5  -3  -2  -1   0   2   0    0   0   0   0   0   0   0   0   0   0   0   0  50  50   0   0   0   0   0   0  0.37 0.00
  145 G     0  -3   0  -1  -3  -2  -2   6  -2  -4  -4  -2  -3  -3  -2   0  -2  -3  -3  -3    0   0   0   0   0   0   0 100   0   0   0   0   0   0   0   0   0   0   0   0  1.04 0.00
  146 H    -2   4   0  -1  -3   1   0  -2   6  -3  -3   1  -2  -2  -2  -1  -2  -3   1  -3    0  50   0   0   0   0   0   0  50   0   0   0   0   0   0   0   0   0   0   0  0.58 0.00
  147 R    -1   4   0  -2  -3   0  -1   4  -1  -4  -3   1  -2  -3  -2  -1  -1  -3  -2  -3    0  50   0   0   0   0   0  50   0   0   0   0   0   0   0   0   0   0   0   0  0.55 0.00
  148 R    -1   5   0  -1  -3   1   0  -2  -1  -3  -2   4  -1  -3  -2  -1  -1  -3  -2  -3    0  50   0   0   0   0   0   0   0   0   0  50   0   0   0   0   0   0   0   0  0.55 0.00
  149 P    -1  -2  -2  -2  -3  -1  -1  -2  -2  -3  -3  -1  -3  -4   8  -1  -1  -4  -3  -3    0   0   0   0   0   0   0   0   0   0   0   0   0   0 100   0   0   0   0   0  2.04 0.00
  150 D    -2  -2   1   6  -4   0   2  -1  -1  -3  -4  -1  -3  -4  -2   0  -1  -5  -3  -3    0   0   0 100   0   0   0   0   0   0   0   0   0   0   0   0   0   0   0   0  0.93 0.00
  151 V     0  -3  -3  -3  -1  -2  -3  -3  -3   3   1  -2   1  -1  -3  -2   0  -3  -1   4    0   0   0   0   0   0   0   0   0   0   0   0   0   0   0   0   0   0   0 100  0.35 0.00
  152 G     0  -3   0  -1  -3  -2  -2   6  -2  -4  -4  -2  -3  -3  -2   0  -2  -3  -3  -3    0   0   0   0   0   0   0 100   0   0   0   0   0   0   0   0   0   0   0   0  1.04 0.00
  153 L    -1  -3  -3  -4  -1  -2  -3  -4  -3   2   3  -3   2   0  -3  -2  -1  -2  -1   3    0   0   0   0   0   0   0   0   0   0  50   0   0   0   0   0   0   0   0  50  0.32 0.00
  154 Q    -1   0   0  -1  -3   4   1  -2   6  -3  -3   0  -1  -2  -2  -1  -1  -2   1  -3    0   0   0   0   0  50   0   0  50   0   0   0   0   0   0   0   0   0   0   0  0.57 0.00
  155 A     4  -2  -2  -2   0  -1  -1   0  -2  -1  -2  -1  -1  -2  -1   1   0  -3  -2   0  100   0   0   0   0   0   0   0   0   0   0   0   0   0   0   0   0   0   0   0  0.40 0.00
  156 Q    -1   1   0   0  -3   6   2  -2   0  -3  -2   1   0  -3  -1   0  -1  -2  -2  -2    0   0   0   0   0 100   0   0   0   0   0   0   0   0   0   0   0   0   0   0  0.65 0.00
  157 I    -2  -3  -3  -4  -2  -3  -3  -4  -2   3   1  -3   1   5  -3  -3  -1   0   2   1    0   0   0   0   0   0   0   0   0  50   0   0   0  50   0   0   0   0   0   0  0.38 0.00
  158 T     0   0   0  -1  -2   4   1  -2   0  -2  -2   0  -1  -3  -1   1   3  -2  -2  -1    0   0   0   0   0  50   0   0   0   0   0   0   0   0   0   0  50   0   0   0  0.38 0.00
  159 H    -2   0   1  -1  -3   0   0  -2   8  -4  -3  -1  -2  -1  -2  -1  -2  -3   2  -3    0   0   0   0   0   0   0   0 100   0   0   0   0   0   0   0   0   0   0   0  0.86 0.00
  160 E    -1  -1   1   5  -4   1   4  -2  -1  -3  -3   0  -3  -4  -1   0  -1  -4  -3  -3    0   0   0  50   0   0  50   0   0   0   0   0   0   0   0   0   0   0   0   0  0.69 0.00
  161 W    -3  -3  -4  -4  -3  -3  -3  -3  -2  -1   0  -3  -1   5  -4  -3  -2   9   3  -2    0   0   0   0   0   0   0   0   0   0   0   0   0  50   0   0   0  50   0   0  1.22 0.00

                      K         Lambda
Standard Ungapped    0.1368     0.3151
Standard Gapped      0.0410     0.2670
PSI Ungapped         0.1368     0.3151
PSI Gapped           0.0410     0.2670
