
Last position-specific scoring matrix computed, weighted observed percentages rounded down, information per position, and relative weight of gapless real matches to pseudocounts
            A   R   N   D   C   Q   E   G   H   I   L   K   M   F   P   S   T   W   Y   V   A   R   N   D   C   Q   E   G   H   I   L   K   M   F   P   S   T   W   Y   V
    1 G     0  -3  -1  -2  -3  -2  -2   6  -2  -4  -4  -2  -3  -4  -2   0  -2  -3  -3  -4    0   0   0   0   0   0   0 100   0   0   0   0   0   0   0   0   0   0   0   0  1.06 0.01
    2 I    -1  -3  -3  -4  -1  -3  -3  -4  -3   3   2  -3   1   0  -3  -2  -1  -3  -1   3    0   0   0   0   0   0   0   0   0  26  28   0   0   0   0   0   0   0   0  46  0.33 0.00
    3 L    -2  -3  -4  -4  -2  -3  -3  -4  -3   2   3  -3   1   4  -4  -3  -2  -1   1   1    0   0   0   0   0   0   0   0   0  16  41   0   0  32   0   0   0   0   0  11  0.38 0.03
    4 L    -1  -1  -2  -3  -2  -1  -2  -3  -2   1   3   0   5   0  -3  -2   0   4  -1   0    0   0   0   0   0   0   0   0   0   0  36  11  37   0   0   0   9   6   0   0  0.28 0.04
    5 N     0  -1   3   5  -3   0   1   1  -1  -3  -4   0  -3  -4  -2   1  -1  -4  -3  -3    6   0  15  46   0   0   0  11   0   0   0   6   0   0   0  15   0   0   0   0  0.47 0.03
    6 T     0  -2  -1  -2  -1  -1  -2  -2  -2   0  -1  -1  -1   0  -2   1   4  -3  -1   2    0   0   0   0   0   0   0   0   0   0   0   0   0   6   0   5  65   0   0  24  0.33 0.04
    7 L     0  -3  -3  -4  -1  -2  -3  -1  -3   2   3  -3   1   1  -3  -2  -1  -2  -1   2    7   0   0   0   0   0   0   5   0   4  44   0   0   6   0   0   0   0   0  33  0.23 0.02
    8 K    -1   2  -1  -1  -4   1   1  -2  -1  -3  -3   6  -2  -4  -1  -1  -1  -4  -2  -3    0   0   0   0   0   0   0   0   0   0   0 100   0   0   0   0   0   0   0   0  0.68 0.06
    9 G     0  -2   4   1  -3  -1  -1   5  -1  -4  -4  -1  -3  -4  -2   0  -1  -3  -3  -3    5   0  33   5   0   0   0  57   0   0   0   0   0   0   0   0   0   0   0   0  0.66 0.04
   10 A     3  -2  -2  -3  -1  -2  -2  -1  -3   1   1  -2   0  -2  -2   0   0  -3  -2   2   49   0   0   0   0   0   0   0   0   0  15   0   0   0   0   5   0   0   0  31  0.21 0.03
   11 A     4  -2  -2  -2  -1  -1  -1   2  -2  -2  -2  -1  -1  -3  -1   1   0  -3  -2  -1   86   0   0   0   0   0   0  14   0   0   0   0   0   0   0   0   0   0   0   0  0.47 0.05
   12 K    -1   2   0  -1  -3   1   0  -2  -1  -3  -3   5  -2  -3  -1   0   2  -3  -2  -2    0   0   0   0   0   0   0   0   0   0   0  79   0   0   0   0  21   0   0   0  0.49 0.05
   13 N    -2  -1   6   3  -3   0   0  -1   0  -4  -4  -1  -3  -4  -2   0   1  -4  -3  -3    0   0  80  13   0   0   0   0   0   0   0   0   0   0   0   0   7   0   0   0  0.74 0.05
   14 V     0  -3  -3  -4  -1  -3  -3  -3  -3   2   2  -3   1  -1  -3  -2  -1  -3  -2   4    6   0   0   0   0   0   0   0   0   0  27   0   0   0   0   0   0   0   0  67  0.34 0.03
   15 A     4  -2  -2  -2  -1  -1  -1   1  -2  -1   0  -1  -1  -2  -1   1   0  -3  -2   0   84   0   0   0   0   0   0   5   0   0  11   0   0   0   0   0   0   0   0   0  0.38 0.04
   16 G     1  -3  -1  -2  -2  -2  -2   5  -3  -1  -2  -2  -2  -3  -2   0  -1  -3  -3   1   18   0   0   0   0   0   0  58   0   0   0   0   0   0   0   0   0   0   0  23  0.49 0.03
   17 V     1   0   0  -1  -1   1   0  -1   0  -2  -2   1  -1  -3  -1   3   3  -3  -2  -1    6   0   0   0   0   8   0   0   3   0   0  13   0   0   0  31  33   0   0   5  0.26 0.02
   18 L    -1  -2  -3  -3  -1  -2  -3  -1  -3   1   4  -2   3   0  -3  -2  -1  -2  -1   1    5   0   0   0   0   0   0   7   0   0  63   0  13   0   0   0   0   0   0  10  0.28 0.02
   19 L    -2  -3  -4  -4  -2  -2  -3  -4  -3   2   4  -3   3   0  -3  -3  -1  -2  -1   1    0   0   0   0   0   0   0   0   0   9  86   0   6   0   0   0   0   0   0   0  0.50 0.04
   20 D    -2  -2   2   6  -4   0   3  -2  -1  -4  -4  -1  -3  -4  -2   0  -1  -5  -3  -4    0   0   5  73   0   0  22   0   0   0   0   0   0   0   0   0   0   0   0   0  0.85 0.05
   21 K    -1   1   0  -1  -3   2   1   0  -1  -3  -3   4  -2  -3  -1   0   1  -3  -2  -2    0   0   0   0   0  14   0   8   0   0   0  63   0   0   0   5  10   0   0   0  0.39 0.04
   22 L    -2  -3  -4  -4  -2  -3  -3  -4  -3   2   4  -3   2   0  -3  -3  -1  -2  -1   1    0   0   0   0   0   0   0   0   0  11  89   0   0   0   0   0   0   0   0   0  0.51 0.04
   23 K    -1   3   0  -1  -4   2   1  -2  -1  -3  -3   5  -2  -4  -2  -1  -1  -3  -2  -3    0  15   0   0   0  11   0   0   0   0   0  74   0   0   0   0   0   0   0   0  0.58 0.04
   24 C    -1  -4  -3  -4  10  -4  -4  -3  -4  -2  -2  -4  -2  -3  -4  -1  -1  -3  -3  -1    0   0   0   0 100   0   0   0   0   0   0   0   0   0   0   0   0   0   0   0  1.61 0.09
   25 K    -1   2  -1  -1  -4   1   1  -2  -1  -3  -3   6  -2  -4  -1  -1  -1  -4  -2  -3    0   0   0   0   0   0   0   0   0   0   0 100   0   0   0   0   0   0   0   0  0.68 0.06
   26 I    -1  -3  -4  -4  -1  -3  -3  -4  -4   4   3  -3   1   0  -3  -3  -1  -3  -2   3    0   0   0   0   0   0   0   0   0  56  26   0   0   0   0   0   0   0   0  19  0.40 0.03
   27 T     0  -1   0  -1  -1  -1  -1  -2  -2  -1  -2  -1  -1   0  -1   3   5  -3  -1  -1    4   0   0   0   0   0   0   0   0   0   0   0   0   6   0  24  66   0   0   0  0.41 0.04
   28 G     1  -3  -1  -2  -3  -2  -2   6  -3  -4  -4  -2  -3  -4  -2   0  -2  -3  -4  -3    8   0   0   0   0   0   0  92   0   0   0   0   0   0   0   0   0   0   0   0  1.05 0.05
   29 G     0  -2   0  -2  -2  -2  -2   6  -2  -3  -3  -2  -3  -3  -2   0   1  -3  -3  -3    0   0   0   0   0   0   0  82   0   0   0   0   0   0   0   0  18   0   0   0  0.81 0.02
   30 C    -1  -4  -3  -4  10  -3  -4  -3  -4  -2  -2  -4  -2  -3  -3  -1  -1  -3  -3  -1    0   0   0   0 100   0   0   0   0   0   0   0   0   0   0   0   0   0   0   0  1.37 0.03

                      K         Lambda
Standard Ungapped    0.1424     0.3208
Standard Gapped      0.0410     0.2670
PSI Ungapped         0.1424     0.3208
PSI Gapped           0.0410     0.2670
