
Last position-specific scoring matrix computed, weighted observed percentages rounded down, information per position, and relative weight of gapless real matches to pseudocounts
            A   R   N   D   C   Q   E   G   H   I   L   K   M   F   P   S   T   W   Y   V   A   R   N   D   C   Q   E   G   H   I   L   K   M   F   P   S   T   W   Y   V
    1 R    -2   6  -1  -2  -4   1   0  -3   0  -4  -3   2  -2  -3  -3  -1  -1  -3  -2  -3    0 100   0   0   0   0   0   0   0   0   0   0   0   0   0   0   0   0   0   0  0.76 0.00
    2 R     3   4  -1  -2  -1   0  -1  -1  -1  -2  -2   1  -1  -3  -1   1   0  -3  -2  -1   62  38   0   0   0   0   0   0   0   0   0   0   0   0   0   0   0   0   0   0  0.32 0.00
    3 I    -1  -2  -1  -2  -1  -2  -2  -3  -3   2   0  -2   0  -1  -2   1   4  -3  -2   1    0   0   0   0   0   0   0   0   0  38   0   0   0   0   0   0  62   0   0   0  0.26 0.00
    4 C    -1  -4  -3  -4  10  -3  -4  -3  -4  -1  -2  -4  -2  -3  -3  -1  -1  -3  -3  -1    0   0   0   0 100   0   0   0   0   0   0   0   0   0   0   0   0   0   0   0  1.23 0.01
    5 R    -2   4  -2  -3  -3   0  -1  -3   1  -2  -2   0  -1   2  -3  -2  -2   1   6  -2    0  38   0   0   0   0   0   0   0   0   0   0   0   0   0   0   0   0  62   0  0.53 0.00
    6 C    -1  -4  -3  -4  10  -3  -4  -3  -4  -1  -2  -4  -2  -3  -3  -1  -1  -3  -3  -1    0   0   0   0 100   0   0   0   0   0   0   0   0   0   0   0   0   0   0   0  1.23 0.01
    7 R    -2   6  -1  -2  -4   1   0  -3   0  -4  -3   2  -2  -3  -3  -1  -1  -3  -2  -3    0 100   0   0   0   0   0   0   0   0   0   0   0   0   0   0   0   0   0   0  0.76 0.00
    8 I    -1  -3  -2  -3  -1  -2  -3  -3  -3   4   1  -2   1  -1  -3  -1   2  -3  -2   2    0   0   0   0   0   0   0   0   0  69   0   0   0   0   0   0  31   0   0   0  0.25 0.00
    9 G     0  -3  -1  -2  -3  -2  -3   7  -2  -4  -4  -2  -3  -4  -3   0  -2  -3  -4  -4    0   0   0   0   0   0   0 100   0   0   0   0   0   0   0   0   0   0   0   0  1.05 0.00
   10 R    -2   5   0  -2  -4   1   0  -3   5  -4  -3   2  -2  -3  -3  -1  -2  -3   0  -3    0  69   0   0   0   0   0   0  31   0   0   0   0   0   0   0   0   0   0   0  0.59 0.00
   11 C    -1  -4  -3  -4  10  -3  -4  -3  -4  -1  -2  -4  -2  -3  -3  -1  -1  -3  -3  -1    0   0   0   0 100   0   0   0   0   0   0   0   0   0   0   0   0   0   0   0  1.23 0.01
   12 L     2  -2  -2  -2  -1  -1  -2  -2  -2   0   2  -1   1  -1  -2   0   2  -3  -2   0   31   0   0   0   0   0   0   0   0   0  38   0   0   0   0   0  31   0   0   0  0.17 0.00
   13 G     0  -2  -1  -2  -2  -2  -2   4  -3   2  -1  -2  -1  -2  -2   0   2  -3  -2   1    0   0   0   0   0   0   0  38   0  31   0   0   0   0   0   0  31   0   0   0  0.25 0.00
   14 L    -2   3  -2  -3  -2  -1  -2  -4  -2   1   3   0   2   0  -3  -2  -1  -2  -1   0    0  31   0   0   0   0   0   0   0   0  69   0   0   0   0   0   0   0   0   0  0.27 0.00
   15 E    -1   0   0   2  -4   2   6  -3   0  -4  -3   1  -2  -4  -1   0  -1  -3  -2  -3    0   0   0   0   0   0 100   0   0   0   0   0   0   0   0   0   0   0   0   0  0.74 0.00
   16 V     1  -2   0  -1  -1  -1  -1  -1  -2   1  -1  -1  -1  -2  -2   3   1  -3  -2   2    0   0   0   0   0   0   0   0   0   0   0   0   0   0   0  62   0   0   0  38  0.20 0.00
   17 Y    -2  -2  -3  -4  -2  -2  -3  -4   0   1   3  -3   1   2  -3  -3  -2   0   5   0    0   0   0   0   0   0   0   0   0   0  62   0   0   0   0   0   0   0  38   0  0.38 0.00
   18 F     0  -2   0  -1  -2  -1  -1  -1  -1  -2  -1  -1  -1   4  -2   3   1  -1   1  -2    0   0   0   0   0   0   0   0   0   0   0   0   0  38   0  62   0   0   0   0  0.26 0.00
   19 G     0  -3  -1  -2  -3  -2  -3   7  -2  -4  -4  -2  -3  -4  -3   0  -2  -3  -4  -4    0   0   0   0   0   0   0 100   0   0   0   0   0   0   0   0   0   0   0   0  1.05 0.00
   20 V     0  -3  -3  -4  -1  -3  -3  -4  -4   3   1  -3   1  -1  -3  -2   0  -3  -1   4    0   0   0   0   0   0   0   0   0   0   0   0   0   0   0   0   0   0   0 100  0.35 0.00
   21 C    -1  -4  -3  -4  10  -3  -4  -3  -4  -1  -2  -4  -2  -3  -3  -1  -1  -3  -3  -1    0   0   0   0 100   0   0   0   0   0   0   0   0   0   0   0   0   0   0   0  1.23 0.01
   22 F    -2  -1  -1   0  -4   1   4  -3  -1  -2  -1   0  -1   4  -2  -1  -2  -1   1  -2    0   0   0   0   0   0  62   0   0   0   0   0   0  38   0   0   0   0   0   0  0.39 0.00
   23 L    -2  -3  -4  -4  -1  -3  -4  -4  -4   4   3  -3   2   0  -3  -3  -1  -3  -1   2    0   0   0   0   0   0   0   0   0  62  38   0   0   0   0   0   0   0   0   0  0.36 0.00
   24 H     0  -1   1  -1  -2   0   0  -1   6  -3  -3   0  -2  -2  -1   3   1  -3   0  -3    0   0   0   0   0   0   0   0  38   0   0   0   0   0   0  62   0   0   0   0  0.40 0.00
   25 G     0  -3  -1  -2  -3  -2  -3   7  -2  -4  -4  -2  -3  -4  -3   0  -2  -3  -4  -4    0   0   0   0   0   0   0 100   0   0   0   0   0   0   0   0   0   0   0   0  1.05 0.00
   26 R    -2   6  -1  -2  -4   1   0  -3   0  -4  -3   2  -2  -3  -3  -1  -1  -3  -2  -3    0 100   0   0   0   0   0   0   0   0   0   0   0   0   0   0   0   0   0   0  0.76 0.00
   27 L    -2  -3  -4  -4  -2  -3  -3  -4  -3   2   5  -3   2   0  -3  -3  -1  -2  -1   1    0   0   0   0   0   0   0   0   0   0 100   0   0   0   0   0   0   0   0   0  0.46 0.00
   28 A     2  -2  -2  -3  -2  -1  -2  -2   1  -2  -1  -2  -1   2  -2   0  -1   1   6  -1   38   0   0   0   0   0   0   0   0   0   0   0   0   0   0   0   0   0  62   0  0.44 0.00
   29 R    -2   6  -1  -2  -4   1   0  -3   0  -4  -3   2  -2  -3  -3  -1  -1  -3  -2  -3    0 100   0   0   0   0   0   0   0   0   0   0   0   0   0   0   0   0   0   0  0.76 0.00
   30 R    -2   4  -2  -3  -2  -1  -2  -4  -2   1   3   0   1  -1  -3  -2  -1  -2  -2   0    0  38   0   0   0   0   0   0   0   0  62   0   0   0   0   0   0   0   0   0  0.27 0.00
   31 C    -1  -4  -3  -4  10  -3  -4  -3  -4  -1  -2  -4  -2  -3  -3  -1  -1  -3  -3  -1    0   0   0   0 100   0   0   0   0   0   0   0   0   0   0   0   0   0   0   0  1.23 0.01
   32 C    -1  -4  -3  -4  10  -3  -4  -3  -4  -1  -2  -4  -2  -3  -3  -1  -1  -3  -3  -1    0   0   0   0 100   0   0   0   0   0   0   0   0   0   0   0   0   0   0   0  1.23 0.01
   33 R    -2   6  -1  -2  -4   1   0  -3   0  -4  -3   2  -2  -3  -3  -1  -1  -3  -2  -3    0 100   0   0   0   0   0   0   0   0   0   0   0   0   0   0   0   0   0   0  0.76 0.00

                      K         Lambda
Standard Ungapped    0.1601     0.3492
Standard Gapped      0.0475     0.2670
PSI Ungapped         0.1551     0.3201
PSI Gapped           0.0475     0.2670
