
Last position-specific scoring matrix computed, weighted observed percentages rounded down, information per position, and relative weight of gapless real matches to pseudocounts
            A   R   N   D   C   Q   E   G   H   I   L   K   M   F   P   S   T   W   Y   V   A   R   N   D   C   Q   E   G   H   I   L   K   M   F   P   S   T   W   Y   V
    1 S     3  -1  -1  -1  -1   2   1  -1  -1  -2  -2   0  -1  -3  -1   2   0  -3  -2  -1   44   0   0   0   0  17  11   0   0   0   0   0   0   0   0  28   0   0   0   0  0.33 0.04
    2 G    -1  -2   3   0  -3  -1   2   5  -1  -4  -4  -1  -3  -4  -2  -1  -2  -3  -3  -4    0   0  22   0   0   0  21  57   0   0   0   0   0   0   0   0   0   0   0   0  0.72 0.09
    3 K    -1   1   1   1  -4   0   2   2  -1  -4  -4   3  -3  -4   0   0  -1  -4  -3  -3    0   4   9   8   0   0  18  22   0   0   0  28   0   0   5   7   0   0   0   0  0.38 0.09
    4 S     3  -2  -2  -2  -2  -1  -2   2   2   0  -2   0  -1  -3  -2   0   0  -3  -2   1   34   0   0   0   0   0   0  20   9   7   0   7   0   0   0   3   7   0   0  12  0.25 0.11
    5 F     1  -2  -2   1  -4   0   5  -3  -2  -2  -1  -1  -2  -1  -2   0  -2  -4  -3  -3   12   0   0   3   0   0  66   0   0   3   6   0   0   3   0   6   0   0   0   0  0.69 0.21
    6 K    -3   2  -2  -2  -5   0   1  -4  -2  -4  -2   7  -3  -5  -3  -2  -3  -5  -4  -4    0   9   0   0   0   0   6   0   0   0   3  83   0   0   0   0   0   0   0   0  1.25 0.36
    7 A     1   0  -2   0  -3   2   0  -2  -2  -2  -2   1  -3  -4   5   0   0   1  -3  -3   12   3   0   6   0  10   3   2   0   2   2   8   0   0  38   6   4   3   0   0  0.65 0.18
    8 G    -2  -1  -2  -3  -5  -3  -2   7  -4  -6  -6  -3  -5  -5  -4  -2  -3  -5  -5  -5    0   3   0   0   0   0   2  95   0   0   0   0   0   0   0   0   0   0   0   0  1.78 0.38
    9 V     1  -1  -1   1  -2   0   1  -1  -2   0   0  -2  -1  -2  -2   0   0  -4  -2   3   15   2   3  10   0   6   8   4   0   0  12   0   0   0   0   7   3   0   0  31  0.13 0.11
   10 C    -3  -6  -5  -6  11  -6  -6  -5  -6  -4  -4  -6  -4  -5  -6  -4  -4  -5  -5  -3    0   0   0   0 100   0   0   0   0   0   0   0   0   0   0   0   0   0   0   0  3.37 0.62
   11 P    -3  -5  -5  -4  -5  -4  -4  -5  -5  -5  -5  -3  -5  -6   9  -3  -4  -6  -6  -5    0   0   0   0   0   0   0   0   0   0   0   0   0   0 100   0   0   0   0   0  2.94 0.55
   12 P     1  -1  -3  -2  -3   2  -1  -3  -3  -1  -1   0  -2  -3   6  -1  -1  -4  -3  -1   15   4   0   0   0  11   3   0   0   4   6   5   0   0  43   0   3   0   0   4  0.77 0.21
   13 K     0   2  -1   3  -3   0   2  -2   0   0   0   1  -1   0  -2  -1  -2  -2   1  -2   10  15   0  19   0   0  16   0   3   7  11   7   0   6   0   0   0   0   5   0  0.17 0.11
   14 K    -1   0   0  -1  -3   1   2  -1  -1  -2  -1   3  -2  -2   4   0   0  -3  -1  -2    1   1   6   1   0   5  13   4   0   1   9  24   0   1  23   3   5   0   3   1  0.36 0.12
   15 S     2  -1   1   1  -2   2  -1  -2  -2   0  -1   0  -1  -1   2   1  -1  -3  -2  -1   23   1  10  10   0  12   1   1   0   9   3   5   0   3  12   8   1   0   0   1  0.19 0.10
   16 A     0   1  -1   0  -2   0   1   1   1   0  -1   1  -1  -1   1   1   0  -2  -1   0    6   8   0   3   0   4   9  12   4   7   1   8   0   3   6  11   3   0   0  13  0.07 0.04
   17 Q    -1   2  -1  -2   3   4   1  -1  -1  -3  -3   1   0  -3   4   0  -1  -3  -2  -3    1  13   1   1   7  24   6   4   0   1   1   6   3   1  23   7   1   0   0   1  0.49 0.16
   18 C     0  -2  -2  -2   8  -2  -2  -2  -2  -1   0  -2   0   0   0   0  -1  -2  -2  -1    6   2   1   2  43   1   2   2   1   2   9   2   3   4   4   8   2   0   1   4  0.65 0.15
   19 L     0   0  -1   2  -2  -1  -1  -2  -2   1   1  -1   2   1  -2   0  -1  -2  -1   0    5   7   1  15   0   1   1   2   1  15  14   1   8   8   1  12   1   0   1   6  0.07 0.06
   20 R    -1   2  -1  -2  -2   0  -1   0  -2   0   1   2   1   0  -2   0   0  -2  -1   0    4  12   1   1   0   3   1   9   0   3  18  22   6   5   1   5   5   0   0   4  0.09 0.07
   21 Y    -1   1   3   0   3   1   1  -1  -1  -3  -2  -1  -2  -3   1   2   0  -3   0  -3    3   7  17   4   8   6  11   3   0   0   2   0   0   0   8  22   3   0   4   0  0.26 0.13
   22 K    -2  -3  -2   1   7  -2   2  -2  -3  -2   0  -1  -2  -3   1   0  -2  -4  -3   0    0   0   0   7  32   0  22   3   0   0   8   2   0   0   6  10   0   0   0   9  0.56 0.22
   23 K    -2   0  -2   1  -3   2   1  -1  -2  -2  -2   1  -2  -4   4  -1   1  -4  -3   0    0   4   0   6   0  12  12   4   0   0   3   7   0   0  25   3  12   0   0  12  0.40 0.16
   24 P    -1   0   2   1  -4   2   1  -3  -2  -4  -3   1  -3  -4   5   0   0  -4  -3  -3    2   3  10   9   0  10   9   0   0   0   2  11   0   0  35   5   4   0   0   0  0.67 0.20
   25 E    -1   3   0   0  -3   4   3  -2  -1  -3  -1   0  -2  -3   0   1  -1  -3  -3  -3    4  18   4   2   0  24  23   1   0   0   7   2   0   0   3   9   0   0   0   1  0.40 0.16
   26 C    -3  -6  -6  -7  11  -6  -7  -5  -6  -4  -4  -6  -4  -5  -6  -4  -4  -5  -5  -4    0   0   0   0 100   0   0   0   0   0   0   0   0   0   0   0   0   0   0   0  3.50 0.64
   27 Q    -1   1  -1  -2  -3   2   0  -3   3   0   1   2   0  -2  -2   0   2  -3  -1   0    0   5   0   0   0  10   6   0  10   4  14  18   3   0   0   6  16   0   2   8  0.17 0.12
   28 S     0   0   3   0  -2  -1   2   0  -1  -2  -1   0  -2  -3  -2   2   2  -3  -2  -2    6   6  17   2   0   0  14   4   0   0   9   3   0   0   0  21  15   0   0   0  0.24 0.12
   29 D    -3  -3   1   7  -4  -2   0  -3   1  -4  -5  -2  -4  -5  -3   0  -2  -5  -4  -4    1   0   5  78   0   0   0   1   3   0   1   0   0   0   0   8   0   0   0   0  1.44 0.35
   30 W     0   0   2  -2  -3   1   1  -2  -2  -1  -2  -1  -1  -2  -3   1   0   8   0  -2    8   5  11   0   0   6  12   2   0   4   3   2   2   0   0  11   6  23   2   0  0.47 0.16
   31 Q    -2  -1  -1   5  -4   4   2  -1  -2  -5  -4   0  -3  -5  -3   1  -1  -5  -4  -4    0   1   0  41   0  23  13   4   0   0   0   4   0   0   0  11   2   0   0   0  0.79 0.26
   32 C    -3  -5  -4  -5  11  -5  -5  -4  -5  -3  -3  -5  -4  -4  -5  -3  -3  -4  -4  -3    1   0   0   0  93   0   0   1   0   0   1   0   0   0   0   1   0   0   0   0  2.99 0.53
   33 P     1  -2  -3  -2  -3   0  -1  -2  -3   0  -1  -1  -2  -3   6   0  -2  -4  -3  -2   14   2   0   0   0   4   4   3   0   7   6   2   0   0  48   7   0   0   0   0  0.87 0.22
   34 G    -2  -3  -2   2   3   2   0   4  -1  -3   0  -2  -2  -2  -3  -1  -2  -4  -3  -3    0   0   0  14   7  14   5  43   2   0  10   0   0   2   0   4   0   0   0   0  0.52 0.20
   35 K    -2  -1   3   0  -3   2   2  -1  -1  -1  -1   2  -2  -3  -2   0   1  -4  -3  -1    0   0  18   2   0  10  16   5   0   5   7  17   0   0   0   3  12   0   0   4  0.24 0.14
   36 K    -1   3   1   0  -3   2   1  -3   0  -2   0   3   1  -3  -3  -1   0  -3  -1  -2    5  19   7   4   0  12   9   0   2   0   9  19   6   0   0   0   6   0   2   0  0.28 0.13
   37 R    -3   2   1  -3  -5  -1  -1  -3  -3  -1  -3   6   1  -4   1  -2  -2  -5  -4  -2    0   8   8   0   0   0   0   0   0   4   0  66   5   0   7   0   0   0   0   3  0.88 0.31
   38 C    -3  -6  -5  -6  11  -5  -6  -5   3  -4  -4  -6  -4  -5  -6  -4  -4  -5  -5  -4    0   0   0   0  92   0   0   0   8   0   0   0   0   0   0   0   0   0   0   0  3.13 0.59
   39 C    -3  -6  -5  -6  11  -5   0  -5  -6  -4  -4  -5  -4  -5  -6  -4  -4  -5  -5  -4    0   0   0   0  93   0   7   0   0   0   0   0   0   0   0   0   0   0   0   0  3.09 0.59
   40 P     0   2   0  -2  -3   2   1   0  -1  -3  -1   0  -2   1   2   0  -1  -2   3  -2    5  12   3   0   0  14   9   7   0   0   5   2   0   9  11   9   2   0  13   0  0.21 0.12
   41 D     0   1   0   0  -3  -1   0   0  -1  -2  -1  -1  -2   1  -3   2   0   3   3  -2   10   9   4   6   0   2   5   8   0   0   8   0   0   5   0  18   4   4  16   0  0.17 0.11
   42 T     2   1  -1  -2  -3   1  -2   3   2  -3  -3  -1  -2   1  -3   2   0  -3  -2  -3   16   9   0   0   0   7   0  26   6   0   0   0   0  10   0  22   4   0   0   0  0.35 0.17
   43 C    -1  -6  -5  -6  11  -5  -6  -2  -6  -4  -1  -6  -4  -5  -5  -3  -3  -5  -5  -3    3   0   0   0  89   0   0   4   0   0   5   0   0   0   0   0   0   0   0   0  2.81 0.55
   44 G     0  -3   2  -2  -4  -3  -3   5  -3  -1  -3  -1  -3   1  -3   1  -2  -4  -3  -2    5   0  10   0   0   0   0  55   0   6   0   4   0   8   0  10   0   0   0   2  0.71 0.23
   45 I    -1   3  -2  -1  -3   1  -1  -1   2  -1  -1   0  -1   3  -3   0   1  -2   2  -1    2  22   0   2   0   9   0   3   6   3   5   5   0  14   0   5  12   0  10   3  0.22 0.13
   46 K     0   0  -1  -2  -3   2   1  -3   0   0  -2   3  -2  -1  -2   1   1  -3   0   0    4   0   0   0   0  11  12   0   3   8   0  29   0   3   0  10  10   0   4   7  0.23 0.16
   47 C    -1  -1  -5  -6  11  -5  -6  -5  -5  -3  -2  -5  -3  -5  -5  -3  -3  -5  -5  -1    5   5   0   0  82   0   0   0   0   0   4   0   0   0   0   0   0   0   0   4  2.39 0.56
   48 L     0   1  -2  -2  -2   3  -1  -3   0   0   0   1  -1  -1  -2   0   0  -3  -2   2    5  10   0   0   0  19   0   0   3   3  11  11   0   3   0   9   4   0   0  21  0.16 0.13
   49 D    -1  -2   0   3  -2  -1   0  -2  -2   1   0   0   1  -2   2   0   1  -3  -2   0    1   0   3  22   0   2   6   1   0  12  11   5   5   0  11   4  11   0   0   8  0.18 0.10
   50 P    -1   1  -3   0  -4  -2  -2  -3  -3  -4  -2  -2  -3  -4   7   0  -2  -4  -4  -3    4   9   0   5   0   0   0   1   0   0   5   0   0   0  65   7   0   0   0   1  1.43 0.35
   51 V    -1  -2   0  -1   1  -2  -2  -3  -3   2   1  -1   0  -2  -1  -1  -1  -3  -2   4    1   1   6   4   4   1   1   1   0  11   9   4   0   1   3   6   1   0   0  47  0.28 0.16
   52 D     0   0   2   0  -2   0   1  -1  -1  -1  -1   2   0   0   0   1  -1  -2  -1  -1    7   5  14   5   0   1  10   4   0   3   6  17   3   5   3  10   1   0   1   4  0.10 0.07
   53 T     0   0  -1   0  -2   0  -1   0  -2   2   0  -1   0  -1   0   0   0  -2  -2   2    9   4   1   6   0   3   3   8   0  14  11   3   0   1   5   6   4   0   1  20  0.05 0.06
   54 P     0   1  -1  -1  -2   1  -1   1  -1   0  -1   1  -1  -2   2   1   0  -2   0  -1    7   7   1   1   0  10   1  11   0   7   6   8   1   1  11  18   5   0   4   1  0.14 0.08
   55 N    -1   1   1   1   2   0   1   0  -1  -2  -2   1  -2  -2   2   0   0   2   0  -1    2   9   6   9   6   1   9   6   0   1   2  12   1   1  11   4   4   4   5   7  0.13 0.07
   56 P     0  -2  -1   0  -2   0   1   0  -2   0  -1  -1  -1  -2   4   0  -1  -3  -2   0    9   1   1   5   0   4   9   7   0   8   6   1   1   1  27   7   1   0   1   8  0.32 0.11
   57 T     0   0  -2  -2  -2  -1   0   0  -2   1   1   0   0   1  -2  -1   0   3  -1   2    6   6   1   1   1   1   9   7   1   6  12   5   1   7   1   2   4   6   1  23  0.07 0.06
   58 R     0   0   0  -1  -2   1   0   1  -1  -1  -1   1  -1  -2   2   0   0   1  -2   0    4   5   5   3   0   5   7  15   0   1   5  10   0   1  12   5   6   2   1  12  0.13 0.06
   59 R     0   0   0  -1  -2   1   2   0  -1  -1  -1   0  -1   0   0   1   1  -2   0   0    8   4   5   1   0   7  16   6   0   1   4   3   0   6   3  10  12   0   3  10  0.09 0.06
   60 K    -2   2  -1   1  -3   0   1  -2  -2  -3  -3   6  -2  -3  -2  -1  -2  -3  -2  -3    1  11   1   6   0   1   6   1   0   1   1  65   0   1   1   1   1   0   0   1  0.71 0.18
   61 P     1   0  -1   0  -3   1   2   0  -2  -3  -2   1  -2  -3   4   0  -1   2  -2  -2   11   5   0   6   0   4  16   5   0   1   5   8   0   0  26   4   3   4   0   1  0.39 0.09
   62 G    -1  -3  -2  -2  -3  -2   0   6  -3  -4  -4  -2  -3  -4  -3  -1  -2  -3  -4  -4    1   1   0   1   0   0   8  83   0   1   1   1   0   0   1   1   1   0   0   1  1.26 0.24
   63 K     0   0   0   0  -2   0   0   1   0  -1  -2   0  -2   0   1   2   0  -3  -2   1    3   6   3   3   0   4   6  13   3   0   0   3   0   5   8  22   3   0   0  17  0.12 0.07
   64 C    -3  -5   2  -5  11  -5  -5  -4  -4  -4  -4  -5  -4  -5  -5  -3  -3  -5  -5  -3    0   0  11   0  89   0   0   0   0   0   0   0   0   0   0   0   0   0   0   0  2.56 0.44
   65 P    -3  -5  -5  -4  -5  -4  -4  -2  -5  -5  -5  -4  -5  -6   8  -3  -4  -6  -6  -2    0   0   0   0   0   0   0   4   0   0   0   0   0   0  93   0   0   0   0   3  2.66 0.51
   66 V     2   3  -1  -2  -3   1   1  -2  -2  -2  -3   0  -2  -3   0   0  -1   6  -2   0   23  18   2   0   0   5  12   0   0   2   0   5   0   0   4   4   3  12   0   8  0.35 0.16
   67 T    -1  -2   2   3  -3  -1   0  -3  -2   2  -1   0  -1  -3  -3  -1   0  -4  -3   2    4   0  10  22   0   0   7   0   0  15   3   8   0   0   0   0   6   0   0  23  0.25 0.14
   68 Y    -2  -1   2   1  -3   3   1  -3   1  -3   0   0   0  -3   3  -1  -1  -3   0  -3    0   0  15   8   0  19   6   0   3   0  12   6   3   0  17   3   2   0   4   0  0.34 0.15
   69 G     1  -3  -3  -3  -2  -3  -3   2  -3   2   1  -3  -1   1  -3  -2   0  -3  -2   2   18   0   0   0   0   0   0  18   0  20  17   0   0   8   0   0   6   0   0  13  0.26 0.13
   70 Q    -1   3   0  -1  -4   3   0  -1   0  -2  -2   1  -2  -1   4   0   0  -3   0  -2    2  22   5   2   0  16   3   3   2   2   2   4   0   2  19   6   4   0   3   2  0.36 0.14
   71 C    -1  -4  -4  -5   9  -2  -2  -1  -4  -1   0  -3   1   0  -1  -3  -1  -4  -3  -2    3   0   0   0  59   2   3   4   0   2   7   2   5   5   3   0   3   0   0   0  1.36 0.34
   72 L    -1  -3  -3  -3   1  -2  -1  -4  -3   2   2  -3   1   1   4  -1   1  -3  -2  -1    2   0   0   0   3   0   5   0   0  16  23   0   5   7  24   5   9   0   0   0  0.40 0.16
   73 M     1   0  -2  -2  -3   1   0   0  -2   0   0   2   3  -3  -1   2  -1  -3  -3  -1   12   4   0   0   0   5   3   7   0   8   9  16  13   0   2  21   0   0   0   0  0.17 0.13
   74 L     0  -1  -2  -3   3  -2  -2  -1  -3   1   2  -1  -1  -2   3   1   0  -3  -3   1    7   3   0   0   7   0   0   4   0   6  24   4   0   0  15  14   3   0   0  11  0.22 0.12
   75 N     0  -2   2   2   1  -1   1   2   1  -3  -2  -1  -2  -3  -2   1   1  -3  -2  -2    8   1  15  16   4   0   7  17   5   1   3   3   0   0   1   9   8   0   0   1  0.25 0.10
   76 P    -1  -2  -2   0   2  -1   1  -1  -2  -2   0   0   1   0   5  -1  -2   1  -2  -2    2   1   1   5   5   1  11   5   0   1   9   6   5   5  36   2   1   3   1   1  0.52 0.13
   77 P    -1  -1   0  -1  -3   0  -1  -2  -2   0   0   1  -2   0   6  -1  -1  -3  -2  -1    2   3   5   4   0   5   1   2   0   5   8  10   0   5  40   3   1   0   1   4  0.58 0.14
   78 N    -2   0   4   3   1   2   1  -2   3  -2  -3  -1  -2  -3  -2   0   0  -3  -2  -2    1   4  25  18   4  12   5   1  10   3   2   1   0   1   1   6   3   0   1   1  0.38 0.13
   79 F    -1   1  -1   0  -2   2   1  -2   1  -1   0   1  -1  -1   1   0   0  -2  -1  -1    2   9   1   6   0  17   6   2   5   1  12  13   0   3   7   6   6   0   1   5  0.14 0.07
   80 C    -3  -7  -6  -7  11  -6  -7  -6  -6  -4  -4  -6  -4  -5  -6  -4  -4  -5  -5  -4    0   0   0   0 100   0   0   0   0   0   0   0   0   0   0   0   0   0   0   0  3.55 0.64
   81 E    -1   0   0   0  -3   3   1  -3   5  -3  -1  -1   0  -3  -3   2  -1   3   0  -3    2   4   2   3   0  18   9   0  19   0   8   2   3   0   0  19   3   4   3   0  0.37 0.18
   82 M     0   2   1  -2  -2   1  -1  -1  -2  -1   0   1   2  -2  -2   0   2  -3   0   0    6  14   7   0   0   6   0   3   0   2   6  10   9   0   0   8  14   0   4   9  0.12 0.10
   83 D    -4  -4  -1   8  -6  -3  -1  -4  -4  -6  -6  -3  -6  -6  -4  -3  -4  -7  -6  -6    0   0   0 100   0   0   0   0   0   0   0   0   0   0   0   0   0   0   0   0  2.32 0.51
   84 G     1   0   1   1  -3   1   0   0  -1   0  -3  -1  -2  -2  -2   3   0  -3   2  -2   11   3   6   9   0   7   5   6   0   8   0   0   0   0   0  31   5   0   9   0  0.23 0.14
   85 Q    -3  -2   1   6  -5   5   2  -3   1  -5  -5  -1  -4  -5  -3  -1  -3  -5  -4  -5    0   0   5  47   0  29  12   0   4   0   0   0   0   0   0   3   0   0   0   0  1.05 0.31
   86 C    -3  -7  -6  -7  11  -6  -7  -6  -6  -4  -4  -6  -4  -5  -6  -4  -4  -5  -5  -4    0   0   0   0 100   0   0   0   0   0   0   0   0   0   0   0   0   0   0   0  3.55 0.64
   87 K    -2   1  -2  -1  -4   1  -1  -3  -3  -2  -2   1  -3  -4   5   3  -1  -5  -4  -3    0   7   0   3   0   7   2   0   0   3   5   9   0   0  35  29   0   0   0   0  0.72 0.24
   88 R    -2  -2  -2   0  -4  -1  -1   6  -3  -5  -2  -1  -4  -5  -4  -1  -3  -4  -5  -5    0   2   0   4   0   3   5  75   0   0   4   3   0   0   0   3   0   0   0   0  1.17 0.30
   89 D    -1   0   2   2  -3   1   0   0  -2   0   0   1  -1  -3  -1  -1   0  -4  -3   0    3   4  16  14   0   8   3   7   0   5  10  13   0   0   3   0   5   0   0  11  0.13 0.09
   90 L    -2   1   0  -2  -4   2   1  -3   1  -2   0   4   4  -3  -3  -2  -2  -3   0  -3    0   7   3   0   0  10  11   0   3   0  10  37  15   0   0   0   0   0   3   0  0.47 0.21
   91 K    -3   3  -2  -3  -5  -1  -2  -4  -3  -1  -4   7  -3  -5  -3  -2  -3  -5  -4  -4    0  15   0   0   0   0   0   0   0   4   0  80   0   0   0   0   0   0   0   0  1.43 0.40
   92 C    -3  -7  -6  -7  11  -6  -7  -6  -6  -4  -4  -6  -4  -5  -6  -4  -4  -5  -5  -4    0   0   0   0 100   0   0   0   0   0   0   0   0   0   0   0   0   0   0   0  3.55 0.64
   93 C    -3  -7  -6  -7  11  -6  -7  -6  -6  -4  -4  -6  -4  -5  -6  -4  -4  -5  -5  -4    0   0   0   0 100   0   0   0   0   0   0   0   0   0   0   0   0   0   0   0  3.55 0.64
   94 M    -2   1   0  -2  -3  -1   1  -3   1  -3  -2   1   0   2   2   2  -1  -2   4  -3    0   9   4   0   0   0   9   0   3   0   2  13   2   9  12  18   0   0  17   0  0.30 0.14
   95 G    -1  -3   3   0  -3  -2  -2   1  -2  -3  -1  -2  -2  -2  -3   2   1   5   0  -1    3   0  22   3   0   0   0  14   0   0   9   0   0   0   0  22   9  11   4   3  0.39 0.18
   96 M     0   0  -1  -1  -3  -2  -2   3   4  -1  -2  -2   1  -1   0   2  -2  -3   0  -3    8   5   0   3   0   0   0  32  13   3   2   0   7   3   3  17   0   0   3   0  0.34 0.16
   97 C    -3  -6  -5  -6  11  -6  -7  -1  -6  -4  -4  -6  -4  -5  -6  -4  -4  -5  -5  -4    0   0   0   0  94   0   0   6   0   0   0   0   0   0   0   0   0   0   0   0  3.18 0.59
   98 G     0  -4  -2  -3  -4  -4  -4   7  -4  -2  -5  -3  -4  -5  -4   0  -3  -5  -5  -2    7   0   0   0   0   0   0  81   0   2   0   0   0   0   0   6   0   0   0   3  1.43 0.34
   99 K    -3   4  -2  -3  -4   0  -2  -4   1  -3  -1   4   4   2  -4  -2  -3  -3  -2  -3    0  28   0   0   0   3   0   0   4   0   5  31  16  13   0   0   0   0   0   0  0.64 0.25
  100 S     0   1  -1   1  -3   0   0  -1   1  -1  -1   2   0  -1  -2   1   1  -3   0   0    5  10   0   8   0   3   2   2   3   4   3  18   4   3   0  12  11   0   3   7  0.10 0.07
  101 C    -3  -6  -6  -7  11  -6  -7  -6  -6  -4  -4  -6  -4  -5  -6  -4  -4  -5   0  -4    0   0   0   0  97   0   0   0   0   0   0   0   0   0   0   0   0   0   3   0  3.36 0.60
  102 V    -2   1  -3  -4  -2   0  -3  -4  -3   1   2  -2   3   0  -3  -2   1  -3   0   3    0   8   0   0   0   5   0   0   0   4  24   0  10   2   0   0  12   0   3  33  0.35 0.17
  103 S    -1  -2   0   3  -3   1   0  -1   1   0  -2  -1  -2  -3   2   1   2  -4  -1   0    3   0   3  19   0   7   4   4   4   7   0   3   0   0  10  11  17   0   2   7  0.22 0.11
  104 P    -3  -5  -4   0  -5  -4  -3  -5  -5  -5  -5  -3  -5  -6   8  -3  -4  -6  -6  -5    0   0   0   5   0   0   0   0   0   0   0   0   0   0  95   0   0   0   0   0  2.73 0.48
  105 V     2   0  -3  -1  -2  -2  -3  -3  -3   2   0  -2   1   0  -3  -2  -1  -3  -2   4   20   6   0   4   0   0   0   0   0  16   0   0   5   4   0   0   0   0   0  45  0.32 0.13
  106 K    -2   5  -1  -1  -4   1   1  -3  -1  -4  -3   5  -2  -4  -2  -1  -2  -4  -3  -3    0  39   0   0   0   0   9   0   0   0   0  51   0   0   0   0   0   0   0   0  0.79 0.13
  107 A     3  -2  -1  -2  -2  -2  -2   4  -2  -3  -3  -1  -2  -3  -2   0  -1  -3  -3  -2   50   0   0   0   0   0   0  50   0   0   0   0   0   0   0   0   0   0   0   0  0.60 0.05

                      K         Lambda
Standard Ungapped    0.1396     0.3225
Standard Gapped      0.0394     0.2670
PSI Ungapped         0.1287     0.3168
PSI Gapped           0.0394     0.2670
