
Last position-specific scoring matrix computed, weighted observed percentages rounded down, information per position, and relative weight of gapless real matches to pseudocounts
            A   R   N   D   C   Q   E   G   H   I   L   K   M   F   P   S   T   W   Y   V   A   R   N   D   C   Q   E   G   H   I   L   K   M   F   P   S   T   W   Y   V
    1 G     0  -3  -1  -2  -3  -2  -2   6  -2  -4  -4  -2  -3  -3  -2   0  -2  -3  -3  -3    0   0   0   0   0   0   0 100   0   0   0   0   0   0   0   0   0   0   0   0  1.10 0.02
    2 W    -3  -3  -4  -4  -3  -3  -3  -3  -2  -1   0  -3  -1   4  -4  -3  -2  10   2  -2    0   0   0   0   0   0   0   0   0   0  10   0   0  29   0   0   0  61   0   0  1.43 0.03
    3 K    -1   4  -1  -1  -3   1   0  -2  -1  -2  -2   4   1  -3  -2  -1  -1  -3  -2  -2    0  25   0   0   0   0   0   0   0   0   0  63  12   0   0   0   0   0   0   0  0.43 0.01
    4 D    -2  -2   1   6  -4   0   1  -2  -1  -3  -4  -1  -3  -4  -2   0  -1  -5  -3  -3    0   0   0 100   0   0   0   0   0   0   0   0   0   0   0   0   0   0   0   0  1.01 0.02
    5 W    -3  -3  -4  -5  -3  -2  -3  -3  -3  -2   0  -3  -1   1  -4  -3  -3  11   2  -2    0   0   0   0   0   0   0   0   0   0  12   0   0   0   0   0   0  88   0   0  2.10 0.04
    6 A     0  -2  -3  -3  -1  -2  -3  -3  -3   2   3  -2   3   0  -3  -2  -1  -2  -1   2    8   0   0   0   0   0   0   0   0  12  53   0  17   0   0   0   0   0   0  10  0.29 0.01
    7 K    -1   2   2   0  -3   1   1  -2  -1  -3  -3   5  -2  -3  -1   0  -1  -3  -2  -3    0   0  17   0   0   0   0   0   0   0   0  83   0   0   0   0   0   0   0   0  0.49 0.02
    8 K    -1   1   0  -1  -3   1   0  -2  -1   0  -2   4  -1  -3  -1   0   1  -3  -2  -1    0   0   0   0   0   0   0   0   0  10   0  71   0   0   0   0  19   0   0   0  0.32 0.02
    9 A     3  -2  -1  -2  -1  -1  -1   4  -2  -2  -2  -1  -2  -3  -1   1  -1  -3  -2  -1   65   0   0   0   0   0   0  35   0   0   0   0   0   0   0   0   0   0   0   0  0.46 0.01
   10 G     0   0   0  -1  -3   0  -1   5  -2  -4  -3   2  -2  -3  -2   0  -1  -3  -3  -3    0   0   0   0   0   0   0  65   0   0   0  35   0   0   0   0   0   0   0   0  0.63 0.01
   11 G     0  -1   0   0  -3   0   3   4  -1  -4  -3   0  -2  -3  -2   1  -1  -3  -3  -3    0   0   0   0   0   0  42  48   0   0   0   0   0   0   0  10   0   0   0   0  0.53 0.01
   12 W    -3  -3  -4  -5  -3  -2  -3  -3  -3  -3  -2  -3  -2   1  -4  -3  -3  11   2  -3    0   0   0   0   0   0   0   0   0   0   0   0   0   0   0   0   0 100   0   0  2.51 0.04
   13 L    -2  -2  -4  -4  -1  -2  -3  -4  -3   2   4  -3   2   0  -3  -3  -1  -2  -1   1    0   0   0   0   0   0   0   0   0  10  90   0   0   0   0   0   0   0   0   0  0.46 0.01
   14 K    -1   2   0  -1  -3   1   1  -2  -1  -3  -3   5  -2  -3  -1   0  -1  -3  -2  -3    0   0   0   0   0   0   0   0   0   0   0 100   0   0   0   0   0   0   0   0  0.58 0.02
   15 K     1   2  -1  -1  -3   1   0  -1  -1  -3  -3   5  -1  -3  -1   0  -1  -3  -2  -2   18   0   0   0   0   0   0   0   0   0   0  82   0   0   0   0   0   0   0   0  0.43 0.02
   16 K    -1   2   0  -1  -3   1   1  -2  -1  -3  -3   5  -2  -3  -1   0  -1  -3  -2  -3    0   0   0   0   0   0   0   0   0   0   0 100   0   0   0   0   0   0   0   0  0.58 0.02
   17 G     0  -3  -1  -2  -3  -2  -2   6  -2  -4  -4  -2  -3  -3  -2   0  -2  -3  -3  -3    0   0   0   0   0   0   0 100   0   0   0   0   0   0   0   0   0   0   0   0  1.10 0.02
   18 P    -1  -2  -2  -2  -3  -2  -1  -2  -2  -3  -3  -1  -3  -4   8  -1  -1  -4  -3  -3    0   0   0   0   0   0   0   0   0   0   0   0   0   0 100   0   0   0   0   0  2.10 0.03
   19 G     2  -2  -1  -1  -2  -1  -2   5  -2  -3  -3  -1  -2  -3  -2   1  -1  -3  -3  -2   21   0   0   0   0   0   0  68   0   0   0   0   0   0   0  11   0   0   0   0  0.67 0.01
   20 M    -1  -3  -3  -3  -1  -2  -3  -4  -3   4   2  -3   3   0  -3  -2  -1  -2  -1   2    0   0   0   0   0   0   0   0   0  62  21   0  17   0   0   0   0   0   0   0  0.35 0.01
   21 A     0  -2  -3  -3  -1  -2  -3  -3  -3   3   3  -2   2   0  -3  -2  -1  -2  -1   2    8   0   0   0   0   0   0   0   0  21  36   0   8   0   0   0   0   0   0  26  0.27 0.01
   22 K    -1   2   0  -1  -3   1   1  -2  -1  -3  -3   5  -2  -3  -1   0  -1  -3  -2  -3    0   0   0   0   0   0   0   0   0   0   0 100   0   0   0   0   0   0   0   0  0.58 0.02
   23 A     4  -2  -2  -2  -1  -1  -1   0  -2  -2  -2  -1  -1  -2  -1   1   0  -3  -2   0  100   0   0   0   0   0   0   0   0   0   0   0   0   0   0   0   0   0   0   0  0.46 0.02
   24 A     4  -2  -2  -2  -1  -1  -1   0  -2  -1  -1  -1  -1  -2  -1   1   0  -3  -2   1   89   0   0   0   0   0   0   0   0   0   0   0   0   0   0   0   0   0   0  11  0.37 0.02
   25 L    -1  -2  -3  -4  -1  -2  -3  -4  -3   2   4  -2   4   0  -3  -2  -1  -2  -1   1    0   0   0   0   0   0   0   0   0   0  61   0  27   0   0   0   0   0   0  11  0.37 0.01
   26 K     2   1  -1  -1  -2   3   0   2  -1  -3  -2   2  -1  -3  -1   0  -1  -3  -2  -2   26   0   0   0   0  29   0  18   0   0   0  27   0   0   0   0   0   0   0   0  0.29 0.01
   27 A     4  -2  -2  -2   0  -1  -1   0  -2  -1  -2  -1  -1  -2  -1   1   0  -3  -2   0  100   0   0   0   0   0   0   0   0   0   0   0   0   0   0   0   0   0   0   0  0.43 0.01
   28 A     4  -2  -2  -2   0  -1  -1   0  -2  -1  -2  -1  -1  -2  -1   1   0  -3  -2   0  100   0   0   0   0   0   0   0   0   0   0   0   0   0   0   0   0   0   0   0  0.43 0.01
   29 M     0  -1  -1  -2  -1  -1  -1  -2  -2   0   0  -1   2  -2  -2   1   4  -3  -2   1    0   0   0   0   0   0   0   0   0   0   0   0  13   0   0   0  74   0   0  13  0.32 0.01
   30 Q    -1   1   0   0  -3   6   2  -2   0  -3  -2   1  -1  -3  -1   0  -1  -2  -2  -2    0   0   0   0   0 100   0   0   0   0   0   0   0   0   0   0   0   0   0   0  0.69 0.01

                      K         Lambda
Standard Ungapped    0.1280     0.3134
Standard Gapped      0.0410     0.2670
PSI Ungapped         0.1280     0.3134
PSI Gapped           0.0410     0.2670
