
Last position-specific scoring matrix computed, weighted observed percentages rounded down, information per position, and relative weight of gapless real matches to pseudocounts
            A   R   N   D   C   Q   E   G   H   I   L   K   M   F   P   S   T   W   Y   V   A   R   N   D   C   Q   E   G   H   I   L   K   M   F   P   S   T   W   Y   V
    1 K    -1   2   0  -1  -3   4   1  -2   0  -3  -2   3  -1  -3  -1   0  -1  -3  -2  -2    0   0   0   0   0  56   0   0   0   0   0  44   0   0   0   0   0   0   0   0  0.52 0.01
    2 D    -1  -1   1   5  -3   0   3  -2  -1  -3  -3   0  -2  -3  -1   0   1  -4  -3  -2    0   0   0  55   0   0  25   0   0   0   0   0   0   0   0   0  20   0   0   0  0.57 0.02
    3 R    -1   4   0  -1  -3   0   0   2   2  -3  -3   2  -2  -3  -2  -1  -1  -3  -2  -3    0  46   0   0   0   0   0  25   9   0   0  20   0   0   0   0   0   0   0   0  0.43 0.01
    4 P    -1  -3  -3  -3  -2  -2  -2  -3  -3   2   2  -2   0  -1   6  -2  -1  -3  -2   0    0   0   0   0   0   0   0   0   0  20  33   0   0   0  47   0   0   0   0   0  0.76 0.02
    5 K    -1   0  -1   0  -3   1   4  -3  -1   0  -1   2  -1  -3  -2  -1  -1  -3  -2   1    0   0   0   0   0   0  51   0   0   7   0  22   0   0   0   0   0   0   0  20  0.33 0.03
    6 K    -1   3  -1  -2  -4   1   0  -2  -1  -3  -3   5  -2  -4  -2  -1  -1  -4  -3  -3    0  19   0   0   0   0   0   0   0   0   0  81   0   0   0   0   0   0   0   0  0.80 0.11
    7 P     1  -2  -2  -2  -3   2  -1  -2  -2  -3  -3  -1  -3  -4   7  -1  -2  -4  -3  -3   13   0   0   0   0  13   0   0   0   0   0   0   0   0  75   0   0   0   0   0  1.57 0.11
    8 G    -1  -3  -1  -2  -3  -3  -3   7  -3  -5  -5  -2  -4  -4  -3  -1  -2  -3  -4  -4    0   0   0   0   0   0   0 100   0   0   0   0   0   0   0   0   0   0   0   0  1.44 0.14
    9 L     1  -2  -2   1  -2  -1   1  -2  -2   0   1   0   0  -2  -2  -1  -1  -3  -2   2   16   0   0  11   0   0  16   0   0   0  23   6   0   0   0   0   0   0   0  27  0.12 0.04
   10 C    -1  -5  -4  -5  10  -4  -5  -4  -4  -2  -2  -4  -3  -4  -4  -2  -2  -3  -4  -2    0   0   0   0 100   0   0   0   0   0   0   0   0   0   0   0   0   0   0   0  2.21 0.20
   11 P    -2  -3  -3  -2  -4  -2  -2  -3  -3  -4  -4  -2  -4  -5   8  -2  -2  -5  -4  -3    0   0   0   0   0   0   0   0   0   0   0   0   0   0 100   0   0   0   0   0  2.43 0.17
   12 P     3  -2  -2  -2  -2  -2  -2  -1  -3  -2  -3  -1  -2  -3   6   0   1  -4  -3  -2   48   0   0   0   0   0   0   0   0   0   0   0   0   0  44   0   8   0   0   0  0.92 0.10
   13 R     0   5  -1   1  -3   0   1  -3  -1  -3  -1   1  -2  -3   2  -1  -2  -3  -2  -2    8  55   0   8   0   0  10   0   0   0   8   0   0   0  11   0   0   0   0   0  0.49 0.08
   14 P    -1  -2  -1  -1   3  -1   2   1  -2  -3  -3  -1  -3  -4   5   2  -1  -4  -3  -3    0   0   0   0  12   0  19  10   0   0   0   0   0   0  39  20   0   0   0   0  0.74 0.08
   15 Q     1  -1  -2  -2  -3   3   0  -2  -1   0   0   1  -1   2   2  -1  -1  -2   0  -1   16   0   0   0   0  31   0   0   0   6   8  11   0  18  10   0   0   0   0   0  0.22 0.06
   16 K     1   0   1   0  -3   2   2   1  -1  -3  -3   3  -2  -3  -1   0  -1  -3  -2  -2   12   0   8   0   0   8  18  13   0   0   1  35   0   0   0   1   0   0   0   1  0.30 0.05
   17 P     0  -2  -1  -2  -2   1  -1  -2  -2  -3  -3  -1  -2  -4   6   2   1  -4  -3  -2    8   0   0   0   0   8   0   0   0   0   0   0   0   0  49  23  12   0   0   0  0.93 0.09
   18 C    -1  -3  -2   1   9  -3  -3   0  -3  -2  -1  -3  -2  -3  -3   0  -1  -3  -3  -2    0   0   0  12  63   0   0   8   0   0   8   0   0   0   0  10   0   0   0   0  0.97 0.12
   19 V     0  -2  -1   0  -2   2  -1  -2  -2   0  -1  -1  -1  -2   2   0   1  -3  -2   3    8   0   0   6   0  16   0   0   0   0   0   0   0   0  12   8  10   0   0  41  0.21 0.06
   20 K    -1   2  -1   0  -3   1   3  -2  -1  -3  -3   3  -2  -4   3   1  -1  -4  -3  -3    0  15   0   0   0   0  32   0   0   0   0  24   0   0  19  10   0   0   0   0  0.55 0.07
   21 E    -1   1   1   0  -3   2   3  -2  -1  -2   0   0  -1  -3   2   1  -1  -3  -2  -2    0   6   8   0   0  12  31   0   0   0  14   0   0   0  10  19   0   0   0   0  0.29 0.05
   22 C    -1  -5  -4  -5  10  -4  -5  -4  -4  -2  -2  -4  -3  -4  -4  -2  -2  -3  -4  -2    0   0   0   0 100   0   0   0   0   0   0   0   0   0   0   0   0   0   0   0  2.21 0.20
   23 K    -1   0   0  -1  -3   0   2  -2   3  -3  -3   2  -2  -2  -2   2   1  -2   1  -2    0   0   0   0   0   0  19   0  12   0   0  23   0   0   0  24  14   0   8   0  0.30 0.06
   24 N     0  -2   4  -1  -2  -1  -2   2  -1  -1   0  -1  -1  -2  -2   0   2  -3  -2   0    6   0  31   0   0   0   0  20   0   0  17   0   0   0   0   0  19   0   0   6  0.24 0.06
   25 D    -3  -3   1   7  -5  -1   1  -2  -2  -4  -5  -2  -4  -5  -2  -1  -2  -5  -4  -4    0   0   0 100   0   0   0   0   0   0   0   0   0   0   0   0   0   0   0   0  1.44 0.15
   26 D     0   0   0   0  -2   2   1   0  -1   0  -2  -1  -1  -2  -2   0   0   7  -1  -1    8   4   6   4   0  18   8   6   0  10   0   0   0   0   0   6   8  23   0   0  0.38 0.06
   27 S    -1   0   0   4  -3   0   2  -1  -1  -3  -3   1  -3  -4  -2   3   0  -4  -3  -3    0   4   0  37   0   0  11   0   0   0   0   8   0   0   0  40   0   0   0   0  0.51 0.08
   28 C    -1  -5  -4  -5  10  -4  -5  -4  -4  -2  -2  -4  -3  -4  -4  -2  -2  -3  -4  -2    0   0   0   0 100   0   0   0   0   0   0   0   0   0   0   0   0   0   0   0  2.21 0.20
   29 P    -1   1  -2  -2  -3  -1  -1  -2  -2  -2   0  -1  -2  -3   6   2  -1  -4  -3  -2    0  12   0   0   0   0   0   0   0   0  12   0   0   0  51  26   0   0   0   0  0.91 0.10
   30 G    -1  -1   1  -2  -3   1  -2   6  -2  -4  -4  -1  -3  -4  -3  -1  -2  -3  -4  -4    0   4   6   0   0   8   0  82   0   0   0   0   0   0   0   0   0   0   0   0  1.01 0.11
   31 Q    -1  -1   0   1  -3   2   3   0  -1   0   1  -1   0  -2  -2  -1  -1  -3  -2   0    0   0   6   8   0  16  27   8   0   6  17   0   0   0   0   0   0   0   0  11  0.17 0.04
   32 Q    -2   2   1  -1  -4   5   2  -2   2  -3  -2   2   1  -3  -2  -1  -1  -3  -2  -3    0  12   8   0   0  45  10   0   8   0   0  11   6   0   0   0   0   0   0   0  0.50 0.08
   33 K    -2   1  -1  -2  -4   1   0  -2  -2  -4  -3   6  -2  -4  -2  -1  -2  -4  -3  -3    0   0   0   0   0   0   0   0   0   0   0 100   0   0   0   0   0   0   0   0  1.00 0.15
   34 C    -1  -5  -4  -5  10  -4  -5  -4  -4  -2  -2  -4  -3  -4  -4  -2  -2  -3  -4  -2    0   0   0   0 100   0   0   0   0   0   0   0   0   0   0   0   0   0   0   0  2.21 0.20
   35 C    -1  -5  -4  -5  10  -4  -5  -4  -4  -2  -2  -4  -3  -4  -4  -2  -2  -3  -4  -2    0   0   0   0 100   0   0   0   0   0   0   0   0   0   0   0   0   0   0   0  2.21 0.20
   36 N     0   2   1  -1  -2   0  -1  -2   1  -3  -3   0  -2  -2   2   3   0  -2   2  -3    0  20   8   0   0   0   0   0   4   0   0   0   0   0  10  48   0   0  12   0  0.37 0.08
   37 Y    -2  -2   3   1  -3  -2  -2  -3   0  -2   0  -2  -1   1  -3  -1   0   7   5  -2    0   0  24   8   0   0   0   0   0   0  12   0   0   0   0   0   8  17  31   0  0.54 0.09
   38 G    -1   0  -1  -2  -3  -1  -2   5   3  -4  -4  -1  -3  -3   1   0  -2  -3  -2  -4    0   8   0   0   0   0   0  63  12   0   0   0   0   0   8  10   0   0   0   0  0.71 0.08
   39 C    -1  -4  -3  -4   9  -4  -4   3  -4  -3  -3  -4  -3  -4  -4  -2  -2  -3  -4  -2    0   0   0   0  75   0   0  25   0   0   0   0   0   0   0   0   0   0   0   0  1.48 0.15
   40 K    -1  -2  -1  -2  -3  -2  -2   5  -3   1  -2   1  -2  -3  -3  -1  -2  -3  -3  -1    0   0   0   0   0   0   0  69   0  19   0  12   0   0   0   0   0   0   0   0  0.69 0.09
   41 D    -2   2  -1   0  -3   1  -1  -3   6  -3  -2  -1  -2   2  -3  -1   0  -1   3  -2    0  17   0   8   0   8   0   0  32   0   0   0   0  15   0   0   8   0  12   0  0.41 0.07
   42 E     1  -1  -1  -1  -2   0   3  -2   2  -1  -1   1  -1  -1  -2   0   1  -2   2   0   14   0   0   0   0   0  31   0   8   0   8  12   0   0   0   0  11   0  10   6  0.18 0.05
   43 C    -1  -5  -4  -5  10  -4  -5  -4  -4  -2  -2  -4  -3  -4  -4  -2  -2  -3  -4  -2    0   0   0   0 100   0   0   0   0   0   0   0   0   0   0   0   0   0   0   0  2.21 0.20
   44 R    -1   4  -1  -2  -3   2  -1  -3  -1   0  -1   2   2  -2  -2  -1  -1  -3  -2   2    0  31   0   0   0  11   0   0   0   0   0  20  10   0   0   0   0   0   0  27  0.31 0.07
   45 D     0  -2   0   3  -2  -1   0   0   2   0  -2  -1  -1  -2   1   1  -1  -4  -2   0   10   0   0  31   0   0   0   8   8  12   0   0   0   0   6  14   0   0   0  11  0.20 0.05
   46 P     0  -3  -2   1  -3  -2  -2  -3  -3  -4  -4  -2  -3  -4   8  -1  -2  -5  -4  -3    8   0   0   8   0   0   0   0   0   0   0   0   0   0  84   0   0   0   0   0  1.87 0.14
   47 I     1  -3  -3  -3  -1  -2  -3  -3  -3   3   1  -2   0  -1  -2  -1   1  -3  -2   3   12   0   0   0   0   0   0   0   0  38   0   0   0   0   0   0  11   0   0  39  0.31 0.05
   48 F    -2  -3  -3  -3  -3  -3  -3  -3  -2  -1  -1  -3  -1   6   4  -2  -2   0   2  -2    0   0   0   0   0   0   0   0   0   0   0   0   0  70  30   0   0   0   0   0  0.84 0.05
   49 V     0  -2  -2  -2  -1  -2  -2  -3  -3   2   0  -2   0  -1  -2   0   3  -3  -1   3    0   0   0   0   0   0   0   0   0   0   0   0   0   0   0   0  34   0   0  66  0.26 0.01
   50 G     0  -2   3   0  -3  -1  -2   5  -1  -4  -4  -1  -3  -3  -2   0  -1  -3  -3  -3    0   0  29   0   0   0   0  71   0   0   0   0   0   0   0   0   0   0   0   0  0.74 0.00

                      K         Lambda
Standard Ungapped    0.1454     0.3204
Standard Gapped      0.0412     0.2670
PSI Ungapped         0.1346     0.3183
PSI Gapped           0.0412     0.2670
