
Last position-specific scoring matrix computed, weighted observed percentages rounded down, information per position, and relative weight of gapless real matches to pseudocounts
            A   R   N   D   C   Q   E   G   H   I   L   K   M   F   P   S   T   W   Y   V   A   R   N   D   C   Q   E   G   H   I   L   K   M   F   P   S   T   W   Y   V
    1 G     0  -3  -1  -1  -3  -2  -2   6  -2  -4  -4  -2  -3  -3  -2   0  -2  -3  -3  -3    0   0   0   0   0   0   0 100   0   0   0   0   0   0   0   0   0   0   0   0  1.08 0.01
    2 I    -1  -3  -3  -3  -1  -3  -3  -4  -3   4   1  -3   1   2  -3  -2  -1  -2   0   3    0   0   0   0   0   0   0   0   0  54   0   0   0  16   0   0   0   0   0  29  0.33 0.01
    3 L    -3  -3  -4  -4  -2  -2  -3  -3  -3  -1   1  -3   0   1  -4  -3  -2  11   2  -2    0   0   0   0   0   0   0   0   0   0  22   0   0   0   0   0   0  78   0   0  1.78 0.03
    4 D     0  -1   1   5  -2   0   1  -1  -1  -3  -3  -1  -2  -3  -1   3   0  -4  -3  -3    0   0   0  51   0   0   0   0   0   0   0   0   0   0   0  49   0   0   0   0  0.53 0.02
    5 T    -1  -1  -1  -2  -2  -1  -1  -2  -2  -2  -2   1  -1  -1  -2   1   2   9   0  -2    0   0   0   0   0   0   0   0   0   0   0  16   0   0   0  19  22  43   0   0  0.79 0.02
    6 I    -2  -3  -4  -3  -1  -3  -4  -4  -4   5   1  -3   1   0  -3  -3  -1  -3  -2   3    0   0   0   0   0   0   0   0   0 100   0   0   0   0   0   0   0   0   0   0  0.46 0.02
    7 K    -1   2   0  -1  -3   1   1  -2  -1  -3  -3   5  -2  -3  -1   0  -1  -3  -2  -3    0   0   0   0   0   0   0   0   0   0   0 100   0   0   0   0   0   0   0   0  0.59 0.03
    8 S     0   0   3   2  -2   0   0  -1  -1  -3  -3   2  -2  -3  -1   2   0  -3  -2  -2    0   0  19  16   0   0   0   0   0   0   0  28   0   0   0  37   0   0   0   0  0.34 0.01
    9 I    -1  -2  -2  -2  -1  -2  -2  -3  -2   2   1  -2   1   2  -2   0   3  -2   0   1    0   0   0   0   0   0   0   0   0  22  19   0   0  16   0   0  43   0   0   0  0.20 0.01
   10 A     4  -2  -2  -2  -1  -1  -1   0  -2  -2  -2  -1  -1  -2  -1   1   0  -3  -2   0  100   0   0   0   0   0   0   0   0   0   0   0   0   0   0   0   0   0   0   0  0.46 0.02
   11 S     0   1   0  -1  -2   1   0  -1  -1  -3  -3   4  -2  -3  -1   2   0  -3  -2  -2    0   0   0   0   0   0   0   0   0   0   0  59   0   0   0  41   0   0   0   0  0.38 0.02
   12 K    -1   2   0   2  -3   1   1  -2  -1  -3  -3   5  -2  -3  -1   0  -1  -3  -2  -3    0   0   0  14   0   0   0   0   0   0   0  86   0   0   0   0   0   0   0   0  0.51 0.02
   13 V     2  -2  -3  -3  -1  -2  -2  -2  -3   2   1  -2   0  -1  -2  -1   0  -3  -2   3   35   0   0   0   0   0   0   0   0   0  15   0   0   0   0   0   0   0   0  50  0.21 0.01
   14 W    -3  -3  -4  -5  -2  -2  -3  -3  -3  -2   0  -3  -1   1  -4  -3  -3  11   2  -2    0   0   0   0   0   0   0   0   0   0  14   0   0   0   0   0   0  86   0   0  2.02 0.04
   15 N    -2  -1   6   1  -3   0   0  -1   0  -4  -4   0  -2  -3  -2   0   0  -4  -2  -3    0   0 100   0   0   0   0   0   0   0   0   0   0   0   0   0   0   0   0   0  0.82 0.03
   16 S     1  -1   0   0  -1   0   0   0  -1  -3  -3   0  -2  -3  -1   4   1  -3  -2  -2    0   0   0   0   0   0   0   0   0   0   0   0   0   0   0 100   0   0   0   0  0.52 0.03
   17 K    -1   0   0   4  -4   0   2  -2  -1  -3  -3   2  -3  -4   3   0  -1  -4  -3  -3    0   0   0  46   0   0  15   0   0   0   0  22   0   0  16   0   0   0   0   0  0.58 0.01
   18 T    -1  -2  -2  -2  -1  -2  -2  -3  -3   2   1  -2   1  -1   3  -1   2  -3  -2   2    0   0   0   0   0   0   0   0   0  19  16   0   0   0  15   0  22   0   0  28  0.25 0.01
   19 V     3  -2  -2  -2  -1  -2  -2   2  -2   1  -1  -2  -1  -2  -2   0   0  -3  -2   2   44   0   0   0   0   0   0  19   0   0   0   0   0   0   0   0   0   0   0  37  0.22 0.01
   20 Q    -1   1   2   0  -3   4   1  -2   0  -3  -3   3  -1  -3  -1   0  -1  -3  -2  -3    0   0  16   0   0  41   0   0   0   0   0  43   0   0   0   0   0   0   0   0  0.46 0.02
   21 D    -1   0   0   3  -3   2   3  -2  -1  -3  -3   1  -2  -3  -1   1   0  -3  -2  -3    0   0   0  22   0  14  31   0   0   0   0  13   0   0   0  19   0   0   0   0  0.42 0.01
   22 L    -2  -2  -4  -4  -1  -2  -3  -4  -3   2   4  -3   2   0  -3  -3  -1  -2  -1   1    0   0   0   0   0   0   0   0   0   0 100   0   0   0   0   0   0   0   0   0  0.51 0.02
   23 K    -1   3   0  -1  -3   1   1  -2  -1  -3  -3   5  -2  -3  -1   0  -1  -3  -2  -3    0  19   0   0   0   0   0   0   0   0   0  81   0   0   0   0   0   0   0   0  0.56 0.02
   24 R    -1   2   4   0  -3   0   0   1   0  -3  -3   0  -2  -3  -2   1   0  -3  -2  -3    0  22  48   0   0   0   0  13   0   0   0   0   0   0   0  16   0   0   0   0  0.41 0.01
   25 K    -1   2   0  -1  -3   1   0  -2  -1  -3  -2   5  -1  -3  -1   0   1  -3  -2  -2    0   0   0   0   0   0   0   0   0   0   0  85   0   0   0   0  15   0   0   0  0.47 0.02
   26 G     4  -2  -1  -2  -1  -1  -1   3  -2  -2  -2  -1  -1  -3  -1   1   0  -3  -2  -1   78   0   0   0   0   0   0  22   0   0   0   0   0   0   0   0   0   0   0   0  0.42 0.02
   27 I     1  -2  -3  -3  -1  -2  -3  -3  -3   2   3  -2   1   0  -3  -1  -1  -2  -1   1   19   0   0   0   0   0   0   0   0  22  59   0   0   0   0   0   0   0   0   0  0.27 0.01
   28 N    -2   0   6   1  -3   0   0  -1   0  -3  -3   2  -2  -3  -2   0   0  -4  -2  -3    0   0  81   0   0   0   0   0   0   0   0  19   0   0   0   0   0   0   0   0  0.64 0.02
   29 W    -2  -3  -3  -4  -2  -3  -3  -3  -2   0   1  -3   0   5  -4  -3  -2   7   2  -1    0   0   0   0   0   0   0   0   0   0  15   0   0  63   0   0   0  22   0   0  0.78 0.02
   30 V     0  -3  -3  -3  -1  -2  -3  -3  -3   3   1  -3   1  -1  -3  -2   0  -3  -1   4    0   0   0   0   0   0   0   0   0   0   0   0   0   0   0   0   0   0   0 100  0.41 0.02
   31 A     4  -1  -1  -2  -1  -1  -1   0  -2  -2  -2  -1  -1  -2  -1   2   0  -3  -2  -1   84   0   0   0   0   0   0   0   0   0   0   0   0   0   0  16   0   0   0   0  0.41 0.02
   32 N    -1  -1   3   3  -4   1   4  -2   0  -3  -3   0  -2  -3  -2   0  -1  -4  -2  -3    0   0  22  19   0   0  59   0   0   0   0   0   0   0   0   0   0   0   0   0  0.59 0.02
   33 K    -1   2   0  -1  -3   1   1  -2  -1  -3  -3   5  -2  -3  -1   0  -1  -3  -2  -3    0   0   0   0   0   0   0   0   0   0   0 100   0   0   0   0   0   0   0   0  0.59 0.03
   34 L    -2  -3  -4  -3  -1  -3  -3  -4  -3   4   2  -3   1   0  -3  -3  -1  -3  -1   2    0   0   0   0   0   0   0   0   0  78  22   0   0   0   0   0   0   0   0   0  0.41 0.02
   35 G     0  -3  -1  -2  -3  -2  -2   6  -2  -4  -4  -2  -3  -3  -2   0  -2  -3  -3  -3    0   0   0   0   0   0   0 100   0   0   0   0   0   0   0   0   0   0   0   0  1.10 0.02
   36 V     3  -2  -2  -2  -1  -1  -2  -1  -2   1   0  -1   0  -2  -2   0   0  -3  -2   2   59   0   0   0   0   0   0   0   0   0   0   0   0   0   0   0   0   0   0  41  0.25 0.01
   37 S     0  -1   0  -1  -1  -1  -1  -1  -2  -1  -2  -1  -1  -2  -1   2   5  -3  -2   0    0   0   0   0   0   0   0   0   0   0   0   0   0   0   0  22  78   0   0   0  0.46 0.02
   38 P    -1  -2  -2  -2  -3  -2  -1  -2  -2  -3  -3  -1  -3  -4   8  -1  -1  -4  -3  -3    0   0   0   0   0   0   0   0   0   0   0   0   0   0 100   0   0   0   0   0  2.11 0.03
   39 Q     1   0   0  -1  -1   2   0  -1  -1  -2  -2   0  -1  -3  -1   3   1  -3  -2  -2   13   0   0   0   0  22   0   0   0   0   0   0   0   0   0  65   0   0   0   0  0.37 0.02
   40 A     1   0  -1   1  -3   3   4  -2   0  -3  -3   1  -2  -3  -1   0  -1  -3  -2  -2   22   0   0   0   0  19  59   0   0   0   0   0   0   0   0   0   0   0   0   0  0.48 0.02
   41 A     4  -2  -2  -2  -1  -1  -1   0  -2  -2  -2  -1  -1  -2  -1   1   0  -3  -2   0  100   0   0   0   0   0   0   0   0   0   0   0   0   0   0   0   0   0   0   0  0.46 0.02

                      K         Lambda
Standard Ungapped    0.1269     0.3119
Standard Gapped      0.0386     0.2670
PSI Ungapped         0.1261     0.3180
PSI Gapped           0.0386     0.2670
