
Last position-specific scoring matrix computed, weighted observed percentages rounded down, information per position, and relative weight of gapless real matches to pseudocounts
            A   R   N   D   C   Q   E   G   H   I   L   K   M   F   P   S   T   W   Y   V   A   R   N   D   C   Q   E   G   H   I   L   K   M   F   P   S   T   W   Y   V
    1 G     0  -3  -1  -2  -3  -2  -3   6  -3  -4  -4  -2  -3  -4  -3  -1  -2  -3  -4  -4    0   0   0   0   0   0   0 100   0   0   0   0   0   0   0   0   0   0   0   0  1.16 0.05
    2 L    -2  -3  -4  -4  -2  -3  -3  -4  -3   4   3  -3   1   2  -3  -3  -1  -2  -1   2    0   0   0   0   0   0   0   0   0  52  33   0   0   8   0   0   0   0   0   7  0.37 0.03
    3 F    -3  -3  -4  -4  -3  -4  -4  -4  -2   0   1  -4   0   7  -4  -3  -2   1   3  -1    0   0   0   0   0   0   0   0   0   0  12   0   0  88   0   0   0   0   0   0  0.81 0.05
    4 T     1  -1   0  -1  -1  -1  -1  -1  -1  -2  -2  -1  -2  -3  -1   4   3  -3  -2  -1    7   0   0   0   0   0   0   0   0   0   0   0   0   0   0  67  26   0   0   0  0.44 0.04
    5 L    -2  -3  -4  -4  -2  -3  -3  -4  -3   2   4  -3   2   0  -3  -3  -1  -2  -1   1    0   0   0   0   0   0   0   0   0  17  83   0   0   0   0   0   0   0   0   0  0.49 0.04
    6 I    -1  -3  -4  -4  -2  -3  -3  -4  -3   4   2  -3   1   2  -3  -3  -1  -2   0   3    0   0   0   0   0   0   0   0   0  55  10   0   0  14   0   0   0   0   0  21  0.35 0.03
    7 K    -1   3   0  -1  -4   1   1  -2  -1  -3  -3   5  -2  -4  -1  -1  -1  -4  -2  -3    0  10   0   0   0   0   0   0   0   0   0  90   0   0   0   0   0   0   0   0  0.63 0.05
    8 G     1  -2  -1  -1  -2  -2  -2   5  -2  -3  -3  -1  -2  -3  -2   0   1  -3  -3  -2    7   0   0   0   0   0   0  69   0   0   1   0   0   0   0   0  19   0   0   0  0.65 0.03
    9 A     4  -2  -2  -2  -1  -1  -2   1  -2   0  -1  -1  -1  -2  -1   1   0  -3  -2   1   73   0   0   0   0   0   0   7   0   0   0   0   0   0   0   0   0   0   0  20  0.32 0.04
   10 A     5  -2  -2  -2  -1  -1  -1   0  -2  -2  -2  -1  -1  -3  -1   1   1  -3  -2   0   93   0   0   0   0   0   0   0   0   0   0   0   0   0   0   0   7   0   0   0  0.48 0.05
   11 K    -1   2   0  -1  -4   2   1  -2  -1  -3  -3   5  -2  -4  -1   0  -1  -3  -2  -3    0   0   0   0   0  11   0   0   0   0   0  89   0   0   0   0   0   0   0   0  0.61 0.05
   12 L    -2  -3  -4  -4  -2  -3  -3  -4  -3   2   3  -3   1   4  -4  -3  -2  -1   1   0    0   0   0   0   0   0   0   0   0   8  56   0   0  36   0   0   0   0   0   0  0.44 0.03
   13 I     2  -3  -3  -3  -1  -2  -2  -2  -3   3   1  -2   0   1  -2  -1  -1  -2  -1   2   35   0   0   0   0   0   0   0   0  35   6   0   0   7   0   0   0   0   0  18  0.19 0.02
   14 G     0  -2   0  -1  -2  -2  -2   6  -2  -3  -4  -2  -3  -3  -2   1   1  -3  -3  -3    0   0   0   0   0   0   0  77   0   0   0   0   0   0   0  10  13   0   0   0  0.79 0.04
   15 K    -1   2   0  -1  -4   1   1  -2  -1  -3  -3   6  -2  -4  -1  -1  -1  -4  -2  -3    0   0   0   0   0   0   0   0   0   0   0 100   0   0   0   0   0   0   0   0  0.67 0.06
   16 T     0  -2   3  -1  -2  -1  -1   3  -1  -2  -3  -1  -2  -3  -2   1   3  -3  -2  -2    0   0  25   0   0   0   0  29   0   0   0   0   0   0   0   0  46   0   0   0  0.41 0.03
   17 V    -1  -3  -4  -4  -1  -3  -3  -4  -3   2   4  -3   2   1  -3  -3  -1  -2  -1   2    0   0   0   0   0   0   0   0   0   0  66   0   0   6   0   0   0   0   0  28  0.38 0.03
   18 P     3  -2  -2  -2  -1  -2  -2   2  -2  -1   1  -2   0  -2   3   0  -1  -3  -2  -1   42   0   0   0   0   0   0  17   0   0  25   0   0   0  15   0   0   0   0   0  0.28 0.02
   19 K    -1   3   0  -1  -4   1   1  -2  -1  -3  -3   5  -2  -4  -1  -1  -1  -4  -2  -3    0   7   0   0   0   0   0   0   0   0   0  93   0   0   0   0   0   0   0   0  0.65 0.05
   20 K    -1   0   1   2  -4   3   4  -2   0  -4  -3   2  -2  -4  -2   0  -1  -3  -2  -3    0   0   8  10   0  18  47   0   0   0   0  15   0   0   0   0   0   0   0   0  0.52 0.03
   21 Q     2  -1  -2  -2  -2   1  -1   2  -2  -1   1  -1   0  -2  -2   0  -1  -3  -2  -1   38   0   0   0   0  15   0  21   0   0  26   0   0   0   0   0   0   0   0   0  0.18 0.02
   22 A     1  -2  -1  -2  -2  -2  -2   6  -2  -3  -3  -2  -2  -3  -2   0   0  -3  -3  -2   15   0   0   0   0   0   0  74   0   0   0   0   0   0   0   0  10   0   0   0  0.76 0.04
   23 R    -1   3   0  -1  -4   1   0  -2  -1  -3  -3   5  -2  -4  -2  -1  -1  -3  -2  -3    0  15   0   0   0   0   0   0   0   0   0  85   0   0   0   0   0   0   0   0  0.62 0.05
   24 L     1  -2  -2  -3  -1  -2  -2  -2  -2   0   2  -2   2   2  -2   0   1  -2   0   1   25   0   0   0   0   0   0   0   0   0  26   0   8  16   0   0  19   0   0   6  0.14 0.02
   25 G     0  -3  -1  -2  -3  -2  -3   6  -3  -4  -4  -2  -3  -4  -3  -1  -2  -3  -4  -4    0   0   0   0   0   0   0 100   0   0   0   0   0   0   0   0   0   0   0   0  1.18 0.05
   26 M     0  -2  -3  -4  -1  -2  -3  -3  -3   1   4  -2   4   0  -3  -2  -1  -2  -1   1    7   0   0   0   0   0   0   0   0   0  62   0  20   0   0   0   0   0   0  10  0.35 0.03
   27 N    -1  -1   2   3  -4   1   5  -2   0  -4  -4   0  -3  -4  -2   0  -1  -4  -3  -3    0   0  15  19   0   0  66   0   0   0   0   0   0   0   0   0   0   0   0   0  0.66 0.04
   28 L    -2  -2  -2  -3  -2  -2  -2  -4   4   1   3  -2   1   2  -3  -2   0  -2   0   0    0   0   0   0   0   0   0   0  19   0  63   0   0  12   0   0   7   0   0   0  0.29 0.03
   29 W    -1  -3  -3  -4  -2  -2  -3  -3  -3   2   2  -3   3   0  -3  -2  -1   6   0   2    5   0   0   0   0   0   0   0   0  16  25   0  19   0   0   0   0  15   0  19  0.36 0.02
   30 L     4  -2  -2  -2  -1  -1  -2   1  -2  -1   0  -1   1  -2  -2   0  -1  -3  -2   0   71   0   0   0   0   0   0   8   0   0  15   0   5   0   0   0   0   0   0   0  0.29 0.03
   31 V    -1  -4  -3  -4  10  -3  -4  -3  -4  -1  -1  -4  -1  -3  -3  -1  -1  -3  -3   1    0   0   0   0  85   0   0   0   0   0   0   0   0   0   0   0   0   0   0  15  1.22 0.07
   32 K    -1   2   0  -1  -4   1   1  -2  -1  -3  -3   6  -2  -4  -1  -1  -1  -4  -2  -3    0   0   0   0   0   0   0   0   0   0   0 100   0   0   0   0   0   0   0   0  0.67 0.06
   33 L     1  -3  -3  -3  -1  -2  -3  -2  -3   3   2  -2   1  -1  -2  -1  -1  -3  -2   2   25   0   0   0   0   0   0   0   0  39  15   0   0   0   0   0   0   0   0  21  0.23 0.02
   34 P     1  -1   2  -1  -2  -1  -1  -1  -1  -2  -2   0  -2  -3   3   2   3  -3  -2  -1   16   0  12   0   0   0   0   0   0   0   0   7   0   0  15  19  31   0   0   0  0.34 0.02
   35 T    -1   0   5   0  -3   0   0  -1   0  -3  -3   3  -2  -3  -2   0   1  -4  -2  -2    0   0  52   0   0   0   0   0   0   0   0  33   0   0   0   0  15   0   0   0  0.46 0.04
   36 N    -1   0   2   0  -4   6   3  -2   0  -3  -3   1  -1  -4  -2   0  -1  -3  -2  -3    0   0  15   0   0  69  15   0   0   0   0   0   0   0   0   0   0   0   0   0  0.63 0.05
   37 V    -1  -4  -3  -4  10  -3  -4  -3  -4  -1  -1  -4  -1  -3  -3  -1  -1  -3  -3   1    0   0   0   0  85   0   0   0   0   0   0   0   0   0   0   0   0   0   0  15  1.22 0.07
   38 K    -1   2   0  -1  -3   1   1  -2  -1  -3  -2   5  -1  -3  -1   0  -1  -3  -2  -2    0   0   0   0   0   0   0   0   0   0   0   0   0   0   0   0   0   0   0   0  0.00     0.00
   39 T     0  -1   0  -1  -1  -1  -1  -2  -2  -1  -1  -1  -1  -2  -1   1   5  -2  -2   0    0   0   0   0   0   0   0   0   0   0   0   0   0   0   0   0   0   0   0   0  0.00     0.00

                      K         Lambda
Standard Ungapped    0.1375     0.3203
Standard Gapped      0.0436     0.2670
PSI Ungapped         0.1423     0.3190
PSI Gapped           0.0436     0.2670
