
Last position-specific scoring matrix computed, weighted observed percentages rounded down, information per position, and relative weight of gapless real matches to pseudocounts
            A   R   N   D   C   Q   E   G   H   I   L   K   M   F   P   S   T   W   Y   V   A   R   N   D   C   Q   E   G   H   I   L   K   M   F   P   S   T   W   Y   V
    1 G     0  -2   0  -1  -3  -2  -2   6  -2  -4  -4  -2  -3  -3  -2   0  -2  -3  -3  -3    0   0   0   0   0   0   0 100   0   0   0   0   0   0   0   0   0   0   0   0  1.05 0.01
    2 G    -1  -3  -2  -2  -2  -2  -3   3  -3   3   0  -2   0  -1  -3  -1  -1  -3  -2   1    0   0   0   0   0   0   0  43   0  57   0   0   0   0   0   0   0   0   0   0  0.30 0.00
    3 W    -3  -3  -4  -5  -2  -2  -3  -3  -3  -3  -2  -3  -2   1  -4  -3  -3  11   2  -3    0   0   0   0   0   0   0   0   0   0   0   0   0   0   0   0   0 100   0   0  2.36 0.02
    4 L    -1  -2  -1  -2  -1  -1  -2  -2  -2   0   2  -1   1  -1  -2   0   3  -2  -1   0    0   0   0   0   0   0   0   0   0   0  43   0   0   0   0   0  57   0   0   0  0.26 0.00
    5 D    -1   0   1   4  -3   4   2  -2   0  -3  -3   1  -1  -3  -1   0  -1  -3  -2  -3    0   0   0  43   0  57   0   0   0   0   0   0   0   0   0   0   0   0   0   0  0.57 0.01
    6 I    -1  -3  -3  -4  -1  -3  -3  -4  -3   3   3  -3   2   0  -3  -3  -1  -2  -1   2    0   0   0   0   0   0   0   0   0  43  57   0   0   0   0   0   0   0   0   0  0.38 0.00
    7 V     2  -2  -3  -3  -1  -2  -2  -2  -3   3   1  -2   0  -1  -2  -1   0  -3  -1   3   28   0   0   0   0   0   0   0   0  29   0   0   0   0   0   0   0   0   0  43  0.22 0.00
    8 K    -1   0  -2  -2  -2   0  -1  -3  -1   0   1   3   0   3  -2  -1  -1  -1   1  -1    0   0   0   0   0   0   0   0   0   0  28  43   0  29   0   0   0   0   0   0  0.17 0.00
    9 A     3  -1  -1  -2  -1  -1  -1   0  -2  -1  -1  -1  -1  -2  -1   1   2  -3  -2   0   71   0   0   0   0   0   0   0   0   0   0   0   0   0   0   0  29   0   0   0  0.33 0.00
   10 I    -1  -3  -3  -4  -1  -3  -3  -4  -3   3   3  -3   2   0  -3  -3  -1  -2  -1   2    0   0   0   0   0   0   0   0   0  43  57   0   0   0   0   0   0   0   0   0  0.38 0.00
   11 V     0  -3  -3  -3  -1  -2  -3  -3  -3   3   1  -2   1  -1  -3  -2   0  -3  -1   4    0   0   0   0   0   0   0   0   0   0   0   0   0   0   0   0   0   0   0 100  0.36 0.01
   12 V    -1   1  -1  -2  -2   0   0  -2  -2   1  -1   3   0  -2  -2  -1   0  -3  -2   2    0   0   0   0   0   0   0   0   0   0   0  57   0   0   0   0   0   0   0  43  0.19 0.00
   13 P    -1  -1   4   0  -3  -1  -1  -1   0  -3  -3  -1  -2  -3   5   0   0  -4  -3  -3    0   0  57   0   0   0   0   0   0   0   0   0   0   0  43   0   0   0   0   0  0.89 0.01
   14 A     2  -2  -3  -3  -1  -2  -2  -1  -2   1   3  -2   1   0  -2   0  -1  -2  -1   0   43   0   0   0   0   0   0   0   0   0  57   0   0   0   0   0   0   0   0   0  0.21 0.00
   15 A     4  -2  -2  -2   0  -1  -1   0  -2  -1  -2  -1  -1  -2  -1   1   0  -3  -2   0  100   0   0   0   0   0   0   0   0   0   0   0   0   0   0   0   0   0   0   0  0.41 0.01
   16 R     0   4   0  -1  -1   1   0  -1   0  -1  -1   1  -1  -1   0   0   0  -1  -1  -1    4  46   3   3   1   2   4   4   1   3   5   3   1   2   3   4   3   1   2   4  0.19 0.00
   17 E     0  -1   0   0  -2   1   3  -2  -1  -2  -2   0  -1  -3  -1   1   3  -3  -2  -1    0   0   0   0   0   0  43   0   0   0   0   0   0   0   0   0  57   0   0   0  0.39 0.00
   18 T    -1  -2  -2  -3  -1  -2  -2  -3  -3   1   3  -2   1   0  -2  -1   2  -2  -1   1    0   0   0   0   0   0   0   0   0   0  72   0   0   0   0   0  28   0   0   0  0.31 0.02
   19 I    -2  -3  -4  -4  -2  -2  -3  -3  -3   1  -1  -3  -1   1  -4  -3  -2  10   1   0    0   0   0   0   0   0   0   0   0  28   0   0   0   0   0   0   0  72   0   0  1.60 0.04
   20 K    -1   1   0  -1  -3   4   1  -2   5  -3  -3   2  -1  -2  -2  -1  -1  -3   0  -3    0   0   0   0   0  35   0   0  37   0   0  28   0   0   0   0   0   0   0   0  0.49 0.02
   21 T     0  -1   3   0  -1   0   0  -1  -1  -2  -2   0  -1  -3  -1   3   3  -3  -2  -1    0   0  19   0   0   0   0   0   0   0   0   0   0   0   0  54  28   0   0   0  0.38 0.02
   22 Q    -1  -1   0   4  -3   3   1   3  -1  -3  -3   0  -2  -4  -2   0  -1  -3  -3  -3    0   0   0  37   0  28   0  35   0   0   0   0   0   0   0   0   0   0   0   0  0.50 0.01
   23 E    -1  -1   1   4  -2   0   3  -1  -1  -3  -3   0  -2  -3  -1   1   2  -3  -2  -2    0   0   0  35   0   0  28   0   0   0   0   0   0   0   0  19  19   0   0   0  0.43 0.01
   24 I    -1  -3  -3  -4  -1  -3  -3  -4  -3   3   1  -3   1   3  -3  -2  -1  -1   1   3    0   0   0   0   0   0   0   0   0  21   0   0   0  27   0   0   0   0   0  52  0.33 0.02
   25 T    -1  -1   0   3  -2   3   1  -2  -1  -2  -2   0  -1  -3  -1   0   3  -3  -2  -1    0   0   0  30   0  27   0   0   0   0   0   0   0   0   0   0  43   0   0   0  0.39 0.03
   26 L    -2  -3  -3  -4  -2  -3  -3  -4  -2   0   2  -3   0   6  -4  -3  -2   0   2  -1    0   0   0   0   0   0   0   0   0   0  21   0   0  79   0   0   0   0   0   0  0.68 0.04
   27 L    -2  -2  -3  -4  -2  -2  -3  -4  -3   1   4  -2   4   0  -3  -2  -1  -2  -1   1    0   0   0   0   0   0   0   0   0   0  70   0  30   0   0   0   0   0   0   0  0.45 0.03
   28 D    -1  -2   0   3  -3  -1   0   5  -2  -4  -4  -1  -3  -4  -2   0  -2  -3  -3  -3    0   0   0  34   0   0   0  66   0   0   0   0   0   0   0   0   0   0   0   0  0.77 0.03
   29 H    -2  -1   0  -1  -3   0   0  -2   9  -4  -3  -1  -2  -2  -3  -1  -2  -3   1  -4    0   0   0   0   0   0   0   0 100   0   0   0   0   0   0   0   0   0   0   0  1.14 0.06
   30 Y    -1  -1  -1   0  -2   3   2  -3   0   0  -1   0  -1   0  -2   0   1  -1   3  -1    0   0   0   0   0  22  27   0   0  15   0   0   0   0   0   0  15   0  21   0  0.23 0.02
   31 C    -1  -4  -3  -4  10  -3  -4  -3  -3  -2  -2  -4  -2  -3  -3  -1  -1  -3  -3  -1    0   0   0   0 100   0   0   0   0   0   0   0   0   0   0   0   0   0   0   0  1.52 0.07
   32 T    -1  -1  -1  -2  -2  -1  -1  -3   6  -1   1  -1   0   0  -2  -1   1  -1   3  -1    0   0   0   0   0   0   0   0  42   0  22   0   0   0   0   0  21   0  15   0  0.34 0.03
   33 L    -1  -2  -3  -4  -2  -2  -3  -4  -1   2   2  -3   1   3  -3  -2  -1   0   4   2    0   0   0   0   0   0   0   0   0  15  21   0   0  15   0   0   0   0  27  22  0.32 0.02
   34 S    -1   5   0   0  -3   1   2  -2   0  -3  -3   1  -2  -3  -2   1  -1  -3  -2  -3    0  57   0   0   0   0  22   0   0   0   0   0   0   0   0  21   0   0   0   0  0.49 0.03
   35 R    -1   4  -1  -2  -2   0  -1  -2  -1   1  -1   1   0  -1  -2  -1  -1  -2  -1   1    2  52   1   1   0   1   1   2   0  15   2   1   0   1   1   2   1   0   1  15  0.24 0.02
   36 S     0   2   2   0  -2   1   0  -1   0  -2  -2   3  -1  -2  -1   1   0  -2  -1  -2    2  16  15   1   0   1   1   2   0   1   2  30   0   1   1  22   1   0   1   1  0.23 0.01
   37 P    -1  -2  -2  -1  -2  -1  -1  -2  -2  -2  -2  -1  -2  -3   7  -1  -1  -3  -2  -2    2   1   1   1   0   1   1   2   0   1   2   1   0   1  79   2   1   0   1   1  1.48 0.03
   38 Y     0   0   0  -1  -2   0   0  -2   0  -2  -2   2  -1   0  -1   2   2  -1   3  -1    0   0   0   0   0   0   0   0   0   0   0  30   0   0   0  22  27   0  21   0  0.25 0.02
   39 I    -1  -3  -2  -3  -2  -2  -3  -3  -2   3   1  -2   0   3  -3  -1   2  -1   1   2    0   0   0   0   0   0   0   0   0  36   0   0   0  28   0   0  22   0   0  14  0.24 0.02
   40 K    -1   5  -1  -1  -4   1   0  -2  -1  -3  -3   4  -2  -3  -2  -1  -1  -3  -2  -3    0  65   0   0   0   0   0   0   0   0   0  35   0   0   0   0   0   0   0   0  0.68 0.03
   41 S    -1   4   0  -1  -3   3   0  -2   0  -3  -2   2  -1  -3  -2   1   0  -3  -2  -2    0  42   0   0   0  22   0   0   0   0   0  15   0   0   0  21   0   0   0   0  0.45 0.02
   42 L    -2  -3  -3  -3  -2  -2  -3  -3  -2   0   3  -2   1   4   3  -2  -2  -1   1   0    0   0   0   0   0   0   0   0   0   0  48   0   0  30  22   0   0   0   0   0  0.44 0.02
   43 E    -1   1   0   3  -4   1   3  -2  -1  -3  -3   4  -2  -3  -1   0  -1  -3  -2  -3    0   0   0  22   0   0  21   0   0   0   0  57   0   0   0   0   0   0   0   0  0.48 0.03
   44 L    -1  -3  -3  -3  -2  -2  -3   2  -3   0   3  -3   1   0  -3  -2  -2   7   0  -1    0   0   0   0   0   0   0  22   0   0  51   0   0   0   0   0   0  27   0   0  0.57 0.03
   45 H    -2   0  -1  -2  -3   0  -1  -3   4  -2  -1   2  -1   3  -2  -1  -2   0   4  -2    0   0   0   0   0   0   0   0  21   0   0  27   0  22   0   0   0   0  30   0  0.39 0.03
   46 Y    -2  -1  -1  -3  -3  -1  -2  -3   5  -2  -2  -2  -1   2  -3  -2  -2   1   7  -2    0   0   0   0   0   0   0   0  30   0   0   0   0   0   0   0   0   0  70   0  0.84 0.05
   47 R    -1   3   0   0  -3   1   3  -2  -1  -3  -2   3  -2  -3  -1   0   2  -3  -2  -2    0  21   0   0   0   0  30   0   0   0   0  27   0   0   0   0  22   0   0   0  0.37 0.02
   48 A     3  -2  -1  -2  -2  -2  -2   5  -2  -3  -3  -1  -2  -3  -2   0  -1  -3  -3  -2   43   0   0   0   0   0   0  57   0   0   0   0   0   0   0   0   0   0   0   0  0.62 0.03
   49 E    -1   2   0   0  -3   1   2  -2  -1  -3  -3   5  -2  -3  -1   0  -1  -3  -2  -3    0   0   0   0   0   0  21   0   0   0   0  79   0   0   0   0   0   0   0   0  0.55 0.04
   50 V    -2  -3  -3  -4  -2  -2  -3  -3  -2   1   1  -3   3   5  -3  -2  -1   0   2   1    0   0   0   0   0   0   0   0   0   0   0   0  22  57   0   0   0   0   0  21  0.44 0.03
   51 T    -2  -3  -3  -4  -2  -2  -3  -3  -3  -2  -2  -3  -2   0  -3  -2   1  11   1  -2    0   0   0   0   0   0   0   0   0   0   0   0   0   0   0   0  21  79   0   0  1.88 0.06
   52 C    -1  -4  -3  -4  10  -3  -4  -3  -3  -2  -2  -4  -2  -3  -3  -1  -1  -3  -3  -1    0   0   0   0 100   0   0   0   0   0   0   0   0   0   0   0   0   0   0   0  1.52 0.07
   53 P    -1  -2  -2  -2  -3  -1  -1  -2  -2  -2  -3  -1  -2  -4   7   0   2  -4  -3  -2    0   0   0   0   0   0   0   0   0   0   0   0   0   0  78   0  22   0   0   0  1.54 0.04
   54 G     1  -2   0  -1  -2  -1  -1   4  -2  -3  -3  -1  -2  -3  -2   3   0  -3  -3  -3    0   0   0   0   0   0   0  51   0   0   0   0   0   0   0  49   0   0   0   0  0.58 0.03
   55 W    -3  -3  -4  -5  -3  -2  -3  -3  -3  -3  -2  -3  -2   1  -4  -3  -3  11   2  -3    0   0   0   0   0   0   0   0   0   0   0   0   0   0   0   0   0 100   0   0  2.65 0.08
   56 T     1  -1   0  -1  -1  -1  -1  -2  -2  -1  -2  -1  -1  -2  -1   1   5  -3  -2   0   15   0   0   0   0   0   0   0   0   0   0   0   0   0   0   0  85   0   0   0  0.49 0.04
   57 I     0  -2  -1  -1  -2  -1  -1  -2   3   1  -1  -1  -1  -2   5   1   0  -3  -1  -1    0   0   0   0   0   0   0   0  15  21   0   0   0   0  37  27   0   0   0   0  0.54 0.02
   58 I    -2  -3  -4  -4  -2  -3  -3  -4  -3   4   2  -3   1   2  -3  -3  -1  -2   0   2    0   0   0   0   0   0   0   0   0  70  15   0   0  15   0   0   0   0   0   0  0.38 0.03
   59 R    -1   2  -1   0  -2   0   2  -2  -1   0  -1   0  -1  -2  -2   0   2  -3  -2   1    0  21   0   0   0   0  30   0   0   0   0   0   0   0   0   0  27   0   0  22  0.22 0.02
   60 G     0  -3  -1  -2  -3  -2  -2   6  -2  -4  -4  -2  -3  -3  -2  -1  -2  -3  -3  -4    0   0   0   0   0   0   0 100   0   0   0   0   0   0   0   0   0   0   0   0  1.15 0.04
   61 R    -2   5   2   0  -4   1   2  -2   0  -3  -3   2  -2  -3  -2  -1  -1  -3  -2  -3    0  63  15   0   0   0  22   0   0   0   0   0   0   0   0   0   0   0   0   0  0.57 0.03
   62 G     2  -1  -1  -1  -1  -1  -1   4  -1  -2  -2  -1  -1  -2  -1   0  -1  -2  -2  -1   30   2   1   2   1   1   2  45   1   2   3   2   1   1   2   2   2   0   1   2  0.35 0.01
   63 S     1  -1   0   0  -1   0   0  -1  -1  -1  -2   0  -1  -2  -1   3   3  -2  -1  -1    2   1   1   1   0   1   1   2   0   1   2   1   0   1   1  52  29   0   1   1  0.29 0.02
   64 N    -1   5   3  -1  -3   1   0  -2   0  -3  -3   3  -2  -3  -2   0  -1  -3  -2  -3    0  52  21   0   0   0   0   0   0   0   0  27   0   0   0   0   0   0   0   0  0.54 0.03
   65 H     0  -1   0  -1  -1   0   0  -1   4  -2  -2  -1  -1  -2  -1   3   3  -3  -1  -1    0   0   0   0   0   0   0   0  21   0   0   0   0   0   0  49  30   0   0   0  0.37 0.03
   66 R    -1   4   0  -1  -2   1   0  -1   0  -2  -2   3  -1  -2  -1   0  -1  -2  -1  -2    2  44   1   1   1   1   2   2   1   1   2  31   1   1   1   2   2   0   1   2  0.36 0.01
   67 N     0  -1   3   0  -1  -1  -1  -1  -1  -1  -2  -1  -1  -2  -2   3   1  -3  -2   1    0   0  21   0   0   0   0   0   0   0   0   0   0   0   0  57   0   0   0  22  0.27 0.03
   68 P    -1   5  -1  -1  -4   1   2  -2  -1  -3  -3   1  -2  -3   3  -1  -1  -3  -2  -3    0  57   0   0   0   0  22   0   0   0   0   0   0   0  21   0   0   0   0   0  0.64 0.03
   69 T     0  -1   0  -1  -1  -1  -1  -1  -2  -1   1  -1   0  -2  -1   3   2  -3  -2  -1    0   0   0   0   0   0   0   0   0   0  22   0   0   0   0  57  21   0   0   0  0.26 0.03
   70 N     0  -1   2   0  -3   0   2   4  -1  -4  -4  -1  -3  -3  -2   0  -1  -3  -3  -3    0   0  21   0   0   0  22  57   0   0   0   0   0   0   0   0   0   0   0   0  0.60 0.02
   71 S     3  -1   0  -1  -1  -1  -1   0  -1  -2  -2  -1  -1  -3  -1   3   1  -3  -2  -1   49   0   0   0   0   0   0   0   0   0   0   0   0   0   0  51   0   0   0   0  0.40 0.03
   72 G     0  -2  -1  -2  -1  -2  -2   2  -2   1   1  -2   0  -1  -2   1   1  -3  -2   2    0   0   0   0   0   0   0  21   0   0  22   0   0   0   0  15  15   0   0  27  0.14 0.01
   73 K    -1   4   0   0  -4   1   3  -2  -1  -3  -3   4  -2  -3  -2   0  -1  -3  -2  -3    0  30   0   0   0   0  27   0   0   0   0  43   0   0   0   0   0   0   0   0  0.51 0.03
   74 D    -1  -1   0   3  -3   0   3   2   5  -4  -3   0  -2  -3  -2  -1  -1  -3  -1  -3    0   0   0  21   0   0  30  22  27   0   0   0   0   0   0   0   0   0   0   0  0.45 0.02
   75 A     3  -1   0  -1  -1  -1  -1   0  -1  -2  -2  -1  -1  -3  -1   3   1  -3  -2  -1   51   0   0   0   0   0   0   0   0   0   0   0   0   0   0  49   0   0   0   0  0.40 0.03
   76 L    -1  -2  -2  -3  -1  -2  -2  -3  -3   2   2  -2   1  -1  -2  -1   2  -3  -1   2    0   0   0   0   0   0   0   0   0  22  21   0   0   0   0   0  30   0   0  27  0.24 0.02
   77 K    -1   5   0  -1  -4   1   0  -2  -1  -3  -3   4  -2  -3  -2  -1  -1  -3  -2  -3    0  49   0   0   0   0   0   0   0   0   0  51   0   0   0   0   0   0   0   0  0.62 0.03
   78 D    -2  -1   4   5  -3   0   1  -1  -1  -3  -4  -1  -3  -4  -2   0  -1  -4  -3  -3    0   0  36  64   0   0   0   0   0   0   0   0   0   0   0   0   0   0   0   0  0.79 0.04
   79 F    -3  -3  -3  -4  -3  -4  -4  -4  -2   0   0  -3   0   7  -4  -3  -2   1   3  -1    0   0   0   0   0   0   0   0   0   0   0   0   0 100   0   0   0   0   0   0  0.92 0.05
   80 M    -1  -3  -3  -3  -1  -2  -3  -3  -3   2   1  -2   3  -1  -3  -2   0  -3  -1   4    0   0   0   0   0   0   0   0   0   0   0   0  21   0   0   0   0   0   0  79  0.37 0.04
   81 T     0   2   0  -1  -2   2   0   1   3  -3  -2   0  -1  -3  -2   1   2  -3  -1  -2    0  15   0   0   0  22   0  14  15   0   0   0   0   0   0  14  21   0   0   0  0.26 0.02
   82 Q    -1   1   0  -1  -3   4   1  -2   0  -2  -2   3  -1  -3  -1   0   2  -3  -2  -2    0   0   0   0   0  48   0   0   0   0   0  30   0   0   0   0  22   0   0   0  0.43 0.03
   83 A     5  -2  -2  -2  -1  -1  -1   0  -2  -2  -2  -1  -1  -3  -1   1   0  -3  -2   0  100   0   0   0   0   0   0   0   0   0   0   0   0   0   0   0   0   0   0   0  0.50 0.04
   84 V     0   0  -1  -2  -2   0  -1  -2  -2   1   2   2   0  -1  -2   1   0  -3  -2   1    0   0   0   0   0   0   0   0   0   0  30  27   0   0   0  22   0   0   0  21  0.11 0.02
   85 A     1   0   0   3  -2   3   1  -1  -1  -3  -3   0  -1  -3  -1   2   0  -3  -2  -2   21   0   0  22   0  30   0   0   0   0   0   0   0   0   0  27   0   0   0   0  0.33 0.02
   86 A     1  -1   3   0  -2  -1  -1  -1   0  -2  -2  -1  -2   0  -2   2   0  -1   3  -2   21   0  30   0   0   0   0   0   0   0   0   0   0   0   0  27   0   0  22   0  0.28 0.02
   87 G     0   0   0  -1  -3   0  -1   5  -2  -4  -3   3  -2  -3  -2   0  -1  -3  -3  -3    0   0   0   0   0   0   0  63   0   0   0  37   0   0   0   0   0   0   0   0  0.64 0.03
   88 L    -1  -1  -3  -3  -2  -1  -2  -3  -2   1   4   1   1   0  -3  -2  -1  -2  -1   0    0   0   0   0   0   0   0   0   0   0  78  22   0   0   0   0   0   0   0   0  0.31 0.03
   89 V    -1  -3  -3  -3  -1  -3  -3  -4  -3   3   1  -3   1   3  -3  -2  -1  -2   0   3    0   0   0   0   0   0   0   0   0  42   0   0   0  22   0   0   0   0   0  36  0.34 0.02
   90 T     0  -1   0  -1  -1  -1  -1  -2  -2  -1  -2  -1  -1  -2  -1   1   5  -3  -2   0    0   0   0   0   0   0   0   0   0   0   0   0   0   0   0   0 100   0   0   0  0.61 0.05
   91 K    -1   1  -1  -1  -3   3   2  -2  -1   1  -1   3  -1  -2  -2  -1  -1  -3  -2   0    0   0   0   0   0  28  14   0   0  22   0  36   0   0   0   0   0   0   0   0  0.27 0.02
   92 E    -1   2   2   1  -4   3   4  -2   0  -3  -3   2  -2  -3  -2   0  -1  -3  -2  -3    0  14  15   0   0  15  43   0   0   0   0  14   0   0   0   0   0   0   0   0  0.47 0.02
   93 E    -1   0   0   3  -3   2   4  -2   0  -3  -3   0  -2  -3  -1   1  -1  -3  -2  -3    0   0   0  15   0  14  57   0   0   0   0   0   0   0   0  15   0   0   0   0  0.55 0.03
   94 A     4  -2  -2  -2  -1  -1  -1   0  -2   0  -1  -1  -1  -2  -1   1   0  -3  -2   1   78   0   0   0   0   0   0   0   0   0   0   0   0   0   0   0   0   0   0  22  0.34 0.03
   95 A     1  -1   0   2  -2   2   3  -1  -1  -3  -3   0  -2  -3  -1   1   0  -3  -2  -2   21   0   0  15   0  14  36   0   0   0   0   0   0   0   0  15   0   0   0   0  0.37 0.02
   96 P     1  -1  -1   2  -2   1   0  -2  -2  -1   0  -1  -1  -2   4   0   1  -3  -2  -1   15   0   0  22   0  14   0   0   0   0  15   0   0   0  21   0  14   0   0   0  0.30 0.01
   97 W    -3  -3  -4  -4  -3  -3  -3  -3  -2  -2  -1  -3  -1   4  -4  -3  -3  10   2  -3    0   0   0   0   0   0   0   0   0   0   0   0   0  27   0   0   0  73   0   0  1.86 0.06
   98 L    -2  -3  -4  -4  -1  -3  -3  -4  -3   3   3  -3   2   0  -3  -3  -1  -2  -1   2    0   0   0   0   0   0   0   0   0  49  51   0   0   0   0   0   0   0   0   0  0.42 0.02
   99 N     0   0   4   0  -2   0   0  -1   0  -3  -3   2  -2  -3  -1   2   0  -3  -2  -2    0   0  46   0   0   0   0   0   0   0   0  19   0   0   0  35   0   0   0   0  0.42 0.02

                      K         Lambda
Standard Ungapped    0.1328     0.3176
Standard Gapped      0.0394     0.2670
PSI Ungapped         0.1287     0.3162
PSI Gapped           0.0394     0.2670
