
Last position-specific scoring matrix computed, weighted observed percentages rounded down, information per position, and relative weight of gapless real matches to pseudocounts
            A   R   N   D   C   Q   E   G   H   I   L   K   M   F   P   S   T   W   Y   V   A   R   N   D   C   Q   E   G   H   I   L   K   M   F   P   S   T   W   Y   V
    1 G     0  -3  -1  -2  -3  -2  -3   6  -2  -4  -4  -2  -3  -4  -3  -1  -2  -3  -4  -4    0   0   0   0   0   0   0 100   0   0   0   0   0   0   0   0   0   0   0   0  1.16 0.04
    2 W    -2  -3  -4  -4  -2  -3  -4  -4  -3   2   1  -3   0   0  -4  -3  -2  10   1   0    0   0   0   0   0   0   0   0   0  28  13   0   0   0   0   0   0  59   0   0  1.32 0.05
    3 I    -2  -3  -4  -4  -2  -3  -3  -4  -3   3   4  -3   3   2  -3  -3  -1  -2  -1   1    0   0   0   0   0   0   0   0   0  30  55   0   8   8   0   0   0   0   0   0  0.42 0.04
    4 N    -1   4   4   0  -3   0   0  -2   0  -3  -3   2  -2  -3  -2   1   1  -4  -2  -3    0  41  33   0   0   0   0   0   0   0   0  10   0   0   0   8   8   0   0   0  0.47 0.05
    5 E    -2   2  -1   1  -4   1   6  -3  -1  -4  -4   1  -3  -4  -2  -1  -2  -4  -3  -3    0  17   0   0   0   0  83   0   0   0   0   0   0   0   0   0   0   0   0   0  0.84 0.09
    6 E    -1   1  -1   0  -4   1   3  -2  -1  -4  -3   5  -2  -4  -2  -1  -1  -4  -3  -3    0   0   0   0   0   0  27   0   0   0   0  73   0   0   0   0   0   0   0   0  0.66 0.08
    7 K    -1   1  -1  -2  -3   0   0  -2   5  -3  -3   4  -2  -1  -2   0  -1  -2   3  -3    0   0   0   0   0   0   0   0  25   0   0  48   0   0   0  10   0   0  17   0  0.45 0.07
    8 I     0  -3  -2  -3  -2  -2  -2  -3   4   3   0  -2   0   3  -3  -2  -1  -2   0   2    8   0   0   0   0   0   0   0  17  28   0   0   0  20   0   0   0   0   0  27  0.24 0.05
    9 Q    -1   0  -1  -1  -3   6   1  -3   3  -2  -2   0  -1  -3  -2  -1  -1  -3  -2   1    0   0   0   0   0  75   0   0   8   0   0   0   0   0   0   0   0   0   0  17  0.64 0.10
   10 K    -1   2   2  -1  -4   3   0   1  -1  -4  -3   4  -2  -4  -2   0  -1  -3  -2  -3    0   6  10   0   0  24   0  15   0   0   0  45   0   0   0   0   0   0   0   0  0.44 0.06
   11 K     0   0  -2  -2  -2   0  -1   0  -1   0   1   3   0   0  -2  -1  -1  -2   1   0    8   0   0   0   0   0   0   8   0   6  19  39   0   5   0   0   0   0   7   8  0.10 0.04
   12 I    -1  -3  -4  -4  -2  -3  -3  -4  -4   3   3  -3   1   0  -3  -3  -1  -3  -2   3    0   0   0   0   0   0   0   0   0  27  40   0   0   0   0   0   0   0   0  33  0.42 0.05
   13 D    -2  -1   2   5  -3  -1   0  -2  -2  -1  -3   1  -2  -3  -2  -1  -1  -4  -3   1    0   0   9  57   0   0   0   0   0   0   0  15   0   0   0   0   0   0   0  19  0.51 0.07
   14 E     1  -1  -1  -1  -3   0   3  -2   0  -2  -2   1  -2   0  -2  -1   0  -1   4   0   13   0   0   0   0   0  35   0   0   0   0  15   0   0   0   0   6   0  24   8  0.27 0.05
   15 R     1   1  -2  -2  -2   0  -1  -2  -2  -1   1   3   0   1   1  -1  -1  -2  -1  -1   15   5   0   0   0   0   0   0   0   0  27  35   0   9   8   0   0   0   0   0  0.16 0.04
   16 M    -1  -3  -3  -4  -1  -3  -3  -4  -3   3   2  -3   2  -1  -3  -2   1  -3  -2   3    0   0   0   0   0   0   0   0   0  33  21   0   5   0   0   0   8   0   0  32  0.34 0.04
   17 G    -1  -3  -2  -2  -3  -2  -2   2  -3  -3  -3  -2  -3  -4   7   0  -1  -4  -3  -1    0   0   0   0   0   0   0  20   0   0   0   0   0   0  64   8   0   0   0   8  1.24 0.08
   18 N     0   0   5   0  -3   0   2  -1   2  -3  -3   1  -2  -3  -2   1  -1  -4  -2  -2    9   0  44   0   0   0  16   0   8   0   0   9   0   0   0   8   0   0   0   5  0.38 0.05
   19 T    -1  -1   2   2  -3  -1  -1   3  -1  -1  -3   0  -2  -3  -2   1   0  -3  -3  -2    0   0  14  19   0   0   0  35   0   8   0   8   0   0   0  10   5   0   0   0  0.33 0.04
   20 V    -1  -2  -2  -3  -2   0  -2  -3  -2   3   0  -2   0   2  -3  -1   2  -2   0   2    0   0   0   0   0   9   0   0   0  28   0   0   0  17   0   0  25   0   0  21  0.21 0.05
   21 L    -1  -3  -4  -4  -2  -3  -3  -4  -4   3   3  -3   1   0  -3  -3  -1  -3  -2   3    0   0   0   0   0   0   0   0   0  14  50   0   0   0   0   0   0   0   0  36  0.43 0.05
   22 G    -1   4   1  -1  -4   0   0   2  -1  -4  -3   3  -2  -4  -2  -1  -1  -3  -3  -3    0  40   8   0   0   0   0  20   0   0   0  32   0   0   0   0   0   0   0   0  0.51 0.06
   23 G     0  -2   3  -1  -2  -1  -1   4  -1  -3  -3  -1  -2  -3  -2   2   2  -3  -3  -2    0   0  23   0   0   0   0  35   0   0   0   0   0   0   0  27  15   0   0   0  0.46 0.05
   24 M     2  -2  -3  -3  -1  -2  -2  -2  -3   3   1  -2   3  -1  -2  -1  -1  -3  -2   1   37   0   0   0   0   0   0   0   0  29   9   0  20   0   0   0   0   0   0   5  0.24 0.05
   25 A     3  -2  -3  -3  -1  -2  -2  -2  -3   0   3  -2   2  -1  -2   0  -1  -3  -2   0   49   0   0   0   0   0   0   0   0   0  45   0   6   0   0   0   0   0   0   0  0.30 0.06
   26 K    -1   2  -1  -1  -4   4   1  -2  -1  -3  -3   5  -2  -4  -2  -1  -1  -3  -2  -3    0   0   0   0   0  24   0   0   0   0   0  76   0   0   0   0   0   0   0   0  0.71 0.09
   27 A     4  -1  -1  -2  -1   2  -1  -1  -2  -2  -2  -1  -1  -3  -1   1   2  -3  -2  -1   56   0   0   0   0  16   0   0   0   0   0   0   0   0   0   7  21   0   0   0  0.36 0.06
   28 I     0  -3  -3  -4  -1  -3  -3   0  -3   3   2  -3   1  -1  -3  -2  -1  -3  -2   3    5   0   0   0   0   0   0   8   0  16  27   0   0   0   0   0   0   0   0  44  0.28 0.04
   29 V    -1  -3  -4  -4  -1  -3  -3  -4  -4   3   1  -3   0  -1  -3  -2  -1  -4  -2   5    0   0   0   0   0   0   0   0   0  15   0   0   0   0   0   0   0   0   0  85  0.58 0.08
   30 H    -3  -1   0  -2  -4   0  -1  -3  10  -4  -4  -2  -3  -2  -3  -2  -3  -3   1  -4    0   0   0   0   0   0   0   0 100   0   0   0   0   0   0   0   0   0   0   0  1.59 0.14
   31 K    -1   2  -1  -1  -4   1   0  -2  -1  -4  -3   6  -2  -4  -2  -1  -1  -4  -3  -3    0   0   0   0   0   0   0   0   0   0   0 100   0   0   0   0   0   0   0   0  0.87 0.11
   32 M     0  -3  -3  -4  -1  -2  -3  -3  -3   2   3  -2   3  -1  -3  -2  -1  -3  -2   3   11   0   0   0   0   0   0   0   0  13  33   0  11   0   0   0   0   0   0  32  0.30 0.04
   33 A     4  -2  -2  -2  -1  -1  -1   2  -2  -2  -2  -1  -2  -3  -1   1   1  -3  -2  -1   73   0   0   0   0   0   0  13   0   0   0   0   0   0   0   7   7   0   0   0  0.47 0.06
   34 K    -1   2  -1  -1  -4   1   0  -2  -1  -4  -3   6  -2  -4  -2  -1  -1  -4  -3  -3    0   0   0   0   0   0   0   0   0   0   0 100   0   0   0   0   0   0   0   0  0.87 0.11
   35 N    -1  -1   4   0  -2  -1  -1   0  -1  -1  -2  -1   1  -3  -2   1   3  -3  -2   0    0   0  40   0   0   0   0   5   0   0   0   0   8   0   0   8  32   0   0   7  0.35 0.06
   36 E    -1   0  -1   0  -4   6   4  -3   0  -4  -3   1  -1  -4  -2  -1  -1  -3  -2  -3    0   0   0   0   0  73  27   0   0   0   0   0   0   0   0   0   0   0   0   0  0.87 0.10
   37 F    -2  -2   0  -3  -3   2  -2  -3   0  -1  -1  -2  -1   6  -3  -2  -2   0   4  -2    0   0   7   0   0  19   0   0   0   0   0   0   0  57   0   0   0   0  17   0  0.59 0.07
   38 Q    -1  -2  -1  -2  -3   1  -2   5  -2  -1   1  -2   2  -2  -3  -1  -2  -3  -3  -1    0   0   0   0   0  10   0  54   0   0  27   0   9   0   0   0   0   0   0   0  0.45 0.05
   39 C    -1  -5  -4  -5  10  -4  -5  -4  -4  -2  -2  -4  -2  -3  -4  -2  -2  -3  -3  -2    0   0   0   0 100   0   0   0   0   0   0   0   0   0   0   0   0   0   0   0  1.99 0.14
   40 M     1  -2  -3  -3  -2  -2  -2  -2  -2   0   0  -2   3   0   5   0  -1  -3  -2   0   14   0   0   0   0   0   0   0   0   0   7   0  23   6  36   4   0   0   0  10  0.53 0.05
   41 A     3  -2  -3  -3  -1  -2  -2  -1  -2   1   0  -2   2   3  -2   0  -1  -2   0   0   57   0   0   0   0   0   0   0   0  16   0   0   8  19   0   0   0   0   0   0  0.27 0.06
   42 N    -2  -1   5   1  -3  -1  -1  -2   0   0  -2  -1  -2   0  -2  -1  -1  -1   4  -2    1   1  45   9   0   1   1   1   0   9   1   1   0   0   1   1   1   0  27   1  0.38 0.05
   43 M    -1   0  -1  -1  -2   2   1  -3  -1   2   0   1   2  -2  -2  -1  -1  -3  -2   2    0   0   0   0   0  20  14   0   0  18   0  14  10   0   0   0   0   0   0  21  0.16 0.03
   44 D    -1  -1   1   5  -2   0   1  -1  -1  -2  -2  -1  -2  -2  -1   1  -1  -2  -2  -2    2   2   1  61   1   1   2   2   1   2   3   2   1   1   2  11   2   0   1   2  0.51 0.04
   45 M    -1  -1  -1  -2  -1  -1  -1  -2  -1   0   0  -1   2   0   1   0   2   5   3   1    2   1   1   1   1   1   2   2   1   1   2   2  17   1   6   2  21   9  14  13  0.17 0.03
   46 L     1  -1   1  -1  -1   0   0  -1  -1   0   0   0   1  -1  -1   0   1  -2  -1   1   15   2  10   2   1   1   7   3   1   2   8   8   6   1   2   2  11   0   1  17  0.04 0.01
   47 G     0  -1  -1  -1  -3   1  -1   6  -2  -4  -3   1  -2  -3  -2  -1  -2  -3  -3  -3    1   0   0   0   0   8   1  72   0   0   1  14   0   0   0   1   0   0   0   1  0.75 0.06
   48 N    -2  -2   1   2  -3  -1  -1  -2   0  -2  -2  -2   1   1  -2   0  -1   7   5  -2    1   0  10  15   0   0   1   1   0   0   1   0   7   0   0  10   0  19  32   1  0.51 0.05
   49 C    -1  -5  -4  -5  10  -4  -5  -4  -4  -2  -2  -4  -2  -3  -4  -2  -2  -3  -3  -2    0   0   0   0 100   0   0   0   0   0   0   0   0   0   0   0   0   0   0   0  1.99 0.14
   50 E    -1  -1   3   3  -3   2   3  -2  -1  -3  -3   1   0  -3  -2   1  -1  -4  -3  -3    0   0  20  25   0   8  27   0   0   0   0   6   6   0   0   8   0   0   0   0  0.44 0.04
   51 K     0   2   2   2  -3   0   0  -2  -1  -2  -2   2  -2   0  -2   0   1  -3  -1  -2    7  14  14  18   0   0   0   0   0   0   0  24   0   8   0   0  14   0   0   0  0.24 0.03
   52 H    -2  -1   0   1  -3   0  -1  -2   8  -4  -4  -1  -2  -2  -3   1  -1  -3   1  -4    0   0   0   7   0   0   0   0  73   0   0   0   0   0   0  19   0   0   0   0  0.97 0.10
   53 C    -1  -5  -4  -5  10  -4  -5  -4  -4  -2  -2  -4  -2  -3  -4  -2  -2  -3  -3  -2    0   0   0   0 100   0   0   0   0   0   0   0   0   0   0   0   0   0   0   0  1.99 0.14
   54 Q    -2   0   1   1  -4   6   1  -2   0  -3  -1   2  -1  -3  -2  -1  -1  -3  -2  -3    0   0   5   8   0  66   0   0   0   0   7  13   0   0   0   0   0   0   0   0  0.59 0.08
   55 T     2   0  -1   2  -2   0   0  -1  -2   1   0  -1  -1  -2  -2   1   1  -3  -2   0   29   7   0  17   0   5   0   0   0  14   8   0   0   0   0   8  10   0   0   0  0.12 0.03
   56 S     1  -1  -1  -1  -2   1   2  -2  -1   1  -1   1  -1  -2  -2   2   1  -3  -2   0   14   0   0   0   0   7  20   0   0  17   0   9   0   0   0  25   8   0   0   0  0.17 0.03
   57 G     0   1  -1   1  -3   0   3   3  -1  -4  -3   2  -2  -4  -2   0  -1  -3  -3  -3    5   6   0   6   0   0  29  33   0   0   0  21   0   0   0   0   0   0   0   0  0.41 0.04
   58 E    -1   2   1   0  -4   3   3  -2   3  -4  -3   3  -2  -3  -2  -1  -1  -3  -1  -3    0  13   7   0   0  14  28   0  14   0   0  24   0   0   0   0   0   0   0   0  0.45 0.05
   59 K    -1   1   1   1  -4   1   3  -2  -1  -4  -3   5  -2  -4  -2  -1  -1  -4  -3  -3    0   0   7   6   0   0  23   0   0   0   0  65   0   0   0   0   0   0   0   0  0.57 0.07
   60 G     0  -3  -1  -2  -3  -3  -3   7  -3  -5  -5  -2  -4  -4  -3  -1  -2  -3  -4  -4    0   0   0   0   0   0   0 100   0   0   0   0   0   0   0   0   0   0   0   0  1.34 0.10
   61 Y    -2  -2  -2  -2  -3  -1   1  -3   0   1  -1  -2  -1   4  -3  -1  -2   0   6   0    0   0   0   0   0   0  13   0   0  14   0   0   0  18   0   6   0   0  42   7  0.41 0.06
   62 C    -1  -5  -4  -5  10  -4  -5  -4  -4  -2  -2  -4  -2  -3  -4  -2  -2  -3  -3  -2    0   0   0   0 100   0   0   0   0   0   0   0   0   0   0   0   0   0   0   0  1.99 0.14
   63 H    -3  -1   0  -2  -4   0  -1  -3  10  -4  -4  -2  -3  -2  -3  -2  -3  -3   1  -4    0   0   0   0   0   0   0   0 100   0   0   0   0   0   0   0   0   0   0   0  1.59 0.14
   64 G     0  -3  -1  -2  -3  -3  -3   7  -3  -5  -5  -2  -4  -4  -3  -1  -2  -3  -4  -4    0   0   0   0   0   0   0 100   0   0   0   0   0   0   0   0   0   0   0   0  1.34 0.10
   65 T    -1  -2  -1  -2  -2  -2  -2  -3  -2  -1  -1  -2   2   4  -2   0   4  -2   0  -1    0   0   0   0   0   0   0   0   0   0   0   0  13  27   0   0  60   0   0   0  0.44 0.08
   66 K    -1   2  -1  -1  -4   1   0  -2  -1  -4  -3   6  -2  -4  -2  -1  -1  -4  -3  -3    0   0   0   0   0   0   0   0   0   0   0 100   0   0   0   0   0   0   0   0  0.87 0.11
   67 C    -1  -5  -4  -5  10  -4  -5  -4  -4  -2  -2  -4  -2  -3  -4  -2  -2  -3  -3  -2    0   0   0   0 100   0   0   0   0   0   0   0   0   0   0   0   0   0   0   0  1.99 0.14
   68 K    -1   2  -1  -1  -4   1   0  -2  -1  -4  -3   6  -2  -4  -2  -1  -1  -4  -3  -3    0   0   0   0   0   0   0   0   0   0   0 100   0   0   0   0   0   0   0   0  0.87 0.11
   69 C    -1  -5  -4  -5  10  -4  -5  -4  -4  -2  -2  -4  -2  -3  -4  -2  -2  -3  -3  -2    0   0   0   0 100   0   0   0   0   0   0   0   0   0   0   0   0   0   0   0  1.99 0.14
   70 G     1  -2   1   1  -3  -2  -2   5  -2  -4  -4  -2  -3  -4  -2   0  -2  -3  -3  -3   15   0   9   8   0   0   0  68   0   0   0   0   0   0   0   0   0   0   0   0  0.75 0.06
   71 T    -1  -1  -2  -3  -2  -1  -2  -3  -3   4   0   1   0  -1  -3  -2   0  -3  -2   3    0   0   0   0   0   0   0   0   0  45   0  22   0   0   0   0   6   0   0  27  0.24 0.04
   72 P    -1  -2  -2  -2  -4  -1   1  -3  -2  -4  -4   1  -3  -4   8  -1  -2  -4  -3  -3    0   0   0   0   0   0   9   0   0   0   0   9   0   0  82   0   0   0   0   0  1.71 0.08
   73 L    -2   0   1  -3  -2  -1  -2  -3  -2   1   3  -1   3   0  -3  -2  -1  -2  -2   1    0   9  11   0   0   0   0   0   0   7  45   0  19   0   0   0   0   0   0   9  0.23 0.03
   74 S     0  -1   1  -1  -2   1   0   2  -1  -3  -3  -1  -2  -3  -2   4   0  -3  -2  -3    0   0   6   0   0  11   0  19   0   0   0   0   0   0   0  64   0   0   0   0  0.44 0.06
   75 Y    -3  -3  -3  -4  -3  -2  -3  -4   1  -2  -1  -3  -1   4  -4  -3  -2   2   8  -2    0   0   0   0   0   0   0   0   0   0   0   0   0  19   0   0   0   0  81   0  1.11 0.09

                      K         Lambda
Standard Ungapped    0.1331     0.3184
Standard Gapped      0.0410     0.2670
PSI Ungapped         0.1331     0.3184
PSI Gapped           0.0410     0.2670
