
Last position-specific scoring matrix computed, weighted observed percentages rounded down, information per position, and relative weight of gapless real matches to pseudocounts
            A   R   N   D   C   Q   E   G   H   I   L   K   M   F   P   S   T   W   Y   V   A   R   N   D   C   Q   E   G   H   I   L   K   M   F   P   S   T   W   Y   V
    1 R    -2   6  -1  -2  -5   2  -1  -3  -1  -4  -3   4  -2  -4  -3  -2  -2  -4  -3  -4    0  69   0   0   0   8   0   0   0   0   0  23   0   0   0   0   0   0   0   0  1.06 0.19
    2 T    -1  -2  -1   1  -2  -1   0  -3   1   1   0   0   1  -2  -2   0   4  -3  -2   1    0   0   0   9   0   0   6   0   4  12   4   5   7   0   0   0  43   0   0  11  0.27 0.11
    3 C    -2  -6  -5  -6  11  -5  -6  -5  -5  -3  -3  -5  -3  -4  -5  -3  -3  -4  -4  -3    0   0   0   0 100   0   0   0   0   0   0   0   0   0   0   0   0   0   0   0  2.83 0.37
    4 E    -1   2  -1  -1  -4   2   4  -3  -1  -3  -2   4   2  -3  -2  -1  -1  -4  -3  -3    2  11   0   0   0   7  32   0   0   0   2  34   9   0   0   0   2   0   0   0  0.51 0.14
    5 S     2   1  -1  -2  -2   0  -1  -1  -2  -2  -3  -1  -2  -3  -2   4   3  -4  -3  -1   17   9   0   0   0   2   0   2   0   0   0   0   0   0   0  41  26   0   0   3  0.43 0.14
    6 Q    -2   2  -1   0  -4   4   2  -3  -1  -3  -2   3  -2  -4   2  -1  -2  -4  -3  -3    0  13   0   3   0  26  18   0   0   0   4  22   0   0  11   2   0   0   0   0  0.51 0.12
    7 S     0  -2  -1  -2   4  -1  -2  -2  -2  -4  -4   0  -3  -4  -2   6   0  -4  -3  -3    0   0   0   0  10   0   0   0   0   0   0   6   0   0   0  84   0   0   0   0  0.93 0.24
    8 H     0  -1   2   0  -3   1   1   0   6  -3  -2   0  -2  -3   2  -1  -2  -4  -1  -3   12   0  15   3   0   4   6   5  31   0   6   7   0   0  10   0   0   0   0   0  0.40 0.12
    9 R    -1   3   1  -1  -3  -1  -1   2   0  -3  -2   2  -2  -3  -2  -1   2  -4  -3  -3    0  24   6   3   0   0   0  20   3   0   2  19   0   0   0   0  22   0   0   0  0.36 0.11
   10 F    -4  -4  -5  -5  -4  -4  -5  -5  -3  -2  -1  -5  -2   8  -5  -4  -4   7   3  -3    0   0   0   0   0   0   0   0   0   0   0   0   0  76   0   0   0  19   5   0  1.65 0.26
   11 K    -2   2   0   1  -3   1   0  -2   3  -3  -3   5  -2  -3   1   0  -1  -4  -2  -1    0   6   2   7   0   3   4   0  10   0   1  50   0   0   7   4   0   0   0   5  0.45 0.13
   12 G    -1  -4  -2  -3  -4  -3  -3   7  -3  -5  -5  -3  -4  -4  -4   0  -3  -4  -1  -5    0   0   0   0   0   0   0  91   0   0   0   0   0   0   0   6   0   0   3   0  1.48 0.24
   13 T     0   0  -2  -3  -2  -2  -2  -3   0   1   1  -1   2  -1   3  -1   0  -2   1   1    9   6   0   0   0   0   0   0   3  10  19   2   7   0  16   0   7   0   6  14  0.21 0.07
   14 C    -2  -6  -5  -6  11  -5  -6  -5  -5  -3  -3  -5  -3  -5  -5  -3  -3  -4  -5  -3    0   0   0   0 100   0   0   0   0   0   0   0   0   0   0   0   0   0   0   0  2.91 0.40
   15 V    -2  -3  -2  -4  -2  -3  -3  -4  -3   3   2  -3   2   2  -3  -2   1  -2  -1   3    0   0   2   0   0   0   0   0   0  20  25   0   6  11   0   0  11   0   0  24  0.34 0.10
   16 R    -1   2   3  -1  -3  -1  -1  -1   0  -1  -3   0  -2  -3  -2   4   2  -4  -3  -2    0  14  18   0   0   0   0   2   2   6   0   5   0   0   0  44  10   0   0   0  0.41 0.14
   17 Q    -1  -1   2   5  -4   0   1  -2  -2  -4  -4   2  -3  -4  -2   1   0   3  -3  -3    2   0   8  45   0   2   3   0   0   0   0  18   0   0   0  11   5   5   0   0  0.61 0.15
   18 S     0   1   1  -1  -3   1  -1  -2   4  -3  -3   1  -2  -3   1   2   3  -4  -2  -2    3   9   6   2   0   4   0   0  14   0   0  11   0   0   7  17  26   0   0   0  0.33 0.11
   19 N    -2  -2   6   0  -4  -1  -2  -1   1  -4  -5  -2  -3  -4   3   0   0  -5  -3  -4    0   0  63   2   0   0   0   3   3   0   0   0   0   0  16   6   6   0   0   0  0.95 0.21
   20 C    -2  -6  -5  -6  11  -5  -6  -5  -5  -3  -3  -5  -3  -5  -5  -3  -3  -4  -5  -3    0   0   0   0 100   0   0   0   0   0   0   0   0   0   0   0   0   0   0   0  2.91 0.40
   21 A     4   1  -2   1  -2  -1  -1   0  -2  -2  -2   0  -2  -3  -2   0  -1  -4  -3   0   58   9   0   8   0   0   2   4   0   0   0   7   0   0   0   3   0   0   0  10  0.38 0.14
   22 A     0   0   3  -1  -3   2  -1  -2   2  -1  -2   2  -1  -3  -2   1   1  -4  -2  -2    8   3  21   0   0  11   0   0   6   7   4  16   0   0   0  14  10   0   0   0  0.23 0.09
   23 V     1  -3  -3  -4   4  -3  -3  -3  -4   1  -1  -3  -1  -2  -3   0  -1  -4  -3   5    9   0   0   0  10   0   0   0   0   4   0   0   0   0   0  10   0   0   0  67  0.60 0.18
   24 C    -2  -6  -5  -6  11  -5  -6  -5  -5  -3  -3  -5  -3  -5  -5  -3  -3  -4  -5  -3    0   0   0   0 100   0   0   0   0   0   0   0   0   0   0   0   0   0   0   0  2.91 0.40
   25 Q    -2   4  -1  -2  -3   3   0  -3   3   0   0   1   0  -3  -1  -2  -1  -3  -2  -2    0  33   0   0   0  18   2   0  11   9  13   6   2   0   3   0   3   0   0   0  0.35 0.12
   26 T    -1   1   2  -1  -3   2  -1  -1  -1  -3  -3   1  -2  -3   0   1   3  -3   0  -2    0   8  13   0   0  13   0   3   0   0   0  12   0   0   3  13  29   0   5   0  0.31 0.11
   27 E     0  -2  -2   0  -5   0   7  -4  -1  -5  -4  -1  -3  -4  -3  -2  -2  -4   1  -4    6   0   0   0   0   0  88   0   0   0   0   0   0   0   0   0   0   0   6   0  1.23 0.27
   28 G    -1   0   0  -2  -4  -2  -2   6   1  -5  -4   2  -3  -4  -3  -1  -2  -4  -2  -4    0   4   4   0   0   0   0  66   5   0   0  16   0   0   0   2   0   0   2   0  0.88 0.18
   29 F    -4  -4  -5  -5  -4  -4  -5  -5  -2  -2  -1  -5  -2   8  -5  -4  -4   5   4  -3    0   0   0   0   0   0   0   0   0   0   0   0   0  77   0   0   0   8  15   0  1.56 0.27
   30 H    -1  -2   0   0  -2  -1  -2   1   0  -2  -2  -1   1  -3   4   2   2  -4  -3  -1    0   0   2   4   0   0   0  11   2   2   0   3   6   0  25  22  19   0   0   5  0.42 0.11
   31 G     0   0  -1   4  -4  -2  -1   5  -3  -4  -4  -2  -4  -4  -3  -1  -1  -4  -4  -4    7   8   0  29   0   0   0  52   0   0   0   0   0   0   0   0   4   0   0   0  0.76 0.16
   32 G    -1  -4  -2  -3  -4  -3  -4   7  -4  -6  -5  -3  -4  -5  -4  -2  -3  -4  -5  -5    0   0   0   0   0   0   0 100   0   0   0   0   0   0   0   0   0   0   0   0  1.78 0.28
   33 N    -2   2   3   2  -4   1   0  -2   5  -4  -4   3  -3  -4  -3   0  -1  -4  -2  -4    0  13  19  15   0   4   2   0  20   0   0  22   0   0   0   6   0   0   0   0  0.51 0.13
   34 C    -2  -6  -5  -6  11  -5  -6  -5  -5  -3  -3  -5  -3  -4  -5  -3  -3  -4  -5  -3    0   0   0   0 100   0   0   0   0   0   0   0   0   0   0   0   0   0   0   0  2.86 0.38
   35 R    -1   2   1   4  -3   1   0  -2   3  -2  -3   1  -2  -3  -2   1  -1  -4  -2  -1    0  14   7  27   0   5   0   0  10   3   0  12   0   0   0  17   0   0   0   4  0.35 0.10
   36 G    -1  -1  -1  -2  -3   0  -2   6  -3  -2  -4   1  -3  -4  -3   0  -2  -4  -4  -2    2   2   0   0   0   4   0  67   0   3   0  14   0   0   0   3   0   0   0   3  0.82 0.16
   37 F     0  -3  -3  -4  -2  -3  -3  -3  -3   3   1  -3   0   4   0  -2  -1  -1   1   1    7   0   0   0   0   0   0   0   0  29  11   0   0  29   5   0   3   0   3  10  0.34 0.10
   38 R    -1   3  -1  -2  -3   0   0  -2   1  -1   1   0   1   1  -2   0   0  -2  -1  -1    1  29   0   0   0   3   7   3   5   0  21   0   5  10   0   5   8   0   0   1  0.17 0.07
   39 R    -3   7   0  -3  -4   0  -1  -2  -2  -4  -2   1  -2  -4  -3  -2  -2  -4  -3  -4    0  87   3   0   0   0   0   3   0   0   3   0   0   0   0   0   0   0   0   0  1.24 0.23
   40 R    -3   7  -2  -3  -5   2  -1  -4   2  -4  -4   3  -3  -4  -3  -2  -2  -4  -3  -4    0  70   0   0   0   8   0   0   4   0   0  17   0   0   0   0   0   0   0   0  1.10 0.22
   41 C    -2  -6  -5  -6  11  -5  -6  -5  -5  -3  -3  -5  -3  -4  -5  -3  -3  -4  -5  -3    0   0   0   0 100   0   0   0   0   0   0   0   0   0   0   0   0   0   0   0  2.86 0.38
   42 F    -2  -2  -3  -4  -3  -2  -3  -4   1   1   1   0   2   4  -4  -3  -2   0   4   0    0   0   0   0   0   0   0   0   4   7  14  10   9  28   0   0   0   0  23   6  0.44 0.12
   43 C    -2  -6  -5  -6  11  -5  -6  -5  -5  -3  -3  -5  -3  -4  -5  -3  -3  -4  -5  -3    0   0   0   0 100   0   0   0   0   0   0   0   0   0   0   0   0   0   0   0  2.86 0.38
   44 T    -1  -1   0  -1  -2  -1   0  -3  -2   1  -1  -1   0  -2  -2   1   4  -3   1   0    0   3   2   3   0   0   4   0   0  11   5   3   2   0   0   8  50   0   7   2  0.33 0.13
   45 K    -2   5  -2  -2  -4   0  -1  -3  -2  -3  -1   5  -2  -4  -3  -2  -1  -4  -3  -3    0  33   0   0   0   0   0   0   0   0   7  56   0   0   0   0   4   0   0   0  0.82 0.19
   46 H    -1  -1   1   1  -3   2   0  -1   3  -2  -2   0  -2  -3   5  -1  -2  -4  -2  -2    3   2   9   9   0  15   5   2  12   2   3   2   0   0  30   2   0   0   0   3  0.52 0.11
   47 C    -2  -6  -5  -6  11  -5  -6  -5  -5  -3  -3  -5  -4  -5  -5  -3  -3  -4  -5  -3    0   0   0   0 100   0   0   0   0   0   0   0   0   0   0   0   0   0   0   0  2.93 0.39

                      K         Lambda
Standard Ungapped    0.1378     0.3329
Standard Gapped      0.0495     0.2670
PSI Ungapped         0.1617     0.3183
PSI Gapped           0.0495     0.2670
