
Last position-specific scoring matrix computed, weighted observed percentages rounded down, information per position, and relative weight of gapless real matches to pseudocounts
            A   R   N   D   C   Q   E   G   H   I   L   K   M   F   P   S   T   W   Y   V   A   R   N   D   C   Q   E   G   H   I   L   K   M   F   P   S   T   W   Y   V
    1 N    -2   0   6   1  -3   0   0   0   1  -3  -3   0  -2  -3  -2   1   0  -4  -2  -3    0   0   0   0   0   0   0   0   0   0   0   0   0   0   0   0   0   0   0   0  0.00     0.00
    2 P    -1  -2  -2  -2  -3  -1  -1  -2  -2  -3  -3  -1  -3  -4   7  -1  -1  -4  -3  -2    0   0   0   0   0   0   0   0   0   0   0   0   0   0   0   0   0   0   0   0  0.00     0.00
    3 L    -1  -2  -3  -4  -1  -2  -3  -4  -3   2   4  -2   2   0  -3  -2  -1  -2  -1   1    0   0   0   0   0   0   0   0   0   0   0   0   0   0   0   0   0   0   0   0  0.00     0.00
    4 I    -1  -3  -3  -4  -1  -3  -3  -4  -4   4   1  -3   1   0  -3  -2  -1  -3  -1   3    0   0   0   0   0   0   0   0   0  67   0   0   0   0   0   0   0   0   0  33  0.37 0.01
    5 P    -1  -2  -2  -2  -3  -2  -1  -2  -2  -3  -3  -1  -3  -4   8  -1  -1  -4  -3  -3    0   0   0   0   0   0   0   0   0   0   0   0   0   0 100   0   0   0   0   0  2.07 0.01
    6 A     2  -2  -3  -3  -1  -2  -2  -2  -3   3   2  -2   1   0  -2  -1  -1  -2  -2   1   32   0   0   0   0   0   0   0   0  35  33   0   0   0   0   0   0   0   0   0  0.19 0.00
    7 I     2  -2  -3  -3  -1  -2  -2  -2  -3   3   1  -2   0  -1  -2  -1   0  -3  -2   3   35   0   0   0   0   0   0   0   0  32   0   0   0   0   0   0   0   0   0  33  0.21 0.00
    8 Y    -2  -2  -2  -3  -3  -2  -2  -3   2  -2  -1  -2  -1   3  -3  -2  -2   2   7  -1    0   0   0   0   0   0   0   0   0   0   0   0   0   0   0   0   0   0 100   0  0.92 0.02
    9 I    -1  -3  -4  -4  -2  -3  -3  -3  -3   3   1  -3   0   0  -3  -2  -1   8   0   3    0   0   0   0   0   0   0   0   0  32   0   0   0   0   0   0   0  33   0  35  0.65 0.01
   10 G     0  -3  -1  -2  -3  -2  -2   6  -2  -4  -4  -2  -3  -4  -2   0  -2  -3  -3  -4    0   0   0   0   0   0   0 100   0   0   0   0   0   0   0   0   0   0   0   0  1.07 0.01
   11 A     3  -2  -2  -2  -1  -1  -1  -1  -2   0   0  -1   3  -1  -1   0   0  -2  -2   0   65   0   0   0   0   0   0   0   0   0   0   0  35   0   0   0   0   0   0   0  0.24 0.01
   12 T     3  -1   0  -1  -1  -1  -1  -1  -2  -2  -2  -1  -1  -2  -1   3   3  -3  -2  -1   35   0   0   0   0   0   0   0   0   0   0   0   0   0   0  33  32   0   0   0  0.32 0.00
   13 V     0  -3  -3  -4  -1  -2  -3  -4  -4   3   1  -3   1  -1  -3  -2   0  -3  -1   4    0   0   0   0   0   0   0   0   0   0   0   0   0   0   0   0   0   0   0 100  0.37 0.01
   14 G     3  -2   0  -1  -1  -1  -1   3  -2  -3  -3  -1  -2  -3  -1   2   0  -3  -2  -2   35   0   0   0   0   0   0  32   0   0   0   0   0   0   0  33   0   0   0   0  0.39 0.00
   15 P    -1  -2  -2  -2  -3  -2  -1  -2  -2  -3  -3  -1  -3  -4   8  -1  -1  -4  -3  -3    0   0   0   0   0   0   0   0   0   0   0   0   0   0 100   0   0   0   0   0  2.07 0.01
   16 S     2   0   0  -1  -1   3   1  -1  -1  -2  -2   0  -1  -3  -1   2   0  -3  -2  -1   33   0   0   0   0  35   0   0   0   0   0   0   0   0   0  32   0   0   0   0  0.32 0.01
   17 V     0  -3  -3  -4  -1  -2  -3  -4  -4   3   1  -3   1  -1  -3  -2   0  -3  -1   4    0   0   0   0   0   0   0   0   0   0   0   0   0   0   0   0   0   0   0 100  0.37 0.01
   18 W    -3  -3  -4  -4  -3  -3  -3  -3  -2  -2  -1  -3  -1   4  -4  -3  -3  10   3  -2    0   0   0   0   0   0   0   0   0   0   0   0   0  35   0   0   0  65   0   0  1.54 0.01
   19 A     2   3   3   0  -2   0   0  -1   0  -3  -3   1  -2  -3  -2   0   0  -3  -2  -2   32  35  33   0   0   0   0   0   0   0   0   0   0   0   0   0   0   0   0   0  0.31 0.01
   20 Y    -3  -3  -4  -4  -3  -2  -3  -3  -1  -2  -2  -3  -2   2  -4  -3  -2  11   5  -3    0   0   0   0   0   0   0   0   0   0   0   0   0   0   0   0   0  68  32   0  1.67 0.02
   21 L    -2  -2  -4  -4  -1  -2  -3  -4  -3   2   4  -3   2   0  -3  -3  -1  -2  -1   1    0   0   0   0   0   0   0   0   0   0 100   0   0   0   0   0   0   0   0   0  0.48 0.01
   22 V    -1  -3  -3  -4  -1  -2  -3  -4  -3   2   2  -3   1   0  -3  -2   0  -3  -1   4    0   0   0   0   0   0   0   0   0   0  33   0   0   0   0   0   0   0   0  67  0.32 0.01
   23 A     2   3  -2  -2  -1   0  -1  -2  -2   0  -1   0   0  -2  -2   0   0  -3  -2   2   32  35   0   0   0   0   0   0   0   0   0   0   0   0   0   0   0   0   0  33  0.18 0.00
   24 L     0  -2  -1  -2  -2  -2  -2   3  -2   0   1  -2   0  -1  -2   0   2  -2  -2   0    0   0   0   0   0   0   0  35   0   0  32   0   0   0   0   0  33   0   0   0  0.24 0.00
   25 V     2  -2  -3  -3  -1  -2  -2  -2  -2   1   0  -2   0   4  -2  -1  -1  -1   1   2   35   0   0   0   0   0   0   0   0   0   0   0   0  33   0   0   0   0   0  32  0.19 0.00
   26 G     2  -2  -1  -2  -2  -2  -2   5  -2  -3  -3  -1  -2  -3  -2   0  -1  -3  -3  -2   35   0   0   0   0   0   0  65   0   0   0   0   0   0   0   0   0   0   0   0  0.65 0.01
   27 A     4  -2  -2  -2  -1  -1  -1   0  -2  -2  -2  -1  -1  -3  -1   1   0  -3  -2   0  100   0   0   0   0   0   0   0   0   0   0   0   0   0   0   0   0   0   0   0  0.43 0.01
   28 A     3  -2  -2  -2  -1  -1  -2  -1  -2   1  -1  -1   0  -2  -1   0   0  -3  -2   2   65   0   0   0   0   0   0   0   0   0   0   0   0   0   0   0   0   0   0  35  0.25 0.01
   29 A     3  -1  -1  -2  -1  -1  -1   0  -2  -1  -2  -1  -1  -2  -1   1   3  -3  -2   0   65   0   0   0   0   0   0   0   0   0   0   0   0   0   0   0  35   0   0   0  0.33 0.01
   30 V     2  -2  -3  -3  -1  -2  -2  -2  -3   2   0  -2   0  -1  -2   0   0  -3  -2   3   35   0   0   0   0   0   0   0   0   0   0   0   0   0   0   0   0   0   0  65  0.23 0.01
   31 T     4  -1  -1  -2  -1  -1  -1   0  -2  -1  -2  -1  -1  -2  -1   1   3  -3  -2   0   68   0   0   0   0   0   0   0   0   0   0   0   0   0   0   0  32   0   0   0  0.33 0.01
   32 A     3  -2  -1  -2  -1  -1  -1   4  -2  -2  -2  -1  -2  -3  -1   1  -1  -3  -2  -1   65   0   0   0   0   0   0  35   0   0   0   0   0   0   0   0   0   0   0   0  0.44 0.01
   33 A     3  -2  -2  -2  -1  -1  -2  -1  -2   1  -1  -1   0  -2  -1   0   0  -3  -2   2   65   0   0   0   0   0   0   0   0   0   0   0   0   0   0   0   0   0   0  35  0.25 0.01
   34 N     2  -1   3   0  -1  -1  -1  -1  -1  -2  -2  -1  -1  -3  -1   1   3  -3  -2  -1   33   0  32   0   0   0   0   0   0   0   0   0   0   0   0   0  35   0   0   0  0.29 0.01
   35 I    -1  -3  -4  -4  -1  -3  -3  -4  -3   3   3  -3   1   0  -3  -2  -1  -3  -1   3    0   0   0   0   0   0   0   0   0  32  35   0   0   0   0   0   0   0   0  33  0.33 0.00
   36 R    -1   5   0  -2  -3   1   0  -2  -1  -2  -2   2  -1  -3  -2   0   2  -3  -2  -2    0  67   0   0   0   0   0   0   0   0   0   0   0   0   0   0  33   0   0   0  0.48 0.01
   37 R    -1   5  -1  -2  -3   0  -1  -3  -1   0  -1   1  -1  -2  -2  -1  -1  -3  -2   1    0  67   0   0   0   0   0   0   0   0   0   0   0   0   0   0   0   0   0  33  0.37 0.01
   38 A     2  -2  -1  -2  -1  -1  -1  -1  -2   1  -1  -1   0  -2  -1   2   1  -3  -2   2   32   0   0   0   0   0   0   0   0   0   0   0   0   0   0  33   0   0   0  35  0.19 0.00
   39 S     0  -1   1   4  -2   0   1  -1  -1  -3  -3   0  -2  -3  -1   3   1  -4  -2  -2    0   0   0  33   0   0   0   0   0   0   0   0   0   0   0  67   0   0   0   0  0.44 0.01
   40 S     0  -1   5   1  -2   0   0   0   0  -3  -3   0  -2  -3  -2   2   0  -4  -2  -3    0   0  68   0   0   0   0   0   0   0   0   0   0   0   0  32   0   0   0   0  0.54 0.01
   41 D    -2  -2   1   7  -4   0   2  -2  -1  -4  -4  -1  -3  -4  -2   0  -1  -5  -3  -4    0   0   0 100   0   0   0   0   0   0   0   0   0   0   0   0   0   0   0   0  0.96 0.01
   42 N     0  -1   5   1  -2   0   0   0   0  -3  -3   0  -2  -3  -2   2   1  -4  -2  -3    0   0  67   0   0   0   0   0   0   0   0   0   0   0   0  33   0   0   0   0  0.53 0.01
   43 H    -2   0   1  -1  -3   0   0  -2   9  -4  -3  -1  -2  -1  -2  -1  -2  -3   2  -4    0   0   0   0   0   0   0   0 100   0   0   0   0   0   0   0   0   0   0   0  0.93 0.02
   44 S     1  -1   1   0  -1   0   0   0  -1  -3  -3   0  -2  -3  -1   4   1  -3  -2  -2    0   0   0   0   0   0   0   0   0   0   0   0   0   0   0 100   0   0   0   0  0.48 0.01
   45 C    -1  -4  -3  -4  10  -3  -4  -3  -3  -1  -2  -3  -2  -3  -3  -1  -1  -3  -3  -1    0   0   0   0 100   0   0   0   0   0   0   0   0   0   0   0   0   0   0   0  1.29 0.02
   46 A     3  -2  -2  -2  -1  -1  -1  -1   0  -2  -2  -1  -1   1  -2   0  -1   0   4  -1   65   0   0   0   0   0   0   0   0   0   0   0   0   0   0   0   0   0  35   0  0.32 0.01
   47 G     0  -2   3   0  -3  -1  -2   5  -1  -4  -4  -1  -3  -3  -2   0  -1  -3  -3  -3    0   0  33   0   0   0   0  67   0   0   0   0   0   0   0   0   0   0   0   0  0.72 0.01
   48 N    -2  -1   6   1  -3   0   0  -1   1  -4  -4   0  -2  -3  -2   1   0  -4  -2  -3    0   0 100   0   0   0   0   0   0   0   0   0   0   0   0   0   0   0   0   0  0.77 0.01
   49 R    -2   6  -1  -2  -4   1   0  -3   0  -3  -2   2  -2  -3  -2  -1  -1  -3  -2  -3    0 100   0   0   0   0   0   0   0   0   0   0   0   0   0   0   0   0   0   0  0.78 0.01
   50 G     0  -3  -1  -2  -3  -2  -2   6  -2  -4  -4  -2  -3  -4  -2   0  -2  -3  -3  -4    0   0   0   0   0   0   0 100   0   0   0   0   0   0   0   0   0   0   0   0  1.07 0.01
   51 W    -3  -3  -4  -5  -3  -2  -3  -3  -3  -3  -2  -3  -2   1  -4  -3  -3  12   2  -3    0   0   0   0   0   0   0   0   0   0   0   0   0   0   0   0   0 100   0   0  2.41 0.02
   52 C    -1  -4  -3  -4  10  -3  -4  -3  -3  -1  -2  -3  -2  -3  -3  -1  -1  -3  -3  -1    0   0   0   0 100   0   0   0   0   0   0   0   0   0   0   0   0   0   0   0  1.29 0.02
   53 R    -2   6  -1  -2  -4   1   0  -3   0  -3  -2   2  -2  -3  -2  -1  -1  -3  -2  -3    0 100   0   0   0   0   0   0   0   0   0   0   0   0   0   0   0   0   0   0  0.78 0.01
   54 S     1  -1   1   0  -1   0   0   0  -1  -3  -3   0  -2  -3  -1   4   1  -3  -2  -2    0   0   0   0   0   0   0   0   0   0   0   0   0   0   0 100   0   0   0   0  0.48 0.01
   55 K     0   4   0  -1  -2   1   0  -1  -1  -3  -3   3  -2  -3  -1   2   0  -3  -2  -2    0  33   0   0   0   0   0   0   0   0   0  32   0   0   0  35   0   0   0   0  0.38 0.01
   56 C    -1  -4  -3  -4  10  -3  -4  -3  -3  -1  -2  -3  -2  -3  -3  -1  -1  -3  -3  -1    0   0   0   0 100   0   0   0   0   0   0   0   0   0   0   0   0   0   0   0  1.29 0.02
   57 F    -2  -3  -3  -4  -3  -3  -3  -3   0  -1   0  -3   0   6  -4  -2  -2   2   5  -1    0   0   0   0   0   0   0   0   0   0   0   0   0  65   0   0   0   0  35   0  0.71 0.01
   58 R     0   3   0   0  -3   1   3  -2   0  -3  -3   1  -2  -3  -1   2   0  -3  -2  -2    0  32   0   0   0   0  35   0   0   0   0   0   0   0   0  33   0   0   0   0  0.39 0.01
   59 H    -2   4   0  -1  -4   1   0  -2   7  -4  -3   1  -2  -2  -2  -1  -2  -3   1  -3    0  35   0   0   0   0   0   0  65   0   0   0   0   0   0   0   0   0   0   0  0.65 0.01
   60 E    -1   0   0   2  -4   2   6  -2   0  -4  -3   1  -2  -4  -1   0  -1  -3  -2  -3    0   0   0   0   0   0 100   0   0   0   0   0   0   0   0   0   0   0   0   0  0.76 0.01
   61 Y    -2  -2  -2  -3  -3  -2  -2  -3   2  -2  -1  -2  -1   3  -3  -2  -2   2   7  -1    0   0   0   0   0   0   0   0   0   0   0   0   0   0   0   0   0   0 100   0  0.92 0.02
   62 V    -1   3  -2  -3  -2  -1  -2  -3  -2   3   0   0   0  -1  -3  -2  -1  -3  -2   2    0  35   0   0   0   0   0   0   0  33   0   0   0   0   0   0   0   0   0  32  0.21 0.00
   63 D    -1  -2   1   5  -3  -1   1   3  -2  -4  -4  -1  -3  -4  -2   0  -1  -4  -3  -4    0   0   0  65   0   0   0  35   0   0   0   0   0   0   0   0   0   0   0   0  0.68 0.01
   64 T     0  -2   0  -1  -2  -1  -1   3  -2  -2  -3  -1  -2  -3  -1   2   3  -3  -2  -2    0   0   0   0   0   0   0  35   0   0   0   0   0   0   0  33  32   0   0   0  0.39 0.00
   65 Y    -2  -2   3  -1  -3  -1  -2  -2   0  -3  -2  -2  -2   1  -3  -1  -1   8   5  -3    0   0  35   0   0   0   0   0   0   0   0   0   0   0   0   0   0  33  32   0  0.79 0.01
   66 Y    -2  -1  -1  -3  -2  -1  -2  -3   5   0   2  -2   0   1  -3  -2  -2   0   4  -1    0   0   0   0   0   0   0   0  33   0  35   0   0   0   0   0   0   0  32   0  0.36 0.01
   67 S     1  -1   0   0  -1   0   0   0  -1  -2  -2   0  -1  -2   0   3   1  -2  -1  -1    3   2   2   2   1   1   2   3   1   2   3   2   1   1   2  67   2   0   1   2  0.24 0.00
   68 A     2  -2   0   3  -2  -1   0   3  -2  -3  -3  -1  -2  -3  -2   0  -1  -3  -3  -2   32   0   0  33   0   0   0  35   0   0   0   0   0   0   0   0   0   0   0   0  0.42 0.00
   69 V     0  -3  -3  -4  -1  -2  -3  -4  -4   3   1  -3   1  -1  -3  -2   0  -3  -1   4    0   0   0   0   0   0   0   0   0   0   0   0   0   0   0   0   0   0   0 100  0.37 0.01
   70 C    -1  -4  -3  -4  10  -3  -4  -3  -3  -1  -2  -3  -2  -3  -3  -1  -1  -3  -3  -1    0   0   0   0 100   0   0   0   0   0   0   0   0   0   0   0   0   0   0   0  1.29 0.02
   71 G     0  -3  -1  -2  -3  -2  -2   6  -2  -4  -4  -2  -3  -4  -2   0  -2  -3  -3  -4    0   0   0   0   0   0   0 100   0   0   0   0   0   0   0   0   0   0   0   0  1.07 0.01
   72 R     1   3   0  -1  -2   0   0  -1  -1  -3  -3   1  -2  -3  -1   3   1  -3  -2  -2    0  32   0   0   0   0   0   0   0   0   0   0   0   0   0  68   0   0   0   0  0.38 0.01
   73 Y    -2  -2  -2  -3  -3  -2  -2  -3   2  -2  -1  -2  -1   3  -3  -2  -2   2   7  -1    0   0   0   0   0   0   0   0   0   0   0   0   0   0   0   0   0   0 100   0  0.92 0.02
   74 F    -2   0   0   3  -3   0   0  -2  -1  -2  -2   2  -1   3  -2  -1  -1  -1   1  -2    0   0   0  33   0   0   0   0   0   0   0  35   0  32   0   0   0   0   0   0  0.27 0.01
   75 C    -1  -4  -3  -4  10  -3  -4  -3  -3  -1  -2  -3  -2  -3  -3  -1  -1  -3  -3  -1    0   0   0   0 100   0   0   0   0   0   0   0   0   0   0   0   0   0   0   0  1.29 0.02
   76 C    -1  -4  -3  -4  10  -3  -4  -3  -3  -1  -2  -3  -2  -3  -3  -1  -1  -3  -3  -1    0   0   0   0 100   0   0   0   0   0   0   0   0   0   0   0   0   0   0   0  1.29 0.02
   77 R    -2   6  -1  -2  -4   1   0  -3   0  -3  -2   2  -2  -3  -2  -1  -1  -3  -2  -3    0 100   0   0   0   0   0   0   0   0   0   0   0   0   0   0   0   0   0   0  0.75 0.00
   78 S     0  -2   0  -1  -2  -1  -1  -1  -2  -3  -3  -1  -2  -3   6   3   0  -4  -2  -2    0   0   0   0   0   0   0   0   0   0   0   0   0   0  50  50   0   0   0   0  0.91 0.00
   79 R    -2   6  -1  -2  -4   1   0  -3   0  -3  -2   2  -2  -3  -2  -1  -1  -3  -2  -3    0 100   0   0   0   0   0   0   0   0   0   0   0   0   0   0   0   0   0   0  0.75 0.00

                      K         Lambda
Standard Ungapped    0.1358     0.3267
Standard Gapped      0.0410     0.2670
PSI Ungapped         0.1358     0.3267
PSI Gapped           0.0410     0.2670
