
Last position-specific scoring matrix computed, weighted observed percentages rounded down, information per position, and relative weight of gapless real matches to pseudocounts
            A   R   N   D   C   Q   E   G   H   I   L   K   M   F   P   S   T   W   Y   V   A   R   N   D   C   Q   E   G   H   I   L   K   M   F   P   S   T   W   Y   V
    1 G     0  -3  -1  -2  -3  -2  -2   6  -2  -4  -4  -2  -3  -4  -3  -1  -2  -3  -3  -4    0   0   0   0   0   0   0 100   0   0   0   0   0   0   0   0   0   0   0   0  1.17 0.05
    2 F    -2  -3  -4  -4  -2  -3  -3  -4  -3   3   3  -3   1   4  -3  -3  -2  -1   1   1    0   0   0   0   0   0   0   0   0  29  41   0   0  30   0   0   0   0   0   0  0.39 0.03
    3 M    -1  -1  -3  -3  -2  -1  -2  -3  -2   1   3   0   5   0  -3  -2  -1  -2  -1   1    0   0   0   0   0   0   0   0   0   5  40   8  46   0   0   0   0   0   0   0  0.35 0.04
    4 D    -1  -1   2   6  -3   0   1  -1  -1  -3  -4   0  -3  -4  -2   1  -1  -4  -3  -3    0   0   7  70   0   0   0   0   0   0   0   7   0   0   0  15   0   0   0   0  0.71 0.05
    5 T     0  -2  -1  -1  -1  -1  -1  -2  -2   0  -1  -1   1  -2  -2   2   4  -3  -2   1    0   0   0   0   0   0   0   0   0   0   0   0   5   0   0  18  62   0   0  16  0.36 0.04
    6 A     1  -3  -3  -3  -1  -2  -3   0  -3   2   2  -2   1  -1  -2  -1  -1  -3  -2   3   14   0   0   0   0   0   0  11   0  12  26   0   0   0   0   0   0   0   0  37  0.19 0.02
    7 K    -1   2  -1  -1  -4   1   0  -2  -1  -3  -3   6  -2  -4  -1  -1  -1  -3  -2  -3    0   0   0   0   0   0   0   0   0   0   0 100   0   0   0   0   0   0   0   0  0.71 0.07
    8 N    -1  -1   4   1  -3  -1  -1   4   1  -4  -4  -1  -3  -3  -2   0  -1  -3  -2  -3    0   0  44   4   0   0   0  42   4   0   0   0   0   0   0   5   0   0   0   0  0.58 0.04
    9 A     3  -2  -2  -3  -1  -2  -2  -1  -2   1   1  -2   0  -1  -2   0   1  -3  -2   2   45   0   0   0   0   0   0   0   0   0  21   0   0   0   0   0   9   0   0  25  0.19 0.03
   10 A     4  -2  -2  -2  -1  -1  -1   1  -2  -1  -2  -1  -1  -3  -1   1   0  -3  -2   0   86   0   0   0   0   0   0   8   0   0   0   0   0   0   0   0   0   0   0   5  0.44 0.05
   11 K    -1   1   0  -1  -3   1   0  -2  -1  -2  -3   5  -2  -3  -1   0   2  -3  -2  -2    0   0   0   0   0   0   0   0   0   0   0  77   0   0   0   0  23   0   0   0  0.49 0.05
   12 N    -2  -1   6   2  -3   0   0  -1   0  -3  -4  -1  -2  -3  -2   0   1  -4  -3  -3    0   0  80   9   0   0   0   0   0   0   0   0   0   0   0   0  10   0   0   0  0.74 0.06
   13 V     1  -3  -3  -3  -1  -2  -3  -3  -3   2   2  -2   1  -1  -3  -2  -1  -3  -1   4   12   0   0   0   0   0   0   0   0   0  26   0   0   0   0   0   0   0   0  63  0.31 0.04
   14 A     4  -2  -2  -2  -1  -1  -1   1  -2  -1  -1  -1  -1  -1  -1   1   0  -3  -2  -1   88   0   0   0   0   0   0   4   0   0   4   0   0   4   0   0   0   0   0   0  0.42 0.05
   15 V     1  -2  -1  -2  -2   0  -2   4  -2   0  -1  -1  -1  -2  -2  -1  -1  -3  -2   2   14   0   0   0   0   8   0  46   0   0   0   0   0   0   0   0   0   0   0  32  0.33 0.03
   16 T     0  -1   0  -1  -2   1  -1   1   0   0  -2   0  -1  -2  -1   2   3  -3  -2   0    0   0   0   0   0   7   0   9   3   8   0   8   0   0   0  31  30   0   0   4  0.20 0.02
   17 L     0  -2  -3  -4  -1  -2  -3  -3  -3   1   4  -2   3   0  -3  -2  -1  -2  -1   1    8   0   0   0   0   0   0   0   0   0  70   0  11   0   0   0   0   0   0  11  0.37 0.03
   18 L    -2  -2  -4  -4  -2  -2  -3  -4  -3   2   4  -3   3   0  -3  -3  -1  -2  -1   1    0   0   0   0   0   0   0   0   0  10  81   0   9   0   0   0   0   0   0   0  0.49 0.04
   19 D    -2  -1   3   6  -4   0   2  -2  -1  -4  -4  -1  -3  -4  -2   0  -1  -4  -3  -3    0   0  16  71   0   0  13   0   0   0   0   0   0   0   0   0   0   0   0   0  0.83 0.05
   20 K    -1   1   0  -1  -3   2   0   0  -1  -3  -3   4  -2  -3  -1   1   1  -3  -2  -2    0   0   0   0   0   8   0   5   0   0   0  65   0   0   0   7  15   0   0   0  0.39 0.04
   21 L     0  -3  -4  -4  -1  -2  -3  -3  -3   2   4  -3   2   0  -3  -2  -1  -2  -1   1    8   0   0   0   0   0   0   0   0  16  77   0   0   0   0   0   0   0   0   0  0.41 0.04
   22 K    -1   3   0  -1  -3   2   1  -2  -1  -3  -3   5  -2  -3  -1   0  -1  -3  -2  -3    0  12   0   0   0   7   0   0   0   0   0  73   0   0   0   8   0   0   0   0  0.54 0.05
   23 C    -1  -4  -3  -4  10  -4  -4  -3  -4  -2  -2  -4  -2  -3  -3  -1  -1  -3  -3  -1    0   0   0   0 100   0   0   0   0   0   0   0   0   0   0   0   0   0   0   0  1.66 0.09
   24 K    -1   2  -1  -1  -4   1   0  -2  -1  -3  -3   6  -2  -4  -1  -1  -1  -3  -2  -3    0   0   0   0   0   0   0   0   0   0   0 100   0   0   0   0   0   0   0   0  0.71 0.07
   25 I    -1  -3  -4  -4  -1  -3  -3  -4  -3   4   3  -3   2   0  -3  -2  -1  -3  -1   3    0   0   0   0   0   0   0   0   0  49  29   0   4   0   0   0   0   0   0  18  0.38 0.03
   26 T     1  -1   0  -1  -1  -1  -1  -1  -2  -1  -2  -1  -1  -1  -1   2   4  -3  -1  -1    5   0   0   0   0   0   0   0   0   0   0   0   0   5   0  23  67   0   0   0  0.43 0.05
   27 G     1  -3  -1  -2  -3  -2  -2   6  -2  -4  -4  -2  -3  -3  -2   0  -2  -3  -3  -3    7   0   0   0   0   0   0  93   0   0   0   0   0   0   0   0   0   0   0   0  1.07 0.05
   28 G     0  -2   0   1  -3   1  -1   5  -2  -3  -3  -1  -2  -3  -2   0   0  -3  -3  -3    0   0   0   8   0  12   0  68   0   0   0   0   0   0   0   0  12   0   0   0  0.62 0.02
   29 C    -1  -4  -3  -4  10  -3  -4  -3  -3  -2  -2  -3  -2  -3  -3  -1  -1  -3  -3  -1    0   0   0   0 100   0   0   0   0   0   0   0   0   0   0   0   0   0   0   0  1.43 0.05

                      K         Lambda
Standard Ungapped    0.1336     0.3203
Standard Gapped      0.0410     0.2670
PSI Ungapped         0.1336     0.3203
PSI Gapped           0.0410     0.2670
