
Last position-specific scoring matrix computed, weighted observed percentages rounded down, information per position, and relative weight of gapless real matches to pseudocounts
            A   R   N   D   C   Q   E   G   H   I   L   K   M   F   P   S   T   W   Y   V   A   R   N   D   C   Q   E   G   H   I   L   K   M   F   P   S   T   W   Y   V
    1 F    -3  -3  -4  -4  -3  -4  -4  -4  -1   0   0  -4   0   7  -4  -3  -3   1   3  -1    0   0   0   0   0   0   0   0   0   0   0   0   0 100   0   0   0   0   0   0  0.78 0.01
    2 T     0  -1   0  -1  -1  -1  -1  -2  -2  -1  -1  -1  -1  -3  -1   2   5  -3  -2   0    0   0   0   0   0   0   0   0   0   0   0   0   0   0   0   0 100   0   0   0  0.50 0.01
    3 S    -1  -2  -2  -3  -2  -1  -2  -3  -2   1   2  -1   6   0  -3   0   1  -2  -1   0    0   0   0   0   0   0   0   0   0   0   9   0  72   0   0  10   9   0   0   0  0.25 0.01
    4 K    -1   2   0  -1  -4   1   1  -2  -1  -3  -3   5  -2  -4  -1   0  -1  -3  -2  -3    0   0   0   0   0   0   0   0   0   0   0 100   0   0   0   0   0   0   0   0  0.54 0.01
    5 K    -1   2   0  -1  -4   1   1  -2  -1  -3  -3   5  -2  -4  -1   0  -1  -3  -2  -3    0   0   0   0   0   0   0   0   0   0   0 100   0   0   0   0   0   0   0   0  0.54 0.01
    6 S     1  -1   0  -1  -1   0   0  -1  -1  -3  -3   0  -2  -3   4   4   1  -3  -2  -2    0   0   0   0   0   0   0   0   0   0   0   0   0   0  25  75   0   0   0   0  0.57 0.01
    7 M    -1  -2  -3  -4  -2  -1  -3  -4  -2   1   4  -2   5   0  -3  -2  -1  -2  -1   1    0   0   0   0   0   0   0   0   0   0  49   0  51   0   0   0   0   0   0   0  0.37 0.01
    8 L    -2  -3  -4  -4  -2  -3  -3  -4  -3   2   5  -3   2   0  -3  -3  -1  -2  -1   1    0   0   0   0   0   0   0   0   0   0 100   0   0   0   0   0   0   0   0   0  0.47 0.01
    9 L    -2  -3  -4  -4  -2  -3  -3  -4  -3   2   4  -3   2   3  -3  -3  -1  -1   0   1    0   0   0   0   0   0   0   0   0   0  71   0   0  20   0   0   0   0   0   9  0.37 0.00
   10 F    -2  -3  -4  -4  -2  -3  -3  -4  -3   2   3  -3   2   4  -3  -3  -1  -1   1   1    0   0   0   0   0   0   0   0   0  10  52   0   0  27   0   0   0   0   0  10  0.34 0.00
   11 F    -3  -3  -4  -4  -3  -4  -4  -4  -1   0   0  -4   0   7  -4  -3  -3   1   3  -1    0   0   0   0   0   0   0   0   0   0   0   0   0 100   0   0   0   0   0   0  0.78 0.01
   12 F    -3  -3  -4  -4  -3  -4  -4  -4  -1   0   0  -4   0   7  -4  -3  -3   1   3  -1    0   0   0   0   0   0   0   0   0   0   0   0   0 100   0   0   0   0   0   0  0.78 0.01
   13 L    -2  -3  -4  -4  -2  -3  -3  -4  -3   2   5  -3   2   0  -3  -3  -1  -2  -1   1    0   0   0   0   0   0   0   0   0   0 100   0   0   0   0   0   0   0   0   0  0.47 0.01
   14 G     0  -3  -1  -2  -3  -2  -2   7  -2  -4  -4  -2  -3  -4  -3   0  -2  -3  -4  -4    0   0   0   0   0   0   0 100   0   0   0   0   0   0   0   0   0   0   0   0  1.06 0.01
   15 T     0  -1   0  -2  -1  -1  -1  -2  -2   0  -1  -1   2  -2  -1   1   5  -3  -2   0    0   0   0   0   0   0   0   0   0   0   0   0  14   0   0   0  86   0   0   0  0.39 0.01
   16 I    -2  -4  -4  -4  -1  -3  -4  -4  -4   5   2  -3   1   0  -3  -3  -1  -3  -2   3    0   0   0   0   0   0   0   0   0 100   0   0   0   0   0   0   0   0   0   0  0.41 0.01
   17 S     2  -1   2   0  -1   0   0   0  -1  -3  -3   0  -2  -3  -1   4   1  -3  -2  -2   10   0  10   0   0   0   0   0   0   0   0   0   0   0   0  79   0   0   0   0  0.40 0.01
   18 L    -2  -2  -4  -4  -2  -2  -3  -4  -3   2   4  -3   3   0  -3  -3  -1  -2  -1   1    0   0   0   0   0   0   0   0   0   0  86   0  14   0   0   0   0   0   0   0  0.43 0.00
   19 S     1  -1   1   0  -1   0   0   0  -1  -3  -3   0  -2  -3  -1   5   2  -3  -2  -2    0   0   0   0   0   0   0   0   0   0   0   0   0   0   0 100   0   0   0   0  0.47 0.01
   20 L    -2  -3  -4  -4  -2  -3  -3  -4  -3   2   4  -3   2   2  -3  -3  -2  -1   0   1    0   0   0   0   0   0   0   0   0   0  89   0   0  11   0   0   0   0   0   0  0.42 0.00
   21 C    -1  -4  -3  -4  10  -3  -4  -3  -4  -2  -2  -4  -2  -3  -3  -1  -1  -3  -3  -1    0   0   0   0 100   0   0   0   0   0   0   0   0   0   0   0   0   0   0   0  1.28 0.01
   22 Q    -1   0   0   1  -4   4   5  -2   0  -4  -3   1  -2  -4  -1   0  -1  -3  -2  -3    0   0   0   0   0  24  76   0   0   0   0   0   0   0   0   0   0   0   0   0  0.66 0.01

                      K         Lambda
Standard Ungapped    0.1436     0.3384
Standard Gapped      0.0483     0.2670
PSI Ungapped         0.1579     0.3166
PSI Gapped           0.0483     0.2670
