
Last position-specific scoring matrix computed, weighted observed percentages rounded down, information per position, and relative weight of gapless real matches to pseudocounts
            A   R   N   D   C   Q   E   G   H   I   L   K   M   F   P   S   T   W   Y   V   A   R   N   D   C   Q   E   G   H   I   L   K   M   F   P   S   T   W   Y   V
    1 G     0  -3  -1  -2  -3  -2  -2   6  -2  -4  -4  -2  -3  -4  -2  -1  -2  -3  -3  -4    0   0   0   0   0   0   0 100   0   0   0   0   0   0   0   0   0   0   0   0  1.16 0.04
    2 F    -2  -3  -4  -4  -2  -3  -3  -4  -3   3   3  -3   1   4  -3  -3  -1  -1   1   1    0   0   0   0   0   0   0   0   0  34  39   0   0  27   0   0   0   0   0   0  0.37 0.02
    3 M    -1  -1  -3  -3  -2  -1  -2  -3  -2   1   3   0   5   0  -3  -2  -1  -2  -1   1    0   0   0   0   0   0   0   0   0   6  34  10  51   0   0   0   0   0   0   0  0.34 0.04
    4 D    -1  -1   2   5  -3   0   1  -1  -1  -3  -4   1  -3  -4  -2   1  -1  -4  -3  -3    0   0   8  65   0   0   0   0   0   0   0   9   0   0   0  18   0   0   0   0  0.65 0.04
    5 T     0  -1   0  -1  -1  -1  -1  -2  -2  -1  -1  -1  -1  -2  -1   2   5  -3  -2   0    0   0   0   0   0   0   0   0   0   0   0   0   0   0   0  20  71   0   0   9  0.44 0.04
    6 A     1  -2  -3  -3  -1  -2  -2   1  -3   2   2  -2   1  -1  -2  -1  -1  -3  -2   2   16   0   0   0   0   0   0  14   0  14  23   0   0   0   0   0   0   0   0  33  0.17 0.02
    7 K    -1   2  -1  -1  -4   1   1  -2  -1  -3  -3   5  -2  -4  -1  -1  -1  -3  -2  -3    0   0   0   0   0   0   0   0   0   0   0 100   0   0   0   0   0   0   0   0  0.70 0.06
    8 N    -1  -1   5   1  -3   0  -1   3   2  -4  -4  -1  -2  -3  -2   1  -1  -4  -2  -3    0   0  52   5   0   4   0  26   6   0   0   0   0   0   0   7   0   0   0   0  0.52 0.03
    9 V     2  -2  -2  -3  -1  -2  -2  -2  -3   1   2  -2   1  -1  -2  -1   1  -3  -2   3   26   0   0   0   0   0   0   0   0   0  25   0   0   0   0   0  10   0   0  39  0.20 0.02
   10 A     5  -2  -2  -2  -1  -1  -1   0  -2  -1  -2  -1  -1  -2  -1   1   0  -3  -2   0   93   0   0   0   0   0   0   0   0   0   0   0   0   0   0   0   0   0   0   7  0.48 0.05
   11 K    -1   1   0  -1  -3   1   0  -2  -1  -2  -2   5  -1  -3  -1   0   2  -3  -2  -2    0   0   0   0   0   0   0   0   0   0   0  72   0   0   0   0  28   0   0   0  0.46 0.05
   12 N    -2  -1   6   2  -3   0   0  -1   0  -3  -3  -1  -2  -3  -2   0   1  -4  -2  -3    0   0  82   5   0   0   0   0   0   0   0   0   0   0   0   0  13   0   0   0  0.73 0.05
   13 V     1  -3  -3  -3  -1  -2  -3  -3  -3   2   2  -2   1  -1  -3  -1   0  -3  -1   4   13   0   0   0   0   0   0   0   0   0  22   0   0   0   0   0   0   0   0  65  0.30 0.03
   14 A     4  -2  -2  -2  -1  -1  -1   1  -2  -2  -2  -1  -1  -3  -1   1   0  -3  -2  -1   92   0   0   0   0   0   0   8   0   0   0   0   0   0   0   0   0   0   0   0  0.50 0.05
   15 V     1  -2  -1  -2  -2   0  -2   4  -2   0  -1  -2  -1  -2  -2  -1  -1  -3  -2   2    8   0   0   0   0   8   0  43   0   0   0   0   0   0   0   0   0   0   0  41  0.30 0.03
   16 T     0  -1   0  -1  -1   1  -1   1   0   0  -1   0  -1  -2  -2   2   3  -3  -2   0    0   0   0   0   0   9   0  10   4   8   0   4   0   0   0  22  37   0   0   6  0.19 0.02
   17 L    -1  -2  -3  -4  -1  -2  -3  -4  -3   2   4  -3   3   0  -3  -2  -1  -2  -1   1    0   0   0   0   0   0   0   0   0   0  73   0  15   0   0   0   0   0   0  12  0.44 0.03
   18 I    -2  -3  -4  -4  -2  -2  -3  -4  -3   2   4  -3   2   0  -3  -3  -1  -2  -1   1    0   0   0   0   0   0   0   0   0  15  79   0   6   0   0   0   0   0   0   0  0.47 0.03
   19 D    -2  -2   3   6  -4   0   2  -2  -1  -4  -4  -1  -3  -4  -2   0  -1  -4  -3  -3    0   0  17  75   0   0   8   0   0   0   0   0   0   0   0   0   0   0   0   0  0.86 0.05
   20 K    -1   1   0  -1  -3   2   0  -2  -1  -3  -3   4  -1  -3  -1   1   1  -3  -2  -2    0   0   0   0   0   8   0   0   0   0   0  70   0   0   0  10  12   0   0   0  0.44 0.04
   21 L     0  -3  -4  -4  -1  -2  -3  -3  -3   2   4  -3   2   0  -3  -2  -1  -2  -1   1    8   0   0   0   0   0   0   0   0  18  74   0   0   0   0   0   0   0   0   0  0.40 0.03
   22 R    -1   3   0  -1  -3   2   1  -2  -1  -3  -3   4  -2  -3  -1   0  -1  -3  -2  -3    0  18   0   0   0   9   0   0   0   0   0  65   0   0   0   8   0   0   0   0  0.51 0.04
   23 C    -1  -4  -3  -4  10  -4  -4  -3  -4  -2  -2  -4  -2  -3  -3  -1  -1  -3  -3  -1    0   0   0   0 100   0   0   0   0   0   0   0   0   0   0   0   0   0   0   0  1.63 0.08
   24 K    -1   2  -1  -1  -4   1   1  -2  -1  -3  -3   5  -2  -4  -1  -1  -1  -3  -2  -3    0   0   0   0   0   0   0   0   0   0   0 100   0   0   0   0   0   0   0   0  0.70 0.06
   25 V    -1  -3  -3  -4  -1  -3  -3  -4  -3   4   2  -3   2   0  -3  -2  -1  -3  -1   3    0   0   0   0   0   0   0   0   0  52  24   0   5   0   0   0   0   0   0  20  0.38 0.03
   26 T     0  -1   0  -1  -1  -1  -1  -2  -2  -1  -2  -1  -1  -3  -1   3   5  -3  -2  -1    0   0   0   0   0   0   0   0   0   0   0   0   0   0   0  27  73   0   0   0  0.51 0.05
   27 G     1  -3  -1  -2  -3  -2  -2   6  -2  -4  -4  -2  -3  -3  -2   0  -2  -3  -3  -3    9   0   0   0   0   0   0  91   0   0   0   0   0   0   0   0   0   0   0   0  1.03 0.05
   28 G     0  -2   0   1  -3   1  -1   5  -2  -3  -3  -1  -2  -3  -2   0   1  -3  -3  -3    0   0   0  10   0  12   0  64   0   0   0   0   0   0   0   0  14   0   0   0  0.59 0.02
   29 C    -1  -4  -3  -4  10  -3  -4  -3  -3  -2  -2  -3  -2  -3  -3  -1  -1  -3  -3  -1    0   0   0   0 100   0   0   0   0   0   0   0   0   0   0   0   0   0   0   0  1.46 0.05

                      K         Lambda
Standard Ungapped    0.1362     0.3233
Standard Gapped      0.0410     0.2670
PSI Ungapped         0.1362     0.3233
PSI Gapped           0.0410     0.2670
