
Last position-specific scoring matrix computed, weighted observed percentages rounded down, information per position, and relative weight of gapless real matches to pseudocounts
            A   R   N   D   C   Q   E   G   H   I   L   K   M   F   P   S   T   W   Y   V   A   R   N   D   C   Q   E   G   H   I   L   K   M   F   P   S   T   W   Y   V
    1 K    -2   6  -1  -2  -5   2  -1  -3  -1  -4  -3   3  -2  -4  -3  -2  -2  -4  -3  -4    0  69   0   0   0   8   0   0   0   0   0  23   0   0   0   0   0   0   0   0  1.08 0.20
    2 I    -1  -2  -1   1  -2  -1   0  -3   1   2   0  -1   1  -2  -2  -1   4  -3  -2   1    0   0   0   8   0   0   5   0   4  16   8   5   6   0   0   0  39   0   0   9  0.26 0.13
    3 C    -2  -6  -5  -6  11  -5  -6  -5  -5  -3  -3  -5  -4  -5  -5  -3  -3  -4  -5  -3    0   0   0   0 100   0   0   0   0   0   0   0   0   0   0   0   0   0   0   0  3.00 0.44
    4 R    -1   3  -1  -1  -4   2   4  -3  -1  -4  -2   4  -1  -4  -2  -1  -1  -4  -3  -3    2  21   0   0   0   6  32   0   0   0   2  34   2   0   0   0   2   0   0   0  0.62 0.17
    5 R     2   1   1  -2  -2   0  -1  -1  -2  -2  -2   1  -2  -3  -2   3   2  -4  -2   0   16  11   5   0   0   1   0   2   0   0   0   6   0   0   0  34  17   0   0   8  0.30 0.12
    6 R    -2   3  -1   0  -4   3   2  -3  -1  -3  -1   2  -2  -4   3  -1  -2  -4  -3  -3    0  20   0   2   0  21  16   0   0   0   9  14   0   0  16   2   0   0   0   0  0.49 0.13
    7 S     0  -2  -1  -2   4  -2  -2  -2  -2  -3  -4  -2  -3  -4  -2   6   0  -4  -3  -3    0   0   0   0  10   0   0   0   0   0   0   0   0   0   0  86   0   0   0   0  1.03 0.27
    8 A     1  -1   2   1  -3   0  -1  -1   5  -3  -1   1   0  -3   2  -1  -1  -3  -1  -2   14   0  13   8   0   4   0   4  26   0   6  10   3   0  10   0   0   0   0   0  0.32 0.11
    9 G    -1   3   1  -1  -3  -1  -1   2   0  -3  -2   2  -2  -1  -2   0   2  -3   0  -2    0  20   5   2   0   0   0  20   3   0   2  16   0   3   0   5  20   0   3   0  0.27 0.10
   10 F    -4  -4  -4  -5  -4  -4  -5  -5  -3  -2  -1  -4  -2   8  -5  -4  -1   6   3  -3    0   0   0   0   0   0   0   0   0   0   0   0   0  78   0   0   5  12   5   0  1.57 0.29
   11 K    -2   2   0   1  -4   1   0  -3   3  -3  -3   5  -2  -4   1   0  -2  -4  -2  -2    0   8   2   6   0   2   3   0   9   0   0  54   0   0   5   6   0   0   0   4  0.54 0.16
   12 G    -1  -4  -2  -3  -4  -3  -3   7  -3  -5  -5  -3  -4  -4  -4   0  -3  -4  -1  -5    0   0   0   0   0   0   0  91   0   0   0   0   0   0   0   6   0   0   3   0  1.53 0.27
   13 P     1  -2  -3  -3  -2  -2  -2  -3   1   1   1  -1   2  -1   4  -1   0  -3   1   1   15   0   0   0   0   0   0   0   5   9  17   2   7   0  23   0   4   0   5  12  0.33 0.10
   14 C    -2  -6  -5  -6  11  -5  -6  -5  -5  -3  -3  -5  -4  -5  -5  -3  -3  -4  -5  -3    0   0   0   0 100   0   0   0   0   0   0   0   0   0   0   0   0   0   0   0  3.00 0.44
   15 M    -2  -3  -2  -4  -2  -3  -3  -2  -3   3   2  -3   3   3  -3  -2   1  -2  -1   2    0   0   2   0   0   0   0   3   0  23  18   0  10  15   0   0  10   0   0  20  0.32 0.11
   16 S    -1   2   3  -1  -3  -1  -1  -1   0  -4  -4   0  -3  -4   1   4   1  -4  -3  -3    0  14  18   0   0   0   0   2   2   0   0   5   0   0   5  46   8   0   0   0  0.49 0.17
   17 N    -2  -1   2   5  -4  -1   1  -2  -2  -4  -4   2  -3  -4  -2   1   0   3  -3  -4    2   0  11  49   0   0   3   0   0   0   0  17   0   0   0  10   4   5   0   0  0.70 0.17
   18 K     0   1   1  -1  -3   1  -1   0   4  -3  -3   2  -2  -3   1   1   2  -3  -2  -2    7   9   5   2   0   4   0   5  14   0   0  14   0   0   5  13  21   0   0   0  0.28 0.10
   19 N    -2  -2   7   1  -4  -2  -2   0   1  -5  -5  -2  -4  -4   3   0  -2  -5  -3  -4    0   0  67   5   0   0   0   5   3   0   0   0   0   0  15   5   0   0   0   0  1.06 0.24
   20 C    -2  -6  -5  -6  11  -5  -6  -5  -5  -3  -3  -5  -4  -5  -5  -3  -3  -4  -5  -3    0   0   0   0 100   0   0   0   0   0   0   0   0   0   0   0   0   0   0   0  3.00 0.44
   21 A     3   1   0   1  -2   0   0   0  -2  -2  -2   0  -2  -3  -2   0  -1  -4  -3   0   48   8   5   9   0   3   5   3   0   0   0   6   0   0   0   3   0   0   0  10  0.28 0.12
   22 Q     0   1   3  -1  -3   2   0  -2  -1  -1  -2   3  -2  -3  -2   1   1  -4  -3  -2    6   3  19   0   0  15   0   0   0   5   3  28   0   0   0  13   8   0   0   0  0.31 0.12
   23 V     1  -3  -3  -4   4  -3  -3  -3   1   1  -1  -3  -1  -2  -3  -1  -1  -4  -2   5   14   0   0   0  10   0   0   0   5   3   0   0   0   0   0   4   0   0   0  64  0.59 0.20
   24 C    -2  -6  -5  -6  11  -5  -6  -5  -5  -3  -3  -5  -4  -5  -5  -3  -3  -4  -5  -3    0   0   0   0 100   0   0   0   0   0   0   0   0   0   0   0   0   0   0   0  3.00 0.44
   25 Q    -2   3   0  -1  -3   3   0  -3   3   0   0   2   0  -2  -1  -1   0  -3  -2  -2    0  23   3   3   0  18   1   0  11   9  12  11   1   0   2   0   5   0   0   0  0.26 0.10
   26 Q    -1   2   2  -1  -3   3  -1  -1  -1  -3  -3   2  -2  -3   0   1   3  -3   0  -2    0  12  12   0   0  18   0   3   0   0   0  11   0   0   3  12  23   0   4   0  0.33 0.12
   27 E     0  -2  -2   0  -5   0   7  -4  -2  -5  -4  -1  -4  -5  -3  -2  -2  -5  -4  -4    6   0   0   0   0   0  94   0   0   0   0   0   0   0   0   0   0   0   0   0  1.45 0.32
   28 Q    -1   0   1   0  -4   0  -2   5   3  -4  -4   2  -3  -4  -3  -1  -2  -3  -1  -4    0   4   6   3   0   4   0  55   9   0   0  15   0   0   0   2   0   0   2   0  0.69 0.16
   29 W    -4  -4  -5  -5  -4  -4  -5  -5  -3  -2   0  -5  -2   7  -5  -4  -4   7   3  -3    0   0   0   0   0   0   0   0   0   0   5   0   0  69   0   0   0  18   8   0  1.55 0.28
   30 Q    -1  -2  -1  -1  -2   0  -1   1  -2  -1  -1  -1  -2  -3   5   2   2  -4  -3   0    0   0   1   3   0   4   0  10   0   2   5   3   0   0  28  21  17   0   0   6  0.46 0.12
   31 Q     0   1   0   4  -3   0  -1   4  -2  -4  -4  -1  -3  -4  -3   0  -1  -4  -4  -3    6   9   3  28   0   4   0  42   0   0   0   0   0   0   0   5   3   0   0   0  0.60 0.14
   32 Q    -1  -4  -2  -3  -4  -1  -3   7  -3  -5  -5  -3  -4  -5  -4  -2  -3  -4  -5  -5    0   0   0   0   0   4   0  96   0   0   0   0   0   0   0   0   0   0   0   0  1.69 0.29
   33 N    -2   3   3   2  -4   1   0  -2   4  -3  -3   3  -2  -3  -3   0  -1  -4  -2  -2    0  17  18  13   0   3   2   0  17   0   0  21   0   0   0   5   0   0   0   3  0.47 0.13
   34 C    -2  -6  -5  -6  11  -5  -6  -5  -5  -3  -3  -5  -4  -5  -5  -3  -3  -4  -5  -3    0   0   0   0 100   0   0   0   0   0   0   0   0   0   0   0   0   0   0   0  3.01 0.43
   35 D    -1   2   1   3  -3   0   0  -2   3  -2  -2   1  -2  -3  -2   1  -1  -4  -2  -1    0  17   7  27   0   0   0   0   9   3   4  11   0   0   0  16   0   0   0   5  0.31 0.11
   36 Q    -1  -1  -1   0  -3   1  -2   5  -2  -3  -3   1  -3  -1  -3  -1  -2  -3  -3  -1    2   2   0   5   0   6   0  56   0   0   0  13   0   4   0   3   0   0   0   7  0.60 0.15
   37 P    -1  -3  -2  -1  -2  -2  -2  -1   2   2   1  -3   0   4   2  -1  -2  -2   0   1    4   0   0   5   0   0   0   4   7  23   9   0   0  26  11   2   0   0   0   6  0.24 0.10
   38 F    -2   3  -2  -3  -3   0  -1  -3   3   0   1  -1   1   4  -3  -2  -1  -2   1  -1    0  24   0   0   0   2   3   0   9   2  21   0   5  24   0   0   3   0   3   2  0.30 0.11
   39 R    -2   7   0  -3  -4   0  -1  -2  -2  -3  -1   1  -2  -3  -3  -2  -2  -4  -3  -3    1  81   4   0   0   0   0   3   0   0   6   0   0   0   0   1   0   0   0   1  1.15 0.24
   40 R    -2   6  -1  -2  -4   2  -1  -3   0  -4  -3   3  -2  -4  -3  -2  -2  -4  -3  -3    1  66   0   0   0   8   0   0   2   0   1  19   0   0   0   0   0   0   0   0  1.01 0.21
   41 C    -2  -6  -5  -6  11  -5  -6  -5  -5  -3  -3  -5  -4  -5  -5  -3  -3  -4  -5  -3    0   0   0   0 100   0   0   0   0   0   0   0   0   0   0   0   0   0   0   0  3.01 0.43
   42 K    -2  -2  -3  -3  -3  -2   0  -4   1   1   1   1   2   4  -3  -2  -2   3   3   0    0   0   0   0   0   0   7   0   4   8  14  12   8  23   0   0   0   5  14   5  0.31 0.11
   43 C    -2  -6  -5  -6  11  -5  -6  -5  -5  -3  -3  -5  -4  -5  -5  -3  -3  -4  -5  -3    0   0   0   0 100   0   0   0   0   0   0   0   0   0   0   0   0   0   0   0  3.01 0.43
   44 I    -1   0   0   0  -2   1   0  -3  -2   1  -2  -1   0  -2  -2   1   4  -3   1  -1    0   3   2   4   0   7   3   0   0  13   0   3   2   0   0   8  49   0   6   1  0.37 0.15
   45 R    -2   5  -2  -3  -5   0  -1  -3  -2  -4  -3   5  -3  -4  -3  -2  -1  -4  -3  -4    0  46   0   0   0   0   0   0   0   0   2  49   0   0   0   0   3   0   0   0  1.03 0.24
   46 Q    -1  -1   1   1  -3   3   0  -2   3  -2  -2   0  -2  -4   5   0  -2  -4  -2  -2    3   2   8   8   0  18   5   2   9   2   2   2   0   0  31   5   0   0   0   3  0.55 0.13
   47 C    -3  -6  -5  -6  11  -5  -6  -5  -5  -3  -3  -5  -4  -5  -5  -3  -3  -5  -5  -3    0   0   0   0 100   0   0   0   0   0   0   0   0   0   0   0   0   0   0   0  3.06 0.44

                      K         Lambda
Standard Ungapped    0.1348     0.3303
Standard Gapped      0.0457     0.2670
PSI Ungapped         0.1494     0.3172
PSI Gapped           0.0457     0.2670
