
Last position-specific scoring matrix computed, weighted observed percentages rounded down, information per position, and relative weight of gapless real matches to pseudocounts
            A   R   N   D   C   Q   E   G   H   I   L   K   M   F   P   S   T   W   Y   V   A   R   N   D   C   Q   E   G   H   I   L   K   M   F   P   S   T   W   Y   V
    1 T     0  -1   0  -1  -1  -1  -1  -2  -2  -1  -1  -1  -1  -2  -1   1   5  -3  -2   0    0   0   0   0   0   0   0   0   0   0   0   0   0   0   0   0 100   0   0   0  0.60 0.05
    2 L    -2   1  -3  -3  -2  -2  -2  -4  -2   1   4  -1   2   0  -3  -2  -1  -2  -1   0    0  14   0   0   0   0   0   0   0   0  86   0   0   0   0   0   0   0   0   0  0.39 0.03
    3 N    -2  -1   5   3  -3   0   0  -1   0  -3  -3  -1  -2  -1  -2   0  -1  -2   2  -3    0   0  67  19   0   0   0   0   0   0   0   0   0   0   0   0   0   0  14   0  0.58 0.04
    4 Q    -1   1   0  -1  -3   6   1  -2   0  -3  -3   1  -1  -4   2   0  -1  -2  -2  -3    0   0   0   0   0  90   0   0   0   0   0   0   0   0  10   0   0   0   0   0  0.75 0.05
    5 A     4  -2  -2  -2  -1  -1  -1   0  -2   1  -1  -1  -1  -2  -1   1   0  -3  -2   0   81   0   0   0   0   0   0   0   0  19   0   0   0   0   0   0   0   0   0   0  0.34 0.03
    6 R     0   4  -1  -2  -3   1   0  -2  -1  -3  -2   3  -2  -2  -2  -1  -1   5  -1  -2    8  50   0   0   0   0   0   0   0   0   0  29   0   0   0   0   0  12   0   0  0.57 0.04
    7 G    -1  -2   1   6  -4  -1   1   3  -2  -4  -4  -1  -3  -4  -2  -1  -1  -4  -3  -4    0   0   0  74   0   0   0  26   0   0   0   0   0   0   0   0   0   0   0   0  0.82 0.05
    8 S     0  -1   0   2  -2  -1   0  -1  -1  -3  -3  -1  -2  -3   3   4   1  -3  -2  -2    0   0   0  14   0   0   0   0   0   0   0   0   0   0  14  72   0   0   0   0  0.51 0.05
    9 F    -2  -3  -3  -4  -3  -3  -4  -4  -2   0   1  -3   0   6  -4  -3  -2   0   2  -1    0   0   0   0   0   0   0   0   0   0  14   0   0  86   0   0   0   0   0   0  0.81 0.06
   10 D    -2  -2   1   6  -4  -1   1  -2  -2  -4  -4  -1  -4  -4  -2  -1  -1  -5  -4  -4    0   0   0 100   0   0   0   0   0   0   0   0   0   0   0   0   0   0   0   0  1.14 0.07
   11 I    -2  -3  -4  -4  -2  -3  -4  -4  -4   5   1  -3   1   0  -3  -3  -1  -3  -2   2    0   0   0   0   0   0   0   0   0 100   0   0   0   0   0   0   0   0   0   0  0.58 0.06
   12 S     0   1   0  -1  -1   0  -1  -1  -1  -2  -2   0  -1  -3  -1   4   3  -3  -2  -1    0  12   0   0   0   0   0   0   0   0   0   0   0   0   0  60  28   0   0   0  0.40 0.04
   13 C    -1  -4  -3  -4  10  -3  -4  -3  -4  -2  -2  -4  -2  -3  -3  -1  -1  -3  -3  -1    0   0   0   0 100   0   0   0   0   0   0   0   0   0   0   0   0   0   0   0  1.66 0.09
   14 D    -2  -1   5   5  -3   0   1  -1   0  -4  -4  -1  -3  -4  -2   0  -1  -4  -3  -3    0   0  48  52   0   0   0   0   0   0   0   0   0   0   0   0   0   0   0   0  0.79 0.05
   15 K    -1   3   0   0  -3   3   3  -2  -1  -3  -3   4  -2  -3  -1   0  -1  -3  -2  -3    0  12   0   0   0  14  22   0   0   0   0  52   0   0   0   0   0   0   0   0  0.51 0.04
   16 D     0  -2   0   4  -2  -1   0  -1  -2   0  -2  -1  -2  -3   1   1  -1  -4  -3  -1   12   0   0  52   0   0   0   0   0  14   0   0   0   0   8  14   0   0   0   0  0.39 0.03
   17 N     1   0   3   0  -3   3   1   1   0  -3  -3   2  -2  -3  -2   0  -1  -3  -2  -2   14   0  31   0   0  27   5   8   0   0   0  15   0   0   0   0   0   0   0   0  0.34 0.03
   18 K    -1   4   0  -1  -3   1   1   1  -1  -3  -3   2  -2  -3  -2   1  -1  -3  -2  -3    0  43   0   0   0   0  12  14   0   0   0  17   0   0   0  14   0   0   0   0  0.40 0.03
   19 R    -1   3   0  -1  -2   0  -1  -2  -1  -1   1   2   0  -2  -2   0  -1  -3  -2  -1    0  31   5   0   0   0   0   0   0   0  28  23   0   0   0  12   0   0   0   0  0.22 0.02
   20 F    -2  -3  -3  -3  -2  -3  -3  -3  -2   1   1  -3   0   5   2  -2  -1  -1   1   1    0   0   0   0   0   0   0   0   0   8  14   0   0  45  12   0   0   0   0  20  0.37 0.03
   21 A     3   1  -1  -1  -1   0   1  -1  -1  -2  -2   0  -1  -3  -1   2   0  -3  -2  -1   52  14   0   0   0   0  12   0   0   0   0   0   0   0   0  22   0   0   0   0  0.30 0.03
   22 L    -1   5  -1  -2  -3   1  -1  -3  -1  -2   0   1  -1  -2   2  -1  -1  -3  -2  -2    0  62   0   0   0   6   0   0   0   0  16   0   0   0  12   4   0   0   0   0  0.47 0.04
   23 L    -2  -2  -3  -3  -1  -2  -3  -4  -3   1   4  -2   2   0  -3  -2   1  -2  -1   1    0   0   0   0   0   0   0   0   0   0  88   0   0   0   0   0  12   0   0   0  0.45 0.04
   24 G     0   3  -1  -2  -3  -1  -2   5  -2  -4  -3   0  -2  -3  -2   0  -2  -3  -3  -3    8  28   0   0   0   0   0  64   0   0   0   0   0   0   0   0   0   0   0   0  0.66 0.04
   25 D    -1  -1   2   5  -3   0   1   2  -1  -3  -4   1  -3  -4  -2   0  -1  -4  -3  -3    0   0  15  51   0   0   0  17   0   0   0  16   0   0   0   0   0   0   0   0  0.55 0.04
   26 F    -1   1  -2  -3  -2  -2  -2  -3  -2   1   1  -1   0   5  -3   0  -1   0   1   0    0  12   0   0   0   0   0   0   0   9   8   0   0  51   0  14   0   0   0   6  0.29 0.03
   27 F    -2  -3  -4  -4  -2  -3  -3  -4  -3   2   3  -3   1   4  -3  -3  -2  -1   1   1    0   0   0   0   0   0   0   0   0  14  55   0   0  31   0   0   0   0   0   0  0.43 0.03
   28 R    -1   5   0  -1  -3   2   0  -2   0  -3  -3   2  -1  -3  -2   1  -1  -3  -2  -3    0  69   0   0   0  16   0   0   0   0   0   0   0   0   0  14   0   0   0   0  0.63 0.05
   29 K    -1   3   0   2  -4   1   1  -2  -1  -3  -3   5  -2  -3  -1  -1  -1  -3  -2  -3    0  14   0  14   0   0   0   0   0   0   0  72   0   0   0   0   0   0   0   0  0.54 0.05
   30 S     2   1  -1  -2  -2  -1  -1   2  -2  -1  -1  -1  -1   1  -2   0  -1  -2  -1   0   39  14   0   0   0   0   0  22   0   0   0   0   0  12   0   4   0   0   0   8  0.19 0.02
   31 K    -1   4   0  -1  -3   2   0   3  -1  -3  -3   2  -2  -3  -2  -1  -1  -3  -2  -3    0  34   0   0   0  14   0  32   0   0   0  20   0   0   0   0   0   0   0   0  0.46 0.03
   32 E    -1   2   2   1  -4   3   4  -2   0  -3  -3   2  -2  -3  -2   0  -1  -3  -2  -3    0  14  12   0   0  14  48   0   0   0   0  11   0   0   0   0   0   0   0   0  0.51 0.03
   33 K    -1   3  -1  -1  -3   1   0  -2  -1  -3  -3   5  -2  -3  -1  -1  -1  -3  -2  -3    0  14   0   0   0   0   0   0   0   0   0  86   0   0   0   0   0   0   0   0  0.65 0.06
   34 I    -2  -3  -4  -4  -2  -3  -4  -4  -4   5   2  -3   1   0  -3  -3  -1  -3  -2   2    0   0   0   0   0   0   0   0   0  86  14   0   0   0   0   0   0   0   0   0  0.50 0.05
   35 G     0  -1  -1  -1  -2  -1   0   4  -2  -2   0   0  -1  -2  -2  -1  -1  -3  -3  -1    5   0   0   0   0   0   5  58   0   0  14  12   0   0   0   0   0   0   0   6  0.42 0.03
   36 K    -1   2  -1   0  -4   1   4   1  -1  -3  -3   2  -2  -3  -2   0  -1  -3  -2  -3    0  14   0   0   0   0  56  17   0   0   0  12   0   0   0   0   0   0   0   0  0.48 0.04
   37 E    -1   1   0   0  -3   1   2   3  -1  -3  -3   3  -2  -3  -2   0  -1  -3  -2  -3    0   0   0   0   0   0  20  32   0   0   0  48   0   0   0   0   0   0   0   0  0.44 0.04
   38 F     0  -2  -3  -3  -1  -2  -3  -3  -2   2   3  -2   1   3  -3  -1  -1  -1   0   1   14   0   0   0   0   0   0   0   0  14  47   0   0  21   0   4   0   0   0   0  0.25 0.02
   39 K    -1   3   0  -1  -4   1   2  -2  -1  -3  -3   5  -2  -3  -1  -1  -1  -3  -2  -3    0  14   0   0   0   0  14   0   0   0   0  72   0   0   0   0   0   0   0   0  0.57 0.05
   40 R    -1   5   1  -1  -4   1   0  -2  -1  -3  -3   4  -2  -3  -2  -1  -1  -3  -2  -3    0  48   6   0   0   0   0   0   0   0   0  46   0   0   0   0   0   0   0   0  0.61 0.04
   41 I    -2  -3  -4  -4  -2  -3  -4  -4  -4   5   2  -3   1   0  -3  -3  -1  -3  -2   2    0   0   0   0   0   0   0   0   0  90   5   0   0   0   0   0   0   0   0   4  0.52 0.05
   42 V     0  -3  -1  -2  -2  -2  -3   5  -3  -1  -2  -2  -2  -3  -2  -1  -1  -3  -3   1    0   0   0   0   0   0   0  75   0   0   0   0   0   0   0   0   0   0   0  25  0.69 0.04
   43 Q    -1   1   0   0  -3   6   3  -2   0  -3  -3   1  -1  -4  -2   0  -1  -2  -2  -3    0   0   0   0   0  86  14   0   0   0   0   0   0   0   0   0   0   0   0   0  0.81 0.07
   44 R    -1   4  -1  -1  -4   1   0  -2  -1  -3  -3   4  -2  -3  -2  -1  -1  -3  -2  -3    0  39   0   0   0   0   0   0   0   0   0  61   0   0   0   0   0   0   0   0  0.64 0.05
   45 I    -2  -3  -4  -4  -2  -3  -4  -4  -4   5   1  -3   1   0  -3  -3  -1  -3  -2   2    0   0   0   0   0   0   0   0   0 100   0   0   0   0   0   0   0   0   0   0  0.58 0.06
   46 K    -1   2   1  -1  -3   2   1  -2  -1  -3  -3   5  -2  -3  -1   0  -1  -3  -2  -3    0   0   5   0   0  12   0   0   0   0   0  83   0   0   0   0   0   0   0   0  0.58 0.05
   47 D    -2  -2   2   6  -4  -1   1   1  -1  -4  -4  -1  -3  -4  -2   0  -1  -4  -3  -4    0   0   8  80   0   0   0  12   0   0   0   0   0   0   0   0   0   0   0   0  0.85 0.05
   48 F    -2  -3  -3  -4  -2  -3  -4  -4  -2   1   1  -3   0   6  -4  -3  -2   0   2   0    0   0   0   0   0   0   0   0   0  14  14   0   0  72   0   0   0   0   0   0  0.64 0.05
   49 L    -2  -3  -3  -4  -2  -3  -3  -4  -2   1   3  -3   1   4  -3  -3  -2   0   1   1    0   0   0   0   0   0   0   0   0   0  42   0   0  43   0   0   0   0   0  14  0.42 0.03
   50 R    -1   3  -1  -1  -3   2   0   3  -1  -3  -3   1  -2  -3   3  -1  -1  -3  -2  -3    0  31   0   0   0  19   0  36   0   0   0   0   0   0  14   0   0   0   0   0  0.48 0.03
   51 N    -1   1   3   0  -3   1   0  -1   3  -3  -3   4  -2  -3  -2   0  -1  -3  -1  -3    0   0  32   0   0   0   0   0  11   0   0  56   0   0   0   0   0   0   0   0  0.43 0.02
   52 L    -2  -2  -4  -4  -2  -2  -3  -4  -3   1   4  -3   2   2  -3  -3  -1  -2  -1   1    0   0   0   0   0   0   0   0   0   0  92   0   0   8   0   0   0   0   0   0  0.48 0.02
   53 V     2  -2  -2  -3  -1  -2  -2  -2  -3   2   0  -2   0  -1  -2   0   1  -3  -2   3   36   0   0   0   0   0   0   0   0   6   0   0   0   0   0   0   7   0   0  51  0.22 0.02
   54 P    -1  -2  -2  -2  -3  -2  -1  -2  -2  -3  -3  -1  -3  -4   8  -1  -1  -4  -3  -3    0   0   0   0   0   0   0   0   0   0   0   0   0   0 100   0   0   0   0   0  2.13 0.04
   55 R    -2   6  -1  -2  -4   2   0  -2   0  -3  -2   2  -1  -3  -2  -1  -1  -3  -2  -3    0  87   0   0   0  13   0   0   0   0   0   0   0   0   0   0   0   0   0   0  0.76 0.03
   56 T     0  -1   0  -1  -1  -1  -1  -2  -2  -1  -2  -1  -1  -3   2   1   5  -3  -2   0    0   0   0   0   0   0   0   0   0   0   0   0   0   0  13   0  87   0   0   0  0.55 0.03
   57 E     0  -1   0   3  -3   1   5  -2  -1  -3  -3   0  -2  -3  -1   0  -1  -3  -2  -2   11   0   0  17   0   0  72   0   0   0   0   0   0   0   0   0   0   0   0   0  0.61 0.02
   58 S     2  -1   0  -1  -1   0   0   0  -1  -2  -2   0  -1  -2  -1   4   1  -3  -2  -1   25   0   0   0   0   0   0   0   0   0   0   0   0   0   0  75   0   0   0   0  0.40 0.01

                      K         Lambda
Standard Ungapped    0.1407     0.3241
Standard Gapped      0.0428     0.2670
PSI Ungapped         0.1397     0.3195
PSI Gapped           0.0428     0.2670
