
Last position-specific scoring matrix computed, weighted observed percentages rounded down, information per position, and relative weight of gapless real matches to pseudocounts
            A   R   N   D   C   Q   E   G   H   I   L   K   M   F   P   S   T   W   Y   V   A   R   N   D   C   Q   E   G   H   I   L   K   M   F   P   S   T   W   Y   V
    1 S     1  -1   1   0  -1   0   0   0  -1  -2  -2   0  -1  -2  -1   4   1  -3  -2  -2    0   0   0   0   0   0   0   0   0   0   0   0   0   0   0   0   0   0   0   0  0.00     0.00
    2 V     0  -2  -3  -3  -1  -2  -2  -3  -3   2   1  -2   1  -1  -2  -2   0  -3  -1   4    0   0   0   0   0   0   0   0   0   0   0   0   0   0   0   0   0   0   0   0  0.00     0.00
    3 R    -2   6   0  -2  -4   1   0  -2   0  -3  -2   2  -1  -3  -2  -1  -1  -3  -2  -3    0 100   0   0   0   0   0   0   0   0   0   0   0   0   0   0   0   0   0   0  0.75 0.00
    4 T     0  -1   0  -1  -1  -1  -1  -2  -2  -1  -1  -1  -1  -2  -1   1   5  -3  -2   0    0   0   0   0   0   0   0   0   0   0   0   0   0   0   0   0 100   0   0   0  0.48 0.00
    5 Q    -1   1   0   0  -3   6   2  -2   0  -3  -2   1   0  -3  -1   0  -1  -2  -2  -2    0   0   0   0   0 100   0   0   0   0   0   0   0   0   0   0   0   0   0   0  0.66 0.01
    6 D    -2  -2   0   4  -2  -1   0  -2  -2   0   2  -2   0  -1  -2  -1  -1  -3  -2  -1    0   0   0  50   0   0   0   0   0   0  50   0   0   0   0   0   0   0   0   0  0.31 0.00
    7 N    -2   0   6   1  -3   0   0   0   1  -3  -4   0  -2  -3  -2   1   0  -4  -2  -3    0   0 100   0   0   0   0   0   0   0   0   0   0   0   0   0   0   0   0   0  0.73 0.00
    8 A     3  -1  -1  -1  -1  -1  -1  -1  -2  -1  -1  -1  -1  -2  -1   1   3  -3  -2   0   50   0   0   0   0   0   0   0   0   0   0   0   0   0   0   0  50   0   0   0  0.32 0.00
    9 V     0  -3  -3  -3  -1  -2  -3  -3  -3   3   1  -2   1  -1  -3  -2   0  -3  -1   4    0   0   0   0   0   0   0   0   0   0   0   0   0   0   0   0   0   0   0 100  0.35 0.00
   10 N    -2  -1   6   1  -3   0   0  -1   1  -4  -4   0  -2  -3  -2   1   0  -4  -2  -3    0   0 100   0   0   0   0   0   0   0   0   0   0   0   0   0   0   0   0   0  0.78 0.02
   11 R    -1   3   3   0  -3   0  -1   3   0  -4  -3   1  -2  -3  -2   0  -1  -3  -2  -3    0  34  33   0   0   0   0  33   0   0   0   0   0   0   0   0   0   0   0   0  0.45 0.01
   12 Q    -1   0   3   0  -3   4   1  -2   0  -2  -2   1  -1  -3  -2   0   2  -3  -2  -2    0   0  24   0   0  52   0   0   0   0   0   0   0   0   0   0  24   0   0   0  0.42 0.03
   13 I    -1  -3  -3  -4   6  -3  -4  -4  -3   3   2  -3   1  -1  -3  -2  -1  -3  -2   2    0   0   0   0  27   0   0   0   0  50  24   0   0   0   0   0   0   0   0   0  0.40 0.02
   14 F    -2  -1  -1  -2  -3  -1  -1  -3   4   1   0   1   0   4  -3  -2  -2  -1   1   0    0   0   0   0   0   0   0   0  20  19   0  22   0  39   0   0   0   0   0   0  0.25 0.03
   15 G     1  -2   2   1  -3  -2  -1   5  -2  -4  -4  -2  -3  -4  -2   0  -2  -3  -3  -3   12   0  10  12   0   0   0  66   0   0   0   0   0   0   0   0   0   0   0   0  0.73 0.07
   16 S     2   1   0  -1  -1  -1  -1   1  -2  -2  -3   0  -2  -3  -1   3   1  -3  -2  -2   27  11   0   0   0   0   0  10   0   0   0   0   0   0   0  43   9   0   0   0  0.34 0.06
   17 N    -1  -1   4   1   5  -1  -1   1  -1  -2  -2   0  -2  -3  -3  -1  -1  -4  -3   0    0   0  33  10  21   0   0  15   0   0   0   9   0   0   0   0   0   0   0  12  0.34 0.06
   18 G     2  -1  -1  -1  -2   2   1   3  -1  -3  -3   1  -2  -3  -2   1  -1  -3  -3  -2   22   0   0   0   0  15  10  34   0   0   0  11   0   0   0   9   0   0   0   0  0.37 0.05
   19 P    -1  -2   1  -2  -3  -2  -2  -2  -2  -3  -3  -2  -3  -4   7   1   1  -4  -3  -3    0   0   9   0   0   0   0   0   0   0   0   0   0   0  71  12   9   0   0   0  1.46 0.13
   20 Y    -2   0  -2   0  -3  -1   0  -3   4   0  -1   0   1   1  -3  -2  -2  -1   4   1    0   5   0   5   0   0   6   0  15   7   0   7   5   4   0   0   0   0  26  19  0.26 0.09
   21 R    -1   4  -1   0   2   1  -1  -3   5  -3  -3   1  -2  -3  -3   0   1  -4  -2  -3    4  36   0   4   5   5   0   0  19   0   0   8   0   0   0   8  12   0   0   0  0.46 0.13
   22 D    -2   1   0   6  -5  -1   2  -1  -2  -4  -4  -1  -1  -4   0  -2  -2   3  -3  -4    3  10   2  56   0   0  14   4   0   0   0   0   3   0   4   0   0   5   0   0  0.85 0.22
   23 F     0  -3  -3  -3   3  -1  -2   2  -2  -1   0  -1  -1   4  -1  -2  -1  -1   2  -1   11   0   0   0   8   3   3  18   0   2   8   3   0  29   3   0   4   0   6   3  0.26 0.12
   24 Q    -2   5  -2   0  -4   2   2  -3   0  -3  -2   2  -2  -1   0   0  -2  -4  -2  -2    0  41   0   3   0   8  15   0   2   0   4  13   0   3   3   5   0   0   0   2  0.53 0.18
   25 L     0   0  -1  -1  -3   1  -1   2   1   1   0  -1  -1  -2   2  -1  -1  -3  -2   0    6   5   3   3   0   8   0  23   5  12   8   2   0   0  12   2   0   0   0   9  0.16 0.08
   26 S     1   0   0   3  -3  -1   0   0  -2  -3  -3   2  -2  -4   1   2   0  -4  -3  -1   10   6   1  19   0   0   1   7   0   0   0  14   0   0   6  23   5   0   0   6  0.27 0.13
   27 D    -1   0   1   5  -4   0   2  -3   1   1  -3  -1  -2  -3   0  -1  -1  -4  -3   0    5   4   4  37   0   2  12   0   4  12   0   3   0   0   4   2   2   0   0   9  0.40 0.17
   28 C    -5  -8  -8  -9  12  -8  -9  -8  -8  -6  -6  -8  -6  -7  -8  -6  -6  -7  -7  -6    0   0   0   0 100   0   0   0   0   0   0   0   0   0   0   0   0   0   0   0  4.45 1.18
   29 Y    -1   0   1   1  -3   1   1  -3   1  -2   1   0   1   0  -3   1  -1   2   2  -1    2   5   7   6   0   7  12   1   4   1  16   4   3   3   0  11   2   3   9   2  0.14 0.15
   30 L    -1  -4  -5  -4  -5   0   1  -6  -5  -2   5   0   0  -2  -3  -3  -4  -5  -4  -1    4   0   0   1   0   4  10   0   0   0  69   5   1   1   1   1   0   0   0   2  1.01 0.50
   31 P    -1  -3  -2   0  -6  -2  -1  -4   1  -4  -3  -3  -6  -7   8  -3  -3  -7  -6  -6    4   2   2   5   0   2   5   1   3   1   2   1   0   0  70   1   1   0   0   0  1.88 0.70
   32 L     2  -2  -3  -3  -4  -2  -2  -3   0  -2   0   1   0  -2   5   1  -2  -5  -1  -1   20   1   1   1   0   1   2   1   2   1  10  10   3   1  28  11   1   0   2   4  0.50 0.30
   33 E    -1  -1  -1   5  -5  -2   3  -2  -3  -4  -4   0  -3  -5   0   0  -2  -6  -2   0    4   2   2  41   0   0  19   2   0   0   1   5   1   0   4   6   1   0   2   9  0.73 0.39
   34 T    -1   0  -2  -2  -4   0   0  -3   0  -1  -2   0  -3   0   3   1   3  -4  -2   1    2   5   0   1   0   5   7   1   2   2   3   5   0   6  13  14  23   0   1  11  0.29 0.24
   35 N    -3  -6  -1  -5  -6  -5  -4   7  -5  -7  -7  -3  -6  -2  -6  -2  -5  -6  -6  -7    1   0   2   0   0   0   1  89   0   0   0   1   0   2   0   2   0   0   0   0  2.17 0.74
   36 P    -1   3  -2   0  -3   0  -1  -2  -2  -2  -3  -1  -2  -3   6  -1  -1  -3  -3  -3    4  16   1   4   1   3   3   2   1   3   3   3   1   1  43   4   4   0   1   2  0.87 0.29
   37 Y     0   0   0   0   0   0   0   0  -1   0   0   0   0   0   0   1   0  -1   1   0    4   4   6   5   3   3   5   9   1   5  11   5   1   5   4  12   5   1   6   5  0.02 0.02
   38 C    -5  -7  -3  -7  11  -7  -7  -4  -7  -5  -3  -7  -6  -7  -7  -5  -3  -7  -7  -5    0   0   2   0  91   0   0   2   0   0   3   0   0   0   0   0   2   0   0   0  3.75 1.04
   39 N    -2   4   2  -2  -5   1   0  -1   0  -4  -1   3   0  -1  -4  -1   1  -4  -1  -4    1  26   9   1   0   5   4   5   2   0   6  20   3   3   0   3  10   0   2   0  0.42 0.27
   40 E     4   0  -2   0  -4  -1   0   3  -1  -4  -4  -2  -4  -2   0   0  -2  -5  -4  -3   42   6   1   6   0   3   6  20   2   0   0   2   0   2   4   4   1   0   0   1  0.53 0.32
   41 W    -1   1   1  -3  -4  -1   0  -2   2  -2  -1  -1   1   3  -2   2  -2   4   4  -1    3   8   6   0   0   2   5   2   5   2   5   3   4  12   2  16   1   7  16   4  0.30 0.22
   42 Q    -1  -2  -3  -3  -3   0  -1  -4   0   3   0  -2   3   4  -4  -1   0  -1  -1   1    3   2   1   1   0   5   5   0   2  19   7   3   9  23   0   4   5   1   0  11  0.38 0.25
   43 F    -1   2  -3  -2  -4   1   0  -2   0  -1  -1   0   1   1   5   0   0  -4  -2  -2    3  11   0   2   0   6   5   2   3   3   7   5   4   6  29   6   6   0   1   3  0.43 0.24
   44 A     2   6  -3  -5  -5  -2  -3  -4  -1  -5  -4   0   1  -3  -5   1  -4  -6  -2  -3   19  54   1   0   0   1   0   1   1   0   1   4   3   1   0  11   0   0   1   2  1.10 0.50
   45 Y    -6  -6  -7  -8  -6  -6  -7  -7  -4  -2  -4  -7  -5   6  -8  -6  -6   9   7  -5    0   0   0   0   0   0   0   0   0   3   0   0   0  35   0   0   0  31  32   0  2.52 0.78
   46 H    -1  -3  -3  -6  -5  -4  -5  -3   3  -4  -3  -5   0   3  -6  -3  -3   4   8  -4    6   1   1   0   0   0   0   3   7   0   1   0   3  12   0   2   1   6  57   0  1.68 0.60
   47 W    -5  -5  -5  -6  -6  -5  -5  -6   2  -4  -4  -5  -4   6  -6  -5  -5   3   9  -5    0   0   0   0   0   0   0   0   4   0   0   0   0  26   0   0   0   3  62   0  2.30 0.72
   48 N    -2  -1   7   4  -5  -2  -3  -4   1  -5  -6  -2  -5  -5  -4   0  -3  -6  -3  -3    4   2  53  24   0   1   0   0   3   0   0   2   0   0   0   5   0   0   1   2  1.33 0.52
   49 N     1   0   0  -2  -3   0  -2   0  -3  -2  -2   0  -3  -1   4   2   0   0  -2  -1   12   4   5   2   0   4   1   6   0   2   4   5   0   3  24  17   5   1   1   3  0.36 0.21
   50 A     1   1  -1   1  -3   1   1  -2   0  -2  -2   1  -1  -2  -3   1   1  -2  -1   1   12   6   1   6   0   5  12   2   2   1   2  10   1   2   0  10  11   1   2  16  0.15 0.15
   51 L     0   0   0   1  -3   0  -1   0   0  -1  -1  -1  -2  -3  -2   3   3  -4  -1  -1    7   4   3   7   0   3   3   7   2   2   7   2   1   0   1  24  19   0   2   5  0.21 0.19
   52 M    -3   2   2  -1  -4   1   0   3   2  -3  -4   2   2  -4  -4  -1  -1  -4  -2  -4    0  10  11   2   0   5   5  28   6   2   0  17   7   0   0   4   3   0   1   0  0.48 0.27
   53 D     0   3  -1   0  -4   3   0  -2  -1  -2  -2   3   1  -3  -3   0   2  -4  -3  -3    9  15   2   5   0  13   4   1   1   2   3  23   4   1   0   4  12   0   1   0  0.39 0.25
   54 C    -5  -8  -7  -8  12  -8  -8  -7  -8  -6  -6  -8  -6  -7  -8  -6  -1  -7  -7  -6    0   0   0   0  96   0   0   0   0   0   0   0   0   0   0   0   4   0   0   0  4.16 1.11
   55 E    -1   1  -1  -2  -4   2   4  -4   1  -1   0   1   1  -4  -4  -2   0  -4  -2   0    5   6   2   0   0  12  27   0   4   2  11   6   4   0   0   1   7   0   1   9  0.32 0.24
   56 R    -2   3  -3  -2  -5   2   3  -3  -1  -3  -2   2  -1  -3   2   0   1  -5  -4  -2    2  14   0   0   0   9  24   1   2   1   4  13   2   1  11   5   8   0   0   3  0.44 0.27
   57 A    -3  -2  -7  -8  -6  -7  -7  -7  -5  -4  -1  -7  -4   9  -8  -6  -6  -3   1  -5    3   3   0   0   0   0   0   0   0   0   6   0   0  86   0   0   0   0   2   0  2.61 0.81
   58 I    -3  -2  -2  -3  -4  -1  -4  -5  -1   4   0  -1   3   1  -3  -2   1   2   0   2    1   2   1   2   0   2   0   0   2  32   4   4   9   6   1   2  11   3   2  16  0.45 0.27
   59 Y    -3  -6  -6  -7  -7  -6  -6  -7   0  -5  -5  -6  -5   3  -7  -6  -6   3   9  -5    2   0   0   0   0   0   0   0   2   0   0   0   0   8   0   0   0   3  85   0  2.89 0.86
   60 H    -3  -2  -2  -3  -6  -2  -5   7   1  -7  -7  -3  -6  -6  -5   1  -1  -6  -2  -6    0   2   1   1   0   2   0  76   3   0   0   1   0   0   0   9   3   0   2   0  1.62 0.56
   61 G    -3  -1  -4  -5  -6  -1  -5   7  -5  -7  -7  -5  -6  -7  -6  -4  -5  -6  -7  -7    0   4   0   0   0   3   0  93   0   0   0   0   0   0   0   0   0   0   0   0  2.28 0.67
   62 C    -4  -4  -3  -7  11  -3  -7  -6  -6  -5  -5  -7  -2  -6  -7  -1  -5  -6   0  -3    0   1   1   0  87   1   0   0   0   0   0   0   1   0   0   4   0   0   3   1  3.34 0.86
   63 N    -2   1   1   1  -5   2   1   4   1  -4  -1   1  -1  -4  -3  -1  -3  -4  -1  -4    0   8   7   6   0   9  12  35   3   0   6   7   1   0   1   3   0   0   2   0  0.45 0.24
   64 R    -1  -2  -4  -4  -6  -5  -2   7  -2  -6  -6  -3  -6  -6  -3  -3  -5  -6  -6  -3    5   2   0   0   0   0   3  84   1   0   0   1   0   0   2   0   0   0   0   2  1.80 0.53
   65 T    -5  -4   9  -2  -6  -4  -4  -4  -3  -7  -7  -1  -6  -7  -6  -2   0  -7  -6  -6    0   0  90   0   0   0   0   0   0   0   0   4   0   0   0   2   4   0   0   0  2.47 0.72
   66 R     3   1   0   1  -3   0   0   2  -2  -3  -2   0   0  -4  -1   1  -1  -4  -3  -3   27   9   4   9   0   4   4  17   0   0   3   5   3   0   3   9   3   0   0   0  0.27 0.17
   67 N    -5  -4   9  -2  -7  -4  -4  -4  -3  -7  -7  -3  -6  -7  -6  -3  -4  -7  -1  -7    0   0  95   0   0   0   0   0   0   0   0   1   0   0   0   0   0   0   2   0  2.70 0.77
   68 N    -5   3   8  -2  -6  -3  -3  -4   3  -6  -6  -1  -5  -6  -5  -2  -2  -7  -5  -3    0  18  68   0   0   0   0   0   6   0   0   3   0   0   0   1   1   0   0   2  1.74 0.57
   69 F    -6  -7  -7  -2  -6  -7  -7  -7  -5  -4  -3  -7  -4   9  -7  -6  -6  -3   1  -5    0   0   0   2   0   0   0   0   0   0   0   0   0  95   0   0   0   0   3   0  2.89 0.74
   70 I    -1   1   0   1  -4   1   3  -2   1  -1  -1   3  -1  -4   1  -1  -1  -4  -2  -2    3   7   3   6   0   7  19   3   3   4   5  24   2   0   6   3   4   0   1   2  0.28 0.16
   71 T    -2  -1   0  -1  -4  -3  -2  -4  -4  -4  -2   0  -4  -5  -4   3   6  -5  -5  -3    2   3   3   3   0   0   2   0   0   0   3   4   0   0   0  23  57   0   0   0  1.05 0.45
   72 L    -2   2  -3  -1  -4   1   2  -4  -3   2   1   2   1  -2  -2  -2  -1   0  -2  -1    2  12   0   2   0   7  17   0   0  14  17  16   3   1   1   0   4   1   0   3  0.26 0.18
   73 T     0   0  -1   3  -4   1   4  -1   2  -2  -4   1  -3  -2  -3   0  -1  -4   0  -3    8   3   1  16   0   6  30   3   6   3   0  10   0   2   0   5   3   0   4   1  0.41 0.21
   74 A     1  -2   0   2  -3   1   5  -4  -2  -3  -2   1  -1  -4  -3  -2  -3  -5   0  -3   15   0   3  12   0   4  42   0   1   1   4   9   1   0   0   1   0   0   4   1  0.61 0.30
   75 C    -5  -3  -7  -8  12  -7  -8  -7  -7  -6  -6  -7  -6  -7  -7  -5  -5  -7  -7  -5    0   2   0   0  98   0   0   0   0   0   0   0   0   0   0   0   0   0   0   0  4.08 0.92
   76 K    -3   3   0   0   0   2   2  -4   1  -3   1   1   3  -3  -4  -2  -2  -4  -3  -2    0  18   4   4   3  11  17   0   3   0  14  10  11   1   0   0   1   0   0   1  0.39 0.24
   77 N     0   3   1  -1   1   2   0  -2   1  -3  -3   3  -3  -2  -3   0  -1  -4  -2  -2   10  20   8   3   3  11   5   2   3   1   0  19   0   2   0   8   1   0   1   3  0.35 0.20
   78 Q     1   1  -1  -3  -3   0  -1  -3   1   0  -3   0  -2  -1  -3   0   4  -4   0   1   11   9   2   0   0   5   3   0   4   6   0   5   0   2   0   5  36   0   3  10  0.37 0.23
   79 A    -2  -8  -7  -8  12  -7  -8  -7  -7  -6  -6  -7  -6  -7  -7  -5  -5  -7  -7  -5    4   0   0   0  96   0   0   0   0   0   0   0   0   0   0   0   0   0   0   0  3.99 0.90
   80 G     2  -1  -2  -3  -3  -2  -1   4   0  -2  -2  -1  -2  -3  -1   1  -2  -2  -2   1   24   4   0   0   0   0   4  30   3   1   2   3   0   0   2   9   0   1   1  15  0.37 0.19
   81 P     0  -1  -2  -1  -4   1   3   0  -2  -4  -4   0  -3  -4   5   0   0  -4  -3  -2    5   2   0   1   0   6  28   7   0   0   0   6   0   0  29   8   5   0   0   2  0.63 0.19
   82 I    -1  -2  -2  -1  -2  -2  -1  -3  -3   3   1  -1   0  -1   2  -1  -1  -3  -2   3    3   0   0   5   0   0   4   1   0  29  10   3   0   0  11   6   1   0   0  26  0.24 0.09
   83 C     1  -3  -3  -3   8  -2  -3  -2  -3   0  -2  -3   1  -3   2   0  -1  -3  -3   0   15   0   0   0  48   0   0   0   0   5   0   0   7   0  10   8   0   0   0   4  0.78 0.13
   84 N     0   1   4   0  -3   0   1  -1  -1  -3  -3   2  -2  -3   1   1   0  -4  -2  -3    5   6  40   0   0   0  11   0   0   0   1  16   0   0   7   8   5   0   0   0  0.42 0.09
   85 R    -2   5  -1  -1  -4   4   1  -3  -1  -4  -3   3  -2  -4  -2  -1  -2  -3  -2  -3    0  43   0   0   0  27   6   0   0   0   0  24   0   0   0   0   0   0   0   0  0.72 0.12
   86 R    -2   5  -1  -2  -4   4   0  -3  -1  -4  -3   2  -2  -4  -2  -1  -1  -3  -2  -3    0  63   0   0   0  26   0   0   0   0   0  11   0   0   0   0   0   0   0   0  0.78 0.09
   87 R    -2   6  -1  -2  -4   1   0  -3   0  -3  -2   2  -2  -3  -2  -1  -1  -3  -2  -3    0 100   0   0   0   0   0   0   0   0   0   0   0   0   0   0   0   0   0   0  0.80 0.02
   88 H    -2   0   4   0  -3   0   0  -1   7  -4  -3  -1  -2  -2  -2   0  -1  -3   1  -3    0   0  38   0   0   0   0   0  62   0   0   0   0   0   0   0   0   0   0   0  0.66 0.02

                      K         Lambda
Standard Ungapped    0.1365     0.3244
Standard Gapped      0.0429     0.2670
PSI Ungapped         0.1401     0.3169
PSI Gapped           0.0429     0.2670
