
Last position-specific scoring matrix computed, weighted observed percentages rounded down, information per position, and relative weight of gapless real matches to pseudocounts
            A   R   N   D   C   Q   E   G   H   I   L   K   M   F   P   S   T   W   Y   V   A   R   N   D   C   Q   E   G   H   I   L   K   M   F   P   S   T   W   Y   V
    1 G     0  -2   0  -1  -3  -2  -2   6  -2  -4  -4  -2  -3  -3  -2   0  -2  -3  -3  -3    0   0   0   0   0   0   0 100   0   0   0   0   0   0   0   0   0   0   0   0  1.05 0.01
    2 W    -2  -3  -4  -4  -2  -3  -3  -3  -3   3   1  -3   0   0  -3  -3  -1   9   1   1    0   0   0   0   0   0   0   0   0  58   0   0   0   0   0   0   0  42   0   0  0.83 0.01
    3 L    -2  -3  -4  -4  -2  -2  -3  -3  -3   0   2  -3   1   1  -4  -3  -2  10   1  -1    0   0   0   0   0   0   0   0   0   0  42   0   0   0   0   0   0  58   0   0  1.19 0.01
    4 D    -1  -1   1   4  -2  -1   0  -2  -2  -2  -2  -1  -2  -3  -1   1   4  -3  -2  -1    0   0   0  42   0   0   0   0   0   0   0   0   0   0   0   0  58   0   0   0  0.43 0.00
    5 R    -1   4   0  -1  -3   4   1  -2   0  -3  -2   2  -1  -3  -2   0  -1  -2  -2  -2    0  42   0   0   0  58   0   0   0   0   0   0   0   0   0   0   0   0   0   0  0.57 0.01
    6 I    -2  -3  -4  -4  -1  -3  -3  -4  -3   3   3  -3   2   0  -3  -3  -1  -2  -1   2    0   0   0   0   0   0   0   0   0  42  58   0   0   0   0   0   0   0   0   0  0.38 0.00
    7 I     1  -3  -3  -3  -1  -2  -3  -3  -3   4   1  -2   1  -1  -2  -1  -1  -3  -2   2   21   0   0   0   0   0   0   0   0  79   0   0   0   0   0   0   0   0   0   0  0.27 0.01
    8 G    -1  -3  -2  -3  -2  -2  -3   3  -2   0   2  -2   1   3  -3  -2  -2  -1   0   0    0   0   0   0   0   0   0  30   0   0  49   0   0  21   0   0   0   0   0   0  0.26 0.01
    9 T     2  -2   0  -1  -1  -1  -1   3  -2  -2  -2  -1  -1  -3  -1   1   3  -3  -2  -1   21   0   0   0   0   0   0  28   0   0   0   0   0   0   0   0  51   0   0   0  0.35 0.01
   10 A     2   0  -2  -2  -1   0  -1  -2  -2   0   2   2   1  -1  -2   0  -1  -2  -2   0   30   0   0   0   0   0   0   0   0   0  42  28   0   0   0   0   0   0   0   0  0.13 0.01
   11 V    -1  -3  -3  -4  -1  -2  -3  -4  -3   2   2  -3   1  -1  -3  -2   0  -3  -1   4    0   0   0   0   0   0   0   0   0   0  28   0   0   0   0   0   0   0   0  72  0.33 0.01
   12 D     0   1   1   3  -3   0   1  -1  -1  -3  -3   3  -2  -3  -1   2   0  -3  -2  -2    0   0   0  30   0   0   0   0   0   0   0  42   0   0   0  28   0   0   0   0  0.37 0.01
   13 S     0  -1   4   0  -2  -1  -1   3   0  -3  -3  -1  -2  -3  -2   2   0  -3  -2  -3    0   0  42   0   0   0   0  28   0   0   0   0   0   0   0  30   0   0   0   0  0.46 0.01
   14 V    -1  -2  -3  -4  -1  -2  -3  -4  -3   2   4  -3   2   0  -3  -2  -1  -2  -1   2    0   0   0   0   0   0   0   0   0   0  70   0   0   0   0   0   0   0   0  30  0.37 0.01
   15 A     3  -2  -2  -2  -1  -1  -1   0  -2  -2  -2  -1  -1  -1  -2   0  -1   7   0  -1   72   0   0   0   0   0   0   0   0   0   0   0   0   0   0   0   0  28   0   0  0.61 0.02
   16 E    -1   0   0   0  -3   4   3  -2   5  -3  -3   1  -1  -3  -2   0  -1  -3   0  -3    0   0   0   0   0  42  30   0  28   0   0   0   0   0   0   0   0   0   0   0  0.53 0.01
   17 F     0  -1   0  -1  -1  -1  -1  -1  -1  -2  -1  -1  -1   3  -2   3   1  -1   1  -2    0   0   0   0   0   0   0   0   0   0   0   0   0  30   0  70   0   0   0   0  0.29 0.01
   18 G     0  -2   0   3  -3  -1  -1   5  -2  -4  -4  -1  -3  -3  -2   0  -2  -3  -3  -3    0   0   0  28   0   0   0  72   0   0   0   0   0   0   0   0   0   0   0   0  0.77 0.01
   19 T     0  -1   1   4  -2  -1   0  -1  -1  -2  -2  -1  -2  -3  -1   2   3  -3  -2  -1    0   0   0  37   0   0   0   0   0   0   0   0   0   0   0  19  45   0   0   0  0.41 0.01
   20 T    -1  -2  -2  -3  -1  -2  -2  -3  -2   1   0  -2   0   3  -3  -1   2  -1   0   3    0   0   0   0   0   0   0   0   0   0   0   0   0  27   0   0  20   0   0  53  0.25 0.02
   21 N    -1  -1   3   3  -3   3   1  -1   0  -3  -3   0  -2  -3  -2   0   2  -3  -2  -2    0   0  20  29   0  27   0   0   0   0   0   0   0   0   0   0  24   0   0   0  0.40 0.02
   22 I    -2  -3  -3  -4  -2  -3  -4  -4  -2   2   1  -3   0   6  -4  -3  -2   0   2   0    0   0   0   0   0   0   0   0   0  20   0   0   0  80   0   0   0   0   0   0  0.66 0.04
   23 V    -1  -2  -3  -4  -1  -2  -3  -4  -3   2   3  -2   4   0  -3  -2  -1  -2  -1   2    0   0   0   0   0   0   0   0   0   0  51   0  29   0   0   0   0   0   0  20  0.36 0.02
   24 D    -1  -2   0   3  -3  -1  -1   5  -2  -4  -4  -1  -3  -4  -2   0  -2  -3  -3  -3    0   0   0  34   0   0   0  66   0   0   0   0   0   0   0   0   0   0   0   0  0.77 0.03
   25 Q    -2   0   0  -1  -3   3   0  -2   8  -4  -3   0  -2  -2  -2  -1  -2  -3   1  -3    0   0   0   0   0  20   0   0  80   0   0   0   0   0   0   0   0   0   0   0  0.87 0.05
   26 I    -1  -1  -1   0  -2   3   2  -3  -1   2   0   0   0  -2  -2  -1   1  -3  -2   0    0   0   0   0   0  24  27   0   0  34   0   0   0   0   0   0  15   0   0   0  0.20 0.02
   27 C    -1  -4  -3  -4  10  -3  -4  -3  -3  -2  -2  -4  -2  -3  -3  -1  -1  -3  -3  -1    0   0   0   0 100   0   0   0   0   0   0   0   0   0   0   0   0   0   0   0  1.50 0.06
   28 N    -1   0   3   0  -2   0   0  -1   6  -2  -2  -1  -1   0  -1   0  -1  -1   3  -2    2   1  21   1   0   1   1   2  42   1   2   1   1   1   1   2   1   0  15   2  0.38 0.02
   29 T    -1  -1  -1  -2  -1  -1  -1  -2   0   1   0  -1   0   3  -2  -1   1   0   4   0    2   1   1   1   0   1   1   2   1  16   2   1   1  15   1   2  22   0  28   2  0.18 0.01
   30 R    -1   5   0  -1  -3   1   0  -2   0  -2  -2   2  -1  -2  -1  -1  -1  -2  -1  -2    2  77   1   1   0   1   1   2   1   1   2   1   1   1   1   2   1   0   1   2  0.54 0.02
   31 V    -1   3  -2  -3  -2  -1  -2  -3  -2   2   2   0   1  -1  -3  -2  -1  -3  -1   2    0  29   0   0   0   0   0   0   0  13  24   0   0   0   0   0   0   0   0  34  0.21 0.02
   32 M    -1   2   1  -1  -2   0  -1  -2  -1   0   0   2   2  -2  -2  -1  -1  -3  -2   1    0  14  14   0   0   0   0   0   0   0   0  28  20   0   0   0   0   0   0  24  0.14 0.02
   33 P    -1  -2  -2  -1  -3   0   2  -2  -2  -3  -3  -1  -3  -4   7  -1  -1  -4  -3  -3    0   0   0   0   0   0  24   0   0   0   0   0   0   0  76   0   0   0   0   0  1.53 0.04
   34 T     0   0   0  -1  -2   0   0  -1  -1  -2  -2   2  -1  -3  -1   2   3  -3  -2  -1    0   0   0   0   0   0   0   0   0   0   0  29   0   0   0  24  47   0   0   0  0.34 0.03
   35 I    -1  -3  -2  -3  -2  -2  -3  -3  -2   3   1  -2   0   3  -3  -1   2  -1   1   2    0   0   0   0   0   0   0   0   0  34   0   0   0  28   0   0  24   0   0  14  0.24 0.02
   36 K    -1   5  -1  -2  -4   1   0  -2  -1  -3  -3   4  -2  -3  -2  -1  -1  -3  -2  -3    0  66   0   0   0   0   0   0   0   0   0  34   0   0   0   0   0   0   0   0  0.68 0.03
   37 K    -1   4   0  -1  -3   3   1  -2   0  -3  -3   3  -1  -3  -2  -1  -1  -3  -2  -3    0  41   0   0   0  24   0   0   0   0   0  35   0   0   0   0   0   0   0   0  0.55 0.03
   38 F    -2  -3  -3  -3  -2  -3  -3  -3  -2   0   2  -3   0   5   4  -2  -2   0   1  -1    0   0   0   0   0   0   0   0   0   0  27   0   0  49  24   0   0   0   0   0  0.52 0.03
   39 E    -1   1   0   3  -4   1   3  -2  -1  -3  -3   4  -2  -4  -1   0  -1  -4  -2  -3    0   0   0  24   0   0  20   0   0   0   0  56   0   0   0   0   0   0   0   0  0.48 0.03
   40 L    -1  -3  -3  -3  -2  -2  -3   2  -3   0   2  -3   1   0  -3  -2  -2   7   0  -1    0   0   0   0   0   0   0  24   0   0  49   0   0   0   0   0   0  27   0   0  0.56 0.03
   41 Y    -2   0  -2  -3  -3  -1  -1  -3   1  -2  -1   2  -1   4  -3  -2  -2   1   6  -2    0   0   0   0   0   0   0   0   0   0   0  27   0  24   0   0   0   0  49   0  0.50 0.03
   42 F    -2  -2  -1  -3  -3  -1  -2  -3   5  -2  -1  -2  -1   4  -3  -2  -2   1   6  -2    0   0   0   0   0   0   0   0  29   0   0   0   0  20   0   0   0   0  51   0  0.68 0.04
   43 R    -1   3   0   0  -3   1   3  -2  -1  -2  -2   3  -2  -3  -1   0   2  -3  -2  -2    0  20   0   0   0   0  29   0   0   0   0  27   0   0   0   0  24   0   0   0  0.36 0.02
   44 G     2  -2  -1  -2  -2  -2  -2   5  -2  -3  -3  -2  -2  -3  -2   0  -1  -3  -3  -2   24   0   0   0   0   0   0  76   0   0   0   0   0   0   0   0   0   0   0   0  0.80 0.03
   45 R    -1   3   0  -1  -3   1   0  -2  -1  -3  -3   5  -2  -3  -1   0  -1  -3  -2  -3    0  20   0   0   0   0   0   0   0   0   0  80   0   0   0   0   0   0   0   0  0.59 0.04
   46 V    -2  -3  -3  -4  -2  -2  -3  -3  -2   1   1  -3   3   5  -3  -2  -1   0   2   1    0   0   0   0   0   0   0   0   0   0   0   0  24  56   0   0   0   0   0  20  0.43 0.03
   47 W    -3  -3  -4  -5  -3  -2  -3  -3  -3  -3  -2  -4  -2   1  -4  -3  -3  11   2  -3    0   0   0   0   0   0   0   0   0   0   0   0   0   0   0   0   0 100   0   0  2.63 0.08
   48 C    -1  -4  -3  -4  10  -3  -4  -3  -3  -2  -2  -4  -2  -3  -3  -1  -1  -3  -3  -1    0   0   0   0 100   0   0   0   0   0   0   0   0   0   0   0   0   0   0   0  1.50 0.06
   49 P    -1  -2  -2  -2  -3  -1  -1  -2  -2  -2  -3  -1  -2  -4   7   0   2  -4  -3  -2    0   0   0   0   0   0   0   0   0   0   0   0   0   0  76   0  24   0   0   0  1.49 0.04
   50 G     1  -2   0  -1  -2  -1  -1   4  -2  -3  -3  -1  -2  -3  -2   3   0  -3  -3  -3    0   0   0   0   0   0   0  49   0   0   0   0   0   0   0  51   0   0   0   0  0.57 0.03
   51 W    -3  -3  -4  -5  -3  -2  -3  -3  -3  -3  -2  -4  -2   1  -4  -3  -3  11   2  -3    0   0   0   0   0   0   0   0   0   0   0   0   0   0   0   0   0 100   0   0  2.63 0.08
   52 T     1  -1   0  -1  -1  -1  -1  -2  -2  -1  -2  -1  -1  -2  -1   1   5  -3  -2   0   14   0   0   0   0   0   0   0   0   0   0   0   0   0   0   0  86   0   0   0  0.49 0.04
   53 T     0  -1   0  -1  -2  -1  -1  -2   3  -2  -3  -1  -2  -3   5   2   2  -3  -1  -2    0   0   0   0   0   0   0   0  15   0   0   0   0   0  38  27  20   0   0   0  0.67 0.02
   54 I    -2  -3  -4  -4  -2  -3  -3  -4  -3   4   2  -3   1   2  -3  -3  -1  -2   0   2    0   0   0   0   0   0   0   0   0  71  15   0   0  14   0   0   0   0   0   0  0.38 0.03
   55 Q    -1  -1  -1   0  -2   2   3  -2  -1   0  -1   0  -1  -2  -2   0   2  -3  -2   1    0   0   0   0   0  20  29   0   0   0   0   0   0   0   0   0  27   0   0  24  0.24 0.02
   56 G     0  -3  -1  -2  -3  -2  -2   6  -2  -4  -4  -2  -3  -3  -2  -1  -2  -3  -3  -4    0   0   0   0   0   0   0 100   0   0   0   0   0   0   0   0   0   0   0   0  1.14 0.04
   57 E    -1   4   2   0  -4   1   3  -2   0  -3  -3   1  -2  -3  -2   0  -1  -3  -2  -3    0  41  15   0   0   0  44   0   0   0   0   0   0   0   0   0   0   0   0   0  0.52 0.03
   58 S     2  -1   0  -1  -1  -1  -1   3  -2  -3  -3  -1  -2  -3  -1   3   0  -3  -2  -2   27   0   0   0   0   0   0  24   0   0   0   0   0   0   0  49   0   0   0   0  0.39 0.02
   59 L    -1   4  -1  -2  -2   0  -1  -3  -1  -1   1   1   0  -2  -2   0   2  -3  -2  -1    0  53   0   0   0   0   0   0   0   0  20   0   0   0   0   0  27   0   0   0  0.33 0.03
   60 T     0   0   0  -1  -2   0   0  -1  -1  -2  -2   2  -1  -3  -1   2   4  -3  -2  -1    0   0   0   0   0   0   0   0   0   0   0  27   0   0   0  24  49   0   0   0  0.34 0.03
   61 R     0   4   0  -1  -3   1   0  -2  -1  -3  -3   3  -2  -3  -2   2   0  -3  -2  -2    0  44   0   0   0   0   0   0   0   0   0  29   0   0   0  27   0   0   0   0  0.45 0.02
   62 S     1  -1   0  -1  -1  -1  -1  -1  -2   0  -2  -1  -1  -2  -1   4   1  -3  -2   1    0   0   0   0   0   0   0   0   0   0   0   0   0   0   0  76   0   0   0  24  0.32 0.03
   63 R    -2   5  -1  -1  -4   1   2  -3   0  -3  -3   2  -2  -3  -2  -1  -1  -3  -2  -3    0  76   0   0   0   0  24   0   0   0   0   0   0   0   0   0   0   0   0   0  0.68 0.04
   64 T     0  -1   0  -1  -1  -1  -1  -1  -2  -1   1  -1   0  -2  -1   3   2  -3  -2  -1    0   0   0   0   0   0   0   0   0   0  24   0   0   0   0  56  20   0   0   0  0.25 0.02
   65 R     0   2  -1  -1  -3   0   2   4  -1  -4  -3   0  -2  -3  -2   0  -1  -3  -3  -3    0  20   0   0   0   0  24  56   0   0   0   0   0   0   0   0   0   0   0   0  0.55 0.02
   66 V     3  -2  -1  -2  -1  -1  -1  -1  -2   0  -1  -1  -1  -2  -1   2   0  -3  -2   1   51   0   0   0   0   0   0   0   0   0   0   0   0   0   0  29   0   0   0  20  0.26 0.02
   67 V     0  -2  -2  -2  -1  -2  -2  -3  -3   2   2  -2   1  -1  -2   1   1  -3  -1   3    0   0   0   0   0   0   0   0   0   0  24   0   0   0   0  14  15   0   0  47  0.19 0.02
   68 N    -1   3   2   0  -4   1   3  -2   0  -3  -3   3  -2  -3  -2   0  -1  -3  -2  -3    0  29  20   0   0   0  27   0   0   0   0  24   0   0   0   0   0   0   0   0  0.44 0.02
   69 K    -1   0   0   0  -3   1   3   2   5  -4  -3   2  -2  -3  -2  -1  -1  -3  -1  -3    0   0   0   0   0   0  29  24  27   0   0  20   0   0   0   0   0   0   0   0  0.39 0.02
   70 A     3  -1   0  -1  -1  -1  -1   0  -1  -2  -2  -1  -1  -3  -1   3   1  -3  -2  -1   49   0   0   0   0   0   0   0   0   0   0   0   0   0   0  51   0   0   0   0  0.39 0.03
   71 V    -1  -2  -2  -3  -1  -2  -2  -3  -3   3   0  -2   0  -1  -2  -1   2  -3  -2   3    0   0   0   0   0   0   0   0   0  24   0   0   0   0   0   0  29   0   0  47  0.27 0.02
   72 E    -1   5   0  -1  -4   1   2  -2  -1  -3  -3   3  -2  -3  -2  -1  -1  -3  -2  -3    0  51   0   0   0   0  20   0   0   0   0  29   0   0   0   0   0   0   0   0  0.56 0.03
   73 D    -2  -1   4   5  -4   0   1  -1  -1  -4  -4  -1  -3  -4  -2   0  -1  -4  -3  -3    0   0  37  63   0   0   0   0   0   0   0   0   0   0   0   0   0   0   0   0  0.78 0.03
   74 F    -3  -3  -3  -4  -3  -4  -4  -4  -2   0   0  -4   0   7  -4  -3  -2   1   3  -1    0   0   0   0   0   0   0   0   0   0   0   0   0 100   0   0   0   0   0   0  0.91 0.05
   75 A     1  -3  -3  -3  -1  -2  -2  -2  -3   2   0  -2   0  -1  -2  -1   0  -3  -2   4   20   0   0   0   0   0   0   0   0   0   0   0   0   0   0   0   0   0   0  80  0.31 0.03
   76 R    -1   3   0  -1  -3   3   0   1   3  -3  -3   1  -1  -3  -2   1  -1  -3  -1  -3    0  34   0   0   0  24   0  13  15   0   0   0   0   0   0  14   0   0   0   0  0.36 0.02
   77 K    -1   1   0  -1  -3   3   1  -2  -1  -2  -2   4  -1  -3  -1   0   2  -3  -2  -2    0   0   0   0   0  27   0   0   0   0   0  49   0   0   0   0  24   0   0   0  0.39 0.03
   78 A     5  -2  -2  -2  -1  -1  -1   0  -2  -2  -2  -1  -1  -3  -1   1   0  -3  -2   0  100   0   0   0   0   0   0   0   0   0   0   0   0   0   0   0   0   0   0   0  0.50 0.04
   79 V     0   0  -1  -2  -2   0  -1  -2  -2   0   1   2   0  -1  -2   1   0  -3  -2   1    0   0   0   0   0   0   0   0   0   0  29  27   0   0   0  24   0   0   0  20  0.11 0.01
   80 A     1  -1   0   3  -2   3   1  -1  -1  -3  -3   0  -1  -3  -1   2   0  -3  -2  -2   20   0   0  24   0  29   0   0   0   0   0   0   0   0   0  27   0   0   0   0  0.33 0.02
   81 A     1  -1   3   0  -2  -1  -1  -1   0  -2  -2  -1  -2   0  -2   2   0  -1   3  -2   20   0  29   0   0   0   0   0   0   0   0   0   0   0   0  27   0   0  24   0  0.28 0.02
   82 G     0   0   0  -1  -3   0  -1   5  -2  -4  -3   3  -2  -3  -2   0  -1  -3  -3  -3    0   0   0   0   0   0   0  61   0   0   0  39   0   0   0   0   0   0   0   0  0.62 0.03
   83 L    -1  -1  -3  -3  -2  -1  -2  -3  -2   1   4   1   1   0  -3  -2  -1  -2  -1   0    0   0   0   0   0   0   0   0   0   0  76  24   0   0   0   0   0   0   0   0  0.30 0.03
   84 M    -1  -3  -3  -4  -2  -2  -3  -4  -3   3   1  -3   3   3  -3  -2  -1  -1   0   2    0   0   0   0   0   0   0   0   0  42   0   0  20  24   0   0   0   0   0  14  0.31 0.02
   85 T     0  -1   0  -1  -1  -1  -1  -2  -2  -1  -2  -1  -1  -2  -1   1   5  -3  -2   0    0   0   0   0   0   0   0   0   0   0   0   0   0   0   0   0 100   0   0   0  0.60 0.05
   86 Q    -1   0  -1  -1  -3   4   2  -2  -1   1  -1   2   0  -2  -2  -1  -1  -3  -2   0    0   0   0   0   0  48  14   0   0  24   0  15   0   0   0   0   0   0   0   0  0.31 0.03
   87 E    -1   2   2   1  -4   3   4  -2   0  -3  -3   2  -2  -3  -2   0  -1  -3  -2  -3    0  13  15   0   0  14  44   0   0   0   0  14   0   0   0   0   0   0   0   0  0.47 0.02
   88 D    -1  -1   0   4  -3   2   3  -2  -1  -3  -3   0  -2  -3  -1   1  -1  -3  -2  -3    0   0   0  34   0  13  37   0   0   0   0   0   0   0   0  15   0   0   0   0  0.54 0.02
   89 A     4  -2  -2  -2  -1  -1  -1  -1  -2   0  -1  -1  -1  -2  -1   1   0  -3  -2   2   76   0   0   0   0   0   0   0   0   0   0   0   0   0   0   0   0   0   0  24  0.32 0.03
   90 N    -1   0   3   3  -3   2   3  -1   0  -3  -3   0  -2  -3  -1   1   0  -3  -2  -3    0   0  20  15   0  14  37   0   0   0   0   0   0   0   0  14   0   0   0   0  0.46 0.02
   91 P     1  -1   0   3  -2   1   0  -2  -1  -1   0  -1  -1  -2   3   0   1  -3  -2  -1   15   0   0  24   0  13   0   0   0   0  14   0   0   0  20   0  14   0   0   0  0.30 0.01
   92 L    -3  -3  -4  -4  -2  -3  -3  -3  -2  -1   1  -3   0   4  -4  -3  -2   9   2  -1    0   0   0   0   0   0   0   0   0   0  20   0   0  27   0   0   0  53   0   0  1.24 0.04
   93 L    -2  -3  -4  -4  -1  -3  -3  -4  -3   4   3  -3   2   0  -3  -3  -1  -2  -1   2    0   0   0   0   0   0   0   0   0  51  49   0   0   0   0   0   0   0   0   0  0.41 0.02
   94 N     2   0   4   0  -2   0   0   0  -1  -3  -3   1  -2  -3  -1   2   0  -3  -2  -2   24   0  34   0   0   0   0   0   0   0   0  15   0   0   0  27   0   0   0   0  0.32 0.02
   95 A     2  -2   0  -1  -1  -1  -1   3  -2  -2  -3  -1  -2  -3  -1   2   0  -3  -2  -2   33   0   0   0   0   0   0  31   0   0   0   0   0   0   0  36   0   0   0   0  0.39 0.01

                      K         Lambda
Standard Ungapped    0.1344     0.3214
Standard Gapped      0.0415     0.2670
PSI Ungapped         0.1357     0.3191
PSI Gapped           0.0415     0.2670
