
Last position-specific scoring matrix computed, weighted observed percentages rounded down, information per position, and relative weight of gapless real matches to pseudocounts
            A   R   N   D   C   Q   E   G   H   I   L   K   M   F   P   S   T   W   Y   V   A   R   N   D   C   Q   E   G   H   I   L   K   M   F   P   S   T   W   Y   V
    1 N    -2   0   6   1  -3   0   0   0   1  -3  -3   0  -2  -3  -2   1   0  -4  -2  -3    0   0   0   0   0   0   0   0   0   0   0   0   0   0   0   0   0   0   0   0  0.00     0.00
    2 R    -1   4   0  -1  -4   1   1  -2  -1  -3  -3   4  -2  -3  -1   0  -1  -3  -2  -3    0  29   0   0   0   0   0   0   0   0   0  71   0   0   0   0   0   0   0   0  0.53 0.00
    3 W    -1   0  -1  -2  -3  -1  -1   4  -2  -4  -3   2  -2  -2  -2  -1  -2   7  -1  -3    0   0   0   0   0   0   0  49   0   0   0  30   0   0   0   0   0  21   0   0  0.61 0.01
    4 W    -1   1  -1  -2  -3   0   0   3  -2  -3  -3   3  -2  -2  -2  -1  -1   7  -1  -3    0   0   0   0   0   0   0  30   0   0   0  49   0   0   0   0   0  21   0   0  0.51 0.01
    5 Q     0   0   4   0  -2   2   0  -1   0  -3  -3   0  -2  -3  -1   3   1  -3  -2  -2    0   0  35   0   0  21   0   0   0   0   0   0   0   0   0  45   0   0   0   0  0.39 0.01
    6 G     0  -3  -1  -2  -3  -2  -2   6  -2  -4  -4  -2  -3  -4  -2   0  -2  -3  -3  -4    0   0   0   0   0   0   0 100   0   0   0   0   0   0   0   0   0   0   0   0  1.07 0.01
    7 V     0  -3  -3  -4  -1  -3  -3  -4  -4   3   1  -3   1  -1  -3  -2   0  -3  -1   4    0   0   0   0   0   0   0   0   0   0   0   0   0   0   0   0   0   0   0 100  0.37 0.01
    8 V    -1  -3  -3  -4  -1  -3  -3  -4  -3   3   2  -3   1   3  -3  -2  -1  -2   0   3    0   0   0   0   0   0   0   0   0  45  15   0   0  19   0   0   0   0   0  21  0.30 0.00
    9 P    -1   0  -1  -1  -3   0   0  -2   3  -3  -3   2  -2  -3   6  -1  -1  -4  -2  -3    0   0   0   0   0   0   0   0  15   0   0  35   0   0  51   0   0   0   0   0  0.90 0.01
   10 T     0  -1   0  -1  -1  -1  -1  -2  -2  -1  -1  -1  -1  -2  -1   1   5  -3  -2   0    0   0   0   0   0   0   0   0   0   0   0   0   0   0   0   0 100   0   0   0  0.51 0.01
   11 V    -1  -3  -3  -4  -1  -3  -3  -4  -4   4   1  -3   1  -1  -3  -2   0  -3  -1   4    0   0   0   0   0   0   0   0   0  49   0   0   0   0   0   0   0   0   0  51  0.36 0.01
   12 S     1  -1   1   0  -1   0   0   0  -1  -3  -3   0  -2  -3  -1   5   1  -3  -2  -2    0   0   0   0   0   0   0   0   0   0   0   0   0   0   0 100   0   0   0   0  0.48 0.01
   13 Y    -2  -1   0  -2  -3   0  -1  -3   8  -3  -3  -1  -2   0  -3  -1  -2  -1   4  -3    0   0   0   0   0   0   0   0  79   0   0   0   0   0   0   0   0   0  21   0  0.77 0.01
   14 E    -1  -1   0   4  -4   1   5  -2   0  -4  -3   0  -3  -4  -1   0  -1  -4  -3  -3    0   0   0  30   0   0  70   0   0   0   0   0   0   0   0   0   0   0   0   0  0.69 0.01
   15 C    -1  -4  -3  -4  10  -3  -4  -3  -3  -1  -2  -3  -2  -3  -3  -1  -1  -3  -3  -1    0   0   0   0 100   0   0   0   0   0   0   0   0   0   0   0   0   0   0   0  1.30 0.02
   16 R    -2   2   3   0  -3   0   0  -2   6  -4  -3   0  -2  -2  -2   0  -1  -3   0  -3    0  21  30   0   0   0   0   0  49   0   0   0   0   0   0   0   0   0   0   0  0.53 0.01
   17 M    -1  -2  -3  -4  -2  -1  -2  -3  -2   1   3  -2   6   0  -3  -2  -1  -2  -1   1    0   0   0   0   0   0   0   0   0   0  19   0  81   0   0   0   0   0   0   0  0.38 0.01
   18 N    -2  -1   6   1  -3   0   0  -1   1  -4  -4   0  -2  -3  -2   1   0  -4  -2  -3    0   0 100   0   0   0   0   0   0   0   0   0   0   0   0   0   0   0   0   0  0.77 0.01
   19 S     1  -1   0  -1  -1   0  -1  -1  -1  -2  -2  -1  -1  -3  -1   3   4  -3  -2  -1    0   0   0   0   0   0   0   0   0   0   0   0   0   0   0  50  50   0   0   0  0.40 0.01
   20 W    -3  -3  -4  -5  -3  -3  -3  -3  -2  -2  -1  -3  -1   4  -4  -3  -3  11   3  -2    0   0   0   0   0   0   0   0   0   0   0   0   0  30   0   0   0  70   0   0  1.65 0.02
   21 Q     1   1   0  -1  -3   5   2  -2   0  -3  -2   1  -1  -3  -1   0  -1  -2  -2  -2   19   0   0   0   0  81   0   0   0   0   0   0   0   0   0   0   0   0   0   0  0.51 0.01
   22 H    -2  -2  -2  -3  -3  -2  -3  -3   4  -1   0  -3   0   6  -4  -2  -2   0   3  -1    0   0   0   0   0   0   0   0  21   0   0   0   0  79   0   0   0   0   0   0  0.59 0.01
   23 V    -1  -2  -3  -4  -1  -2  -3  -4  -3   2   3  -2   3   0  -3  -2  -1  -2  -1   3    0   0   0   0   0   0   0   0   0   0  35   0  15   0   0   0   0   0   0  50  0.30 0.01
   24 F     0  -3  -3  -3  -2  -3  -3  -2  -2   0   0  -3   0   6  -3  -1  -2   0   3  -1   19   0   0   0   0   0   0   0   0   0   0   0   0  81   0   0   0   0   0   0  0.52 0.01
   25 T     0  -1   0  -1  -1  -1  -1  -2  -2  -1  -1  -1  -1  -2  -1   1   5  -3  -2   0    0   0   0   0   0   0   0   0   0   0   0   0   0   0   0   0 100   0   0   0  0.51 0.01
   26 C    -1  -4  -3  -4  10  -3  -4  -3  -3  -1  -2  -3  -2  -3  -3  -1  -1  -3  -3  -1    0   0   0   0 100   0   0   0   0   0   0   0   0   0   0   0   0   0   0   0  1.30 0.02
   27 C    -1  -4  -3  -4  10  -3  -4  -3  -3  -1  -2  -3  -2  -3  -3  -1  -1  -3  -3  -1    0   0   0   0 100   0   0   0   0   0   0   0   0   0   0   0   0   0   0   0  1.30 0.02

                      K         Lambda
Standard Ungapped    0.1344     0.3288
Standard Gapped      0.0421     0.2670
PSI Ungapped         0.1374     0.3163
PSI Gapped           0.0421     0.2670
