
Last position-specific scoring matrix computed, weighted observed percentages rounded down, information per position, and relative weight of gapless real matches to pseudocounts
            A   R   N   D   C   Q   E   G   H   I   L   K   M   F   P   S   T   W   Y   V   A   R   N   D   C   Q   E   G   H   I   L   K   M   F   P   S   T   W   Y   V
    1 G     0  -3   0  -2  -3  -2  -2   6  -2  -4  -4  -2  -3  -4  -2   0  -2  -3  -3  -4    0   0   0   0   0   0   0 100   0   0   0   0   0   0   0   0   0   0   0   0  1.04 0.00
    2 V    -1  -3  -4  -4  -1  -3  -3  -4  -4   4   1  -3   1   0  -3  -2  -1  -3  -1   4    0   0   0   0   0   0   0   0   0  61   0   0   0   0   0   0   0   0   0  39  0.35 0.00
    3 I    -2  -3  -4  -4  -1  -3  -3  -4  -3   3   4  -3   2   0  -3  -3  -1  -2  -1   2    0   0   0   0   0   0   0   0   0  39  61   0   0   0   0   0   0   0   0   0  0.38 0.00
    4 T     0  -2  -1  -2  -1  -1  -2  -2  -2   0   2  -1   0  -1  -2   1   4  -2  -2   0    0   0   0   0   0   0   0   0   0   0  31   0   0   0   0   0  69   0   0   0  0.28 0.00
    5 D    -2  -1   4   6  -4   0   1  -1  -1  -4  -4  -1  -3  -4  -2   0  -1  -5  -3  -3    0   0  31  69   0   0   0   0   0   0   0   0   0   0   0   0   0   0   0   0  0.73 0.00
    6 A     3  -1  -1  -1  -1  -1  -1  -1  -2  -1  -1  -1  -1  -2  -1   1   4  -3  -2   0   39   0   0   0   0   0   0   0   0   0   0   0   0   0   0   0  61   0   0   0  0.33 0.00
    7 L    -2  -2  -4  -4  -1  -2  -3  -4  -3   2   4  -3   2   0  -3  -3  -1  -2  -1   1    0   0   0   0   0   0   0   0   0   0 100   0   0   0   0   0   0   0   0   0  0.46 0.00
    8 K    -1   2   0  -1  -3   1   1  -2  -1  -3  -3   5  -2  -4  -1   0  -1  -3  -2  -3    0   0   0   0   0   0   0   0   0   0   0 100   0   0   0   0   0   0   0   0  0.52 0.00
    9 G     0  -3   0  -2  -3  -2  -2   6  -2  -4  -4  -2  -3  -4  -2   0  -2  -3  -3  -4    0   0   0   0   0   0   0 100   0   0   0   0   0   0   0   0   0   0   0   0  1.04 0.00
   10 A     4  -2  -2  -2   0  -1  -1   0  -2  -2  -2  -1  -1  -3  -1   1   0  -3  -2   0  100   0   0   0   0   0   0   0   0   0   0   0   0   0   0   0   0   0   0   0  0.41 0.00
   11 A     4  -2  -2  -2   0  -1  -1   0  -2  -2  -2  -1  -1  -3  -1   1   0  -3  -2   0  100   0   0   0   0   0   0   0   0   0   0   0   0   0   0   0   0   0   0   0  0.41 0.00
   12 K    -1   2   0  -1  -3   1   1  -2  -1  -3  -3   5  -2  -4  -1   0  -1  -3  -2  -3    0   0   0   0   0   0   0   0   0   0   0 100   0   0   0   0   0   0   0   0  0.52 0.00
   13 T    -1  -1   5   1  -2   0  -1  -1   0  -2  -3   0  -2  -3  -2   1   3  -4  -2  -2    0   0  61   0   0   0   0   0   0   0   0   0   0   0   0   0  39   0   0   0  0.46 0.00
   14 V     0  -3  -3  -4  -1  -3  -3  -4  -4   3   1  -3   1  -1  -3  -2   0  -3  -1   4    0   0   0   0   0   0   0   0   0   0   0   0   0   0   0   0   0   0   0 100  0.35 0.00
   15 A     4  -2  -2  -2   0  -1  -1   0  -2  -2  -2  -1  -1  -3  -1   1   0  -3  -2   0  100   0   0   0   0   0   0   0   0   0   0   0   0   0   0   0   0   0   0   0  0.41 0.00
   16 A     3  -2  -1  -2  -2  -2  -2   5  -2  -3  -3  -1  -2  -3  -2   0  -1  -3  -3  -2   39   0   0   0   0   0   0  61   0   0   0   0   0   0   0   0   0   0   0   0  0.60 0.00
   17 E    -1  -2  -2   0  -2   0   3  -3  -2   2   0  -1   0  -2  -2  -1   0  -3  -2   3    0   0   0   0   0   0  39   0   0   0   0   0   0   0   0   0   0   0   0  61  0.21 0.00
   18 L    -2  -2  -4  -4  -1  -2  -3  -4  -3   2   4  -3   2   0  -3  -3  -1  -2  -1   1    0   0   0   0   0   0   0   0   0   0 100   0   0   0   0   0   0   0   0   0  0.46 0.00
   19 L    -2  -2  -4  -4  -1  -2  -3  -4  -3   2   4  -3   2   0  -3  -3  -1  -2  -1   1    0   0   0   0   0   0   0   0   0   0 100   0   0   0   0   0   0   0   0   0  0.46 0.00
   20 R    -2   4   1   5  -4   0   1  -2  -1  -3  -3   1  -3  -4  -2  -1  -1  -4  -3  -3    0  39   0  61   0   0   0   0   0   0   0   0   0   0   0   0   0   0   0   0  0.59 0.00
   21 K    -1   2   0  -1  -3   1   1  -2  -1  -3  -3   5  -2  -4  -1   0  -1  -3  -2  -3    0   0   0   0   0   0   0   0   0   0   0 100   0   0   0   0   0   0   0   0  0.52 0.00
   22 A     2  -2  -3  -3  -1  -2  -2  -2  -3   1   3  -2   1   0  -2  -1  -1  -2  -2   0   39   0   0   0   0   0   0   0   0   0  61   0   0   0   0   0   0   0   0   0  0.22 0.00
   23 H    -1   2   0  -1  -3   1   1  -2   6  -3  -3   4  -2  -3  -2  -1  -1  -3   0  -3    0   0   0   0   0   0   0   0  39   0   0  61   0   0   0   0   0   0   0   0  0.45 0.00
   24 C     0  -4  -3  -4  10  -3  -4  -3  -3  -1  -1  -3  -2  -3  -3  -1  -1  -3  -3  -1    0   0   0   0 100   0   0   0   0   0   0   0   0   0   0   0   0   0   0   0  1.22 0.00
   25 K    -1   2   0  -1  -3   1   1  -2  -1  -3  -3   5  -2  -4  -1   0  -1  -3  -2  -3    0   0   0   0   0   0   0   0   0   0   0 100   0   0   0   0   0   0   0   0  0.52 0.00
   26 L    -2  -3  -4  -4  -1  -3  -3  -4  -3   4   3  -3   2   0  -3  -3  -1  -2  -1   2    0   0   0   0   0   0   0   0   0  61  39   0   0   0   0   0   0   0   0   0  0.36 0.00
   27 T     0  -1   0  -1  -1  -1  -1  -2  -2  -1  -1  -1  -1  -2  -1   2   5  -3  -2   0    0   0   0   0   0   0   0   0   0   0   0   0   0   0   0   0 100   0   0   0  0.48 0.00
   28 N     0  -2   4   0  -3  -1  -1   5  -1  -4  -4  -1  -3  -3  -2   0  -1  -3  -3  -3    0   0  39   0   0   0   0  61   0   0   0   0   0   0   0   0   0   0   0   0  0.67 0.00
   29 S     1  -2   0  -1  -2  -1  -1   5  -2  -4  -4  -1  -2  -3  -2   2   0  -3  -3  -3    0   0   0   0   0   0   0  61   0   0   0   0   0   0   0  39   0   0   0   0  0.60 0.00
   30 C     0  -4  -3  -4  10  -3  -4  -3  -3  -1  -1  -3  -2  -3  -3  -1  -1  -3  -3  -1    0   0   0   0 100   0   0   0   0   0   0   0   0   0   0   0   0   0   0   0  1.22 0.00

                      K         Lambda
Standard Ungapped    0.1271     0.3183
Standard Gapped      0.0433     0.2670
PSI Ungapped         0.1413     0.3234
PSI Gapped           0.0433     0.2670
