
Last position-specific scoring matrix computed, weighted observed percentages rounded down, information per position, and relative weight of gapless real matches to pseudocounts
            A   R   N   D   C   Q   E   G   H   I   L   K   M   F   P   S   T   W   Y   V   A   R   N   D   C   Q   E   G   H   I   L   K   M   F   P   S   T   W   Y   V
    1 A     4  -1  -1  -1  -1  -1  -1   0  -1  -2  -2  -1  -1  -3  -1   3   1  -3  -2  -1   64   0   0   0   0   0   0   0   0   0   0   0   0   0   0  36   0   0   0   0  0.36 0.01
    2 K    -1   1   0  -1  -2   1   0  -2  -1  -2  -2   4  -1  -3  -1   0   2  -3  -2  -2    0   0   0   0   0   0   0   0   0   0   0  68   0   0   0   0  32   0   0   0  0.37 0.01
    3 Y    -2  -2  -3  -4  -3  -2  -3  -3   1  -1  -1  -2  -1   5  -3  -2  -2   2   6  -1    0   0   0   0   0   0   0   0   0   0   0   0   0  36   0   0   0   0  64   0  0.76 0.02
    4 T     0  -1   3   0  -2  -1  -1   3  -1  -3  -3  -1  -2  -3  -2   1   2  -3  -2  -2    0   0  32   0   0   0   0  36   0   0   0   0   0   0   0   0  32   0   0   0  0.41 0.01
    5 G     0  -3  -1  -1  -3  -2  -2   6  -2  -4  -4  -2  -3  -3  -2   0  -2  -3  -3  -3    0   0   0   0   0   0   0 100   0   0   0   0   0   0   0   0   0   0   0   0  1.08 0.01
    6 K    -1   2   0   0  -4   2   3  -2  -1  -3  -3   4  -2  -3  -1   0  -1  -3  -2  -3    0   0   0   0   0   0  36   0   0   0   0  64   0   0   0   0   0   0   0   0  0.50 0.01
    7 C    -1  -4  -3  -4  10  -3  -4  -3  -3  -1  -2  -3  -2  -3  -3  -1  -1  -3  -3  -1    0   0   0   0 100   0   0   0   0   0   0   0   0   0   0   0   0   0   0   0  1.32 0.03
    8 T     0  -1   0  -1  -1  -1  -1  -2   0  -2  -2  -1  -1   1  -2   2   3   0   4  -1    0   0   0   0   0   0   0   0   0   0   0   0   0   0   0  36  32   0  32   0  0.31 0.01
    9 K    -1   1  -1  -2  -3   0   0  -2  -1  -1   2   4   0  -1  -2  -1  -1  -3  -2  -1    0   0   0   0   0   0   0   0   0   0  36  64   0   0   0   0   0   0   0   0  0.24 0.01
   10 S     0   2   0  -1  -2   1   0  -1  -1  -3  -3   4  -2  -3  -1   2   0  -3  -2  -2    0   0   0   0   0   0   0   0   0   0   0  68   0   0   0  32   0   0   0   0  0.39 0.01
   11 K    -2   0   1   3  -3   1   1  -2   5  -3  -3   2  -2  -3  -2  -1  -1  -3   0  -3    0   0   0  32   0   0   0   0  36   0   0  32   0   0   0   0   0   0   0   0  0.45 0.01
   12 N    -2  -1   6   1  -3   0   0  -1   1  -4  -4   0  -2  -3  -2   1   0  -4  -2  -3    0   0 100   0   0   0   0   0   0   0   0   0   0   0   0   0   0   0   0   0  0.78 0.02
   13 E    -1  -1  -1   0  -2   0   2  -3  -2   2   0  -1   0  -2  -2   0   3  -3  -2   1    0   0   0   0   0   0  32   0   0  32   0   0   0   0   0   0  36   0   0   0  0.19 0.01
   14 C    -1  -4  -3  -4  10  -3  -4  -3  -3  -1  -2  -3  -2  -3  -3  -1  -1  -3  -3  -1    0   0   0   0 100   0   0   0   0   0   0   0   0   0   0   0   0   0   0   0  1.32 0.03
   15 K    -1   1   0  -1  -2   1   0  -2  -1  -2  -2   4  -1  -3  -1   0   3  -3  -2  -1    0   0   0   0   0   0   0   0   0   0   0  64   0   0   0   0  36   0   0   0  0.36 0.01
   16 Y    -2  -2  -2  -3  -3  -2  -2  -3   2  -2  -1  -2  -1   3  -3  -2  -2   2   7  -1    0   0   0   0   0   0   0   0   0   0   0   0   0   0   0   0   0   0 100   0  0.94 0.02
   17 K    -1   1  -1  -2  -3   0   0  -2  -1  -1   2   4   0  -1  -2  -1  -1  -3  -2  -1    0   0   0   0   0   0   0   0   0   0  36  64   0   0   0   0   0   0   0   0  0.24 0.01
   18 N     2   1   3   0  -2   0   0  -1  -1  -3  -3   3  -2  -3  -1   1   0  -3  -2  -2   32   0  32   0   0   0   0   0   0   0   0  36   0   0   0   0   0   0   0   0  0.29 0.01
   19 D    -1   0   1   4  -2   3   1  -1   0  -2  -2   0  -1  -2  -1   0  -1  -2  -1  -2    3   2   2  34   1  34   2   3   1   2   3   2   1   1   2   3   2   0   1   2  0.29 0.00
   20 A     2  -2   0  -1  -1  -1  -1   4  -2  -3  -3  -1  -2  -3  -1   2   0  -3  -2  -2   32   0   0   0   0   0   0  36   0   0   0   0   0   0   0  32   0   0   0   0  0.41 0.01
   21 G     0  -3  -1  -1  -3  -2  -2   6  -2  -4  -4  -2  -3  -3  -2   0  -2  -3  -3  -3    0   0   0   0   0   0   0 100   0   0   0   0   0   0   0   0   0   0   0   0  1.08 0.01
   22 K    -1   2   0  -1  -3   1   1  -2  -1  -3  -3   5  -2  -3  -1   0  -1  -3  -2  -3    0   0   0   0   0   0   0   0   0   0   0 100   0   0   0   0   0   0   0   0  0.56 0.02
   23 D    -1  -1   4   4  -2   0   0  -1  -1  -2  -3  -1  -2  -3  -2   1   2  -4  -2  -2    0   0  36  32   0   0   0   0   0   0   0   0   0   0   0   0  32   0   0   0  0.44 0.01
   24 T     2  -1   0  -1  -1   0  -1  -1   5  -2  -2  -1  -1  -2  -1   1   2  -3   0  -1   32   0   0   0   0   0   0   0  36   0   0   0   0   0   0   0  32   0   0   0  0.30 0.01
   25 F    -1  -3  -3  -4  -2  -3  -3  -4  -3   3   1  -3   1   4  -3  -2  -1  -1   1   3    0   0   0   0   0   0   0   0   0  32   0   0   0  32   0   0   0   0   0  36  0.31 0.01
   26 I    -1  -3  -3  -4   6  -3  -3  -3  -3   3   1  -3   0  -1  -3  -2  -1  -3  -2   3    0   0   0   0  32   0   0   0   0  32   0   0   0   0   0   0   0   0   0  36  0.41 0.01
   27 K    -1   1   4   0  -3   1   0  -1   0  -3  -3   4  -2  -3  -1   0  -1  -4  -2  -3    0   0  36   0   0   0   0   0   0   0   0  64   0   0   0   0   0   0   0   0  0.45 0.01
   28 C    -1  -4  -3  -4  10  -3  -4  -3  -3  -1  -2  -3  -2  -3  -3  -1  -1  -3  -3  -1    0   0   0   0 100   0   0   0   0   0   0   0   0   0   0   0   0   0   0   0  1.32 0.03
   29 P    -1  -2  -2  -2  -3  -2  -2   3   0  -3  -3  -2  -2   0   5  -1  -2   0   4  -2    0   0   0   0   0   0   0  36   0   0   0   0   0   0  32   0   0   0  32   0  0.65 0.01
   30 K     0   1   0   0  -1   1   0  -1  -1  -2  -2   3  -1  -2   0   2   0  -2  -1  -1    3   2   1   2   1   1   2   2   1   2   3  34   1   1   2  38   2   0   1   2  0.19 0.00
   31 F     2  -1  -1  -1  -1  -1  -1  -1  -1  -1   0  -1   0   4  -1   0  -1   0   1   0   38   2   1   2   1   1   2   2   1   2   3   2   1  33   2   2   2   0   1   2  0.13 0.00
   32 D     2  -1   0   3  -1   0   0   0  -1  -1  -2   0  -1  -2  -1   0   0  -2  -2  -1   38   2   1  34   1   1   2   2   1   2   3   2   1   1   2   2   2   0   1   2  0.21 0.00
   33 N    -1  -1   5   0  -2  -1  -1  -1   0   0  -1  -1  -1  -2  -2   0   0  -4  -2   1    0   0  68   0   0   0   0   0   0   0   0   0   0   0   0   0   0   0   0  32  0.36 0.01
   34 K    -1   2   0  -1  -3   1   1  -2  -1  -3  -3   5  -2  -3  -1   0  -1  -3  -2  -3    0   0   0   0   0   0   0   0   0   0   0 100   0   0   0   0   0   0   0   0  0.56 0.02
   35 K    -1   2   0  -1  -3   1   1  -2  -1  -3  -3   5  -2  -3  -1   0  -1  -3  -2  -3    0   0   0   0   0   0   0   0   0   0   0 100   0   0   0   0   0   0   0   0  0.56 0.02
   36 C    -1  -4  -3  -4  10  -3  -4  -3  -3  -1  -2  -3  -2  -3  -3  -1  -1  -3  -3  -1    0   0   0   0 100   0   0   0   0   0   0   0   0   0   0   0   0   0   0   0  1.32 0.03
   37 T    -1   0  -1  -1  -2   0   0  -2  -2  -2  -2   3  -2  -3   5   0   2  -3  -2  -2    0   0   0   0   0   0   0   0   0   0   0  36   0   0  32   0  32   0   0   0  0.56 0.01
   38 K     0   4   0  -1  -2   1   0  -1  -1  -3  -3   3  -2  -3  -1   2   0  -3  -2  -2    0  32   0   0   0   0   0   0   0   0   0  32   0   0   0  36   0   0   0   0  0.38 0.01
   39 D    -2  -2   1   6  -4   0   2  -2  -1  -3  -4  -1  -3  -4  -2   0  -1  -5  -3  -3    0   0   0 100   0   0   0   0   0   0   0   0   0   0   0   0   0   0   0   0  0.98 0.02
   40 N    -1   3   3   0  -3   0  -1   3   0  -4  -3   1  -2  -3  -2   0  -1  -3  -2  -3    0  36  32   0   0   0   0  32   0   0   0   0   0   0   0   0   0   0   0   0  0.44 0.01
   41 N     2  -1   3   0  -2   0   0  -1   5  -3  -3  -1  -2  -2  -2   0  -1  -3   0  -2   32   0  32   0   0   0   0   0  36   0   0   0   0   0   0   0   0   0   0   0  0.36 0.01
   42 K    -1   2   0  -1  -3   1   0  -2   5  -3  -3   4  -2  -3  -2  -1  -1  -3   0  -3    0   0   0   0   0   0   0   0  36   0   0  64   0   0   0   0   0   0   0   0  0.47 0.01
   43 C    -1  -4  -3  -4  10  -3  -4  -3  -3  -1  -2  -3  -2  -3  -3  -1  -1  -3  -3  -1    0   0   0   0 100   0   0   0   0   0   0   0   0   0   0   0   0   0   0   0  1.32 0.03
   44 T    -1   0   0   1  -3   1   4  -2  -1  -2  -2   0  -2  -3  -1   0   2  -3  -2  -2    0   0   0   0   0   0  68   0   0   0   0   0   0   0   0   0  32   0   0   0  0.49 0.01
   45 V    -1  -3  -3  -4  -2  -2  -3  -3   0   1   0  -3   0   4  -3  -2  -1   1   5   2    0   0   0   0   0   0   0   0   0   0   0   0   0  32   0   0   0   0  36  32  0.42 0.01
   46 D    -2  -2   1   6  -4   0   2  -2  -1  -3  -4  -1  -3  -4  -2   0  -1  -5  -3  -3    0   0   0 100   0   0   0   0   0   0   0   0   0   0   0   0   0   0   0   0  0.98 0.02
   47 T     0  -1   0   0  -2   1   3  -1  -1  -2  -2   0  -2  -3  -1   2   3  -3  -2  -1    0   0   0   0   0   0  36   0   0   0   0   0   0   0   0  32  32   0   0   0  0.35 0.01
   48 Y    -2  -1  -1  -2  -3  -1  -1  -3   6  -2  -2  -2  -1   2  -3  -2  -2   1   6  -2    0   0   0   0   0   0   0   0  36   0   0   0   0   0   0   0   0   0  64   0  0.72 0.02
   49 N    -1   1   4   0  -3   1   0  -1   5  -3  -3   2  -2  -3  -2   0  -1  -3   0  -3    0   0  32   0   0   0   0   0  36   0   0  32   0   0   0   0   0   0   0   0  0.44 0.01
   50 N    -1   0   3   0  -3   0   0   3  -1  -3  -3   3  -2  -3  -2   0  -1  -3  -2  -3    0   0  32   0   0   0   0  32   0   0   0  36   0   0   0   0   0   0   0   0  0.41 0.01
   51 A     3   4  -1  -2  -2   0  -1  -1  -1  -2  -2   1  -1  -3  -2   0  -1  -3  -2  -1   50  50   0   0   0   0   0   0   0   0   0   0   0   0   0   0   0   0   0   0  0.35 0.00
   52 V     0  -3  -3  -3  -1  -2  -3  -3  -3   3   1  -2   1  -1  -3  -2   0  -3  -1   4    0   0   0   0   0   0   0   0   0   0   0   0   0   0   0   0   0   0   0 100  0.35 0.00
   53 D    -2  -2   1   6  -4   0   2  -1  -1  -3  -4  -1  -3  -4  -2   0  -1  -5  -3  -3    0   0   0 100   0   0   0   0   0   0   0   0   0   0   0   0   0   0   0   0  0.93 0.00
   54 C     0  -4  -3  -4   9  -3  -4  -3  -3  -1  -1  -3  -2  -3  -3  -1  -1  -3  -3  -1    0   0   0   0 100   0   0   0   0   0   0   0   0   0   0   0   0   0   0   0  1.22 0.01
   55 D    -2  -2   1   6  -3   0   1  -1  -1  -3  -4  -1  -3  -3  -1   0  -1  -4  -3  -3    0   0   0   0   0   0   0   0   0   0   0   0   0   0   0   0   0   0   0   0  0.00     0.00

                      K         Lambda
Standard Ungapped    0.1294     0.3130
Standard Gapped      0.0410     0.2670
PSI Ungapped         0.1294     0.3130
PSI Gapped           0.0410     0.2670
