
Last position-specific scoring matrix computed, weighted observed percentages rounded down, information per position, and relative weight of gapless real matches to pseudocounts
            A   R   N   D   C   Q   E   G   H   I   L   K   M   F   P   S   T   W   Y   V   A   R   N   D   C   Q   E   G   H   I   L   K   M   F   P   S   T   W   Y   V
    1 D    -2  -1   4   4  -4   1   3  -1   0  -4  -4   0  -3  -4  -2   0  -1  -4  -3  -3    0   0  38  32   0   0  30   0   0   0   0   0   0   0   0   0   0   0   0   0  0.56 0.00
    2 P    -1  -2  -2  -2  -3  -1  -1  -2  -3  -3  -3  -1  -3  -4   8  -1  -1  -4  -3  -3    0   0   0   0   0   0   0   0   0   0   0   0   0   0 100   0   0   0   0   0  2.04 0.00
    3 V     0  -3  -3  -4  -1  -3  -3  -4  -4   3   1  -3   1  -1  -3  -2   0  -3  -1   4    0   0   0   0   0   0   0   0   0   0   0   0   0   0   0   0   0   0   0 100  0.35 0.00
    4 T     1  -1   0  -1  -1   0   0  -1  -1  -2  -2   0  -1  -3  -1   4   3  -3  -2  -1    0   0   0   0   0   0   0   0   0   0   0   0   0   0   0  68  32   0   0   0  0.39 0.00
    5 Y    -1  -3  -3  -4   9  -3  -3  -3  -1  -1  -1  -3  -1   1  -3  -1  -1   0   4  -1    0   0   0   0  68   0   0   0   0   0   0   0   0   0   0   0   0   0  32   0  0.80 0.00
    6 I    -2  -3  -4  -4  -1  -3  -4  -4  -4   4   3  -3   2   0  -3  -3  -1  -3  -1   2    0   0   0   0   0   0   0   0   0  62  38   0   0   0   0   0   0   0   0   0  0.36 0.00
    7 R    -2   6  -1  -2  -4   1   0  -3   0  -3  -3   2  -2  -3  -2  -1  -1  -3  -2  -3    0 100   0   0   0   0   0   0   0   0   0   0   0   0   0   0   0   0   0   0  0.77 0.01
    8 N    -1   1   4   1  -3   1   3  -1   0  -4  -3   3  -2  -4  -2   0  -1  -4  -2  -3    0   0  43   0   0   0  27   0   0   0   0  30   0   0   0   0   0   0   0   0  0.44 0.00
    9 G     0  -3  -1  -2  -3  -2  -2   6  -2  -4  -4  -2  -3  -4  -2   0  -2  -3  -4  -4    0   0   0   0   0   0   0 100   0   0   0   0   0   0   0   0   0   0   0   0  1.05 0.01
   10 G     0  -3  -1  -2  -3  -2  -2   6  -2  -4  -4  -2  -3  -4  -2   0  -2  -3  -4  -4    0   0   0   0   0   0   0 100   0   0   0   0   0   0   0   0   0   0   0   0  1.05 0.01
   11 I    -1   3  -1  -1  -3   0   2  -3  -1   2   0   0   0  -2  -2  -1  -1  -3  -2   1    0  30   0   0   0   0  27   0   0  43   0   0   0   0   0   0   0   0   0   0  0.18 0.00
   12 C    -1  -4  -3  -4  10  -3  -4  -3  -3  -1  -2  -4  -2  -3  -3  -1  -1  -3  -3  -1    0   0   0   0 100   0   0   0   0   0   0   0   0   0   0   0   0   0   0   0  1.26 0.01
   13 Q    -2  -1  -2  -2  -3   4   0  -3  -1  -1   1   0   0   0  -3  -1  -1   8   0  -1    0   0   0   0   0  43   0   0   0   0  27   0   0   0   0   0   0  30   0   0  0.56 0.00
   14 Y    -2   0   3  -1  -3   3   0  -2   1  -3  -2   0  -1   1  -2   0  -1   0   5  -2    0   0  30   0   0  27   0   0   0   0   0   0   0   0   0   0   0   0  43   0  0.38 0.00
   15 R    -2   6  -1  -2  -4   1   0  -3   0  -3  -3   2  -2  -3  -2  -1  -1  -3  -2  -3    0 100   0   0   0   0   0   0   0   0   0   0   0   0   0   0   0   0   0   0  0.77 0.01
   16 C    -1  -4  -3  -4  10  -3  -4  -3  -3  -1  -2  -4  -2  -3  -3  -1  -1  -3  -3  -1    0   0   0   0 100   0   0   0   0   0   0   0   0   0   0   0   0   0   0   0  1.26 0.01
   17 I    -2  -3  -4  -4  -1  -3  -4  -4  -4   5   2  -3   1   0  -3  -3  -1  -3  -2   3    0   0   0   0   0   0   0   0   0 100   0   0   0   0   0   0   0   0   0   0  0.41 0.01
   18 G     0  -3  -1  -2  -3  -2  -2   6  -2  -4  -4  -2  -3  -4  -2   0  -2  -3  -4  -4    0   0   0   0   0   0   0 100   0   0   0   0   0   0   0   0   0   0   0   0  1.05 0.01
   19 L    -2  -2   3  -1  -2  -2  -2  -3  -2   1   3  -2   1   0  -3  -1  -1  -2  -2   0    0   0  30   0   0   0   0   0   0   0  70   0   0   0   0   0   0   0   0   0  0.24 0.00
   20 R    -1   4  -1  -2  -2   0  -1  -3  -1  -1  -1   1  -1   3  -2   0   2  -1   0  -1    0  43   0   0   0   0   0   0   0   0   0   0   0  27   0   0  30   0   0   0  0.26 0.00
   21 H    -2   3   0  -1  -4   1   0  -2   8  -4  -3   0  -2  -2  -3  -1  -2  -3   1  -3    0  30   0   0   0   0   0   0  70   0   0   0   0   0   0   0   0   0   0   0  0.66 0.01
   22 K    -1   2   0  -1  -3   4   1  -2   0  -3  -3   4  -1  -4  -1   0  -1  -3  -2  -3    0   0   0   0   0  30   0   0   0   0   0  70   0   0   0   0   0   0   0   0  0.49 0.00
   23 I    -2  -3  -4  -4  -1  -3  -4  -4  -4   5   2  -3   1   0  -3  -3  -1  -3  -2   3    0   0   0   0   0   0   0   0   0 100   0   0   0   0   0   0   0   0   0   0  0.41 0.01
   24 G     0  -3  -1  -2  -3  -2  -2   6  -2  -4  -4  -2  -3  -4  -2   0  -2  -3  -4  -4    0   0   0   0   0   0   0 100   0   0   0   0   0   0   0   0   0   0   0   0  1.05 0.01
   25 T     0  -1   0  -1  -1  -1  -1  -1  -2  -1  -2  -1  -1  -3  -1   3   5  -3  -2  -1    0   0   0   0   0   0   0   0   0   0   0   0   0   0   0  30  70   0   0   0  0.41 0.00
   26 C    -1  -4  -3  -4  10  -3  -4  -3  -3  -1  -2  -4  -2  -3  -3  -1  -1  -3  -3  -1    0   0   0   0 100   0   0   0   0   0   0   0   0   0   0   0   0   0   0   0  1.26 0.01
   27 G     0  -2   3   0  -3  -1  -2   6  -1  -4  -4  -1  -3  -4  -2   0  -1  -3  -3  -4    0   0  27   0   0   0   0  73   0   0   0   0   0   0   0   0   0   0   0   0  0.75 0.00
   28 S     0  -2  -1  -2  -1  -1  -2  -2  -2   0   0  -2   0   3  -2   2   0  -1   1   1    0   0   0   0   0   0   0   0   0   0   0   0   0  27   0  43   0   0   0  30  0.15 0.00
   29 P    -1   3  -2  -2  -3  -1  -1  -3  -2  -3  -3   0  -2  -4   7  -1  -1  -4  -3  -3    0  27   0   0   0   0   0   0   0   0   0   0   0   0  73   0   0   0   0   0  1.38 0.01
   30 F    -3  -3  -3  -4  -3  -4  -4  -4  -1   0   0  -4   0   7  -4  -3  -2   1   3  -1    0   0   0   0   0   0   0   0   0   0   0   0   0 100   0   0   0   0   0   0  0.76 0.01
   31 K    -1   2   0  -1  -4   1   1  -2  -1  -3  -3   5  -2  -4  -1   0  -1  -3  -2  -3    0   0   0   0   0   0   0   0   0   0   0 100   0   0   0   0   0   0   0   0  0.53 0.01
   32 C    -1  -4  -3  -4  10  -3  -4  -3  -3  -1  -2  -4  -2  -3  -3  -1  -1  -3  -3  -1    0   0   0   0 100   0   0   0   0   0   0   0   0   0   0   0   0   0   0   0  1.26 0.01
   33 C    -1  -4  -3  -4  10  -3  -4  -3  -3  -1  -2  -4  -2  -3  -3  -1  -1  -3  -3  -1    0   0   0   0 100   0   0   0   0   0   0   0   0   0   0   0   0   0   0   0  1.26 0.01
   34 K    -1   2   0  -1  -4   1   1  -2  -1  -3  -3   5  -2  -4  -1   0  -1  -3  -2  -3    0   0   0   0   0   0   0   0   0   0   0 100   0   0   0   0   0   0   0   0  0.53 0.01

                      K         Lambda
Standard Ungapped    0.1513     0.3311
Standard Gapped      0.0410     0.2670
PSI Ungapped         0.1513     0.3311
PSI Gapped           0.0410     0.2670
