
Last position-specific scoring matrix computed, weighted observed percentages rounded down, information per position, and relative weight of gapless real matches to pseudocounts
           A  R  N  D  C  Q  E  G  H  I  L  K  M  F  P  S  T  W  Y  V   A   R   N   D   C   Q   E   G   H   I   L   K   M   F   P   S   T   W   Y   V
    1 K   -1  1  4  0 -3  1  0 -1  0 -3 -3  4 -2 -3 -2  0 -1 -4 -2 -3    0   0  35   0   0   0   0   0   0   0   0  65   0   0   0   0   0   0   0   0  0.48 0.02
    2 P   -1 -3 -3 -3 -2 -3 -3 -3 -3  2  1 -2  0  3  3 -2 -1 -1  0  2    0   0   0   0   0   0   0   0   0  22   7   0   0  27  20   0   0   0   0  24  0.34 0.01
    3 F   -2 -3 -3 -4 -3 -3 -4 -4 -2  0  1 -3  0  7 -4 -3 -2  1  3 -1    0   0   0   0   0   0   0   0   0   0  10   0   0  90   0   0   0   0   0   0  0.78 0.04
    4 K   -1  2  0 -1 -3  1  1 -2 -1 -3 -3  5 -2 -4 -1  0 -1 -3 -2 -3    0   0   0   0   0   0   0   0   0   0   0 100   0   0   0   0   0   0   0   0  0.63 0.04
    5 K   -1  1  0  1 -4  1  3 -2 -1 -3 -3  4 -2 -4 -1  0 -1 -3 -2 -3    0   0   0   6   0   0  34   0   0   0   0  60   0   0   0   0   0   0   0   0  0.51 0.02
    6 L   -2 -3 -4 -4 -1 -3 -3 -4 -3  4  3 -3  1  0 -3 -3 -1 -3 -1  2    0   0   0   0   0   0   0   0   0  69  31   0   0   0   0   0   0   0   0   0  0.42 0.02
    7 E   -1  0 -1  1 -4  2  6 -2  0 -4 -3  1 -2 -4 -1  0 -1 -3 -2 -3    0   0   0   0   0   0 100   0   0   0   0   0   0   0   0   0   0   0   0   0  0.84 0.04
    8 K   -1  4  0 -1 -3  1  0  1 -1 -3 -3  4 -2 -3 -2 -1 -1 -3 -2 -3    0  27   0   0   0   0   0  10   0   0   0  62   0   0   0   0   0   0   0   0  0.49 0.02
    9 V    2 -2 -3 -3 -1 -2 -2 -2 -3  2  1 -2  2 -1 -2 -1  0 -3 -2  3   25   0   0   0   0   0   0   0   0   0   0   0  17   0   0   0   0   0   0  58  0.24 0.02
   10 G    0 -3 -1 -2 -3 -2 -2  6 -2 -2 -3 -2 -2 -3 -2 -1 -2 -3 -3 -1    0   0   0   0   0   0   0  88   0   0   0   0   0   0   0   0   0   0   0  12  0.87 0.03
   11 R    0  4  0 -1 -3  4  1 -2  0 -3 -2  2 -1 -3 -2  0 -1 -3 -2 -2    7  44   0   0   0  49   0   0   0   0   0   0   0   0   0   0   0   0   0   0  0.55 0.03
   12 N   -2  4  5  0 -3  0  0 -1  2 -4 -3  1 -2 -3 -2  0 -1 -4 -2 -3    0  45  51   0   0   0   0   0   4   0   0   0   0   0   0   0   0   0   0   0  0.56 0.03
   13 I   -1 -3 -3 -3 -1 -3 -3 -4 -3  4  1 -3  1 -1 -3 -2  1 -3 -2  3    0   0   0   0   0   0   0   0   0  45   0   0   0   0   0   0   7   0   0  47  0.35 0.02
   14 R   -2  6 -1 -2 -4  1  0 -3  0 -3 -3  2 -2 -3 -2 -1 -1 -3 -2 -3    0 100   0   0   0   0   0   0   0   0   0   0   0   0   0   0   0   0   0   0  0.88 0.04
   15 D   -2 -2  2  6 -4 -1  1 -2 -1 -4 -4 -1 -3 -4 -2  0 -1 -5 -3 -4    0   0   8  92   0   0   0   0   0   0   0   0   0   0   0   0   0   0   0   0  0.97 0.04
   16 G    2 -2 -1 -2 -2 -1 -2  5 -2 -3 -3 -1 -2 -3 -2  1 -1 -3 -3 -2   29   0   0   0   0   0   0  60   0   0   0   0   0   0   0  10   0   0   0   0  0.62 0.02
   17 I   -1 -3 -3 -4 -1 -3 -3 -4 -4  4  2 -3  1  0 -3 -2 -1 -3 -1  3    0   0   0   0   0   0   0   0   0  57   8   0   0   0   0   0   0   0   0  35  0.39 0.02
   18 I   -1 -3 -3 -3 -1 -3 -3 -4 -3  4  1 -3  1  0 -3 -2 -1 -3 -2  3    5   0   0   0   0   0   0   0   0  81   0   0   0   0   0   0   0   0   0  14  0.40 0.03
   19 K    0  1  0 -1 -2  1  0 -1 -1 -3 -3  4 -2 -3 -1  3  0 -3 -2 -2    0   0   0   0   0   0   0   0   0   0   0  60   0   0   0  40   0   0   0   0  0.41 0.03
   20 A    5 -2 -2 -2 -1 -1 -1  0 -2 -2 -2 -1 -1 -3 -1  1  0 -3 -2  0  100   0   0   0   0   0   0   0   0   0   0   0   0   0   0   0   0   0   0   0  0.49 0.03
   21 G    1 -2 -1 -2 -2 -2 -2  6 -2 -4 -4 -2 -3 -3 -2  0 -2 -3 -3 -3   17   0   0   0   0   0   0  83   0   0   0   0   0   0   0   0   0   0   0   0  0.89 0.03
   22 P   -1 -3 -2 -2 -3 -2 -1 -3 -3 -3 -3 -1 -3 -4  8 -1 -1 -4 -3 -3    0   0   0   0   0   0   0   0   0   0   0   0   0   0 100   0   0   0   0   0  2.15 0.05
   23 A    5 -2 -2 -2 -1 -1 -1  0 -2 -2 -2 -1 -1 -3 -1  1  0 -3 -2  0  100   0   0   0   0   0   0   0   0   0   0   0   0   0   0   0   0   0   0   0  0.49 0.03
   24 V   -1 -3 -3 -3 -1 -3 -3 -4 -4  4  1 -3  1 -1 -3 -2 -1 -3 -1  4    0   0   0   0   0   0   0   0   0  50   0   0   0   0   0   0   0   0   0  50  0.40 0.02
   25 A    3  0 -1  2 -2  1  2  0 -1 -2 -2  0 -2 -3 -1  1  0 -3 -2 -1   47   7   0  16   0   7  15   3   0   0   0   0   0   0   0   0   4   0   0   0  0.25 0.01
   26 V    0 -2 -2 -3 -1 -2 -2 -3 -3  2  0 -2  0 -1 -2 -1  3 -3 -2  4    0   0   0   0   0   0   0   0   0   0   0   0   0   0   0   0  29   0   0  71  0.30 0.03
   27 I   -1 -3 -3 -4 -1 -2 -3 -4 -3  2  3 -3  1  0 -3 -2 -1 -2 -1  3    0   0   0   0   0   0   0   0   0   7  53   0   0   0   0   0   0   0   0  40  0.36 0.02
   28 G    2 -1 -1 -2 -2 -1 -2  5 -2 -3 -3  0 -2 -3 -2  0 -1 -3 -3 -2   25   0   0   0   0   0   0  64   0   0   0  10   0   0   0   0   0   0   0   0  0.62 0.02
   29 Q    0  1  0  0 -3  5  2 -2  0 -3 -2  2 -1 -3 -1  0  0 -3 -2 -2   11   0   0   0   0  58   8   0   0   0   0  16   0   0   0   4   4   0   0   0  0.45 0.02
   30 A    4 -2 -1 -2 -1 -1 -1  0 -2 -2 -2 -1 -1 -3 -1  2  0 -3 -2  0   90   0   0   0   0   0   0   0   0   0   0   0   0   0   0  10   0   0   0   0  0.45 0.03
   31 T    0  1  0 -1 -2  2  0 -2 -1 -2 -2  3 -1 -3 -1  0  2 -3 -2 -1   10   0   4   0   0  15   0   0   0   0   0  41   0   0   0   0  31   0   0   0  0.29 0.02
   32 S    3 -1 -1 -1 -1  0  0  0 -1 -2 -2  0 -1 -3 -1  2  1 -3 -2 -1   62   0   0   0   0   4   0   0   0   0   0   7   0   0   0  23   5   0   0   0  0.32 0.02
   33 I   -1 -3 -4 -4 -1 -3 -3 -4 -3  3  3 -3  2  0 -3 -3 -1 -2 -1  2    0   0   0   0   0   0   0   0   0  34  57   0   0   0   0   0   0   0   0  10  0.39 0.01
   34 A    2 -2 -1 -2 -2 -2 -2  4 -2 -1 -2 -1 -2 -3 -2  0 -1 -3 -3 -1   39   0   0   0   0   0   0  53   0   9   0   0   0   0   0   0   0   0   0   0  0.49 0.02
   35 R   -1  3  0 -1 -3  2  1 -2 -1 -3 -3  5 -1 -3 -1  0 -1 -3 -2 -3    0  15   0   0   0  10   0   0   0   0   0  74   0   0   0   0   0   0   0   0  0.52 0.02
   36 P   -1 -2 -2 -1 -3 -1 -1 -2 -2 -3 -3 -1 -2 -4  7 -1 -1 -4 -3 -2    0   0   0   0   0   0   0   0   0   0   0   0   0   0   0   0   0   0   0   0  0.00     0.00
   37 T    0 -1  0 -1 -1 -1 -1 -2 -2 -1 -1 -1 -1 -2 -1  1  4 -2 -2  0    0   0   0   0   0   0   0   0   0   0   0   0   0   0   0   0   0   0   0   0  0.00     0.00
   38 G    0 -2  0 -1 -2 -2 -2  5 -2 -4 -4 -2 -3 -3 -2  0 -2 -2 -3 -3    0   0   0   0   0   0   0   0   0   0   0   0   0   0   0   0   0   0   0   0  0.00     0.00
   39 K   -1  2  0 -1 -3  1  1 -2 -1 -3 -2  4 -1 -3 -1  0 -1 -3 -2 -2    0   0   0   0   0   0   0   0   0   0   0   0   0   0   0   0   0   0   0   0  0.00     0.00

                      K         Lambda
Standard Ungapped    0.1370     0.3162
Standard Gapped      0.0412     0.2670
PSI Ungapped         0.1346     0.3172
PSI Gapped           0.0412     0.2670
