
Last position-specific scoring matrix computed, weighted observed percentages rounded down, information per position, and relative weight of gapless real matches to pseudocounts
            A   R   N   D   C   Q   E   G   H   I   L   K   M   F   P   S   T   W   Y   V   A   R   N   D   C   Q   E   G   H   I   L   K   M   F   P   S   T   W   Y   V
    1 G     0  -3  -1  -2  -3  -2  -3   6  -2  -4  -4  -2  -3  -4  -3  -1  -2  -3  -4  -4    0   0   0   0   0   0   0 100   0   0   0   0   0   0   0   0   0   0   0   0  1.15 0.04
    2 L    -2  -3  -4  -4  -2  -3  -3  -4  -3   4   2  -3   1   2  -3  -3  -1  -2   0   2    0   0   0   0   0   0   0   0   0  51  26   0   0  16   0   0   0   0   0   7  0.35 0.02
    3 F    -2  -3  -3  -3  -3  -3  -3  -3  -2   0   1  -3   0   6  -4  -1  -2   0   3  -1    0   0   0   0   0   0   0   0   0   0   7   0   0  83   0  10   0   0   0   0  0.66 0.04
    4 S     1  -1   0  -1  -1   0   0  -1  -1  -2  -3  -1  -2  -3  -1   4   2  -3  -2  -2    7   0   0   0   0   0   0   0   0   0   0   0   0   0   0  82  11   0   0   0  0.47 0.04
    5 I    -2  -3  -4  -4  -2  -3  -3  -4  -3   3   4  -3   2   0  -3  -3  -1  -2  -1   2    0   0   0   0   0   0   0   0   0  36  64   0   0   0   0   0   0   0   0   0  0.43 0.03
    6 L    -2  -3  -4  -4  -2  -3  -3  -4  -3   3   2  -3   1   3  -3  -3  -1  -1   0   2    0   0   0   0   0   0   0   0   0  40  20   0   0  24   0   0   0   0   0  17  0.33 0.02
    7 K    -1   3   0  -1  -4   1   0  -2  -1  -3  -3   5  -2  -4  -1  -1  -1  -3  -2  -3    0  17   0   0   0   0   0   0   0   0   0  83   0   0   0   0   0   0   0   0  0.61 0.04
    8 G     1  -2  -1  -2  -2  -2  -2   5  -2  -3  -3  -2  -2  -3  -2   0   1  -3  -3  -2    7   0   0   0   0   0   0  73   0   0   0   0   0   0   0   0  19   0   0   0  0.73 0.03
    9 V     3  -2  -2  -2  -1  -2  -2   1  -2   0  -1  -1  -1  -2  -2   0   0  -3  -2   2   58   0   0   0   0   0   0   7   0   0   0   0   0   0   0   0   0   0   0  34  0.26 0.03
   10 G     4  -2  -2  -2  -1  -1  -1   2  -2  -2  -2  -1  -1  -3  -1   1   1  -3  -2  -1   80   0   0   0   0   0   0  13   0   0   0   0   0   0   0   0   7   0   0   0  0.41 0.03
   11 K    -1   2   0  -1  -4   2   1  -2  -1  -3  -3   5  -2  -4  -1   0  -1  -3  -2  -3    0   0   0   0   0  12   0   0   0   0   0  88   0   0   0   0   0   0   0   0  0.60 0.04
   12 I    -2  -3  -4  -4  -2  -3  -3  -4  -2   2   3  -3   1   5  -4  -3  -2  -1   1   1    0   0   0   0   0   0   0   0   0  19  38   0   0  43   0   0   0   0   0   0  0.42 0.03
   13 A     3  -2  -3  -3  -1  -2  -2  -1  -2   2   1  -2   0   1  -2   0   0  -2  -1   2   46   0   0   0   0   0   0   0   0  21   7   0   0   7   0   0   0   0   0  19  0.18 0.02
   14 I     0  -2  -1  -1  -2  -2  -2   5  -2  -1  -1  -2  -1  -3  -2   1   1  -3  -3  -2    0   0   0   0   0   0   0  60   0   6   7   0   0   0   0  17  11   0   0   0  0.49 0.02
   15 K    -1   2   0  -1  -4   1   1  -2  -1  -3  -3   6  -2  -4  -1   0  -1  -3  -2  -3    0   0   0   0   0   0   0   0   0   0   0 100   0   0   0   0   0   0   0   0  0.66 0.05
   16 G     0  -2   3   0  -2  -1  -1   4  -1  -3  -3  -1  -2  -3  -2   0   2  -3  -3  -2    0   0  27   0   0   0   0  47   0   0   0   0   0   0   0   0  27   0   0   0  0.50 0.03
   17 L    -2  -3  -4  -4  -1  -2  -3  -4  -3   2   4  -3   2   0  -3  -3  -1  -2  -1   2    0   0   0   0   0   0   0   0   0   0  85   0   0   0   0   0   0   0   0  15  0.47 0.03
   18 G     3  -2  -2  -2  -1  -2  -2   3  -2  -1   1  -2   0  -2  -2   0  -1  -3  -2  -1   44   0   0   0   0   0   0  30   0   0  27   0   0   0   0   0   0   0   0   0  0.27 0.02
   19 K    -1   3   0  -1  -4   1   1  -2  -1  -3  -3   5  -2  -4  -1   0  -1  -3  -2  -3    0   7   0   0   0   0   0   0   0   0   0  93   0   0   0   0   0   0   0   0  0.63 0.05
   20 N    -1   0   3   3  -4   3   4  -2   0  -4  -3   0  -2  -4  -2   0  -1  -3  -2  -3    0   0  19  17   0  19  45   0   0   0   0   0   0   0   0   0   0   0   0   0  0.55 0.03
   21 L     2  -2  -2  -3  -1  -2  -2   2  -2   0   2  -2   1  -1  -2   0  -1  -2  -2   0   41   0   0   0   0   0   0  17   0   0  36   0   7   0   0   0   0   0   0   0  0.19 0.02
   22 G     1  -2  -1  -2  -2  -2  -2   6  -2  -4  -4  -2  -3  -3  -2   0   0  -3  -3  -3   10   0   0   0   0   0   0  83   0   0   0   0   0   0   0   0   7   0   0   0  0.87 0.03
   23 K    -1   3   0  -1  -4   1   1  -2  -1  -3  -3   5  -2  -4  -1  -1  -1  -3  -2  -3    0  10   0   0   0   0   0   0   0   0   0  90   0   0   0   0   0   0   0   0  0.62 0.04
   24 M     2  -2  -2  -3  -1  -1  -2  -2  -2   0   1  -2   3   1  -2   0   2  -2  -1   1   27   0   0   0   0   0   0   0   0   0  17   0  19  10   0   0  21   0   0   7  0.14 0.02
   25 G     0  -3  -1  -2  -3  -2  -3   6  -2  -4  -4  -2  -3  -4  -3  -1  -2  -3  -4  -4    0   0   0   0   0   0   0 100   0   0   0   0   0   0   0   0   0   0   0   0  1.16 0.04
   26 L     0  -2  -3  -4  -1  -2  -3  -3  -3   2   4  -2   2   0  -3  -2  -1  -2  -1   2    7   0   0   0   0   0   0   0   0   0  70   0   6   0   0   0   0   0   0  17  0.36 0.02
   27 D    -1  -1   2   4  -4   1   5  -2   0  -4  -4   0  -3  -4  -2   0  -1  -4  -3  -3    0   0  10  26   0   0  64   0   0   0   0   0   0   0   0   0   0   0   0   0  0.67 0.03
   28 L    -2  -2  -2  -3  -2  -2  -2  -3   4   1   3  -2   1   1  -3  -2   0  -2   0   0    0   0   0   0   0   0   0   0  20   0  67   0   0   7   0   0   6   0   0   0  0.30 0.03
   29 V     0  -2  -3  -4  -1  -2  -3  -3  -3   2   2  -2   3   0  -3  -2  -1  -2  -1   3    5   0   0   0   0   0   0   0   0  11  27   0  21   0   0   0   0   0   0  36  0.28 0.02
   30 S     4  -2  -1  -2  -1  -1  -1   1  -2  -2  -2  -1   0  -2  -1   2   0  -3  -2  -1   76   0   0   0   0   0   0   6   0   0   0   0   5   0   0  13   0   0   0   0  0.37 0.03
   31 C    -1  -4  -3  -4  10  -4  -4  -3  -4  -2  -2  -4  -2  -3  -3  -1  -1  -3  -3  -1    0   0   0   0 100   0   0   0   0   0   0   0   0   0   0   0   0   0   0   0  1.55 0.07
   32 K    -1   2   0  -1  -4   1   1  -2  -1  -3  -3   6  -2  -4  -1   0  -1  -3  -2  -3    0   0   0   0   0   0   0   0   0   0   0 100   0   0   0   0   0   0   0   0  0.66 0.05
   33 I     2  -3  -3  -3  -1  -2  -3  -2  -3   4   1  -2   1  -1  -2  -1  -1  -3  -2   3   27   0   0   0   0   0   0   0   0  57   0   0   0   0   0   0   0   0   0  17  0.26 0.03
   34 S     2  -1   2  -1  -1   0  -1  -1  -1  -2  -2   0  -1  -3  -1   3   3  -3  -2  -1   17   0  13   0   0   0   0   0   0   0   0   6   0   0   0  36  28   0   0   0  0.30 0.02
   35 K    -1   1   5   0  -3   1   0  -1   0  -3  -3   4  -2  -4  -2   0  -1  -4  -2  -3    0   0  49   0   0   0   0   0   0   0   0  51   0   0   0   0   0   0   0   0  0.52 0.04
   36 E    -1   1   0   0  -4   6   3  -2   0  -3  -3   1  -1  -4  -2   0  -1  -3  -2  -3    0   0   0   0   0  75  25   0   0   0   0   0   0   0   0   0   0   0   0   0  0.72 0.05
   37 C    -1  -4  -3  -4  10  -4  -4  -3  -4  -2  -2  -4  -2  -3  -3  -1  -1  -3  -3  -1    0   0   0   0 100   0   0   0   0   0   0   0   0   0   0   0   0   0   0   0  1.55 0.07

                      K         Lambda
Standard Ungapped    0.1458     0.3212
Standard Gapped      0.0470     0.2670
PSI Ungapped         0.1537     0.3217
PSI Gapped           0.0470     0.2670
