
Last position-specific scoring matrix computed, weighted observed percentages rounded down, information per position, and relative weight of gapless real matches to pseudocounts
           A  R  N  D  C  Q  E  G  H  I  L  K  M  F  P  S  T  W  Y  V   A   R   N   D   C   Q   E   G   H   I   L   K   M   F   P   S   T   W   Y   V
    1 V   -2 -4 -4 -5 -2 -4 -4 -5 -4  4  1 -4  3 -2 -4 -3 -2 -4 -3  5    0   0   0   0   0   0   0   0   0  34   8   0   9   0   0   0   0   0   0  49  0.78 0.19
    2 K   -2  5  1 -2 -5  0 -1 -3 -2 -4 -4  5 -3 -5 -1 -1 -1 -5 -3 -4    0  32   7   0   0   2   0   0   0   0   0  53   0   0   3   1   2   0   0   0  0.91 0.23
    3 V   -2 -4 -5 -5  0 -4 -4 -5 -5  4  0 -4 -1 -2 -4 -3 -2 -5 -3  6    1   0   0   0   2   0   0   0   0  23   3   0   0   0   0   0   0   0   0  71  0.98 0.25
    4 G    3 -4 -2 -3 -3 -3 -3  6 -4 -4 -4 -3 -3 -2 -3 -1 -2 -4 -4 -2   33   0   0   0   0   0   0  63   0   0   0   0   0   1   0   1   0   0   0   2  1.08 0.24
    5 I   -3 -5 -5 -5 -3 -5 -5 -6 -5  7  0 -5 -1 -2 -5 -4 -3 -5 -3  2    0   0   0   0   0   0   0   0   0  88   2   0   0   0   0   0   0   0   0  10  1.42 0.31
    6 N   -4 -3  9 -1 -5 -2 -3 -3 -2 -6 -6 -3 -5 -6 -5 -2 -2 -6 -5 -5    0   0 100   0   0   0   0   0   0   0   0   0   0   0   0   0   0   0   0   0  2.18 0.44
    7 G   -2 -5 -3 -3 -5 -4 -4  7 -4 -6 -6 -4 -5 -5 -4 -2 -4 -5 -5 -6    0   0   0   0   0   0   0 100   0   0   0   0   0   0   0   0   0   0   0   0  2.02 0.36
    8 F   -5 -5 -5 -6 -5 -5 -6 -6 -3 -2 -2 -5  0  9 -6 -5 -4 -1  3 -3    0   0   0   0   0   0   0   0   0   0   0   0   3  93   0   0   0   0   5   0  2.09 0.39
    9 G   -2 -5 -3 -4 -5 -4 -5  7 -5 -6 -6 -4 -5 -6 -5 -3 -4 -5 -6 -6    0   0   0   0   0   0   0 100   0   0   0   0   0   0   0   0   0   0   0   0  2.12 0.43
   10 R   -4  8 -3 -4 -1 -1 -3 -5 -3 -5 -5  0 -4 -5 -5 -3  0 -5 -4 -5    0  92   0   0   2   0   0   0   0   0   0   0   0   0   0   0   6   0   0   0  1.88 0.46
   11 I   -4 -6 -6 -6 -4 -5 -6 -6 -6  8 -1 -5  2 -3 -5 -5 -3 -5 -4  1    0   0   0   0   0   0   0   0   0  94   0   0   4   0   0   0   0   0   0   2  1.76 0.46
   12 G   -2 -5 -3 -4 -5 -4 -5  7 -5 -7 -6 -4 -5 -6 -5 -3 -4 -5 -6 -6    0   0   0   0   0   0   0 100   0   0   0   0   0   0   0   0   0   0   0   0  2.18 0.47
   13 R   -4  8 -3 -4 -6 -1 -3 -5 -3 -6 -5  1 -4 -6 -5 -2 -4 -5 -4 -5    0  95   0   0   0   0   0   0   0   0   0   3   0   0   0   2   0   0   0   0  2.07 0.50
   14 L   -2  0  4 -3 -1 -1 -3 -4 -3  2  3 -2  2 -2 -4  0 -2 -4 -3  0    0   5  23   0   1   2   0   0   0  12  41   0   6   0   0   6   0   0   0   4  0.42 0.20
   15 V    1 -4 -5 -5 -3 -4 -4 -5 -5  1  0 -4 -1  2 -4 -3 -2 -4 -1  6   10   0   0   0   0   0   0   0   0   3   3   0   0  11   0   0   0   0   1  72  0.96 0.32
   16 T    1 -4 -4 -5 -3 -4 -4 -4 -3  0  4 -4  1  4 -4 -3 -1 -2  1  0   12   0   0   0   0   0   0   0   0   3  48   0   2  24   0   0   4   0   3   3  0.61 0.22
   17 R   -4  8 -3 -4 -6  1 -1 -5 -3 -5 -3  0 -4 -5 -5 -2 -4 -5 -4 -5    0  89   0   0   0   4   3   0   0   0   2   1   0   0   0   1   0   0   0   0  1.83 0.46
   18 A    5  0  2 -3  2 -1 -2 -2 -3  1 -1 -2 -2 -3 -3  0 -2 -4 -3  0   55   5  12   0   5   1   0   0   0   9   3   1   0   0   0   2   0   0   0   6  0.49 0.23
   19 A    4 -3 -3 -4  0 -3 -3 -1 -2  2  2 -3  1 -2 -3  0 -1  3 -3  0   41   0   0   0   2   0   0   3   1  17  20   0   4   0   0   5   3   4   0   1  0.37 0.19
   20 F   -2 -1 -3 -4 -1  1 -2 -4  1  1  3 -3  2  1 -4 -3 -1  3  3  0    2   2   0   0   1   7   1   0   4   8  37   0   7   6   0   0   2   4  14   4  0.36 0.16
   21 H   -1 -1  1  1 -2  1  4  0  1 -2  0  1 -1 -3 -2  1  0 -4 -3 -2    4   1   6   6   1   7  34   6   3   1  11   6   1   0   0   9   4   0   0   2  0.27 0.14
   22 G   -1  4  2  0 -2  1 -1  0  2 -3 -3  1 -1 -3 -3  1 -1  2 -2 -1    1  30  11   4   1   8   0   6   5   1   1   5   1   1   0  15   2   4   0   4  0.33 0.15
   23 K   -1  0  0  2 -1  1  1  2 -2 -4 -4  2 -3 -4  4  0  0 -4 -3 -3    4   2   4  12   1   5   7  15   0   0   0  19   0   0  19   7   4   0   0   0  0.40 0.14
   24 K   -2 -1  3  4 -4  1  3  1 -2 -4 -4  1 -3 -5 -2 -1 -1 -5 -4 -4    1   1  13  31   0   5  20  13   0   1   1   8   0   0   1   2   3   0   0   0  0.56 0.19
   25 V   -1 -4 -4 -5  0 -4 -4 -5 -4  4  2 -4  3 -1 -4 -3 -1 -4 -3  4    4   0   0   0   2   0   0   0   0  34  18   0   9   2   0   0   3   0   0  29  0.62 0.21
   26 E   -2 -1  1  3 -5  3  5 -3 -2 -5 -5  1 -3 -5 -3  0 -1 -5 -4 -4    1   2   6  14   0  13  49   0   0   0   0   9   0   0   0   4   2   0   0   0  0.82 0.27
   27 V   -2 -5 -5 -5 -3 -4 -5 -5 -5  3  2 -4 -1  0 -4 -4 -2 -4 -3  6    1   0   0   0   0   0   0   0   0  18  13   0   0   4   0   0   0   0   0  63  0.93 0.29
   28 V   -1 -5 -5 -5 -3 -4 -5 -5 -5  2  0 -3 -1 -3 -5 -4 -1 -5 -3  7    4   0   0   0   0   0   0   0   0   5   4   1   0   0   0   0   2   0   0  85  1.25 0.38
   29 A    5 -2 -3 -4  0 -2 -3  1  1 -3 -2 -3 -1 -4 -3 -1 -2 -4 -3 -1   71   2   0   0   2   1   0  10   4   0   3   0   1   0   0   1   1   0   0   3  0.80 0.30
   30 I   -2 -5 -5 -5 -3 -5 -5 -6 -5  6  0 -5 -1 -2 -5 -4 -2 -5 -3  5    2   0   0   0   0   0   0   0   0  58   3   0   0   0   0   0   0   0   0  38  1.17 0.34
   31 N   -4 -3  8 -1 -5 -3 -3 -3 -2 -5 -6 -3 -4 -6 -5 -2 -2 -6 -5 -1    0   0  94   0   0   0   0   0   0   0   0   0   0   0   0   0   0   0   0   6  2.01 0.48
   32 D   -4 -4 -1  7 -6 -2  3 -4 -3 -6 -6 -3 -5 -6 -4 -2 -3 -6 -5 -5    0   0   0  81   0   0  19   0   0   0   0   0   0   0   0   0   0   0   0   0  1.76 0.38

                      K         Lambda
Standard Ungapped    0.1456     0.3260
Standard Gapped      0.0623     0.2670
PSI Ungapped         0.2034     0.3174
PSI Gapped           0.0623     0.2670
