
Last position-specific scoring matrix computed, weighted observed percentages rounded down, information per position, and relative weight of gapless real matches to pseudocounts
            A   R   N   D   C   Q   E   G   H   I   L   K   M   F   P   S   T   W   Y   V   A   R   N   D   C   Q   E   G   H   I   L   K   M   F   P   S   T   W   Y   V
    1 R    -2   7  -1  -2  -5   2  -1  -3  -1  -4  -3   3  -2  -4  -3  -2  -2  -4  -3  -4    0  75   0   0   0   9   0   0   0   0   0  16   0   0   0   0   0   0   0   0  1.07 0.17
    2 E    -1  -2  -1   1  -2  -1   0  -3   1   1   0   0   1  -2  -2   0   3  -3  -2   1    0   0   0   9   0   0   8   0   5  12   4   6   7   0   0   0  37   0   0  12  0.22 0.09
    3 C    -2  -5  -5  -5  11  -5  -6  -4  -5  -3  -3  -5  -3  -4  -5  -3  -3  -4  -4  -3    0   0   0   0 100   0   0   0   0   0   0   0   0   0   0   0   0   0   0   0  2.72 0.34
    4 K    -1   2  -1  -1  -4   2   4  -3  -1  -3  -2   4   0  -4  -2  -1  -1  -4  -3  -3    2  12   0   0   0   7  33   0   0   0   3  39   2   0   0   0   2   0   0   0  0.55 0.13
    5 T     2   1  -1  -2  -2   0  -1  -1  -2  -2  -3  -1  -2  -3  -2   4   3  -4  -3  -1   19   9   0   0   0   2   0   2   0   0   0   0   0   0   0  41  22   0   0   4  0.40 0.12
    6 E    -2   2  -1   0  -4   4   3  -3  -1  -3  -2   2  -2  -4   2  -1  -1  -3  -3  -3    0  14   0   3   0  26  21   0   0   0   5  17   0   0  12   2   0   0   0   0  0.49 0.11
    7 S     0  -2  -1  -2   4  -2  -2  -2  -2  -4  -4  -2  -3  -4  -2   6   0  -4  -3  -3    0   0   0   0  12   0   0   0   0   0   0   0   0   0   0  88   0   0   0   0  1.00 0.23
    8 N     1  -1   3   0  -3   0  -1   0   6  -3  -1   0  -2  -3   2  -1  -2  -4  -1  -3   13   0  17   4   0   4   0   5  32   0   6   8   0   0  12   0   0   0   0   0  0.41 0.11
    9 T    -1   3   1  -1  -3   0  -1   1   0  -3  -2   2  -2  -3  -2   0   3  -4  -2  -2    0  24   6   3   0   0   0  15   3   0   2  20   0   0   0   0  26   0   0   0  0.34 0.10
   10 F    -4  -4  -5  -5  -4  -4  -5  -5  -2  -2  -1  -5  -1   8  -5  -4  -4   7   3  -2    0   0   0   0   0   0   0   0   0   0   0   0   0  80   0   0   0  14   6   0  1.55 0.24
   11 P    -2   2   0   1  -4   1   0  -3   3  -3  -3   4  -2  -4   2   0  -2  -4  -2  -2    0   7   2   7   0   3   4   0  11   0   0  50   0   0   8   4   0   0   0   5  0.48 0.13
   12 G    -1  -4  -2  -3  -4  -3  -3   7  -3  -5  -5  -3  -4  -4  -3   0  -3  -4  -1  -4    0   0   0   0   0   0   0  90   0   0   0   0   0   0   0   7   0   0   3   0  1.40 0.22
   13 I     0  -2  -3  -3  -2  -2  -2  -3   0   2   2  -2   2  -1   3  -1   0  -2   1   2   10   0   0   0   0   0   0   0   4  12  19   2   8   0  17   0   5   0   7  16  0.25 0.07
   14 C    -2  -5  -5  -6  11  -5  -6  -4  -5  -3  -3  -5  -3  -4  -5  -3  -3  -4  -4  -3    0   0   0   0 100   0   0   0   0   0   0   0   0   0   0   0   0   0   0   0  2.78 0.36
   15 I    -2  -3  -2  -3  -2  -3  -3  -4  -3   3   2  -3   2   2  -3  -2   1  -2  -1   3    0   0   2   0   0   0   0   0   0  23  21   0   7  12   0   0  12   0   0  24  0.32 0.09
   16 T    -1   2   3  -1  -3  -1  -1  -1   0  -3  -3   0  -2  -4  -2   4   2  -4  -3  -3    0  13  20   0   0   0   0   2   2   0   0   5   0   0   0  47  12   0   0   0  0.49 0.14
   17 K    -1  -1   2   5  -4  -1   1  -2  -2  -4  -4   2  -3  -4  -2   1   0   3  -3  -3    2   0   9  43   0   0   4   0   0   0   0  21   0   0   0  12   5   5   0   0  0.56 0.13
   18 P     0   1   1  -1  -3   1  -1  -2   4  -3  -3   1  -2  -3   2   2   2  -4  -2  -2    4   9   6   2   0   5   0   0  15   0   0  12   0   0   8  17  22   0   0   0  0.32 0.09
   19 P    -2  -2   6   0  -4  -1  -2  -1   1  -4  -5  -2  -3  -4   4   0  -1  -5  -3  -4    0   0  65   2   0   0   0   4   4   0   0   0   0   0  19   6   0   0   0   0  1.00 0.20
   20 C    -2  -5  -5  -6  11  -5  -6  -4  -5  -3  -3  -5  -3  -4  -5  -3  -3  -4  -4  -3    0   0   0   0 100   0   0   0   0   0   0   0   0   0   0   0   0   0   0   0  2.78 0.36
   21 R     4   1  -2   1  -2  -1  -1   0  -2  -2  -2   0  -2  -3  -2   0  -1  -4  -3   1   53  10   0   9   0   0   2   4   0   0   0   7   0   0   0   4   0   0   0  11  0.31 0.11
   22 K     0   0   3  -1  -2   2   0  -2  -1  -1  -1   2  -1  -3  -2   1   1  -4  -2  -2    7   3  22   0   0  12   0   0   0   7   4  18   0   0   0  15  11   0   0   0  0.24 0.09
   23 A     1  -4  -4  -4   4  -3  -3  -3  -4   2  -1  -3  -1  -2  -3  -1  -1  -4  -2   5   11   0   0   0  11   0   0   0   0   4   0   0   0   0   0   5   0   0   0  69  0.61 0.17
   24 C    -2  -5  -5  -6  11  -5  -6  -4  -5  -3  -3  -5  -3  -4  -5  -3  -3  -4  -4  -3    0   0   0   0 100   0   0   0   0   0   0   0   0   0   0   0   0   0   0   0  2.78 0.36
   25 I    -2   4  -1  -2  -3   2   0  -3   3   1   0   2   0  -2  -1  -1  -1  -3  -2  -1    0  29   0   0   0  13   2   0  12  11  13  11   2   0   3   0   4   0   0   0  0.28 0.10
   26 S     0   1   2  -1  -2   2  -1  -1  -1  -3  -3   1  -2  -3  -2   2   3  -3   0  -2    4   8  14   0   0  14   0   4   0   0   0   7   0   0   0  15  28   0   5   0  0.30 0.10
   27 E     0  -2  -2   0  -5   1   7  -3  -2  -5  -4  -1  -3  -5  -3  -1  -2  -4  -4  -4    7   0   0   0   0   0  93   0   0   0   0   0   0   0   0   0   0   0   0   0  1.30 0.25
   28 K    -1   0   0  -2  -4  -1  -2   5   1  -4  -4   2  -3  -4  -3  -1  -2  -3  -1  -4    0   5   4   0   0   0   0  63   5   0   0  19   0   0   0   3   0   0   2   0  0.80 0.15
   29 F    -4  -4  -5  -5  -4  -4  -5  -5  -2  -2  -1  -4  -2   8  -5  -4  -4   5   4  -2    0   0   0   0   0   0   0   0   0   0   0   0   0  81   0   0   0   8  11   0  1.53 0.25
   30 T    -1  -2   0   0  -2  -1  -1   1  -2  -2  -3   0  -2  -3   4   2   2  -4  -3  -1    0   0   2   4   0   0   0  11   0   2   0   4   0   0  26  24  21   0   0   6  0.49 0.11
   31 D     0   1  -1   4  -4  -2  -1   5  -2  -4  -4  -2  -3  -4  -3  -1  -1  -4  -4  -4    8   9   0  33   0   0   0  47   0   0   0   0   0   0   0   0   4   0   0   0  0.70 0.14
   32 G    -1  -4  -2  -3  -4  -3  -4   7  -4  -5  -5  -3  -4  -5  -4  -2  -3  -4  -5  -5    0   0   0   0   0   0   0 100   0   0   0   0   0   0   0   0   0   0   0   0  1.71 0.25
   33 H    -2   2   3   2  -4   1   0  -2   5  -4  -4   2  -3  -3  -2   0  -1  -4  -1  -4    0  13  18  16   0   4   3   0  23   0   0  18   0   0   0   6   0   0   0   0  0.50 0.12
   34 C    -2  -5  -5  -6  11  -5  -6  -4  -5  -3  -3  -5  -3  -4  -5  -3  -3  -4  -4  -3    0   0   0   0 100   0   0   0   0   0   0   0   0   0   0   0   0   0   0   0  2.77 0.35
   35 S    -1   2   1   4  -3   0   0  -2   4  -2  -3   1  -2  -3  -2   2  -1  -4  -2  -1    0  14   3  28   0   0   0   0  14   3   0  10   0   0   0  20   0   0   0   5  0.35 0.10
   36 K     0  -2  -1  -2  -3  -2  -2   5   1  -4  -4   2  -3   0  -3   0  -2  -3  -2  -4    2   0   0   0   0   0   0  64   4   0   0  19   0   5   0   3   0   0   0   0  0.78 0.15
   37 I    -1  -1  -3  -3  -2  -3  -3  -3   1   3   1  -3   0   4   0  -2  -2  -1   0   1    5   3   0   0   0   0   0   0   5  25  13   0   0  29   5   0   0   0   0  11  0.28 0.08
   38 L    -2   3  -2  -2  -3   0   0  -3   1   0   2   0   1   2  -3  -1  -1  -2   0  -1    0  29   0   0   0   3   7   0   5   3  24   0   6  10   0   3   3   0   3   3  0.19 0.07
   39 R    -2   7   0  -3  -4   0  -1  -2  -1  -4  -2   1  -2  -4  -3  -2  -2  -4  -3  -3    0  86   4   0   0   0   0   3   0   0   4   0   0   0   0   0   0   0   0   0  1.17 0.21
   40 R    -2   6  -1  -2  -5   2  -1  -3   2  -4  -4   3  -2  -4  -3  -2  -2  -4  -3  -4    0  70   0   0   0   9   0   0   5   0   0  17   0   0   0   0   0   0   0   0  1.06 0.20
   41 C    -2  -5  -5  -6  11  -5  -6  -4  -5  -3  -3  -5  -3  -4  -5  -3  -3  -4  -4  -3    0   0   0   0 100   0   0   0   0   0   0   0   0   0   0   0   0   0   0   0  2.77 0.35
   42 L    -2  -2  -3  -4  -3  -2  -3  -4   1   1   1   0   2   4  -4  -3  -2  -1   4   0    0   0   0   0   0   0   0   0   5   8  16  11  10  27   0   0   0   0  18   6  0.38 0.10
   43 C    -2  -5  -5  -6  11  -5  -6  -4  -5  -3  -3  -5  -3  -4  -5  -3  -3  -4  -4  -3    0   0   0   0 100   0   0   0   0   0   0   0   0   0   0   0   0   0   0   0  2.77 0.35
   44 T    -1  -1   0   0  -2  -1   0  -3  -2   1  -2  -1   0  -2  -2   1   5  -3   1   0    0   3   2   4   0   0   5   0   0  11   0   3   2   0   0   9  53   0   7   2  0.38 0.13
   45 K    -2   5  -1  -2  -4   0  -1  -3  -2  -4  -2   5  -2  -4  -3  -1  -1  -4  -3  -3    0  36   0   0   0   0   0   0   0   0   3  58   0   0   0   0   4   0   0   0  0.90 0.19
   46 P    -1  -1   0   1  -3   2   1  -1   3  -2  -2   0  -2  -3   5  -1  -2  -4  -2  -2    3   2   4  10   0  16   5   3  11   3   3   3   0   0  33   2   0   0   0   3  0.55 0.11
   47 C    -2  -6  -5  -6  11  -5  -6  -5  -5  -3  -3  -5  -3  -4  -5  -3  -3  -4  -4  -3    0   0   0   0 100   0   0   0   0   0   0   0   0   0   0   0   0   0   0   0  2.83 0.36

                      K         Lambda
Standard Ungapped    0.1397     0.3273
Standard Gapped      0.0483     0.2670
PSI Ungapped         0.1578     0.3192
PSI Gapped           0.0483     0.2670
