
Last position-specific scoring matrix computed, weighted observed percentages rounded down, information per position, and relative weight of gapless real matches to pseudocounts
            A   R   N   D   C   Q   E   G   H   I   L   K   M   F   P   S   T   W   Y   V   A   R   N   D   C   Q   E   G   H   I   L   K   M   F   P   S   T   W   Y   V
    1 G     0  -3  -1  -2  -3  -2  -3   6  -2  -4  -4  -2  -3  -4  -3  -1  -2  -3  -4  -4    0   0   0   0   0   0   0 100   0   0   0   0   0   0   0   0   0   0   0   0  1.13 0.03
    2 L    -2  -3  -4  -4  -2  -3  -3  -4  -3   3   3  -3   1   4  -3  -3  -2  -1   1   1    0   0   0   0   0   0   0   0   0  27  45   0   0  28   0   0   0   0   0   0  0.38 0.02
    3 M    -1  -2  -3  -4  -2  -1  -3  -4  -2   2   3  -2   5   0  -3  -2   0  -2  -1   1    0   0   0   0   0   0   0   0   0   7  37   0  52   0   0   0   4   0   0   0  0.38 0.04
    4 D    -2  -2   3   6  -3   0   1  -1  -1  -4  -4  -1  -3  -4  -2   1  -1  -5  -3  -3    0   0  12  76   0   0   0   0   0   0   0   0   0   0   0  12   0   0   0   0  0.79 0.04
    5 T     0  -2   0  -2  -1  -1  -1  -2  -2   0  -1  -1   1  -2  -2   1   5  -3  -2   1    0   0   0   0   0   0   0   0   0   0   0   0   6   0   0   8  75   0   0  11  0.40 0.04
    6 V     1  -3  -3  -3  -1  -2  -3  -3  -3   3   2  -2   1   0  -3  -2  -1  -3  -1   3   13   0   0   0   0   0   0   0   0  16  21   0   0   4   0   0   0   0   0  46  0.25 0.02
    7 K    -1   2   0  -1  -4   1   1  -2  -1  -3  -3   6  -2  -4  -1   0  -1  -4  -2  -3    0   0   0   0   0   0   0   0   0   0   0 100   0   0   0   0   0   0   0   0  0.64 0.04
    8 N    -1  -2   4   2  -3  -1  -1   5  -1  -4  -4  -1  -3  -4  -2   0  -1  -4  -3  -4    0   0  38  11   0   0   0  52   0   0   0   0   0   0   0   0   0   0   0   0  0.64 0.03
    9 A     2  -2  -2  -3  -1  -2  -2  -2  -3   1   1  -2   0  -1  -2   0   1  -3  -2   2   36   0   0   0   0   0   0   0   0   0  14   0   0   0   0   0  11   0   0  38  0.19 0.02
   10 A     5  -2  -2  -2  -1  -1  -1   0  -2  -2  -2  -1  -1  -3  -1   1   0  -3  -2   0  100   0   0   0   0   0   0   0   0   0   0   0   0   0   0   0   0   0   0   0  0.50 0.04
   11 K    -1   2   0  -1  -3   1   0  -2  -1  -3  -3   5  -2  -3  -1   0   2  -3  -2  -2    0   0   0   0   0   0   0   0   0   0   0  81   0   0   0   0  19   0   0   0  0.47 0.04
   12 N    -2  -1   5   3  -3   0   0  -1   0  -3  -3  -1  -2  -3  -2   0   1  -4  -3  -3    0   0  63  22   0   0   0   0   0   0   0   0   0   0   0   0  14   0   0   0  0.60 0.03
   13 L     0  -3  -3  -4  -1  -2  -3  -3  -3   2   3  -3   1   0  -3  -2  -1  -3  -1   3    8   0   0   0   0   0   0   0   0   0  40   0   0   0   0   0   0   0   0  52  0.30 0.02
   14 A     4  -2  -2  -2  -1  -1  -1   0  -2  -1  -1  -1  -1   0  -1   1   0  -3  -2   0   90   0   0   0   0   0   0   0   0   0   5   0   0   5   0   0   0   0   0   0  0.38 0.03
   15 G     2  -2  -1  -2  -2  -2  -2   4  -3   0  -2  -2  -1  -3  -2   0  -1  -3  -3   1   21   0   0   0   0   0   0  53   0   0   0   0   0   0   0   0   0   0   0  26  0.42 0.02
   16 Q     0   0   1  -1  -2   2   0   1   1  -2  -2   1  -1  -3  -1   2   2  -3  -2  -1    0   0   5   0   0  14   0  11   4   0   0  17   0   0   0  18  26   0   0   5  0.20 0.01
   17 L     0  -2  -3  -4  -1  -2  -3  -3  -3   1   4  -2   3   0  -3  -2  -1  -2  -1   1   10   0   0   0   0   0   0   0   0   0  70   0   9   0   0   0   0   0   0  11  0.34 0.02
   18 L    -2  -3  -4  -4  -2  -3  -3  -4  -3   2   4  -3   2   0  -3  -3  -1  -2  -1   1    0   0   0   0   0   0   0   0   0  11  89   0   0   0   0   0   0   0   0   0  0.49 0.03
   19 D    -2  -2   2   6  -4   0   2  -2  -1  -4  -4  -1  -3  -4  -2   0  -1  -5  -3  -4    0   0   6  83   0   0  11   0   0   0   0   0   0   0   0   0   0   0   0   0  0.89 0.04
   20 T     0   1   0  -1  -3   1   0   0  -1  -3  -3   4  -2  -3  -1   1   2  -3  -2  -2    0   0   0   0   0   0   0   6   0   0   0  64   0   0   0   8  22   0   0   0  0.35 0.03
   21 I    -2  -3  -4  -4  -2  -3  -3  -4  -3   3   4  -3   2   1  -3  -3  -1  -2  -1   1    0   0   0   0   0   0   0   0   0  27  69   0   0   5   0   0   0   0   0   0  0.42 0.02
   22 K    -1   3   0  -1  -4   2   1  -2  -1  -3  -3   5  -2  -4  -1   0  -1  -3  -2  -3    0  10   0   0   0   8   0   0   0   0   0  82   0   0   0   0   0   0   0   0  0.57 0.04
   23 C    -1  -4  -3  -4  10  -4  -4  -3  -4  -2  -2  -4  -2  -3  -3  -1  -1  -3  -3  -1    0   0   0   0 100   0   0   0   0   0   0   0   0   0   0   0   0   0   0   0  1.51 0.06
   24 K    -1   2   0  -1  -4   1   1  -2  -1  -3  -3   6  -2  -4  -1   0  -1  -4  -2  -3    0   0   0   0   0   0   0   0   0   0   0 100   0   0   0   0   0   0   0   0  0.64 0.04
   25 I    -1  -3  -4  -4  -1  -3  -3  -4  -4   4   2  -3   2   0  -3  -3  -1  -3  -2   3    0   0   0   0   0   0   0   0   0  67   8   0   5   0   0   0   0   0   0  21  0.39 0.03
   26 T     0  -1   0  -1  -1  -1  -1  -2  -2  -1  -2  -1  -1  -3  -1   2   5  -3  -2   0    6   0   0   0   0   0   0   0   0   0   0   0   0   0   0   5  89   0   0   0  0.52 0.04
   27 G     1  -3  -1  -2  -3  -2  -2   6  -2  -4  -4  -2  -3  -4  -2   0  -2  -3  -3  -3    8   0   0   0   0   0   0  92   0   0   0   0   0   0   0   0   0   0   0   0  1.02 0.04
   28 C    -1  -4  -3  -4  10  -3  -4  -3  -4  -2  -2  -4  -2  -3  -3  -1  -1  -3  -3  -1    0   0   0   0 100   0   0   0   0   0   0   0   0   0   0   0   0   0   0   0  1.44 0.04

                      K         Lambda
Standard Ungapped    0.1348     0.3195
Standard Gapped      0.0410     0.2670
PSI Ungapped         0.1348     0.3195
PSI Gapped           0.0410     0.2670
