
Last position-specific scoring matrix computed, weighted observed percentages rounded down, information per position, and relative weight of gapless real matches to pseudocounts
            A   R   N   D   C   Q   E   G   H   I   L   K   M   F   P   S   T   W   Y   V   A   R   N   D   C   Q   E   G   H   I   L   K   M   F   P   S   T   W   Y   V
    1 L    -2  -2  -4  -4  -2  -2  -3  -4  -3   2   4  -3   3   2  -3  -3  -1  -1   0   1    0   0   0   0   0   0   0   0   0   9  64   0  16  12   0   0   0   0   0   0  0.36 0.01
    2 I    -1  -3  -4  -4  -1  -3  -3  -4  -3   3   3  -3   2   0  -3  -3  -1  -3  -1   3    0   0   0   0   0   0   0   0   0  40  42   0   0   0   0   0   0   0   0  18  0.35 0.01
    3 A     5  -2  -2  -2  -1  -1  -1   0  -2  -2  -2  -1  -1  -3  -1   1   0  -3  -2   0  100   0   0   0   0   0   0   0   0   0   0   0   0   0   0   0   0   0   0   0  0.44 0.01
    4 G     0  -2   0  -1  -2  -2  -2   6  -2  -4  -4  -1  -3  -3  -2   1  -1  -3  -3  -3    0   0   0   0   0   0   0  81   0   0   0   0   0   0   0  19   0   0   0   0  0.82 0.01
    5 L    -2  -2  -4  -4  -2  -2  -3  -4  -3   2   4  -3   3   0  -3  -3  -1  -2  -1   1    0   0   0   0   0   0   0   0   0   0  88   0  12   0   0   0   0   0   0   0  0.44 0.01
    6 A     5  -2  -2  -2  -1  -1  -1   0  -2  -2  -2  -1  -1  -3  -1   1   0  -3  -2   0  100   0   0   0   0   0   0   0   0   0   0   0   0   0   0   0   0   0   0   0  0.44 0.01
    7 A     5  -2  -2  -2  -1  -1  -1   0  -2  -2  -2  -1  -1  -3  -1   1   0  -3  -2   0  100   0   0   0   0   0   0   0   0   0   0   0   0   0   0   0   0   0   0   0  0.44 0.01
    8 N    -2  -1   7   1  -3   0   0  -1   1  -4  -4   0  -3  -4  -2   1   0  -4  -2  -3    0   0 100   0   0   0   0   0   0   0   0   0   0   0   0   0   0   0   0   0  0.78 0.02
    9 F    -3  -3  -4  -4  -3  -4  -4  -4  -2   0   0  -4   0   7  -4  -3  -3   1   3  -1    0   0   0   0   0   0   0   0   0   0   0   0   0 100   0   0   0   0   0   0  0.81 0.02
   10 L    -2  -3  -4  -4  -1  -3  -3  -4  -3   2   4  -3   2   0  -3  -3  -1  -2  -1   1    0   0   0   0   0   0   0   0   0   0  90   0   0   0   0   0   0   0   0  10  0.44 0.01
   11 P    -1  -3  -2  -2  -3  -2  -1  -3  -3  -3  -3  -1  -3  -4   9  -1  -1  -4  -3  -3    0   0   0   0   0   0   0   0   0   0   0   0   0   0 100   0   0   0   0   0  2.08 0.02
   12 Q    -1   2   0  -1  -3   2   1  -2  -1  -3  -3   5  -1  -3  -1   0   1  -3  -2  -2    0   0   0   0   0  11   0   0   0   0   0  78   0   0   0   0  11   0   0   0  0.44 0.01
   13 I    -2  -3  -4  -4  -1  -3  -4  -4  -4   4   2  -3   1   0  -3  -3  -1  -3  -2   3    0   0   0   0   0   0   0   0   0  83  17   0   0   0   0   0   0   0   0   0  0.39 0.01
   14 L    -2  -3  -3  -4  -2  -3  -3  -4  -2   1   1  -3   0   5   1  -2  -2   0   2   1    0   0   0   0   0   0   0   0   0  11  11   0   0  54   8   0   0   0   0  16  0.36 0.01
   15 C    -1  -4  -3  -4  10  -3  -4  -3  -4  -2  -2  -4  -2  -3  -3  -1  -1  -3  -3  -1    0   0   0   0 100   0   0   0   0   0   0   0   0   0   0   0   0   0   0   0  1.33 0.02
   16 K     1   2  -1  -1  -3   1   1  -1  -1  -3  -3   5  -2  -3  -1   0  -1  -3  -2  -2   19   0   0   0   0   0   0   0   0   0   0  81   0   0   0   0   0   0   0   0  0.41 0.01
   17 I    -2  -4  -4  -4  -1  -3  -4  -4  -4   5   2  -3   1   0  -3  -3  -1  -3  -2   3    0   0   0   0   0   0   0   0   0 100   0   0   0   0   0   0   0   0   0   0  0.43 0.01
   18 A     1  -1   0  -1  -1  -1  -1  -1  -2  -1  -2  -1  -1  -3  -1   2   4  -3  -2   0   11   0   0   0   0   0   0   0   0   0   0   0   0   0   0  23  66   0   0   0  0.39 0.01
   19 R    -1   3  -1  -1  -4   1   0  -2   0  -3  -3   5  -2  -2  -2  -1  -1  -2   2  -3    0  18   0   0   0   0   0   0   0   0   0  70   0   0   0   0   0   0  11   0  0.44 0.01
   20 K    -1   2   0  -1  -4   1   1  -2  -1  -3  -3   5  -2  -4  -1   0  -1  -3  -2  -3    0   0   0   0   0   0   0   0   0   0   0 100   0   0   0   0   0   0   0   0  0.56 0.01
   21 C    -1  -4  -3  -4  10  -3  -4  -3  -4  -2  -2  -4  -2  -3  -3  -1  -1  -3  -3  -1    0   0   0   0 100   0   0   0   0   0   0   0   0   0   0   0   0   0   0   0  1.33 0.02

                      K         Lambda
Standard Ungapped    0.1468     0.3371
Standard Gapped      0.0410     0.2670
PSI Ungapped         0.1468     0.3371
PSI Gapped           0.0410     0.2670
