
Last position-specific scoring matrix computed, weighted observed percentages rounded down, information per position, and relative weight of gapless real matches to pseudocounts
            A   R   N   D   C   Q   E   G   H   I   L   K   M   F   P   S   T   W   Y   V   A   R   N   D   C   Q   E   G   H   I   L   K   M   F   P   S   T   W   Y   V
    1 G     0  -3  -1  -2  -3  -2  -3   6  -3  -4  -4  -2  -3  -4  -3  -1  -2  -3  -4  -4    0   0   0   0   0   0   0 100   0   0   0   0   0   0   0   0   0   0   0   0  1.18 0.04
    2 F    -3  -4  -4  -4   1  -4  -4  -4  -2  -1   0  -4  -1   8  -4  -3  -3   0   3  -1    0   0   0   0   5   0   0   0   0   0   0   0   0  95   0   0   0   0   0   0  1.03 0.09
    3 G     0  -3  -1  -2  -3  -2  -3   7  -3  -5  -4  -2  -3  -4  -3  -1  -2  -3  -4  -4    0   0   0   0   0   0   0 100   0   0   0   0   0   0   0   0   0   0   0   0  1.27 0.08
    4 C    -1  -4  -4  -5  10  -4  -5  -3  -4  -2  -2  -4  -2  -3  -4  -2  -2  -3  -3  -2    0   0   0   0 100   0   0   0   0   0   0   0   0   0   0   0   0   0   0   0  1.82 0.12
    5 P    -1  -3  -2  -2  -3  -2  -2  -3  -3  -4  -4  -2  -3  -4   8   0  -1  -5  -4  -3    0   0   0   0   0   0   0   0   0   0   0   0   0   0  94   6   0   0   0   0  2.06 0.09
    6 L     2   0  -2  -2  -2  -2  -2   2  -2  -1   1  -1   0   1  -2  -1  -1   3  -1  -1   28   6   0   0   0   0   0  19   0   0  28   0   0  10   0   0   0   5   0   0  0.14 0.02
    7 N    -2  -1   5   2  -3  -1  -1  -2   0  -3  -3  -1  -2   0  -3   1  -1  -1   4  -3    0   0  49  16   0   0   0   0   0   0   0   0   0   0   0   8   0   0  27   0  0.51 0.06
    8 Q    -1   1   1   0  -4   5   4  -2   0  -4  -3   1  -2  -4  -2   0  -1  -3  -2  -3    0   5   6   0   0  54  35   0   0   0   0   0   0   0   0   0   0   0   0   0  0.66 0.06
    9 G    -1   0   0  -2  -3  -1  -2   4  -1  -2  -1   0   0   0  -3  -1  -2  -1   3  -2    0   5   6   0   0   0   0  48   0   0   6   8   5   0   0   0   0   0  21   0  0.38 0.04
   10 A     1   0  -1  -1  -3   2   2  -2   0  -2  -2   2  -1   0  -2   0  -1  -1   4  -2   21   0   0   0   0  17  16   0   0   0   0  19   0   0   0   0   0   0  27   0  0.29 0.04
   11 C    -1  -4  -4  -5  10  -4  -5  -3  -4  -2  -2  -4  -2  -3  -4  -2  -2  -3  -3  -2    0   0   0   0 100   0   0   0   0   0   0   0   0   0   0   0   0   0   0   0  1.82 0.12
   12 H    -2  -1   4   2  -4   0   0  -2   7  -3  -3  -1   0  -2  -3  -1  -2  -3   0  -3    0   0  26  12   0   0   0   0  57   0   0   0   6   0   0   0   0   0   0   0  0.71 0.07
   13 N     0   3   4   3  -3   0   0  -1   0  -3  -3   0  -2  -3  -2   1   0  -4  -2  -3    6  29  32  17   0   0   0   0   0   0   0   0   0   0   0  16   0   0   0   0  0.41 0.04
   14 H    -2  -1   0  -2  -4   0  -1  -3  10  -4  -4  -1  -2  -2  -3  -2  -3  -3   1  -4    0   0   0   0   0   0   0   0 100   0   0   0   0   0   0   0   0   0   0   0  1.43 0.11
   15 C    -1  -4  -4  -5  10  -4  -5  -3  -4  -2  -2  -4  -2  -3  -4  -2  -2  -3  -3  -2    0   0   0   0 100   0   0   0   0   0   0   0   0   0   0   0   0   0   0   0  1.82 0.12
   16 R    -1   4   1  -1  -4   4   1  -2   0  -3  -1   3  -1  -3  -2  -1  -1  -3  -2  -3    0  26   5   0   0  38   0   0   0   0   6  24   0   0   0   0   0   0   0   0  0.47 0.05
   17 S     0  -1   1   3  -2  -1   0  -1  -1  -3  -3  -1  -2  -3  -1   4   1  -4  -3  -2    0   0   0  27   0   0   0   0   0   0   0   0   0   0   0  67   5   0   0   0  0.51 0.06
   18 I    -2  -4  -4  -4  -2  -3  -4  -5  -4   6   1  -3   1  -1  -3  -3  -1  -3  -2   3    0   0   0   0   0   0   0   0   0  92   0   0   0   0   0   0   0   0   0   8  0.61 0.07
   19 K     0   1  -1  -1  -3   0   2   4  -1  -4  -4   1  -3  -4  -2   0  -1  -3  -3  -3    0  12   0   0   0   0  17  51   0   0   0  14   0   0   0   6   0   0   0   0  0.51 0.04
   20 R    -2   5  -1  -2   4   0  -1  -3  -1  -3  -3   2  -2  -2  -3  -1  -2  -2   1  -3    0  64   0   0  16   0   0   0   0   0   0  12   0   0   0   0   0   0   8   0  0.61 0.06
   21 R    -1   4  -1  -1   2   1   1  -2   2  -3  -1   3  -1  -3  -2   0  -1  -3  -2  -2    0  36   0   0   6   0   5   0   6   0   5  36   0   0   0   5   0   0   0   0  0.39 0.04
   22 G     1  -2  -1   2  -3  -1   1   4  -2  -3  -3  -1  -2   1  -2   0  -1  -2  -1  -3   16   0   0  16   0   0  12  45   0   0   0   0   0  11   0   0   0   0   0   0  0.40 0.03
   23 G     0  -3  -1  -2  -3  -2  -3   7  -3  -5  -4  -2  -3  -4  -3  -1  -2  -3  -4  -4    0   0   0   0   0   0   0 100   0   0   0   0   0   0   0   0   0   0   0   0  1.27 0.08
   24 Y    -2  -2  -2  -3  -3  -2   0  -3   1  -2  -1  -2  -1   4  -3  -1  -2   1   7  -2    0   0   0   0   0   0  10   0   0   0   0   0   0  18   0   6   0   0  66   0  0.76 0.07
   25 C    -1  -4  -4  -5  10  -4  -5  -3  -4  -2  -2  -4  -2  -3  -4  -2  -2  -3  -3  -2    0   0   0   0 100   0   0   0   0   0   0   0   0   0   0   0   0   0   0   0  1.82 0.12
   26 S     2  -1   0   3  -2  -1   0   1   5  -3  -3  -1  -2  -3  -2   1  -1  -3  -1  -2   24   0   0  24   0   0   0  11  27   0   0   0   0   0   0  13   0   0   0   0  0.34 0.04
   27 G     1  -3  -1  -2  -3  -2  -2   6  -3  -4  -4  -2  -3  -4  -2   0  -2  -3  -3  -3   16   0   0   0   0   0   0  84   0   0   0   0   0   0   0   0   0   0   0   0  0.99 0.06
   28 I    -1  -3  -2  -3  -2  -2  -3  -3  -2   1   0  -2   0   4   3  -1   1   4   1   0    0   0   0   0   0   0   0   0   0   8   4   0   0  36  19   5  11   6   0  10  0.36 0.03
   29 I    -1  -2  -2  -2  -1  -1  -2   0   1   1   3  -2   1   1  -2  -1  -1  -1   0   0    2   1   1   1   1   1   2  10   7  13  45   2   1   5   1   2   2   0   1   2  0.10 0.01
   30 K    -1   4  -1  -1  -2   0   0  -2  -1  -2  -2   3  -1  -1  -1  -1  -1   6   0  -2    2  32   1   1   1   1   2   2   1   1   2  28   1   1   1   2   2  16   1   2  0.41 0.03
   31 Q     0  -1  -1  -1  -1   2   0  -2  -1   0   2  -1   1  -1   2  -1  -1  -2  -1   0    8   1   1   1   1  22   2   2   1   1  40   2   1   1   9   2   2   0   1   2  0.14 0.02
   32 T    -1   4  -1  -2  -3   0   0  -2  -1  -2  -2   3  -1  -3  -2   0   3  -3  -2  -2    0  30   0   0   0   0   0   0   0   0   0  27   0   0   0   0  43   0   0   0  0.43 0.05
   33 C    -1  -4  -4  -5  10  -4  -5  -3  -4  -2  -2  -4  -2  -3  -4  -2  -2  -3  -3  -2    0   0   0   0 100   0   0   0   0   0   0   0   0   0   0   0   0   0   0   0  1.82 0.12
   34 T    -1   0  -1  -1  -2   0  -1  -2  -2  -1  -2   3  -1  -3  -2   1   4  -3  -2  -1    0   0   0   0   0   0   0   0   0   5   0  35   0   0   0   0  59   0   0   0  0.40 0.06
   35 C    -1  -4  -4  -5  10  -4  -5  -3  -4  -2  -2  -4  -2  -3  -4  -2  -2  -3  -3  -2    0   0   0   0 100   0   0   0   0   0   0   0   0   0   0   0   0   0   0   0  1.82 0.12
   36 Y     0  -2  -2  -2  -3  -1   0   3   0  -2  -2  -2  -2   1  -3  -1  -2   1   6  -2   12   0   0   0   0   0   7  27   0   0   0   0   0   0   0   0   0   0  54   0  0.50 0.05
   37 R    -1   5  -1  -2  -4   1   0  -2  -1  -3  -3   4  -2  -3  -2  -1  -1  -3  -2  -3    0  55   0   0   0   0   0   0   0   0   0  45   0   0   0   0   0   0   0   0  0.66 0.04
   38 K    -1   0   4   3  -3   2   2  -1   0  -3  -3   1  -2  -3  -2   2   0  -4  -2  -3    0   0  30  20   0  11  11   0   0   0   0   7   0   0   0  22   0   0   0   0  0.40 0.02

                      K         Lambda
Standard Ungapped    0.1448     0.3298
Standard Gapped      0.0457     0.2670
PSI Ungapped         0.1492     0.3155
PSI Gapped           0.0457     0.2670
