
Last position-specific scoring matrix computed, weighted observed percentages rounded down, information per position, and relative weight of gapless real matches to pseudocounts
           A  R  N  D  C  Q  E  G  H  I  L  K  M  F  P  S  T  W  Y  V   A   R   N   D   C   Q   E   G   H   I   L   K   M   F   P   S   T   W   Y   V
    1 M   -1 -1 -2 -3 -2 -1 -2 -3 -2  1  2 -1  6  0 -3 -2 -1 -2 -1  0    0   0   0   0   0   0   0   0   0   0   0   0 100   0   0   0   0   0   0   0  0.49 0.03
    2 S    2 -1  0 -1 -1  0  0  0 -1 -2 -2  0 -1 -2 -1  3  1 -3 -2 -1   25   0   0   0   0   0   0   0   0   0   0   0   0   0   0  75   0   0   0   0  0.41 0.02
    3 D   -2 -2  1  6 -3  0  1 -1 -1 -3 -4 -1 -3 -3 -2  0 -1 -4 -3 -3    0   0   0 100   0   0   0   0   0   0   0   0   0   0   0   0   0   0   0   0  1.01 0.02
    4 N    0  0  2  1 -1  0  0  0  0 -1 -1  0  0 -1  0  0  0  0  0 -1    6   4  20  10   1   3   5   6   2   4   7   4   2   3   4   6   5   1   3   5  0.07 0.00
    5 K   -1  2  0 -1 -3  1  1 -1 -1 -2 -2  4 -1 -3 -1  0 -1 -2 -2 -2    1   1   0   1   0   0   1   1   0   1   1  91   0   0   1   1   1   0   0   1  0.49 0.02
    6 P   -1 -2 -2 -2 -3 -1 -1 -2 -2 -3 -3 -1 -3 -4  7 -1 -1 -4 -3 -2    0   0   0   0   0   0   0   0   0   0   0   0   0   0 100   0   0   0   0   0  2.11 0.03
    7 D   -1 -2  2  5 -3 -1  1  0 -1 -2 -3 -1 -2 -3 -2  0 -1 -4 -3 -1    0   0  12  71   0   0   0   7   0   0   0   0   0   0   0   0   0   0   0  10  0.60 0.01
    8 I   -1 -1 -2 -3 -1 -1 -2 -3 -2  2  2  0  3  1 -2 -2 -1 -2 -1  1    0   0   0   0   0   0   0   0   0  22  18  10  36   8   0   0   0   0   0   7  0.21 0.01
    9 S    2 -1  0  0 -1  0  1  2 -1 -2 -2  0 -1 -3 -1  2  1 -3 -2 -1   22   0   0   0   0   0  15  19   0   0   0   7   0   0   0  29   7   0   0   0  0.27 0.01
   10 D   -1  0  0  2 -4  2  5 -2  0 -3 -3  1 -2 -3 -1  0 -1 -3 -2 -2    0   0   0   6   0   0  94   0   0   0   0   0   0   0   0   0   0   0   0   0  0.77 0.02
   11 V   -1 -3 -3 -3 -1 -2 -3 -3 -3  3  1 -2  1 -1 -2 -2  0 -3 -1  3    0   0   0   0   0   0   0   0   0  36   0   0   0   0   0   0   0   0   0  64  0.38 0.01
   12 T    1  0  0  0 -2  2  2 -1 -1 -2 -2  0 -1 -3 -1  1  2 -2 -2 -1   18   0   0   0   0  16  31   0   0   0   0   0   0   0   0  11  24   0   0   0  0.30 0.01
   13 S    0  1  1  0 -2  2  0 -1 -1 -3 -2  3 -1 -3 -1  2  0 -3 -2 -2    0   0   5   0   0  15   0   0   0   0   0  36   0   0   0  43   0   0   0   0  0.34 0.01
   14 F   -2 -3 -3 -3 -2 -3 -3 -3 -1  0  0 -3  0  6 -4 -2 -2  1  3 -1    0   0   0   0   0   0   0   0   0   0   0   0   0 100   0   0   0   0   0   0  0.85 0.02
   15 D   -2 -2  2  6 -3  0  1 -1 -1 -3 -4 -1 -3 -3 -2  0 -1 -4 -3 -3    0   0   6  94   0   0   0   0   0   0   0   0   0   0   0   0   0   0   0   0  0.95 0.02
   16 K   -1  2  0 -1 -3  1  1 -2 -1 -3 -2  4 -1 -3 -1  0 -1 -3 -2 -2    0   7   0   0   0   0   0   0   0   0   0  93   0   0   0   0   0   0   0   0  0.57 0.02
   17 T    1 -1  0 -1 -1  0  0 -1 -1 -1 -2  1 -1 -2 -1  2  3 -3 -2 -1   10   0   0   0   0   0   0   0   0   0   0  10   0   0   0  39  41   0   0   0  0.33 0.01
   18 K   -1  2  0 -1  2  1  0 -2 -1 -2 -2  4 -1 -3 -1  0  0 -3 -2 -2    0   0   0   0  10   0   0   0   0   0   0  83   0   0   0   0   7   0   0   0  0.43 0.02
   19 L   -1 -2 -3 -4 -1 -2 -3 -4 -3  1  4 -2  2  0 -3 -2 -1 -2 -1  1    0   0   0   0   0   0   0   0   0   0 100   0   0   0   0   0   0   0   0   0  0.50 0.02
   20 K   -1  2  0 -1 -3  1  1 -2 -1 -3 -2  4 -1 -3 -1  0 -1 -3 -2 -2    0   7   0   0   0   0   0   0   0   0   0  93   0   0   0   0   0   0   0   0  0.57 0.02
   21 K   -1  2  0 -1 -3  1  1 -2 -1 -3 -2  5 -1 -3 -1  0 -1 -3 -2 -2    0   0   0   0   0   0   0   0   0   0   0 100   0   0   0   0   0   0   0   0  0.59 0.02
   22 T    0 -1  0 -1 -1 -1 -1 -2 -2 -1 -1 -1 -1 -2 -1  1  5 -2 -2  0    0   0   0   0   0   0   0   0   0   0   0   0   0   0   0   0 100   0   0   0  0.55 0.02
   23 E   -1  0  2  2 -3  1  4 -2  0 -3 -3  0 -2 -3 -1  0  0 -3 -2 -2    0   0  17   8   0   0  68   0   0   0   0   0   0   0   0   0   7   0   0   0  0.56 0.01
   24 T    0 -1  0 -1 -1 -1 -1 -2 -2 -1 -1 -1 -1 -2 -1  1  5 -2 -2  0    0   0   0   0   0   0   0   0   0   0   0   0   0   0   0   0 100   0   0   0  0.55 0.02
   25 Q    0  0  1  0 -3  4  2 -1  2 -3 -2  1 -1 -3 -1  0 -1 -2 -1 -2   10   0   7   0   0  62  15   0   6   0   0   0   0   0   0   0   0   0   0   0  0.48 0.02
   26 E   -1  0  0  1 -3  2  5 -2  0 -2 -2  0 -2 -3 -1  0 -1 -3 -2 -1    0   0   0   0   0   0  92   0   0   0   0   0   0   0   0   0   0   0   0   8  0.67 0.02
   27 K   -1  2  0 -1 -3  1  1 -2 -1 -3 -2  5 -1 -3 -1  0 -1 -3 -2 -2    0   0   0   0   0   0   0   0   0   0   0 100   0   0   0   0   0   0   0   0  0.59 0.02
   28 N   -2 -1  6  1 -3  0  0 -1  0 -3 -3  0 -2 -3 -2  0  0 -4 -2 -3    0   0 100   0   0   0   0   0   0   0   0   0   0   0   0   0   0   0   0   0  0.82 0.03
   29 T    0 -2 -1 -1 -2 -1 -1 -2 -2 -2 -2 -1 -1 -3  5  0  3 -3 -2 -1    0   0   0   0   0   0   0   0   0   0   0   0   0   0  52   0  48   0   0   0  0.96 0.02
   30 L   -1 -2 -3 -4 -1 -2 -3 -4 -3  1  4 -2  2  0 -3 -2 -1 -2 -1  1    0   0   0   0   0   0   0   0   0   0 100   0   0   0   0   0   0   0   0   0  0.50 0.02
   31 P   -1 -2 -2 -1 -3 -1 -1 -2 -2 -3 -3 -1 -2 -3  7  0 -1 -4 -3 -2    0   0   0   0   0   0   0   0   0   0   0   0   0   0  93   7   0   0   0   0  1.90 0.02
   32 T    0 -1  0 -1 -1 -1 -1 -1 -1 -1 -2 -1 -1 -2 -1  3  4 -3 -2 -1    0   0   0   0   0   0   0   0   0   0   0   0   0   0   0  35  65   0   0   0  0.43 0.02
   33 K   -1  2  0 -1 -3  1  1 -2 -1 -3 -2  5 -1 -3 -1  0 -1 -3 -2 -2    0   0   0   0   0   0   0   0   0   0   0 100   0   0   0   0   0   0   0   0  0.59 0.02
   34 E   -1  0  0  1 -4  2  5 -2  0 -3 -3  1 -2 -3 -1  0 -1 -3 -2 -2    0   0   0   0   0   0 100   0   0   0   0   0   0   0   0   0   0   0   0   0  0.80 0.02
   35 I   -1 -3 -3 -3 -1 -3 -3 -4 -3  4  1 -3  1  0 -3 -2 -1 -3 -1  2    0   0   0   0   0   0   0   0   0 100   0   0   0   0   0   0   0   0   0   0  0.46 0.02
   36 E   -1  0  0  3 -3  2  4 -2  0 -3 -3  0 -2 -3 -1  0 -1 -3 -2 -3    0   0   0  24   0   7  69   0   0   0   0   0   0   0   0   0   0   0   0   0  0.67 0.02
   37 Q   -1  1  0  0 -3  5  2 -2  0 -3 -2  1 -1 -3 -1  0 -1 -2 -2 -2    0   0   0   0   0 100   0   0   0   0   0   0   0   0   0   0   0   0   0   0  0.75 0.03
   38 E   -1  0  0  1 -4  2  5 -2  0 -3 -3  1 -2 -3 -1  0 -1 -3 -2 -2    0   0   0   0   0   0 100   0   0   0   0   0   0   0   0   0   0   0   0   0  0.80 0.02
   39 K   -1  3  0 -1 -3  1  1 -2 -1 -3 -2  4 -1 -3 -1  0 -1 -3 -2 -2    0  14   0   0   0   0   0   0   0   0   0  86   0   0   0   0   0   0   0   0  0.56 0.02
   40 S    2  0  0 -1 -1  4  1 -1  0 -2 -2  0 -1 -3 -1  2  0 -2 -2 -1   26   0   0   0   0  48   0   0   0   0   0   0   0   0   0  26   0   0   0   0  0.35 0.01
   41 E    2 -1 -1  0 -2  0  2  2 -1 -2 -2  0 -2 -3 -1  0  1 -3 -2 -1   33   0   0   0   0   0  28  27   0   0   0   0   0   0   0   0  12   0   0   0  0.30 0.00
   42 S    1 -1  0  0 -1  0  1  1 -1 -2 -2  0 -1 -2 -1  3  1 -3 -2 -1   11   0   0   0   0   0  14  14   0   0   0   0   0   0   0  51  11   0   0   0  0.31 0.01
   43 S    2 -1  0 -1 -1  0  0  0 -1 -2 -2  0 -1 -2 -1  3  2 -3 -2 -1   16   0   0   0   0   0   0   0   0   0   0   0   0   0   0  69  15   0   0   0  0.38 0.01

                      K         Lambda
Standard Ungapped    0.1111     0.2904
Standard Gapped      0.0410     0.2670
PSI Ungapped         0.1111     0.2904
PSI Gapped           0.0410     0.2670
