
Last position-specific scoring matrix computed, weighted observed percentages rounded down, information per position, and relative weight of gapless real matches to pseudocounts
            A   R   N   D   C   Q   E   G   H   I   L   K   M   F   P   S   T   W   Y   V   A   R   N   D   C   Q   E   G   H   I   L   K   M   F   P   S   T   W   Y   V
    1 S    -4  -4   7   2  -5  -3  -3   0  -3  -6  -7  -3  -5  -6  -5   4  -3  -7  -5  -6    0   0  57   9   0   0   0   7   0   0   0   0   0   0   0  27   0   0   0   0  1.54 0.61
    2 L    -5  -4  -7  -7  -5  -5  -6  -7  -6   0   6  -6   2   1  -6  -6  -3  -5  -4   0    0   1   0   0   0   0   0   0   0   3  80   0   3   5   0   0   1   0   0   6  1.46 0.58
    3 F    -2  -5  -3  -4  -2  -3  -5  -4  -4   2   2  -3   1   2  -5  -3  -2   7   4   2    4   0   1   1   1   1   0   1   0  14  18   1   4   7   0   1   1  18  14  14  0.78 0.37
    4 E    -5  -1   2  -2  -7   8   2  -6  -1  -7  -5  -3  -5  -7  -5  -4  -5  -6  -6  -6    0   3   9   1   0  72  13   0   1   0   1   0   0   0   0   0   0   0   0   0  2.00 0.83
    5 L    -6  -7  -7  -8  -6  -7  -7  -7  -5  -4   1  -7  -4   9  -8  -6  -6   1   1  -5    0   0   0   0   0   0   0   0   0   0  15   0   0  81   0   0   0   2   3   0  2.48 0.84
    6 G     0   1   1  -1  -5  -1   1   4  -2  -5  -5   2   0  -2  -4   0  -1   0  -4  -4    5   7   6   2   0   2  10  36   1   0   0  12   2   2   0   8   3   2   0   0  0.50 0.32
    7 K    -3   2   3  -1  -5   1   2  -2  -2  -3  -2   3   0   0  -4  -1   0  -4   1  -3    1  12  18   2   0   4  12   3   0   1   3  22   3   4   0   4   5   0   5   1  0.37 0.29
    8 M    -5  -3  -7  -7  -6  -5  -2  -7  -6  -1   2  -6  10  -4  -7  -6  -5  -6  -5   0    0   1   0   0   0   0   3   0   0   3  15   0  74   0   0   0   0   0   0   4  2.46 0.98
    9 I    -5  -6  -2  -6  -5  -6  -6  -7  -6   8  -1  -6   1  -2  -6  -5  -2  -6  -5   1    0   0   3   0   0   0   0   0   0  80   3   0   2   1   0   0   3   0   0   7  1.83 0.74
   10 L    -2   1   1  -1   2   3   0  -4  -1  -2   0   3   3   1  -4  -2  -2   0  -2  -2    1   7   6   2   5  18   4   0   1   1   8  21   9   7   0   2   2   1   1   3  0.34 0.29
   11 Q     0  -1  -1  -2   8   1   0  -3   1  -3  -2   3  -2  -1  -4  -3  -2  -4   1  -2    9   2   2   2  32   8   7   2   3   1   3  17   1   2   0   0   2   0   5   2  0.75 0.41
   12 E    -1  -2   3  -2   0  -2   1  -3  -3   2   0   1   3  -3  -3  -1   2  -4  -2   1    5   1  16   0   2   0  11   0   0  12   6   9  10   0   0   1  15   0   1   8  0.25 0.26
   13 T     1  -1  -2  -4  -3  -1  -3  -2   2   1  -2  -1   1  -4   0  -1   5  -5  -2   0   12   4   1   0   0   2   0   3   6   9   2   4   4   0   6   1  38   0   1   7  0.46 0.39
   14 G    -2  -1   1  -2  -5  -4  -2   6  -1  -2  -4   0  -5  -5   2  -1  -4  -5  -5  -5    1   4   8   1   0   0   2  56   1   3   2   6   0   0  10   4   0   0   0   0  0.99 0.52
   15 K    -1   3  -1  -1  -4   0   1  -2   0  -2  -3   4  -3  -2  -1   2   0  -4   0  -4    3  15   2   2   0   2   7   2   2   3   1  33   0   1   2  15   7   0   3   0  0.48 0.36
   16 N    -3   4   3  -2   1   0   1  -3   0  -3  -2   0  -2   0  -2   2   0  -4   0  -4    0  29  14   1   3   3   8   1   2   1   3   4   1   5   1  15   4   0   3   0  0.42 0.34
   17 P     2  -3  -2  -4  -4  -3  -2   2  -1  -4  -3  -3  -1  -5   5   2   0  -6  -5  -1   15   1   1   0   0   0   3  15   1   0   3   0   1   0  33  14   6   0   0   6  0.73 0.46
   18 A     0  -3  -4  -3   0  -3  -3  -2  -4   1   1  -4   1   2   0  -2   0   7   0   2    8   1   0   1   2   0   1   4   0   9  14   0   3   8   4   3   6  18   2  14  0.48 0.30
   19 K    -1  -2  -4  -4  -3  -2  -1  -2  -1   0   2  -1   1   2   1  -1   0   6   0   0    4   2   0   0   0   1   4   4   1   3  27   5   4  10   7   3   7  11   2   4  0.31 0.25
   20 S     0  -2   1   3  -4   0   2  -2   3  -3  -4   0  -4   1  -4   3  -2   2   1  -4    7   1   6  15   0   3  13   1   9   1   0   6   0   5   0  23   1   3   5   0  0.40 0.34
   21 Y    -6  -6  -2  -7  -7  -6  -6  -7   1  -5  -5  -6  -5   4  -7  -6  -6  -2   9  -2    0   0   2   0   0   0   0   0   2   0   0   0   0  16   0   0   0   0  77   3  2.63 0.98
   22 G     2  -3   0  -1  -3  -2  -1   1  -3   0   0  -3   3  -1  -3   2   0   0  -2   0   18   0   5   3   0   0   4  11   0   5   8   0  12   2   0  17   6   1   1   7  0.20 0.22
   23 A     0  -3   2   4   1  -3  -2   0  -1  -2  -2  -2  -2   3  -2   1  -1  -4   1  -3    7   0  11  27   3   0   1   8   1   2   3   2   1  12   1  12   3   0   4   1  0.39 0.30
   24 Y    -6  -6  -1  -7   1  -6  -6  -4  -3  -6  -5  -1  -5  -1  -7  -6  -3  -2  10  -6    0   0   3   0   3   0   0   1   0   0   0   3   0   0   0   0   1   0  88   0  2.86 0.85
   25 G    -2  -6  -4  -5  -6  -6  -6   7  -6  -8  -7  -5  -7  -7  -1  -4  -5  -6  -2  -7    2   0   0   0   0   0   0  93   0   0   0   0   0   0   3   0   0   0   2   0  2.32 0.69
   26 C    -5  -8   0  -8  12  -7  -8  -7  -7  -6  -6  -8  -6  -7  -8  -5  -5  -7  -7  -6    0   0   5   0  95   0   0   0   0   0   0   0   0   0   0   0   0   0   0   0  4.05 1.00
   27 N    -6  -6   1  -6  -7  -5  -6  -7   4  -6  -5  -6  -5   2  -7  -6  -6   3   9  -6    0   0   8   0   0   0   0   0   7   0   0   0   0   5   0   0   0   3  77   0  2.57 0.77
   28 C    -5  -8  -7  -8  12  -8  -8  -7  -8  -6  -6  -8  -6  -7  -7  -5  -5  -7  -7  -5    0   0   0   0 100   0   0   0   0   0   0   0   0   0   0   0   0   0   0   0  4.29 0.97
   29 G    -3  -6  -4  -2  -6  -5  -6   7  -6  -7  -7  -5  -6  -7  -6  -2  -5  -6  -7  -3    0   0   0   2   0   0   0  94   0   0   0   0   0   0   0   2   0   0   0   2  2.31 0.62
   30 V     0   0  -4  -5  -2  -2  -4  -3  -4  -1   1   1   1  -2   0  -1   0   9   0   0    9   4   0   0   1   1   0   2   0   3  12   9   3   0   5   4   5  31   2   8  0.82 0.31
   31 L    -2  -2  -2  -4  -5  -4  -2   7  -5  -6  -4  -4  -2  -6  -5  -2  -4  -6  -6  -4    2   3   2   0   0   0   3  84   0   0   2   0   1   0   0   1   0   0   0   1  1.77 0.51
   32 G    -3  -3  -1  -1  -6  -5  -3   7  -2  -7  -7  -3  -6  -6  -5  -2  -5  -6  -6  -5    0   2   3   3   0   0   1  85   1   0   0   2   0   0   0   2   0   0   0   1  1.86 0.53
   33 R    -2   5  -2  -3  -4   3  -1  -3   2  -2  -4   2  -3  -5  -4   3  -1  -2  -4  -3    1  30   1   0   0  15   2   1   4   2   1  12   0   0   0  28   2   1   0   1  0.72 0.34
   34 G    -3  -1  -1  -4  -5  -4  -3   7  -1  -6  -6  -4  -5  -3  -5  -3  -4  -5  -5  -6    0   3   3   0   0   0   1  87   2   0   0   0   0   1   0   0   0   0   0   0  1.87 0.52
   35 K    -2   2  -2  -3  -4   2   0  -2  -1  -2  -3   2   1  -4   0  -1   5   2  -3  -3    1  10   1   0   0   8   5   2   2   1   1  16   4   0   4   3  40   3   0   0  0.57 0.31
   36 P    -2  -5  -5  -1  -6  -5  -4  -5  -5  -6  -4  -4  -5  -6   8  -4  -4  -7  -6  -5    3   0   0   3   0   0   0   0   0   0   2   0   0   0  89   0   0   0   0   0  2.68 0.67
   37 K    -2   1  -3  -4  -4   2  -2  -2  -3   1   0   3   0  -3  -4  -2  -2  -4  -3   4    0   6   0   0   0  11   0   2   0   6   6  24   2   0   0   1   1   0   0  40  0.56 0.29
   38 D    -4  -4  -2   8  -6  -3  -1  -4  -4  -6  -6  -4  -5  -5  -4  -3  -2  -6   0  -6    1   0   0  87   0   0   1   0   0   0   0   0   0   0   0   0   3   0   4   0  2.08 0.58
   39 A     4  -3  -2   2  -3  -1   2   0  -3  -4  -4   0  -1  -4  -1   0   0  -4  -4  -3   45   0   0  15   0   2  15   5   0   0   0   4   2   0   2   3   5   0   0   0  0.55 0.27
   40 T    -2  -3  -3  -1  -3  -3  -3  -4  -3   1   3  -3  -1  -2  -3   0   5  -3   0   0    1   0   0   3   0   0   0   0   0   6  32   0   0   0   0   4  41   0   4   5  0.60 0.29
   41 D    -4  -4  -1   8  -5  -1  -1  -4  -3  -5  -5  -3  -5  -5  -4  -1  -3  -6  -5  -5    1   0   0  87   0   2   0   1   0   0   1   0   0   0   0   5   0   0   0   1  1.97 0.50
   42 R    -3   8  -3  -4  -5  -1  -3  -5   0  -5  -5   0  -4  -5  -4  -2  -3   5  -4  -5    1  78   0   0   0   1   0   0   2   0   0   3   0   0   0   3   1   8   0   0  1.73 0.49
   43 C    -4  -6  -6  -6  11  -6  -6  -6   0  -5  -5  -6  -5  -5  -6  -4  -4  -5  -5  -4    0   0   0   0  94   0   0   0   3   0   0   0   0   0   0   0   0   0   0   0  3.54 0.74
   44 C    -4  -6  -6  -6  11  -6  -6  -6  -6  -5  -5  -6  -5  -6  -6  -2  -4  -5  -6  -4    0   0   0   0  94   0   0   0   0   0   0   0   0   0   0   3   0   0   0   0  3.53 0.73
   45 Y    -2  -1  -3  -3  -4   3  -1  -4   2  -3  -2   1  -2   5  -1  -2  -3   0   4  -2    1   2   0   0   0  20   2   0   5   1   3  10   0  33   3   2   0   1  15   1  0.66 0.28
   46 V     0  -3  -3  -2  -3  -2  -1  -3  -2   1  -1  -3  -1  -3  -3   0   2  -4  -2   5    8   1   0   2   0   1   3   1   1   4   1   1   1   0   0   8  14   0   1  53  0.57 0.28
   47 H    -4  -2  -2  -4  -6   0  -3  -5  11  -6  -6  -4  -5  -4  -5  -2  -4  -5  -2  -6    0   1   1   0   0   4   0   0  88   0   0   0   0   0   0   3   0   0   0   0  2.88 0.68
   48 K    -3  -2   0   7  -3  -2  -1  -4   0  -5  -5   1  -5  -5  -1  -1  -3  -6  -5  -5    2   1   3  73   1   1   0   0   2   0   0  11   0   0   3   2   0   0   0   0  1.44 0.43
   49 C    -3  -2   2   1  10  -1  -1  -4   0  -4  -3  -3  -2  -5  -4  -1  -3   0  -3  -3    1   2  12   8  56   3   5   0   2   0   1   1   1   0   0   4   0   1   1   1  1.51 0.44
   50 C    -4  -6  -5  -6  11  -5  -6  -5  -6  -4  -4  -6  -4  -5  -1  -4  -4  -5  -5  -4    0   0   0   0  90   0   0   0   0   0   0   0   0   0   4   0   0   0   0   0  3.25 0.70
   51 Y    -4  -4  -5  -5  -5  -4  -5  -5  -1  -4  -2  -5  -4   1  -5  -4  -4  -1   9  -4    0   0   0   0   0   0   0   0   0   0   3   0   0   2   0   0   0   0  89   0  2.53 0.63
   52 K     0  -1   0   0  -4  -1   2   4   0  -4  -4   2  -3  -4  -3  -1  -1  -4  -3  -4    6   2   4   5   0   1  13  39   2   1   0  18   0   0   0   2   3   0   0   0  0.52 0.21
   53 K    -2   2  -1  -1  -5   2   2  -3  -1  -4  -4   6  -3  -5  -3  -1  -1  -4  -4  -4    1  10   2   1   0   9  11   1   1   0   1  56   0   0   0   3   3   0   0   0  0.88 0.32
   54 L     1  -3  -3  -3  -2  -3  -2  -3  -1   2   3  -2   1   0  -3  -2  -1  -3  -2   3   17   1   0   1   0   0   2   1   2   8  36   2   3   3   0   1   1   0   1  21  0.35 0.17
   55 T    -1   0   1   0  -2   0   2  -1   2  -3  -3   0  -2   0   2   0   3  -2  -2  -2    1   4   8   4   1   3  13   4   5   0   1   6   1   5   9   5  29   0   1   1  0.28 0.16
   56 G     0  -1   0   2  -3  -2   0   5  -3  -4  -4   1  -3  -4  -3   1  -1  -4  -4  -4    6   3   3  11   0   0   6  45   0   0   1   9   0   0   0  11   2   0   0   1  0.60 0.22
   57 C    -3  -5  -1  -5  11  -5  -5  -5  -5  -4  -3  -5  -4  -4  -2  -3  -3  -4  -2  -3    1   0   3   1  83   0   1   1   0   0   2   1   0   0   2   1   1   0   1   1  2.81 0.61
   58 N    -1   0   3   3  -3   0  -1  -1   0  -3  -3   0  -3  -1   0   2  -1   2   2  -3    4   5  20  17   0   5   2   4   2   1   1   4   0   2   4  16   1   3   7   1  0.30 0.16
   59 P    -3  -4  -4  -4   0  -3  -3  -3  -3  -2  -4  -1  -4  -5   8  -2   1  -5  -4  -2    1   0   0   0   2   0   1   2   1   2   1   4   0   0  72   2   8   0   0   3  1.81 0.46
   60 K    -3   0  -2  -3  -4  -1  -2  -4  -2  -1  -1   6  -3  -1  -3  -2   0  -2   4  -1    0   3   1   0   0   1   1   0   0   3   6  53   0   1   0   2   4   0  16   6  0.73 0.33
   61 K    -2  -1  -1  -1  -1  -2  -2  -3  -3   0   2   0   2   2  -3  -1   2   5   0   0    2   2   3   4   1   0   1   0   0   3  19   7   8  11   1   2  19   9   2   5  0.24 0.18
   62 D    -1  -2   2   4  -3   0   0  -2  -2  -1  -1   1  -1  -3  -3   0   2  -4  -3  -2    5   1   8  30   0   5   5   1   0   3   7  10   1   0   0   6  14   0   1   2  0.33 0.20
   63 R    -1   2  -1  -1  -3   0  -1  -2  -1   0   0   0   0   0   0   2   2  -1   0  -1    4  15   2   3   0   4   1   1   1   7   9   3   2   4   4  18  15   1   2   2  0.12 0.14
   64 Y    -5  -5  -5  -6  -3  -5  -5  -4  -2  -3  -3  -5  -4   0  -6  -3  -5  -1  10  -5    0   0   0   0   0   0   0   1   0   1   2   0   0   2   0   2   0   0  90   0  2.73 0.76
   65 S    -2   0   1   1  -3   0  -1  -3  -1  -3  -4   1  -3  -3   0   5   2  -5  -3  -3    0   4   5   6   0   4   2   0   1   1   1   9   0   1   4  47  14   0   0   1  0.58 0.32
   66 Y    -5  -5  -5  -6  -5  -4  -5  -4   0  -4  -3  -3  -4   4  -6  -4  -3   6   8  -2    0   0   0   0   0   0   0   1   2   0   2   1   0  15   0   1   2  11  62   2  1.90 0.57
   67 S    -1  -1   0   0  -3   0   1  -3   2  -3  -4   2  -3  -3  -3   4   1  -4   1  -2    1   3   2   4   0   3   8   1   5   1   0  12   0   0   0  43   9   0   6   3  0.49 0.29
   68 W    -3  -1  -4  -5   8  -2  -1  -5   0   0  -1  -2   2   2  -5  -2  -3   7   1  -2    0   3   0   0  34   1   4   0   2   6   5   3   6  10   0   2   0  17   4   1  1.12 0.39
   69 K    -1   0   0  -1  -2   1   3  -1  -2  -2  -2   2  -1  -2  -1   1   1  -3   0   0    1   3   4   1   1   5  22   5   0   2   3  17   1   2   1  14   8   0   3   7  0.21 0.16
   70 D    -1  -1   5   3  -4   1   1   1  -2  -4  -4   0  -3  -2  -1   0  -1  -2  -3  -4    3   2  29  14   0   6  11  11   0   0   1   6   0   2   2   7   3   0   0   0  0.45 0.23
   71 K    -2   0   0   0   0   0  -2   5   2  -4  -3   2  -3  -4  -1  -1  -1  -4  -3  -3    0   5   3   5   2   4   2  46   5   1   3  12   0   0   2   5   3   0   0   2  0.56 0.26
   72 T     1  -1   1   2  -3   1   1   1  -1  -2  -2   0  -1  -3  -2   0   3  -3  -1  -1   11   1   5  15   0   5   7   9   1   2   1   6   2   1   0   4  22   0   3   5  0.20 0.15
   73 I    -2  -4  -4  -4   0  -4  -4  -5  -5   6   2  -4  -1  -1   2  -4  -3  -4  -3   2    2   0   1   1   2   0   0   0   0  50  16   0   0   1  13   0   0   0   0  12  0.87 0.35
   74 V    -2  -2  -3  -2  -3   0  -2  -4  -1   2  -1   0  -2  -1  -3  -1   3  -4   0   4    0   1   1   2   0   4   2   0   1  11   3   5   0   2   0   3  25   0   4  34  0.42 0.26
   75 C    -4  -6  -6  -6  12  -6  -6  -6  -6  -5  -5  -6  -5  -6  -6  -4  -2  -5  -6  -4    0   0   0   0  92   0   0   0   0   0   1   0   0   0   0   0   2   0   0   0  3.65 0.88
   76 G    -1  -3   2   2  -4  -2   0   5  -3  -4  -5   0  -4  -4  -3   1  -2  -1  -3  -2    2   1  10  10   0   0   6  48   0   0   1   7   0   0   0   9   1   1   1   3  0.72 0.30
   77 E     1  -1   0   3  -3  -1   2   2  -1  -3  -3   1  -3  -4  -1   0   0   0  -3  -3   11   2   5  19   0   0  18  17   1   1   1   8   0   0   2   7   5   2   0   1  0.33 0.18
   78 N    -1   0   4   3  -4   0   0   1  -2  -4  -3   2  -3  -4  -3   0  -1  -4  -3  -3    6   3  23  17   0   4   6  10   0   0   2  16   0   0   0   7   3   0   1   1  0.41 0.21
   79 N    -2  -3   4   4   1  -2  -2   0  -1  -4  -4  -1  -4  -4  -2   1   3  -5  -3  -4    1   0  23  28   3   1   1   8   1   0   1   2   0   0   1   8  20   0   1   0  0.68 0.32
   80 S     0  -1  -2  -1  -3  -1   1  -1   0  -3  -1   1  -3  -2   5   1   1   3  -3  -3    6   3   1   2   0   2   9   5   3   0   5  11   0   2  27  11   8   4   0   1  0.42 0.20
   81 C    -4  -4  -6  -6  11  -3  -6  -6  -2  -5  -5  -6  -5  -5  -6  -4  -4  -5  -5  -4    0   1   0   0  91   1   0   0   1   0   1   0   0   0   0   1   0   0   0   0  3.54 0.86
   82 L     1   1  -1  -1  -3   2   2   0  -1  -3   0   3  -1  -3  -1  -1  -2  -3  -3  -3   11   7   3   1   0  12  16   8   1   0  14  21   1   0   2   1   1   0   0   1  0.27 0.19
   83 K     1   4  -1  -1  -4   0   0  -3  -3  -4  -2   4  -1  -4  -3  -2  -2  -4  -2  -2   13  27   3   3   0   4   4   1   0   0   3  34   1   0   0   1   1   0   1   3  0.61 0.30
   84 E     1   0  -2  -1  -4   4   2  -3  -1  -1  -1   0  -1   4  -3  -1  -1  -3  -1  -2   12   4   1   3   0  20  15   0   1   3   5   4   1  22   0   4   2   0   1   1  0.35 0.24
   85 L    -1  -4  -5  -5  -3  -4  -4  -5  -5   5   2  -4   1  -2  -4  -3  -1  -4  -3   4    4   0   0   0   0   0   1   0   0  31  19   0   3   0   0   1   2   0   0  37  0.85 0.34
   86 C    -4  -6  -6  -6  12  -6  -7  -6  -6  -5  -5  -6  -5  -6  -6  -4  -4  -6  -6  -4    0   0   0   0  95   0   0   0   0   0   0   0   0   0   0   0   0   0   0   0  3.82 0.88
   87 E     1  -2   3   3  -5   0   5  -2  -3  -5  -5  -1  -1  -5  -3  -2  -3  -5  -4  -4   12   2  13  15   0   2  48   2   0   0   0   3   2   0   0   0   0   0   0   0  0.88 0.37
   88 C    -4  -6  -6  -6  12  -6  -6  -6  -6  -5  -5  -6  -5  -6  -6  -4  -4  -6  -3  -3    0   0   0   0  93   0   0   0   0   0   0   0   0   0   0   0   0   0   1   1  3.69 0.86
   89 D    -5  -3  -2   8  -6  -4  -2  -4  -4  -6  -6  -4  -6  -6  -5  -4  -4  -7  -6  -6    0   1   0  94   0   0   0   0   0   0   0   0   0   0   0   0   0   0   0   0  2.49 0.70
   90 K    -1   6  -3  -4  -5   1  -1  -5  -3  -2  -2   5  -3  -3  -4  -3  -3  -5  -4  -2    5  43   0   0   0   4   2   0   0   3   5  35   0   1   0   0   0   0   0   3  1.05 0.43
   91 A     3  -2  -1  -1  -3   0   0  -2  -3  -1  -1   0   0  -4  -3  -1   2  -4  -3   2   36   1   2   3   0   3   5   2   0   2   4   7   2   0   0   1  14   0   0  18  0.32 0.23
   92 V     6  -4  -4  -5   0  -4  -4  -2  -5   0  -2  -4  -1  -4  -4  -1  -2  -5  -4   1   74   0   0   0   2   0   0   1   0   4   4   0   1   0   0   3   0   0   0  11  1.13 0.47
   93 A     6  -3  -5  -5  -3  -4  -4  -2  -5  -3  -4  -4  -4  -5  -4  -2  -1  -6  -5   1   84   1   0   0   0   0   0   2   0   1   0   0   0   0   0   1   3   0   0   9  1.45 0.55
   94 I    -1  -2   0  -1  -3  -1   0  -4   0   4   1   1   0  -1  -3  -2   0  -4   0   1    5   0   6   2   0   2   9   0   2  33  12  10   1   1   0   0   5   0   4   7  0.25 0.19
   95 C    -5  -5  -7  -8  12  -7  -8  -7  -7  -5  -4  -7  -5  -7  -7  -5  -5  -7  -7  -5    0   1   0   0  98   0   0   0   0   0   2   0   0   0   0   0   0   0   0   0  3.98 0.94
   96 L    -5  -6  -6  -7  -5  -6  -6  -4  -5  -2   2  -6   1   8  -7  -6  -5  -3  -1  -3    0   0   0   0   0   0   0   1   0   1  22   0   3  72   0   0   0   0   0   0  1.92 0.59
   97 R     4   5  -1  -3  -3   0  -2   1  -1  -4  -2   1  -1  -4  -1  -1  -2  -4  -3  -3   35  34   2   0   0   2   0   9   1   0   3   6   2   0   2   1   0   0   1   0  0.61 0.30
   98 E    -2   3   0   3  -4   2   3   0  -1  -4  -4   2  -3  -4  -3  -2  -2  -4  -2  -4    2  19   3  17   0   8  24   9   1   1   1  10   0   0   1   1   1   0   1   1  0.52 0.23
   99 N     0  -2   6  -1  -3  -1  -1  -2   1  -3  -3  -1  -3  -3  -2   2  -1  -3  -2  -3    7   1  50   2   0   1   3   2   4   1   2   2   1   1   1  18   2   0   1   2  0.80 0.28
  100 L    -1   0  -2  -1  -2  -1  -1  -2  -2   0   3   1   1  -1   1  -1   0  -2  -2   0    2   5   1   4   1   1   4   2   1   2  34  13   4   1   9   4   4   0   1   7  0.16 0.10
  101 N     2   0   2   3  -3  -1   0   0  -1  -3  -3   0  -2  -2   1   0  -1   0   3  -2   20   4  10  17   0   1   3   6   1   1   1   7   0   1   6   4   3   1  12   2  0.22 0.14
  102 T    -2  -3   1   0  -3  -3  -1  -3   1  -1  -3  -3  -3  -4   3   0   6  -4  -1  -3    1   0   8   4   0   0   2   1   4   4   1   0   0   0  16   4  52   0   2   0  0.84 0.37
  103 Y    -3  -3  -4  -3  -4  -2  -3  -3  -1  -3  -3  -3  -3   2  -2  -2  -3  -1   9  -3    1   1   1   1   0   2   2   2   0   1   1   1   0   5   2   3   1   0  74   1  1.85 0.51
  104 N    -3   0   7   3  -5  -1   0  -3   0  -5  -5   1  -4  -5  -4  -1  -2  -5  -4  -5    1   4  56  17   0   1   5   1   1   0   1   9   0   0   0   2   0   0   0   0  1.17 0.40
  105 K    -1   2   3   0  -4   0  -1  -3   1  -3  -2   5  -2  -4   0  -1  -2  -4   0  -3    3   9  15   5   0   2   2   0   4   2   4  40   0   0   5   3   1   0   3   0  0.51 0.25
  106 K    -2   1   5  -2  -5  -1   1  -2  -3  -4  -4   5  -4  -5  -4  -1  -3  -5  -2  -5    2   4  27   0   0   1   9   3   0   0   1  47   0   0   0   2   0   0   1   0  0.93 0.41
  107 Y    -4  -4   1  -5  -5  -2  -3  -5   2  -2  -2  -2  -3   3  -5  -4  -4   3   8  -3    0   0   6   0   0   2   1   0   3   2   3   2   0   9   0   0   0   4  63   1  1.55 0.51
  108 R    -2   2   3  -1  -4   2  -1  -3   0  -1   0   2   3  -1  -4  -2  -2   5  -2  -3    1  12  19   2   0  10   1   0   2   3   9  14  12   2   0   0   1   9   1   0  0.42 0.26
  109 Y    -2  -2   1  -2  -4  -1  -3  -2  -1   4   0  -1  -1   4  -3  -2  -2  -2   3   0    3   2   9   1   0   2   0   2   1  27   5   3   1  25   1   2   0   0  11   4  0.42 0.24
  110 Y    -4  -4   2   3  -5  -3  -3  -4   2  -1  -2  -4  -3   3  -2  -2  -3   0   7  -4    0   0  10  16   0   0   0   1   5   3   3   0   0  13   2   2   1   1  44   0  1.03 0.41
  111 L    -1  -1  -1  -1  -4  -3  -3  -2  -3  -1   1  -1  -1  -1   5   1   2  -1  -1  -2    2   2   3   2   0   0   0   3   0   2  16   4   1   3  30  12  17   1   2   1  0.50 0.25
  112 K     0   1   3   1  -4  -1   0  -2  -2  -2  -3   4  -3  -4   0   2  -1  -5  -4  -3    8   6  13   6   0   1   3   2   0   2   1  35   0   0   4  15   2   0   0   0  0.45 0.26
  113 P    -1  -1   1  -1  -3  -1   0  -2  -2  -1  -1   2   0   2   2   1   0  -3  -2  -1    5   2   8   2   0   0   6   1   0   5   3  19   2  11  10  15   7   0   0   4  0.18 0.15
  114 L    -2   4   2  -2  -4  -1  -2  -1   2  -1   1   0  -1   2  -3  -1  -2  -2   1  -3    2  31   9   2   0   2   1   5   6   3  14   5   1   8   0   3   2   0   5   0  0.31 0.21
  115 C    -4  -7  -7  -8  12  -7  -8  -7  -7  -5  -5  -3  -6  -7  -7  -5  -5  -7  -7  -5    0   0   0   0  98   0   0   0   0   0   0   2   0   0   0   0   0   0   0   0  3.98 0.93
  116 K    -3   2  -2  -2  -5   5   1  -1  -2  -4  -4   4  -3  -5  -3  -1   1  -5  -4  -3    0  12   1   1   0  32   7   4   0   1   0  31   0   0   0   2   9   0   0   1  0.81 0.34
  117 K    -2   1  -2   0  -5   0   4   2  -2  -5  -4   4  -3  -5  -2  -1  -2  -5  -4  -4    1   5   0   2   0   2  38  18   0   0   0  31   0   0   1   2   0   0   0   0  0.71 0.26
  118 A     1  -2  -2   0  -3  -1   1  -2   1  -3  -4  -1  -3  -4   5   3   2  -4  -3  -2   11   0   0   5   0   1   8   1   4   0   0   1   0   0  26  27  14   0   0   1  0.59 0.21
  119 D    -1   0  -1   2  -4   0   4  -3  -2  -4  -4   1  -3  -4   1   2   1  -5  -4  -3    1   3   0  14   0   1  37   0   0   0   0   7   0   0   6  23   7   0   0   0  0.57 0.22
  120 A     0  -2  -3  -2  -4   3  -2  -4  -3  -4  -4   1  -4  -5   7  -1   0  -5  -4  -4    6   1   0   1   0  16   0   0   0   0   0  10   0   0  58   4   4   0   0   0  1.35 0.31
  121 C    -2  -6  -5  -6  11  -5  -6  -5  -5  -3  -3  -5  -4  -5  -5  -3  -3  -5  -5  -3    0   0   0   0 100   0   0   0   0   0   0   0   0   0   0   0   0   0   0   0  2.99 0.42

                      K         Lambda
Standard Ungapped    0.1378     0.3209
Standard Gapped      0.0507     0.2670
PSI Ungapped         0.1656     0.3182
PSI Gapped           0.0507     0.2670
