
Last position-specific scoring matrix computed, weighted observed percentages rounded down, information per position, and relative weight of gapless real matches to pseudocounts
            A   R   N   D   C   Q   E   G   H   I   L   K   M   F   P   S   T   W   Y   V   A   R   N   D   C   Q   E   G   H   I   L   K   M   F   P   S   T   W   Y   V
    1 G     0  -3  -1  -2  -3  -2  -3   6  -3  -4  -4  -2  -3  -4  -3  -1  -2  -3  -4  -4    0   0   0   0   0   0   0 100   0   0   0   0   0   0   0   0   0   0   0   0  1.17 0.04
    2 L    -1  -2  -3  -3  -2  -2  -2  -3  -3   2   4   0   2   0  -3  -2  -1  -2  -1   1    4   0   0   0   0   0   0   0   0  10  68  10   0   2   0   0   0   0   0   6  0.30 0.02
    3 P    -1  -3  -3  -2  -3  -2  -2  -3  -3  -3  -3  -2  -3  -3   8  -1  -2  -4  -1  -2    0   0   0   0   0   0   0   0   0   0   0   0   0   0  93   0   0   0   3   4  1.96 0.06
    4 V    -1  -3  -2  -3  -1  -2  -3  -3  -3   3   1  -2   0  -1  -1  -1   2  -3  -2   3    0   0   0   0   0   0   0   0   0  37   0   0   0   0   3   0  23   0   0  37  0.28 0.02
    5 C    -1  -4  -4  -4  10  -4  -5  -3  -4  -2  -2  -4  -2  -3  -4  -2  -2  -3  -3  -1    0   0   0   0 100   0   0   0   0   0   0   0   0   0   0   0   0   0   0   0  1.77 0.10
    6 G     0  -3  -1  -2  -3  -2  -3   6  -3  -5  -4  -2  -3  -4  -3  -1  -2  -3  -4  -4    0   0   0   0   0   0   0 100   0   0   0   0   0   0   0   0   0   0   0   0  1.25 0.06
    7 E    -1  -1  -1   1  -4   2   6  -3  -1  -4  -4   0  -3  -4  -2  -1  -1  -4  -3  -3    0   0   0   0   0   0 100   0   0   0   0   0   0   0   0   0   0   0   0   0  0.97 0.07
    8 T     0  -2   0  -1  -1  -1  -1  -2  -2  -1  -2  -1  -1  -3  -2   2   5  -3  -2  -1    0   0   0   0   0   0   0   0   0   0   0   0   0   0   0  15  85   0   0   0  0.61 0.06
    9 C    -1  -4  -4  -4  10  -4  -5  -3  -4  -2  -2  -4  -2  -3  -4  -2  -2  -3  -3  -1    0   0   0   0 100   0   0   0   0   0   0   0   0   0   0   0   0   0   0   0  1.77 0.10
   10 V    -1  -3  -3  -3  -2  -3  -3  -3  -2   0   0  -3   0   6  -3  -1   1   0   2   1    4   0   0   0   0   0   0   0   0   0   0   0   0  64   0   0  19   0   0  13  0.48 0.05
   11 G    -1  -1  -1  -2  -2   0  -1   3  -2  -1   1   1   0   1  -2  -1   1  -2  -1  -1    0   0   0   0   0   3   0  34   0   2  22  15   0   9   0   0  15   0   0   0  0.17 0.02
   12 G     0  -3  -1  -2  -3  -2  -3   6  -3  -4  -4  -2  -3  -1  -3  -1  -1  -3  -3  -4    0   0   0   0   0   0   0  93   0   0   0   0   0   4   0   0   3   0   0   0  1.07 0.06
   13 T    -1   0   0  -1  -2   0   0  -2  -2  -1  -2   3  -1  -3  -1   1   4  -3  -2  -1    0   0   0   0   0   0   3   0   0   5   0  32   0   0   0   7  53   0   0   0  0.35 0.04
   14 C    -1  -4  -4  -4  10  -4  -5  -3  -4  -2  -2  -4  -2  -3  -4  -2  -2  -3  -3  -1    0   0   0   0 100   0   0   0   0   0   0   0   0   0   0   0   0   0   0   0  1.77 0.10
   15 N    -2  -2   5  -1  -3  -1  -2  -2   1  -3  -2  -1  -2   2  -3  -1  -1   0   6  -2    0   0  46   0   0   0   0   0   0   0   0   0   0   5   0   0   0   0  49   0  0.64 0.06
   16 T     0  -2  -1  -2  -1  -1  -1  -2  -2  -1  -2  -1  -1  -3  -2   1   6  -3  -2   0    0   0   0   0   0   0   0   0   0   0   0   0   0   0   0   0  95   0   0   5  0.66 0.07
   17 P     0  -2  -2  -2  -3  -1  -1  -2  -2  -3  -3   0  -3  -4   8  -1  -1  -4  -3  -2    9   0   0   0   0   2   0   0   0   0   0   8   0   0  76   0   0   0   0   3  1.50 0.06
   18 G     0   0  -1   0  -3   0  -1   6  -2  -4  -4   1  -3  -4  -2  -1  -2  -3  -3  -4    0   4   0   5   0   3   0  77   0   0   0  11   0   0   0   0   0   0   0   0  0.81 0.04
   19 C    -1  -4  -4  -4  10  -4  -5  -3  -4  -2  -2  -4  -2  -3  -4  -2  -2  -3  -3  -1    0   0   0   0 100   0   0   0   0   0   0   0   0   0   0   0   0   0   0   0  1.77 0.10
   20 T     1  -1   0  -1  -1  -1  -1  -1  -2  -1  -2  -1  -1  -3  -1   4   3  -3  -2   0    2   0   0   0   0   0   0   0   0   2   0   0   0   0   0  57  34   0   0   5  0.41 0.04
   21 C    -1  -4  -4  -4  10  -4  -5  -3  -4  -2  -2  -4  -2  -3  -4  -2  -2  -3  -3  -1    0   0   0   0 100   0   0   0   0   0   0   0   0   0   0   0   0   0   0   0  1.77 0.10
   22 S     1  -1   2   2  -2   0   1  -1  -1  -2  -3  -1  -2  -3  -1   3   1  -3  -2  -2    5   0  12  13   0   0   5   0   0   3   0   0   0   0   0  54   8   0   0   0  0.35 0.03
   23 W    -3  -3  -2  -4  -3  -2  -3  -3  -1  -3  -2  -2  -2   1  -4  -3  -3  11   4  -3    0   0   3   0   0   0   0   0   0   0   0   3   0   0   0   0   0  73  20   0  1.99 0.09
   24 P    -1  -2  -3  -2  -4  -2  -2  -3  -3  -4  -4   0  -3  -4   8  -1  -2  -4  -4  -3    0   0   0   0   0   0   0   0   0   0   0   5   0   0  95   0   0   0   0   0  2.08 0.08
   25 V    -1  -3  -3  -4  -1  -3  -3  -4  -4   4   2  -3   1  -1  -3  -2   0  -3  -2   4    0   0   0   0   0   0   0   0   0  38  10   0   2   0   0   0   5   0   0  45  0.37 0.03
   26 C    -1  -4  -4  -4  10  -4  -5  -3  -4  -2  -2  -4  -2  -3  -4  -2  -2  -3  -3  -1    0   0   0   0 100   0   0   0   0   0   0   0   0   0   0   0   0   0   0   0  1.77 0.10
   27 T    -1   0   0  -2  -2   0  -1  -2  -1  -2  -2   2   0  -1  -2   1   4  -1   3  -1    0   0   3   0   0   0   0   0   0   0   0  23   5   0   0   5  47   0  17   0  0.27 0.04
   28 R    -2   5  -1  -2  -4   1   0  -3   1  -3  -3   4  -2  -3  -2  -1  -1  -3  -2  -3    0  61   0   0   0   0   0   0   4   0   0  35   0   0   0   0   0   0   0   0  0.69 0.04
   29 N    -2  -1   6   3  -3   0   0  -1   0  -4  -4  -1  -3  -4  -2   0  -1  -4  -3  -4    0   0  81  19   0   0   0   0   0   0   0   0   0   0   0   0   0   0   0   0  0.81 0.05

                      K         Lambda
Standard Ungapped    0.1428     0.3230
Standard Gapped      0.0491     0.2670
PSI Ungapped         0.1603     0.3167
PSI Gapped           0.0491     0.2670
