
Last position-specific scoring matrix computed, weighted observed percentages rounded down, information per position, and relative weight of gapless real matches to pseudocounts
            A   R   N   D   C   Q   E   G   H   I   L   K   M   F   P   S   T   W   Y   V   A   R   N   D   C   Q   E   G   H   I   L   K   M   F   P   S   T   W   Y   V
    1 A     3  -2  -3  -3  -1  -2  -2  -2  -3   2   0  -2   0  -2  -2   0   0  -3  -2   3   45   0   0   0   0   0   0   0   0  22   0   0   0   0   0   0   0   0   0  33  0.27 0.04
    2 T    -1  -2  -1  -2  -2  -1  -2  -2  -2  -1  -2  -1  -1  -3  -2   1   6  -3  -2  -1    0   0   0   0   0   0   0   0   0   0   0   0   0   0   0   0 100   0   0   0  0.81 0.10
    3 C    -1  -4  -4  -5  10  -4  -5  -3  -4  -2  -2  -4  -2  -3  -4  -2  -2  -3  -3  -2    0   0   0   0 100   0   0   0   0   0   0   0   0   0   0   0   0   0   0   0  1.91 0.13
    4 D    -3  -2   1   7  -4  -1   1  -2  -2  -4  -5  -1  -4  -4  -2  -1  -2  -5  -4  -4    0   0   0 100   0   0   0   0   0   0   0   0   0   0   0   0   0   0   0   0  1.27 0.10
    5 L    -2  -3  -4  -4  -2  -3  -3  -4  -3   2   4  -3   2   0  -3  -3  -1  -2  -2   2    0   0   0   0   0   0   0   0   0   6  82   0   0   0   0   0   0   0   0  12  0.54 0.06
    6 L    -1  -3  -4  -4  -2  -3  -3  -4  -3   3   4  -3   2   0  -3  -3  -2  -2  -2   1    5   0   0   0   0   0   0   0   0  18  77   0   0   0   0   0   0   0   0   0  0.51 0.07
    7 S     1  -2   0  -1  -2  -1  -1   1  -2  -3  -3  -1  -2  -3  -2   5   1  -4  -3  -2    6   0   0   0   0   0   0  11   0   0   0   0   0   0   0  82   0   0   0   0  0.59 0.09
    8 G     0  -2   1  -2  -3  -2  -2   4  -2  -1  -1  -1   0   0  -3  -1  -2   4  -1  -2    5   0  11   0   0   0   0  47   0   6   8   6   4   5   0   0   0   7   0   0  0.36 0.04
    9 T    -1  -1  -2  -2  -2  -1   1  -3  -2   0   0   0  -1   3  -3  -1   1   7   0   0    4   0   0   0   0   0  11   0   0   9   7  11   0  18   0   0  16  18   0   4  0.28 0.04
   10 G     1   1   1  -1  -3  -1  -1   4  -1  -4  -3   2  -2  -3  -2   1  -1  -3  -3  -3   10  11  10   0   0   0   0  44   0   0   0  19   0   0   0   7   0   0   0   0  0.44 0.04
   11 I     0  -3  -4  -4  -1  -3  -3  -4  -4   3   2  -3   1  -1  -3  -2  -1   3  -1   4    5   0   0   0   0   0   0   0   0  14  22   0   0   0   0   0   0   6   0  54  0.37 0.05
   12 K    -1  -1   5   1  -3   1   1   2   0  -3  -3   1  -2  -3  -2   0  -1  -3  -2  -3    1   1  46   5   0   5   7  22   0   1   1   7   0   0   1   1   1   0   0   1  0.43 0.05
   13 H    -1  -1   0   2  -3   0   0  -2   8  -3  -3  -1  -2  -2  -2   1  -1  -3   1  -3    1   1   1  14   0   0   1   1  64   1   1   1   0   0   1  12   1   0   0   1  0.76 0.09
   14 S     2  -1   0  -1  -1  -1  -1  -1  -1  -2  -2  -1  -2  -2  -1   4   1  -3  -2  -1   24   1   1   1   0   0   1   1   0   1   1   1   0   0   1  60   6   0   0   1  0.40 0.06
   15 A     4  -2  -2  -2  -1  -1  -1   0  -2  -1   0  -1  -1  -2  -1   0  -1  -3  -2   0   79   1   1   1   0   0   1   1   0   1  11   1   0   0   1   1   1   0   0   1  0.40 0.07
   16 C    -1  -5  -4  -5  11  -4  -5  -4  -4  -2  -2  -4  -2  -3  -4  -2  -2  -3  -3  -2    0   0   0   0 100   0   0   0   0   0   0   0   0   0   0   0   0   0   0   0  2.00 0.16
   17 A     5  -2  -2  -3  -1  -2  -2   1  -2  -1  -2  -1  -1  -3  -2   0  -1  -3  -2   1   82   0   0   0   0   0   0   6   0   0   0   0   0   0   0   0   0   0   0  11  0.49 0.08
   18 A     4  -2  -2  -3  -1  -2  -2   0  -3   1   0  -2  -1  -2  -2   0  -1  -3  -2   1   66   0   0   0   0   0   0   6   0   7   9   0   0   0   0   0   0   0   0  11  0.31 0.06
   19 H    -2   1   2  -2  -4   0  -1  -3   9  -4  -4  -1  -2  -2  -3  -1  -2  -3   1  -4    0   7  11   0   0   0   0   0  82   0   0   0   0   0   0   0   0   0   0   0  1.18 0.13
   20 C    -1  -5  -4  -5  11  -4  -5  -4  -4  -2  -2  -4  -2  -3  -4  -2  -2  -3  -3  -2    0   0   0   0 100   0   0   0   0   0   0   0   0   0   0   0   0   0   0   0  2.00 0.16
   21 L    -2  -3  -4  -4  -2  -3  -4  -4  -4   3   4  -3   2   0  -3  -3  -1  -2  -2   2    0   0   0   0   0   0   0   0   0  28  67   0   0   0   0   0   0   0   0   5  0.52 0.06
   22 L     3  -2  -2  -2  -1  -2  -2   0  -2   0   1  -2   0   1  -2   1   0  -2  -1   0   48   0   0   0   0   0   0   5   0   0  18   0   0   9   0  11   0   0   0   8  0.19 0.04
   23 R    -2   4  -1  -2  -3   1  -1  -3   1   0   2   2   1  -2  -3  -1  -1  -3  -2  -1    0  32   0   0   0   7   0   0   5   5  28  17   6   0   0   0   0   0   0   0  0.25 0.04
   24 G    -1   2  -1  -2  -3  -2  -2   6  -2  -4  -4  -1  -3  -4  -3  -1  -2  -3  -4  -4    0  17   0   0   0   0   0  83   0   0   0   0   0   0   0   0   0   0   0   0  1.01 0.09
   25 N    -2   3   2   1  -3   0   0  -2   0  -3  -2   2  -2   2  -2  -1  -1  -1   2  -3    0  23  18   8   0   0   0   0   0   0   0  24   0  17   0   0   0   0  10   0  0.29 0.05
   26 R     0   5  -1  -2  -3   0   0  -2  -1  -2  -2   3  -1  -3  -2   0   0  -3  -2  -1   11  46   0   0   0   0   0   0   0   0   0  22   0   0   0   8   4   0   0   8  0.40 0.05
   27 G     0  -3  -1  -2  -3  -3  -3   7  -3  -5  -5  -2  -4  -4  -3  -1  -2  -3  -4  -4    0   0   0   0   0   0   0 100   0   0   0   0   0   0   0   0   0   0   0   0  1.34 0.11
   28 G     0  -3  -1  -2  -3  -3  -3   7  -3  -5  -5  -2  -4  -4  -3  -1  -2  -3  -4  -4    0   0   0   0   0   0   0 100   0   0   0   0   0   0   0   0   0   0   0   0  1.34 0.11
   29 Y    -1   2  -2  -3  -3  -1  -2  -3   2  -2  -2  -1  -2   1  -3   0  -2   6   6  -2    5  14   0   0   0   0   0   0   5   0   0   0   0   0   0  12   0  11  52   0  0.64 0.08
   30 C    -1  -5  -4  -5  11  -4  -5  -4  -4  -2  -2  -4  -2  -3  -4  -2  -2  -3  -3  -2    0   0   0   0 100   0   0   0   0   0   0   0   0   0   0   0   0   0   0   0  2.00 0.16
   31 N    -2   1   5   2  -3   2   2  -2   0  -3  -3   0  -2  -4  -2   0   1  -4  -3  -3    0   7  48  11   0  10  11   0   0   0   0   0   0   0   0   0  13   0   0   0  0.49 0.06
   32 G     0  -1   3   2  -2   0   0   2  -1  -3  -3   1  -2  -3  -2   3   0  -3  -2  -3    0   0  23  10   0   0   0  19   0   0   0   8   0   0   0  36   0   0   0   0  0.36 0.05
   33 R    -1   3   0   1  -3   1   1  -2  -1  -2  -2   4  -1  -3  -1   0  -1  -2  -2  -2    2  19   1  10   0   1  10   2   0   1   2  44   1   1   1   2   1   0   1   1  0.34 0.04
   34 A     2   1  -1  -2  -2  -1  -1   4  -2  -3  -3   1  -2  -3  -2   1  -1  -3  -3  -2   26   9   0   0   0   0   0  44   0   0   0  15   0   0   0   6   0   0   0   0  0.45 0.05
   35 I    -1  -3  -4  -4  -1  -3  -3  -4  -4   3   1  -3   1  -1  -3  -2  -1  -3  -2   5    0   0   0   0   0   0   0   0   0  17   8   0   0   0   0   0   0   0   0  74  0.52 0.08
   36 C    -1  -5  -4  -5  11  -4  -5  -4  -4  -2  -2  -4  -2  -3  -4  -2  -2  -3  -3  -2    0   0   0   0 100   0   0   0   0   0   0   0   0   0   0   0   0   0   0   0  2.00 0.16
   37 V    -1  -3   1  -3  -2  -2  -3  -3  -3   3   1  -2   0  -1  -3  -2   0  -3  -2   4    0   0  11   0   0   0   0   0   0  13   6   0   0   0   0   0   5   0   0  65  0.34 0.06
   38 C    -1  -5  -4  -5  11  -4  -5  -4  -4  -2  -2  -4  -2  -3  -4  -2  -2  -3  -3  -2    0   0   0   0 100   0   0   0   0   0   0   0   0   0   0   0   0   0   0   0  2.00 0.16
   39 R    -2   7  -1  -2  -4   1  -1  -3  -1  -4  -3   2  -2  -4  -3  -1  -2  -4  -2  -3    0  92   0   0   0   0   0   0   0   0   0   8   0   0   0   0   0   0   0   0  1.05 0.11
   40 N    -2   3   4   0  -4   1   1  -2   0  -4  -3   3  -2  -4  -2   0  -1  -4  -2  -3    0  25  40   0   0   0   9   0   0   0   0  26   0   0   0   0   0   0   0   0  0.50 0.05

                      K         Lambda
Standard Ungapped    0.1408     0.3290
Standard Gapped      0.0434     0.2670
PSI Ungapped         0.1417     0.3100
PSI Gapped           0.0434     0.2670
