
Last position-specific scoring matrix computed, weighted observed percentages rounded down, information per position, and relative weight of gapless real matches to pseudocounts
            A   R   N   D   C   Q   E   G   H   I   L   K   M   F   P   S   T   W   Y   V   A   R   N   D   C   Q   E   G   H   I   L   K   M   F   P   S   T   W   Y   V
    1 G     1  -3  -1  -2  -3  -3  -3   6  -3  -5  -4  -2  -4  -4  -3  -1  -2  -4  -4  -4    8   0   0   0   0   0   0  92   0   0   0   0   0   0   0   0   0   0   0   0  1.33 0.17
    2 P    -1  -2  -1  -2  -3  -1   1  -1  -2  -2  -3  -2  -2   0   5   3   2  -4  -3  -2    0   0   0   0   0   0   9   4   0   3   0   0   0   5  31  32  16   0   0   0  0.62 0.18
    3 A     3  -2  -2   1  -2   2   1  -1  -2  -1  -2  -1  -2  -3  -2   1  -1  -4  -3   2   29   0   0  10   0  11  11   2   0   0   0   0   0   0   0  11   0   0   0  27  0.29 0.17
    4 S     1  -2   3   2  -3  -2  -1   2  -2  -3  -3  -1  -3  -4  -3   2   1  -4  -3   0   10   0  18  16   0   0   0  14   0   0   0   2   0   0   0  22  10   0   0   9  0.36 0.17
    5 V     0  -3   0   1  -2  -2  -2  -1  -3   2   1  -2  -1  -2   0   1   1  -4  -3   2    4   0   3  11   0   0   0   4   0  17  13   0   0   0   5  11  13   0   0  18  0.16 0.12
    6 P     1  -3   1  -2  -3  -1  -1   0   1  -3  -3  -2  -1  -1   5   2   0  -4  -3  -1   10   0   8   0   0   2   2   6   3   0   0   0   1   3  36  20   5   0   0   4  0.65 0.22
    7 T    -1   1   0  -1  -3   0   2  -3  -1  -1  -2   0  -2   0  -2   2   2  -3   2   0    3   7   4   2   0   3  17   0   0   4   1   2   0   4   0  21  17   0   8   6  0.21 0.15
    8 T     0   1  -1   4  -3  -1   0  -3  -2  -2  -3  -1  -3  -2   1   1   2  -4  -3  -1    7  11   0  30   0   0   5   0   0   2   0   1   0   1   6  14  18   0   0   3  0.40 0.20
    9 C    -3  -6  -6  -6  11  -6  -7  -6  -6  -1  -4  -6  -4  -5  -6  -2  -2  -5  -5  -4    0   0   0   0  94   0   0   0   0   3   0   0   0   0   0   2   1   0   0   0  3.28 0.69
   10 C    -4  -7  -6  -7  11  -6  -7  -6  -6  -5  -5  -6  -5  -6   0  -4  -4  -6  -6  -4    0   0   0   0  95   0   0   0   0   0   0   0   0   0   5   0   0   0   0   0  3.52 0.80
   11 F    -3  -3  -4  -3   2  -2  -2  -5  -1   2   3  -4   1   5  -4  -3  -1  -2   3   0    0   1   0   1   5   1   2   0   1  11  28   0   2  27   0   1   3   0   9   6  0.49 0.22
   12 N     1   1   2  -1  -3   0   0   0  -1  -3  -3   2  -2  -2  -2   3   1  -4  -3  -2   10   8   9   2   0   4   3   6   1   1   0  14   0   2   0  29   8   0   0   1  0.29 0.17
   13 L    -3  -4  -4  -5  -4  -4  -2  -5  -2  -1   0  -4   2   4  -5  -3   1  -1   7   1    0   0   0   0   0   0   2   0   0   1   9   0   5  15   0   1  11   0  47   9  1.01 0.38
   14 A     0  -1  -1  -2  -3   0  -2  -3   4   1  -1  -1  -1   1  -3   1   3  -3   0   0    5   2   2   0   0   6   0   0  13  12   5   2   0   9   0  10  23   0   3   6  0.21 0.16
   15 N    -1   0   1  -1  -3   1   1  -2   3  -4  -3   2  -3  -4  -1   4   1  -4  -3  -3    1   2   7   1   0   7   9   1   8   0   2  13   0   0   2  37   7   0   0   1  0.44 0.25
   16 R    -1   4  -1  -2  -4   2  -1   0   1  -4  -3   4  -3  -4  -3   0   0  -1   0  -2    3  26   2   0   0  12   0   6   3   0   2  28   0   0   0   5   6   1   4   2  0.49 0.24
   17 K     0   2  -1  -2  -3   1   0  -3   0  -1  -3   3  -1  -1   4  -1  -1   1  -1  -1    7  10   3   0   0   6   5   1   3   3   1  24   1   4  21   4   1   2   1   4  0.36 0.16
   18 I    -3  -1  -5  -5  -3  -4  -5  -6  -5   6   3  -4  -1   2  -3  -4  -3  -4  -1   1    0   4   0   0   0   0   0   0   0  57  24   0   0   9   1   0   0   0   2   4  0.94 0.35
   19 P    -2  -4  -2  -4  -5  -2  -3  -3   5  -5  -4  -2  -5  -6   8   0  -3  -6  -4  -5    3   0   2   0   0   1   0   2  13   0   2   2   0   0  68   6   0   0   0   0  1.83 0.51
   20 L    -1   3  -2  -3   2   0  -1  -2  -2   0   1   0   0   0   3  -1  -2   4  -1   0    2  19   1   0   6   4   3   3   0   3  15   5   3   4  14   3   0   6   1   9  0.23 0.15
   21 Q     0   3   2  -1  -4   3  -1  -3  -1  -4  -3   3  -1  -4  -3   1   0  -4  -2  -3    9  18  12   2   0  14   0   0   1   0   0  21   2   0   0  14   5   0   1   1  0.42 0.22
   22 R    -1   3   0  -3  -3  -2  -2  -3   1   0   1   1  -1   3  -4  -2  -2   1   0   0    4  23   6   0   0   0   0   0   4   6  13  10   0  20   0   2   0   2   1   9  0.27 0.17
   23 L    -1  -4  -5  -5  -3  -4  -4  -5  -5   4   3  -4   1   0  -4  -4  -2  -4  -3   3    4   0   0   0   0   0   0   0   0  33  34   0   1   3   0   0   0   0   0  24  0.73 0.27
   24 E    -1   2  -1  -1  -3   2   1  -2   0   1  -1   4   0  -3  -3  -1  -1  -4  -3   1    4  10   0   3   0  11   7   2   2   9   3  33   3   0   0   1   2   0   0  10  0.29 0.18
   25 S    -1  -1   0   2   3  -1   2   1   3  -4  -4  -2  -3  -2  -3   3   1  -4  -1  -3    2   4   3  11   8   0  14  10  10   0   0   0   0   2   0  26   9   0   2   0  0.35 0.20
   26 Y    -4  -4  -5  -5  -2  -4  -5  -3   1  -1   1  -4  -1   3  -5  -4  -2   4   8  -2    0   0   0   0   1   0   0   2   2   2  11   0   1   8   0   0   2   5  63   2  1.45 0.44
   27 R    -2   4  -2  -3  -4   3  -1  -3  -1  -2  -2   2  -1   3  -3  -2  -1   2   3  -3    0  30   0   0   0  16   3   0   0   2   2  11   1  15   0   2   4   2  11   0  0.50 0.23
   28 R    -1   3   0  -1  -3   2   2  -3  -1   1   0   1  -1  -2   0  -1  -1  -3  -1   0    2  18   3   1   0  12  15   1   0  10   9  11   0   0   5   1   1   0   3   8  0.19 0.12
   29 I    -1  -1  -2  -2  -2   1   0  -2  -1   2   1  -1   2   0  -2  -1   0   4   1   0    4   1   1   2   1   8   6   2   1  23  16   2   6   3   1   3   5   6   5   4  0.13 0.08
   30 T    -1  -3   2  -1  -3  -2   2  -2  -3  -2  -3  -2  -3  -4   0   0   5  -5  -4   0    4   0  11   2   0   0  14   3   0   2   1   0   0   0   4   3  51   0   0   6  0.61 0.30
   31 S    -1   0   2  -1  -3   0  -1  -1  -3  -2  -4  -1  -3  -4  -3   5   1  -5  -4  -4    0   4   9   3   0   3   2   4   0   3   0   1   0   0   0  66   5   0   0   0  0.83 0.37
   32 G    -1  -2   0   0  -3  -1   1   3  -2  -3  -2  -1  -3  -4   0   4   0  -4  -3  -3    1   0   2   5   0   1   8  27   0   2   3   3   0   0   4  38   4   0   0   0  0.47 0.23
   33 K    -1   1   0  -1   1   1   1   1   3  -1  -1   1  -2  -3  -2   1  -1  -3  -2  -1    3   5   5   2   3   8   7  13  12   4   6  13   0   0   0  15   1   0   0   3  0.16 0.10
   34 C    -3  -6  -6  -6  11  -6  -6  -2  -6  -4  -4  -6  -4  -5  -1  -4  -4  -5  -5  -4    0   0   0   0  92   0   0   3   0   0   0   0   0   0   3   0   0   0   0   0  3.23 0.67
   35 P     0   0   1   1  -3  -2   0  -1  -1  -3  -3  -1  -3  -4   5   3   0  -5  -4  -3    9   6   9   6   0   0   4   3   1   1   1   2   0   0  28  27   3   0   0   1  0.57 0.22
   36 Q    -2   1   2  -2  -4   2  -1  -3  -1   0   1   3   2  -3  -1  -2  -2   1  -3  -1    0   8  15   0   0  14   0   0   1   7  15  26   6   0   3   0   0   2   0   2  0.33 0.20
   37 K    -1   1   0   0  -4   1   2  -3  -2  -4  -3   1  -3  -4   5   0   0  -5  -4  -2    5  10   3   4   0   5  14   0   0   0   1   7   0   1  36   5   8   0   0   2  0.69 0.22
   38 A     5  -3  -3  -3  -3  -2   2   3  -3  -1  -4  -3  -3  -4  -3  -1  -2  -5  -4  -3   59   0   0   0   0   0  15  21   0   5   0   0   0   0   0   1   0   0   0   0  0.81 0.33
   39 V    -2  -5  -5  -5  -3  -5  -5  -5  -5   5   0  -5  -1  -3  -5  -4  -2  -5  -3   6    2   0   0   0   0   0   0   0   0  32   3   0   0   0   0   0   0   0   0  63  1.20 0.38
   40 I    -1  -2  -5  -5  -3  -4  -5  -5  -5   6   0  -4   0  -2  -5  -4  -2  -5  -3   4    5   2   0   0   0   0   0   0   0  60   3   0   1   0   0   0   0   0   0  29  1.08 0.35
   41 F    -3  -1  -5  -6  -4  -5  -5  -6  -4  -1   0  -5  -2   8  -6  -5  -4  -2   0   1    2   5   0   0   0   0   0   0   0   2   6   0   0  76   0   0   0   0   0  10  1.60 0.44
   42 K    -2   0  -2  -3  -3   0   0  -3   0   1   1   2   0   0  -3  -2   0   2   0   1    1   4   1   0   0   4   5   0   3   7  21  20   1   4   0   1   8   4   3  15  0.15 0.12
   43 T    -2  -3  -3  -3  -3  -3  -3  -4  -4  -1   1   0  -2   1   0   0   6  -4  -3  -2    0   0   0   0   0   0   0   0   0   2  18   6   0   6   5   3  60   0   0   0  0.80 0.35
   44 K    -2   3   1  -3  -4  -1  -1  -3   1  -1  -2   5  -2  -2   0  -1  -2  -4  -3   0    0  17   6   0   0   0   0   0   4   4   3  49   0   2   4   3   1   0   0   8  0.60 0.27
   45 L    -2   4   2   0  -4   2  -1  -3  -1  -4  -1   4  -1  -4  -2  -1  -2  -4  -3  -3    2  25  13   5   0  10   0   0   1   0   6  30   2   0   2   3   0   0   0   1  0.53 0.23
   46 A    -1   0   3   1  -4  -2  -2   5   2  -5  -5   1  -4  -4  -3  -1  -3  -4  -4  -4    4   4  16   6   0   0   0  53   6   0   0   8   0   0   0   1   0   0   0   0  0.85 0.27
   47 K    -2   5  -2  -3  -5   0  -2  -4   0  -4  -1   4   0  -3  -2  -1  -2  -4  -1  -4    2  43   1   0   0   2   0   0   2   0   6  33   3   1   1   3   1   0   1   0  0.80 0.30
   48 D    -1   1  -2   0  -4   4   4  -3  -1  -2  -3   2   1  -4  -3   0  -2  -4  -3  -1    3   6   0   2   0  27  29   1   1   2   1  12   5   0   0   6   0   0   0   4  0.54 0.24
   49 I    -1  -4  -5  -5  -3  -4  -4  -5  -5   4   1  -4  -1   1  -4  -2  -2  -4  -2   5    4   0   0   0   0   0   0   0   0  29  13   0   0   6   0   3   0   0   0  45  0.74 0.27
   50 C    -4  -7  -6  -7  11  -6  -7  -6  -6  -5  -5  -6  -5  -6  -6  -4  -4  -6  -6  -4    0   0   0   0 100   0   0   0   0   0   0   0   0   0   0   0   0   0   0   0  3.73 0.74
   51 A     5  -3  -3  -4  -2  -3  -3   1  -4  -1   0  -3  -2  -3  -3   0  -1  -4  -3   1   59   0   0   0   0   0   0  10   0   2  12   0   0   0   0   4   3   0   0  10  0.61 0.28
   52 D    -3  -3   4   6  -5  -1   0  -3  -1  -5  -3  -1  -4  -5  -1   0  -3  -6  -5  -5    0   0  25  56   0   1   3   0   1   0   3   3   0   0   2   6   0   0   0   0  1.15 0.36
   53 P    -2  -5  -5  -1  -6  -4  -4  -5  -5  -6  -6  -3  -5  -6   8  -3  -1  -7  -6  -5    2   0   0   3   0   0   0   0   0   0   0   1   0   0  90   1   3   0   0   0  2.59 0.57
   54 K    -1   1   1   0  -4   1   1  -1   1  -4  -4   4  -3  -4  -3   1   1  -4  -3  -3    2   7   8   4   0   6   9   2   3   0   0  38   0   0   0  14   7   0   0   0  0.49 0.21
   55 K     1  -1   0   2  -4   3   3  -2  -2  -3  -2   2  -2  -4  -3  -1  -1  -4  -3  -1   12   0   3  11   0  18  20   1   0   0   4  18   0   0   0   2   3   0   0   6  0.36 0.18
   56 K    -2   1   0   0  -4   0   0  -1  -1  -3  -2   5   0  -4   2  -1   0  -4  -3  -3    1   6   4   3   0   2   5   5   1   1   3  46   2   0  11   1   8   0   0   1  0.49 0.23
   57 W    -5   1  -2  -6  -6  -1  -3  -4  -5  -6  -5  -3  -5  -3  -7  -5  -5  12  -1  -6    0   7   2   0   0   2   2   1   0   0   0   1   0   0   0   0   0  83   0   0  3.47 0.71
   58 V    -3  -5  -5  -6  -3  -5  -5  -6  -6   2   0  -5  -1  -3  -5  -4  -1  -5  -4   7    0   0   0   0   0   0   0   0   0   6   4   0   0   0   0   0   3   0   0  86  1.42 0.44
   59 Q    -3   1  -2  -2  -5   7   0  -4  -2  -5  -3   3  -3  -6  -1  -2  -2  -5  -4  -5    0   6   1   1   0  65   3   0   0   0   1  18   0   0   2   1   1   0   0   0  1.33 0.44
   60 D    -1   3   2   3  -4   1   2  -3  -2  -3  -2   2  -2  -2  -3  -1  -1  -4  -2  -3    3  24   9  16   0   4  17   0   0   1   3  15   1   2   0   0   2   0   1   1  0.43 0.19
   61 S     2  -3  -3  -4   2  -3  -3  -2   2   1   0  -2   0   0  -3  -1  -1  -2   5   1   21   0   0   0   5   0   0   2   7  10  10   1   2   1   0   4   1   0  25  11  0.36 0.19
   62 M    -3  -1  -4  -5  -3  -3  -4  -5  -4   4   2  -2   6   0  -4  -4  -2  -4  -3   3    0   3   0   0   0   0   0   0   0  26  15   2  30   2   0   0   1   0   0  22  0.78 0.29
   63 K     0   2   2   0  -4   2   2  -3   1  -4  -3   4  -3  -4  -3   0  -1  -4  -3  -3    5  12   9   2   0  10  13   0   3   0   1  34   0   0   0   7   3   0   0   0  0.49 0.21
   64 Y     0   0   0   1  -3   0  -1  -3   3   0   0   2   1   0  -3  -1   0  -2   2  -1    6   5   3   9   0   1   1   0  12   8   7  17   5   2   0   3   6   0  11   2  0.16 0.13
   65 L    -3  -4  -5  -6  -3  -4  -5  -6  -5   0   6  -5   1   2  -5  -4  -3  -3  -2   1    0   0   0   0   0   0   0   0   0   2  80   0   2   8   0   0   0   0   0   8  1.15 0.36
   66 D    -2   1   2   5  -4   1   2  -2  -2  -3  -1   1  -1  -4  -3   0  -1  -5  -4  -3    2   6   8  35   0   7  15   1   0   0   7   8   2   0   0   5   3   0   0   1  0.49 0.20
   67 Q     1   1   0  -2  -3   3   0  -1   2  -2   0   3   1  -3  -2   0   0  -3  -2  -2   11   8   5   0   0  16   3   4   5   0   8  23   6   0   0   6   5   0   0   0  0.25 0.14
   68 K    -3   5   2  -2  -5   2  -1  -3  -2  -2  -4   4   0  -4  -2  -1  -1  -4  -3  -3    0  35  11   0   0   7   0   0   0   2   0  33   3   0   1   2   4   0   0   0  0.74 0.26
   69 S     2  -1   2  -2  -2   0  -1  -2  -1  -1  -2   0  -1  -2  -1   2   2  -4  -3  -1   26   2  11   0   0   4   0   0   1   5   1   6   1   1   2  23  12   0   0   4  0.26 0.15
   70 P    -1   1   1  -1  -4   4   2  -3   0  -4  -2   3  -1  -4   1   1  -1  -4  -3  -3    4   7   7   0   0  25  11   0   1   0   3  22   1   0   8  11   0   0   0   0  0.45 0.18
   71 T     0  -1   0  -2  -3   0  -1  -2  -2  -1  -3   2  -2  -3  -1   1   4  -4  -3   0    3   2   4   0   0   3   0   2   0   2   0  17   0   0   2  11  46   0   0   7  0.43 0.19
   72 P    -1   2   0  -2  -3   2  -1  -3  -2  -2  -1   0   0  -3   5   1   1  -4  -3  -1    2  12   3   0   0  15   0   0   0   0   7   3   2   0  29  16   8   0   0   4  0.48 0.15
   73 K    -2   1   1   0  -4   2   0  -3  -2  -3  -2   5  -2  -4  -2   1   0  -4  -3  -3    0   3   5   6   0  10   2   0   0   0   4  55   0   0   0   9   6   0   0   0  0.59 0.20
   74 P    -2  -3  -3  -3  -4  -3  -2  -3  -3  -4  -4  -2  -4  -5   8   0  -2  -5  -4  -4    0   0   0   0   0   0   0   0   0   0   0   0   0   0  91   9   0   0   0   0  2.26 0.27

                      K         Lambda
Standard Ungapped    0.1326     0.3180
Standard Gapped      0.0450     0.2670
PSI Ungapped         0.1470     0.3172
PSI Gapped           0.0450     0.2670
