
Last position-specific scoring matrix computed, weighted observed percentages rounded down, information per position, and relative weight of gapless real matches to pseudocounts
            A   R   N   D   C   Q   E   G   H   I   L   K   M   F   P   S   T   W   Y   V   A   R   N   D   C   Q   E   G   H   I   L   K   M   F   P   S   T   W   Y   V
    1 K    -2   5  -1  -2  -4   1   0  -3  -1  -4  -3   4  -2  -4  -2  -1  -2  -4  -3  -3    0  56   0   0   0   0   0   0   0   0   0  44   0   0   0   0   0   0   0   0  0.87 0.12
    2 T    -1  -2  -1  -2  -2  -1  -1  -3   2   2   0  -2  -1  -2  -2   0   5  -3  -2   1    0   0   0   0   0   0   4   0   8  16   7   0   0   0   0   0  59   0   0   8  0.38 0.10
    3 C    -2  -5  -4  -5  10  -4  -5  -4  -4  -2  -3  -4  -3  -4  -4  -2  -2  -4  -4  -2    0   0   0   0 100   0   0   0   0   0   0   0   0   0   0   0   0   0   0   0  2.32 0.24
    4 E    -1  -1   1   0  -4   2   5  -3  -1  -3   0   1  -2  -3  -2  -1  -1  -3  -3  -2    3   0   7   0   0   5  63   0   0   0  12  10   0   0   0   0   0   0   0   0  0.55 0.10
    5 N     0  -1   3  -1  -2  -1  -1  -1   3  -3  -3  -1  -2  -3  -2   4   1  -4  -2  -2    6   0  24   0   0   0   0   0  12   0   0   0   0   0   0  48  10   0   0   0  0.48 0.10
    6 L    -2   1  -2  -2  -3   3  -1  -3  -2  -1   3   1   0  -2   1  -1  -1  -3  -2  -1    0  10   0   0   0  27   0   0   0   0  45   8   0   0   6   4   0   0   0   0  0.28 0.08
    7 S     2  -2   0  -1  -2  -1  -1  -1  -2  -3  -3  -1  -2  -3  -2   5   0  -4  -3  -1   18   0   0   0   0   0   0   0   0   0   0   0   0   0   0  78   0   0   0   4  0.63 0.14
    8 D    -2  -1   2   4  -4   1   0   1   6  -4  -4  -1  -3  -3  -3  -1  -2  -4  -1  -4    0   0  10  33   0   7   0  15  35   0   0   0   0   0   0   0   0   0   0   0  0.65 0.11
    9 S    -1   4   1  -1  -3   0  -1  -1   1  -3  -2   2  -2  -3  -2   1   2  -3  -2  -2    0  32   6   0   0   0   0   4   5   0   4  20   0   0   0   9  20   0   0   0  0.33 0.07
   10 F    -3  -4  -4  -4  -3  -4  -4  -4  -1  -1  -1  -4  -1   7  -5  -3  -3   0   5  -2    0   0   0   0   0   0   0   0   0   0   0   0   0  78   0   0   0   0  22   0  1.24 0.16
   11 K    -1   3   0  -1  -4   2   0  -2   2  -4  -3   5  -2  -4  -2   0  -1  -4  -2  -3    0  17   4   0   0   6   0   0   7   0   0  60   0   0   0   6   0   0   0   0  0.59 0.11
   12 G    -1  -3  -1  -2  -3  -3  -3   6  -3  -5  -4  -2  -4  -3  -3  -1  -2  -3   0  -4    0   0   0   0   0   0   0  95   0   0   0   0   0   0   0   0   0   0   5   0  1.34 0.15
   13 P    -1  -2  -3  -3  -2  -2  -2  -3  -3   0   1  -1   2  -2   5  -1   0  -3  -2   2    4   0   0   0   0   0   0   0   0   0  13   3  10   0  38   0   8   0   0  23  0.60 0.08
   14 C    -2  -5  -4  -5  10  -4  -5  -4  -4  -2  -3  -4  -3  -4  -4  -2  -2  -4  -4  -2    0   0   0   0 100   0   0   0   0   0   0   0   0   0   0   0   0   0   0   0  2.32 0.24
   15 I    -2  -3  -1  -3  -2  -3  -3  -4  -3   2   2  -3   1   4  -3  -2   0  -2   0   2    0   0   4   0   0   0   0   0   0  13  30   0   0  25   0   0   8   0   0  20  0.30 0.06
   16 P     0   1   1  -1  -2  -1  -1   1  -1  -3  -3   0  -2  -3   1   3   2  -3  -2  -2    0  10   6   0   0   0   0   8   0   0   0   0   0   0   7  48  17   0   0   0  0.36 0.08
   17 D     0  -1   3   3  -2   0   1  -1  -1  -3  -3   0  -2  -3  -2   2   2  -3  -2  -2    3   0  18  24   0   0   7   0   0   0   0   3   0   0   0  25  17   0   0   0  0.37 0.06
   18 G     1   0   2   0  -2   1   0   2   3  -3  -3   1  -2  -3  -2   1   1  -3  -2  -2   12   6  11   4   0   6   0  16  12   0   0   7   0   0   0  15  10   0   0   0  0.23 0.04
   19 N    -1  -1   6   1  -3  -1  -1   0  -1  -4  -4  -1  -3  -4  -2   2   0  -4  -3  -3    0   0  66   6   0   0   0   6   0   0   0   0   0   0   0  23   0   0   0   0  0.79 0.13
   20 C    -2  -5  -4  -5  10  -4  -5  -4  -4  -2  -3  -4  -3  -4  -4  -2  -2  -4  -4  -2    0   0   0   0 100   0   0   0   0   0   0   0   0   0   0   0   0   0   0   0  2.32 0.24
   21 N     3  -2   1   4  -2  -1   0   1  -2  -3  -3  -1  -2  -3  -2   0  -1  -4  -3  -2   52   0   7  29   0   0   3   9   0   0   0   0   0   0   0   0   0   0   0   0  0.44 0.09
   22 K    -1   1   4   2  -3   0   0  -2   2   0  -1   1  -2  -3  -2   1  -1  -4  -2  -2    0   6  30  17   0   0   0   0   7  11   4  13   0   0   0  12   0   0   0   0  0.27 0.06
   23 H     0  -2  -2  -3  -2  -2  -2  -3   6   1  -1  -2  -1  -2  -3  -2  -1  -3   0   4    6   0   0   0   0   0   0   0  36   6   0   0   0   0   0   0   0   0   0  52  0.53 0.12
   24 C    -2  -5  -4  -5  10  -4  -5  -4  -4  -2  -3  -4  -3  -4  -4  -2  -2  -4  -4  -2    0   0   0   0 100   0   0   0   0   0   0   0   0   0   0   0   0   0   0   0  2.32 0.24
   25 K    -1   4  -1  -1  -2   1   0  -1  -1  -2  -2   3  -1  -2   1  -1  -1  -2  -1  -2    3  38   1   2   1   7   2   2   1   2   3  22   1   1   8   2   2   0   1   2  0.34 0.04
   26 E    -1  -1   4   1  -3   2   1  -1   5  -3  -3   0  -2  -3  -2   1   0  -3  -1  -3    1   1  30   8   0  13   7   1  23   1   1   1   0   0   1   7   6   0   0   1  0.41 0.07
   27 K    -1   1   2  -1  -2   1   0  -2  -1   0  -1   2  -1   0  -1   0   2  -2  -1  -1    1   6  17   1   0   6   1   1   0   8   1  21   0   6   1   4  22   0   0   1  0.15 0.04
   28 E     0  -1  -1   1  -4   1   6  -3  -1  -4  -4   0  -3  -4  -2  -1  -2  -4  -3  -3    6   0   0   0   0   0  94   0   0   0   0   0   0   0   0   0   0   0   0   0  1.10 0.17
   29 H    -1   0  -1  -2  -3  -1  -2   5   6  -4  -4  -1  -3  -3  -3   0  -2  -3  -1  -4    0   6   0   0   0   0   0  53  37   0   0   0   0   0   0   5   0   0   0   0  0.84 0.12
   30 L    -1  -3  -4  -4  -3  -4  -4  -4  -2   0   2  -4   0   7  -4  -3  -3   0   2  -1    6   0   0   0   0   0   0   0   0   0  24   0   0  70   0   0   0   0   0   0  0.85 0.13
   31 L    -1  -2   0   0  -2  -2  -1  -1  -2   1   1  -2   0  -2   3   2   1  -3  -2   1    0   0   3   6   0   0   0   3   0  14  18   0   0   0  16  25   6   0   0   9  0.19 0.05
   32 S     0  -2   0   2  -2  -1  -1   4  -2  -4  -4  -1  -3  -4  -2   3  -1  -4  -3  -3    4   0   0  18   0   0   0  42   0   0   0   0   0   0   0  36   0   0   0   0  0.58 0.09
   33 G    -1  -3  -1  -2  -4  -3  -3   7  -3  -5  -5  -2  -4  -4  -3  -1  -3  -4  -4  -4    0   0   0   0   0   0   0 100   0   0   0   0   0   0   0   0   0   0   0   0  1.49 0.16
   34 R    -1   3   1   2  -3   0   1  -2   2  -2  -2   1  -2  -3  -2   0   1  -3  -2  -1    0  32   8  15   0   0   5   0   9   0   0   6   0   0   0   6  12   0   0   7  0.30 0.06
   35 C    -2  -5  -4  -5  10  -4  -5  -4  -4  -2  -3  -4  -3  -4  -4  -2  -2  -4  -4  -2    0   0   0   0 100   0   0   0   0   0   0   0   0   0   0   0   0   0   0   0  2.32 0.24
   36 R    -2   5  -1   0  -3   0   1  -3   4  -1  -2   2   1  -2  -2  -1  -1  -3  -1  -2    0  46   0   4   0   0   6   0  14   6   1  13   7   0   0   0   0   0   0   0  0.42 0.08
   37 D    -1   0   0   3  -3  -1  -1   4  -2  -3  -3  -1  -2   1  -2   1  -1  -2  -2  -3    1   5   1  24   0   1   1  41   0   1   1   1   0   9   1  12   1   0   0   1  0.39 0.06
   38 D    -2   4   0   4  -4   0   1  -2   1  -3  -2   1  -2  -3  -2   1  -1  -4  -2  -3    0  34   0  36   0   0   5   0   5   0   4   7   0   0   0  10   0   0   0   0  0.48 0.08
   39 F    -2   5  -2  -3  -3  -1  -2  -3  -2  -1   0   0   1   3  -3  -2  -2   4   0  -1    0  52   0   0   0   0   0   0   0   0  12   0   7  20   0   0   0   6   0   4  0.48 0.10
   40 R    -1   6  -1  -2  -4   1  -1  -3  -1  -4  -3   2  -2  -4  -3  -1  -2  -4  -3  -3    7  77   0   0   0   6   0   0   0   0   0  11   0   0   0   0   0   0   0   0  0.92 0.14
   41 C    -2  -5  -4  -5  10  -4  -5  -4  -4  -2  -3  -4  -3  -4  -4  -2  -2  -4  -4  -2    0   0   0   0 100   0   0   0   0   0   0   0   0   0   0   0   0   0   0   0  2.32 0.24
   42 W    -3  -3  -4  -5  -3  -3  -4  -4  -2  -1   0  -4   1   5  -4  -3  -3   8   4  -2    0   0   0   0   0   0   0   0   0   0   4   0   6  42   0   0   0  30  18   0  1.19 0.14
   43 C    -2  -5  -4  -5  10  -4  -5  -4  -4  -2  -3  -4  -3  -4  -4  -2  -2  -4  -4  -2    0   0   0   0 100   0   0   0   0   0   0   0   0   0   0   0   0   0   0   0  2.32 0.24
   44 T     0  -1   2  -1  -2  -1  -1  -2  -2  -2  -2   0  -2  -3  -2   1   5  -3  -2   0    7   0  11   0   0   0   0   0   0   0   0   5   0   0   0   6  68   0   0   4  0.54 0.12
   45 R    -2   5   0  -2  -4   1   0  -3   2  -3  -3   4  -2  -3  -2  -1   0  -3  -2  -3    0  42   4   0   0   6   0   0   7   0   0  35   0   0   0   0   7   0   0   0  0.60 0.10
   46 N    -1   0   4  -1  -3   1  -1  -2   4  -1  -1   0  -2  -3   3  -1  -1  -4  -1  -1    6   4  35   0   0   6   0   0  15   4   5   4   0   0  16   0   0   0   0   5  0.36 0.07
   47 C    -2  -5  -4  -5  10  -4  -5  -4  -4  -2  -3  -4  -3  -4  -4  -2  -2  -4  -4  -2    0   0   0   0 100   0   0   0   0   0   0   0   0   0   0   0   0   0   0   0  2.32 0.24

                      K         Lambda
Standard Ungapped    0.1407     0.3248
Standard Gapped      0.0444     0.2670
PSI Ungapped         0.1449     0.3211
PSI Gapped           0.0444     0.2670
