
Last position-specific scoring matrix computed, weighted observed percentages rounded down, information per position, and relative weight of gapless real matches to pseudocounts
           A  R  N  D  C  Q  E  G  H  I  L  K  M  F  P  S  T  W  Y  V   A   R   N   D   C   Q   E   G   H   I   L   K   M   F   P   S   T   W   Y   V
    1 L   -2 -2 -3 -4 -1 -2 -3 -4 -3  2  4 -3  2  0 -3 -3 -1 -2 -1  1    0   0   0   0   0   0   0   0   0   0 100   0   0   0   0   0   0   0   0   0  0.46 0.00
    2 Q   -1  1  0  0 -3  5  2 -2  0 -3 -2  1  0 -3 -1  0 -1 -2 -1 -2    0   0   0   0   0 100   0   0   0   0   0   0   0   0   0   0   0   0   0   0  0.67 0.01
    3 D   -2 -2  1  6 -4  0  2 -1 -1 -3 -4 -1 -3 -4 -2  0 -1 -4 -3 -3    0   0   0 100   0   0   0   0   0   0   0   0   0   0   0   0   0   0   0   0  0.94 0.00
    4 A    4 -1 -2 -2  0 -1 -1  0 -2 -1 -2 -1 -1 -2 -1  1  0 -3 -2  0  100   0   0   0   0   0   0   0   0   0   0   0   0   0   0   0   0   0   0   0  0.41 0.00
    5 A    4 -1 -2 -2  0 -1 -1  0 -2 -1 -2 -1 -1 -2 -1  1  0 -3 -2  0  100   0   0   0   0   0   0   0   0   0   0   0   0   0   0   0   0   0   0   0  0.41 0.00
    6 V   -1 -3 -3 -3 -1 -2 -3 -4 -3  3  3 -2  1  0 -3 -2 -1 -2 -1  3    0   0   0   0   0   0   0   0   0  22  40   0   0   0   0   0   0   0   0  38  0.32 0.00
    7 G    0  2  0 -1 -3 -1 -2  5 -2 -4 -3  0 -2 -3 -2  0 -2 -3 -3 -3    0  22   0   0   0   0   0  78   0   0   0   0   0   0   0   0   0   0   0   0  0.74 0.00
    8 W   -2  2 -2 -3 -2 -1 -2 -3 -2 -1 -1 -1  2  0 -3 -2 -2  9  1 -2    0  22   0   0   0   0   0   0   0   0   0   0  21   0   0   0   0  57   0   0  1.11 0.01
    9 G    2 -2 -1 -2 -1 -1 -2  4 -2 -3 -3 -1 -2 -3 -2  0 -1 -3 -2 -2   43   0   0   0   0   0   0  57   0   0   0   0   0   0   0   0   0   0   0   0  0.57 0.00
   10 R   -1  6  0 -2 -3  1  0 -2  0 -3 -2  2 -1 -3 -2 -1 -1 -3 -2 -3    0 100   0   0   0   0   0   0   0   0   0   0   0   0   0   0   0   0   0   0  0.76 0.00
   11 R   -1  5 -1 -2 -3  1  0 -2 -1 -3 -2  2 -2 -3  3 -1 -1 -3 -2 -3    0  79   0   0   0   0   0   0   0   0   0   0   0   0  21   0   0   0   0   0  0.70 0.00
   12 C    0 -3 -3 -4  9 -3 -4 -3 -3 -1 -1 -3 -1 -2 -3 -1 -1 -2 -2 -1    0   0   0   0 100   0   0   0   0   0   0   0   0   0   0   0   0   0   0   0  1.24 0.01
   13 P   -1 -2 -2 -2 -3 -1 -1 -2 -2 -3 -3 -1 -3 -4  8 -1 -1 -4 -3 -2    0   0   0   0   0   0   0   0   0   0   0   0   0   0 100   0   0   0   0   0  2.05 0.01
   14 Q   -1  2 -1 -1 -3  3  0 -2 -1 -3 -2  1 -1 -3  5 -1 -1 -3 -2 -2    0  22   0   0   0  35   0   0   0   0   0   0   0   0  43   0   0   0   0   0  0.81 0.00
   15 C    0 -3 -3 -4  9 -3 -4 -3 -3 -1 -1 -3 -1 -2 -3 -1 -1 -2 -2 -1    0   0   0   0 100   0   0   0   0   0   0   0   0   0   0   0   0   0   0   0  1.24 0.01
   16 P   -1 -2 -2 -2 -3 -1 -1 -2 -2 -3 -3 -1 -3 -4  8 -1 -1 -4 -3 -2    0   0   0   0   0   0   0   0   0   0   0   0   0   0 100   0   0   0   0   0  2.05 0.01
   17 R    0  3  0 -1 -2  0  0 -1 -1 -3 -2  1 -2 -3  4  2  0 -3 -2 -2    0  35   0   0   0   0   0   0   0   0   0   0   0   0  22  43   0   0   0   0  0.47 0.00
   18 C    0 -3 -3 -4  9 -3 -4 -3 -3 -1 -1 -3 -1 -2 -3 -1 -1 -2 -2 -1    0   0   0   0 100   0   0   0   0   0   0   0   0   0   0   0   0   0   0   0  1.24 0.01
   19 P   -1 -2 -2 -2 -2 -1 -1 -2 -2 -1  0 -1 -1 -2  7 -1 -1 -3 -2 -1    0   0   0   0   0   0   0   0   0   0  22   0   0   0  78   0   0   0   0   0  1.40 0.00
   20 S    1  2  0 -1 -1  0  0 -1 -1 -3 -2  0 -1 -3 -1  3  1 -3 -2 -2    0  22   0   0   0   0   0   0   0   0   0   0   0   0   0  78   0   0   0   0  0.38 0.00
   21 C    0 -3 -3 -4  9 -3 -4 -3 -3 -1 -1 -3 -1 -2 -3 -1 -1 -2 -2 -1    0   0   0   0 100   0   0   0   0   0   0   0   0   0   0   0   0   0   0   0  1.24 0.01
   22 P    0 -2 -1 -1 -2 -1 -1 -2 -2 -3 -3 -1 -2 -3  7  1  0 -4 -3 -2    0   0   0   0   0   0   0   0   0   0   0   0   0   0  78  22   0   0   0   0  1.48 0.00
   23 S   -1 -2 -1 -2 -2 -1 -2 -2 -2 -3 -2 -2 -2  0 -2  1 -1  9  1 -2    0   0   0   0   0   0   0   0   0   0   0   0   0   0   0  35   0  65   0   0  1.30 0.01
   24 C    0 -3 -3 -4  9 -3 -4 -3 -3 -1 -1 -3 -1 -2 -3 -1 -1 -2 -2 -1    0   0   0   0 100   0   0   0   0   0   0   0   0   0   0   0   0   0   0   0  1.24 0.01
   25 P   -1 -2 -2 -2 -3 -1 -1 -2 -2 -3 -3 -1 -3 -4  8 -1 -1 -4 -3 -2    0   0   0   0   0   0   0   0   0   0   0   0   0   0 100   0   0   0   0   0  2.05 0.01
   26 R   -1  5 -1 -2 -3  1  0 -2 -1 -2 -1  2  2 -2 -2 -1 -1 -2 -2 -2    0  79   0   0   0   0   0   0   0   0   0   0  21   0   0   0   0   0   0   0  0.51 0.00
   27 C    0 -3 -3 -4  9 -3 -4 -3 -3 -1 -1 -3 -1 -2 -3 -1 -1 -2 -2 -1    0   0   0   0 100   0   0   0   0   0   0   0   0   0   0   0   0   0   0   0  1.24 0.01
   28 P   -1 -2 -2 -2 -2 -1 -1 -2 -2 -1  0 -1 -1 -2  7 -1 -1 -3 -2 -1    0   0   0   0   0   0   0   0   0   0  22   0   0   0  78   0   0   0   0   0  1.40 0.00
   29 R   -1  5  0 -2 -3  1  0 -2 -1 -2 -2  2 -1 -3 -2  0  1 -3 -2 -2    0  78   0   0   0   0   0   0   0   0   0   0   0   0   0   0  22   0   0   0  0.54 0.00
   30 C    0 -3 -3 -4  9 -3 -4 -3 -3 -1 -1 -3 -1 -2 -3 -1 -1 -2 -2 -1    0   0   0   0 100   0   0   0   0   0   0   0   0   0   0   0   0   0   0   0  1.24 0.01
   31 P   -1 -2 -2 -2 -3 -1 -1 -2 -2 -3 -3 -1 -3 -4  8 -1 -1 -4 -3 -2    0   0   0   0   0   0   0   0   0   0   0   0   0   0 100   0   0   0   0   0  2.05 0.01
   32 R   -1  4  0 -2 -2  1  0 -2 -1 -1 -1  1  2 -2 -2  1  0 -2 -2 -1    0  57   0   0   0   0   0   0   0   0   0   0  22   0   0  21   0   0   0   0  0.33 0.00
   33 C    0 -3 -3 -4  9 -3 -4 -3 -3 -1 -1 -3 -1 -2 -3 -1 -1 -2 -2 -1    0   0   0   0 100   0   0   0   0   0   0   0   0   0   0   0   0   0   0   0  1.24 0.01
   34 K   -1  2  2  0 -3  1  1 -1  0 -3 -3  4 -2 -3 -1  0 -1 -3 -2 -2    0   0  22   0   0   0   0   0   0   0   0  78   0   0   0   0   0   0   0   0  0.44 0.00
   35 C    0 -3 -3 -4  9 -3 -4 -3 -3 -1 -1 -3 -1 -2 -3 -1 -1 -2 -2 -1    0   0   0   0 100   0   0   0   0   0   0   0   0   0   0   0   0   0   0   0  1.24 0.01
   36 N   -2  0  6  1 -3  0  0  0  1 -3 -3  0 -2 -3 -2  1  0 -4 -2 -3    0   0 100   0   0   0   0   0   0   0   0   0   0   0   0   0   0   0   0   0  0.74 0.01
   37 P   -1 -2 -2 -2 -3 -1 -1 -2 -2 -3 -3 -1 -3 -4  8 -1 -1 -4 -3 -2    0   0   0   0   0   0   0   0   0   0   0   0   0   0 100   0   0   0   0   0  2.05 0.01
   38 K   -1  2  0 -1 -3  1  1 -2 -1 -3 -3  5 -1 -3 -1  0 -1 -3 -2 -2    0   0   0   0   0   0   0   0   0   0   0 100   0   0   0   0   0   0   0   0  0.53 0.00

                      K         Lambda
Standard Ungapped    0.1462     0.3296
Standard Gapped      0.0410     0.2670
PSI Ungapped         0.1462     0.3296
PSI Gapped           0.0410     0.2670
