
Last position-specific scoring matrix computed, weighted observed percentages rounded down, information per position, and relative weight of gapless real matches to pseudocounts
            A   R   N   D   C   Q   E   G   H   I   L   K   M   F   P   S   T   W   Y   V   A   R   N   D   C   Q   E   G   H   I   L   K   M   F   P   S   T   W   Y   V
    1 G     0  -3  -1  -2  -3  -2  -3   6  -2  -4  -4  -2  -3  -4  -3  -1  -2  -3  -4  -4    0   0   0   0   0   0   0 100   0   0   0   0   0   0   0   0   0   0   0   0  1.13 0.03
    2 V     1  -2  -1  -2  -1  -1  -1  -1  -2   0   0  -1   0  -2  -2   2   3  -3  -2   1   15   0   0   0   0   0   0   0   0   3   4   0   0   0   0  29  29   0   0  21  0.20 0.01
    3 I    -2  -4  -4  -4  -2  -3  -4  -4  -4   5   1  -3   1   1  -3  -3  -1  -3  -1   2    0   0   0   0   0   0   0   0   0  83   4   0   0   5   0   0   2   0   0   5  0.52 0.06
    4 P     0  -3  -2  -2  -3  -2  -2  -1  -3  -3  -3  -2  -3  -1   8   0  -1  -4  -3  -3    3   0   0   0   0   0   0   3   0   0   0   0   0   5  78  11   0   0   0   0  1.56 0.08
    5 C    -1  -4  -4  -5  10  -4  -5  -4  -4  -2  -2  -4  -2  -3  -4  -2  -2  -3  -3  -2    0   0   0   0 100   0   0   0   0   0   0   0   0   0   0   0   0   0   0   0  1.87 0.12
    6 G     2  -3  -1  -2  -3  -2  -2   6  -3  -4  -4  -2  -3  -4  -2   0  -2  -3  -3  -3   20   0   0   0   0   0   0  80   0   0   0   0   0   0   0   0   0   0   0   0  0.94 0.06
    7 E    -2  -1  -1   1  -5   2   6  -3  -1  -4  -4   0  -3  -4  -2  -1  -2  -4  -3  -3    0   0   0   0   0   0 100   0   0   0   0   0   0   0   0   0   0   0   0   0  1.02 0.09
    8 S     1  -1   0  -1  -2  -1  -1  -1  -2  -3  -3  -1  -2  -3   0   5   1  -4  -2  -2    0   0   0   0   0   0   0   0   0   0   0   0   0   0   3  94   3   0   0   0  0.65 0.08
    9 C    -1  -4  -4  -5  10  -4  -5  -4  -4  -2  -2  -4  -2  -3  -4  -2  -2  -3  -3  -2    0   0   0   0 100   0   0   0   0   0   0   0   0   0   0   0   0   0   0   0  1.87 0.12
   10 V     1  -3  -3  -4  -1  -3  -3  -3  -4   2   0  -3   0  -1  -3  -2   0  -4  -2   5    9   0   0   0   0   0   0   0   0   2   0   0   0   0   0   0   0   0   0  89  0.50 0.07
   11 F    -3  -3  -4  -4  -3  -3  -3  -4  -1  -2  -1  -3   1   5  -4  -3  -3   9   5  -2    0   0   0   0   0   0   0   0   0   0   0   0   5  32   0   0   0  32  31   0  1.12 0.07
   12 I    -2  -4  -4  -4  -2  -4  -4  -5  -4   6   1  -3   1  -1  -4  -3  -1  -3  -2   2    0   0   0   0   0   0   0   0   0 100   0   0   0   0   0   0   0   0   0   0  0.69 0.08
   13 P    -1  -3  -3  -2  -4  -2  -2  -3  -3  -4  -4  -2  -3  -5   8   0  -2  -5  -4  -3    0   0   0   0   0   0   0   0   0   0   0   0   0   0  95   5   0   0   0   0  2.12 0.10
   14 C    -1  -4  -4  -5  10  -4  -5  -4  -4  -2  -2  -4  -2  -3  -4  -2  -2  -3  -3  -2    0   0   0   0 100   0   0   0   0   0   0   0   0   0   0   0   0   0   0   0  1.87 0.12
   15 I    -1  -3  -4  -4  -2  -3  -3  -4  -3   4   2  -3   1   2  -3  -2  -1  -2  -1   3    4   0   0   0   0   0   0   0   0  58  13   0   0  10   0   0   0   0   0  15  0.37 0.04
   16 S     0  -1   1  -1  -1  -1  -1  -2  -2  -2  -2  -1  -1  -3  -1   3   5  -3  -2  -1    0   0   7   0   0   0   0   0   0   0   0   0   0   0   0  26  64   0   0   0  0.48 0.06
   17 T     2  -1   0  -1  -1   0   0   1   0  -2  -2   0  -2  -3  -1   2   2  -3  -2  -1   29   0   0   0   0   0   5  10   4   0   0   8   0   0   0  30  13   0   0   0  0.26 0.03
   18 L     1  -2  -3  -3  -1  -2  -2  -3  -3   2   2  -1   1  -1  -2  -1   0  -3  -2   2   18   0   0   0   0   0   0   0   0  16  26   6   1   0   0   2   1   0   0  29  0.18 0.02
   19 L     0  -2  -3  -3  -2  -2  -3  -3  -3   3   2  -1   1   1   1  -2  -1  -3  -1   2    9   0   0   0   0   0   0   0   0  32  22   6   2   5   6   0   0   0   0  18  0.19 0.02
   20 G     0  -3   0  -2   2  -2  -3   6  -3  -4  -4  -2  -3  -4  -3  -1  -2  -3  -4  -4    0   0   5   0   6   0   0  89   0   0   0   0   0   0   0   0   0   0   0   0  1.06 0.07
   21 C    -1  -4  -3  -4  10  -3  -4  -3  -4  -2  -2  -4  -2  -3  -3  -1  -1  -3  -3  -1    0   0   0   0  94   0   0   0   0   0   1   0   0   0   0   0   0   0   0   0  1.65 0.10
   22 S     1  -1   0  -1  -2   0  -1   0  -1  -3  -3   1  -2  -3  -1   5   1  -4  -2  -2    3   0   0   0   0   0   0   2   0   0   0   8   0   0   1  84   2   0   0   0  0.54 0.07
   23 C    -1  -4  -4  -5  10  -4  -5  -4  -4  -2  -2  -4  -2  -3  -4  -2  -2  -3  -3  -2    0   0   0   0 100   0   0   0   0   0   0   0   0   0   0   0   0   0   0   0  1.87 0.12
   24 K    -1   2  -1  -1  -3   1   1  -2  -1  -2  -2   5  -2  -3  -2   1   0  -4  -2  -1    0   5   0   0   0   2   3   0   0   0   3  70   0   0   0  11   1   0   0   4  0.45 0.06
   25 N    -1  -1   6   2  -3   0   0  -1   0  -4  -4   0  -3  -4  -2   2   0  -4  -3  -3    0   0  58  13   0   0   0   0   0   0   0   2   0   0   0  27   0   0   0   0  0.62 0.06
   26 K    -1   2   0  -1  -4   1   0  -2  -1  -3  -3   6  -2  -4  -2   0  -1  -4  -2  -3    0   6   2   0   0   2   0   0   0   0   0  86   0   0   0   4   0   0   0   0  0.67 0.07
   27 V    -1  -1  -3  -4  -1  -3  -3  -4  -4   2   0  -3   0  -1  -3  -2  -1  -4  -2   5    0   4   0   0   0   0   0   0   0   2   0   0   0   0   0   0   0   0   0  94  0.52 0.07
   28 C    -1  -4  -4  -5  10  -4  -5  -4  -4  -2  -2  -4  -2  -3  -4  -2  -2  -3  -3  -2    0   0   0   0 100   0   0   0   0   0   0   0   0   0   0   0   0   0   0   0  1.87 0.12
   29 Y    -2  -2  -3  -4  -3  -2  -3  -4   1  -2  -2  -3  -2   3  -4  -2  -2   2   8  -1    0   0   0   0   0   0   0   0   0   0   0   0   0   0   0   0   0   0  95   5  1.16 0.09
   30 R    -2   4   2  -1  -3   1  -1  -2   1  -2   0   2   0  -1  -2  -1  -1  -3   0  -2    0  38  15   2   0   2   0   0   5   1  13  16   2   4   0   0   0   0   2   0  0.27 0.03
   31 N    -2  -1   6   3  -3  -1   0  -1   0  -4  -4  -1  -3  -4  -3   0  -1  -5  -3  -4    0   0  78  19   0   0   0   0   0   0   0   0   0   0   0   3   0   0   0   0  0.87 0.07

                      K         Lambda
Standard Ungapped    0.1464     0.3305
Standard Gapped      0.0410     0.2670
PSI Ungapped         0.1464     0.3305
PSI Gapped           0.0410     0.2670
