
Last position-specific scoring matrix computed, weighted observed percentages rounded down, information per position, and relative weight of gapless real matches to pseudocounts
            A   R   N   D   C   Q   E   G   H   I   L   K   M   F   P   S   T   W   Y   V   A   R   N   D   C   Q   E   G   H   I   L   K   M   F   P   S   T   W   Y   V
    1 M    -1  -1  -2  -3  -1   0  -2  -3  -2   1   2  -1   6   0  -3  -2  -1  -1  -1   1    0   0   0   0   0   0   0   0   0   0   0   0 100   0   0   0   0   0   0   0  0.35 0.01
    2 H    -1   0   0  -1  -3   4   1  -2   6  -3  -3   0  -1  -2  -2   0  -1  -2   1  -3    0   0   0   0   0  50   0   0  50   0   0   0   0   0   0   0   0   0   0   0  0.57 0.00
    3 F    -2  -3  -3  -4  -2  -3  -3  -3  -1   0   0  -3   0   6  -4  -2  -2   1   3  -1    0   0   0   0   0   0   0   0   0   0   0   0   0 100   0   0   0   0   0   0  0.74 0.00
    4 T     0  -1   0  -1  -1  -1  -1  -2  -2  -1  -1  -1  -1  -2  -1   1   5  -3  -2   0    0   0   0   0   0   0   0   0   0   0   0   0   0   0   0   0 100   0   0   0  0.47 0.00
    5 A     2  -2  -2  -2  -1  -2  -2  -1  -2   3   0  -2   0  -1  -2   0   0  -3  -2   2   50   0   0   0   0   0   0   0   0  50   0   0   0   0   0   0   0   0   0   0  0.19 0.00
    6 S     3  -1   0  -1  -1   0  -1   0  -1  -2  -2   0  -1  -2  -1   3   1  -3  -2  -1   50   0   0   0   0   0   0   0   0   0   0   0   0   0   0  50   0   0   0   0  0.35 0.00
    7 L    -1  -2  -3  -4  -1  -2  -3  -4  -3   2   3  -2   2   0  -3  -2  -1  -2  -1   2    0   0   0   0   0   0   0   0   0   0  68   0   0   0   0   0   0   0   0  32  0.36 0.00
    8 L     1  -2  -3  -3  -1  -2  -2  -2  -2   0   2  -2   1   4  -2  -1  -1  -1   1   0   32   0   0   0   0   0   0   0   0   0  34   0   0  34   0   0   0   0   0   0  0.22 0.00
    9 F    -2  -2  -3  -3  -2  -2  -3  -3   0   0   2  -2   1   4  -3  -2  -2   1   5   0    0   0   0   0   0   0   0   0   0   0  32   0   0  34   0   0   0   0  34   0  0.46 0.01
   10 I    -1  -1  -2  -2  -1  -1  -2  -2  -2   2   2  -1   1   0  -1  -1  -1  -1  -1   1    3   2   1   2   1   1   2   2   1  35  37   2   1   1   2   2   2   0   1   2  0.14 0.00
   11 G     0  -1  -1  -1  -1  -1  -1   3  -1   0   2  -1   0  -1  -1  -1  -1  -1  -1   0    3   2   1   2   1   1   2  36   1   2  37   2   1   1   2   2   2   0   1   2  0.17 0.00
   12 L    -1  -2  -3  -4  -1  -2  -3  -4  -3   2   3  -2   2   0  -3  -2  -1  -2  -1   2    0   0   0   0   0   0   0   0   0   0  66   0   0   0   0   0   0   0   0  34  0.35 0.00
   13 A     2  -3  -2  -3   6  -2  -2  -2  -3   2   0  -2   0  -1  -2   0  -1  -3  -2   1   34   0   0   0  32   0   0   0   0  34   0   0   0   0   0   0   0   0   0   0  0.31 0.01
   14 C     0  -4  -3  -4   9  -3  -4  -3  -3  -1  -1  -3  -2  -3  -3  -1  -1  -2  -3  -1    0   0   0   0 100   0   0   0   0   0   0   0   0   0   0   0   0   0   0   0  1.27 0.02
   15 A     4  -1  -2  -2   0  -1  -1   0  -2  -1  -2  -1  -1  -2  -1   1   0  -3  -2   0  100   0   0   0   0   0   0   0   0   0   0   0   0   0   0   0   0   0   0   0  0.42 0.01
   16 F    -2  -3  -3  -4  -2  -3  -3  -4  -2   2   2  -3   1   4  -3  -2  -1  -1   1   1    0   0   0   0   0   0   0   0   0  32  34   0   0  34   0   0   0   0   0   0  0.34 0.00
   17 S     2  -1   0  -1  -1   0   0   0  -1  -2  -2   0  -1  -2  -1   3   1  -3  -2  -1   32   0   0   0   0   0   0   0   0   0   0   0   0   0   0  68   0   0   0   0  0.38 0.01
   18 S     0  -1   0  -1  -1  -1  -1  -1  -1   0   1  -1   0  -1  -1   3   1  -2  -2  -1    0   0   0   0   0   0   0   0   0   0  34   0   0   0   0  66   0   0   0   0  0.21 0.01
   19 A     3  -1  -1  -2  -1  -1  -1   0  -2  -1  -1  -1  -1  -2  -1   1   2  -3  -2   0   68   0   0   0   0   0   0   0   0   0   0   0   0   0   0   0  32   0   0   0  0.32 0.01
   20 W    -1  -3  -3  -4  -1  -2  -3  -3  -3   1   2  -3   1   0  -3  -2  -1   8   0   2    0   0   0   0   0   0   0   0   0   0  32   0   0   0   0   0   0  34   0  34  0.64 0.01
   21 A     3  -1  -1  -1   0   0   0   0  -1  -1  -1   0  -1  -1   0   1   0  -1  -1   0   69   2   2   2   1   1   2   3   1   2   3   2   1   1   2   2   2   0   1   2  0.21 0.00
   22 Y    -1  -1  -1  -2  -2  -1  -1  -2   1  -1  -1  -1  -1   2  -1  -1  -1   2   6  -1    3   2   2   2   1   1   2   3   1   2   3   2   1   1   2   2   2   0  67   2  0.43 0.01
   23 P    -1  -1  -1  -1  -2  -1  -1  -1  -1  -2  -2  -1  -2  -2   7   0  -1  -2  -2  -1    3   2   2   2   1   1   2   3   1   2   3   2   1   1  68   2   2   0   1   2  1.13 0.01
   24 Y    -1  -2  -2  -3  -2  -1  -2  -3   0   0   1  -2   5   1  -3  -2  -1   0   4   0    0   0   0   0   0   0   0   0   0   0   0   0  66   0   0   0   0   0  34   0  0.34 0.01
   25 P     2  -2  -2  -2  -2  -1  -1  -1  -2  -2  -2  -1  -2  -3   6   0  -1  -3  -3  -1   34   0   0   0   0   0   0   0   0   0   0   0   0   0  66   0   0   0   0   0  1.20 0.01
   26 D    -2  -2   1   6  -4   0   2  -1  -1  -3  -4  -1  -3  -4  -2   0  -1  -4  -3  -3    0   0   0 100   0   0   0   0   0   0   0   0   0   0   0   0   0   0   0   0  0.95 0.01
   27 P    -1  -1   0   3  -3   0   3  -2  -1  -3  -3   0  -3  -4   5   0  -1  -4  -3  -3    0   0   0  32   0   0  34   0   0   0   0   0   0   0  34   0   0   0   0   0  0.78 0.01
   28 R    -1   4   0  -1  -2   1   0  -1   0  -2  -1   3  -1  -2  -1   0  -1  -2  -1  -2    3  35   1   2   1   1   2   2   1   2   3  36   1   1   2   2   2   0   1   2  0.29 0.00
   29 E    -1  -1  -1   0  -2   1   3  -1  -1  -2  -2   0  -1  -2   5   0  -1  -2  -2  -2    3   2   1   2   1   1  36   2   1   2   3   2   1   1  36   2   2   0   1   2  0.57 0.00
   30 I    -1   0  -1  -1  -1   0   0  -1  -1   2   0   2   0  -1  -1  -1   0  -2  -1   1    3   2   1   2   1   1   2   2   1  35   3  36   1   1   2   2   2   0   1   2  0.07 0.00
   31 V    -1  -2  -3  -3  -1  -2  -3  -3  -3   2   3  -2   4   0  -3  -2  -1  -2  -1   2    0   0   0   0   0   0   0   0   0   0  34   0  32   0   0   0   0   0   0  34  0.29 0.01
   32 N    -1  -1   3   0  -2  -1  -1  -2  -1   2   0  -1   0  -2  -2   0   2  -3  -2   1    0   0  34   0   0   0   0   0   0  34   0   0   0   0   0   0  32   0   0   0  0.19 0.01
   33 L    -1  -2  -3  -4  -1  -2  -3  -3  -2   1   4  -2   4   0  -3  -2  -1  -2  -1   1    0   0   0   0   0   0   0   0   0   0  68   0  32   0   0   0   0   0   0   0  0.39 0.01
   34 Q    -1   1  -1  -1  -3   3   1  -2  -1  -3  -3   3  -1  -3   5   0  -1  -3  -2  -2    0   0   0   0   0  34   0   0   0   0   0  32   0   0  34   0   0   0   0   0  0.68 0.01
   35 P    -1  -2  -1  -1  -2  -1  -1  -2  -2  -2  -2  -1  -2  -3   6   0   2  -3  -3  -1    0   0   0   0   0   0   0   0   0   0   0   0   0   0  66   0  34   0   0   0  1.21 0.01
   36 E    -1  -1  -1   0  -2   0   3  -2  -1  -2  -2   0  -2  -3   5   0   2  -3  -2  -1    0   0   0   0   0   0  34   0   0   0   0   0   0   0  34   0  32   0   0   0  0.63 0.01
   37 P     2  -2  -2  -2  -2  -1  -1  -1  -2  -2  -2  -1  -2  -3   6   0  -1  -3  -3  -1   34   0   0   0   0   0   0   0   0   0   0   0   0   0  66   0   0   0   0   0  1.20 0.01
   38 L    -1  -2  -3  -2  -2  -2  -2  -3  -2  -1   1  -2   0  -2   6  -1  -1  -3  -2  -1    0   0   0   0   0   0   0   0   0   0  34   0   0   0  66   0   0   0   0   0  1.13 0.01
   39 A     2  -2  -2  -2  -2  -1  -1  -1  -2  -2  -2  -1  -2  -3   6   0  -1  -3  -3  -2   34   0   0   0   0   0   0   0   0   0   0   0   0   0  66   0   0   0   0   0  1.21 0.01
   40 Y    -1   0   3   0  -3   3   0  -2   1  -2  -2   0  -1   0  -2   0  -1   0   4  -2    0   0  34   0   0  32   0   0   0   0   0   0   0   0   0   0   0   0  34   0  0.37 0.01
   41 A     2  -2  -2  -3  -1  -1  -2  -2   0   0   2  -2   0   1  -2  -1  -1   0   4   0   34   0   0   0   0   0   0   0   0   0  34   0   0   0   0   0   0   0  32   0  0.22 0.00
   42 P    -1  -2  -2  -2  -3  -1  -1  -2  -2  -3  -3  -1  -3  -4   8  -1  -1  -4  -3  -2    0   0   0   0   0   0   0   0   0   0   0   0   0   0 100   0   0   0   0   0  2.07 0.02
   43 N    -1   1   3   0  -2   3   1  -1   0  -2  -2   2  -1  -2  -1   0   0  -2  -1  -2    2   1  30   1   0  25   2   2   1   1   2  24   1   1   1   2   1   0   1   2  0.26 0.00
   44 F    -1  -2  -2  -2  -1  -2  -2  -2  -2   1   3  -2   1   3  -2  -2  -1   0   1   0    2   1   1   1   0   1   2   2   1   1  48   1   1  29   1   2   1   0   1   2  0.20 0.00
   45 D    -1  -2   0   3  -1  -1   0  -2  -2   2   0  -1   0  -1  -1  -1   0  -2  -1   2    2   1   1  30   0   1   2   2   1  24   2   1   1   1   1   2   1   0   1  25  0.12 0.00
   46 V     0  -2  -1  -2  -1  -1  -2   2  -2   1   1  -1   0  -1  -1  -1  -1  -2  -1   2    2   1   1   1   0   1   2  26   1   1  25   1   1   1   1   2   1   0   1  30  0.11 0.00
   47 P     0  -1  -1  -1  -2  -1  -1   2  -2  -2  -2  -1  -2  -2   6   0  -1  -2  -2  -2    2   1   1   1   0   1   2  26   1   1   2   1   1   1  52   2   1   0   1   2  0.86 0.01
   48 L     0  -1  -1  -1  -1  -1  -1   2  -2   0   1  -1   0  -1  -1   0   2  -1  -1   0    2   1   1   1   0   1   2  26   1   1  31   1   1   1   1   2  24   0   1   2  0.12 0.00
   49 H    -1  -1   0  -1  -2   0  -1   2   4  -2  -2  -1  -2  -2   4   0  -1  -2   0  -2    2   1   1   1   0   1   2  26  29   1   2   1   1   1  24   2   1   0   1   2  0.42 0.00
   50 R     1   3  -1  -1  -1   0  -1   2  -1  -2  -2   0  -1  -2  -1   0  -1  -2  -1  -1   24  30   1   1   0   1   2  26   1   1   2   1   1   1   1   2   1   0   1   2  0.22 0.00
   51 V    -1  -1   2   0  -1  -1  -1  -1  -1   0  -1  -1  -1  -2   4   0   0  -2  -1   1    2   1  25   1   0   1   2   2   1   1   2   1   1   1  24   2   1   0   1  30  0.26 0.00
   52 R    -1   4  -1  -1  -2   0   0  -2  -1  -2  -2   1  -1  -2   4  -1  -1  -2  -1  -2    2  53   1   1   0   1   2   2   1   1   2   1   1   1  24   2   1   0   1   2  0.48 0.00
   53 R    -1   3   3   0  -1   0   0  -1   0  -1  -1   1  -1  -1  -1   0   0  -1  -1  -1    4  31  25   3   1   2   3   4   1   3   4   3   1   2   3   3   3   1   2   3  0.17 0.00
   54 Q     0   0   0  -1  -1   3   0  -1   0   0   1   0   0  -1  -1   0   0  -1  -1   0    4   3   2   3   1  30   3   4   1   3  27   3   1   2   3   3   3   1   2   3  0.09 0.00
   55 F    -1  -2  -2  -2  -2  -1  -2  -2  -1   0   1  -1   0   3   4  -1  -1  -1   1   0    2   1   1   1   0   1   1   2   1   1  28   1   1  29  24   2   1   0   1   2  0.30 0.00
   56 Q    -1   0   3   0  -2   4   1  -1   0  -2  -2   1  -1  -2  -1   0   0  -2  -1  -2    2   1  26   1   0  52   1   2   1   1   2   1   1   1   1   2   1   0   1   2  0.34 0.01
   57 L    -1  -2  -3  -3  -1  -2  -2  -3  -2   1   4  -2   2   0  -2  -2  -1  -1  -1   1    1   1   1   1   0   1   1   1   0   1  86   1   0   1   1   1   1   0   1   1  0.34 0.02
   58 N    -1   0   4   0  -2   2   0  -1   0  -1  -2   0  -1  -2  -1   0   0  -2  -2   0    1   1  55   1   0  17   1   1   0   1   1   1   0   1   1   1   1   0   1  15  0.31 0.02
   59 G     2  -2  -1  -1  -1  -1  -1   4  -2  -2  -2  -1  -2  -2  -1   0  -1  -2  -2  -1   36   1   1   1   0   1   1  51   0   1   1   1   0   1   1   1   1   0   1   1  0.45 0.01
   60 G     0  -2   0  -1  -2  -1  -2   5  -2  -3  -3  -1  -2  -3  -2   0  -1  -2  -2  -3    1   1   1   1   0   1   1  86   0   1   1   1   0   1   1   1   1   0   1   1  0.83 0.02
   61 G     0  -2  -1  -2  -2  -2  -2   4  -2   0   2  -2   0  -1  -2  -1  -1  -2  -2  -1    1   1   1   1   0   1   1  51   0   1  36   1   0   1   1   1   1   0   1   1  0.32 0.01
   62 G     0  -1   0  -1  -2  -1  -1   4  -2  -2  -2  -1  -1  -2  -1   0   2  -2  -2  -1    1   1   1   1   0   1   1  51   0   1   1   1   0   1   1   1  36   0   1   1  0.42 0.01
   63 G     0   2   0  -1  -2   0  -1   4   3  -3  -3   0  -2  -2  -2   0  -1  -2  -1  -2    1  18   1   1   0   1   1  51  18   1   1   1   0   1   1   1   1   0   1   1  0.42 0.01
   64 S    -1  -1   2  -1  -2   2   0  -1   0  -1  -1  -1  -1   4  -2   1   0  -1   1  -1    1   1  15   1   0  17   1   1   0   1   1   1   0  36   1  20   1   0   1   1  0.17 0.01
   65 P     0   1  -1  -1  -2   0  -1  -1  -1  -2  -2   0  -2  -3   5   2   0  -3  -2  -2    1  12   0   1   0   0   1   1   0   1   1   1   0   0  43  38   1   0   0   1  0.72 0.03
   66 K     0   0  -1  -1  -3  -1  -1   5  -2  -4  -3   2  -2  -3  -2   0  -1  -3  -3  -3    0   0   0   0   0   0   0  65   0   0   0  35   0   0   0   0   0   0   0   0  0.66 0.03
   67 Q    -2  -2  -1   3  -2   1   0  -3  -2   2   1  -1   0  -1  -2  -1  -1  -3  -2   1    0   0   0  34   0  13   0   0   0  37  16   0   0   0   0   0   0   0   0   0  0.21 0.02
   68 G     0  -3  -1  -2  -3  -2  -2   6  -2  -4  -4  -2  -3  -3  -2  -1  -2  -3  -3  -3    0   0   0   0   0   0   0 100   0   0   0   0   0   0   0   0   0   0   0   0  1.16 0.05
   69 F    -2   0   2  -1  -3   1  -1  -2  -1  -1  -1   1  -1   4  -3  -1  -1  -1   1  -2    0   0  24   0   0  13   0   0   0   0   0  16   0  47   0   0   0   0   0   0  0.29 0.03
   70 D    -1   0   0   2  -3   4   1   3  -1  -3  -3   0  -2  -3  -2   0  -1  -3  -2  -3    0   0   0  13   0  53   0  34   0   0   0   0   0   0   0   0   0   0   0   0  0.51 0.04
   71 L     1  -2  -3  -3  -1  -2  -2  -2  -3   1   3  -2   1   2  -2  -1  -1  -2   0   1   22   0   0   0   0   0   0   0   0   0  48   0   0  12   0   0   0   0   0  18  0.22 0.02
   72 S     1  -1   2   0  -2   0   1   2  -1  -3  -3  -1  -2  -3  -1   2   1  -3  -2  -2   12   0  12   0   0   0  13  23   0   0   0   0   0   0   0  30  11   0   0   0  0.30 0.02
   73 L    -1  -3  -3  -4  -1  -2  -3  -4  -3   2   3  -3   1   0  -3  -2  -1  -2  -1   3    0   0   0   0   0   0   0   0   0   0  48   0   0   0   0   0   0   0   0  52  0.38 0.04
   74 N    -1  -1   2   3  -3   1   0   3  -1  -3  -3  -1  -2  -3  -2   0   1  -3  -3  -3    0   0  11  28   0  12   0  36   0   0   0   0   0   0   0   0  13   0   0   0  0.43 0.03
   75 G     1  -2  -1  -2  -2  -2  -2   5  -2  -3  -3  -2  -3  -3  -2   0  -1  -3  -3  -3   18   0   0   0   0   0   0  82   0   0   0   0   0   0   0   0   0   0   0   0  0.90 0.05
   76 R    -1   3   0  -1  -3   0   0  -2   5  -3  -2   2  -2  -1  -2   0  -1  -2   2  -3    0  34   0   0   0   0   0   0  30   0   0  13   0   0   0  12   0   0  11   0  0.42 0.03
   77 A     3  -1  -1  -1  -1   3   0  -1  -1  -2  -2   0  -1  -3  -1   2   0  -3  -2  -1   48   0   0   0   0  30   0   0   0   0   0   0   0   0   0  22   0   0   0   0  0.35 0.04
   78 P    -1   0   4   0  -2   0   0  -1  -1  -2  -3   2  -2  -3   2   0   2  -3  -2  -2    0   0  36   0   0   0   0   0   0   0   0  30   0   0  11   0  22   0   0   0  0.39 0.03
   79 V    -1  -3  -3  -4  -1  -2  -3  -4  -3   2   3  -3   1   0  -3  -2  -1  -2  -1   3    0   0   0   0   0   0   0   0   0   0  59   0   0   0   0   0   0   0   0  41  0.39 0.03
   80 W    -3  -3  -4  -5  -3  -3  -3  -3  -3  -2  -1  -3  -1   3  -4  -3  -3  10   2  -3    0   0   0   0   0   0   0   0   0   0   0   0   0  22   0   0   0  78   0   0  2.07 0.09
   81 Q     0   2   0  -1  -2   3   0  -2  -1  -2  -2   1  -1  -3  -1   2   3  -3  -2  -1    0  11   0   0   0  25   0   0   0   0   0  12   0   0   0  23  30   0   0   0  0.32 0.03
   82 S     1  -1   0  -1  -1   0   0  -1  -1  -3  -3  -1  -2  -3  -1   5   1  -3  -2  -2    0   0   0   0   0   0   0   0   0   0   0   0   0   0   0 100   0   0   0   0  0.60 0.06
   83 P    -1  -1   3   3  -3   1   0  -2  -1  -3  -3  -1  -2  -4   5   0  -1  -4  -3  -3    0   0  22  30   0  13   0   0   0   0   0   0   0   0  34   0   0   0   0   0  0.74 0.04
   84 N    -2  -1   5   4  -3   0   0  -1   0  -4  -4  -1  -3  -4  -2   0  -1  -4  -3  -3    0   0  64  36   0   0   0   0   0   0   0   0   0   0   0   0   0   0   0   0  0.77 0.05
   85 G    -1   3  -1  -2  -3  -1  -1   5  -1  -4  -3   0  -2  -3  -2  -1  -2  -3  -3  -3    0  36   0   0   0   0   0  64   0   0   0   0   0   0   0   0   0   0   0   0  0.70 0.04
   86 R     1   3   2  -1  -2   0  -1   1  -1  -2  -1   0  -1  -2  -2   1   0  -3  -2  -1   23  32  13   0   0   0   0  10   0   0  11   0   0   0   0  12   0   0   0   0  0.20 0.02
   87 H    -1  -1   0  -2  -2  -1  -1  -2   6  -1   0  -1  -1  -2  -2   0   3  -3   0  -1    0   0   0   0   0   0   0   0  41   0  12   0   0   0   0   0  47   0   0   0  0.42 0.05
   88 S     0   1   0   0  -2   0   1  -1  -1  -2  -2   0  -2  -3  -1   3   2  -3  -2  -2    0  13   0   0   0   0  12   0   0   0   0   0   0   0   0  52  23   0   0   0  0.35 0.03
   89 F    -2  -3  -4  -4  -2  -3  -3  -4  -3   3   3  -3   1   2  -3  -3  -1  -2   0   1    0   0   0   0   0   0   0   0   0  30  59   0   0  11   0   0   0   0   0   0  0.40 0.03
   90 D    -1  -1   0   4  -3   0   0   3  -1  -3  -4   2  -3  -4  -2   0  -1  -4  -3  -3    0   0   0  48   0   0   0  30   0   0   0  22   0   0   0   0   0   0   0   0  0.54 0.04
   91 A     2  -2  -3  -3  -1  -2  -2  -2  -3   1   3  -2   1  -1  -2  -1  -1  -2  -1   2   34   0   0   0   0   0   0   0   0   0  48   0   0   0   0   0   0   0   0  18  0.23 0.03
   92 T     0  -1   4   0  -2  -1  -1   1  -1  -2  -2  -1  -2  -3  -2   1   3  -3  -2  -1    0   0  34   0   0   0   0  13   0   0   0   0   0   0   0  10  43   0   0   0  0.39 0.04
   93 G     2  -2  -1  -1  -2  -1  -1   4  -2  -3  -3  -1  -2  -3   3   1  -1  -3  -3  -2   22   0   0   0   0   0   0  46   0   0   0   0   0   0  18  13   0   0   0   0  0.58 0.03
   94 S     0  -2   0  -1  -2  -1  -2   5  -2  -3  -3  -1  -2  -3  -2   2   1  -3  -3  -2    0   0   0   0   0   0   0  66   0   0   0   0   0   0   0  21  13   0   0   0  0.67 0.04
   95 Y     1  -2  -2  -3  -2  -2  -2   2   0  -1  -1  -2  -1   1  -2  -1  -1   0   5   0   23   0   0   0   0   0   0  22   0   0   0   0   0   0   0   0   0   0  41  13  0.32 0.03
   96 A     2  -1   0  -1  -1  -1  -1   1  -1  -3  -3  -1  -2  -3  -1   4   1  -3  -2  -2   11   0   0   0   0   0   0  12   0   0   0   0   0   0   0  77   0   0   0   0  0.46 0.05
   97 Q    -1   1   0  -1  -3   5   1  -2   0  -3  -3   3  -1  -3  -1   0  -1  -3  -2  -3    0   0   0   0   0  64   0   0   0   0   0  36   0   0   0   0   0   0   0   0  0.64 0.06
   98 H    -2  -1  -1  -3  -3  -1  -1  -3   7  -3  -3  -2  -2   0  -3  -2  -2   9   2  -3    0   0   0   0   0   0   0   0  55   0   0   0   0   0   0   0   0  45   0   0  1.38 0.08
   99 L    -1  -2  -2  -3  -1  -2  -3  -3  -2   1   3  -2   1   2  -3  -1   2  -1   0   0    0   0   0   0   0   0   0   0   0   0  64   0   0  13   0   0  23   0   0   0  0.31 0.03
  100 G     0  -2   0  -1  -2  -1  -1   4  -2  -3  -3  -1  -2  -3   2   3   0  -3  -3  -3    0   0   0   0   0   0   0  45   0   0   0   0   0   0  10  45   0   0   0   0  0.55 0.04
  101 G     0  -3  -1  -2  -3  -2  -2   6  -2  -4  -4  -2  -3  -3  -2  -1  -2  -3  -3  -4    0   0   0   0   0   0   0 100   0   0   0   0   0   0   0   0   0   0   0   0  1.19 0.06
  102 P    -1  -3  -2  -2  -3  -2  -2  -3  -3  -3  -3  -1  -3  -4   8  -1  -1  -4  -3  -3    0   0   0   0   0   0   0   0   0   0   0   0   0   0 100   0   0   0   0   0  2.20 0.08
  103 Y    -2  -3  -3  -4  -3  -3  -3  -3   0  -1   0  -3  -1   6  -4  -2  -2   1   5  -1    0   0   0   0   0   0   0   0   0   0   0   0   0  59   0   0   0   0  41   0  0.85 0.06
  104 G     2  -1   0  -1  -2  -1  -1   4  -1  -2  -2   1  -2  -2  -1   1   0  -2  -2  -2   21   1   1   1   0   1   1  42   0   1   1  14   0   1   1  13   1   0   0   1  0.36 0.02
  105 N    -2  -1   6   2  -3   0   0   1   0  -4  -4  -1  -3  -3  -2   0  -1  -4  -3  -3    0   0  73  13   0   0   0  13   0   0   0   0   0   0   0   0   0   0   0   0  0.69 0.05
  106 S     0   0   0  -1  -2   4   1   1  -1  -3  -3   0  -1  -3  -1   3   0  -3  -2  -2    0   0   0   0   0  45   0  13   0   0   0   0   0   0   0  41   0   0   0   0  0.42 0.04
  107 R    -1   4   0  -1  -3   2   1  -2   0  -3  -2   2  -1  -3  -2   0   1  -3  -2  -2    0  52   0   0   0  13  12   0   0   0   0   9   0   0   0   0  13   0   0   0  0.49 0.03
  108 P     0  -1  -1  -1  -2  -1  -1  -1  -1  -1  -2  -1  -1  -2   6   0   1  -2  -2  -1    3   2   2   2   1   2   2   3   1   2   3   2   1   1  53   3  16   0   1   2  0.82 0.02
  109 Q    -1  -1   3   5  -3   1   1  -1  -1  -3  -3   0  -2  -3  -2   1  -1  -4  -3  -3    0   0  23  54   0  11   0   0   0   0   0   0   0   0   0  12   0   0   0   0  0.62 0.04
  110 W    -2  -1  -2  -3  -3  -1  -2  -3   0  -1   0   0  -1   3  -3  -2  -2   7   5  -1    0   0   0   0   0   0   0   0   0   0  13  13   0   9   0   0   0  23  41   0  0.68 0.04
  111 G     0   2   2  -1  -3   2   0   3  -1  -3  -3   1  -2  -3  -2   1  -1  -3  -2  -3    0  18  12   0   0  13   0  34   0   0   0  12   0   0   0  11   0   0   0   0  0.37 0.02
  112 A     2  -2  -3  -3  -1  -2  -2  -2  -3   2   0  -2   0   1  -2  -1  -1  -2  -1   2   34   0   0   0   0   0   0   0   0  32   0   0   0  11   0   0   0   0   0  23  0.20 0.03
  113 G     0  -2   2  -1  -3  -2  -2   6  -2  -4  -4  -2  -3  -3  -2   0  -2  -3  -3  -3    0   0  13   0   0   0   0  87   0   0   0   0   0   0   0   0   0   0   0   0  0.98 0.05
  114 G     1  -2  -2  -3  -1  -2  -2   1  -2   0   3  -2   1  -1  -2   0  -1  -2  -2   0   18   0   0   0   0   0   0  11   0   0  59   0   0   0   0  12   0   0   0   0  0.19 0.03
  115 V     0  -2  -1  -1  -2  -2  -2   5  -2  -2  -2  -2  -2  -3  -2   1   1  -3  -3   0    0   0   0   0   0   0   0  65   0   0   0   0   0   0   0  12  12   0   0  11  0.58 0.03
  116 Y    -2  -2  -3  -4  -2  -2  -3  -4   0   0   3  -2   1   2  -3  -2  -2   0   5   0    0   0   0   0   0   0   0   0   0   0  59   0   0   0   0   0   0   0  41   0  0.48 0.04
  117 T     0  -1   2   0  -1   0  -1  -1  -1  -2  -2  -1  -1  -3  -1   3   3  -3  -2  -1    0   0  13   0   0   0   0   0   0   0   0   0   0   0   0  52  35   0   0   0  0.42 0.04
  118 F    -1  -1  -1  -2  -3  -1  -1  -2   6  -2  -2  -1  -1   2  -3   0  -1   0   4  -2    0   0   0   0   0   0   0   0  45   0   0   0   0  11   0  13   0   0  30   0  0.58 0.05
  119 R    -2   4   4   0  -3   0  -1  -2   3  -3  -3   1  -2  -1  -2   0  -1  -2   2  -3    0  39  35   0   0   0   0   0  11   0   0   0   0   0   0   0   0   0  15   0  0.42 0.03
  120 F    -2  -3  -3  -4  -3  -3  -3  -3  -1   0   0  -3   0   7  -4  -3  -2   1   3  -1    0   0   0   0   0   0   0   0   0   0   0   0   0 100   0   0   0   0   0   0  0.89 0.04

                      K         Lambda
Standard Ungapped    0.1407     0.3212
Standard Gapped      0.0383     0.2670
PSI Ungapped         0.1250     0.3200
PSI Gapped           0.0383     0.2670
