
Last position-specific scoring matrix computed, weighted observed percentages rounded down, information per position, and relative weight of gapless real matches to pseudocounts
            A   R   N   D   C   Q   E   G   H   I   L   K   M   F   P   S   T   W   Y   V   A   R   N   D   C   Q   E   G   H   I   L   K   M   F   P   S   T   W   Y   V
    1 T     0  -1   0  -1  -1  -1  -1  -2  -2  -1  -1  -1  -1  -2  -1   1   5  -3  -2   0    0   0   0   0   0   0   0   0   0   0   0   0   0   0   0   0 100   0   0   0  0.53 0.02
    2 K    -1   3  -1  -1  -3   1   0  -2  -1  -2  -2   4  -1  -3  -2  -1  -1  -3  -2   0    0  22   0   0   0   0   0   0   0   0   0  66   0   0   0   0   0   0   0  13  0.43 0.03
    3 Y    -1  -2   2  -2  -3  -1  -2  -2   1  -2  -2  -2  -2   2  -3   1  -1   1   6  -2    0   0  18   0   0   0   0   0   0   0   0   0   0   0   0  18   0   0  63   0  0.58 0.05
    4 Y    -2  -2  -3  -4  -3  -2  -3  -4   1  -2  -2  -3  -2   3  -4  -2  -2   2   8  -2    0   0   0   0   0   0   0   0   0   0   0   0   0   0   0   0   0   0 100   0  1.25 0.10
    5 G     0  -3  -1  -2  -3  -2  -3   7  -3  -5  -4  -2  -3  -4  -3  -1  -2  -3  -4  -4    0   0   0   0   0   0   0 100   0   0   0   0   0   0   0   0   0   0   0   0  1.23 0.07
    6 N    -2  -1   7   1  -3   0  -1  -1   0  -4  -4  -1  -3  -4  -3   0  -1  -5  -3  -4    0   0 100   0   0   0   0   0   0   0   0   0   0   0   0   0   0   0   0   0  1.02 0.09
    7 G     0  -3  -1  -2  -3  -2  -3   7  -3  -5  -4  -2  -3  -4  -3  -1  -2  -3  -4  -4    0   0   0   0   0   0   0 100   0   0   0   0   0   0   0   0   0   0   0   0  1.23 0.07
    8 V    -1  -3  -4  -4  -1  -3  -3  -4  -4   2   2  -3   1  -1  -3  -2  -1  -3  -2   4    0   0   0   0   0   0   0   0   0   0  23   0   0   0   0   0   0   0   0  77  0.43 0.05
    9 Y    -1  -2  -2  -3  -3  -1  -2  -3   3  -2  -2  -2  -2   2  -3   1   0   1   7  -2    0   0   0   0   0   0   0   0   7   0   0   0   0   0   0  15   8   0  70   0  0.69 0.07
   10 C    -1  -4  -4  -4  10  -4  -5  -3  -4  -2  -2  -4  -2  -3  -4  -2  -2  -3  -3  -1    0   0   0   0 100   0   0   0   0   0   0   0   0   0   0   0   0   0   0   0  1.74 0.11
   11 N    -2  -1   7   1  -3  -1  -1   2   0  -4  -4  -1  -3  -4  -3   0  -1  -4  -3  -4    0   0  86   0   0   0   0  14   0   0   0   0   0   0   0   0   0   0   0   0  0.83 0.07
   12 S    -1   1   2   0  -3   2   0  -2  -1  -3  -3   4  -2  -4  -2   1   0  -3  -2  -3    0   0  15   0   0   9   0   0   0   0   0  60   0   0   0  16   0   0   0   0  0.44 0.05
   13 K    -1   1   1   0  -3   2   2  -2   4  -3  -3   4  -2  -3  -2   0  -1  -3  -1  -3    0   0   6   0   0   8  15   0  21   0   0  43   0   0   0   6   0   0   0   0  0.41 0.04
   14 K    -1   1   0  -1  -3   1   0   2  -1  -3  -3   5  -2  -4  -2   1  -1  -3  -2  -3    0   0   0   0   0   0   0  15   0   0   0  70   0   0   0  14   0   0   0   0  0.46 0.05
   15 C    -1  -4  -3  -4  10  -3  -4  -3  -4  -2  -2  -4  -2  -3  -3  -1   0  -3  -3  -1    0   0   0   0  92   0   0   0   0   0   0   0   0   0   0   0   8   0   0   0  1.50 0.10
   16 W    -1  -3  -2  -3  -2  -2  -2  -2  -2  -3  -2  -2  -2   0  -3   2   1  11   1  -3    0   0   0   0   0   0   0   0   0   0   0   0   0   0   0  24  13  63   0   0  1.47 0.08
   17 V    -1  -3  -4  -4  -1  -3  -3  -4  -4   2   0  -3   0  -1  -3  -2   0  -4  -2   5    0   0   0   0   0   0   0   0   0   0   0   0   0   0   0   0   0   0   0 100  0.55 0.07
   18 D    -2  -2   4   6  -4  -1   1  -1  -1  -4  -4  -1  -3  -4  -2   0  -1  -5  -3  -4    0   0  33  67   0   0   0   0   0   0   0   0   0   0   0   0   0   0   0   0  0.87 0.06
   19 W    -3   1  -4  -4  -3  -2  -3  -3  -3  -3  -2   0  -2   0  -4  -3  -3  12   1  -4    0   9   0   0   0   0   0   0   0   0   0   9   0   0   0   0   0  83   0   0  2.13 0.10
   20 G     1  -2   2  -1  -2  -1  -2   5  -2  -3  -3  -1  -3  -3  -2   1  -1  -3  -3  -3   16   0  14   0   0   0   0  56   0   0   0   0   0   0   0  15   0   0   0   0  0.58 0.04
   21 Q    -1   1   0   0  -3   3   3  -2  -1  -3  -3   3  -2  -3  -1   0   2  -3  -2  -2    0   0   0   0   0  16  33   0   0   0   0  31   0   0   0   0  20   0   0   0  0.42 0.04
   22 A     4  -2   1  -2  -1  -1  -1   0  -2  -2  -2  -1  -1   0  -1   1   0  -3  -2  -1   84   0   9   0   0   0   0   0   0   0   0   0   0   7   0   0   0   0   0   0  0.40 0.06
   23 S     0   0  -1  -1  -2   1  -1  -2  -2   1  -1   2  -1  -2  -2   2   2  -3  -2   0    6   0   0   0   0   6   0   0   0  22   0  21   0   0   0  20  25   0   0   0  0.16 0.03
   24 G     0   1   0  -1  -2   1   0   4  -1  -3  -3   0  -2  -3  -2   0   1  -3  -2  -2    7   9   0   0   0   9   7  45   0   0   1   0   0   0   0   1  17   0   0   1  0.36 0.02
   25 C     0  -2   2  -1   5  -1   1   0  -1   1  -1  -1  -1  -2  -2   0  -1  -3  -2   0   10   0  20   0  19   0  15   6   0  25   1   0   0   0   0   1   1   0   0   1  0.14 0.02
   26 I    -1  -3  -3  -3  -1  -3  -3  -4  -3   5   1  -3   1  -1  -3  -2  -1  -3  -2   3    1   0   0   0   0   0   1   1   0  83   1   0   0   0   0   1   1   0   0   9  0.44 0.05
   27 G     1  -2   1  -1  -2  -1  -1   4  -2  -1  -2  -1  -2  -2  -2   0   0  -2  -2  -1   14   1   9   1   0   1   1  48   0   8   1   1   0   1   1   1  10   0   0   1  0.35 0.02
   28 Q    -1   0   5   0  -3   2   0   2   0  -3  -3   2  -2  -3  -2   0  -1  -3  -2  -3    0   0  46   0   0  19   0  16   0   0   1  14   0   0   0   0   0   0   0   0  0.42 0.04
   29 T    -1  -2   4   1  -2  -1  -1  -2  -1   2  -1  -1  -1  -2  -2   1   1  -4  -2   0    0   0  37   6   0   0   0   0   0  29   0   0   0   0   0  17  10   0   0   0  0.23 0.04
   30 V     1  -2  -2  -2  -1  -2  -2   0  -3   2   0  -2   0  -1  -2   1   1  -3  -2   2   18   0   0   0   0   0   0   8   0  23   0   0   0   0   0  12   8   0   0  32  0.16 0.02
   31 V     2  -3  -3  -3  -1  -2  -2  -2  -3   3   1  -2   2  -1  -2  -1   0  -3  -2   3   30   0   0   0   0   0   0   0   0  24   0   0   9   0   0   0   0   0   0  37  0.24 0.03
   32 G     2  -2   3  -1  -2  -1  -1   3  -1  -1  -1  -1   1  -2  -2   1  -1  -3  -2  -1   24   0  23   0   0   0   0  24   0   7   0   0   9   0   0   7   0   0   0   0  0.19 0.03
   33 G     1  -2   3  -1  -3  -2  -2   5  -2  -4  -4  -1  -3  -4  -2   0  -1  -3  -3  -3    9   0  24   0   0   0   0  67   0   0   0   0   0   0   0   0   0   0   0   0  0.75 0.05
   34 W    -3  -3  -4  -4  -3   0  -3  -3  -3  -1   2  -3   2   0  -4  -3  -2  10   1  -2    0   0   0   0   0   7   0   0   0   0  26   0   9   0   0   0   0  58   0   0  1.32 0.08
   35 L     2  -2  -2  -3  -1  -2  -2  -2  -3   1   1  -2   0  -1  -2   0   2  -3  -2   2   31   0   0   0   0   0   0   0   0  11  20   0   0   0   0   0  22   0   0  16  0.17 0.02
   36 G     0  -2   0  -1  -2  -1  -1   4  -2  -2  -3  -1  -2  -3  -2   2   3  -3  -2  -2    0   0   0   0   0   0   0  37   0   0   0   0   0   0   0  24  40   0   0   0  0.43 0.03
   37 G     0  -3  -1  -2  -3  -2  -3   6  -3  -4  -4  -2  -3  -4  -3  -1  -2  -3  -4  -4    0   0   0   0   0   0   0 100   0   0   0   0   0   0   0   0   0   0   0   0  1.17 0.05
   38 A     2  -2  -1  -2  -2  -2  -2   5  -2  -3  -3  -2  -2  -3  -2   0  -1  -3  -3  -2   25   0   0   0   0   0   0  75   0   0   0   0   0   0   0   0   0   0   0   0  0.76 0.01
   39 I     1  -1   1  -2  -2  -1  -1  -2   3   2   0   0   0  -1  -2  -1  -1  -3  -1   1   22   0  12   0   0   0   0   0  16  39   0  10   0   0   0   0   0   0   0   0  0.08 0.01
   40 P     3  -1  -2  -2  -2   2   0  -1  -2  -2  -2  -1  -2  -3   5   0  -1  -3  -2  -1   45   0   0   0   0  16   0   0   0   0   0   0   0   0  39   0   0   0   0   0  0.68 0.01
   41 G     0  -3  -1  -2  -3  -2  -2   6  -2  -4  -4  -2  -3  -4  -2   0  -2  -3  -3  -4    0   0   0   0   0   0   0 100   0   0   0   0   0   0   0   0   0   0   0   0  1.10 0.02
   42 K    -1   2   0  -1  -3   1   1  -2  -1  -3  -3   5  -2  -3  -1   0  -1  -3  -2  -3    0   0   0   0   0   0   0   0   0   0   0 100   0   0   0   0   0   0   0   0  0.51 0.00
   43 C     0  -3  -3  -4   9  -3  -4  -3  -3  -1  -1  -3  -1  -2  -3  -1  -1  -2  -2  -1    0   0   0   0   0   0   0   0   0   0   0   0   0   0   0   0   0   0   0   0  0.00     0.00

                      K         Lambda
Standard Ungapped    0.1433     0.3199
Standard Gapped      0.0410     0.2670
PSI Ungapped         0.1433     0.3199
PSI Gapped           0.0410     0.2670
