
Last position-specific scoring matrix computed, weighted observed percentages rounded down, information per position, and relative weight of gapless real matches to pseudocounts
            A   R   N   D   C   Q   E   G   H   I   L   K   M   F   P   S   T   W   Y   V   A   R   N   D   C   Q   E   G   H   I   L   K   M   F   P   S   T   W   Y   V
    1 K    -1   3   0  -1  -4   2   1  -2  -1  -3  -3   5  -2  -4  -2  -1  -1  -3  -2  -3    0  18   0   0   0   5   0   0   0   0   0  77   0   0   0   0   0   0   0   0  0.59 0.04
    2 K    -1   3   0  -1  -3   1   0  -2  -1  -3  -3   5  -2  -3  -1   1   0  -3  -2  -3    0  12   3   0   0   0   0   0   0   0   0  72   0   0   0   9   4   0   0   0  0.50 0.04
    3 S     1  -1   0  -1  -1   0  -1  -1  -1  -3  -3  -1  -2  -3  -1   5   2  -3  -2  -2    0   0   0   0   0   0   0   0   0   0   0   0   0   0   0  93   7   0   0   0  0.58 0.06
    4 C    -1  -4  -3  -4  10  -4  -4  -3  -4  -2  -2  -4  -2  -3  -4  -1  -1  -3  -3  -1    0   0   0   0 100   0   0   0   0   0   0   0   0   0   0   0   0   0   0   0  1.69 0.09
    5 H    -2  -1   0  -2  -4   0  -1  -3   9  -4  -4  -1  -2  -2  -3  -1  -2  -3   1  -4    0   0   0   0   0   0   0   0 100   0   0   0   0   0   0   0   0   0   0   0  1.31 0.08
    6 T     0  -2  -1  -2  -1  -1  -1  -2  -2  -1  -2  -1   0  -3   2   1   5  -3  -2  -1    0   0   0   0   0   0   0   0   0   0   0   0   4   0   9   0  87   0   0   0  0.58 0.06
    7 G     1  -3  -1  -2  -3  -2  -2   6  -2  -4  -4  -2  -3  -4  -2   0  -2  -3  -3  -3   10   0   0   0   0   0   0  90   0   0   0   0   0   0   0   0   0   0   0   0  1.04 0.05
    8 L    -1  -3  -3  -4  -1  -2  -3  -4  -3   3   3  -3   2   0  -3  -2  -1  -2   1   2    0   0   0   0   0   0   0   0   0  19  48   0   9   0   0   0   0   0   6  18  0.34 0.02
    9 K     0   1   1  -1  -3  -1  -2   6  -2  -4  -4   0  -3  -4  -3  -1  -2  -3  -3  -4    0  12   8   0   0   0   0  77   0   0   0   3   0   0   0   0   0   0   0   0  0.81 0.04
   10 K    -2   5  -1   0  -3   1   0  -2  -1  -3  -3   3  -2  -3  -2  -1   0   3  -2  -3    0  59   0   6   0   0   0   0   0   0   0  19   0   0   0   0   9   7   0   0  0.54 0.04
   11 S     0  -1   1  -1  -1  -1  -1  -1  -1  -1  -2  -1  -1  -3  -1   3   4  -3  -2  -1    0   0   6   0   0   0   0   0   0   6   0   0   0   0   0  50  38   0   0   0  0.38 0.04
   12 A     4  -2  -2  -2  -1  -1  -1   0  -2   0  -1  -1  -1  -2  -1   1   0  -3  -2   1   83   0   0   0   0   0   0   0   0   0   0   0   0   0   0   0   0   0   0  17  0.41 0.04
   13 G     0  -3  -1  -2  -3  -2  -3   6  -3  -4  -4  -2  -3  -4  -3  -1  -2  -3  -4  -4    0   0   0   0   0   0   0 100   0   0   0   0   0   0   0   0   0   0   0   0  1.21 0.06
   14 W    -3  -4  -5  -5  -3  -3  -4  -3  -3  -3  -2  -4  -2   0  -5  -4  -3  12   2  -4    0   0   0   0   0   0   0   0   0   0   0   0   0   0   0   0   0 100   0   0  2.82 0.10
   15 V    -2  -1   5   0  -3  -1  -1  -1   0   0  -2   0  -2  -2  -2   0   1  -3   0   0    0   0  66   0   0   0   0   0   0   6   0   3   0   0   0   0   9   0   4  11  0.43 0.04
   16 I    -1  -3  -4  -4  -1  -3  -3  -4  -4   5   1  -3   1  -1  -3  -3  -1  -3  -2   3    0   0   0   0   0   0   0   0   0  67   0   0   0   0   0   0   0   0   0  33  0.47 0.04
   17 P    -1  -3  -3  -2  -3  -2  -2  -3  -3  -1  -3  -2  -3  -4   8  -1  -2  -4  -3  -2    0   0   0   0   0   0   0   0   0   7   0   0   0   0  93   0   0   0   0   0  1.97 0.07
   18 I    -1  -3  -3  -4  -1  -2  -3  -4  -3   4   2  -3   3   0  -3  -2  -1  -3  -2   3    0   0   0   0   0   0   0   0   0  48  10   0  18   0   0   0   0   0   0  24  0.37 0.03
   19 G     0  -2  -1  -2  -3  -2  -2   6  -2  -4  -4  -2  -3  -2  -2   1  -1  -2   0  -3    4   0   0   0   0   0   0  80   0   0   0   0   0   0   0  10   0   0   6   0  0.85 0.04
   20 T    -1  -2  -2  -3  -2  -2  -2  -3  -2   1   2  -1   1   2  -2  -1   2  -1   1   0    0   0   0   0   0   0   0   0   0  11  35   4   0   9   0   0  33   0   8   0  0.19 0.02
   21 L    -2  -3  -4  -4  -2  -3  -3  -4  -3   2   4  -3   2   0  -3  -3  -1  -2  -1   1    0   0   0   0   0   0   0   0   0  13  87   0   0   0   0   0   0   0   0   0  0.53 0.04
   22 V    -1  -2  -3  -3  -1  -2  -3  -3  -2   2   2  -2   1   2  -3  -1   0  -1   2   2    0   0   0   0   0   0   0   0   0   3  29   0   0  13   0   3   9   0  11  33  0.22 0.02
   23 K     0  -1   2   1   2   0   1  -1   2  -3  -3   1  -2  -3   2   2   1  -3  -2  -2    0   0  11   8   8   0  13   0   6   0   0  11   0   0   9  24   8   0   0   0  0.26 0.02
   24 N    -1   2   2  -1  -2   0   0  -2  -1  -2  -2   2   0  -3   1   1   2  -3  -2  -1    0  16  13   0   0   0   4   0   0   0   0  17   7   0   5  18  16   0   0   4  0.21 0.02
   25 G     0  -1   0   2  -3   1   2   4  -1  -4  -4   0  -2  -3  -2   1  -1  -3  -3  -3    0   0   0  16   0   7  14  40   0   0   0   6   0   0   0  17   0   0   0   0  0.43 0.03
   26 I    -1   1  -1   0  -2   3   0  -3   2   1   1   0   0   0  -2  -1  -1  -2  -1   0    6   8   0   7   0  29   0   0   7  13  24   0   0   6   0   0   0   0   0   0  0.12 0.02
   27 I    -2  -3  -4  -4  -2  -3  -4  -4  -4   4   3  -3   1   0  -3  -3  -1  -3  -2   2    0   0   0   0   0   0   0   0   0  65  35   0   0   0   0   0   0   0   0   0  0.46 0.04
   28 V     0  -2  -1  -2  -1  -1  -2  -2  -2   2   0  -2   0  -1  -2   2   1  -3  -2   3    0   0   0   0   0   0   0   0   0   0   0   0   0   0   0  36   0   0   0  64  0.19 0.00
   29 R    -1   5   0  -1  -4   1   0  -2  -1  -3  -3   4  -1  -3  -2  -1  -1  -3  -2  -3    0  50   0   0   0   0   0   0   0   0   0  50   0   0   0   0   0   0   0   0  0.56 0.00

                      K         Lambda
Standard Ungapped    0.1390     0.3205
Standard Gapped      0.0416     0.2670
PSI Ungapped         0.1359     0.3164
PSI Gapped           0.0416     0.2670
