
Last position-specific scoring matrix computed, weighted observed percentages rounded down, information per position, and relative weight of gapless real matches to pseudocounts
            A   R   N   D   C   Q   E   G   H   I   L   K   M   F   P   S   T   W   Y   V   A   R   N   D   C   Q   E   G   H   I   L   K   M   F   P   S   T   W   Y   V
    1 G     0  -3  -1  -2  -3  -2  -3   7  -3  -4  -4  -2  -3  -4  -3  -1  -2  -3  -4  -4    0   0   0   0   0   0   0 100   0   0   0   0   0   0   0   0   0   0   0   0  1.20 0.05
    2 F    -3  -4  -4  -4   2  -4  -4  -4  -2  -1   0  -4   0   7  -4  -3  -3   1   3  -1    0   0   0   0   6   0   0   0   0   0   0   0   0  94   0   0   0   0   0   0  0.90 0.06
    3 G     0  -3  -1  -2  -3  -2  -3   7  -3  -4  -4  -2  -3  -4  -3  -1  -2  -3  -4  -4    0   0   0   0   0   0   0 100   0   0   0   0   0   0   0   0   0   0   0   0  1.20 0.05
    4 C    -1  -4  -3  -4  10  -4  -5  -3  -4  -2  -2  -4  -2  -3  -4  -1  -1  -3  -3  -1    0   0   0   0 100   0   0   0   0   0   0   0   0   0   0   0   0   0   0   0  1.65 0.08
    5 P    -1  -3  -3  -2  -4  -2  -2  -3  -3  -3  -4  -2  -3  -4   8  -1  -2  -4  -4  -3    0   0   0   0   0   0   0   0   0   0   0   0   0   0 100   0   0   0   0   0  2.21 0.07
    6 F    -1   0  -2  -3  -2  -2  -2   3  -2  -1   1  -2   0   3  -3  -1  -2   4   0  -1    1   7   0   0   0   0   0  34   0   0  27   0   0  20   0   1   0   6   0   0  0.24 0.02
    7 N    -2  -1   5   4  -3   0   0  -1   0  -4  -4  -1  -3  -4  -2   1   0  -4  -3  -3    0   0  60  30   0   0   0   0   0   0   0   0   0   0   0  10   0   0   0   0  0.68 0.04
    8 Q     0   1   1   0  -3   5   3  -2   0  -3  -3   1  -1  -4  -2   0  -1  -3  -2  -2   10   6   7   0   0  51  26   0   0   0   0   0   0   0   0   0   0   0   0   0  0.50 0.04
    9 G    -1   0   1  -2  -3  -1  -2   2   0  -2  -1   0   1   1  -3  -1  -1   0   5  -2    0   7   9   0   0   0   0  23   0   0   7  10   7   0   0   0   0   0  37   0  0.25 0.03
   10 A     1   1  -1   0  -3   4   3  -2  -1  -3  -3   3  -1  -3  -1   0  -1  -3  -2  -2   23   0   0   0   0  30  22   0   0   0   0  24   0   0   0   0   0   0   0   0  0.38 0.03
   11 C    -1  -4  -3  -4  10  -4  -5  -3  -4  -2  -2  -4  -2  -3  -4  -1  -1  -3  -3  -1    0   0   0   0 100   0   0   0   0   0   0   0   0   0   0   0   0   0   0   0  1.65 0.08
   12 H    -2  -1   3  -1  -3   0  -1  -2   8  -4  -4  -1  -2  -2  -3   1  -1  -3   1  -4    0   0  21   0   0   0   0   0  69   0   0   0   0   0   0  10   0   0   0   0  0.79 0.06
   13 R     0   4   3   0  -3   0   1  -1   0  -3  -3   1  -2  -3  -2   2   0  -3  -2  -3    9  37  24   0   0   0  10   0   0   0   0   0   0   0   0  20   0   0   0   0  0.36 0.03
   14 H    -2  -1   0  -2  -4   0  -1  -3   9  -4  -4  -1  -2  -2  -3  -1  -2  -3   1  -4    0   0   0   0   0   0   0   0 100   0   0   0   0   0   0   0   0   0   0   0  1.27 0.08
   15 C    -1  -4  -3  -4  10  -4  -5  -3  -4  -2  -2  -4  -2  -3  -4  -1  -1  -3  -3  -1    0   0   0   0 100   0   0   0   0   0   0   0   0   0   0   0   0   0   0   0  1.65 0.08
   16 R    -1   4  -1  -1  -3   3   0  -2  -1  -2  -1   3  -1  -3  -2  -1  -1  -3  -2  -2    0  40   0   0   0  21   0   0   0   0   9  31   0   0   0   0   0   0   0   0  0.46 0.03
   17 S     2  -1   0  -1  -1  -1  -1  -1  -1  -3  -3  -1  -2  -3  -1   5   2  -3  -2  -2   10   0   0   0   0   0   0   0   0   0   0   0   0   0   0  83   7   0   0   0  0.50 0.05
   18 I    -2  -3  -4  -4  -2  -3  -4  -4  -4   5   2  -3   1   0  -3  -3  -1  -3  -2   3    0   0   0   0   0   0   0   0   0  80  10   0   0   0   0   0   0   0   0  10  0.48 0.04
   19 G     0   1  -1  -2  -3  -2  -2   6  -2  -4  -4  -1  -3  -4  -2   0  -2  -3  -3  -4    0  12   0   0   0   0   0  81   0   0   0   0   0   0   0   7   0   0   0   0  0.86 0.04
   20 R    -2   5  -1  -3   5   0  -1  -3  -1  -3  -2   1  -2  -2  -3  -1  -2  -2   1  -2    0  69   0   0  21   0   0   0   0   0   0   0   0   0   0   0   0   0  10   0  0.61 0.05
   21 R    -1   4  -1  -2   2   0   0  -2  -1  -2  -1   3  -1  -3  -2   0   1  -3  -2  -2    0  44   0   0   7   0   0   0   0   0   6  26   0   0   0   7  10   0   0   0  0.36 0.03
   22 G     2  -3  -1  -2  -2  -2  -2   5  -2  -3  -3  -2  -2   2  -2   0  -2  -2  -1  -2   21   0   0   0   0   0   0  63   0   0   0   0   0  16   0   0   0   0   0   0  0.60 0.03
   23 G     0  -3  -1  -2  -3  -2  -3   7  -3  -4  -4  -2  -3  -4  -3  -1  -2  -3  -4  -4    0   0   0   0   0   0   0 100   0   0   0   0   0   0   0   0   0   0   0   0  1.20 0.05
   24 Y    -2  -2  -3  -4  -3  -2  -3  -4   1  -2  -1  -3  -1   4  -4  -2  -2   2   8  -2    0   0   0   0   0   0   0   0   0   0   0   0   0   9   0   0   0   0  91   0  1.09 0.07
   25 C    -1  -4  -3  -4  10  -4  -5  -3  -4  -2  -2  -4  -2  -3  -4  -1  -1  -3  -3  -1    0   0   0   0 100   0   0   0   0   0   0   0   0   0   0   0   0   0   0   0  1.65 0.08
   26 A     3  -2   0   3  -2  -1   0   2  -2  -2  -3  -1  -2  -3  -1   1   0  -3  -3  -1   50   0   0  23   0   0   0  14   0   0   0   0   0   0   0  13   0   0   0   0  0.34 0.03
   27 G     2  -3  -1  -2  -2  -2  -2   6  -2  -4  -4  -2  -3  -3  -2   0  -2  -3  -3  -3   21   0   0   0   0   0   0  79   0   0   0   0   0   0   0   0   0   0   0   0  0.88 0.04
   28 L    -1  -2  -2  -3  -2  -2  -2  -3  -3   1   1  -2   0   1   4   0   1   4  -1   1    0   0   0   0   0   0   0   0   0   6  21   0   0   6  25   6  15   7   0  13  0.34 0.02
   29 F    -2  -2  -3  -3  -2  -2  -3   0   1   1   3  -3   1   2  -3  -2  -2  -1   2   0    0   0   0   0   0   0   0  10   7   6  56   0   0  10   0   0   0   0  10   0  0.24 0.02
   30 K    -2   4  -1  -2  -4   0   0  -3   3  -3  -3   3  -2  -2  -2  -1  -2   7   0  -3    0  39   0   0   0   0   0   0  10   0   0  30   0   0   0   0   0  21   0   0  0.64 0.04
   31 Q     0  -1  -2  -2  -2   2  -1  -3  -2   0   3  -1   1  -1   4  -1  -1  -3  -2   0    9   0   0   0   0  23   0   0   0   0  48   0   0   0  20   0   0   0   0   0  0.31 0.03
   32 T    -1   4   0  -2  -2   0  -1  -2  -1  -2  -2   1  -1  -3  -2   1   4  -3  -2  -1    0  38   0   0   0   0   0   0   0   0   0   0   0   0   0   0  62   0   0   0  0.47 0.04
   33 C    -1  -4  -3  -4  10  -4  -5  -3  -4  -2  -2  -4  -2  -3  -4  -1  -1  -3  -3  -1    0   0   0   0 100   0   0   0   0   0   0   0   0   0   0   0   0   0   0   0  1.65 0.08
   34 T     0  -1  -1  -2  -1  -1  -1  -2  -2   0  -1   1  -1  -3  -2   1   5  -3  -2   0    0   0   0   0   0   0   0   0   0   7   0  10   0   0   0   0  83   0   0   0  0.47 0.05
   35 C    -1  -4  -3  -4  10  -4  -5  -3  -4  -2  -2  -4  -2  -3  -4  -1  -1  -3  -3  -1    0   0   0   0 100   0   0   0   0   0   0   0   0   0   0   0   0   0   0   0  1.65 0.08
   36 Y    -2  -2  -3  -4  -3  -2  -2  -4   2  -2  -1  -2  -1   3  -3  -2  -2   2   8  -2    0   0   0   0   0   0   0   0   0   0   0   0   0   0   0   0   0   0 100   0  1.00 0.03
   37 S     1  -1   1   0  -1   0   0   0  -1  -2  -3   0  -2  -2  -1   4   1  -3  -2  -2    0   0   0   0   0   0   0   0   0   0   0   0   0   0   0   0   0   0   0   0  0.00     0.00
   38 R    -1   6   0  -2  -3   1   0  -2   0  -3  -2   2  -1  -3  -2  -1  -1  -3  -2  -3    0   0   0   0   0   0   0   0   0   0   0   0   0   0   0   0   0   0   0   0  0.00     0.00

                      K         Lambda
Standard Ungapped    0.1479     0.3339
Standard Gapped      0.0410     0.2670
PSI Ungapped         0.1479     0.3339
PSI Gapped           0.0410     0.2670
