
Last position-specific scoring matrix computed, weighted observed percentages rounded down, information per position, and relative weight of gapless real matches to pseudocounts
           A  R  N  D  C  Q  E  G  H  I  L  K  M  F  P  S  T  W  Y  V   A   R   N   D   C   Q   E   G   H   I   L   K   M   F   P   S   T   W   Y   V
    1 V    0 -3 -3 -3 -1 -2 -3 -3 -3  3  1 -2  1 -1 -3 -2  0 -3 -1  4    0   0   0   0   0   0   0   0   0   0   0   0   0   0   0   0   0   0   0 100  0.35 0.00
    2 L   -2 -2 -4 -4 -1 -2 -3 -4 -3  2  4 -3  2  0 -3 -3 -1 -2 -1  1    0   0   0   0   0   0   0   0   0   0 100   0   0   0   0   0   0   0   0   0  0.46 0.00
    3 L   -2 -3 -3 -4 -2 -3 -3 -4 -2  1  3 -3  1  5 -4 -3 -2  0  2  0    0   0   0   0   0   0   0   0   0   0  50   0   0  50   0   0   0   0   0   0  0.43 0.00
    4 F   -2 -3 -3 -4 -3 -3 -4 -3 -1  0  0 -3  0  7 -4 -3 -2  1  3 -1    0   0   0   0   0   0   0   0   0   0   0   0   0 100   0   0   0   0   0   0  0.74 0.00
    5 L   -2 -2 -4 -4 -1 -2 -3 -4 -3  2  4 -3  2  0 -3 -3 -1 -2 -1  1    0   0   0   0   0   0   0   0   0   0 100   0   0   0   0   0   0   0   0   0  0.46 0.00
    6 F   -2 -3 -3 -4 -3 -3 -4 -3 -1  0  0 -3  0  7 -4 -3 -2  1  3 -1    0   0   0   0   0   0   0   0   0   0   0   0   0 100   0   0   0   0   0   0  0.74 0.00
    7 Q   -1  1  0  0 -3  6  2 -2  0 -3 -2  1 -1 -4 -1  0 -1 -2 -2 -2    0   0   0   0   0 100   0   0   0   0   0   0   0   0   0   0   0   0   0   0  0.68 0.01
    8 A    4 -2 -2 -2  0 -1 -1  0 -2 -1 -2 -1 -1 -2 -1  1  0 -3 -2  0  100   0   0   0   0   0   0   0   0   0   0   0   0   0   0   0   0   0   0   0  0.42 0.01
    9 A    4 -2 -2 -2  0 -1 -1  0 -2 -1 -2 -1 -1 -2 -1  1  0 -3 -2  0  100   0   0   0   0   0   0   0   0   0   0   0   0   0   0   0   0   0   0   0  0.42 0.01
   10 P   -1 -2 -2 -2 -3 -1 -1 -2 -2 -3 -3 -1 -3 -4  8 -1 -1 -4 -3 -3    0   0   0   0   0   0   0   0   0   0   0   0   0   0 100   0   0   0   0   0  2.06 0.01
   11 G    3 -2 -1 -2 -2 -1 -2  5 -2 -3 -3 -1 -2 -3 -2  0 -1 -3 -3 -2   40   0   0   0   0   0   0  60   0   0   0   0   0   0   0   0   0   0   0   0  0.59 0.00
   12 S    0 -1  0 -1 -2 -1 -1 -1  0 -2 -2 -1 -1  1 -2  3  1  0  5 -2    0   0   0   0   0   0   0   0   0   0   0   0   0   0   0  60   0   0  40   0  0.35 0.01
   13 A    3 -1 -1 -1 -1 -1 -1  0 -1 -2 -2 -1 -1 -3 -1  3  1 -3 -2 -1   60   0   0   0   0   0   0   0   0   0   0   0   0   0   0  40   0   0   0   0  0.35 0.00
   14 D   -1  0  1  5 -4  4  2 -2  0 -3 -3  0 -2 -4 -2  0 -1 -3 -3 -3    0   0   0  60   0  40   0   0   0   0   0   0   0   0   0   0   0   0   0   0  0.63 0.01
   15 A    2 -1 -1  0 -2  1  3 -1 -1 -3 -3  0 -2 -3  5  0 -1 -3 -2 -2   30   0   0   0   0   0  40   0   0   0   0   0   0   0  30   0   0   0   0   0  0.58 0.00
   16 P   -2 -2  0  4 -3 -1  0 -2 -2 -1  1 -1  0 -2  4 -1 -1 -3 -3 -1    0   0   0  40   0   0   0   0   0   0  30   0   0   0  30   0   0   0   0   0  0.50 0.00
   17 F   -1 -1 -1 -2 -2 -1 -1 -2 -1  0  0 -2  0  5 -1 -1 -1  1  2 -1    3   2   2   2   1   2   3   3   1   2   4   2   1  61   2   3   2   1   1   3  0.27 0.00
   18 A    3 -2 -2 -2 -1 -1 -1  0 -2 -2 -2 -1 -1 -3  5  1  0 -3 -2 -1   70   0   0   0   0   0   0   0   0   0   0   0   0   0  30   0   0   0   0   0  0.59 0.00
   19 D   -2 -2  1  6 -4  0  2 -1 -1 -3 -4 -1 -3 -4 -2  0 -1 -5 -3 -3    0   0   0 100   0   0   0   0   0   0   0   0   0   0   0   0   0   0   0   0  0.95 0.01
   20 T    0 -1  0 -1 -1 -1 -1 -2 -2 -1 -1 -1 -1 -2 -1  1  5 -3 -2  0    0   0   0   0   0   0   0   0   0   0   0   0   0   0   0   0 100   0   0   0  0.49 0.01
   21 A    2 -2 -3 -3 -1 -2 -2 -2 -3  1  2 -2  1 -1 -2 -1 -1 -2 -1  2   30   0   0   0   0   0   0   0   0   0  40   0   0   0   0   0   0   0   0  30  0.19 0.00
   22 A    4 -2 -2 -2  0 -1 -1  0 -2 -1 -2 -1 -1 -2 -1  1  0 -3 -2  0  100   0   0   0   0   0   0   0   0   0   0   0   0   0   0   0   0   0   0   0  0.42 0.01
   23 C   -1 -4 -3 -4  9 -3 -4 -3 -3 -1 -1 -3 -2 -3 -3 -1 -1 -3 -3 -1    0   0   0   0 100   0   0   0   0   0   0   0   0   0   0   0   0   0   0   0  1.26 0.01
   24 R   -2  6 -1 -2 -4  1  0 -3  0 -3 -2  2 -2 -3 -2 -1 -1 -3 -2 -3    0 100   0   0   0   0   0   0   0   0   0   0   0   0   0   0   0   0   0   0  0.77 0.01
   25 S    0  0  0 -1 -2  4  1 -1 -1 -2 -2  0 -1 -3 -1  2  3 -3 -2 -1    0   0   0   0   0  40   0   0   0   0   0   0   0   0   0  30  30   0   0   0  0.34 0.00
   26 Q    0  0  0  0 -2  5  1 -1  0 -3 -3  1 -1 -3 -1  2  0 -2 -2 -2    0   0   0   0   0  60   0   0   0   0   0   0   0   0   0  40   0   0   0   0  0.44 0.01
   27 G   -1 -1  0 -1 -3 -1 -1  5  6 -4 -4 -1 -2 -2 -2 -1 -2 -3  0 -3    0   0   0   0   0   0   0  60  40   0   0   0   0   0   0   0   0   0   0   0  0.66 0.01
   28 N   -1 -1  5  1 -3 -1 -1  4  0 -4 -4 -1 -3 -3 -2  0 -1 -3 -3 -3    0   0  60   0   0   0   0  40   0   0   0   0   0   0   0   0   0   0   0   0  0.60 0.00
   29 F    0 -2 -1 -2 -2 -2 -2 -2 -1 -1  0 -2 -1  5 -2  2  0  0  2 -1    0   0   0   0   0   0   0   0   0   0   0   0   0  60   0  40   0   0   0   0  0.33 0.00
   30 C   -1 -4 -3 -4  9 -3 -4 -3 -3 -1 -1 -3 -2 -3 -3 -1 -1 -3 -3 -1    0   0   0   0 100   0   0   0   0   0   0   0   0   0   0   0   0   0   0   0  1.26 0.01
   31 R    0  5  0 -1 -2  1  0 -1 -1 -3 -3  1 -2 -3 -2  2  0 -3 -2 -2    0  60   0   0   0   0   0   0   0   0   0   0   0   0   0  40   0   0   0   0  0.45 0.00
   32 A    3 -2 -2 -3 -1 -2 -2 -1 -2 -1 -1 -2 -1  4 -2  0 -1 -1  1 -1   60   0   0   0   0   0   0   0   0   0   0   0   0  40   0   0   0   0   0   0  0.27 0.00
   33 G    0 -3 -1 -2 -2 -2 -2  5 -3  0 -1 -2 -1 -2 -2 -1 -1 -3 -2  2    0   0   0   0   0   0   0  60   0   0   0   0   0   0   0   0   0   0   0  40  0.43 0.00
   34 A    4 -2 -2 -2  0 -1 -1  0 -2 -1 -2 -1 -1 -2 -1  1  0 -3 -2  0  100   0   0   0   0   0   0   0   0   0   0   0   0   0   0   0   0   0   0   0  0.42 0.01
   35 C   -1 -4 -3 -4  9 -3 -4 -3 -3 -1 -1 -3 -2 -3 -3 -1 -1 -3 -3 -1    0   0   0   0 100   0   0   0   0   0   0   0   0   0   0   0   0   0   0   0  1.26 0.01
   36 P   -1  3 -1 -2 -3  0 -1 -2 -1 -3 -3  1 -2 -4  7 -1 -1 -4 -3 -3    0  40   0   0   0   0   0   0   0   0   0   0   0   0  60   0   0   0   0   0  1.14 0.01
   37 P    2 -2 -2 -2 -2 -1 -1 -1 -2 -2 -2 -1 -2 -3  7  0 -1 -3 -3 -1   40   0   0   0   0   0   0   0   0   0   0   0   0   0  60   0   0   0   0   0  1.07 0.01
   38 T    0 -2 -1 -1 -2 -1 -1 -2 -2 -2 -2 -1 -1 -3  5  1  4 -3 -2 -1    0   0   0   0   0   0   0   0   0   0   0   0   0   0  40   0  60   0   0   0  0.76 0.01
   39 F    0 -2 -1 -2 -2 -2 -2 -2 -1 -1  0 -2 -1  5 -2  2  0  0  2 -1    0   0   0   0   0   0   0   0   0   0   0   0   0  60   0  40   0   0   0   0  0.33 0.00
   40 A    2 -2 -2 -2 -1 -1 -2 -2 -2  1  0 -1  0 -2 -2  0  2 -3 -2  2   30   0   0   0   0   0   0   0   0   0   0   0   0   0   0   0  30   0   0  40  0.20 0.00
   41 A    1 -2  0  4 -2 -1  0 -1 -2  1 -1 -1 -1 -2 -2  0 -1 -3 -2  0   30   0   0  40   0   0   0   0   0  30   0   0   0   0   0   0   0   0   0   0  0.21 0.00
   42 S    0 -2  0 -1 -1 -1 -1 -1 -2  2  0 -1  0 -1 -2  3  1 -3 -2  1    0   0   0   0   0   0   0   0   0  40   0   0   0   0   0  60   0   0   0   0  0.18 0.00
   43 G    0 -3  0 -1 -3 -2 -2  6 -2 -4 -4 -2 -3 -3 -2  0 -2 -3 -3 -3    0   0   0   0   0   0   0 100   0   0   0   0   0   0   0   0   0   0   0   0  1.05 0.01
   44 S    0  0  0 -1 -1  3  0 -1 -1 -2 -2  0 -1 -3 -1  2  3 -3 -2 -1    0   0   0   0   0  30   0   0   0   0   0   0   0   0   0  30  40   0   0   0  0.33 0.00
   45 C   -1 -4 -3 -4  9 -3 -4 -3 -3 -1 -1 -3 -2 -3 -3 -1 -1 -3 -3 -1    0   0   0   0 100   0   0   0   0   0   0   0   0   0   0   0   0   0   0   0  1.26 0.01
   46 H   -2  4  0 -1 -3  1  0 -2  7 -3 -3  1 -2 -2 -2 -1 -2 -3  1 -3    0  40   0   0   0   0   0   0  60   0   0   0   0   0   0   0   0   0   0   0  0.62 0.01
   47 G    0 -3  0 -1 -3 -2 -2  6 -2 -4 -4 -2 -3 -3 -2  0 -2 -3 -3 -3    0   0   0   0   0   0   0 100   0   0   0   0   0   0   0   0   0   0   0   0  1.05 0.01
   48 G    0 -3  0 -1 -3 -2 -2  6 -2 -4 -4 -2 -3 -3 -2  0 -2 -3 -3 -3    0   0   0   0   0   0   0 100   0   0   0   0   0   0   0   0   0   0   0   0  1.05 0.01
   49 L   -1  0 -2 -2 -2  0 -1 -3 -2  0  3  2  1 -1 -2 -1 -1 -2 -1  0    0   0   0   0   0   0   0   0   0   0  60  40   0   0   0   0   0   0   0   0  0.20 0.00
   50 L   -2 -2 -4 -4 -1 -2 -3 -4 -3  2  4 -3  2  0 -3 -3 -1 -2 -1  1    0   0   0   0   0   0   0   0   0   0 100   0   0   0   0   0   0   0   0   0  0.47 0.00
   51 N   -1  1  5  1 -3  1  0 -1  0 -3 -3  3 -2 -3 -2  0  0 -4 -2 -3    0   0  60   0   0   0   0   0   0   0   0  40   0   0   0   0   0   0   0   0  0.48 0.01
   52 C   -1 -4 -3 -4  9 -3 -4 -3 -3 -1 -1 -3 -2 -3 -3 -1 -1 -3 -3 -1    0   0   0   0 100   0   0   0   0   0   0   0   0   0   0   0   0   0   0   0  1.26 0.01
   53 C   -1 -4 -3 -4  9 -3 -4 -3 -3 -1 -1 -3 -2 -3 -3 -1 -1 -3 -3 -1    0   0   0   0 100   0   0   0   0   0   0   0   0   0   0   0   0   0   0   0  1.26 0.01
   54 A    4 -2 -2 -2  0 -1 -1  0 -2 -1 -2 -1 -1 -2 -1  1  0 -3 -2  0  100   0   0   0   0   0   0   0   0   0   0   0   0   0   0   0   0   0   0   0  0.40 0.01
   55 K   -1  2  0 -1 -3  1  1 -2 -1 -3 -3  5 -1 -3 -1  0 -1 -3 -2 -2    0   0   0   0   0   0   0   0   0   0   0 100   0   0   0   0   0   0   0   0  0.51 0.00

                      K         Lambda
Standard Ungapped    0.1366     0.3269
Standard Gapped      0.0410     0.2670
PSI Ungapped         0.1366     0.3269
PSI Gapped           0.0410     0.2670
