
Last position-specific scoring matrix computed, weighted observed percentages rounded down, information per position, and relative weight of gapless real matches to pseudocounts
            A   R   N   D   C   Q   E   G   H   I   L   K   M   F   P   S   T   W   Y   V   A   R   N   D   C   Q   E   G   H   I   L   K   M   F   P   S   T   W   Y   V
    1 G     1  -2  -1  -1  -2  -1  -2   5  -2  -4  -4   0  -3  -3  -2   1  -1  -3  -3  -3    7   0   0   0   0   0   0  71   0   0   0   6   0   0   0  16   0   0   0   0  0.74 0.04
    2 V    -2  -3  -4  -4  -2  -3  -4  -4  -4   5   2  -3   1   0  -3  -2   0  -3  -1   3    0   0   0   0   0   0   0   0   0  74   5   0   0   3   0   0   4   0   0  13  0.44 0.05
    3 P     0  -2  -2  -2  -3  -2  -1  -1  -3  -3  -3  -1  -3  -4   8   1  -1  -4  -3  -3   10   0   0   0   0   0   0   3   0   0   0   0   0   0  76  11   0   0   0   0  1.52 0.06
    4 C    -1  -4  -4  -4  10  -4  -5  -3  -4  -2  -2  -4  -2  -3  -4  -2  -2  -3  -3  -2    0   0   0   0 100   0   0   0   0   0   0   0   0   0   0   0   0   0   0   0  1.79 0.10
    5 G     2  -3  -1  -2  -3  -2  -2   6  -3  -4  -4  -2  -3  -4  -2   0  -2  -3  -3  -3   20   0   0   0   0   0   0  80   0   0   0   0   0   0   0   0   0   0   0   0  0.92 0.05
    6 E    -1  -1  -1   1  -5   2   6  -3  -1  -4  -4   0  -3  -4  -2  -1  -1  -4  -3  -3    0   0   0   0   0   0 100   0   0   0   0   0   0   0   0   0   0   0   0   0  0.98 0.08
    7 S     1  -1   0  -1  -1  -1  -1  -1  -1  -3  -3  -1  -2  -3  -1   5   2  -4  -2  -2    0   0   0   0   0   0   0   0   0   0   0   0   0   0   0  96   4   0   0   0  0.63 0.07
    8 C    -1  -4  -4  -4  10  -4  -5  -3  -4  -2  -2  -4  -2  -3  -4  -2  -2  -3  -3  -2    0   0   0   0 100   0   0   0   0   0   0   0   0   0   0   0   0   0   0   0  1.79 0.10
    9 V     1  -3  -3  -4  -1  -3  -3  -3  -4   2   0  -3   0  -1  -3  -2   0  -3  -2   5    9   0   0   0   0   0   0   0   0   2   0   0   0   0   0   0   0   0   0  89  0.46 0.06
   10 F    -3  -3  -4  -4  -3  -3  -3  -4   0  -2  -1  -3   1   5  -4  -3  -3   9   5  -2    0   0   0   0   0   0   0   0   0   0   0   0   5  28   0   0   0  33  34   0  1.11 0.06
   11 I    -2  -4  -4  -4  -2  -3  -4  -5  -4   6   2  -3   1  -1  -3  -3  -1  -3  -2   2    0   0   0   0   0   0   0   0   0  94   6   0   0   0   0   0   0   0   0   0  0.60 0.07
   12 P    -1  -3  -3  -2  -3  -2  -2  -3  -3  -4  -4  -2  -3  -4   8   0  -1  -5  -4  -3    0   0   0   0   0   0   0   0   0   0   0   0   0   0  95   5   0   0   0   0  2.09 0.08
   13 C    -1  -4  -4  -4  10  -4  -5  -3  -4  -2  -2  -4  -2  -3  -4  -2  -2  -3  -3  -2    0   0   0   0 100   0   0   0   0   0   0   0   0   0   0   0   0   0   0   0  1.79 0.10
   14 I    -1  -3  -4  -4  -2  -3  -3  -4  -3   4   2  -3   1   3  -3  -2  -1  -2   0   3    4   0   0   0   0   0   0   0   0  51  11   0   0  16   0   0   0   0   0  17  0.34 0.03
   15 T     0  -1   0  -1  -1  -1  -1  -2  -2  -1  -2  -1  -1  -3  -1   3   5  -3  -2  -1    0   0   0   0   0   0   0   0   0   0   0   0   0   0   0  25  72   0   0   0  0.53 0.06
   16 G     2  -1   0  -1  -1   0   0   1   1  -2  -2   0  -1  -2  -1   2   1  -3  -2  -1   29   0   0   0   0   0   6  12   4   0   1   2   0   0   0  30  12   0   0   1  0.24 0.02
   17 V     1  -2  -3  -3  -1  -2  -2  -2  -3   2   2  -2   1  -1  -2  -1   0  -3  -1   3   18   0   0   0   0   0   0   0   0  17  26   0   2   0   0   0   2   0   0  33  0.21 0.02
   18 I     0  -3  -3  -3  -1  -2  -3  -3  -3   3   2  -3   1   1   1  -2  -1  -2  -1   3    9   0   0   0   0   0   0   0   0  31  21   0   2   5   7   0   0   0   0  24  0.24 0.02
   19 G     0  -3   1  -2  -3  -2  -3   6  -2  -5  -4  -2  -3  -4  -3  -1  -2  -3  -4  -4    0   0   6   0   0   0   0  94   0   0   0   0   0   0   0   0   0   0   0   0  1.15 0.06
   20 C    -1  -4  -4  -4  10  -4  -5  -3  -4  -2  -2  -4  -2  -3  -4  -2  -2  -3  -3  -2    0   0   0   0 100   0   0   0   0   0   0   0   0   0   0   0   0   0   0   0  1.79 0.10
   21 S     1  -1   0  -1  -1   0  -1   0  -1  -3  -3   1  -2  -3  -1   4   2  -3  -2  -2    3   0   0   0   0   0   0   2   0   0   0   9   0   0   1  78   8   0   0   0  0.47 0.06
   22 C    -1  -4  -4  -4  10  -4  -5  -3  -4  -2  -2  -4  -2  -3  -4  -2  -2  -3  -3  -2    0   0   0   0 100   0   0   0   0   0   0   0   0   0   0   0   0   0   0   0  1.79 0.10
   23 S    -1   2   0  -1  -3   1   1  -2  -1  -3  -3   5  -2  -3  -1   1   1  -3  -2  -2    0   6   0   0   0   2   4   0   0   0   0  63   0   0   0  14   7   0   0   4  0.41 0.04
   24 S    -1  -1   5   3  -3   0   0  -1   0  -4  -4   0  -3  -3  -2   3   0  -4  -3  -3    0   0  49  15   0   0   0   0   0   0   0   2   0   0   0  33   0   0   0   0  0.55 0.05
   25 N    -1   2   0  -1  -3   1   0  -2  -1  -3  -3   5  -2  -4  -2   1  -1  -4  -2  -3    0   6   4   0   0   2   0   0   0   0   0  79   0   0   0   9   0   0   0   0  0.57 0.06
   26 V    -1  -1  -3  -4  -1   0  -2  -4  -3   2   0  -2   0  -1  -3  -2  -1  -3  -2   5    0   4   0   0   0   6   0   0   0   2   0   0   0   0   0   0   0   0   0  89  0.43 0.06
   27 C    -1  -4  -4  -4  10  -4  -5  -3  -4  -2  -2  -4  -2  -3  -4  -2  -2  -3  -3  -2    0   0   0   0 100   0   0   0   0   0   0   0   0   0   0   0   0   0   0   0  1.79 0.10
   28 Y    -2  -2  -3  -4  -3  -2  -3  -4   1  -2  -1  -3  -1   4  -4  -2  -2   2   8  -2    0   0   0   0   0   0   0   0   0   0   0   0   0   8   0   0   0   0  92   0  1.11 0.07
   29 L    -2   3   1  -1  -3   1   0  -2   2  -1   0   3   0   0  -2  -1  -1  -2   0  -2    0  27   7   2   0   2   0   0   6   1  18  28   2   4   0   0   0   0   2   0  0.20 0.02
   30 N    -2  -1   7   3  -3   0   0  -1   0  -4  -4  -1  -3  -4  -3   0  -1  -5  -3  -4    0   0  83  17   0   0   0   0   0   0   0   0   0   0   0   0   0   0   0   0  0.87 0.07

                      K         Lambda
Standard Ungapped    0.1459     0.3287
Standard Gapped      0.0410     0.2670
PSI Ungapped         0.1459     0.3287
PSI Gapped           0.0410     0.2670
