
Last position-specific scoring matrix computed, weighted observed percentages rounded down, information per position, and relative weight of gapless real matches to pseudocounts
            A   R   N   D   C   Q   E   G   H   I   L   K   M   F   P   S   T   W   Y   V   A   R   N   D   C   Q   E   G   H   I   L   K   M   F   P   S   T   W   Y   V
    1 D    -1  -1   4   4  -3   0   1  -1  -1  -3  -3   0  -3  -3  -2   2   0  -4  -3  -3    0   0  29  44   0   0   0   0   0   0   0   0   0   0   0  27   0   0   0   0  0.53 0.01
    2 V     0  -3  -3  -4  -1  -3  -3  -4  -4   3   1  -3   1  -1  -3  -2   0  -3  -1   5    0   0   0   0   0   0   0   0   0   0   0   0   0   0   0   0   0   0   0 100  0.45 0.03
    3 Q     1   0  -1   0  -2   2   3  -2  -1   0  -1   2  -1  -3  -1   0  -1  -3  -2   1   12   0   0   0   0  11  33   0   0   0   0  20   0   0   0   0   0   0   0  24  0.22 0.01
    4 C    -1  -4  -3  -4  10  -3  -4  -3  -3  -2  -2  -4  -2  -3  -3  -1  -1  -3  -3  -1    0   0   0   0 100   0   0   0   0   0   0   0   0   0   0   0   0   0   0   0  1.50 0.05
    5 G    -1  -2   0   3  -3  -1  -1   4  -2  -4  -4  -1  -3  -4   3  -1  -2  -3  -3  -3    0   0   0  24   0   0   0  57   0   0   0   0   0   0  20   0   0   0   0   0  0.72 0.02
    6 E     0   0   0   4  -3   1   3  -2  -1  -3  -3   2  -2  -3  -1   0  -1  -3  -2  -2   12   0   0  32   0   0  33   0   0   0   0  24   0   0   0   0   0   0   0   0  0.45 0.02
    7 G     0   1   0  -1  -2  -1  -1   5  -2  -4  -3  -1  -2  -3  -2   2  -1  -3  -3  -3    0  12   0   0   0   0   0  64   0   0   0   0   0   0   0  24   0   0   0   0  0.62 0.02
    8 H    -1  -1   3   0  -3   0   0  -1   7  -3  -3  -1  -2  -2  -2   1  -1  -3   0  -3    0   0  24   0   0   0   0   0  57   0   0   0   0   0   0  20   0   0   0   0  0.60 0.03
    9 F    -2  -2  -2  -3  -2  -2  -3  -3  -2   0   1  -2   0   5  -3  -1   2   0   2   0    0   0   0   0   0   0   0   0   0   0  20   0   0  57   0   0  24   0   0   0  0.39 0.02
   10 C    -1  -4  -3  -4  10  -3  -4  -3  -3  -2  -2  -4  -2  -3  -3  -1  -1  -3  -3  -1    0   0   0   0 100   0   0   0   0   0   0   0   0   0   0   0   0   0   0   0  1.50 0.05
   11 H    -2  -1   3  -1  -3   0  -1  -2   7  -3  -3  -1  -2  -2   4  -1  -1  -3   0  -3    0   0  20   0   0   0   0   0  57   0   0   0   0   0  24   0   0   0   0   0  0.75 0.03
   12 D     1  -2   1   5  -2  -1   1  -1  -1  -3  -3  -1  -2  -3  -1   2   0  -4  -3  -2   17   0   0  51   0   0   0   0   0   0   0   0   0   0   0  31   0   0   0   0  0.50 0.03
   13 Q    -1   1   4   0  -3   5   1  -2   0  -3  -3   2  -1  -4  -2   0  -1  -3  -2  -3    0   0  31   0   0  51   0   0   0   0   0  17   0   0   0   0   0   0   0   0  0.53 0.04
   14 T     0  -1   0  -1  -1  -1  -1  -2  -2  -1  -2  -1  -1  -3  -1   2   5  -3  -2   0    0   0   0   0   0   0   0   0   0   0   0   0   0   0   0  11  89   0   0   0  0.58 0.05
   15 C    -1  -4  -3  -4  10  -3  -4  -3  -4  -2  -2  -4  -2  -3  -3  -1  -1  -3  -3  -1    0   0   0   0 100   0   0   0   0   0   0   0   0   0   0   0   0   0   0   0  1.61 0.07
   16 C    -1  -4  -3  -4  10  -3  -4  -3  -4  -2  -2  -4  -2  -3  -3  -1  -1  -3  -3  -1    0   0   0   0 100   0   0   0   0   0   0   0   0   0   0   0   0   0   0   0  1.61 0.07
   17 R    -1   4  -1  -1   4   0   0  -2  -1  -3  -2   3  -2  -3  -2   1  -1  -3  -2  -2    0  31   0   0  17   0   0   0   0   0   0  36   0   0   0  16   0   0   0   0  0.40 0.03
   18 A     1  -2   0   4  -2  -1   0  -2  -1  -1   0  -1  -1  -1  -2   0  -1  -2   2  -1   26   0   0  41   0   0   0   0   0   0  17   0   0   0   0   0   0   0  16   0  0.24 0.02
   19 S     0  -1   1  -1   4  -1  -1  -1   0  -2  -2  -1  -2  -1  -2   3   0  -1   3  -2    0   0  10   0  16   0   0   0   0   0   0   0   0   0   0  57   0   0  17   0  0.34 0.03
   20 Q     0   1   0   2  -3   3   2  -2   0  -2  -2   0  -1   2  -2   0  -1  -2  -1  -2   10  10   0  16   0  31  17   0   0   0   0   0   0  16   0   0   0   0   0   0  0.28 0.02
   21 G     0  -2   0  -1  -2  -2  -2   6  -2  -4  -4  -2  -3  -3  -2   1  -1  -3  -3  -3    0   0   0   0   0   0   0  83   0   0   0   0   0   0   0  17   0   0   0   0  0.91 0.04
   22 G    -2  -3  -3  -3  -3  -2  -3   1  -3  -3  -2  -3  -2   0  -3   0  -2  11   1  -3    0   0   0   0   0   0   0  10   0   0   0   0   0   0   0  16   0  74   0   0  1.73 0.06
   23 A     4  -2  -1  -2  -1  -1  -1   3  -2  -2  -2  -1  -2  -3  -1   1  -1  -3  -2  -1   67   0   0   0   0   0   0  33   0   0   0   0   0   0   0   0   0   0   0   0  0.49 0.03
   24 C    -1  -4  -3  -4  10  -3  -4  -3  -4  -2  -2  -4  -2  -3  -3  -1  -1  -3  -3  -1    0   0   0   0 100   0   0   0   0   0   0   0   0   0   0   0   0   0   0   0  1.61 0.07
   25 C    -1  -4  -3  -4  10  -3  -4  -3  -4  -2  -2  -4  -2  -3  -3  -1  -1  -3  -3  -1    0   0   0   0 100   0   0   0   0   0   0   0   0   0   0   0   0   0   0   0  1.61 0.07
   26 P    -1  -3  -2  -2  -3  -2  -2  -3  -3  -3  -3  -1  -3  -4   8  -1  -1  -4  -3  -3    0   0   0   0   0   0   0   0   0   0   0   0   0   0 100   0   0   0   0   0  2.19 0.06
   27 Y    -2  -2  -2  -3  -2  -2  -2  -3   1  -1   1  -2   0   3  -3  -1   1   1   6  -1    0   0   0   0   0   0   0   0   0   0  16   0   0  10   0   0  16   0  58   0  0.53 0.03
   28 S    -1   1  -1   0  -3   0   3  -2   2  -1  -1   0  -1  -2   3   0  -1  -3  -1   0    0  10   0   0   0   0  33   0  10   0  10   0   0   0  16  10   0   0   0  11  0.26 0.02
   29 Q     1   0   2   0  -2   3   1  -1   0  -3  -3   2  -1  -3  -1   1   0  -3  -2  -2   16   0  16   0   0  31   0   0   0   0   0  20   0   0   0  17   0   0   0   0  0.32 0.02
   30 G     3  -2  -1  -2  -2  -2  -2   4  -2  -3  -3  -1  -2  -3  -2   0  -1  -3  -3  -2   49   0   0   0   0   0   0  51   0   0   0   0   0   0   0   0   0   0   0   0  0.59 0.03
   31 V     0  -1  -1  -2  -1   1  -1  -3  -2   1   0  -1   0  -2  -2   0   3  -3  -2   3    0   0   0   0   0  16   0   0   0   0   0   0   0   0   0   0  33   0   0  51  0.23 0.03
   32 C    -1  -4  -3  -4  10  -3  -4  -3  -4  -2  -2  -4  -2  -3  -3  -1  -1  -3  -3  -1    0   0   0   0 100   0   0   0   0   0   0   0   0   0   0   0   0   0   0   0  1.61 0.07
   33 C    -1  -4  -3  -4  10  -3  -4  -3  -4  -2  -2  -4  -2  -3  -3  -1  -1  -3  -3  -1    0   0   0   0 100   0   0   0   0   0   0   0   0   0   0   0   0   0   0   0  1.61 0.07
   34 A     1   2   0   3  -2   0   0  -1  -1  -3  -3   1  -2  -3  -1   1   0  -3  -2  -2   20  20   0  33   0   0   0   0   0   0   0  10   0   0   0  16   0   0   0   0  0.32 0.02
   35 D    -2  -2   1   7  -4  -1   1  -2  -1  -4  -4  -1  -4  -4  -2  -1  -1  -5  -4  -4    0   0   0 100   0   0   0   0   0   0   0   0   0   0   0   0   0   0   0   0  1.11 0.05
   36 Q    -1   1   2  -1  -3   2   0   3  -1  -4  -3   2  -2  -3  -2   0  -1  -3  -2  -3    0  10  16   0   0  21   0  38   0   0   0  16   0   0   0   0   0   0   0   0  0.41 0.02
   37 R     0   4   0  -1  -3   2   0  -2  -1  -3  -3   1  -1  -3  -2   2   0  -3  -2  -2    0  51   0   0   0  16   0   0   0   0   0   0   0   0   0  33   0   0   0   0  0.47 0.03
   38 H    -1  -1   0  -1  -3   0   0  -2   7  -3  -3  -1  -2  -2  -2   2  -1  -3   1  -3    0   0   0   0   0   0   0   0  67   0   0   0   0   0   0  33   0   0   0   0  0.71 0.05
   39 C    -1  -4  -3  -4  10  -3  -4  -3  -4  -2  -2  -4  -2  -3  -3  -1  -1  -3  -3  -1    0   0   0   0 100   0   0   0   0   0   0   0   0   0   0   0   0   0   0   0  1.61 0.07
   40 C    -1  -4  -3  -4  10  -3  -4  -3  -4  -2  -2  -4  -2  -3  -3  -1  -1  -3  -3  -1    0   0   0   0 100   0   0   0   0   0   0   0   0   0   0   0   0   0   0   0  1.61 0.07
   41 P    -1  -3  -2  -2  -3  -2  -2  -3  -3  -3  -3  -1  -3  -4   8  -1  -1  -4  -3  -3    0   0   0   0   0   0   0   0   0   0   0   0   0   0 100   0   0   0   0   0  2.19 0.06
   42 V     1  -1  -1  -2  -2   2  -1   1   3   0  -1  -1  -1   0  -2  -1  -1  -1   3   0   20   0   0   0   0  17   0  10  16  11   0   0   0   0   0   0   0   0  16  10  0.13 0.02
   43 G     0  -1   0  -1  -3   2   1   4  -1  -4  -3   0  -2  -3  -2   1  -1  -3  -3  -3    0   0   0   0   0  16  16  51   0   0   0   0   0   0   0  17   0   0   0   0  0.51 0.02
   44 F    -2  -3  -3  -4  -3  -3  -3  -4   0  -1   0  -3  -1   6  -4  -3  -2   1   5  -1    0   0   0   0   0   0   0   0   0   0   0   0   0  67   0   0   0   0  33   0  0.84 0.04

                      K         Lambda
Standard Ungapped    0.1440     0.3312
Standard Gapped      0.0437     0.2670
PSI Ungapped         0.1429     0.3165
PSI Gapped           0.0437     0.2670
