
Last position-specific scoring matrix computed, weighted observed percentages rounded down, information per position, and relative weight of gapless real matches to pseudocounts
            A   R   N   D   C   Q   E   G   H   I   L   K   M   F   P   S   T   W   Y   V   A   R   N   D   C   Q   E   G   H   I   L   K   M   F   P   S   T   W   Y   V
    1 E    -1   0   0   2  -4   2   5  -2   0  -3  -3   1  -2  -3  -1   0  -1  -3  -2  -3    0   0   0   0   0   0 100   0   0   0   0   0   0   0   0   0   0   0   0   0  0.75 0.01
    2 L    -2  -2  -3  -4  -1  -2  -3  -4  -3   2   4  -3   2   0  -3  -3  -1  -2  -1   1    0   0   0   0   0   0   0   0   0   0 100   0   0   0   0   0   0   0   0   0  0.46 0.00
    3 T     1  -1   0  -1  -1   0  -1  -1  -1  -1  -2   0  -1  -2  -1   3   4  -3  -2  -1    0   0   0   0   0   0   0   0   0   0   0   0   0   0   0  43  57   0   0   0  0.39 0.00
    4 E    -1   0   0   1  -3   1   4  -2   0  -3  -2   1  -2  -3  -1   0   1  -3  -2  -2    0   0   0   0   0   0  79   0   0   0   0   0   0   0   0   0  21   0   0   0  0.55 0.00
    5 A     3  -1  -1  -1  -1  -1  -1   0  -2  -1  -1  -1  -1  -2  -1   1   3  -3  -2   0   57   0   0   0   0   0   0   0   0   0   0   0   0   0   0   0  43   0   0   0  0.32 0.00
    6 Q    -1   1   0   0  -3   5   2  -2   0  -3  -2   1   0  -3  -1   0  -1  -2  -1  -2    0   0   0   0   0 100   0   0   0   0   0   0   0   0   0   0   0   0   0   0  0.67 0.01
    7 R    -2   5   0  -2  -3   1   0  -2   4  -3  -2   2  -1  -2  -2  -1  -1  -3  -1  -3    0  79   0   0   0   0   0   0  21   0   0   0   0   0   0   0   0   0   0   0  0.62 0.00
    8 R    -1   6   0  -2  -3   1   0  -2   0  -3  -2   2  -1  -3  -2  -1  -1  -3  -2  -3    0 100   0   0   0   0   0   0   0   0   0   0   0   0   0   0   0   0   0   0  0.76 0.01
    9 G     0  -2   0  -1  -2  -1  -2   5  -2  -3  -3  -1  -2  -3  -2   1  -1  -3  -3  -3    0   0   0   0   0   0   0  77   0   0   0   0   0   0   0  23   0   0   0   0  0.76 0.00
   10 L    -2  -2  -3  -4  -1  -2  -3  -4  -3   2   4  -3   2   0  -3  -3  -1  -2  -1   1    0   0   0   0   0   0   0   0   0   0 100   0   0   0   0   0   0   0   0   0  0.46 0.00
   11 Q    -1   1   0   0  -3   5   2  -2   0  -3  -2   1   0  -3  -1   0  -1  -2  -1  -2    0   0   0   0   0 100   0   0   0   0   0   0   0   0   0   0   0   0   0   0  0.67 0.01
   12 V     0  -3  -3  -3  -1  -2  -3  -3  -3   3   1  -2   1  -1  -2  -2   0  -3  -1   4    0   0   0   0   0   0   0   0   0   0   0   0   0   0   0   0   0   0   0 100  0.36 0.00
   13 A     4  -1  -2  -2   0  -1  -1   0  -2  -1  -2  -1  -1  -2  -1   1   0  -3  -2   0  100   0   0   0   0   0   0   0   0   0   0   0   0   0   0   0   0   0   0   0  0.41 0.00
   14 L    -2  -2  -3  -4  -1  -2  -3  -4  -3   2   4  -3   2   0  -3  -3  -1  -2  -1   1    0   0   0   0   0   0   0   0   0   0 100   0   0   0   0   0   0   0   0   0  0.46 0.00
   15 E    -1   0   0   2  -4   2   5  -2   0  -3  -3   1  -2  -3  -1   0  -1  -3  -2  -3    0   0   0   0   0   0 100   0   0   0   0   0   0   0   0   0   0   0   0   0  0.75 0.01
   16 E    -1   0   0   2  -4   2   5  -2   0  -3  -3   1  -2  -3  -1   0  -1  -3  -2  -3    0   0   0   0   0   0 100   0   0   0   0   0   0   0   0   0   0   0   0   0  0.75 0.01
   17 F    -2  -3  -3  -4  -2  -3  -3  -3  -1   0   0  -3   0   6  -4  -2  -2   1   3  -1    0   0   0   0   0   0   0   0   0   0   0   0   0 100   0   0   0   0   0   0  0.76 0.01
   18 H    -2   0   1  -1  -3   0   0  -2   8  -3  -3  -1  -2  -1  -2  -1  -2  -2   2  -3    0   0   0   0   0   0   0   0 100   0   0   0   0   0   0   0   0   0   0   0  0.89 0.01
   19 K    -1   2   0  -1  -3   1   1  -2  -1  -3  -3   5  -1  -3  -1   0  -1  -3  -2  -2    0   0   0   0   0   0   0   0   0   0   0 100   0   0   0   0   0   0   0   0  0.53 0.01
   20 H    -2   0   1  -1  -3   0   0  -2   8  -3  -3  -1  -2  -1  -2  -1  -2  -2   2  -3    0   0   0   0   0   0   0   0 100   0   0   0   0   0   0   0   0   0   0   0  0.89 0.01
   21 P    -1  -2  -2  -2  -3  -1  -1  -2  -2  -3  -3  -1  -3  -4   8  -1  -1  -4  -3  -2    0   0   0   0   0   0   0   0   0   0   0   0   0   0 100   0   0   0   0   0  2.05 0.01
   22 P    -1  -2  -2  -2  -3  -1  -1  -2  -2  -3  -3  -1  -3  -4   8  -1  -1  -4  -3  -2    0   0   0   0   0   0   0   0   0   0   0   0   0   0 100   0   0   0   0   0  2.05 0.01
   23 V     0  -3  -3  -3  -1  -2  -3  -3  -3   3   1  -2   1  -1  -2  -2   0  -3  -1   4    0   0   0   0   0   0   0   0   0   0   0   0   0   0   0   0   0   0   0 100  0.36 0.00
   24 Q    -1   1   0  -1  -3   5   1  -2   0  -1   1   1   0  -2  -2   0  -1  -2  -1  -1    0   0   0   0   0  79   0   0   0   0  21   0   0   0   0   0   0   0   0   0  0.42 0.01
   25 W    -2  -3  -4  -4  -2  -2  -3  -3  -3  -1   1  -3   0   1  -4  -3  -2  10   2  -2    0   0   0   0   0   0   0   0   0   0  23   0   0   0   0   0   0  77   0   0  1.67 0.01
   26 A     4  -1  -2  -2   0  -1  -1   0  -2  -1  -2  -1  -1  -2  -1   1   0  -3  -2   0  100   0   0   0   0   0   0   0   0   0   0   0   0   0   0   0   0   0   0   0  0.41 0.00
   27 F    -2  -3  -3  -4  -2  -3  -3  -3  -1   0   0  -3   0   6  -4  -2  -2   1   3  -1    0   0   0   0   0   0   0   0   0   0   0   0   0 100   0   0   0   0   0   0  0.76 0.01
   28 Q    -1   1   0   0  -3   5   2  -2   0  -3  -2   1   0  -3  -1   0  -1  -2  -1  -2    0   0   0   0   0 100   0   0   0   0   0   0   0   0   0   0   0   0   0   0  0.67 0.01
   29 E    -1  -1  -1   1  -3   1   4  -2  -1  -1  -2   0  -1  -3  -1   0  -1  -3  -2   0    0   0   0   0   0   0  79   0   0   0   0   0   0   0   0   0   0   0   0  21  0.45 0.00
   30 T    -1  -2  -1  -2  -1  -1  -2  -2  -2   2   0  -1   0  -1  -2   0   3  -3  -2   1    0   0   0   0   0   0   0   0   0  43   0   0   0   0   0   0  57   0   0   0  0.25 0.00
   31 S     1  -1   0  -1  -2  -1  -1   4  -1  -3  -3  -1  -2  -3  -1   3   0  -3  -2  -2    0   0   0   0   0   0   0  43   0   0   0   0   0   0   0  57   0   0   0   0  0.49 0.00
   32 V     0  -3  -3  -3  -1  -2  -3  -3  -3   3   1  -2   1  -1  -2  -2   0  -3  -1   4    0   0   0   0   0   0   0   0   0   0   0   0   0   0   0   0   0   0   0 100  0.36 0.00
   33 E    -1  -1   1   5  -4   1   3  -2  -1  -3  -3   0  -3  -3  -1   0  -1  -4  -3  -3    0   0   0  64   0   0  36   0   0   0   0   0   0   0   0   0   0   0   0   0  0.74 0.00
   34 S     0   2   4   0  -2   0   0  -1   0  -3  -3   1  -2  -3  -2   2   0  -3  -2  -2    0  23  42   0   0   0   0   0   0   0   0   0   0   0   0  36   0   0   0   0  0.39 0.00
   35 A     4  -1  -2  -2   0  -1  -1   0  -2  -1  -2  -1  -1  -2  -1   1   0  -3  -2   0  100   0   0   0   0   0   0   0   0   0   0   0   0   0   0   0   0   0   0   0  0.41 0.00
   36 V     1  -1   2   0  -2   0   2  -1  -1   0  -1  -1  -1  -2  -2   0   0  -3  -2   2   21   0  21   0   0   0  23   0   0   0   0   0   0   0   0   0   0   0   0  36  0.13 0.00
   37 D    -2  -1   1   5  -4   0   3  -2  -1  -3  -4   0  -3  -4  -1   0  -1  -4  -3  -3    0   0   0  77   0   0  23   0   0   0   0   0   0   0   0   0   0   0   0   0  0.79 0.00
   38 T     0  -1  -1  -2  -1  -1  -1  -2  -2   1   0  -1   2  -1  -2   0   3  -2  -1   1    0   0   0   0   0   0   0   0   0   0   0   0  21   0   0   0  57   0   0  23  0.24 0.00
   39 P    -1  -2  -3  -3  -2  -2  -2  -3  -3   1   2  -2   1  -1   5  -2  -1  -3  -2   1    0   0   0   0   0   0   0   0   0   0  44   0   0   0  36   0   0   0   0  21  0.54 0.00
   40 F    -2  -3  -3  -4  -2  -3  -3  -3  -1   0   0  -3   0   6  -4  -2  -2   1   3  -1    0   0   0   0   0   0   0   0   0   0   0   0   0 100   0   0   0   0   0   0  0.76 0.01
   41 P     0  -1  -1  -1  -2  -1  -1  -1  -2  -3  -3  -1  -2  -3   6   2   0  -3  -2  -2    0   0   0   0   0   0   0   0   0   0   0   0   0   0  57  43   0   0   0   0  1.03 0.00
   42 A     4  -1  -2  -2   0  -1  -1   0  -2  -1  -2  -1  -1  -2  -1   1   0  -3  -2   0  100   0   0   0   0   0   0   0   0   0   0   0   0   0   0   0   0   0   0   0  0.41 0.00
   43 G     0  -2   0  -1  -3  -2  -2   6  -2  -4  -4  -2  -3  -3  -2   0  -2  -3  -3  -3    0   0   0   0   0   0   0 100   0   0   0   0   0   0   0   0   0   0   0   0  1.05 0.00
   44 I    -1  -1  -1  -1  -1   2  -1  -2  -1   2   0  -1   0  -1  -2   0   3  -2  -2   1    0   0   0   0   0  21   0   0   0  36   0   0   0   0   0   0  43   0   0   0  0.18 0.00
   45 F    -2  -3  -3  -4  -2  -3  -3  -3  -1   0   0  -3   0   6  -4  -2  -2   1   3  -1    0   0   0   0   0   0   0   0   0   0   0   0   0 100   0   0   0   0   0   0  0.76 0.01
   46 V     0  -3  -3  -3  -1  -2  -3  -3  -3   3   1  -2   1  -1  -2  -2   0  -3  -1   4    0   0   0   0   0   0   0   0   0   0   0   0   0   0   0   0   0   0   0 100  0.36 0.00
   47 R    -1   6   0  -2  -3   1   0  -2   0  -3  -2   2  -1  -3  -2  -1  -1  -3  -2  -3    0 100   0   0   0   0   0   0   0   0   0   0   0   0   0   0   0   0   0   0  0.76 0.01
   48 L    -2  -2  -3  -4  -1  -2  -3  -4  -3   2   4  -3   2   0  -3  -3  -1  -2  -1   1    0   0   0   0   0   0   0   0   0   0 100   0   0   0   0   0   0   0   0   0  0.46 0.00
   49 E    -1   0   0   2  -4   2   5  -2   0  -3  -3   1  -2  -3  -1   0  -1  -3  -2  -3    0   0   0   0   0   0 100   0   0   0   0   0   0   0   0   0   0   0   0   0  0.75 0.01
   50 F    -2  -3  -3  -4  -2  -3  -3  -3  -1   0   0  -3   0   6  -4  -2  -2   1   3  -1    0   0   0   0   0   0   0   0   0   0   0   0   0 100   0   0   0   0   0   0  0.76 0.01
   51 K    -1   2   0  -1  -3   1   1  -2  -1  -3  -3   5  -1  -3  -1   0  -1  -3  -2  -2    0   0   0   0   0   0   0   0   0   0   0 100   0   0   0   0   0   0   0   0  0.53 0.01
   52 L    -2  -2  -3  -4  -1  -2  -3  -4  -3   2   4  -3   2   0  -3  -3  -1  -2  -1   1    0   0   0   0   0   0   0   0   0   0 100   0   0   0   0   0   0   0   0   0  0.46 0.00
   53 Q    -1   1   0   0  -3   5   2  -2   0  -3  -2   1   0  -3  -1   0  -1  -2  -1  -2    0   0   0   0   0 100   0   0   0   0   0   0   0   0   0   0   0   0   0   0  0.67 0.01
   54 Q    -1   1   0   0  -3   5   2  -2   0  -3  -2   1   0  -3  -1   0  -1  -2  -1  -2    0   0   0   0   0 100   0   0   0   0   0   0   0   0   0   0   0   0   0   0  0.67 0.01
   55 T     0  -1   0  -1  -1  -1  -1  -2  -2  -1  -1  -1  -1  -2  -1   1   5  -3  -2   0    0   0   0   0   0   0   0   0   0   0   0   0   0   0   0   0 100   0   0   0  0.48 0.01
   56 S     1  -1   3   0  -1   0   0   0  -1  -3  -3   0  -2  -3  -1   4   1  -3  -2  -2    0   0  23   0   0   0   0   0   0   0   0   0   0   0   0  77   0   0   0   0  0.42 0.00
   57 C     0  -4  -3  -4   9  -3  -4  -3  -3  -1  -1  -3  -1  -2  -3  -1  -1  -2  -3  -1    0   0   0   0 100   0   0   0   0   0   0   0   0   0   0   0   0   0   0   0  1.25 0.01
   58 R    -1   4  -1  -2  -3   0  -1  -2  -1  -2  -2   1  -1   2   3  -1  -1  -2   0  -2    0  57   0   0   0   0   0   0   0   0   0   0   0  21  23   0   0   0   0   0  0.49 0.00
   59 K    -1   2   0  -1  -3   1   1  -2  -1  -3  -3   5  -1  -3  -1   0  -1  -3  -2  -2    0   0   0   0   0   0   0   0   0   0   0 100   0   0   0   0   0   0   0   0  0.53 0.01
   60 R    -1   4   0  -1  -3   1   0  -2  -1  -3  -2   4  -1  -3  -1   0  -1  -3  -2  -2    0  36   0   0   0   0   0   0   0   0   0  64   0   0   0   0   0   0   0   0  0.53 0.00
   61 D    -2  -2   1   6  -4   0   2  -1  -1  -3  -4  -1  -3  -4  -2   0  -1  -4  -3  -3    0   0   0 100   0   0   0   0   0   0   0   0   0   0   0   0   0   0   0   0  0.94 0.01
   62 W    -3  -3  -4  -4  -2  -2  -3  -3  -2  -3  -2  -3  -2   1  -4  -3  -3  11   2  -3    0   0   0   0   0   0   0   0   0   0   0   0   0   0   0   0   0 100   0   0  2.36 0.01
   63 K    -1   3   0  -1  -3   1   1  -2  -1  -3  -2   4  -1  -3  -1   0  -1  -3  -2  -2    0  21   0   0   0   0   0   0   0   0   0  79   0   0   0   0   0   0   0   0  0.52 0.00
   64 K    -1   2   2   0  -3   1   1  -1   0  -3  -3   4  -2  -3  -1   0  -1  -3  -2  -2    0   0  21   0   0   0   0   0   0   0   0  79   0   0   0   0   0   0   0   0  0.45 0.00
   65 P    -1  -2  -2  -1  -3   0   2  -2  -2  -3  -3  -1  -2  -4   7  -1  -1  -4  -3  -2    0   0   0   0   0   0  21   0   0   0   0   0   0   0  79   0   0   0   0   0  1.53 0.01
   66 E    -1   0   0   3  -4   2   5  -2   0  -3  -3   1  -2  -3  -1   0  -1  -3  -2  -3    0   0   0  21   0   0  79   0   0   0   0   0   0   0   0   0   0   0   0   0  0.68 0.00
   67 C     0  -4  -3  -4   9  -3  -4  -3  -3  -1  -1  -3  -1  -2  -3  -1  -1  -2  -3  -1    0   0   0   0 100   0   0   0   0   0   0   0   0   0   0   0   0   0   0   0  1.25 0.01
   68 K    -1   2   0  -1  -2   1   0  -2  -1  -2  -2   4  -1  -3  -1   0   2  -3  -2  -2    0   0   0   0   0   0   0   0   0   0   0  77   0   0   0   0  23   0   0   0  0.39 0.00
   69 V    -1  -3  -3  -3  -1  -2  -3  -3  -3   3   1  -2   1  -1  -3  -2   0  -3  -1   3    0   0   0   0   0   0   0   0   0  43   0   0   0   0   0   0   0   0   0  57  0.35 0.00
   70 R    -1   4   0  -1  -3   1   0  -2  -1  -3  -2   4  -1  -3  -1   0  -1  -3  -2  -2    0  36   0   0   0   0   0   0   0   0   0  64   0   0   0   0   0   0   0   0  0.53 0.00
   71 P     1  -2  -2  -2  -2  -1  -1  -2  -2  -2  -3  -1  -2  -3   7   0  -1  -3  -3  -2   21   0   0   0   0   0   0   0   0   0   0   0   0   0  79   0   0   0   0   0  1.50 0.01
   72 N    -2   0   6   1  -3   0   0   0   1  -3  -3   0  -2  -3  -2   1   0  -4  -2  -3    0   0 100   0   0   0   0   0   0   0   0   0   0   0   0   0   0   0   0   0  0.74 0.01
   73 G     0  -2   0  -1  -3  -2  -2   6  -2  -4  -4  -2  -3  -3  -2   0  -2  -3  -3  -3    0   0   0   0   0   0   0 100   0   0   0   0   0   0   0   0   0   0   0   0  1.05 0.00
   74 R    -1   6   0  -2  -3   1   0  -2   0  -3  -2   2  -1  -3  -2  -1  -1  -3  -2  -3    0 100   0   0   0   0   0   0   0   0   0   0   0   0   0   0   0   0   0   0  0.76 0.01
   75 K    -1   3   0  -1  -3   1   1  -2  -1  -3  -2   4  -1  -3  -1   0  -1  -3  -2  -2    0  23   0   0   0   0   0   0   0   0   0  77   0   0   0   0   0   0   0   0  0.52 0.00
   76 R    -1   6   0  -2  -3   1   0  -2   0  -3  -2   2  -1  -3  -2  -1  -1  -3  -2  -3    0 100   0   0   0   0   0   0   0   0   0   0   0   0   0   0   0   0   0   0  0.76 0.01
   77 K    -1   2   0  -1  -3   1   1  -2  -1  -3  -3   5  -1  -3  -1   0  -1  -3  -2  -2    0   0   0   0   0   0   0   0   0   0   0 100   0   0   0   0   0   0   0   0  0.53 0.01
   78 C     0  -4  -3  -4   9  -3  -4  -3  -3  -1  -1  -3  -1  -2  -3  -1  -1  -2  -3  -1    0   0   0   0 100   0   0   0   0   0   0   0   0   0   0   0   0   0   0   0  1.25 0.01
   79 L    -2  -2  -3  -4  -1  -2  -3  -4  -3   2   4  -3   2   0  -3  -3  -1  -2  -1   1    0   0   0   0   0   0   0   0   0   0 100   0   0   0   0   0   0   0   0   0  0.46 0.00
   80 A     4  -1  -2  -2   0  -1  -1   0  -2  -1  -2  -1  -1  -2  -1   1   0  -3  -2   0  100   0   0   0   0   0   0   0   0   0   0   0   0   0   0   0   0   0   0   0  0.41 0.00
   81 C     0  -4  -3  -4   9  -3  -4  -3  -3  -1  -1  -3  -1  -2  -3  -1  -1  -2  -3  -1    0   0   0   0 100   0   0   0   0   0   0   0   0   0   0   0   0   0   0   0  1.25 0.01
   82 I    -1  -3  -3  -3  -1  -3  -3  -4  -3   4   2  -3   1   0  -3  -2  -1  -3  -1   3    0   0   0   0   0   0   0   0   0 100   0   0   0   0   0   0   0   0   0   0  0.40 0.00
   83 K    -1   2   0  -1  -3   1   1  -2  -1  -3  -3   5  -1  -3  -1   0  -1  -3  -2  -2    0   0   0   0   0   0   0   0   0   0   0 100   0   0   0   0   0   0   0   0  0.53 0.01
   84 L    -1  -2  -3  -4  -1  -2  -3  -3  -3   1   4  -2   3   0  -3  -2  -1  -2  -1   1    0   0   0   0   0   0   0   0   0   0  77   0  23   0   0   0   0   0   0   0  0.40 0.00
   85 G    -1  -2   1   5  -3  -1   1   3  -1  -3  -4  -1  -3  -3  -2   0  -1  -4  -3  -3    0   0   0  64   0   0   0  36   0   0   0   0   0   0   0   0   0   0   0   0  0.67 0.00
   86 S     0  -1   0  -1  -2  -1  -1  -1  -1  -3  -3  -1  -2  -3   5   3   1  -3  -2  -2    0   0   0   0   0   0   0   0   0   0   0   0   0   0  43  57   0   0   0   0  0.81 0.00
   87 E    -1   3   0   0  -3   1   3  -2   0  -3  -3   3  -2  -3  -1   0  -1  -3  -2  -2    0  21   0   0   0   0  36   0   0   0   0  44   0   0   0   0   0   0   0   0  0.47 0.00
   88 D    -1  -2   1   4  -3  -1   0   4  -2  -3  -4  -1  -3  -3  -2   0  -1  -3  -3  -3    0   0   0  57   0   0   0  43   0   0   0   0   0   0   0   0   0   0   0   0  0.66 0.00
   89 K    -1   2   0  -1  -3   3   1  -2   0  -3  -2   4  -1  -3  -1   0  -1  -3  -2  -2    0   0   0   0   0  21   0   0   0   0   0  79   0   0   0   0   0   0   0   0  0.49 0.00
   90 V     0  -3  -3  -3  -1  -2  -3  -3  -3   3   1  -2   1  -1  -3  -2   0  -3  -1   4    0   0   0   0   0   0   0   0   0  23   0   0   0   0   0   0   0   0   0  77  0.35 0.00
   91 L    -2  -2  -3  -4  -1  -2  -3  -4  -3   2   4  -3   2   0  -3  -3  -1  -2  -1   1    0   0   0   0   0   0   0   0   0   0 100   0   0   0   0   0   0   0   0   0  0.46 0.00
   92 G     0  -2   0  -1  -3  -2  -2   6  -2  -4  -4  -2  -3  -3  -2   0  -2  -3  -3  -3    0   0   0   0   0   0   0 100   0   0   0   0   0   0   0   0   0   0   0   0  1.05 0.00
   93 R    -1   6   0  -2  -3   1   0  -2   0  -3  -2   2  -1  -3  -2  -1  -1  -3  -2  -3    0 100   0   0   0   0   0   0   0   0   0   0   0   0   0   0   0   0   0   0  0.76 0.01
   94 L    -1  -2  -3  -3  -1  -1  -3  -3  -2   2   3  -2   4   0  -3  -2  -1  -2  -1   1    0   0   0   0   0   0   0   0   0  23  36   0  42   0   0   0   0   0   0   0  0.32 0.00
   95 V     0  -3  -3  -3  -1  -2  -3  -3  -3   3   1  -2   1  -1  -2  -2   0  -3  -1   4    0   0   0   0   0   0   0   0   0   0   0   0   0   0   0   0   0   0   0 100  0.36 0.00
   96 H    -2   0   1  -1  -3   0   0  -2   8  -3  -3  -1  -2  -1  -2  -1  -2  -2   2  -3    0   0   0   0   0   0   0   0 100   0   0   0   0   0   0   0   0   0   0   0  0.89 0.01
   97 C     0  -4  -3  -4   9  -3  -4  -3  -3  -1  -1  -3  -1  -2  -3  -1  -1  -2  -3  -1    0   0   0   0 100   0   0   0   0   0   0   0   0   0   0   0   0   0   0   0  1.25 0.01
   98 P    -1  -2  -2  -2  -3  -1  -1  -2  -2  -3  -3  -1  -3  -4   8  -1  -1  -4  -3  -2    0   0   0   0   0   0   0   0   0   0   0   0   0   0 100   0   0   0   0   0  2.05 0.01
   99 I    -1  -3  -3  -3  -1  -3  -3  -4  -3   4   2  -3   1   0  -3  -2  -1  -3  -1   3    0   0   0   0   0   0   0   0   0 100   0   0   0   0   0   0   0   0   0   0  0.40 0.00
  100 E    -1  -1  -1   0  -2   2   3  -3  -1   0   2   0   1  -1  -2  -1  -1  -2  -1  -1    0   0   0   0   0  21  36   0   0   0  43   0   0   0   0   0   0   0   0   0  0.24 0.00
  101 T     0   1   0  -1  -2   0   0  -2  -1  -1  -2   3  -1  -3  -1   1   3  -3  -2  -1    0   0   0   0   0   0   0   0   0   0   0  43   0   0   0   0  57   0   0   0  0.32 0.00
  102 Q    -1   1   0   0  -3   5   2  -2   0  -3  -2   1   0  -3  -1   0  -1  -2  -1  -2    0   0   0   0   0 100   0   0   0   0   0   0   0   0   0   0   0   0   0   0  0.67 0.01
  103 V     0  -2  -1  -2  -1  -1  -2   2  -2   1   0  -1   0  -1  -1  -1   0  -2  -1   3    2   1   1   1   0   1   1  22   0   1   2   1   1   1   1   2   1   0   1  58  0.13 0.00
  104 L    -1  -1  -1  -2  -1   2   0  -2  -1   1   3  -1   1   0  -1  -1  -1  -1  -1   0    2   1   1   1   0  22   1   2   0   1  58   1   1   1   1   2   1   0   1   1  0.15 0.00
  105 R    -1   4   0  -1  -2   3   0  -2   0  -2  -2   2  -1  -2  -1   0  -1  -2  -1  -2    2  58   1   1   0  22   1   2   0   1   2   1   1   1   1   2   1   0   1   1  0.41 0.00
  106 E     0   0   0   1  -2   1   4   2   0  -2  -2   0  -2  -2  -1   0  -1  -2  -2  -2    2   1   1   1   0   1  58  24   0   1   2   1   0   1   1   1   1   0   1   1  0.37 0.00
  107 A     1  -1  -2  -1  -1  -1  -1  -1  -2  -1   1  -1   0  -1   5   0  -1  -2  -2  -1   19   1   1   1   0   1   1   2   0   1  23   1   0   1  41   1   1   0   1   1  0.55 0.00
  108 E    -1   0   0   3  -3   4   3  -2   0  -3  -3   1  -1  -3  -1   0  -1  -3  -2  -3    0   0   0  21   0  43  36   0   0   0   0   0   0   0   0   0   0   0   0   0  0.55 0.00
  109 E    -1  -1   0   4  -4   1   4  -2  -1  -3  -3   0  -2  -3  -1   0  -1  -3  -2  -3    0   0   0  44   0   0  56   0   0   0   0   0   0   0   0   0   0   0   0   0  0.68 0.00
  110 H     1  -1  -1  -2  -2  -1  -1  -2   5  -1   0  -1   0  -1   4  -1  -1  -3   0  -1   21   0   0   0   0   0   0   0  36   0  21   0   0   0  23   0   0   0   0   0  0.36 0.00
  111 Q    -1   1   0   0  -3   5   2  -2   0  -3  -2   1   0  -3  -1   0  -1  -2  -1  -2    0   0   0   0   0 100   0   0   0   0   0   0   0   0   0   0   0   0   0   0  0.67 0.01
  112 E    -1   0   0   3  -4   2   5  -2   0  -3  -3   1  -2  -3  -1   0  -1  -3  -2  -3    0   0   0  21   0   0  79   0   0   0   0   0   0   0   0   0   0   0   0   0  0.68 0.00
  113 T     1  -1  -1  -1  -1  -1  -1  -1  -2   0   1  -1   0  -1  -1   2   3  -2  -2   0   21   0   0   0   0   0   0   0   0   0  23   0   0   0   0  21  36   0   0   0  0.19 0.00
  114 Q    -1   1   0   0  -3   5   2  -2   0  -3  -2   1   0  -3  -1   0  -1  -2  -1  -2    0   0   0   0   0 100   0   0   0   0   0   0   0   0   0   0   0   0   0   0  0.67 0.01
  115 C     0  -4  -3  -4   9  -3  -4  -3  -3  -1  -1  -3  -1  -2  -3  -1  -1  -2  -3  -1    0   0   0   0 100   0   0   0   0   0   0   0   0   0   0   0   0   0   0   0  1.25 0.01
  116 L    -1  -2   2  -1  -1  -1  -2  -2  -1   2   1  -1   0  -1  -2   1   0  -3  -2   1    0   0  21   0   0   0   0   0   0  40  18   0   0   0   0  21   0   0   0   0  0.12 0.00
  117 R    -1   5   0  -1  -3   1   0  -2   0  -3  -2   3  -1  -3  -2  -1  -1  -3  -2  -3    0  77   0   0   0   0   0   0   0   0   0  23   0   0   0   0   0   0   0   0  0.65 0.00
  118 V    -1  -3  -3  -3  -1  -2  -3  -3  -3   3   1  -2   1  -1  -3  -2   0  -3  -1   3    0   0   0   0   0   0   0   0   0  43   0   0   0   0   0   0   0   0   0  57  0.35 0.00
  119 Q     1   0   0   0  -2   3   2  -1   0  -2  -2   0  -1  -3  -1   1   2  -2  -2  -1   23   0   0   0   0  36  21   0   0   0   0   0   0   0   0   0  21   0   0   0  0.31 0.00
  120 R    -1   4   0  -1  -3   4   1  -2   0  -3  -2   2  -1  -3  -2   0  -1  -2  -2  -2    0  57   0   0   0  43   0   0   0   0   0   0   0   0   0   0   0   0   0   0  0.58 0.00
  121 A     4  -1  -2  -2   0  -1  -1   0  -2  -1  -2  -1  -1  -2  -1   1   0  -3  -2   0  100   0   0   0   0   0   0   0   0   0   0   0   0   0   0   0   0   0   0   0  0.41 0.00
  122 G     0  -2   0  -1  -3  -2  -2   6  -2  -4  -4  -2  -3  -3  -2   0  -2  -3  -3  -3    0   0   0   0   0   0   0 100   0   0   0   0   0   0   0   0   0   0   0   0  1.05 0.00
  123 E    -1   0   0   2  -4   2   5  -2   0  -3  -3   1  -2  -3  -1   0  -1  -3  -2  -3    0   0   0   0   0   0 100   0   0   0   0   0   0   0   0   0   0   0   0   0  0.75 0.01
  124 D    -2  -2   1   6  -4   0   2  -1  -1  -3  -4  -1  -3  -4  -2   0  -1  -4  -3  -3    0   0   0 100   0   0   0   0   0   0   0   0   0   0   0   0   0   0   0   0  0.94 0.01
  125 P    -1  -2  -2  -2  -3  -1  -1  -2  -2  -3  -3  -1  -3  -4   8  -1  -1  -4  -3  -2    0   0   0   0   0   0   0   0   0   0   0   0   0   0 100   0   0   0   0   0  2.05 0.01
  126 H    -2   2   0  -1  -3   1   0  -2   7  -3  -3   0  -2  -2  -2  -1  -2  -2   1  -3    0  21   0   0   0   0   0   0  79   0   0   0   0   0   0   0   0   0   0   0  0.70 0.01
  127 S     1  -1   0   0  -1   0  -1   2  -1  -3  -3   0  -2  -3  -1   3   1  -3  -2  -2    0   0   0   0   0   0   0  23   0   0   0   0   0   0   0  77   0   0   0   0  0.42 0.00
  128 F    -2  -2  -2  -3  -3  -1  -2  -3   4  -1  -1  -2  -1   4  -3  -2  -2   1   5  -1    0   0   0   0   0   0   0   0  21   0   0   0   0  36   0   0   0   0  44   0  0.58 0.00
  129 Y    -2  -2  -3  -3  -2  -2  -3  -3   1  -1   0  -2  -1   5  -3  -2  -2   2   6  -1    0   0   0   0   0   0   0   0   0   0   0   0   0  43   0   0   0   0  57   0  0.71 0.00
  130 F    -2  -3  -3  -4  -2  -3  -3  -3  -2   1   2  -3   1   5  -3  -2  -2   0   2   0    0   0   0   0   0   0   0   0   0   0  44   0   0  56   0   0   0   0   0   0  0.46 0.00
  131 P    -1  -2  -2  -2  -3  -1  -1  -2  -2  -3  -3  -1  -3  -4   8  -1  -1  -4  -3  -2    0   0   0   0   0   0   0   0   0   0   0   0   0   0 100   0   0   0   0   0  2.05 0.01
  132 G     0  -2   0  -1  -3  -2  -2   6  -2  -4  -4  -2  -3  -3  -2   0  -2  -3  -3  -3    0   0   0   0   0   0   0 100   0   0   0   0   0   0   0   0   0   0   0   0  1.05 0.00
  133 Q    -1   1   0   0  -3   5   2  -2   0  -3  -2   1   0  -3  -1   0  -1  -2  -1  -2    0   0   0   0   0 100   0   0   0   0   0   0   0   0   0   0   0   0   0   0  0.67 0.01
  134 F    -2  -3  -3  -4  -2  -3  -3  -3  -1   0   0  -3   0   6  -4  -2  -2   1   3  -1    0   0   0   0   0   0   0   0   0   0   0   0   0 100   0   0   0   0   0   0  0.76 0.01
  135 A     4  -1  -2  -2   0  -1  -1   0  -2  -1  -2  -1  -1  -2  -1   1   0  -3  -2   0  100   0   0   0   0   0   0   0   0   0   0   0   0   0   0   0   0   0   0   0  0.41 0.00
  136 F    -2  -3  -3  -4  -2  -3  -3  -3  -1   0   0  -3   0   6  -4  -2  -2   1   3  -1    0   0   0   0   0   0   0   0   0   0   0   0   0 100   0   0   0   0   0   0  0.76 0.01
  137 S     1  -1   1   0  -1   0   0   0  -1  -2  -3   0  -2  -2  -1   4   1  -3  -2  -2    0   0   0   0   0   0   0   0   0   0   0   0   0   0   0 100   0   0   0   0  0.46 0.00

                      K         Lambda
Standard Ungapped    0.1358     0.3215
Standard Gapped      0.0410     0.2670
PSI Ungapped         0.1358     0.3215
PSI Gapped           0.0410     0.2670
