
Last position-specific scoring matrix computed, weighted observed percentages rounded down, information per position, and relative weight of gapless real matches to pseudocounts
            A   R   N   D   C   Q   E   G   H   I   L   K   M   F   P   S   T   W   Y   V   A   R   N   D   C   Q   E   G   H   I   L   K   M   F   P   S   T   W   Y   V
    1 G     0  -3  -1  -2  -3  -2  -2   6  -2  -4  -4  -2  -3  -4  -2   0  -2  -3  -3  -3    4   0   0   0   0   0   0  89   0   0   0   0   0   0   0   7   0   0   0   0  0.98 0.04
    2 T    -1  -3  -3  -3  -1  -3  -3  -4  -3   4   1  -3   1   1  -3  -2   1  -3  -1   3    0   0   0   0   0   0   0   0   0  60   3   0   0   5   0   0  12   0   0  20  0.31 0.02
    3 P     0  -2  -2   0  -3  -2  -1  -1  -3  -3  -3  -1  -3  -4   8   0  -1  -4  -3  -3    8   0   0   5   0   0   0   3   0   0   0   0   0   0  78   6   0   0   0   0  1.53 0.06
    4 C    -1  -4  -4  -5  11  -4  -5  -3  -4  -2  -2  -4  -2  -3  -4  -2  -2  -3  -3  -2    0   0   0   0 100   0   0   0   0   0   0   0   0   0   0   0   0   0   0   0  1.85 0.12
    5 G     2  -3  -1  -2  -3  -2  -2   6  -3  -4  -4  -2  -3  -4  -2   0  -2  -3  -3  -3   21   0   0   0   0   0   0  79   0   0   0   0   0   0   0   0   0   0   0   0  0.93 0.06
    6 E    -1  -1  -1   1  -5   2   6  -3  -1  -4  -4   0  -3  -4  -2  -1  -1  -4  -3  -3    0   0   0   0   0   0 100   0   0   0   0   0   0   0   0   0   0   0   0   0  1.01 0.09
    7 S     1  -1   0  -1  -1  -1  -1  -1  -2  -3  -3  -1  -2  -3   0   5   1  -4  -2  -2    0   0   0   0   0   0   0   0   0   0   0   0   0   0   3  94   4   0   0   0  0.64 0.08
    8 C    -1  -4  -4  -5  11  -4  -5  -3  -4  -2  -2  -4  -2  -3  -4  -2  -2  -3  -3  -2    0   0   0   0 100   0   0   0   0   0   0   0   0   0   0   0   0   0   0   0  1.85 0.12
    9 V     1  -3  -3  -4  -1  -3  -3  -3  -4   2   0  -3   0  -1  -3  -2   0  -4  -2   5    9   0   0   0   0   0   0   0   0   2   0   0   0   0   0   0   0   0   0  89  0.49 0.07
   10 W    -3  -3  -3  -4  -3  -3  -3  -4   0  -2  -1  -3   1   4  -4  -3  -3   9   6  -2    0   0   0   0   0   0   0   0   0   0   0   0   5  25   0   0   0  31  39   0  1.11 0.07
   11 I    -2  -4  -4  -4  -2  -4  -4  -5  -4   6   2  -3   1  -1  -4  -3  -1  -3  -2   2    0   0   0   0   0   0   0   0   0  95   5   0   0   0   0   0   0   0   0   0  0.63 0.07
   12 P    -1  -3  -3  -2  -4  -2  -2  -3  -3  -4  -4  -2  -3  -5   8   0  -2  -5  -4  -3    0   0   0   0   0   0   0   0   0   0   0   0   0   0  95   5   0   0   0   0  2.12 0.09
   13 C    -1  -4  -4  -5  11  -4  -5  -3  -4  -2  -2  -4  -2  -3  -4  -2  -2  -3  -3  -2    0   0   0   0 100   0   0   0   0   0   0   0   0   0   0   0   0   0   0   0  1.85 0.12
   14 I    -1  -3  -4  -4  -2  -3  -3  -4  -3   4   2  -3   1   3  -3  -2  -1  -2   0   2    3   0   0   0   0   0   0   0   0  54   9   0   0  16   0   0   3   0   0  15  0.34 0.04
   15 S     0  -2   0  -1  -1  -1  -1  -2  -2  -1  -2  -1  -1  -3  -2   3   5  -3  -2   0    0   0   0   0   0   0   0   0   0   3   0   0   0   0   0  27  67   0   0   3  0.50 0.06
   16 S     2  -1   0  -1  -1  -1   0   1   0  -2  -2   0  -2  -3   0   2   2  -3  -2  -1   30   0   0   0   0   0   5  10   4   0   0   2   0   0   3  29  14   0   0   0  0.25 0.03
   17 A     1  -2  -3  -3  -1  -2  -2  -2  -3   2   2  -2   1  -1  -2  -1  -1  -2  -1   3   20   0   0   1   0   0   1   1   0  13  27   1   2   0   0   1   1   0   0  31  0.19 0.02
   18 V     0  -3  -3  -3  -1  -2  -3  -3  -3   3   2  -2   1   1   0  -2  -1  -2  -1   2    9   0   0   0   0   0   0   0   0  30  25   0   2   6   4   0   0   0   0  22  0.23 0.02
   19 G     0  -3   1  -2  -3  -2  -3   6  -2  -5  -4  -2  -3  -4  -3  -1  -2  -3  -4  -4    0   0   6   0   0   0   0  94   0   0   0   0   0   0   0   0   0   0   0   0  1.17 0.07
   20 C    -1  -4  -4  -5  11  -4  -5  -3  -4  -2  -2  -4  -2  -3  -4  -2  -2  -3  -3  -2    0   0   0   0 100   0   0   0   0   0   0   0   0   0   0   0   0   0   0   0  1.85 0.12
   21 S     1  -1   0  -1  -2   0  -1   0  -1  -3  -3   1  -2  -3  -1   5   2  -3  -2  -2    3   0   0   0   0   0   0   2   0   0   0  10   0   0   0  78   7   0   0   0  0.49 0.06
   22 C    -1  -4  -4  -5  11  -4  -5  -3  -4  -2  -2  -4  -2  -3  -4  -2  -2  -3  -3  -2    0   0   0   0 100   0   0   0   0   0   0   0   0   0   0   0   0   0   0   0  1.85 0.12
   23 K    -1   2   0  -1  -3   1   1  -2  -1  -2  -2   5  -1  -3  -2   1   0  -3  -2  -2    0   6   0   0   0   2   4   0   0   0   3  63   0   0   0  13   6   0   0   3  0.40 0.05
   24 N    -1  -1   5   3  -3   0   0  -1   0  -4  -4   0  -3  -4  -2   3   0  -4  -3  -3    0   0  53  14   0   0   0   0   0   0   0   2   0   0   0  31   0   0   0   0  0.58 0.06
   25 K    -1   2   0  -1  -4   1   0  -2  -1  -3  -3   5  -2  -4  -2   1  -1  -4  -2  -3    0   6   2   0   0   2   0   0   0   0   0  81   0   0   0   9   0   0   0   0  0.61 0.07
   26 V    -1  -1  -3  -4  -1   0  -2  -4  -3   2   0  -2   0  -1  -3  -2  -1  -4  -2   5    0   3   0   0   0   5   0   0   0   2   0   0   0   0   0   0   0   0   0  89  0.45 0.07
   27 C    -1  -4  -4  -5  11  -4  -5  -3  -4  -2  -2  -4  -2  -3  -4  -2  -2  -3  -3  -2    0   0   0   0 100   0   0   0   0   0   0   0   0   0   0   0   0   0   0   0  1.85 0.12
   28 Y    -2  -2  -3  -4  -3  -2  -3  -4   1  -2  -1  -3  -1   3  -4  -2  -2   2   8  -1    0   0   0   0   0   0   0   0   0   0   0   0   0   7   0   0   0   0  89   4  1.08 0.08
   29 K    -2   4   1   0  -3   1   0  -2   1  -2   0   3   0   0  -2  -1  -1  -3   0  -2    0  30  11   5   0   1   0   0   6   1  14  25   2   4   0   0   0   0   2   0  0.23 0.03
   30 N    -2  -1   7   3  -3   0   0  -1   0  -4  -4  -1  -3  -4  -3   0  -1  -5  -3  -4    0   0  85  15   0   0   0   0   0   0   0   0   0   0   0   0   0   0   0   0  0.88 0.07

                      K         Lambda
Standard Ungapped    0.1367     0.3225
Standard Gapped      0.0410     0.2670
PSI Ungapped         0.1367     0.3225
PSI Gapped           0.0410     0.2670
