
Last position-specific scoring matrix computed, weighted observed percentages rounded down, information per position, and relative weight of gapless real matches to pseudocounts
            A   R   N   D   C   Q   E   G   H   I   L   K   M   F   P   S   T   W   Y   V   A   R   N   D   C   Q   E   G   H   I   L   K   M   F   P   S   T   W   Y   V
    1 Q    -1   1   0   0  -3   5   4  -2   0  -3  -3   1  -1  -3  -1   0  -1  -2  -2  -3    0   0   0   0   0  67  33   0   0   0   0   0   0   0   0   0   0   0   0   0  0.63 0.02
    2 R    -1   4   3   0  -3   3   0  -2   0  -3  -3   1  -1  -3  -2   0  -1  -3  -2  -3    0  49  25   0   0  26   0   0   0   0   0   0   0   0   0   0   0   0   0   0  0.51 0.02
    3 G    -1  -3   1  -2  -3  -3  -3   5  -2  -4  -3  -2  -3   2  -3  -1  -2  -2   1  -3    0   0   8   0   0   0   0  71   0   0   0   0   0  14   0   0   0   0   7   0  0.88 0.14
    4 S     0  -3  -3  -4   5  -3  -4  -3  -3   0   0  -3  -1   6  -4  -1  -2  -1   1  -1    7   0   0   0  20   0   0   0   0   6   7   0   0  52   0   6   0   0   0   0  0.66 0.14
    5 R     2   1   2  -2   7  -1   0  -2  -2  -3  -3  -1  -2  -3  -3   2  -1  -4  -3  -2   19  11  12   0  35   0   6   0   0   0   0   0   0   0   0  16   0   0   0   0  0.56 0.13
    6 G     2  -1  -2  -1   2   0   3   0  -2  -2  -3   3  -2  -3  -2   0  -1  -4  -3  -1   30   0   0   0   5   0  30   5   0   0   0  24   0   0   0   0   0   0   0   6  0.35 0.12
    7 Q    -1   0  -1   1  -3   4   2  -1  -1  -2   0   1   0  -3  -2   1   0  -3  -2  -1    0   4   0   9   0  31  11   3   0   0  11   6   2   0   0  12   5   0   0   6  0.27 0.12
    8 R    -2   2   1   2  -4   3   3  -2   1  -4  -2   3  -2  -4  -2   0  -2  -4  -3  -3    0   8   5  11   0  20  18   2   4   0   3  26   0   0   0   4   0   0   0   0  0.47 0.15
    9 C    -3  -6  -6  -6  11  -6  -7  -5  -6  -4  -4  -6  -4  -5  -6  -4  -4  -5  -5  -4    0   0   0   0 100   0   0   0   0   0   0   0   0   0   0   0   0   0   0   0  3.51 0.65
   10 G    -1   0  -3  -1  -4   0   1   0  -3  -4  -4  -1  -4  -5   7  -1   0  -5  -4  -4    3   5   0   3   0   5   8   7   0   0   0   3   0   0  57   2   7   0   0   0  1.21 0.30
   11 P     2  -1   0  -2  -3   0   0   2   1  -4  -3   0  -3  -4   5   1  -2  -4  -3  -3   17   3   3   0   0   3   7  16   4   0   2   6   0   0  28  11   0   0   0   0  0.51 0.18
   12 G    -2  -1   6  -1  -4  -1  -3   4   0  -5  -5  -1  -4  -2  -4  -1  -1  -5  -4  -5    0   2  48   0   0   2   0  36   2   0   0   2   0   2   0   3   3   0   0   0  1.00 0.32
   13 E    -1   0  -2  -1  -4   4   3  -1   1  -3  -2   1   3  -4  -3   1  -2  -4  -3  -3    3   4   0   0   0  21  27   4   4   0   2   6  14   0   0  15   0   0   0   0  0.46 0.23
   14 V    -2  -2  -2  -2  -3   1   2  -4   3   3   0  -1  -1  -2  -3  -1   0  -4  -2   3    0   0   0   0   0   6  15   0  12  22   5   2   0   0   0   6   4   0   0  28  0.33 0.19
   15 F    -4  -4  -4  -5  -5   0  -4  -5   1  -3  -2  -4  -3   4  -5  -4  -4   3   9  -4    0   0   0   0   0   4   0   0   2   0   3   0   0  14   0   0   0   3  74   0  1.91 0.48
   16 N    -2   0   3   0  -3   3   1  -2   2  -3   0   1  -1  -3  -3   2   1  -4  -2  -2    0   2  17   3   0  16   7   0   6   0  11   9   2   0   0  16  12   0   0   0  0.30 0.16
   17 Q    -1   0  -2  -1  -4   2   4  -3   3  -3  -2  -1  -2  -3   2   1   1   2  -2  -1    2   5   0   0   0  10  35   0   8   0   4   0   0   0   9  10   9   3   0   5  0.41 0.20
   18 C    -3  -6  -5  -6  11  -5  -6  -5  -6  -4  -4  -6  -4  -5  -5   0   0  -5  -5  -4    0   0   0   0  89   0   0   0   0   0   0   0   0   0   0   6   5   0   0   0  2.99 0.61
   19 G     1   0  -2  -1  -3  -2   0   5   0  -1  -3  -2  -3  -4   0   0  -1  -4  -3  -1   14   6   0   2   0   0   6  48   2   3   0   0   0   0   4   6   2   0   0   6  0.54 0.20
   20 S     1  -2   2   0  -3  -1  -1  -1  -2  -1  -3   1  -2  -4   3   3   1  -4  -3  -1    8   0   9   5   0   0   2   2   0   5   0   8   0   0  16  30  11   0   0   4  0.36 0.17
   21 A     2  -1  -2  -2   1  -2   0   0  -3  -3  -1  -2  -2  -2   5   2   1  -4  -3  -2   18   2   0   0   3   0   5   6   0   0   5   0   0   2  30  18   9   0   0   2  0.53 0.20
   22 C    -3  -6  -1  -6  11  -6  -6  -5  -6  -4  -4  -6  -4  -5  -6  -4  -4   1  -5  -4    0   0   4   0  94   0   0   0   0   0   0   0   0   0   0   0   0   2   0   0  3.23 0.64
   23 P    -1  -3   0  -1  -4   2   0  -1  -3   0   0  -2   0  -3   6  -2  -1  -4  -3  -1    5   0   6   2   0  10   5   5   0   7  13   0   2   0  40   0   2   0   0   3  0.66 0.22
   24 R     0   2  -1   3  -4   1   2  -1   0  -3  -1   1  -1  -4   2  -1  -2  -4  -3  -3    9  14   0  20   0   5  17   4   2   0   8   8   1   0  11   0   0   0   0   0  0.34 0.15
   25 V    -2  -1  -1  -3  -3  -2   0  -3   0  -3  -3   0   2  -1  -3   2   6  -4  -3  -1    0   3   2   0   0   0   5   0   2   0   0   5   6   2   0  12  60   0   0   2  0.75 0.31
   26 C    -3  -6   0  -6  11  -6  -6  -5  -6  -4  -4  -6  -4  -5  -6  -4  -4  -5  -5  -4    0   0   6   0  94   0   0   0   0   0   0   0   0   0   0   0   0   0   0   0  3.26 0.65
   27 G     1  -1   1   1  -3   1   1   0   0  -2  -1   0   0  -3   0   2   0  -3  -2  -2   11   2   8   6   0   6  11   6   2   2   8   3   3   0   4  23   2   0   0   0  0.16 0.10
   28 R    -1   0   5   3  -4   0   0  -2   3  -4  -4  -1  -3  -3  -3   2   1  -4   0  -4    3   4  32  16   0   2   2   0   8   0   0   2   0   0   0  19   8   0   4   0  0.54 0.22
   29 P    -2   1   0  -2  -3   1  -2  -1  -1   0   2  -1  -1  -2   4  -1  -1  -3   0   0    0   8   6   0   0   7   0   6   1   3  26   0   0   0  22   4   3   0   4   7  0.27 0.13
   30 P     2  -1   0   0  -3   0   2  -1  -2  -4  -4   0  -3  -4   4   1  -2  -4  -4  -3   25   3   5   3   0   2  20   4   0   0   0   4   0   0  25   9   0   0   0   0  0.56 0.21
   31 A    -1   1   1   2  -3   0   0  -1  -2  -2  -2   0  -3  -3   4   1  -1   3  -1  -3    2   8   9  13   0   3   6   2   0   3   3   5   0   0  23  13   2   6   2   0  0.40 0.15
   32 Q    -1   1  -1   0   4   1   2   0   2  -3  -3   2  -1  -3  -1   1  -1  -3  -1  -2    3   6   0   5  13   4  16   7   6   0   0  13   3   0   3  15   0   0   2   3  0.23 0.12
   33 A     0  -2   1   0   1   0   0   0   0   0   1  -2  -1   1   2   0  -1  -3  -1  -1    9   0  10   4   5   5   5   7   3   7  16   0   0   7  13   7   0   0   0   3  0.10 0.07
   34 C    -3  -5  -4   0  10   0   0  -5  -5  -2  -4  -5  -4  -5  -2  -2  -3  -5  -5  -3    0   0   0   6  78   4   6   0   0   2   0   0   0   0   2   2   0   0   0   0  2.32 0.52
   35 T     0  -1   1   1  -2  -1   1  -1  -2  -1  -1   0  -2  -2   0   1   3  -3   0  -1    5   3   6   7   0   0  11   3   0   5   4   7   0   0   3  14  24   0   5   4  0.16 0.11
   36 L    -1   1  -1   2  -3   1   3  -1   1  -3  -1   1   0  -3   0   1  -1  -3  -1  -3    3   7   0  15   0   3  21   2   3   0   8  12   5   0   5  11   2   0   3   0  0.24 0.12
   37 Q     1  -1  -1   0  -3   1   0  -1   3   0  -2  -1   0   0   3   0  -1  -3   0   0   12   2   2   6   0   9   7   3  11   8   0   0   4   5  14   6   0   0   3   8  0.16 0.10
   38 C    -3  -2  -5  -6  11   2  -5  -5  -5  -4  -4  -5  -4  -5  -5  -4  -4  -5   0  -4    0   2   0   0  84  11   0   0   0   0   0   0   0   0   0   0   0   0   4   0  2.71 0.58
   39 V     1   0  -3  -3  -2   0  -1  -1   0   0   0  -1   2   0  -3  -2   1  -3  -2   3   12   4   0   0   0   5   3   4   3   0   9   4   6   5   0   0   9   0   0  38  0.20 0.15
   40 S     1  -2  -2   2  -4   0   4  -3   0  -2  -3  -1  -3   1   2   0  -2  -3  -1  -1   15   0   0  13   0   3  34   0   3   2   0   0   0   8  11   6   0   0   2   5  0.40 0.19
   41 G    -1  -1  -2  -3  -4  -3  -4   7  -4  -5  -5  -3  -4  -5   0  -2  -3  -4  -5  -5    3   3   0   0   0   0   0  86   0   0   0   0   0   0   4   0   0   0   0   0  1.61 0.38
   42 C    -3  -7  -6  -7  11  -6  -7  -6  -6  -4  -4  -6  -4  -5  -6  -4  -4  -5  -6  -4    0   0   0   0 100   0   0   0   0   0   0   0   0   0   0   0   0   0   0   0  3.61 0.69
   43 F    -1  -3   1  -3  -3   0   1  -3   1   0  -1  -2   0   5  -4  -2  -1   3   2   1    5   0   9   0   0   5  10   0   3   2   0   0   3  33   0   0   4   5   5  16  0.37 0.19
   44 C    -3  -7  -6  -7  11  -6  -7  -6  -6  -4  -4  -6  -4  -5  -6  -4  -4  -5  -6  -4    0   0   0   0 100   0   0   0   0   0   0   0   0   0   0   0   0   0   0   0  3.61 0.69
   45 R    -2   1   2   0  -4   2  -2  -3  -3  -3  -4   1  -3  -5   6   0  -1  -5  -4  -4    0   7   9   5   0  14   0   0   0   2   0   8   0   0  47   5   2   0   0   0  1.03 0.29
   46 R    -1   0   0  -1  -4   1   3  -3   0  -3   0   0  -2  -4   5   0  -2  -4  -3  -3    5   5   5   0   0   5  29   0   2   0  13   4   0   0  28   4   0   0   0   0  0.59 0.22
   47 G    -2  -4   0  -1  -5  -4  -4   7  -4  -6  -6  -4  -5  -5  -4  -1  -4  -5  -5  -5    0   0   3   3   0   0   0  92   0   0   0   0   0   0   0   3   0   0   0   0  1.84 0.44
   48 Y    -3  -3  -3  -4  -3  -1  -3  -4   3  -2   2  -2  -1   3  -4  -2   2  -1   5  -2    0   0   0   0   0   3   0   0   7   0  24   2   0  15   0   0  19   0  30   0  0.66 0.26
   49 I    -2  -4  -4  -5  -3  -4  -4  -5  -3   3   2  -4   0   2  -4  -3  -2  -2   3   4    0   0   0   0   0   0   0   0   0  21  23   0   0   7   0   0   0   0  12  37  0.66 0.24
   50 R    -3   4  -3  -4  -4   0   0  -4  -2   0   3  -1   0   0  -4  -3  -3   3   1  -2    0  27   0   0   0   4   7   0   0   4  44   0   1   3   0   0   0   4   6   0  0.51 0.23
   51 T    -2  -2   4   5  -4  -2   0  -2   3  -4  -4  -2  -4  -4  -3   2   0  -5  -3  -4    0   0  22  41   0   0   3   0   8   0   0   0   0   0   0  18   5   0   0   0  0.85 0.28
   52 Q    -2   0  -1   3  -4   1   3   2   1  -2  -3   1  -1  -4   0   0   0  -4  -3  -3    0   3   0  20   0   5  22  16   3   3   0   8   2   0   4   5   7   0   0   0  0.35 0.15
   53 R    -1   1   2   1  -3   0   1  -2  -2   1   0   1  -1  -2  -2   0   2  -3  -2  -1    0  10  10  11   0   3   7   0   0  11  12  12   0   0   0   6  15   0   0   0  0.16 0.10
   54 G     0  -1   1  -2  -3  -2  -2   5   1  -4  -4   0  -3  -4   0   2  -2  -4  -3  -4    3   2   7   0   0   0   0  52   5   0   1   4   0   0   4  18   0   0   0   0  0.72 0.23
   55 G     0   0   0   1  -2   1   0   2  -2   0  -1   0  -1   0  -2   0   0  -3  -2   0    7   6   4   8   0   7   6  22   0   5   6   5   0   5   0   4   6   0   0   8  0.09 0.05
   56 C    -3  -7  -6  -7  11  -6  -7  -6  -6  -4  -4  -6  -4  -5  -6  -4  -4  -5  -6  -4    0   0   0   0 100   0   0   0   0   0   0   0   0   0   0   0   0   0   0   0  3.61 0.69
   57 I    -2  -5  -5  -5  -3  -4  -5  -5  -5   4   0  -4   1  -3  -5  -4  -2  -5  -3   6    0   0   0   0   0   0   0   0   0  21   2   0   3   0   0   0   0   0   0  73  1.21 0.37
   58 P    -3  -1  -3  -1  -4  -3  -3  -4  -1  -4   0   1  -3  -4   7   0  -3  -5  -4  -4    0   3   0   2   0   0   0   0   2   0  13   9   0   0  62   8   0   0   0   0  1.42 0.36
   59 E    -2   2  -3  -3  -4  -1   1  -4  -3   0   1   1  -1  -3   4  -2  -2  -4  -3   1    0  16   0   0   0   0  11   0   0   5  17  11   0   0  27   0   0   0   0  15  0.50 0.20
   60 R     1   0   1   2  -3   0   2   0   0  -3  -3  -1  -2  -1   0   2   0  -3  -1  -2   17   4   8  10   0   3  15   4   2   0   0   0   0   2   3  25   1   0   2   3  0.25 0.14
   61 Q    -2   1   1   2  -4   5   1  -3   4  -3  -1   2  -2  -1  -3  -1  -2  -4  -2  -3    0   5   5  10   0  34   8   0  11   0   9  13   0   3   0   2   0   0   0   0  0.52 0.23
   62 C    -3  -7  -6  -7  11  -6  -7  -6  -6  -4  -4  -6  -4  -5  -6  -4  -4  -5  -6  -4    0   0   0   0 100   0   0   0   0   0   0   0   0   0   0   0   0   0   0   0  3.61 0.69
   63 H    -1  -2  -1  -2  -3  -1  -1   0   6  -2  -2  -2  -2   2   2   0   2  -2   2  -2    0   0   0   0   0   0   0   8  36   0   0   0   0  11  10   7  19   0   9   0  0.42 0.08
   64 Q    -1  -1  -1  -2   7   5   0  -2  -1  -3  -2   0  -1  -3  -2   1  -1  -3  -2  -2    0   0   0   0  38  47   0   0   0   0   0   0   0   0   0  15   0   0   0   0  0.70 0.09
   65 R    -2   6  -1  -2  -4   1   0  -2  -1  -3  -3   3  -2  -3  -2  -1  -1  -3  -2  -3    0  78   0   0   0   0   0   0   0   0   0  22   0   0   0   0   0   0   0   0  0.74 0.04

                      K         Lambda
Standard Ungapped    0.1437     0.3295
Standard Gapped      0.0434     0.2670
PSI Ungapped         0.1417     0.3188
PSI Gapped           0.0434     0.2670
