
Last position-specific scoring matrix computed, weighted observed percentages rounded down, information per position, and relative weight of gapless real matches to pseudocounts
            A   R   N   D   C   Q   E   G   H   I   L   K   M   F   P   S   T   W   Y   V   A   R   N   D   C   Q   E   G   H   I   L   K   M   F   P   S   T   W   Y   V
    1 G     0  -3  -1  -2  -3  -2  -2   6  -2  -4  -4  -2  -3  -3  -2   0  -2  -3  -3  -4    0   0   0   0   0   0   0 100   0   0   0   0   0   0   0   0   0   0   0   0  1.12 0.03
    2 L    -1  -3  -4  -4  -1  -3  -3  -4  -3   3   3  -3   1   2  -3  -3  -1  -2  -1   2    0   0   0   0   0   0   0   0   0  39  40   0   0  10   0   0   0   0   0  11  0.34 0.01
    3 M    -2  -2  -4  -4  -2  -2  -3  -4  -3   1   4  -3   3   0  -3  -3  -1  -2  -1   1    0   0   0   0   0   0   0   0   0   0  85   0  15   0   0   0   0   0   0   0  0.47 0.03
    4 D    -2  -2   2   6  -3   0   1  -1  -1  -3  -4  -1  -3  -4  -2   1  -1  -4  -3  -3    0   0   5  84   0   0   0   0   0   0   0   0   0   0   0  10   0   0   0   0  0.84 0.03
    5 S     1  -1   0  -1  -1   0  -1  -1  -2  -1  -2   1  -1  -3  -1   2   4  -3  -2  -1    5   0   0   0   0   0   0   0   0   0   0  10   0   0   0  22  62   0   0   0  0.37 0.02
    6 L    -2  -3  -4  -4  -2  -3  -3  -4  -3   2   4  -3   2   2  -3  -3  -1  -1   0   1    0   0   0   0   0   0   0   0   0   7  83   0   0  10   0   0   0   0   0   0  0.44 0.02
    7 K    -1   2   0  -1  -3   1   1  -2  -1  -3  -3   5  -2  -4  -1   0  -1  -3  -2  -3    0   0   0   0   0   0   0   0   0   0   0 100   0   0   0   0   0   0   0   0  0.62 0.04
    8 G    -1   0   5   1  -3   2   1   2   1  -4  -3   0  -2  -3  -2   0  -1  -3  -2  -3    0   0  55   0   0  16   6  18   4   0   0   0   0   0   0   0   0   0   0   0  0.48 0.02
    9 L    -1  -3  -3  -4  -2  -2  -3  -4  -2   1   3  -3   2   3  -3  -2  -1  -1   1   2    0   0   0   0   0   0   0   0   0   0  41   0  11  26   0   0   0   0   0  22  0.32 0.02
   10 A     4  -2  -2  -2  -1  -1  -1   2  -2  -2  -2  -1  -1  -3  -1   1   0  -3  -2  -1   83   0   0   0   0   0   0  17   0   0   0   0   0   0   0   0   0   0   0   0  0.43 0.03
   11 A     0   0  -2  -2  -2  -1  -1  -2  -2   3   0   2   0  -1  -2  -1  -1  -3  -2   1   11   0   0   0   0   0   0   0   0  52   0  37   0   0   0   0   0   0   0   0  0.15 0.02
   12 T     0  -1   1  -1  -1  -1  -1   2  -1  -2  -2  -1  -2  -3  -1   3   3  -3  -2  -1    0   0   8   0   0   0   0  18   0   0   0   0   0   0   0  32  42   0   0   0  0.35 0.02
   13 A     4  -2  -2  -2  -1  -1  -1   0  -2   0  -1  -1  -1  -2  -1   1   0  -3  -2   1   82   0   0   0   0   0   0   0   0   0   0   0   0   0   0   0   0   0   0  18  0.35 0.03
   14 G     2  -2  -1  -2  -2  -2  -2   5  -2  -2  -1  -1  -1  -2  -2   0  -1  -3  -3  -1   35   0   0   0   0   0   0  55   0   0  10   0   0   0   0   0   0   0   0   0  0.49 0.02
   15 K    -1   3   0  -1  -3   2   1  -2  -1  -3  -3   5  -1  -3  -1   0  -1  -3  -2  -3    0   6   0   0   0  10   0   0   0   0   0  83   0   0   0   0   0   0   0   0  0.56 0.03
   16 T     0  -3  -1  -2  -3  -2  -2   6  -2  -4  -4  -2  -3  -3  -2   0   0  -3  -3  -3    0   0   0   0   0   0   0  93   0   0   0   0   0   0   0   0   7   0   0   0  1.00 0.03
   17 V     4  -2  -2  -2  -1  -1  -2  -1  -2   1  -1  -1   0  -2  -1   0   0  -3  -2   2   68   0   0   0   0   0   0   0   0   5   0   0   0   0   0   0   0   0   0  27  0.27 0.02
   18 L     2  -2  -2  -3  -1  -2  -2   2  -2   0   2  -2   1  -1  -2  -1  -1  -2  -2   0   27   0   0   0   0   0   0  24   0   0  49   0   0   0   0   0   0   0   0   0  0.21 0.01
   19 Q    -1   1   0  -1  -3   6   2  -2   0  -3  -2   1  -1  -3  -2   0   1  -2  -2  -2    0   0   0   0   0  83   0   0   0   0   0   5   0   0   0   0  11   0   0   0  0.62 0.04
   20 G     1  -2   1  -1  -2  -1  -1   4  -1  -3  -3  -1  -2  -3  -2   3   0  -3  -3  -3    0   0   7   0   0   0   0  43   0   0   0   0   0   0   0  50   0   0   0   0  0.50 0.02
   21 L    -1  -3  -4  -4  -1  -2  -3  -4  -3   2   3  -3   2   0  -3  -2  -1  -2  -1   3    0   0   0   0   0   0   0   0   0   0  64   0   0   0   0   0   0   0   0  36  0.38 0.02
   22 L    -1  -2  -4  -4  -1  -2  -3  -4  -3   2   4  -3   2   0  -3  -3  -1  -2  -1   2    0   0   0   0   0   0   0   0   0   0  82   0   0   0   0   0   0   0   0  18  0.43 0.02
   23 K    -1   1   5   0  -3   0   0  -1   0  -3  -3   3  -2  -3  -2   1   0  -4  -2  -3    0   0  52   0   0   0   0   0   0   0   0  33   0   0   0  15   0   0   0   0  0.46 0.03
   24 T     1  -1  -1  -2  -1  -1  -1  -2   2  -1  -1   0   1  -2  -1   1   4  -3  -1   0   11   0   0   0   0   0   0   0   8   0   0   4   8   0   0   0  61   0   0   7  0.26 0.02
   25 A     3  -2  -2  -3  -1  -1  -2  -1  -2   0   2  -2   0  -1  -2   0  -1  -2  -2   1   59   0   0   0   0   0   0   0   0   0  34   0   0   0   0   0   0   0   0   6  0.23 0.02
   26 S     1  -1   0  -1  -1   0  -1  -1  -1  -2  -1  -1  -1  -2  -1   4   1  -3  -2  -1    0   0   0   0   0   0   0   0   0   0  11   0   0   0   0  89   0   0   0   0  0.39 0.03
   27 C    -1  -4  -3  -4  10  -3  -4  -3  -3  -2  -2  -4  -2  -3  -3  -1  -1  -3  -3  -1    0   0   0   0 100   0   0   0   0   0   0   0   0   0   0   0   0   0   0   0  1.47 0.06
   28 K    -1   2   0  -1  -3   2   1  -2  -1  -3  -3   5  -1  -3  -1   0  -1  -3  -2  -3    0   0   0   0   0  11   0   0   0   0   0  89   0   0   0   0   0   0   0   0  0.57 0.03
   29 L    -2  -3  -4  -4  -1  -2  -3  -4  -3   2   4  -3   2   0  -3  -3  -1  -2  -1   1    0   0   0   0   0   0   0   0   0  10  90   0   0   0   0   0   0   0   0   0  0.48 0.03
   30 E     2  -1   0   2  -1   0   1  -1  -1  -2  -3   0  -2  -3  -1   3   1  -3  -2  -2   27   0   0  18   0   0   7   0   0   0   0   0   0   0   0  48   0   0   0   0  0.34 0.02
   31 K    -1   1   0  -1  -3   1   0   3  -1  -3  -3   4  -2  -3  -2   0  -1  -3  -2  -3    0   0   0   0   0   0   0  30   0   0   0  70   0   0   0   0   0   0   0   0  0.47 0.03
   32 T     0   0   0  -1  -2   3   0  -2  -1  -2  -2   0  -1  -3  -1   2   4  -3  -2  -1    0   0   0   0   0  35   0   0   0   0   0   0   0   0   0  11  53   0   0   0  0.39 0.03
   33 C    -1  -4  -3  -4  10  -3  -4  -3  -3  -2  -2  -4  -2  -3  -3  -1  -1  -3  -3  -1    0   0   0   0 100   0   0   0   0   0   0   0   0   0   0   0   0   0   0   0  1.47 0.06

                      K         Lambda
Standard Ungapped    0.1290     0.3150
Standard Gapped      0.0412     0.2670
PSI Ungapped         0.1346     0.3196
PSI Gapped           0.0412     0.2670
