
Last position-specific scoring matrix computed, weighted observed percentages rounded down, information per position, and relative weight of gapless real matches to pseudocounts
            A   R   N   D   C   Q   E   G   H   I   L   K   M   F   P   S   T   W   Y   V   A   R   N   D   C   Q   E   G   H   I   L   K   M   F   P   S   T   W   Y   V
    1 G     0  -3  -1  -2  -3  -2  -3   6  -3  -4  -4  -2  -3  -4  -3  -1  -2  -3  -4  -4    0   0   0   0   0   0   0 100   0   0   0   0   0   0   0   0   0   0   0   0  1.17 0.04
    2 L    -2  -3  -4  -4  -2  -3  -4  -4  -3   2   3  -3   1   4  -4  -3  -2  -1   1   1    0   0   0   0   0   0   0   0   0  24  47   0   0  29   0   0   0   0   0   0  0.40 0.03
    3 W    -2  -3  -3  -4  -2  -2  -3  -3  -3   1   2  -3   4   1  -3  -2  -1   9   1   0    0   0   0   0   0   0   0   0   0   5  20   0  27   5   0   0   5  37   0   0  0.80 0.05
    4 D    -1  -1   2   5  -3   0   3  -1  -1  -3  -4   0  -3  -4  -2   2   0  -4  -3  -3    0   0  14  45   0   0  21   0   0   0   0   0   0   0   0  20   0   0   0   0  0.56 0.03
    5 T     0  -2   0  -2  -1  -1  -1   1  -2  -1  -2  -1  -1  -3  -2   1   5  -3  -2  -1    0   0   0   0   0   0   0  11   0   0   0   0   0   0   0   0  89   0   0   0  0.55 0.06
    6 I     0  -3  -3  -4  -1  -3  -3  -3  -3   4   2  -3   1  -1  -3  -2  -1  -3  -2   3    8   0   0   0   0   0   0   0   0  44   9   0   0   0   0   0   0   0   0  39  0.34 0.03
    7 K    -1   2  -1  -1  -4   1   1  -2  -1  -3  -3   6  -2  -4  -1  -1  -1  -4  -2  -3    0   0   0   0   0   0   0   0   0   0   0 100   0   0   0   0   0   0   0   0  0.71 0.07
    8 Q    -1  -1   6   1  -3   1   1   2   0  -4  -4   0  -3  -4  -2   0  -1  -4  -3  -3    0   0  69   0   0   7   9  15   0   0   0   0   0   0   0   0   0   0   0   0  0.61 0.05
    9 A     2  -2  -2  -3  -1  -2  -2  -2  -2   1   1  -2   0   1  -2   0   0  -2  -1   2   41   0   0   0   0   0   0   0   0   0  20   0   0  10   0   0   6   0   0  22  0.16 0.02
   10 G     4  -2  -1  -2  -1  -1  -2   4  -2  -2  -3  -1  -2  -3  -2   1  -1  -3  -3  -1   63   0   0   0   0   0   0  37   0   0   0   0   0   0   0   0   0   0   0   0  0.52 0.04
   11 K    -1   2   0  -1  -3   1   0  -2  -1  -3  -3   5  -2  -3  -1   0   2  -3  -2  -2    0   0   0   0   0   0   0   0   0   0   0  80   0   0   0   0  20   0   0   0  0.51 0.05
   12 N    -1   0   5   1  -3   0   0   1   0  -3  -4   2  -2  -4  -2   0   0  -4  -3  -3    0   0  60   5   0   0   0  11   0   0   0  19   0   0   0   0   5   0   0   0  0.51 0.04
   13 I    -1  -3  -4  -4  -2  -3  -3  -4  -3   2   2  -3   1   4  -3  -2  -1  -1   1   3    0   0   0   0   0   0   0   0   0   7  19   0   0  30   0   0   0   0   0  43  0.33 0.03
   14 F     4  -2  -2  -2  -1  -1  -1  -1  -2  -1   0  -1  -1   0  -1   1   1  -2  -1   0   72   0   0   0   0   0   0   0   0   0  11   0   0   7   0   0  10   0   0   0  0.29 0.04
   15 L     0  -3  -2  -3  -2  -2  -3   4  -3   1   1  -2   0  -2  -3  -1  -1  -3  -2   2    5   0   0   0   0   0   0  43   0   9  18   0   0   0   0   0   0   0   0  25  0.29 0.02
   16 N     0  -1   3   0  -2   1  -1   0   1  -1  -2  -1  -1  -3  -2   2   3  -3  -2   0    0   0  27   0   0   8   0   6   5   0   0   0   0   0   0  16  29   0   0   9  0.25 0.02
   17 V    -1  -3  -4  -4  -1  -3  -3  -4  -3   3   3  -3   2   0  -3  -2  -1  -3  -1   3    0   0   0   0   0   0   0   0   0  21  38   0   5   0   0   0   0   0   0  37  0.36 0.03
   18 L    -2  -3  -4  -4  -2  -3  -3  -4  -3   3   4  -3   2   0  -3  -3  -1  -2  -1   1    0   0   0   0   0   0   0   0   0  20  80   0   0   0   0   0   0   0   0   0  0.49 0.04
   19 D    -2  -2   1   6  -4  -1   1  -2   3  -4  -4  -1  -3  -4  -2  -1  -2  -5  -3  -4    0   0   0  90   0   0   0   0  10   0   0   0   0   0   0   0   0   0   0   0  0.98 0.06
   20 K    -1   2   0  -1  -3   1   0  -2  -1  -3  -3   5  -2  -3  -1   0   2  -3  -2  -2    0   0   0   0   0   0   0   0   0   0   0  80   0   0   0   0  20   0   0   0  0.51 0.05
   21 I    -2  -3  -4  -4  -1  -3  -3  -4  -3   3   3  -3   2   0  -3  -3  -1  -2  -1   2    0   0   0   0   0   0   0   0   0  38  52   0   0   0   0   0   0   0   0  11  0.41 0.03
   22 K    -1   4  -1  -1  -4   1   0  -2  -1  -3  -3   5  -2  -4  -2  -1  -1  -3  -2  -3    0  29   0   0   0   0   0   0   0   0   0  71   0   0   0   0   0   0   0   0  0.63 0.05
   23 C    -1  -4  -3  -4  10  -4  -4  -3  -4  -2  -2  -4  -2  -3  -4  -1  -1  -3  -3  -1    0   0   0   0 100   0   0   0   0   0   0   0   0   0   0   0   0   0   0   0  1.66 0.09
   24 K    -1   2  -1  -1  -4   1   0   1  -1  -3  -3   5  -2  -4  -2  -1  -1  -4  -2  -3    0   0   0   0   0   0   0   9   0   0   0  91   0   0   0   0   0   0   0   0  0.59 0.06
   25 V    -1  -3  -4  -4  -1  -3  -3  -4  -4   4   1  -3   2  -1  -3  -2  -1  -3  -2   4    0   0   0   0   0   0   0   0   0  51   0   0   6   0   0   0   0   0   0  43  0.42 0.04
   26 A     2  -2  -1  -2  -1  -1  -1   1  -2  -1  -2  -1  -1  -3  -1   1   4  -3  -2  -1   27   0   0   0   0   0   0  10   0   0   0   0   0   0   0   0  63   0   0   0  0.38 0.04
   27 G     0  -3  -1  -2  -3  -2  -3   6  -3  -4  -4  -2  -3  -4  -3  -1  -2  -3  -4  -4    0   0   0   0   0   0   0 100   0   0   0   0   0   0   0   0   0   0   0   0  1.19 0.05
   28 G     0  -3  -1  -2  -3  -2  -3   6  -2  -4  -4  -2  -3  -4  -3  -1  -2  -3  -4  -4    0   0   0   0   0   0   0 100   0   0   0   0   0   0   0   0   0   0   0   0  1.14 0.03
   29 C    -1  -4  -3  -4  10  -4  -4  -3  -4  -2  -2  -4  -2  -3  -3  -1  -1  -3  -3  -1    0   0   0   0 100   0   0   0   0   0   0   0   0   0   0   0   0   0   0   0  1.49 0.05
   30 K    -1   4   3  -1  -3   1   0  -2   0  -3  -3   3  -2  -3  -2   0  -1  -3  -2  -3    0  42  22   0   0   0   0   0   0   0   0  36   0   0   0   0   0   0   0   0  0.48 0.01
   31 P    -1  -2  -2  -2  -3  -1  -1  -2  -2  -3  -3  -1  -3  -4   8  -1  -1  -4  -3  -3    0   0   0   0   0   0   0   0   0   0   0   0   0   0 100   0   0   0   0   0  2.07 0.01

                      K         Lambda
Standard Ungapped    0.1434     0.3220
Standard Gapped      0.0463     0.2670
PSI Ungapped         0.1513     0.3172
PSI Gapped           0.0463     0.2670
