
Last position-specific scoring matrix computed, weighted observed percentages rounded down, information per position, and relative weight of gapless real matches to pseudocounts
            A   R   N   D   C   Q   E   G   H   I   L   K   M   F   P   S   T   W   Y   V   A   R   N   D   C   Q   E   G   H   I   L   K   M   F   P   S   T   W   Y   V
    1 G     0  -3  -1  -2  -3  -2  -3   7  -3  -4  -4  -2  -3  -4  -3  -1  -2  -3  -4  -4    0   0   0   0   0   0   0 100   0   0   0   0   0   0   0   0   0   0   0   0  1.17 0.05
    2 L    -2  -3  -4  -4  -2  -3  -4  -4  -3   3   3  -3   1   3  -3  -3  -1  -2   0   2    0   0   0   0   0   0   0   0   0  32  46   0   0  17   0   0   0   0   0   4  0.39 0.04
    3 L    -2   1  -3  -4  -2  -2  -3  -4  -3   1   4  -2   3   0  -3  -3  -2  -2  -2   0    0  13   0   0   0   0   0   0   0   0  76   0  11   0   0   0   0   0   0   0  0.41 0.05
    4 D    -2  -2   2   6  -4  -1   1   0  -1  -4  -4  -1  -3  -4  -2   0   0  -5  -4  -4    0   0   7  78   0   0   0   5   0   0   0   0   0   0   0   6   4   0   0   0  0.83 0.07
    5 T     0   0   0  -1  -2   0  -1  -2  -2  -2  -2   2  -1  -3  -1   2   4  -3  -2  -1    3   0   0   0   0   0   0   0   0   0   0  20   0   0   0  23  54   0   0   0  0.39 0.05
    6 L    -2  -3  -4  -4  -2  -3  -4  -2  -3   2   3  -3   1   4  -4  -3  -2  -1   1   1    0   0   0   0   0   0   0   5   0  12  45   0   0  33   0   0   0   0   0   5  0.36 0.04
    7 K    -1   2  -1  -1  -4   1   0  -2  -1  -3  -3   6  -2  -4  -2  -1  -1  -4  -3  -3    0   0   0   0   0   0   0   0   0   0   0 100   0   0   0   0   0   0   0   0  0.77 0.09
    8 N    -2  -1   5   2  -3   1   1   1   1  -3  -4   0  -2  -4  -2   0   1  -4  -2  -3    0   0  52  13   0   9   4   9   3   0   0   0   0   0   0   0   9   0   0   0  0.49 0.05
    9 M     0  -3  -3  -4  -2  -2  -3  -3  -3   1   3  -3   2   2  -3  -2  -1   3   0   1   12   0   0   0   0   0   0   0   0   5  41   0  10  14   0   0   0   4   0  14  0.25 0.03
   10 A     4  -2  -2  -2  -1  -1  -2   1  -2  -1   0  -1   2  -2  -2   0  -1  -3  -2  -1   72   0   0   0   0   0   0  10   0   0   5   0  12   0   0   0   0   0   0   0  0.35 0.06
   11 I    -1  -1  -3  -3  -2  -2  -2  -3  -3   4   1   1   0  -1  -3  -2  -1  -3  -2   2    5   0   0   0   0   0   0   0   0  66   3  22   0   0   0   0   0   0   0   4  0.26 0.05
   12 N     0  -1   2   2  -2  -1  -1   3  -1  -3  -3   0  -2  -3  -2   2   2  -3  -3  -2    0   0  11  13   0   0   0  25   0   0   0   4   0   0   0  23  24   0   0   0  0.33 0.03
   13 A     4  -2  -3  -3  -1  -2  -2  -1  -3   1   0  -2   0  -2  -2   0   0  -3  -2   2   63   0   0   0   0   0   0   0   0   9   9   0   0   0   0   0   0   0   0  19  0.28 0.05
   14 A     4  -2  -2  -2  -1  -2  -2   4  -2  -2  -1  -1  -2  -3  -2   0  -1  -3  -3  -1   58   0   0   0   0   0   0  36   0   0   6   0   0   0   0   0   0   0   0   0  0.47 0.05
   15 K    -1   2  -1  -1  -4   2   1  -2  -1  -3  -3   6  -2  -4  -2  -1  -1  -4  -2  -3    0   4   0   0   0   6   0   0   0   0   0  90   0   0   0   0   0   0   0   0  0.69 0.08
   16 G     0  -2   0  -1  -2  -1  -2   5  -2  -4  -4  -1  -3  -3  -2   3   0  -3  -3  -3    0   0   0   0   0   0   0  57   0   0   0   0   0   0   0  38   5   0   0   0  0.65 0.06
   17 A     4  -2  -2  -3  -1  -2  -2  -1  -2   0  -1  -1  -1  -2  -2   0   0  -3  -2   2   77   0   0   0   0   0   0   0   0   4   0   0   0   0   0   0   0   0   0  19  0.38 0.06
   18 G     2  -3  -2  -2  -2  -2  -2   5  -3  -1   1  -2  -1  -2  -2  -1  -1  -3  -3  -1   22   0   0   0   0   0   0  51   0   0  27   0   0   0   0   0   0   0   0   0  0.42 0.04
   19 Q    -1   1  -1  -1  -3   5   1  -2  -1  -2  -2   2  -1  -3  -2   0   2  -3  -2  -1    0   0   0   0   0  55   0   0   0   0   0  20   0   0   0   0  17   0   0   7  0.45 0.06
   20 S     0  -2   1  -1  -2  -1  -1   4  -2  -3  -3  -1  -2  -3  -2   3   2  -3  -3  -2    0   0   4   0   0   0   0  39   0   0   0   0   0   0   0  45  12   0   0   0  0.49 0.05
   21 V     1  -3  -3  -4  -1  -2  -3  -3  -3   2   3  -3   1  -1  -3  -2  -1  -3  -2   3   12   0   0   0   0   0   0   0   0   0  37   0   0   0   0   0   0   0   0  51  0.31 0.04
   22 L    -2  -3  -4  -4  -2  -3  -3  -4  -3   2   5  -3   2   0  -3  -3  -2  -2  -2   1    0   0   0   0   0   0   0   0   0   0  90   0   0   0   0   0   0   0   0  10  0.55 0.06
   23 N    -1   0   5   0  -3   0   0  -1   0  -3  -3   3  -2  -4  -2   1   0  -4  -2  -3    0   0  48   0   0   0   0   0   0   0   0  35   0   0   0  14   4   0   0   0  0.48 0.06
   24 T     1  -1  -1  -2  -1  -1  -1   0   1  -1  -2   0   0  -3  -2   1   4  -3  -2   0   12   0   0   0   0   0   0   5   5   0   0   7   3   0   0   3  59   0   0   4  0.30 0.05
   25 L     2  -2  -3  -3  -1  -2  -2  -2  -3   1   3  -2   1  -1  -2  -1  -1  -2  -2   1   35   0   0   0   0   0   0   0   0   5  57   0   0   0   0   0   0   0   0   4  0.28 0.04
   26 S     2  -1   0  -1  -1  -1  -1  -1  -2  -1   0  -1   0  -2  -2   4   1  -3  -2  -1   12   0   0   0   0   0   0   0   0   4   8   0   5   0   0  70   0   0   0   0  0.34 0.06
   27 C    -1  -4  -4  -5  10  -4  -5  -3  -4  -2  -2  -4  -2  -3  -4  -2  -2  -3  -3  -2    0   0   0   0 100   0   0   0   0   0   0   0   0   0   0   0   0   0   0   0  1.79 0.13
   28 K    -1   2  -1  -1  -4   2   1  -2  -1  -3  -3   6  -2  -4  -2  -1  -1  -4  -2  -3    0   0   0   0   0   8   0   0   0   0   0  92   0   0   0   0   0   0   0   0  0.71 0.08
   29 L    -2  -3  -4  -4  -2  -3  -4  -4  -4   3   4  -3   2   0  -3  -3  -2  -2  -2   1    0   0   0   0   0   0   0   0   0  22  78   0   0   0   0   0   0   0   0   0  0.52 0.06
   30 S     1  -2   0   4  -2   0   1  -1  -1  -3  -3  -1  -2  -3  -1   3   0  -4  -3  -2   14   0   0  37   0   0   5   0   0   0   0   0   0   0   0  44   0   0   0   0  0.46 0.05
   31 K    -1   2   0  -1  -4   1   0   2  -1  -4  -3   5  -2  -4  -2  -1  -1  -4  -3  -3    0   4   4   0   0   0   0  18   0   0   0  74   0   0   0   0   0   0   0   0  0.52 0.06
   32 T     0  -1   0   0  -2   3   0  -2  -1  -2  -2   0  -1  -3  -1   2   4  -3  -2  -1    0   0   0   5   0  21   0   0   0   0   0   0   0   0   0  25  48   0   0   0  0.39 0.06
   33 C    -1  -4  -4  -5  10  -4  -5  -3  -4  -2  -2  -4  -2  -3  -4  -2  -2  -3  -3  -2    0   0   0   0 100   0   0   0   0   0   0   0   0   0   0   0   0   0   0   0  1.79 0.13

                      K         Lambda
Standard Ungapped    0.1260     0.3139
Standard Gapped      0.0428     0.2670
PSI Ungapped         0.1399     0.3166
PSI Gapped           0.0428     0.2670
