
Last position-specific scoring matrix computed, weighted observed percentages rounded down, information per position, and relative weight of gapless real matches to pseudocounts
            A   R   N   D   C   Q   E   G   H   I   L   K   M   F   P   S   T   W   Y   V   A   R   N   D   C   Q   E   G   H   I   L   K   M   F   P   S   T   W   Y   V
    1 C    -1  -4  -3  -4  10  -4  -4  -3  -4  -2  -2  -4  -2  -3  -3  -1  -1  -3  -3  -1    0   0   0   0 100   0   0   0   0   0   0   0   0   0   0   0   0   0   0   0  1.47 0.04
    2 G     1  -3  -1  -2  -2  -2  -2   6  -2  -4  -4  -2  -3  -3  -2   0  -2  -3  -3  -3   15   0   0   0   0   0   0  85   0   0   0   0   0   0   0   0   0   0   0   0  0.90 0.02
    3 E    -1   0  -1   1  -4   2   6  -3   0  -4  -3   1  -2  -4  -1   0  -1  -3  -2  -3    0   0   0   0   0   0 100   0   0   0   0   0   0   0   0   0   0   0   0   0  0.83 0.03
    4 T     1  -1   0  -1  -1   0   0  -1  -1  -3  -3   0  -2  -3  -1   5   2  -3  -2  -2    0   0   0   0   0   0   0   0   0   0   0   0   0   0   0  92   8   0   0   0  0.50 0.03
    5 C    -1  -4  -3  -4  10  -4  -4  -3  -4  -2  -2  -4  -2  -3  -3  -1  -1  -3  -3  -1    0   0   0   0 100   0   0   0   0   0   0   0   0   0   0   0   0   0   0   0  1.47 0.04
    6 V     0  -3  -3  -4  -1  -3  -3  -4  -4   3   1  -3   1  -1  -3  -2   0  -3  -2   5    0   0   0   0   0   0   0   0   0   0   0   0   0   0   0   0   0   0   0 100  0.44 0.03
    7 I    -3  -3  -4  -4  -3  -3  -3  -3  -1   0  -1  -3  -1   4  -4  -3  -2   9   5  -1    0   0   0   0   0   0   0   0   0   8   0   0   0  28   0   0   0  40  24   0  1.05 0.03
    8 F    -2  -3  -4  -4  -2  -3  -4  -4  -4   5   1  -3   1   1  -3  -3  -1  -2  -1   2    0   0   0   0   0   0   0   0   0  92   0   0   0   8   0   0   0   0   0   0  0.44 0.03
    9 P    -1  -3  -2  -2  -3  -2  -1  -3  -3  -3  -3  -1  -3  -4   8  -1  -1  -4  -3  -3    0   0   0   0   0   0   0   0   0   0   0   0   0   0 100   0   0   0   0   0  2.14 0.04
   10 C    -1  -4  -3  -4  10  -4  -4  -3  -4  -2  -2  -4  -2  -3  -3  -1  -1  -3  -3  -1    0   0   0   0 100   0   0   0   0   0   0   0   0   0   0   0   0   0   0   0  1.47 0.04
   11 I    -1  -3  -4  -4  -1  -3  -3  -4  -4   4   2  -3   1   0  -3  -3  -1  -3  -1   3    0   0   0   0   0   0   0   0   0  64  13   0   0   3   0   0   0   0   0  20  0.38 0.02
   12 S     0  -1   0  -1  -1  -1  -1  -1  -2  -2  -2  -1  -1  -3  -1   3   4  -3  -2  -1    0   0   0   0   0   0   0   0   0   0   0   0   0   0   0  48  52   0   0   0  0.44 0.02
   13 A     3  -1   0  -1  -1  -1  -1   0  -2  -2  -2   0  -1  -3  -1   3   2  -3  -2  -1   44   0   0   0   0   0   0   4   0   0   0   3   0   0   0  34  16   0   0   0  0.31 0.01
   14 A     2  -2  -3  -3  -1  -2  -2  -2  -3   2   1  -2   1  -1  -2   0   0  -3  -2   2   42   0   0   0   0   0   0   0   0  12  18   0   0   0   0   0   0   0   0  27  0.19 0.01
   15 F     0  -3  -3  -4  -1  -3  -3  -3  -3   3   2  -3   2   1  -3  -2  -1  -2  -1   3    7   0   0   0   0   0   0   0   0  36  23   0   4   8   0   0   0   0   0  22  0.26 0.01
   16 G     0  -3  -1  -2  -3  -2  -3   6  -2  -4  -4  -2  -3  -4  -3  -1  -2  -3  -4  -4    0   0   0   0   0   0   0 100   0   0   0   0   0   0   0   0   0   0   0   0  1.13 0.03
   17 C    -1  -4  -3  -4  10  -4  -4  -3  -4  -2  -2  -4  -2  -3  -3  -1  -1  -3  -3  -1    0   0   0   0 100   0   0   0   0   0   0   0   0   0   0   0   0   0   0   0  1.47 0.04
   18 S     1  -1   0  -1  -1   0   0   0  -1  -3  -3   0  -2  -3  -1   4   1  -3  -2  -2    5   0   0   0   0   0   0   3   0   0   0   0   0   0   0  89   3   0   0   0  0.48 0.03
   19 C    -1  -4  -3  -4  10  -4  -4  -3  -4  -2  -2  -4  -2  -3  -3  -1  -1  -3  -3  -1    0   0   0   0 100   0   0   0   0   0   0   0   0   0   0   0   0   0   0   0  1.47 0.04
   20 K    -1   2   0  -1  -3   1   1  -2  -1  -3  -3   5  -2  -3  -1   1  -1  -3  -2  -3    0   4   0   0   0   3   0   0   0   0   0  82   0   0   0  11   0   0   0   0  0.51 0.02
   21 D    -1  -1   5   3  -2   0   0  -1   0  -3  -4   0  -2  -3  -2   2   0  -4  -2  -3    0   0  47  18   0   0   0   0   0   0   0   3   0   0   0  33   0   0   0   0  0.48 0.02
   22 T    -1   2   0  -1  -3   1   1  -2  -1  -3  -3   5  -2  -3  -1   0   0  -3  -2  -2    0   4   4   0   0   0   0   0   0   0   0  84   0   0   0   0   8   0   0   0  0.50 0.02
   23 V     0  -3  -3  -4  -1  -3  -3  -4  -4   3   1  -3   1  -1  -3  -2   0  -3  -2   5    0   0   0   0   0   0   0   0   0   4   0   0   0   0   0   0   0   0   0  96  0.43 0.03
   24 C    -1  -4  -3  -4  10  -4  -4  -3  -4  -2  -2  -4  -2  -3  -3  -1  -1  -3  -3  -1    0   0   0   0 100   0   0   0   0   0   0   0   0   0   0   0   0   0   0   0  1.47 0.04
   25 Y    -2  -2  -3  -4  -3  -2  -3  -4   2  -2  -1  -2  -1   3  -4  -2  -2   2   8  -2    0   0   0   0   0   0   0   0   0   0   0   0   0   0   0   0   0   0 100   0  1.05 0.04
   26 K    -1   5   2  -1  -4   1   0  -2   1  -3  -2   3  -2  -3  -2  -1  -1  -3  -2  -3    0  47  12   0   0   3   0   0   2   0   3  33   0   0   0   0   0   0   0   0  0.48 0.02
   27 N    -2  -1   7   2  -3   0   0  -1   0  -4  -4   0  -3  -4  -2   1   0  -4  -3  -3    0   0  91   5   0   0   0   0   0   0   0   0   0   0   0   5   0   0   0   0  0.80 0.04

                      K         Lambda
Standard Ungapped    0.1422     0.3321
Standard Gapped      0.0477     0.2670
PSI Ungapped         0.1560     0.3196
PSI Gapped           0.0477     0.2670
