
Last position-specific scoring matrix computed, weighted observed percentages rounded down, information per position, and relative weight of gapless real matches to pseudocounts
            A   R   N   D   C   Q   E   G   H   I   L   K   M   F   P   S   T   W   Y   V   A   R   N   D   C   Q   E   G   H   I   L   K   M   F   P   S   T   W   Y   V
    1 G     0  -3  -1  -2  -3  -2  -2   6  -2  -4  -4  -2  -3  -3  -2   0  -2  -3  -3  -3    0   0   0   0   0   0   0 100   0   0   0   0   0   0   0   0   0   0   0   0  1.12 0.03
    2 S     0  -1   0   0  -2   0   1   2  -1  -2  -3  -1  -2  -3  -1   3   2  -3  -2  -2    0   0   0   0   0   0  12  24   0   0   0   0   0   0   0  39  25   0   0   0  0.34 0.02
    3 A     2  -2  -3  -3  -1  -2  -2  -2  -2   1   2  -2   1   2   2  -1  -1  -2  -1   1   30   0   0   0   0   0   0   0   0  16  24   0   0  12  10   0   0   0   0   9  0.17 0.01
    4 I    -1  -3  -3  -3  -2  -2  -2  -3  -3   2   1  -2   0   1   5  -2  -1  -2  -1   1    0   0   0   0   0   0   0   0   0  32   8   0   0  12  42   0   0   0   0   6  0.63 0.02
    5 R     0   0  -1   1  -2   0   0  -2  -2   0  -1   1  -1  -2   1   1   2  -3  -2   1    6   6   0  10   0   0   0   0   0   0   0  12   0   0   5  17  18   0   0  25  0.13 0.01
    6 C    -1  -4  -3  -4  10  -3  -4  -3  -3  -2  -2  -3  -2  -3  -3  -1  -1  -3  -3  -1    0   0   0   0 100   0   0   0   0   0   0   0   0   0   0   0   0   0   0   0  1.46 0.05
    7 G     0  -3  -1  -2  -3  -2  -2   6  -2  -4  -4  -2  -3  -3  -2   0  -2  -3  -3  -3    0   0   0   0   0   0   0 100   0   0   0   0   0   0   0   0   0   0   0   0  1.13 0.03
    8 E    -1   0   0   1  -4   2   6  -2   0  -4  -3   1  -2  -4  -1   0  -1  -3  -2  -3    0   0   0   0   0   0 100   0   0   0   0   0   0   0   0   0   0   0   0   0  0.83 0.03
    9 S     0  -1   0  -1  -1  -1  -1  -1  -2  -1  -2  -1  -1  -2  -1   3   4  -3  -2  -1    0   0   0   0   0   0   0   0   0   0   0   0   0   0   0  32  68   0   0   0  0.45 0.02
   10 C    -1  -4  -3  -4  10  -3  -4  -3  -3  -2  -2  -3  -2  -3  -3  -1  -1  -3  -3  -1    0   0   0   0 100   0   0   0   0   0   0   0   0   0   0   0   0   0   0   0  1.46 0.05
   11 L    -2  -3  -3  -3  -2  -3  -3  -3  -2   1   1  -3   0   5  -3  -2   1   0   2   1    0   0   0   0   0   0   0   0   0   0  11   0   0  60   0   0  14   0   0  15  0.40 0.02
   12 L    -1   0  -1  -2  -2   0  -1   2  -2   0   2   1   0  -1  -2   0   1  -2  -2  -1    0   0   0   0   0   6   0  22   0   0  35  20   0   0   0   0  17   0   0   0  0.12 0.01
   13 G     0  -3  -1  -2  -3  -2  -2   6  -2  -3  -3  -2  -2   1  -3  -1  -2  -2  -2  -3    0   0   0   0   0   0   0  88   0   0   0   0   0  12   0   0   0   0   0   0  0.89 0.02
   14 K    -1   0   0  -1  -2   0   1  -2  -1   0  -1   3  -1  -2  -1   1   3  -3  -2   0    0   0   0   0   0   0   6   0   0   9   0  34   0   0   0   0  50   0   0   0  0.27 0.02
   15 C    -1  -4  -3  -4  10  -3  -4  -3  -3  -2  -2  -3  -2  -3  -3  -1  -1  -3  -3  -1    0   0   0   0 100   0   0   0   0   0   0   0   0   0   0   0   0   0   0   0  1.46 0.05
   16 Y    -2  -2   2  -2  -3  -1  -2  -3   1  -2  -1  -2  -1   3  -3  -1  -1   1   6  -2    0   0  22   0   0   0   0   0   0   0   0   0   0   9   0   0   0   0  69   0  0.64 0.03
   17 T     0  -1   0  -1  -1  -1  -1  -2  -2   0  -1  -1  -1  -2  -1   1   5  -3  -2   1    0   0   0   0   0   0   0   0   0   0   0   0   0   0   0   0  91   0   0   9  0.50 0.03
   18 P     0  -1  -2  -2  -3   0  -1  -2  -2  -3  -3   1  -2  -4   7  -1  -1  -4  -3  -2    9   0   0   0   0   5   0   0   0   0   0  10   0   0  76   0   0   0   0   0  1.44 0.03
   19 G     0   0   0   1  -3  -2  -2   6  -2  -4  -4  -1  -3  -3  -2   0  -2  -3  -3  -3    0   6   0   9   0   0   0  85   0   0   0   0   0   0   0   0   0   0   0   0  0.87 0.02
   20 C    -1  -4  -3  -4  10  -3  -4  -3  -3  -2  -2  -3  -2  -3  -3  -1  -1  -3  -3  -1    0   0   0   0 100   0   0   0   0   0   0   0   0   0   0   0   0   0   0   0  1.46 0.05
   21 T     1  -1   0  -1  -1   0  -1  -1  -1  -2  -2  -1  -1  -3  -1   4   3  -3  -2  -1    0   0   0   0   0   0   0   0   0   0   0   0   0   0   0  66  34   0   0   0  0.44 0.02
   22 C    -1  -4  -3  -4  10  -3  -4  -3  -3  -2  -2  -3  -2  -3  -3  -1  -1  -3  -3  -1    0   0   0   0 100   0   0   0   0   0   0   0   0   0   0   0   0   0   0   0  1.46 0.05
   23 D     0  -1   2   2  -2   0   1  -1  -1  -3  -3   0  -2  -3  -1   3   1  -3  -2  -2    0   0   9  12   0   0  10   0   0   0   0   0   0   0   0  64   5   0   0   0  0.39 0.02
   24 R    -3   1  -3  -4  -3  -2  -3  -3  -1  -3  -2  -2  -2   1  -4  -2  -2  10   5  -3    0  11   0   0   0   0   0   0   0   0   0   0   0   0   0   0   0  61  28   0  1.50 0.04
   25 P    -1  -2  -2  -2  -3  -1  -1  -2  -2  -3  -3   0  -3  -4   8  -1  -1  -4  -3  -3    0   0   0   0   0   0   0   0   0   0   0  10   0   0  90   0   0   0   0   0  1.84 0.03
   26 I    -1  -3  -3  -3  -1  -3  -3  -4  -3   4   2  -3   1   0  -3  -2   1  -3  -1   3    0   0   0   0   0   0   0   0   0  61  10   0   0   0   0   0   9   0   0  20  0.33 0.02
   27 C    -1  -4  -3  -4  10  -3  -4  -3  -3  -2  -2  -3  -2  -3  -3  -1  -1  -3  -3  -1    0   0   0   0 100   0   0   0   0   0   0   0   0   0   0   0   0   0   0   0  1.46 0.05
   28 K    -1   1  -1  -1  -2   0   0  -2  -1  -2  -1   3   1  -1  -1   0   2  -2   1  -1    0   0   0   0   0   0   0   0   0   0   0  50   9   0   0   0  31   0  10   0  0.25 0.02
   29 K    -1   4   0  -1  -3   1   0  -2  -1  -3  -3   4  -2  -3  -2  -1  -1  -3  -2  -3    0  39   0   0   0   0   0   0   0   0   0  61   0   0   0   0   0   0   0   0  0.57 0.02
   30 N    -2  -1   6   3  -3   0   0  -1   0  -4  -4   0  -3  -3  -2   0   0  -4  -2  -3    0   0  85  15   0   0   0   0   0   0   0   0   0   0   0   0   0   0   0   0  0.73 0.02

                      K         Lambda
Standard Ungapped    0.1441     0.3255
Standard Gapped      0.0474     0.2670
PSI Ungapped         0.1548     0.3177
PSI Gapped           0.0474     0.2670
