
Last position-specific scoring matrix computed, weighted observed percentages rounded down, information per position, and relative weight of gapless real matches to pseudocounts
            A   R   N   D   C   Q   E   G   H   I   L   K   M   F   P   S   T   W   Y   V   A   R   N   D   C   Q   E   G   H   I   L   K   M   F   P   S   T   W   Y   V
    1 K    -1   2   0  -1  -3   1   1  -2  -1  -3  -3   5  -1  -3  -1   0  -1  -3  -2  -2    0   0   0   0   0   0   0   0   0   0   0 100   0   0   0   0   0   0   0   0  0.51 0.00
    2 F    -2  -3  -3  -4  -2  -3  -3  -4  -2   2   1  -3   0   5  -3  -2  -2   0   2   1    0   0   0   0   0   0   0   0   0  37   0   0   0  63   0   0   0   0   0   0  0.44 0.00
    3 K    -1   1   4   0  -3   1   0  -1   0  -3  -3   4  -2  -3  -1   0   0  -3  -2  -3    0   0  37   0   0   0   0   0   0   0   0  63   0   0   0   0   0   0   0   0  0.43 0.00
    4 W    -3  -3  -4  -4  -2  -2  -3  -3  -2  -3  -2  -3  -2   1  -4  -3  -3  11   2  -3    0   0   0   0   0   0   0   0   0   0   0   0   0   0   0   0   0 100   0   0  2.29 0.00
    5 G     0  -2   0  -1  -3  -2  -2   6  -2  -4  -4  -2  -3  -3  -2   0  -2  -3  -3  -3    0   0   0   0   0   0   0 100   0   0   0   0   0   0   0   0   0   0   0   0  1.04 0.00
    6 K    -1   2   0  -1  -3   1   1  -2  -1  -3  -3   5  -1  -3  -1   0  -1  -3  -2  -2    0   0   0   0   0   0   0   0   0   0   0 100   0   0   0   0   0   0   0   0  0.51 0.00
    7 L    -2  -2  -4  -4  -1  -2  -3  -4  -3   2   4  -3   2   0  -3  -3  -1  -2  -1   1    0   0   0   0   0   0   0   0   0   0 100   0   0   0   0   0   0   0   0   0  0.45 0.00
    8 F     1  -2  -3  -3  -1  -2  -3  -2  -2   0   2  -2   1   4  -3  -1  -1  -1   1   0   23   0   0   0   0   0   0   0   0   0  38   0   0  38   0   0   0   0   0   0  0.25 0.00
    9 S     0  -1   0  -1  -1  -1  -1  -1   0  -2  -2  -1  -1   1  -2   3   1   0   4  -2    0   0   0   0   0   0   0   0   0   0   0   0   0   0   0  62   0   0  38   0  0.34 0.01
   10 T     1   0  -1  -2  -1  -1  -1  -2  -2   0   2   1   1  -1  -2   0   1  -2  -2   0   19   0   0   0   0   0   0   0   0   0  38  23   0   0   0   0  19   0   0   0  0.11 0.00
   11 A     4  -2  -2  -2   0  -1  -1   0  -2  -1  -2  -1  -1  -2  -1   1   0  -3  -2   0  100   0   0   0   0   0   0   0   0   0   0   0   0   0   0   0   0   0   0   0  0.41 0.01
   12 K    -1   2   0  -1  -3   4   1  -2   0  -3  -2   4  -1  -3  -1   0  -1  -3  -2  -2    0   0   0   0   0  38   0   0   0   0   0  62   0   0   0   0   0   0   0   0  0.49 0.01
   13 K     2   0   0   2  -2   0   0  -1  -1  -2  -2   3  -2  -3  -1   0  -1  -3  -2  -2   38   0   0  23   0   0   0   0   0   0   0  38   0   0   0   0   0   0   0   0  0.27 0.00
   14 L    -1  -2  -2  -2  -1  -2  -2  -3  -3   1   2  -2   1  -1  -2   0   3  -2  -1   2    0   0   0   0   0   0   0   0   0   0  38   0   0   0   0   0  38   0   0  23  0.22 0.00
   15 Y    -2  -2  -2  -3  -3  -2  -2  -3   2  -1  -1  -2  -1   3  -3  -2  -2   2   7  -1    0   0   0   0   0   0   0   0   0   0   0   0   0   0   0   0   0   0 100   0  0.89 0.01
   16 K    -1   1  -1  -2  -2   0   0  -2  -1   0   2   4   0  -1  -2  -1  -1  -3  -2  -1    0   0   0   0   0   0   0   0   0   0  38  62   0   0   0   0   0   0   0   0  0.22 0.00
   17 K     0   1   0  -1  -2   1   0  -1  -1  -3  -3   4  -2  -3  -1   2   0  -3  -2  -2    0   0   0   0   0   0   0   0   0   0   0  62   0   0   0  38   0   0   0   0  0.36 0.00
   18 G     0  -1   0   0  -3   0   3   5  -1  -4  -4   0  -3  -3  -2   0  -1  -3  -3  -3    0   0   0   0   0   0  38  62   0   0   0   0   0   0   0   0   0   0   0   0  0.62 0.00
   19 K    -1   2   0  -1  -3   5   2  -2   0  -3  -2   3  -1  -3  -1   0  -1  -2  -2  -2    0   0   0   0   0  62   0   0   0   0   0  38   0   0   0   0   0   0   0   0  0.52 0.01
   20 K    -1   1   0   4  -3   1   1  -2  -1  -3  -3   4  -2  -3  -1   0  -1  -4  -2  -3    0   0   0  38   0   0   0   0   0   0   0  62   0   0   0   0   0   0   0   0  0.47 0.01
   21 L    -1  -2  -3  -4  -1  -2  -3  -4  -3   2   3  -3   2   0  -3  -2  -1  -2  -1   2    0   0   0   0   0   0   0   0   0   0  62   0   0   0   0   0   0   0   0  38  0.34 0.00
   22 S     2  -1   4   0  -1   0   0   0   0  -3  -3   0  -2  -3  -1   3   1  -3  -2  -2   23   0  38   0   0   0   0   0   0   0   0   0   0   0   0  38   0   0   0   0  0.35 0.00
   23 K    -1   2   0   0  -3   2   3  -2  -1  -3  -3   4  -2  -3  -1   0  -1  -3  -2  -2    0   0   0   0   0   0  38   0   0   0   0  62   0   0   0   0   0   0   0   0  0.49 0.01
   24 N    -1  -1   5   0  -2  -1  -1  -1   0   0  -1  -1  -1  -2  -2   0   0  -4  -2   2    0   0  62   0   0   0   0   0   0   0   0   0   0   0   0   0   0   0   0  38  0.30 0.01
   25 K     0   1   0  -1  -2   1   0  -1  -1  -3  -3   4  -2  -3  -1   2   0  -3  -2  -2    0   0   0   0   0   0   0   0   0   0   0  62   0   0   0  38   0   0   0   0  0.36 0.00
   26 N    -1   0   5   1  -3   1   3  -1   0  -3  -3   0  -2  -3  -2   0   0  -4  -2  -3    0   0  62   0   0   0  38   0   0   0   0   0   0   0   0   0   0   0   0   0  0.56 0.01
   27 F    -2  -3  -3  -4  -2  -3  -3  -3  -2   1   1  -3   0   6  -3  -2  -2   0   2   1    0   0   0   0   0   0   0   0   0   0   0   0   0  77   0   0   0   0   0  23  0.52 0.01
   28 K    -1   1  -1  -2  -2   0   0  -2  -1   0   2   4   0  -1  -2  -1  -1  -3  -2  -1    0   0   0   0   0   0   0   0   0   0  38  62   0   0   0   0   0   0   0   0  0.22 0.00
   29 K    -1   2   0   0  -3   2   3  -2  -1  -3  -3   4  -2  -3  -1   0  -1  -3  -2  -2    0   0   0   0   0   0  38   0   0   0   0  62   0   0   0   0   0   0   0   0  0.49 0.01
   30 A     4  -2  -2  -2   0  -1  -1   0  -2  -1  -2  -1  -1  -2  -1   1   0  -3  -2   0  100   0   0   0   0   0   0   0   0   0   0   0   0   0   0   0   0   0   0   0  0.41 0.01
   31 L    -2  -2  -4  -4  -1  -2  -3  -4  -3   2   4  -3   2   0  -3  -3  -1  -2  -1   1    0   0   0   0   0   0   0   0   0   0 100   0   0   0   0   0   0   0   0   0  0.47 0.01
   32 K    -1   1   0   4  -3   1   1  -2  -1  -3  -3   4  -2  -3  -1   0  -1  -4  -2  -3    0   0   0  38   0   0   0   0   0   0   0  62   0   0   0   0   0   0   0   0  0.47 0.01
   33 F    -2  -1  -1  -2  -3   3   0  -3   0  -1  -1  -1   0   4  -3  -1  -1   1   4  -1    0   0   0   0   0  38   0   0   0   0   0   0   0  38   0   0   0   0  23   0  0.38 0.00
   34 G     2  -2  -1  -2  -2  -1  -2   5  -2  -3  -3  -1  -2  -3  -2   0  -1  -3  -3  -2   38   0   0   0   0   0   0  62   0   0   0   0   0   0   0   0   0   0   0   0  0.61 0.00
   35 K    -1   1   4   0  -3   1   0  -1   0  -3  -3   4  -2  -3  -1   0   0  -3  -2  -3    0   0  38   0   0   0   0   0   0   0   0  62   0   0   0   0   0   0   0   0  0.44 0.01
   36 Q    -1   1   0   1  -3   5   4  -2   0  -3  -3   1  -1  -3  -1   0  -1  -2  -2  -2    0   0   0   0   0  62  38   0   0   0   0   0   0   0   0   0   0   0   0   0  0.61 0.01
   37 L     2  -2  -3  -3  -1  -2  -2  -2  -2   1   3  -2   1   0  -2  -1  -1  -2  -1   0   38   0   0   0   0   0   0   0   0   0  62   0   0   0   0   0   0   0   0   0  0.22 0.00
   38 A     4  -2  -2  -2   0  -1  -1   0  -2  -1  -2  -1  -1  -2  -1   1   0  -3  -2   0  100   0   0   0   0   0   0   0   0   0   0   0   0   0   0   0   0   0   0   0  0.41 0.01
   39 K     0   1   0   0  -2   1   2  -1  -1  -3  -3   3  -2  -3  -1   2   0  -3  -2  -2    0   0   0   0   0   0  23   0   0   0   0  38   0   0   0  38   0   0   0   0  0.35 0.00
   40 N    -1   0   5   1  -3   1   3  -1   0  -3  -3   0  -2  -3  -2   0   0  -4  -2  -3    0   0  62   0   0   0  38   0   0   0   0   0   0   0   0   0   0   0   0   0  0.56 0.01
   41 L    -1  -2  -3  -4  -1  -1  -3  -3  -2   1   3  -2   4   0  -3  -2  -1  -2  -1   1    0   0   0   0   0   0   0   0   0   0  62   0  38   0   0   0   0   0   0   0  0.37 0.01
   42 Q     1  -1  -1  -2  -1   3   0  -2  -1   1  -1   0   0  -2  -2   0   0  -3  -2   2   23   0   0   0   0  38   0   0   0   0   0   0   0   0   0   0   0   0   0  38  0.18 0.00
   43 A     3  -1  -1   0  -1   1   3  -1  -1  -2  -2   0  -1  -3  -1   1   0  -3  -2  -1   62   0   0   0   0   0  38   0   0   0   0   0   0   0   0   0   0   0   0   0  0.33 0.00
   44 G     2  -2  -1  -2  -2  -1  -2   5  -2  -3  -3  -1  -2  -3  -2   0  -1  -3  -3  -2   38   0   0   0   0   0   0  62   0   0   0   0   0   0   0   0   0   0   0   0  0.61 0.00
   45 E     2  -1  -1   1  -2   1   4  -1  -1  -2  -2   0  -2  -3  -1   0  -1  -3  -2  -1   38   0   0   0   0   0  62   0   0   0   0   0   0   0   0   0   0   0   0   0  0.42 0.00
   46 E    -1  -1  -1   1  -3   1   5  -2  -1  -1  -2   0  -1  -3  -1   0  -1  -3  -2   1    0   0   0   0   0   0  77   0   0   0   0   0   0   0   0   0   0   0   0  23  0.43 0.01
   47 H    -1  -1   0  -1  -2   0   0  -2   7  -2  -2  -1  -1  -2  -2   0   2  -3   1  -2    0   0   0   0   0   0   0   0  62   0   0   0   0   0   0   0  38   0   0   0  0.50 0.01
   48 E    -1   0   0   2  -4   2   5  -2   0  -3  -3   1  -2  -3  -1   0  -1  -3  -2  -3    0   0   0   0   0   0 100   0   0   0   0   0   0   0   0   0   0   0   0   0  0.75 0.01
   49 P    -1  -1  -1   0  -3   0   3  -2  -1  -3  -3   0  -2  -4   6  -1  -1  -4  -3  -3    0   0   0   0   0   0  38   0   0   0   0   0   0   0  62   0   0   0   0   0  1.20 0.01
   50 G     2  -2  -1  -2  -2  -1  -2   5  -2  -3  -3  -1  -2  -3  -2   0  -1  -3  -3  -2   38   0   0   0   0   0   0  62   0   0   0   0   0   0   0   0   0   0   0   0  0.61 0.00
   51 T     0  -1   0  -1  -1   0   0  -1  -1  -1  -1   0   0  -1   0   1   4  -1  -1   0    3   2   2   2   1   2   2   3   1   2   3   2   1   1   2   3  64   1   1   2  0.23 0.00
   52 P     0  -1  -1  -1  -2  -1  -1  -1  -1  -2  -2  -1  -1  -2   7   0  -1  -2  -2  -1    3   2   2   2   1   2   2   3   1   2   3   2   1   1  64   3   2   1   1   2  1.03 0.00
   53 V     0  -1  -1  -2  -1  -1  -1  -2  -2   2   0  -1   0  -1  -1  -1   0  -1  -1   3    3   2   2   2   1   2   2   3   1   2   3   2   1   1   2   3   2   1   1  64  0.11 0.00
   54 G     0   3   0  -2  -3   0  -1   5  -1  -4  -3   0  -2  -3  -2  -1  -1  -3  -3  -3    0  38   0   0   0   0   0  62   0   0   0   0   0   0   0   0   0   0   0   0  0.61 0.00
   55 N    -2  -1   5   4  -3   0   1  -1   0  -3  -4   0  -3  -3  -2   0   0  -4  -3  -3    0   0  62  38   0   0   0   0   0   0   0   0   0   0   0   0   0   0   0   0  0.66 0.01
   56 N    -2  -1   5   0  -3  -1  -1  -1   0  -3  -3  -1  -2  -1  -3   0  -1   8   0  -3    0   0  62   0   0   0   0   0   0   0   0   0   0   0   0   0   0  38   0   0  0.90 0.01
   57 K    -1   2   0   0  -3   2   3  -2  -1  -3  -3   4  -2  -3  -1   0  -1  -3  -2  -3    0   0   0   0   0   0  31   0   0   0   0  69   0   0   0   0   0   0   0   0  0.49 0.01
   58 C    -1  -4  -3  -4   9  -3  -4  -3  -3  -1  -1  -3  -2  -3  -3  -1  -1  -3  -3  -1    0   0   0   0 100   0   0   0   0   0   0   0   0   0   0   0   0   0   0   0  1.30 0.02
   59 W    -2  -3  -4  -4  -2  -2  -3  -3  -3   0   3  -3   1   1  -3  -3  -2   9   1   0    0   0   0   0   0   0   0   0   0   0  54   0   0   0   0   0   0  46   0   0  0.97 0.01
   60 A     2  -2  -2  -2  -2  -1  -1  -1  -2  -2  -2  -1  -2  -3   6   0  -1  -3  -3  -1   46   0   0   0   0   0   0   0   0   0   0   0   0   0  54   0   0   0   0   0  0.97 0.01
   61 I    -1  -1  -2  -3  -2  -1  -2  -3  -2   3   2   1   1   0  -2  -2  -1  -2  -1   1    0   0   0   0   0   0   0   0   0  46  31  23   0   0   0   0   0   0   0   0  0.19 0.00
   62 G    -1  -1   0   2  -3  -1   0   4   5  -4  -4  -1  -3  -3  -2  -1  -2  -3  -1  -3    0   0   0  23   0   0   0  46  31   0   0   0   0   0   0   0   0   0   0   0  0.53 0.01
   63 T     1  -1   0  -1  -1   0  -1  -1  -1  -2  -2   0  -1  -2  -1   3   4  -3  -2  -1    0   0   0   0   0   0   0   0   0   0   0   0   0   0   0  54  46   0   0   0  0.40 0.01
   64 T     0   2   0  -1  -1   0  -1  -1  -1  -2  -2   0  -1  -2  -1   2   4  -3  -2  -1    0  18   0   0   0   0   0   0   0   0   0   0   0   0   0  31  51   0   0   0  0.33 0.01
   65 C    -1  -4  -3  -4   9  -3  -4  -3  -3  -1  -1  -3  -2  -3  -3  -1  -1  -3  -3  -1    0   0   0   0 100   0   0   0   0   0   0   0   0   0   0   0   0   0   0   0  1.30 0.02
   66 S     0  -1   1   3  -2  -1   0   2  -1  -3  -3  -1  -2  -3  -1   2   2  -3  -2  -2    0   0   0  31   0   0   0  23   0   0   0   0   0   0   0  28  18   0   0   0  0.36 0.00
   67 D    -2  -1   4   5  -3   0   1  -1  -1  -3  -4  -1  -3  -4  -2   0  -1  -4  -3  -3    0   0  31  69   0   0   0   0   0   0   0   0   0   0   0   0   0   0   0   0  0.75 0.01
   68 D    -2  -2   1   6  -4   0   2  -1  -1  -3  -4  -1  -3  -4  -2   0  -1  -5  -3  -3    0   0   0 100   0   0   0   0   0   0   0   0   0   0   0   0   0   0   0   0  0.97 0.01
   69 C    -1  -4  -3  -4   9  -3  -4  -3  -3  -1  -1  -3  -2  -3  -3  -1  -1  -3  -3  -1    0   0   0   0 100   0   0   0   0   0   0   0   0   0   0   0   0   0   0   0  1.30 0.02
   70 D    -1  -2   0   5  -3  -1   1  -2  -2   0  -2  -1  -1  -3  -2  -1  -1  -4  -3   1    0   0   0  69   0   0   0   0   0   0   0   0   0   0   0   0   0   0   0  31  0.47 0.01
   71 C    -1  -4  -3  -4   9  -3  -4  -3  -3  -1  -1  -3  -2  -3  -3  -1  -1  -3  -3  -1    0   0   0   0 100   0   0   0   0   0   0   0   0   0   0   0   0   0   0   0  1.30 0.02
   72 C    -1  -4  -3  -4   9  -3  -4  -3  -3  -1  -1  -3  -2  -3  -3  -1  -1  -3  -3  -1    0   0   0   0 100   0   0   0   0   0   0   0   0   0   0   0   0   0   0   0  1.30 0.02
   73 P    -1   0  -1   0  -3   1   2  -2  -1  -3  -3   2  -2  -4   6  -1  -1  -3  -3  -3    0   0   0   0   0   0  23   0   0   0   0  31   0   0  46   0   0   0   0   0  0.85 0.01
   74 E    -1  -1   3   1  -3   1   3   2   0  -4  -3   0  -2  -3  -2   0  -1  -3  -2  -3    0   0  31   0   0   0  46  23   0   0   0   0   0   0   0   0   0   0   0   0  0.45 0.01
   75 H    -2  -1   0  -2  -3   0  -1  -3   7  -1   1  -1   0  -1  -3  -1  -2  -2   1  -2    0   0   0   0   0   0   0   0  77   0  23   0   0   0   0   0   0   0   0   0  0.59 0.01
   76 H    -2   0   1  -1  -3   0   0  -2   8  -4  -3  -1  -2  -1  -2  -1  -2  -3   2  -3    0   0   0   0   0   0   0   0 100   0   0   0   0   0   0   0   0   0   0   0  0.95 0.02
   77 C    -1  -4  -3  -4   9  -3  -4  -3  -3  -1  -1  -3  -2  -3  -3  -1  -1  -3  -3  -1    0   0   0   0 100   0   0   0   0   0   0   0   0   0   0   0   0   0   0   0  1.30 0.02
   78 H    -2   0   1  -1  -3   0   0  -2   8  -4  -3  -1  -2  -1  -2  -1  -2  -3   2  -3    0   0   0   0   0   0   0   0 100   0   0   0   0   0   0   0   0   0   0   0  0.95 0.02
   79 C    -1  -4  -3  -4   9  -3  -4  -3  -3  -1  -1  -3  -2  -3  -3  -1  -1  -3  -3  -1    0   0   0   0 100   0   0   0   0   0   0   0   0   0   0   0   0   0   0   0  1.30 0.02
   80 P    -1  -2  -2  -2  -3  -1  -1  -2  -2  -3  -3  -1  -3  -4   8  -1  -1  -4  -3  -3    0   0   0   0   0   0   0   0   0   0   0   0   0   0 100   0   0   0   0   0  2.08 0.02
   81 A     2  -2  -2  -3  -1  -1  -2  -1   0   0   1  -1   0   1  -2   0  -1   0   4   0   46   0   0   0   0   0   0   0   0   0  23   0   0   0   0   0   0   0  31   0  0.22 0.01
   82 G     0   2   0  -1  -2   0   0   3  -1  -3  -3   2  -2  -3  -2   2   0  -3  -2  -2    0  23   0   0   0   0   0  28   0   0   0  18   0   0   0  31   0   0   0   0  0.34 0.00
   83 K    -1   1   3   0  -3   1   0  -1   0  -3  -3   4  -2  -3  -1   1   0  -3  -2  -2    0   0  23   0   0   0   0   0   0   0   0  59   0   0   0  18   0   0   0   0  0.37 0.01
   84 W    -2  -3  -4  -4  -2  -2  -3  -3  -2  -1   0  -3   2   1  -4  -3  -2  10   2  -2    0   0   0   0   0   0   0   0   0   0   0   0  23   0   0   0   0  77   0   0  1.71 0.02
   85 L    -1  -2  -3  -3  -1  -2  -3  -3  -3   1   4  -2   2   0  -3  -1   1  -2  -1   1    0   0   0   0   0   0   0   0   0   0  82   0   0   0   0   0  18   0   0   0  0.34 0.01
   86 P    -1  -2  -2  -2  -3  -2  -2  -2  -2  -2  -2  -1  -2   2   7  -1  -1  -2  -1  -2    0   0   0   0   0   0   0   0   0   0   0   0   0  18  82   0   0   0   0   0  1.54 0.01
   87 G     3  -2  -1  -2  -1  -1  -1   4  -2  -2  -2  -1  -2  -3  -1   1  -1  -3  -2  -1   54   0   0   0   0   0   0  46   0   0   0   0   0   0   0   0   0   0   0   0  0.50 0.01
   88 L    -2  -2  -4  -4  -1  -2  -3  -4  -3   2   4  -3   2   0  -3  -3  -1  -2  -1   1    0   0   0   0   0   0   0   0   0  23  77   0   0   0   0   0   0   0   0   0  0.41 0.01
   89 F    -1   0  -2  -2  -2  -1  -1  -3  -2   1   1   2   1   3  -2  -2  -1  -1   1   0    0   0   0   0   0   0   0   0   0  18  23  31   0  28   0   0   0   0   0   0  0.15 0.00
   90 R    -1   5  -1  -2  -4   1   0  -2  -1  -3  -2   2  -2  -3   3  -1  -1  -3  -2  -3    0  82   0   0   0   0   0   0   0   0   0   0   0   0  18   0   0   0   0   0  0.71 0.01
   91 C    -1  -4  -3  -4   9  -3  -4  -3  -3  -1  -1  -3  -2  -3  -3  -1  -1  -3  -3  -1    0   0   0   0 100   0   0   0   0   0   0   0   0   0   0   0   0   0   0   0  1.30 0.02
   92 T     1  -1   0  -1  -1   0   0  -1  -1  -2  -2   0  -1  -2  -1   4   3  -3  -2  -1    0   0   0   0   0   0   0   0   0   0   0   0   0   0   0  72  28   0   0   0  0.41 0.01
   93 C    -1  -4  -3  -4   9  -3  -4  -3  -3  -1  -1  -3  -2  -3  -3  -1  -1  -3  -3  -1    0   0   0   0 100   0   0   0   0   0   0   0   0   0   0   0   0   0   0   0  1.30 0.02
   94 Q    -1   1   0   0  -3   6   2  -2   0  -3  -2   1  -1  -3  -1   0  -1  -2  -2  -2    0   0   0   0   0 100   0   0   0   0   0   0   0   0   0   0   0   0   0   0  0.70 0.02
   95 V     0   3  -1  -2  -1   0  -1  -2  -1   1   0   0   0  -1  -1  -1   0  -2  -1   2    2  33   1   1   0   1   1   2   0   1   2   1   1   1   1   2   1   0   1  48  0.13 0.00
   96 T     0  -1   3   0  -1   0  -1  -1  -1  -2  -2   0  -1  -3  -1   2   3  -3  -2  -1    0   0  31   0   0   0   0   0   0   0   0   0   0   0   0  23  46   0   0   0  0.37 0.01
   97 E    -1   0   0   4  -4   1   4  -2  -1  -3  -3   2  -2  -3  -1   0  -1  -3  -2  -3    0   0   0  31   0   0  46   0   0   0   0  23   0   0   0   0   0   0   0   0  0.55 0.01
   98 S     0   0   1   3  -2   0   1  -1  -1  -3  -3   2  -2  -3  -1   3   0  -3  -2  -2    0   0   0  23   0   0   0   0   0   0   0  31   0   0   0  46   0   0   0   0  0.34 0.01
   99 D    -2  -2   1   6  -4   0   2  -1  -1  -3  -4  -1  -3  -4  -2   0  -1  -5  -3  -3    0   0   0 100   0   0   0   0   0   0   0   0   0   0   0   0   0   0   0   0  0.97 0.01
  100 K    -1   2   0  -1  -3   1   1  -2   4  -3  -3   4  -2  -3  -1   0  -1  -3  -1  -3    0   0   0   0   0   0   0   0  23   0   0  77   0   0   0   0   0   0   0   0  0.46 0.01
  101 V    -1  -3  -3  -3  -1  -3  -3  -4  -3   4   1  -3   1  -1  -3  -2   0  -3  -1   3    0   0   0   0   0   0   0   0   0  54   0   0   0   0   0   0   0   0   0  46  0.36 0.01
  102 N    -2  -1   6   1  -3   0   0  -1   1  -3  -4   0  -2  -3  -2   1   0  -4  -2  -3    0   0 100   0   0   0   0   0   0   0   0   0   0   0   0   0   0   0   0   0  0.77 0.02
  103 K     0   1   0  -1  -2   0   0  -2  -1  -2  -2   3  -1  -3  -1   1   3  -3  -2  -1    0   0   0   0   0   0   0   0   0   0   0  46   0   0   0   0  54   0   0   0  0.33 0.01
  104 C    -1  -4  -3  -4   9  -3  -4  -3  -3  -1  -1  -3  -2  -3  -3  -1  -1  -3  -3  -1    0   0   0   0 100   0   0   0   0   0   0   0   0   0   0   0   0   0   0   0  1.30 0.02
  105 P    -1  -2  -2  -2  -3  -1  -1  -2  -2  -3  -3  -1  -3  -4   8  -1  -1  -4  -3  -3    0   0   0   0   0   0   0   0   0   0   0   0   0   0 100   0   0   0   0   0  2.05 0.01
  106 P    -1  -2  -2  -2  -3  -1  -1  -2  -2  -3  -3  -1  -3  -4   8  -1  -1  -4  -3  -2    0   0   0   0   0   0   0   0   0   0   0   0   0   0 100   0   0   0   0   0  2.04 0.00
  107 A     4  -1  -2  -2   0  -1  -1   0  -2  -1  -2  -1  -1  -2  -1   1   0  -3  -2   0  100   0   0   0   0   0   0   0   0   0   0   0   0   0   0   0   0   0   0   0  0.40 0.00
  108 E    -1   0   0   2  -4   2   5  -2   0  -3  -3   1  -2  -3  -1   0  -1  -3  -2  -3    0   0   0   0   0   0 100   0   0   0   0   0   0   0   0   0   0   0   0   0  0.73 0.00

                      K         Lambda
Standard Ungapped    0.1349     0.3179
Standard Gapped      0.0410     0.2670
PSI Ungapped         0.1349     0.3179
PSI Gapped           0.0410     0.2670
