
Last position-specific scoring matrix computed, weighted observed percentages rounded down, information per position, and relative weight of gapless real matches to pseudocounts
            A   R   N   D   C   Q   E   G   H   I   L   K   M   F   P   S   T   W   Y   V   A   R   N   D   C   Q   E   G   H   I   L   K   M   F   P   S   T   W   Y   V
    1 F    -3  -3  -4  -4  -3  -4  -4  -4  -1   0   0  -4   0   7  -4  -3  -2   1   3  -1    0   0   0   0   0   0   0   0   0   0   0   0   0 100   0   0   0   0   0   0  0.77 0.01
    2 I    -1  -3  -3  -4  -2  -2  -3  -4  -3   3   3  -3   4   0  -3  -2  -1  -2  -1   2    0   0   0   0   0   0   0   0   0  47  25   0  29   0   0   0   0   0   0   0  0.32 0.00
    3 G     0  -3  -1  -2  -3  -2  -2   6  -2  -4  -4  -2  -3  -4  -3   0  -2  -3  -4  -4    0   0   0   0   0   0   0 100   0   0   0   0   0   0   0   0   0   0   0   0  1.06 0.01
    4 P    -1  -2  -2  -2  -2  -1  -1  -2  -2  -2  -3  -1  -2  -4   7   0   2  -4  -3  -2    0   0   0   0   0   0   0   0   0   0   0   0   0   0  71   0  29   0   0   0  1.33 0.01
    5 M     2  -2  -3  -3  -1  -2  -2  -2  -3   2   1  -2   3  -1  -2  -1   0  -3  -2   2   29   0   0   0   0   0   0   0   0  25   0   0  24   0   0   0   0   0   0  23  0.18 0.00
    6 I    -2  -3  -4  -4  -1  -3  -3  -4  -3   3   3  -3   2   0  -3  -3  -1  -2  -1   2    0   0   0   0   0   0   0   0   0  49  51   0   0   0   0   0   0   0   0   0  0.37 0.00
    7 K    -1   2   0  -1  -4   1   1  -2  -1  -3  -3   5  -2  -4  -1   0  -1  -3  -2  -3    0   0   0   0   0   0   0   0   0   0   0 100   0   0   0   0   0   0   0   0  0.54 0.01
    8 I    -1  -2  -3  -4  -2  -2  -3  -4  -3   4   2  -2   5   0  -3  -2  -1  -2  -1   2    0   0   0   0   0   0   0   0   0  53   0   0  47   0   0   0   0   0   0   0  0.31 0.01
    9 A     5  -2  -2  -2  -1  -1  -1   0  -2  -2  -2  -1  -1  -3  -1   1   0  -3  -2   0  100   0   0   0   0   0   0   0   0   0   0   0   0   0   0   0   0   0   0   0  0.42 0.01
   10 T     2  -1  -1  -1  -1  -1  -1  -1  -2  -1  -2  -1  -1  -2  -1   1   4  -3  -2   0   29   0   0   0   0   0   0   0   0   0   0   0   0   0   0   0  71   0   0   0  0.36 0.01
   11 N     0  -1   5   1  -2   0  -1   3   0  -4  -4  -1  -2  -3  -2   2   0  -4  -3  -3    0   0  53   0   0   0   0  25   0   0   0   0   0   0   0  23   0   0   0   0  0.48 0.00
   12 L    -1  -3  -4  -4  -1  -3  -3  -4  -4   4   2  -3   1   0  -3  -2  -1  -3  -1   3    0   0   0   0   0   0   0   0   0  47  24   0   0   0   0   0   0   0   0  29  0.34 0.00
   13 L    -2  -3  -4  -4  -2  -2  -3  -4  -3   2   4  -3   2   0  -3  -3  -1  -2  -1   1    0   0   0   0   0   0   0   0   0   0 100   0   0   0   0   0   0   0   0   0  0.47 0.01
   14 P    -1  -2  -2  -2  -3  -2  -1  -3  -3  -3  -3  -1  -3  -4   9  -1  -1  -4  -3  -3    0   0   0   0   0   0   0   0   0   0   0   0   0   0 100   0   0   0   0   0  2.06 0.01
   15 T     2  -1  -1  -1  -1  -1  -1  -1  -2  -1  -2  -1  -1  -2  -1   1   4  -3  -2   0   29   0   0   0   0   0   0   0   0   0   0   0   0   0   0   0  71   0   0   0  0.36 0.01
   16 V     4  -2  -2  -2  -1  -1  -1   0  -2   0  -1  -1  -1  -2  -1   1   0  -3  -2   2   76   0   0   0   0   0   0   0   0   0   0   0   0   0   0   0   0   0   0  24  0.28 0.00
   17 I    -2  -3  -4  -4  -2  -3  -4  -4  -3   4   1  -3   1   4  -3  -3  -1  -1   1   2    0   0   0   0   0   0   0   0   0  71   0   0   0  29   0   0   0   0   0   0  0.34 0.01
   18 C    -1  -4  -3  -4  10  -3  -4  -3  -4  -1  -2  -4  -2  -3  -3  -1  -1  -3  -3  -1    0   0   0   0 100   0   0   0   0   0   0   0   0   0   0   0   0   0   0   0  1.27 0.01
   19 K    -1   2   0  -1  -4   1   1  -2  -1  -3  -3   5  -2  -4  -1   0  -1  -3  -2  -3    0   0   0   0   0   0   0   0   0   0   0 100   0   0   0   0   0   0   0   0  0.54 0.01
   20 I    -1  -3  -2  -2  -2  -3  -3   4  -3   3   0  -2   0  -1  -3  -1  -1  -3  -2   1    0   0   0   0   0   0   0  47   0  53   0   0   0   0   0   0   0   0   0   0  0.32 0.00
   21 F    -2  -3  -4  -4  -2  -3  -4  -4  -2   0   2  -3   1   6  -4  -3  -2   0   3   0    0   0   0   0   0   0   0   0   0   0  25   0   0  75   0   0   0   0   0   0  0.57 0.01
   22 K    -1   2   0  -1  -4   1   1  -2  -1  -3  -3   5  -2  -4  -1   0  -1  -3  -2  -3    0   0   0   0   0   0   0   0   0   0   0 100   0   0   0   0   0   0   0   0  0.54 0.01
   23 K    -1   2   0  -1  -4   1   1  -2  -1  -3  -3   5  -2  -4  -1   0  -1  -3  -2  -3    0   0   0   0   0   0   0   0   0   0   0 100   0   0   0   0   0   0   0   0  0.54 0.01
   24 C    -1  -4  -3  -4  10  -3  -4  -3  -4  -1  -2  -4  -2  -3  -3  -1  -1  -3  -3  -1    0   0   0   0 100   0   0   0   0   0   0   0   0   0   0   0   0   0   0   0  1.27 0.01

                      K         Lambda
Standard Ungapped    0.1508     0.3367
Standard Gapped      0.0410     0.2670
PSI Ungapped         0.1508     0.3367
PSI Gapped           0.0410     0.2670
