
Last position-specific scoring matrix computed, weighted observed percentages rounded down, information per position, and relative weight of gapless real matches to pseudocounts
            A   R   N   D   C   Q   E   G   H   I   L   K   M   F   P   S   T   W   Y   V   A   R   N   D   C   Q   E   G   H   I   L   K   M   F   P   S   T   W   Y   V
    1 G     0  -3  -1  -2  -3  -2  -3   6  -3  -4  -4  -2  -3  -4  -3  -1  -2  -3  -4  -4    0   0   0   0   0   0   0 100   0   0   0   0   0   0   0   0   0   0   0   0  1.18 0.04
    2 L    -1  -2  -3  -3  -2  -2  -2  -3  -3   2   4   0   1   0  -3  -2  -1  -2  -1   1    4   0   0   0   0   0   0   0   0  10  67  10   0   2   0   0   0   0   0   6  0.30 0.03
    3 P    -1  -3  -3  -2  -3  -2  -2  -3  -3  -3  -3  -2  -3  -3   8  -1  -2  -4  -1  -2    0   0   0   0   0   0   0   0   0   0   0   0   0   0  93   0   0   0   3   4  1.97 0.07
    4 L    -1  -3  -2  -3  -1  -2  -3  -3  -3   3   1  -2   1  -1  -1  -1   2  -3  -2   3    0   0   0   0   0   0   0   0   0  37   4   0   0   0   3   0  22   0   0  34  0.28 0.02
    5 C    -1  -4  -4  -4  10  -4  -5  -3  -4  -2  -2  -4  -2  -3  -4  -2  -2  -3  -3  -2    0   0   0   0 100   0   0   0   0   0   0   0   0   0   0   0   0   0   0   0  1.79 0.10
    6 G     0  -3  -1  -2  -3  -2  -3   7  -3  -5  -4  -2  -3  -4  -3  -1  -2  -3  -4  -4    0   0   0   0   0   0   0 100   0   0   0   0   0   0   0   0   0   0   0   0  1.25 0.06
    7 E    -1  -1  -1   1  -4   2   6  -3  -1  -4  -4   0  -3  -4  -2  -1  -1  -4  -3  -3    0   0   0   0   0   0 100   0   0   0   0   0   0   0   0   0   0   0   0   0  0.98 0.07
    8 T     0  -2   0  -1  -1  -1  -1  -2  -2  -1  -2  -1  -1  -3  -2   2   5  -3  -2  -1    0   0   0   0   0   0   0   0   0   0   0   0   0   0   0  16  84   0   0   0  0.61 0.06
    9 C    -1  -4  -4  -4  10  -4  -5  -3  -4  -2  -2  -4  -2  -3  -4  -2  -2  -3  -3  -2    0   0   0   0 100   0   0   0   0   0   0   0   0   0   0   0   0   0   0   0  1.79 0.10
   10 V    -1  -3  -3  -3  -2  -3  -3  -3  -2   0   0  -3   0   6  -3  -1   1   0   2   1    5   0   0   0   0   0   0   0   0   0   0   0   0  64   0   0  19   0   0  12  0.49 0.05
   11 G    -1  -1  -1  -2  -2   0  -1   3  -2  -1   1   1   0   1  -2  -1   1  -2  -1  -1    0   0   0   0   0   3   0  31   0   2  23  16   0   9   0   0  16   0   0   0  0.15 0.02
   12 G     0  -3  -1  -2  -3  -2  -3   6  -3  -4  -4  -2  -3  -1  -3  -1  -1  -3  -3  -4    0   0   0   0   0   0   0  93   0   0   0   0   0   4   0   0   3   0   0   0  1.08 0.06
   13 T    -1   0   0  -1  -2   0   0  -2  -2  -1  -2   3  -1  -3  -1   1   4  -3  -2  -1    0   0   0   0   0   0   3   0   0   5   0  33   0   0   0   8  51   0   0   0  0.34 0.04
   14 C    -1  -4  -4  -4  10  -4  -5  -3  -4  -2  -2  -4  -2  -3  -4  -2  -2  -3  -3  -2    0   0   0   0 100   0   0   0   0   0   0   0   0   0   0   0   0   0   0   0  1.79 0.10
   15 N    -2  -2   5  -1  -3  -1  -2  -2   1  -3  -2  -2  -2   2  -3  -1  -1   0   6  -2    0   0  44   0   0   0   0   0   0   0   0   0   0   5   0   0   0   0  51   0  0.65 0.06
   16 T    -1  -2  -1  -2  -1  -1  -1  -2  -2  -1  -2  -1  -1  -3  -2   1   6  -3  -2   0    0   0   0   0   0   0   0   0   0   0   0   0   0   0   0   0  95   0   0   5  0.67 0.07
   17 P     0  -2  -2  -2  -3  -1  -1  -2  -2  -3  -3   0  -3  -4   7  -1  -1  -4  -3  -2   10   0   0   0   0   2   0   0   0   0   0   9   0   0  76   0   0   0   0   4  1.49 0.06
   18 G     0   0  -1   0  -3   0  -1   6  -2  -4  -4   1  -3  -4  -2  -1  -2  -3  -3  -4    0   4   0   5   0   4   0  77   0   0   0  11   0   0   0   0   0   0   0   0  0.80 0.05
   19 C    -1  -4  -4  -4  10  -4  -5  -3  -4  -2  -2  -4  -2  -3  -4  -2  -2  -3  -3  -2    0   0   0   0 100   0   0   0   0   0   0   0   0   0   0   0   0   0   0   0  1.79 0.10
   20 S     0  -1   0  -1  -1  -1  -1  -1  -2  -1  -2  -1  -1  -3  -1   4   3  -3  -2   0    0   0   0   0   0   0   0   0   0   2   0   0   0   0   0  60  32   0   0   5  0.43 0.05
   21 C    -1  -4  -4  -4  10  -4  -5  -3  -4  -2  -2  -4  -2  -3  -4  -2  -2  -3  -3  -2    0   0   0   0 100   0   0   0   0   0   0   0   0   0   0   0   0   0   0   0  1.79 0.10
   22 G     1  -1   2   2  -2   0   1   0  -1  -2  -3  -1  -2  -3  -1   3   1  -3  -2  -2    5   0  12  11   0   0   5   3   0   3   0   0   0   0   0  52   8   0   0   0  0.33 0.03
   23 W    -3  -3  -2  -4  -3  -2  -3  -3  -1  -3  -2  -2  -2   1  -4  -3  -3  11   5  -3    0   0   3   0   0   0   0   0   0   0   0   3   0   0   0   0   0  72  21   0  1.97 0.09
   24 P    -1  -2  -3  -2  -4  -2  -2  -3  -3  -4  -4   0  -3  -4   8  -1  -2  -5  -4  -3    0   0   0   0   0   0   0   0   0   0   0   5   0   0  95   0   0   0   0   0  2.09 0.08
   25 V    -1  -3  -3  -4  -1  -3  -3  -4  -4   4   2  -3   1  -1  -3  -2   0  -3  -2   4    0   0   0   0   0   0   0   0   0  38  10   0   2   0   0   0   5   0   0  44  0.37 0.03
   26 C    -1  -4  -4  -4  10  -4  -5  -3  -4  -2  -2  -4  -2  -3  -4  -2  -2  -3  -3  -2    0   0   0   0 100   0   0   0   0   0   0   0   0   0   0   0   0   0   0   0  1.79 0.10
   27 V    -1   0   0  -2  -2   0  -1  -2  -1  -1  -2   2   0  -1  -2   1   3  -1   3  -1    0   0   3   0   0   0   0   0   0   0   0  24   5   0   0   6  42   0  18   3  0.25 0.04
   28 R    -2   5  -1  -2  -4   1   0  -3   1  -4  -3   4  -2  -3  -2  -1  -1  -3  -2  -3    0  61   0   0   0   0   0   0   3   0   0  36   0   0   0   0   0   0   0   0  0.70 0.05
   29 N    -2  -1   6   3  -3   0   0  -1   0  -4  -4  -1  -3  -4  -2   0  -1  -4  -3  -4    0   0  84  16   0   0   0   0   0   0   0   0   0   0   0   0   0   0   0   0  0.83 0.05

                      K         Lambda
Standard Ungapped    0.1481     0.3244
Standard Gapped      0.0488     0.2670
PSI Ungapped         0.1593     0.3167
PSI Gapped           0.0488     0.2670
