
Last position-specific scoring matrix computed, weighted observed percentages rounded down, information per position, and relative weight of gapless real matches to pseudocounts
            A   R   N   D   C   Q   E   G   H   I   L   K   M   F   P   S   T   W   Y   V   A   R   N   D   C   Q   E   G   H   I   L   K   M   F   P   S   T   W   Y   V
    1 K    -1   3  -1  -1  -4   2   0  -2  -1  -3  -3   5  -2  -4  -2  -1  -1  -3  -2  -3    0  13   0   0   0   8   0   0   0   0   0  79   0   0   0   0   0   0   0   0  0.65 0.07
    2 P    -2  -3  -3  -2  -4  -2  -2  -3  -3  -4  -4  -2  -3  -5   8  -2  -2  -5  -4  -3    0   0   0   0   0   0   0   0   0   0   0   0   0   0 100   0   0   0   0   0  2.36 0.16
    3 K    -2   2  -1  -1  -4   4   1  -3  -1  -4  -3   4  -2  -4   1  -1  -1  -3  -3  -3    0   7   0   0   0  37   7   0   0   0   0  41   0   0   8   0   0   0   0   0  0.65 0.13
    4 G    -1  -1   2   3  -3   2   2   2   1  -4  -4   0  -3  -4  -2   1  -1  -4  -3  -3    0   0   9  26   0  17  12  20   5   0   0   2   0   0   0  10   0   0   0   0  0.45 0.10
    5 M    -2  -2   1   3  -4   2   4  -3  -1  -2   0  -1   2   2  -3  -2  -2  -3  -1  -2    0   0   6  16   0   9  38   0   0   0   9   0   9  11   0   0   0   0   1   0  0.44 0.17
    6 T    -1   0  -1  -2  -2  -2  -2  -2  -3  -3  -3   0  -3  -4  -2   4   5  -4  -3  -2    0   3   0   0   0   0   0   0   0   0   0   5   0   0   0  42  49   0   0   0  0.83 0.28
    7 S     1   4  -2  -2  -3   0   1  -2  -2  -4  -3   0  -3  -4   3   2  -1   3  -3  -3   15  30   0   0   0   2   7   0   0   0   0   4   0   0  13  25   0   6   0   0  0.50 0.19
    8 S     4  -3  -3  -3  -2  -2  -2  -2  -2  -1  -3  -2  -2  -1  -1   2  -1   4   4  -1   46   0   0   0   0   0   0   0   0   5   0   0   0   0   2  18   1   7  18   2  0.54 0.22
    9 Q     0   2  -2   0  -4   5   2  -3   0  -2  -3   1   2  -4  -3  -2  -1  -4  -3  -2    7  11   0   3   0  44  12   0   2   2   0   7   7   0   0   0   3   0   0   2  0.62 0.26
   10 W    -3   2   0   1  -5  -1  -2  -3  -1  -5  -4   5  -3  -3  -4  -3  -3   8  -2  -4    0  10   4  10   0   1   0   1   1   0   0  47   0   0   0   0   0  27   0   0  1.19 0.36
   11 F    -5  -6  -6  -6  -5  -6  -6  -6  -4  -3  -1  -6  -3   9  -6  -5  -5  -2   0  -4    0   0   0   0   0   0   0   0   0   0   3   0   0  97   0   0   0   0   0   0  2.50 0.60
   12 K     0   1  -1  -1  -3   2   2  -3  -2  -2   2   2  -1  -2  -3  -1  -1  -3  -1  -2    6   5   1   2   0  12  16   0   0   0  30  18   0   0   0   3   3   0   1   0  0.27 0.18
   13 I    -1   5  -1  -2  -4  -1  -1  -4  -3   3  -2   0  -2  -3  -3  -1   3  -4  -2  -1    4  39   1   2   0   2   4   0   0  23   0   3   0   0   0   1  20   0   1   2  0.54 0.27
   14 Q    -3  -1  -2  -3  -5   7   0  -4   1  -5  -2   3  -3  -5  -4  -3  -2  -5  -4  -5    0   1   0   0   0  68   1   0   3   0   3  21   0   0   0   0   1   0   0   0  1.42 0.50
   15 H    -5  -3  -2  -1  -6  -3  -3  -5  11  -7  -6  -4  -5  -5  -5  -4  -5  -6  -1  -6    0   0   0   3   0   0   0   0  97   0   0   0   0   0   0   0   0   0   0   0  3.19 0.78
   16 M    -3  -4  -5  -5  -3  -4  -5  -5  -1   5   0  -4   5  -1  -5  -4  -3  -3   3   4    0   0   0   0   0   0   0   0   1  34   3   0  21   0   0   0   0   0  14  27  0.90 0.38
   17 Q    -4  -1   2   6  -5   3  -1  -4  -1  -3  -5  -2  -4  -5  -4  -1   0  -5   1  -5    0   2   9  58   0  14   0   0   1   2   0   0   0   0   0   2   5   0   5   0  1.12 0.46
   18 P     0  -2   1  -2  -3  -1  -2  -1  -3  -2  -1  -1   2  -3   4   3   1  -4  -3  -1    8   0   8   1   0   2   0   3   0   0   6   1   7   0  25  24   8   0   0   4  0.46 0.25
   19 S    -1   0   2   1  -3   0  -1   0  -2  -3  -3   1   1  -3  -2   3   2  -3   0  -3    2   5  12   8   0   4   0   7   0   0   0   9   5   0   0  28  14   0   4   0  0.31 0.21
   20 P     0  -2  -1   2  -4  -2   1  -3   1  -3  -3  -2  -3  -4   6   1   1  -5  -4  -2    6   2   3  10   0   0   9   1   4   1   1   0   0   0  40  12   9   0   0   2  0.79 0.32
   21 Q    -2   3   2  -2  -3   2   0  -2  -2  -1   0   0  -2  -3   0   0   2  -4  -3   0    1  19  10   0   0  11   4   1   0   3   9   5   0   0   4   7  18   0   0   7  0.24 0.19
   22 A    -1   0   1   0  -5   2   0   0   1  -3  -4  -3  -3  -1  -2  -2  -2  -1   7  -4    5   5   6   5   0  10   7   7   2   1   0   0   0   0   2   1   2   0  49   0  0.88 0.41
   23 C    -4  -7  -6  -7  11  -6  -7   0  -7  -5  -5  -7  -5  -6  -6  -4  -4  -6  -6  -5    0   0   0   0  90   0   0   7   0   0   0   0   0   0   0   0   0   0   0   0  3.36 0.88
   24 N    -2  -3   7   2  -5  -3   1  -3  -2  -6  -6  -3  -5  -3  -5  -2   1  -6  -2  -5    2   0  68  10   0   0   8   0   0   0   0   0   0   1   0   0   7   0   2   0  1.45 0.54
   25 S     0   0   1   1  -3   2   0  -1   0  -2  -1   1  -2  -3  -2   1   1  -3   1   0    4   6   6   9   0  13   3   3   3   1   5   8   0   0   0  15  10   0   5   8  0.14 0.13
   26 A     2  -3  -4  -4  -3  -1   0  -4   2   1   1  -2   7  -3  -4  -3   0  -4  -3  -1   20   0   0   0   0   2   7   0   7   7   8   1  40   0   0   0   6   0   0   3  0.73 0.38
   27 M    -4  -2  -6  -6  -5  -4  -5  -6  -5   1   0  -5  10  -3  -6  -5  -4  -4   2  -2    0   2   0   0   0   0   0   0   0   7   4   0  80   0   0   0   0   0   7   0  2.29 0.75
   28 K     1   3   2  -2  -2   1  -1  -3  -2  -2   0   3   2  -2  -3   1  -1  -4  -3  -1   11  23  10   0   1   5   1   0   0   1   8  19   7   1   0   9   2   0   0   2  0.32 0.22
   29 N    -1   4   3   0   0   0  -1   0   2  -2  -2   1  -2  -4  -1   0   0  -4  -3   0    5  30  15   4   2   2   1   8   5   1   2   6   0   0   3   6   4   0   0   8  0.30 0.20
   30 I    -2   4   0  -3  -4   0  -2  -1  -3   3   0   1   1  -3   1  -2  -2  -4  -3   0    0  32   4   0   0   3   0   5   0  23   6  10   4   0   7   0   0   0   0   7  0.39 0.28
   31 N    -1   1   5   1  -4   0   0   0   0  -4  -2   3  -1  -3  -3   0  -2  -4   0  -3    4   6  32   6   0   3   4   8   2   0   4  20   2   0   0   4   0   0   5   0  0.41 0.27
   32 K    -2   1   0  -3  -3  -2  -1  -4  -2   1   1   1   5   1   0  -1  -2  -3   0   0    0   8   6   0   0   0   5   0   0   8  13  10  23   7   4   5   0   0   4   6  0.21 0.23
   33 H    -1   0   0  -3  -3   0  -2  -3   3  -2  -3   0  -2   0   1  -1   4  -2   4   0    2   4   3   0   0   4   0   0   9   0   0   5   0   3   6   0  36   0  21   6  0.51 0.34
   34 T    -1   1   2   3  -3   1   0   0   1  -1  -2   1  -2  -2   0   0   1  -3   1  -2    1   7  13  18   0   8   2   7   3   4   2   7   0   0   4   6  10   0   6   1  0.19 0.13
   35 K    -1   1  -1   0  -3   1  -1   3   4  -2  -3   0  -3  -2  -1   1  -1   3   0  -3    0   7   1   5   0   9   3  28  13   3   0   4   0   2   3  11   2   4   3   1  0.33 0.17
   36 R    -2   4  -2  -1  -4   2  -1  -3   2  -3  -3   1  -3  -2   3   1   1   2   1  -2    0  27   0   2   0  11   0   0   6   0   0   6   0   1  14  13   9   3   5   2  0.45 0.22
   37 C    -4  -7  -6  -7  11  -6  -7  -6  -7  -5  -5  -7  -5  -6  -6  -4  -4  -6  -6  -4    0   0   0   0 100   0   0   0   0   0   0   0   0   0   0   0   0   0   0   0  3.80 0.81
   38 K    -3   0  -3  -3  -5  -1  -2  -4  -3   1  -3   6  -3  -4   0  -3  -3  -5   0   0    0   3   0   0   0   0   0   0   0  10   0  69   0   0   5   0   0   0   4   9  1.03 0.41
   39 D     0   1   1   2  -4  -1   0  -2  -1  -4  -4   1  -3  -2   5   0   0  -5  -4  -4    7   8   7  15   0   1   6   2   1   0   1   9   0   2  35   4   5   0   0   0  0.67 0.23
   40 L    -2   0  -3  -2  -3   2   2  -4  -3   2   0  -1   0   1  -3  -2   0  -3  -2   3    0   4   0   1   0  14  14   0   0  13   7   3   1   6   0   1   4   0   0  30  0.29 0.19
   41 N    -4  -3   7  -2  -5  -3  -3  -4   6  -6  -6  -3  -5  -4  -5  -2  -3  -5   3  -5    0   0  68   0   0   0   0   0  20   0   0   0   0   0   0   0   0   0  10   0  1.75 0.54
   42 T    -2  -4  -3  -4  -4  -3  -4  -4  -3  -1  -3  -3  -3  -3  -4  -1   7  -4   4   0    2   0   0   0   0   0   0   0   0   4   0   0   0   0   0   0  73   0  16   5  1.32 0.49
   43 F    -5  -6  -6  -2  -5  -6  -6  -6  -4   0  -2  -6  -3   9  -6  -5  -5  -2   0   0    0   0   0   2   0   0   0   0   0   4   0   0   0  88   0   0   0   0   0   5  2.15 0.57
   44 L    -1  -4  -5  -5  -3  -4  -5  -4  -5   5   3  -4   0  -2  -4  -4  -2  -4  -3   3    6   0   0   0   0   0   0   1   0  44  24   0   0   0   0   0   0   0   0  26  0.83 0.31
   45 H    -4  -1  -3  -4  -6  -1  -3  -1  10  -2  -1  -4  -4  -4  -5  -4  -4  -5   1  -5    0   2   0   0   0   2   0   4  79   3   7   0   0   0   0   0   0   0   3   0  2.20 0.60
   46 E     1  -2  -1   0  -4  -1   5   1  -2  -3  -3  -1   2  -4  -3   1   1  -4  -4  -1   11   0   1   3   0   0  43   9   0   0   0   1   6   0   0   9   9   0   0   4  0.48 0.26
   47 P    -2   1   2   2  -4   1   0  -3  -2  -4  -3  -1  -3  -3   4   2   1  -5  -3  -3    0   7  10  11   0   6   6   0   0   0   1   1   0   1  23  23   9   0   0   1  0.53 0.23
   48 F    -1  -1  -3  -4  -3  -2  -2  -2  -2   0   2   0  -1   3   3  -2  -1   2   3  -2    5   3   0   0   0   1   2   3   0   3  27   7   0  17  15   2   3   3  11   0  0.34 0.18
   49 S     2   0   1   2  -3   1   1   1   0  -3  -3   0  -3  -4  -2   1   0   2  -3  -2   24   5   7  15   0   8  11   8   2   0   0   3   0   0   0   8   5   3   0   2  0.28 0.15
   50 S    -1  -1   3   3  -4  -1   2  -2   2  -4  -4   0  -3  -4   1   1   1  -5  -3  -3    5   1  19  20   0   0  14   0   5   0   0   5   0   0   6  12  10   0   0   1  0.45 0.21
   51 V    -2  -5  -5  -5  -3  -4  -5  -5  -5   4   1  -5  -1  -3  -5  -4  -2  -5  -3   5    2   0   0   0   0   0   0   0   0  28  12   0   0   0   0   0   1   0   0  56  1.06 0.39
   52 A     0   1   1  -2  -4   4   0  -3   0  -3  -3   4  -2  -4  -3  -2  -1  -4  -3   1    7   7   6   1   0  23   2   1   2   0   0  29   0   0   0   0   4   0   0  16  0.47 0.28
   53 A     4   0   1  -1  -3  -1  -1   0  -2  -2  -4   2  -3  -4  -3   0   1  -5  -4  -2   53   3   8   2   0   1   3   5   1   1   0  13   0   0   0   3   7   0   0   0  0.54 0.29
   54 T    -1  -5  -5  -5  -3  -4  -5  -5  -5   5   0  -4  -1   1  -4  -3   1  -4  -3   5    4   0   0   0   0   0   0   0   0  37   2   0   0   5   0   0   9   0   0  43  0.90 0.35
   55 C    -4  -7  -6  -7  11  -7  -7  -6  -7  -5  -5  -7  -5  -6  -7  -4  -4  -6  -6  -4    0   0   0   0 100   0   0   0   0   0   0   0   0   0   0   0   0   0   0   0  3.90 0.88
   56 Q    -1   0   0   1  -3   0  -1   2   0  -2  -3   1  -3   0  -3   2   0  -3   1  -3    0   6   5   7   0   4   2  21   1   3   0  12   0   4   0  24   3   0   6   0  0.26 0.17
   57 T    -2   0   4   1  -3   3  -1   0   0  -3  -2  -1  -1  -3  -2   1   1  -3   1  -3    0   5  24   6   0  19   0   6   1   0   4   2   1   0   1  12  10   0   5   0  0.34 0.21
   58 P     0   2  -2  -1  -4   1   1   1  -1  -3  -3   2  -3  -4   4   0   0  -4  -3  -2    5  12   0   1   0   4  12  10   1   0   2  18   0   0  22   7   5   0   0   2  0.42 0.19
   59 K    -1  -2   5   0  -4   0   0   0  -2  -2  -2   1  -3   0   0   1  -2  -4  -3  -2    4   0  37   2   0   3   6   7   0   3   2   9   0   6   4  11   0   0   0   2  0.39 0.22
   60 I    -1  -3  -3  -2  -2  -3  -3   1  -3   3  -1  -2   2  -2  -1   0  -1  -4  -3   4    2   0   0   2   0   0   1  14   0  24   1   1   7   0   2   7   3   0   0  36  0.41 0.22
   61 A     2  -1   0   0  -2   1  -1  -2  -2  -1  -1  -1  -2   0   3   0   3  -3  -2  -1   19   3   5   4   0   6   2   1   0   3   6   1   0   5  13   3  26   0   0   1  0.25 0.16
   62 C    -2  -1  -4  -4  10  -4  -4  -4  -4  -3  -3  -4  -3  -4   2  -1  -3  -4  -1  -3    1   4   1   1  69   1   1   1   0   1   1   1   0   1  10   4   1   0   2   1  2.03 0.49
   63 K    -2   0  -1   1  -4   0   1  -2   0  -3  -3   5  -3  -3   2  -1  -2  -3   2  -3    1   1   2   7   0   3   9   2   2   1   1  47   0   1  10   2   1   0   8   1  0.58 0.25
   64 N    -2   0   6   1  -3  -1  -1  -1   1  -3  -1  -2  -2  -3  -3  -1   0  -3  -3  -3    1   5  54   5   0   1   3   3   3   1   9   1   0   1   1   3   5   0   1   1  0.74 0.28
   65 G    -1  -1   1  -1  -3  -1  -2   5  -2  -2  -3   0  -3  -3  -3   0  -1  -3   1  -2    3   3   7   2   0   2   1  49   0   2   1   8   0   1   1   8   2   0   7   4  0.55 0.21
   66 D    -1   2   2   0  -1   2   0   1   0  -1  -1   1  -2  -3  -2  -1  -1  -3  -2   0    4  18  12   4   2  12   4  12   2   4   5   6   0   0   0   3   3   0   1   7  0.16 0.11
   67 K    -1   2   1  -1  -3   0   1   1   1  -1  -2   2   0  -3  -1   1   2  -3  -2  -1    2  12   6   2   0   3  10   9   3   4   2  13   4   0   2   8  16   0   0   4  0.16 0.11
   68 N    -2  -2   7   0  -4  -2  -2  -2  -2  -4  -4   2  -3   0  -3  -1  -2  -4   1  -4    3   0  59   3   0   0   0   2   0   0   1  13   0   4   0   4   1   0   5   1  0.99 0.38
   69 C    -3  -4  -4  -5  10  -4  -5  -4  -4  -3   1  -4   0   0  -4  -3  -3  -4  -3  -3    1   1   0   1  69   0   1   1   0   1  15   1   2   4   1   1   1   0   0   1  2.09 0.51
   70 H    -3   3   1  -3  -4  -2  -2  -4   7  -4  -4   0  -3   1  -4  -3   0  -3   5  -4    0  19   8   0   0   0   0   0  36   0   0   4   0   4   0   0   5   0  20   0  1.03 0.37
   71 Q    -2   2   0   0  -3   3   1  -3   1   0  -1   2   0  -3  -3   0  -1  -3  -2  -1    1  11   3   4   0  20   5   0   4   9   7  19   3   0   0   5   2   0   0   2  0.25 0.17
   72 S    -1  -3  -2  -3  -3  -3  -3  -3  -3  -4  -4  -3  -4  -4  -3   7   2  -5  -4  -4    0   0   0   0   0   0   0   0   0   0   1   0   0   0   0  86   9   0   0   0  1.48 0.53
   73 H    -1   1   2  -1  -3   1   0  -1   2  -3  -2   2   0  -3   1   2   2  -3   0  -2    3   6  11   1   0   6   2   4   6   1   1  14   3   0   5  16  14   0   4   0  0.22 0.15
   74 G    -1   1   1  -1  -2   1  -1   1  -2  -3  -3   0  -3  -1  -3   3   1  -4  -1  -1    2  10   8   2   0   5   2  10   0   0   0   6   0   2   0  36  11   0   2   4  0.34 0.22
   75 A     0   2  -1  -2  -3   2   0  -3   0  -2   0   0  -2  -4   4   1   1  -4  -3  -1    9  11   1   0   0  12   3   0   2   1   9   5   0   0  22  14   9   0   0   3  0.38 0.20
   76 V    -3  -5  -5  -6  -4  -4  -5  -5  -4   1   1  -5   4   6  -5  -4  -3  -3  -1   3    0   0   0   0   0   0   0   0   0   4  12   0  14  42   0   0   0   0   0  27  1.06 0.39
   77 S    -1   1   0   1  -4   3   1  -3   4  -4  -4   0  -3  -2   3   1  -1  -4   0  -4    2   8   4  10   0  14   9   0  14   0   0   6   0   1  16  11   3   0   3   0  0.45 0.21
   78 L    -3  -4  -5  -5  -3  -4  -5   0  -5   4   3  -4   2  -2  -4  -4  -2  -4  -2   3    0   0   0   0   0   0   0   9   0  31  35   0   6   0   0   0   0   0   1  18  0.69 0.29
   79 T    -3  -4   0  -4  -4  -3  -4  -4  -4  -1  -2  -3  -3  -4  -4   0   7  -5  -4   1    0   0   5   0   0   0   0   0   0   3   3   0   0   0   0   3  78   0   0   9  1.38 0.53
   80 M    -2  -1  -1   4  -3  -1  -1  -3   1   0  -1  -2   1   1  -3  -2   3  -3   2   0    1   3   1  29   0   2   1   0   5   5   3   0   4   6   0   0  21   0   8   9  0.35 0.23
   81 C    -4  -7  -6  -7  11  -7  -7  -4  -7  -5  -5  -7  -5  -6  -6  -4  -4  -6  -6  -4    0   0   0   0  99   0   0   1   0   0   0   0   0   0   0   0   0   0   0   0  3.79 0.86
   82 K    -2   4   4  -1  -3   0   0  -2  -1  -4  -3   3  -3  -4  -3   0   1  -4  -2  -2    0  29  21   2   1   3   4   1   1   0   1  20   0   0   0   3   9   0   1   3  0.55 0.25
   83 L    -3  -2  -2  -3  -3  -1   0  -5   3   1   5  -2   0  -1  -4  -3  -2  -3  -2   0    0   2   2   1   0   3   5   0   8   6  62   1   0   2   0   0   1   0   0   4  0.61 0.29
   84 T    -1   1  -2  -2  -3  -1  -2  -1  -1   1  -3   0  -2  -4  -3   1   5  -4  -3  -1    3   9   0   2   0   2   0   4   2   9   0   6   0   0   0   9  48   0   0   4  0.52 0.29
   85 S     0  -3   1   0  -3  -1   0   4   2  -4  -4  -1  -2  -4  -3   3  -1  -4  -3  -4    3   0   5   3   0   2   6  36   5   0   0   2   1   0   0  32   2   0   0   0  0.61 0.27
   86 G     0   1  -2  -2  -3   2  -2   4  -3  -3  -4  -1  -3  -4   2   3  -2  -4  -4  -3    6  10   0   0   0  10   0  30   0   2   0   2   0   0  11  28   0   0   0   0  0.56 0.27
   87 K    -1   1   2   0  -3   2   0  -1  -2  -2  -3   4  -2  -4  -3   2   1  -4  -3  -1    2   7  11   3   0  12   2   4   0   2   0  29   0   0   0  17   8   0   0   4  0.38 0.21
   88 Y     0   2  -3  -4  -4  -2  -3  -4   2   1  -2  -2   0   0   1  -2   0   2   6  -2    8  16   0   0   0   0   0   0   4  12   1   0   3   1   7   0   8   2  35   1  0.59 0.29
   89 P    -3  -2  -4  -4  -5  -2  -3  -4  -4  -2  -4  -3  -4  -5   8   0   1  -6  -5  -4    0   2   0   0   0   1   0   0   0   3   1   0   0   0  76   6   9   0   0   0  2.02 0.54
   90 N    -1   0   5   0  -4   1  -2  -3   2  -4  -4  -1  -2  -5   4   0  -1  -5  -4  -4    6   4  40   2   0   6   0   0   5   0   1   2   1   0  21   7   2   0   0   0  0.77 0.33
   91 C    -4  -7  -6  -7  12  -7  -7  -6  -7  -5  -5  -7  -5  -6  -7  -4  -4  -6  -6  -4    0   0   0   0 100   0   0   0   0   0   0   0   0   0   0   0   0   0   0   0  3.91 0.86
   92 R     0   4   1   1  -4   1  -1  -2   1  -4  -3   2  -3  -4   0   0   0  -4  -1  -2    9  32   8   7   0   6   1   2   3   0   1  12   0   0   5   7   4   0   2   3  0.38 0.20
   93 Y    -5  -5  -6  -7  -2  -5  -6  -7  -2  -5  -5  -5  -4   0  -6  -5  -5  -1  10  -5    0   0   0   0   1   0   0   0   0   0   0   0   0   0   0   0   0   0  99   0  3.07 0.79
   94 K    -1   3   2  -2  -4   2   0  -2   1  -3  -2   3  -2  -4  -3   1   0  -4  -3  -2    4  19  11   0   0  10   4   1   4   0   4  22   0   0   0  12   5   0   0   3  0.38 0.20
   95 E     2  -3  -2   0  -3   0   0   0  -3  -2  -2  -2  -1  -4   0   2   4  -4  -2  -2   19   0   0   4   0   5   5   6   0   2   2   0   1   0   3  18  34   0   1   0  0.41 0.25
   96 K    -1   1   0  -1  -3  -2  -2  -2  -3  -1  -2   1  -2   2  -3   2   4  -3   0  -2    2  10   3   3   0   0   1   1   0   4   1   8   1  11   0  21  32   0   2   0  0.38 0.24
   97 R     1   1   1  -1  -3   3   0  -2   1  -1   0   0  -1  -2   2  -1   0  -3   1  -1   13   9   7   2   0  17   2   2   4   5   9   5   0   0  10   1   6   0   6   1  0.16 0.13
   98 Q     1   0  -1   0  -2   1   0   1  -2  -1   0   0   0  -1  -2   1   1  -3  -1  -2   12   7   0   4   0   7   6  11   0   2  10   3   3   3   0  16  12   0   2   0  0.11 0.11
   99 N    -2   1   3  -1  -4   2   2  -3   0  -1  -2   1  -2   1  -3   0   2  -3   1  -2    0   6  20   0   0  12  14   0   1   3   2   7   0   7   0   5  15   0   4   2  0.31 0.20
  100 K    -2   4   2  -2  -5   2  -1   1   0  -5  -4   5   0  -5  -3  -2  -2  -5  -4  -4    1  22  10   0   0   7   2  12   2   0   0  38   3   0   0   0   1   0   0   0  0.69 0.30
  101 S    -3   2   1  -3  -4  -1  -2  -4   5  -3  -2   1  -3   3  -1   0  -2  -2   5  -2    0  14   6   0   0   2   0   0  19   0   1   7   0  16   3   7   1   0  20   3  0.59 0.27
  102 Y    -3  -5  -5  -5  -3  -4  -5  -6  -3   6   0  -4  -1   2  -1  -4  -3  -3   4   3    0   0   0   0   0   0   0   0   0  50   6   0   0   7   3   1   0   0  16  17  0.92 0.35
  103 V    -2   0  -4  -5   4  -4  -4  -5  -4   4   1  -3  -1  -1  -4  -3   0  -4   1   3    1   8   0   0  10   0   0   0   0  33  12   0   0   1   0   0   5   0   5  25  0.59 0.26
  104 V    -2  -5  -5  -6  -3  -5  -5  -6  -5   5   0  -5   1  -3  -5  -4  -3  -5  -4   6    1   0   0   0   0   0   0   0   0  31   5   0   3   0   0   0   0   0   0  60  1.22 0.42
  105 A     5  -2  -3  -3  -3  -3  -3   0  -4  -3  -1   0  -3  -4  -3   1   3  -5  -4  -2   58   1   0   0   0   0   0   6   0   0   5   4   0   0   0   8  18   0   0   0  0.74 0.35
  106 C    -4  -7  -6  -7  12  -7  -7  -6  -7  -5  -5  -7  -5  -6  -7  -4  -4  -6  -6  -4    0   0   0   0 100   0   0   0   0   0   0   0   0   0   0   0   0   0   0   0  3.91 0.86
  107 K    -2   0   2   4  -4  -1   5  -3  -2  -4  -3  -1  -3  -4  -3   0  -2   0  -3  -3    1   6  10  21   0   0  46   1   0   0   2   1   0   0   0   6   1   1   0   2  0.75 0.28
  108 P    -2   0   3   3  -3  -2  -1   3  -1  -3  -3  -1  -3  -3   3  -1  -2  -3  -3  -3    1   6  17  17   0   1   1  30   1   1   2   3   0   1  13   3   1   0   1   2  0.50 0.18
  109 P    -1   2   3   0  -2   1   0  -1  -1  -2  -1   1   0  -2   2   0   0  -2  -2  -2    2  14  22   5   0   7   3   4   1   1   6   9   2   1  11   5   4   0   1   2  0.25 0.10
  110 Q    -1   0   0   1  -2   2   0   0   1  -1  -1   0  -1   0   1   0   0   2   2  -1    4   5   2  10   1  12   3   6   5   2   5   7   1   3   8   3   8   4   9   3  0.11 0.04
  111 K     0   0  -1   0  -2   2   1  -1  -1  -2  -1   1  -1  -2   4   0   0  -1  -1  -1    5   4   2   6   1  15   7   4   1   2   4   8   1   2  20   8   4   1   2   3  0.26 0.06
  112 K     0   1  -1   0  -1   1   0   1  -1  -1  -1   0  -1  -1  -1   0   0   4  -1   0   10  11   2   4   1   8   4  10   1   4   6   5   1   2   3   4   6   8   2   6  0.09 0.03
  113 D    -1  -1   0   4  -2   1   1  -1   1  -1  -1   0  -1  -1  -1   0  -1  -1  -1  -1    4   3   4  33   1   7   7   4   4   3   7   3   1   2   3   5   3   1   2   3  0.24 0.06
  114 S     0   0   1   0  -1   0   0  -1  -1  -1  -1   0  -1   0   4   1   0  -1   0  -1    4   4   7   3   1   2   7   4   1   3   8   3   1   5  22  12   4   1   4   4  0.21 0.04
  115 Q    -1  -1  -1  -1  -1   1   2  -1  -1   0  -1   0  -1  -1   4  -1   0  -1  -1  -1    4   3   2   3   1   6  15   4   1   8   6   3   1   2  24   4   6   1   2   3  0.27 0.06
  116 Q     0   0   0  -1  -1   1   0   2  -1  -1  -1   0   2  -1  -1   0   0  -1  -1  -1    4   6   3   3   1   8   5  23   1   3   5   5  11   2   3   4   8   1   2   4  0.10 0.04
  117 F    -1  -1   0  -1  -1   1  -1  -1   0   0  -1   0  -1   1  -1  -1  -1   0   5   0    4   3   4   3   1   7   3   6   2   7   5   7   1   3   3   4   3   1  29   5  0.19 0.07
  118 H    -1  -1   1  -1  -2   0  -1  -2   0   0  -2   1  -2  -1   6  -1  -1  -3  -2  -1    4   1  10   1   1   3   2   2   3   9   2   9   1   3  39   3   2   0   1   4  0.60 0.15
  119 L    -1  -2  -2  -2  -2  -2  -2   2  -1   0   1  -2  -1   1  -2  -1  -1  -1   3   1    2   1   1   1   0   1   1  22   0   5  20   1   0   7   1   2   1   0  16  15  0.23 0.12
  120 V    -1  -3  -4  -4  -2  -3  -4  -4  -4   2   2  -3   0  -2  -2  -3  -2  -1  -2   5    3   0   0   0   0   0   1   1   0   9  25   0   0   0   2   1   0   1   0  54  0.68 0.25
  121 P    -4  -5  -5  -4  -6  -4  -4  -5  -5  -6  -6  -4  -5  -6   9  -4  -4  -6  -6  -5    0   0   0   0   0   0   0   0   0   0   0   0   0   0  99   0   0   0   0   0  3.02 0.61
  122 V    -2  -5  -5   0  -3  -4  -4  -5  -5   0  -2  -4  -2  -3  -5  -4  -2  -5  -4   7    0   0   0   7   0   0   0   0   0   0   0   0   0   0   0   0   0   0   0  93  1.47 0.44
  123 H    -5  -3  -2  -4  -6  -2  -3  -5  11  -6  -6  -4  -5  -4  -5  -4  -5  -5  -1  -6    0   0   0   0   0   0   0   0 100   0   0   0   0   0   0   0   0   0   0   0  3.17 0.64
  124 L    -4  -4  -5  -5  -4  -4  -5  -5  -3   1   4  -5  -1   6  -5  -4  -3  -2   2  -1    0   0   0   0   0   0   0   0   0   7  42   0   0  44   0   0   0   0   6   0  1.04 0.30
  125 D    -4  -4  -1   8  -6  -2   0  -3  -3  -5  -5  -3  -5  -6  -4  -2  -3  -6  -5  -2    0   0   0  91   0   0   2   0   0   0   0   0   0   0   0   0   0   0   0   4  1.80 0.39
  126 R     2   2  -1  -1  -3   1   2   1  -2  -3  -2   2  -2  -4  -2   0   0  -4  -3  -2   29  11   1   2   0   4  13  11   0   0   2  17   0   0   0   3   7   0   0   0  0.28 0.12
  127 V     0  -2  -1  -2  -2  -2  -2  -2  -3   2  -1  -2  -2  -3  -3   4   3  -4  -2   1    2   1   0   0   0   0   0   0   0  13   2   0   0   0   0  45  22   0   1  14  0.47 0.20
  128 L    -2  -4  -4  -5  -2  -4  -4  -5  -4   4   1  -4   0   4  -4  -3  -2  -3  -1   4    0   0   0   0   0   0   0   0   0  26   8   0   0  20   0   0   0   0   0  46  0.70 0.20

                      K         Lambda
Standard Ungapped    0.1279     0.3179
Standard Gapped      0.0484     0.2670
PSI Ungapped         0.1582     0.3170
PSI Gapped           0.0484     0.2670
