
Last position-specific scoring matrix computed, weighted observed percentages rounded down, information per position, and relative weight of gapless real matches to pseudocounts
            A   R   N   D   C   Q   E   G   H   I   L   K   M   F   P   S   T   W   Y   V   A   R   N   D   C   Q   E   G   H   I   L   K   M   F   P   S   T   W   Y   V
    1 Q    -1   1   0   0  -3   6   2  -2   0  -3  -2   1  -1  -4  -1   0  -1  -2  -2  -2    0   0   0   0   0 100   0   0   0   0   0   0   0   0   0   0   0   0   0   0  0.70 0.02
    2 V     0  -3  -1  -2  -2  -2  -2   5  -3   0  -2  -2  -1  -2  -2  -1  -1  -3  -3   1    0   0   0   0   0   0   0  71   0   0   0   0   0   0   0   0   0   0   0  29  0.56 0.01
    3 Y    -2  -2  -3  -4  -3  -2  -3  -3   1  -1  -1  -2  -1   5  -3  -2  -2   2   7  -1    0   0   0   0   0   0   0   0   0   0   0   0   0  27   0   0   0   0  73   0  0.78 0.02
    4 K     0   2   0  -1  -3   1   1  -1  -1  -3  -3   4  -2  -3  -1   2   0  -3  -2  -2    0   0   0   0   0   0   0   0   0   0   0  76   0   0   0  24   0   0   0   0  0.42 0.01
    5 G     0  -2   0  -1  -2  -1  -2   5  -2  -4  -4  -1  -3  -3  -2   2  -1  -3  -3  -3    0   0   0   0   0   0   0  76   0   0   0   0   0   0   0  24   0   0   0   0  0.76 0.01
    6 G     0  -3  -1  -2  -3  -2  -2   5  -2  -4  -4  -2  -3  -4   3   0  -2  -3  -3  -3    0   0   0   0   0   0   0  80   0   0   0   0   0   0  20   0   0   0   0   0  0.92 0.01
    7 Y    -2  -2  -2  -3  -3  -2  -2  -3   2  -2  -1  -2  -1   3  -3  -2  -2   2   7  -1    0   0   0   0   0   0   0   0   0   0   0   0   0   0   0   0   0   0 100   0  0.92 0.02
    8 T     0  -1   0  -1  -1  -1  -1  -2  -2  -1  -1  -1  -1  -2  -1   1   5  -3  -2   0    0   0   0   0   0   0   0   0   0   0   0   0   0   0   0   0 100   0   0   0  0.51 0.02
    9 R    -1   5  -1  -2  -3   0  -1   2  -1  -3  -3   2  -2  -3  -2  -1  -1  -3  -2  -3    0  73   0   0   0   0   0  27   0   0   0   0   0   0   0   0   0   0   0   0  0.56 0.01
   10 P     0  -2  -1  -1  -2  -1  -1  -2  -2  -3  -3  -1  -2  -4   7   2   0  -4  -3  -2    0   0   0   0   0   0   0   0   0   0   0   0   0   0  73  27   0   0   0   0  1.39 0.01
   11 I    -2  -3  -3  -4  -2  -2  -3  -4  -1   3   2  -3   1   1  -3  -2  -1   0   4   2    0   0   0   0   0   0   0   0   0  50  24   0   0   0   0   0   0   0  27   0  0.31 0.01
   12 P     0  -2  -1  -2  -2  -1  -1  -2  -2  -1   0  -1  -1  -2   6   1   0  -3  -2  -1    0   0   0   0   0   0   0   0   0   0  20   0   0   0  53  27   0   0   0   0  0.83 0.01
   13 R    -1   5   0  -2  -4   1   0  -2   0  -3  -2   3  -2  -3  -2  -1  -1  -3  -2  -3    0  76   0   0   0   0   0   0   0   0   0  24   0   0   0   0   0   0   0   0  0.66 0.01
   14 P     2  -2  -2  -2  -2  -1  -1  -1  -2  -3  -3  -1  -2  -3   7   0  -1  -4  -3  -2   27   0   0   0   0   0   0   0   0   0   0   0   0   0  73   0   0   0   0   0  1.37 0.01
   15 P    -1  -2  -2  -1  -2  -1  -1  -2  -2  -2  -2  -1  -2  -3   7  -1  -1  -3  -2  -2    2   1   1   1   0   1   1   2   0   1   2   1   0   1  81   1   1   0   1   1  1.48 0.01
   16 P    -1  -2  -2  -1  -2  -1  -1  -2  -2   1  -1  -1  -1  -2   6  -1  -1  -2  -2   0    2   1   1   1   0   1   1   2   0  25   2   1   0   1  57   1   1   0   1   1  0.86 0.01
   17 F    -2  -2  -3  -4  -3  -2  -3  -3   0  -1   0  -3  -1   5  -4  -2  -2   2   6  -1    0   0   0   0   0   0   0   0   0   0   0   0   0  53   0   0   0   0  47   0  0.72 0.01
   18 V     0  -3  -2  -3  -1  -2  -3   2  -3   3   0  -2   0  -1  -3  -1  -1  -3  -2   3    0   0   0   0   0   0   0  27   0  24   0   0   0   0   0   0   0   0   0  50  0.23 0.01
   19 R    -1   5   0  -1  -3   1   0  -2   0  -3  -2   2  -2  -3  -2   2   0  -3  -2  -2    0  73   0   0   0   0   0   0   0   0   0   0   0   0   0  27   0   0   0   0  0.53 0.01
   20 P    -1  -2  -2  -2  -3  -1  -1  -2  -2  -3  -3  -1  -3  -4   8  -1  -1  -4  -3  -3    0   0   0   0   0   0   0   0   0   0   0   0   0   0 100   0   0   0   0   0  2.07 0.02
   21 L    -1  -2  -2  -2  -1  -2  -2  -3  -2   3   2  -2   1   0  -2  -2  -1  -2  -1   2    2   1   1   1   0   1   1   2   0  51  31   1   0   1   1   1   1   0   1   1  0.21 0.00
   22 P     0  -1   0   0  -1   0   0  -1  -1  -1  -1   0  -1  -2   5   2   0  -1  -1  -1    3   2   2   2   1   2   3   3   1   2   4   3   1   2  32  30   3   1   1   3  0.41 0.00
   23 G     0  -1   0  -1  -1  -1  -1   3  -1  -1  -1  -1  -1  -1  -1   0   2  -1  -1  -1    3   2   2   2   1   2   3  33   1   2   4   3   1   2   2   3  29   1   1   3  0.19 0.00
   24 G     0  -1   0  -1  -2   0   0   3   5  -2  -2  -1  -1  -1  -1   0  -1  -1   0  -2    3   2   2   2   1   2   3  33  28   2   4   3   1   2   2   3   3   1   1   3  0.23 0.00
   25 P     0  -1  -1  -1  -2  -1  -1  -1  -1  -2  -2  -1  -1  -2   6   0  -1  -2  -1  -1    3   2   2   2   1   2   3   3   1   2   4   3   1   2  58   3   3   1   1   3  0.89 0.00
   26 I    -1  -2  -2  -2  -1  -2  -2  -2  -2   3   1  -2   1   0  -2  -2   0  -2  -1   3    2   1   1   1   0   1   1   2   1  57   2   1   1   1   1   2   1   0   1  22  0.19 0.00
   27 G     0  -1   0  -1  -1  -1  -1   3  -1   0  -1  -1  -1  -2  -1   2   0  -2  -2   1    2   1   1   1   0   1   1  31   1   1   2   1   1   1   1  28   1   0   1  22  0.17 0.00
   28 P     0  -1  -1  -1  -2  -1  -1  -1  -1  -2  -2  -1  -2  -2   6   1   0  -2  -2  -2    2   1   1   1   0   1   1   2   1   1   2   1   1   1  57  22   1   0   1   2  0.93 0.01
   29 Y     1  -1  -1  -2  -1  -1  -1  -1   1  -1  -1  -1  -1   2  -1   0  -1   1   5  -1   29   1   1   1   0   1   1   2   1   1   2   1   1   1   1   2   1   0  50   2  0.30 0.01
   30 N    -1  -1   4   1  -2   0   0  -1   0  -2  -2   0  -1  -2  -1   1   2  -2  -2  -1    2   1  51   1   0   1   1   2   1   1   2   1   1   1   1   2  28   0   1   2  0.31 0.01
   31 G     2  -2  -1  -2  -2  -2  -2   5  -2  -3  -3  -2  -2  -3  -2   0  -1  -3  -3  -2   20   0   0   0   0   0   0  80   0   0   0   0   0   0   0   0   0   0   0   0  0.80 0.01
   32 C    -1  -4  -3  -4  10  -3  -4  -3  -3  -1  -1  -3  -2  -3  -3  -1  -1  -3  -3  -1    0   0   0   0 100   0   0   0   0   0   0   0   0   0   0   0   0   0   0   0  1.30 0.02
   33 P    -1  -1   0   3  -2  -1   0  -1  -1  -2  -2  -1  -2  -2   5   0   2  -2  -2  -1    2   1   1  25   1   1   2   2   1   1   2   2   1   1  31   2  22   0   1   2  0.47 0.00
   34 V    -1  -2  -2  -3  -1  -2  -2  -3  -3   2   2  -2   1  -1  -2  -1   2  -3  -1   3    0   0   0   0   0   0   0   0   0  15  20   0   0   0   0   0  27   0   0  38  0.22 0.00
   35 S     1  -1   0   0  -1   0   0   0  -1  -2  -2   0  -1  -2  -1   4   1  -2  -1  -1    2   1   1   1   0   1   1   2   1   1   2   1   1   1   1  78   1   0   1   2  0.31 0.01
   36 C    -1  -4  -3  -4  10  -3  -4  -3  -3  -1  -1  -3  -2  -3  -3  -1  -1  -3  -3  -1    0   0   0   0 100   0   0   0   0   0   0   0   0   0   0   0   0   0   0   0  1.30 0.02
   37 R    -2   4   0  -2  -3   0  -1  -3   5  -3  -2   1  -1   0  -3  -1  -2  -1   4  -3    0  50   0   0   0   0   0   0  27   0   0   0   0   0   0   0   0   0  24   0  0.47 0.01
   38 G     0  -2   0  -1  -2  -2  -2   5  -2  -3  -3  -1  -2  -3  -2   0   2  -3  -3  -2    0   0   0   0   0   0   0  73   0   0   0   0   0   0   0   0  27   0   0   0  0.69 0.01
   39 I    -1  -3  -4  -3  -1  -3  -4  -4  -4   5   2  -3   1   0  -3  -3  -1  -3  -2   3    0   0   0   0   0   0   0   0   0 100   0   0   0   0   0   0   0   0   0   0  0.42 0.02
   40 S     0  -1   0  -1  -1  -1  -1  -1  -2  -2  -2  -1  -1  -3   4   2   3  -3  -2  -1    0   0   0   0   0   0   0   0   0   0   0   0   0   0  24  29  47   0   0   0  0.51 0.01
   41 F    -1  -2  -1  -2  -2  -2  -2  -2  -1  -1   0  -2   0   5  -2   1   2   0   2  -1    0   0   0   0   0   0   0   0   0   0   0   0   0  56   0  24  20   0   0   0  0.31 0.01
   42 S     0  -1   1   3  -2   0   0  -1  -1  -2  -3   0  -2  -3  -1   3   2  -3  -2  -2    0   0   0  27   0   0   0   0   0   0   0   0   0   0   0  53  20   0   0   0  0.38 0.01
   43 Q    -1   1   0  -1  -3   4   1  -2   0  -2  -2   3  -1  -3  -1   0   2  -3  -2  -2    0   0   0   0   0  50   0   0   0   0   0  27   0   0   0   0  24   0   0   0  0.39 0.01
   44 A     4  -2  -2  -2  -1  -1  -1   0  -2  -1  -2  -1  -1  -2  -1   1   0  -3  -2   0  100   0   0   0   0   0   0   0   0   0   0   0   0   0   0   0   0   0   0   0  0.43 0.01
   45 R    -1   5   0  -1  -2   1   0  -2   0  -2  -2   2  -1  -2  -1  -1  -1  -2  -1  -2    2  75   1   1   1   1   2   2   1   1   2   2   1   1   1   2   2   0   1   2  0.46 0.01
   46 S     2  -1  -1  -1  -1  -1  -1  -1  -2  -1   1  -1   0  -2  -1   3   1  -3  -2  -1   27   0   0   0   0   0   0   0   0   0  24   0   0   0   0  50   0   0   0   0  0.20 0.01
   47 C    -1  -4  -3  -4  10  -3  -4  -3  -3  -1  -1  -3  -2  -3  -3  -1  -1  -3  -3  -1    0   0   0   0 100   0   0   0   0   0   0   0   0   0   0   0   0   0   0   0  1.30 0.02
   48 C    -1  -4  -3  -4  10  -3  -4  -3  -3  -1  -1  -3  -2  -3  -3  -1  -1  -3  -3  -1    0   0   0   0 100   0   0   0   0   0   0   0   0   0   0   0   0   0   0   0  1.30 0.02
   49 S     0   3   0  -1  -2   0  -1  -2  -1  -2  -1   0  -1   3  -2   2   2  -1   0  -1    0  27   0   0   0   0   0   0   0   0   0   0   0  24   0  29  20   0   0   0  0.20 0.01
   50 R    -2   5  -1  -2  -3   0  -1  -3  -1  -1   1   1   0  -2  -3  -1  -1  -3  -2  -1    0  73   0   0   0   0   0   0   0   0  27   0   0   0   0   0   0   0   0   0  0.45 0.01
   51 L    -2  -2  -3  -4  -2  -2  -3  -4  -1   1   3  -3   1   4  -3  -2  -2   0   4   0    0   0   0   0   0   0   0   0   0   0  50   0   0  27   0   0   0   0  24   0  0.40 0.01
   52 G     0  -3  -1  -1  -3  -2  -2   6  -2  -4  -4  -2  -3  -3  -2   0  -2  -3  -3  -3    0   0   0   0   0   0   0 100   0   0   0   0   0   0   0   0   0   0   0   0  1.07 0.01
   53 R    -2   5   0   3  -4   1   0  -2  -1  -3  -3   2  -2  -3  -2  -1  -1  -3  -2  -3    0  76   0  24   0   0   0   0   0   0   0   0   0   0   0   0   0   0   0   0  0.60 0.01
   54 C    -1  -4  -3  -4  10  -3  -4  -3  -3  -1  -1  -3  -2  -3  -3  -1  -1  -3  -3  -1    0   0   0   0 100   0   0   0   0   0   0   0   0   0   0   0   0   0   0   0  1.30 0.02
   55 C    -1  -4  -3  -4  10  -3  -4  -3  -3  -1  -1  -3  -2  -3  -3  -1  -1  -3  -3  -1    0   0   0   0 100   0   0   0   0   0   0   0   0   0   0   0   0   0   0   0  1.30 0.02
   56 H    -1   0   1  -1  -3   0   0  -2   7  -3  -3  -1  -2  -2  -2   2  -1  -3   1  -3    0   0   0   0   0   0   0   0  73   0   0   0   0   0   0  27   0   0   0   0  0.63 0.02
   57 V     2   2  -2  -3  -1  -1  -1  -2  -2   1   0   0   0  -2  -2  -1   0  -3  -2   3   27  24   0   0   0   0   0   0   0   0   0   0   0   0   0   0   0   0   0  50  0.15 0.01
   58 G     1  -2  -1  -2  -2  -2  -2   4  -2  -1   1  -2   0  -2  -2   0  -1  -2  -2  -1   20   0   0   0   0   0   0  53   0   0  27   0   0   0   0   0   0   0   0   0  0.38 0.01
   59 K    -1   2   0  -1  -3   1   1  -2  -1  -3  -3   5  -2  -3  -1   0  -1  -3  -2  -2    0   0   0   0   0   0   0   0   0   0   0 100   0   0   0   0   0   0   0   0  0.53 0.01
   60 G     0  -3   0  -1  -3  -2  -2   6  -2  -4  -4  -2  -3  -3  -2   0  -2  -3  -3  -3    0   0   0   0   0   0   0 100   0   0   0   0   0   0   0   0   0   0   0   0  1.05 0.01
   61 Y    -2  -2  -2  -3  -3  -2  -2  -3   2  -1  -1  -2  -1   3  -3  -2  -2   2   7  -1    0   0   0   0   0   0   0   0   0   0   0   0   0   0   0   0   0   0 100   0  0.85 0.00
   62 S     1  -1   1   0  -1   0   0   0  -1  -3  -3   0  -2  -3  -1   4   1  -3  -2  -2    0   0   0   0   0   0   0   0   0   0   0   0   0   0   0 100   0   0   0   0  0.45 0.00

                      K         Lambda
Standard Ungapped    0.1486     0.3247
Standard Gapped      0.0410     0.2670
PSI Ungapped         0.1486     0.3247
PSI Gapped           0.0410     0.2670
