
Last position-specific scoring matrix computed, weighted observed percentages rounded down, information per position, and relative weight of gapless real matches to pseudocounts
           A  R  N  D  C  Q  E  G  H  I  L  K  M  F  P  S  T  W  Y  V   A   R   N   D   C   Q   E   G   H   I   L   K   M   F   P   S   T   W   Y   V
    1 M   -4 -5 -6 -6 -5 -4 -6 -6 -5  5  1 -5  9 -3 -6 -5 -4 -5 -4 -2    0   0   0   0   0   0   0   0   0  30  12   0  58   0   0   0   0   0   0   0  1.94 0.70
    2 Q   -2  2  0 -2 -1  3  1 -3 -1 -2  0  2 -2 -2 -3  0  0  4 -3 -2    0  10   5   1   1  18  11   0   1   2  13  14   0   2   0   9   6   6   0   1  0.31 0.24
    3 I   -2 -5 -6 -6 -4 -5 -6 -6 -6  5  4 -5 -1 -3 -5 -5 -3 -5 -4  4    2   0   0   0   0   0   0   0   0  32  34   0   0   0   0   0   0   0   0  32  1.16 0.50
    4 F   -2  2 -1 -2 -4  0 -3 -4  0  0 -1  2 -2  4 -2 -1  4 -3  0 -2    1  10   3   1   0   4   0   0   2   6   5  14   0  19   1   2  28   0   2   2  0.42 0.32
    5 V   -4 -6 -6 -6 -4 -5 -6 -7 -6  3  2 -6 -2  0 -6 -5 -3 -6 -4  6    0   0   0   0   0   0   0   0   0  16  15   0   0   4   0   0   0   0   0  65  1.41 0.60
    6 K   -2  4 -2 -2 -5  0 -1 -4  0 -1 -4  6 -1 -5 -4 -2 -2 -5 -4 -3    3  25   1   1   0   2   3   0   2   3   0  50   2   0   0   3   2   0   0   1  1.04 0.51
    7 T    0 -3  1  0 -1 -3 -3 -1 -3 -1  0 -2  2  2 -3  1  4 -4 -1 -1    7   0   8   6   1   0   0   4   0   2   8   1   5  10   1  11  33   0   2   3  0.35 0.30
    8 L   -2 -2 -1 -2 -3  0 -1 -3 -3  0  3 -2  2  0  3  0 -1  0 -2 -1    2   2   4   2   0   4   4   1   0   5  37   1   5   4  13   9   2   1   1   2  0.31 0.25
    9 T   -2 -2  3  3 -4  1 -1  1  0 -4 -3  1 -3 -5 -2  1  2 -5 -4 -4    2   0  15  21   0   6   3  10   2   0   3   9   0   0   2   9  17   0   0   0  0.46 0.31
   10 G   -2 -4  0  2 -5  1  1  6 -4 -6 -6 -2 -5 -6 -4  0 -4 -1 -5 -4    1   0   3  12   0   5   8  58   0   0   0   2   0   0   0   8   0   1   0   1  1.10 0.52
   11 K   -2  2  2 -3 -1  3  0 -2 -2 -2 -4  4 -3 -5 -3  1  2 -5 -3 -2    2  11   9   0   2  15   4   2   1   2   0  26   0   0   1  10  14   0   1   2  0.49 0.35
   12 T   -2  0 -1  1  0  0  3 -1  0 -1 -2  1 -3 -1 -2  0  2 -4 -3  0    0   5   2  10   2   3  23   4   3   3   3   7   0   3   1   7  19   0   0   6  0.26 0.24
   13 I   -2  0 -2 -3  1 -1 -1 -3  2  3  1 -1  0  3 -4 -1 -1 -1  2  0    3   6   1   0   3   2   4   1   7  20  10   4   2  16   0   4   3   1   7   6  0.23 0.19
   14 T    0  0  0  1 -3 -1  1 -2  1 -2 -1  0 -2 -2  2  1  2  0 -2 -1    5   6   2   9   0   2  10   1   3   1   6   4   0   1  12  13  16   2   0   6  0.19 0.18
   15 L   -1 -3 -5 -6 -4 -4 -5 -5 -4  2  4 -3  1  3 -5 -4 -2 -3  1  3    5   1   0   0   0   0   0   0   0  13  37   2   3  16   0   0   2   0   4  18  0.70 0.37
   16 E   -1  2  1  2 -4  2  3 -3  0 -3 -2  1 -1 -4 -3  0  2 -4 -2 -1    6  10   6  10   0   8  21   0   3   1   3   7   2   0   0   6  14   0   1   3  0.32 0.25
   17 V    0 -5 -6 -6  0 -5 -5 -6 -6  3  1 -5 -1 -1 -5 -4 -2 -5 -2  6    8   0   0   0   2   0   0   0   0  15  11   0   1   3   0   1   1   0   1  57  1.08 0.53
   18 E   -1  2  1  2 -1  0  1  0 -1 -3 -2  0 -1 -2  1  2  0 -1 -2 -3    4  11   6  11   1   4  10   5   1   0   5   5   1   2   8  20   3   1   1   1  0.22 0.20
   19 P    1  0 -3 -1 -4 -3  1  0 -2 -3  0 -1  0 -3  5  0 -2 -5 -2 -3   12   6   1   3   0   0  11   8   1   1  10   3   3   1  32   5   2   0   1   1  0.54 0.34
   20 S   -1 -2  2  3 -4  2  2 -1 -1 -4 -2 -1 -3 -2 -3  2  2 -5 -2 -3    3   1   9  20   0   8  13   4   1   0   4   2   0   2   1  17  13   0   2   1  0.38 0.29
   21 D   -1 -3 -1  5 -1  1  2 -4 -3 -2 -2 -2  3 -1 -4  0  1  2 -4 -4    5   0   1  34   1   5  15   0   0   2   3   1   8   3   0   8   9   3   0   0  0.58 0.38
   22 T   -2 -3 -1 -2 -4 -2 -1 -4 -1 -4 -3  0 -4 -3 -2  2  6 -6 -3 -4    1   1   3   1   0   1   4   0   1   0   2   6   0   1   2  17  58   0   1   0  1.10 0.61
   23 I   -3 -6 -6 -6 -4 -5 -6 -4 -6  4  1 -5 -1 -4 -3 -5 -4 -6 -4  6    1   0   0   0   0   0   0   2   0  25  11   0   1   0   2   0   0   0   0  58  1.35 0.60
   24 E    1  0 -2 -1 -3  1  2  1  0 -2  0  1  0 -1 -2  1 -2 -3  0 -2   16   4   0   2   0   7  15   9   2   1  12   9   3   3   1  12   0   0   4   1  0.15 0.19
   25 N    0 -1  1  3 -4  3  2 -2  1 -3 -2  0  0 -3 -3  1  0 -4 -1 -2    6   2   5  16   0  13  14   2   3   0   4   6   2   1   0  14   6   0   3   3  0.29 0.24
   26 V   -3 -5 -6 -6 -4 -5 -6 -6 -5  2  5 -5  1  4 -6 -4 -3 -4 -3  2    1   0   0   0   0   0   0   0   0  11  53   0   2  16   0   1   1   0   0  15  1.05 0.50
   27 K   -3  2 -4 -5 -7 -1 -3 -6 -1 -3 -5  8 -5 -7 -5 -4 -5  0 -6 -6    1   8   0   0   0   1   0   0   1   2   1  83   0   0   0   0   0   1   0   0  2.05 0.87
   28 A    2  2 -1  0 -4  2  3 -2  0 -2 -2  2 -1 -4 -3  0 -1 -4 -3 -2   17  12   3   5   0  11  21   2   2   2   4  11   1   0   0   6   2   0   0   2  0.34 0.26
   29 K   -2  3 -1 -3 -4  2 -1 -4  2 -1  1  3  2 -2 -3  0 -2 -4 -1 -1    2  14   2   0   0  12   2   0   6   3  15  21   7   1   0   7   0   0   1   4  0.34 0.27
   30 I   -2 -5 -5 -5  2 -5 -5 -3 -5  6  2 -5 -2 -3 -5 -4 -3 -4  1  3    3   0   0   0   4   0   0   2   0  46  19   0   0   0   0   0   0   0   5  18  0.99 0.47
   31 Q    1  0 -1 -1  0  3  3 -2  1 -4 -3  0 -1  0 -3  2 -2  2  0 -3   12   4   2   2   2  13  24   2   4   0   2   5   2   4   0  16   0   3   3   0  0.36 0.28
   32 D    1  1 -1  1 -3  2  2 -1  1 -2 -1  0 -2 -3  0  1  0  0 -3 -1   12   7   2  10   0   9  13   4   4   2   6   5   0   1   4  12   5   1   0   4  0.15 0.14
   33 K    0  1 -2  0 -2  1  2 -1  0 -1  1  2 -1 -1 -3 -1 -1 -3  0  0    8   8   1   4   1   5  16   3   2   3  15  16   1   3   0   4   2   0   3   6  0.12 0.14
   34 E   -2 -2 -1 -2 -2  2  2 -2 -1  0  1 -1  0  3 -4  0  3 -3  0 -1    1   1   3   1   1   9  16   2   1   4  12   3   2  13   0   6  21   0   2   3  0.25 0.25
   35 G   -1 -1  2  1 -5  0 -2  5  0 -4 -5  1 -4 -5 -2  0 -2 -5 -2 -5    3   2  11   7   0   3   2  46   3   1   0   8   0   0   2   8   2   0   1   0  0.74 0.39
   36 I   -2 -3 -5 -5  1 -3 -4 -3 -1  4  0 -4  0  3 -1 -2 -1 -4  0  4    2   1   0   0   3   1   0   2   1  25   7   0   2  12   3   2   3   0   3  32  0.59 0.34
   37 P    0 -1 -3 -2  0  2 -1 -4  0 -1 -2 -1  0 -3  6 -1 -1 -5 -4 -2    6   2   1   2   2  10   4   0   3   3   4   4   2   1  45   5   3   0   0   3  0.91 0.48
   38 P    1 -3 -2 -2  0 -2  1 -3 -4 -1 -2  0  0 -5  5  0  0 -5 -4  1   15   0   2   2   2   1   9   1   0   4   3   6   3   0  32   5   5   0   0  11  0.57 0.36
   39 D    0  0  1  1  0  1  4 -1  0 -4 -4  0 -3 -1 -2  2  0  1 -3 -3    6   3   7   8   2   6  27   4   2   0   1   5   0   3   1  16   4   2   0   2  0.35 0.28
   40 Q   -2  2  0  2 -2  4  3 -2  0 -4 -1  2 -1 -1 -3  0 -1  1 -3 -3    2  10   5  10   1  20  17   2   2   0   6  12   1   2   0   6   2   2   0   1  0.39 0.30
   41 Q   -2 -1 -4 -2 -6  7 -2 -5 -4  1  0 -2  0 -1 -5 -2 -2  0 -4 -2    4   2   0   2   0  60   0   0   0   9  10   1   2   3   0   2   2   1   0   2  1.26 0.71
   42 R   -1  5 -1 -3 -5  1 -1 -3  2 -1 -2  3 -1 -4 -4 -1 -2  2 -3  1    3  31   2   1   0   5   3   1   6   3   3  22   1   0   0   3   1   3   0  12  0.56 0.38
   43 L   -4 -5 -6 -7 -4 -5 -6 -7 -6  2  5 -6  1  1 -2 -5 -4  4 -3  1    0   0   0   0   0   0   0   0   0   8  66   0   3   5   2   0   0   6   0  10  1.24 0.59
   44 I   -2 -4 -2 -4 -2 -2 -2 -5 -1  4  2 -2  1  2 -4 -2  0  1  2  2    1   0   2   0   1   2   3   0   2  29  15   2   4  10   0   3   5   1   8  11  0.40 0.27
   45 F   -3 -3 -3 -6  2 -4 -5 -4  4  0 -1 -1 -2  5 -3 -3 -4  1  6 -2    2   1   1   0   4   0   0   1  10   5   6   4   1  25   1   1   0   2  34   3  1.06 0.53
   46 A    1  0  2  0 -1  2  0  1 -2 -4 -4  3  1 -4 -2  1 -1  1 -4 -4   15   5  13   6   1  10   6   9   0   0   0  18   4   0   1   8   1   2   0   0  0.33 0.25
   47 G   -2 -5  0 -1 -6 -1 -1  7  0 -7 -7 -4 -6 -7 -5 -2 -3 -6 -6 -6    3   0   4   3   0   3   5  77   2   0   0   0   0   0   0   2   1   0   0   0  1.67 0.65
   48 K   -2  4 -1 -3 -2  3 -1 -2  1 -3 -3  5  1 -5 -4  0 -1 -5 -4 -4    3  22   2   0   1  12   2   3   3   1   2  38   3   0   0   6   3   0   0   0  0.77 0.43
   49 Q   -1  1 -3 -3 -4  2  1 -4 -3  1  2 -1 -2 -1  2 -2 -2 -4 -3  2    5   8   0   0   0  10  12   0   0   9  18   2   0   2  13   2   0   0   0  19  0.31 0.25
   50 L   -2 -5 -6 -7 -4 -5 -6 -7 -6  1  6 -6  3 -1 -3 -5 -4 -5 -4 -1    4   0   0   0   0   0   0   0   0   7  76   0   6   2   2   0   0   0   0   3  1.38 0.59
   51 E    0  1  0  1 -5  3  3 -2  0 -4 -4  3 -3 -5 -3  0  1 -5 -4 -3    6   6   4   6   0  13  21   2   2   0   1  21   0   0   0   7   8   0   0   1  0.48 0.30
   52 D   -5 -2  3  7 -7 -4  1 -5 -5 -7 -7 -4 -7 -7 -5 -1 -4 -8 -7 -7    0   2  12  75   0   0   6   0   0   0   0   0   0   0   0   5   0   0   0   0  2.04 0.78
   53 G   -1 -2  2  4 -4  0  2  1  3 -5 -5 -1 -4 -5 -2  0  0  2 -3 -4    3   1  11  28   0   4  13  12   7   0   0   4   0   0   1   7   4   3   0   0  0.55 0.31
   54 R   -1  1  0  0 -1  1  0 -2  2 -1  0  2  0 -1 -3  0  1  1  0 -1    5   6   3   6   2   9   4   1   5   4   9  19   3   2   0   7   9   2   2   3  0.12 0.13
   55 T   -2  0 -1 -1  2 -1 -3 -3  0 -2 -3  1 -2 -3  0  2  5 -5 -3 -3    1   5   2   3   4   2   0   1   3   2   2   7   1   1   5  16  46   0   1   0  0.69 0.42
   56 L   -2 -5 -6 -6 -4 -5 -5 -6 -6  1  6 -3  1 -1 -2 -5 -4  0 -4  1    3   0   0   0   0   0   0   0   0   6  73   2   3   2   3   0   0   2   0   7  1.22 0.54
   57 S    2  1 -1 -1 -2  1  1  1  0 -2 -3  1 -2 -2 -3  2  0 -4 -2 -2   21   7   2   2   1   7  10  11   2   2   1   8   1   2   0  18   3   0   1   1  0.26 0.22
   58 D   -1 -3  0  5 -5  2  3 -4  0 -4 -5 -3 -3 -2 -4  2 -1 -5 -1 -4    6   0   2  36   0  10  18   0   3   1   0   0   1   2   0  14   2   0   3   1  0.77 0.43
   59 Y   -2 -2 -2 -5  3 -1 -5 -6  2  0  2 -3  0 -1 -5 -3 -2 -2  7  0    3   2   2   0   7   2   0   0   5   4  22   1   2   1   0   1   2   0  41   5  0.96 0.48
   60 N   -3 -1  4  0  0  0 -1  5  0 -5 -5  2 -1 -5 -4  0 -2 -5 -5 -5    0   2  18   4   2   3   4  41   3   0   0  14   2   0   0   5   1   0   0   0  0.77 0.39
   61 I   -3 -5 -6 -6 -4 -2 -5 -6 -5  6  2 -5  2 -2 -5 -5 -3 -5 -4  4    1   0   0   0   0   2   0   0   0  45  20   0   4   1   0   0   0   0   0  25  1.11 0.47
   62 Q   -1  1 -1  0 -3  2  1  1  1 -2 -2  2 -1 -1 -1  1  1 -4 -3 -2    4   6   1   5   0  13  10  12   3   1   3  15   1   3   2   9   9   0   0   3  0.19 0.16
   63 K   -1 -1  1  5 -5  0  2 -1 -3 -5 -3  1 -4 -1  3  0 -3 -5 -4 -4    5   2   5  32   0   4  11   4   0   0   2   9   0   4  16   6   0   0   0   0  0.61 0.34
   64 E   -3 -2  3  1  1 -1  1  5 -4 -5 -2 -2 -4 -5 -5 -1 -3 -5 -3 -5    0   1  17   9   3   3  10  46   0   0   5   1   0   0   0   4   0   0   1   0  0.85 0.43
   65 S    1 -3  0  3  3 -1 -1 -2  2 -3 -3 -1  0 -2 -3  3  0 -5 -1 -2   10   0   3  19   7   2   2   2   6   1   2   4   2   2   0  29   5   0   2   2  0.40 0.29
   66 T   -2  0 -2 -4 -3 -2 -3 -4 -1  1  0  1  2  0 -4  0  4 -4 -1  3    1   5   1   0   0   1   0   0   2   7   6  10   6   5   0   5  26   0   1  24  0.40 0.30
   67 L   -4 -5 -6 -6 -4 -5 -6 -6 -6  4  4 -5  1 -1 -6 -4 -3 -5 -4  3    0   0   0   0   0   0   0   0   0  26  46   0   2   1   0   1   0   0   0  24  1.12 0.48
   68 H   -2 -3  0 -3 -4  2  1 -2  7  0 -1 -2  3  1 -4 -2 -1 -4  1  0    2   0   3   0   0   9   8   3  31   5   5   2  10   6   0   1   4   0   3   6  0.63 0.36
   69 L   -4 -5 -6 -6  0 -5 -5 -6 -5  0  5 -5  4 -2 -5 -5 -3 -4 -4  4    0   0   0   0   2   0   0   0   0   3  55   0  11   1   0   0   0   0   0  28  1.12 0.48
   70 V   -1 -2  1 -4 -3 -2 -4 -4  1  2  1 -3  4 -3 -4 -2 -1 -4 -3  4    5   2   7   0   0   1   0   0   5  11  10   0  15   0   0   1   2   0   0  41  0.60 0.33
   71 L   -1 -3 -4 -2  2  0 -1 -2 -4  3  3 -2  1 -2 -4 -3 -2 -4 -3  3    3   0   0   2   4   5   4   4   0  17  29   1   3   0   0   0   0   0   0  28  0.39 0.22
   72 R    0  5 -1 -3 -4  2  0 -3 -2 -2 -4  3 -1 -5 -3 -2  0 -5 -4 -3    9  44   2   0   0   9   3   0   0   2   0  23   1   0   0   0   6   0   0   0  0.79 0.33
   73 L   -2 -3 -4 -4 -3 -2  0 -5 -4  0  4 -3  4 -1 -4 -3 -1 -3 -2  2    0   0   0   0   0   0   9   0   0   0  57   0  17   0   0   0   2   0   0  15  0.66 0.25
   74 R   -2  6 -2 -2 -5  3 -1 -3 -1 -4 -3  3 -2 -4 -3 -2 -2 -4 -3 -4    0  71   0   0   0  16   0   0   0   0   0  13   0   0   0   0   0   0   0   0  1.13 0.25

                      K         Lambda
Standard Ungapped    0.1349     0.3153
Standard Gapped      0.0519     0.2670
PSI Ungapped         0.1696     0.3160
PSI Gapped           0.0519     0.2670
