
Last position-specific scoring matrix computed, weighted observed percentages rounded down, information per position, and relative weight of gapless real matches to pseudocounts
           A  R  N  D  C  Q  E  G  H  I  L  K  M  F  P  S  T  W  Y  V   A   R   N   D   C   Q   E   G   H   I   L   K   M   F   P   S   T   W   Y   V
    1 G    4 -2 -1 -2 -1 -1 -1  2 -2 -2 -2 -1 -2 -3 -1  2  0 -3 -2 -1   63   0   0   0   0   0   0  19   0   0   0   0   0   0   0  17   0   0   0   0  0.38 0.02
    2 K   -1  2 -1 -1 -3  1  1 -2 -1 -3 -3  4 -2 -4  4 -1 -1 -4 -2 -3    0  12   0   0   0   4   4   0   0   0   0  53   0   0  25   0   2   0   0   0  0.62 0.04
    3 V   -1 -3 -3 -4 -2 -3 -3 -4 -3  4  1 -3  2 -1  0 -2 -1 -3 -2  3    2   0   0   0   0   0   0   0   0  35   6   0   9   0   6   0   1   0   0  41  0.36 0.05
    4 K   -1  4  1 -1 -4  1  0 -2 -1 -3 -3  4 -2 -4 -1  0 -1 -4 -2 -3    0  36   7   0   0   2   0   0   0   0   0  50   0   0   1   1   2   0   0   0  0.59 0.07
    5 V   -1 -3 -4 -4 -1 -3 -3 -4 -4  3  1 -3  1 -1 -3 -2 -1 -3 -2  4    2   0   0   0   0   0   0   0   0  23   5   0   0   0   0   0   0   0   0  70  0.46 0.06
    6 G    2 -2 -1 -2 -2 -2 -2  5 -2 -3 -3 -2 -2 -2 -2  0 -1 -3 -3 -2   31   0   0   0   0   0   0  62   0   0   0   0   0   2   0   2   0   0   0   2  0.68 0.06
    7 V   -2 -4 -4 -4 -2 -3 -4 -4 -4  5  1 -3  1 -1 -3 -3 -1 -3 -2  3    0   0   0   0   0   0   0   0   0  82   3   0   0   0   0   0   0   0   0  15  0.56 0.06
    8 N   -2 -1  7  1 -4 -1 -1 -1  0 -4 -4 -1 -3 -4 -3  0 -1 -5 -3 -4    0   0 100   0   0   0   0   0   0   0   0   0   0   0   0   0   0   0   0   0  1.16 0.11
    9 G    0 -3 -1 -2 -3 -2 -3  6 -3 -5 -4 -2 -3 -4 -3 -1 -2 -3 -4 -4    0   0   0   0   0   0   0 100   0   0   0   0   0   0   0   0   0   0   0   0  1.33 0.09
   10 F   -3 -3 -4 -4 -3 -4 -4 -4 -2 -1  0 -4  1  7 -4 -3 -3  0  3 -1    0   0   0   0   0   0   0   0   0   0   0   0   3  91   0   0   0   0   5   0  1.09 0.10
   11 G    0 -3 -1 -2 -3 -3 -3  7 -3 -5 -5 -2 -4 -4 -3 -1 -2 -3 -4 -4    0   0   0   0   0   0   0 100   0   0   0   0   0   0   0   0   0   0   0   0  1.39 0.12
   12 R   -2  7 -1 -3  1  0 -1 -3 -1 -4 -3  1 -2 -4 -3 -1  1 -4 -3 -3    0  83   0   0   4   0   0   0   0   0   0   0   0   0   0   0  12   0   0   0  0.97 0.14
   13 I   -2 -4 -4 -4 -2 -4 -4 -5 -4  6  1 -4  2 -1 -4 -3 -2 -4 -2  2    0   0   0   0   0   0   0   0   0  91   0   0   5   0   0   0   0   0   0   4  0.82 0.14
   14 G   -1 -3 -1 -2 -4 -3 -3  7 -3 -5 -5 -3 -4 -4 -3 -1 -3 -4 -4 -4    0   0   0   0   0   0   0 100   0   0   0   0   0   0   0   0   0   0   0   0  1.49 0.15
   15 R   -2  7 -1 -2 -4  0 -1 -3 -1 -4 -3  3 -2 -4 -3 -1 -2 -4 -3 -3    0  83   0   0   0   0   0   0   0   0   0  12   0   0   0   4   0   0   0   0  1.05 0.14
   16 L   -2  1  3 -2 -1 -1 -2 -3 -2  1  2 -1  1 -1 -3  0 -1 -3 -2  0    0  12  23   0   2   2   0   0   0  11  36   0   5   0   0   6   0   0   0   4  0.17 0.06
   17 V    0 -3 -4 -4 -2 -3 -3 -4 -3  2  1 -3  0  1 -3 -2 -1 -3  0  5    8   0   0   0   0   0   0   0   0   3   6   0   0   7   0   0   0   0   2  73  0.46 0.10
   18 T    1 -3 -3 -3 -2 -2 -3 -3 -2  1  3 -3  1  3 -3 -1  0 -1  1  0   18   0   0   0   0   0   0   0   0   2  41   0   2  23   0   0   8   0   3   3  0.27 0.06
   19 R   -2  6 -1 -2 -4  1  2 -3 -1 -4 -3  2 -2 -4 -3 -1 -2 -4 -3 -3    0  78   0   0   0   4  12   0   0   0   0   3   0   0   0   3   0   0   0   0  0.93 0.13
   20 A    5 -1  2 -3  2 -2 -3 -2 -3  1 -1 -2 -2 -4 -3  0 -2 -4 -3  0   57   4  13   0   4   1   0   0   0   9   3   1   0   0   0   2   0   0   0   6  0.55 0.24
   21 A    4 -3 -3 -4  0 -3 -3 -1 -2  2  1 -3  1 -2 -3  0  0  3 -3  0   44   0   0   0   2   0   0   2   1  16  18   0   3   0   0   4   4   4   0   1  0.41 0.19
   22 F   -1 -2 -3 -4  1  1 -2 -4  1  1  3 -3  3  2 -4 -3 -2  3  3  0    4   2   0   0   3   7   1   0   4   7  31   0  11   8   0   0   1   4  12   4  0.34 0.15
   23 N   -1 -1  0  2 -2  2  4  0 -1 -2  0  0 -1 -3 -3  0 -1 -4 -3 -2    3   1   4  10   1   8  34   7   1   1  12   6   1   0   0   9   3   0   0   2  0.30 0.14
   24 S   -1  4  1  0 -1  2 -1 -2  2 -3 -3  1 -2 -3 -3  1  0  2 -2 -2    1  29   7   6   1  11   0   1   5   1   1   8   1   1   0  15   5   4   0   2  0.37 0.16
   25 G   -1 -2  1  2 -2  0  0  3 -3 -4 -4  1 -4 -5  4  0 -1 -4 -4 -4    3   0   6  12   1   3   5  30   0   0   0  11   0   0  21   7   2   0   0   0  0.56 0.17
   26 K   -1 -1  2  5 -4  1  3  0 -2 -3 -3  1 -3 -4 -2 -1  0 -4 -3 -3    3   1  11  35   0   5  19   5   0   1   1  10   0   0   0   3   4   0   0   0  0.54 0.18
   27 V   -2 -4 -4 -4  0 -3 -4 -5 -4  5  2 -4  3 -1 -4 -3 -1 -4 -3  4    1   0   0   0   2   0   0   0   0  38  15   0  10   1   0   0   3   0   0  28  0.66 0.22
   28 D   -2  0  1  3 -5  3  5 -3 -2 -5 -4  1 -3 -5 -3  0 -1 -5 -4 -4    1   2   7  15   0  15  46   0   0   0   0   7   0   0   0   4   3   0   0   0  0.80 0.26
   29 I   -2 -4 -5 -5 -3 -4 -4 -5 -5  4  2 -4 -1  0 -4 -4 -2 -4 -3  5    1   0   0   0   0   0   0   0   0  21  15   0   0   4   0   0   0   0   0  59  0.87 0.27
   30 V   -2 -5 -5 -5 -3 -4 -5 -5 -5  2  0 -3 -1 -3 -5 -4 -2 -5 -3  7    0   0   0   0   0   0   0   0   0   5   3   2   0   0   0   0   0   0   0  91  1.36 0.37
   31 A    6 -3 -4 -4 -2 -3 -3 -2 -4 -3 -4 -3 -3 -4 -3  0 -2 -5 -4 -2   97   0   0   0   0   0   0   0   0   0   0   0   0   0   0   3   0   0   0   0  1.37 0.34

                      K         Lambda
Standard Ungapped    0.1439     0.3233
Standard Gapped      0.0609     0.2670
PSI Ungapped         0.1990     0.3179
PSI Gapped           0.0609     0.2670
