
Last position-specific scoring matrix computed, weighted observed percentages rounded down, information per position, and relative weight of gapless real matches to pseudocounts
            A   R   N   D   C   Q   E   G   H   I   L   K   M   F   P   S   T   W   Y   V   A   R   N   D   C   Q   E   G   H   I   L   K   M   F   P   S   T   W   Y   V
    1 G     0  -3  -1  -2  -3  -2  -3   6  -3  -4  -4  -2  -3  -4  -3  -1  -2  -3  -4  -4    0   0   0   0   0   0   0 100   0   0   0   0   0   0   0   0   0   0   0   0  1.19 0.06
    2 F    -3  -3  -4  -4   2  -4  -4  -4  -2  -1   0  -4   0   7  -4  -3  -3   1   3  -1    0   0   0   0   6   0   0   0   0   0   0   0   0  94   0   0   0   0   0   0  0.90 0.06
    3 G     0  -3  -1  -2  -3  -2  -3   6  -3  -4  -4  -2  -3  -4  -3  -1  -2  -3  -4  -4    0   0   0   0   0   0   0 100   0   0   0   0   0   0   0   0   0   0   0   0  1.19 0.06
    4 C    -1  -4  -3  -4  10  -4  -4  -3  -4  -2  -2  -4  -2  -3  -3  -1  -1  -3  -3  -1    0   0   0   0 100   0   0   0   0   0   0   0   0   0   0   0   0   0   0   0  1.64 0.09
    5 P    -1  -3  -2   1  -3  -2  -1  -3  -3  -3  -4  -1  -3  -4   8  -1  -2  -4  -4  -3    0   0   0  12   0   0   0   0   0   0   0   0   0   0  88   0   0   0   0   0  1.86 0.06
    6 E    -1   0   0  -1  -3  -1   1   2  -1  -1   1  -1   0   2  -3  -1  -1   3   0  -1    0   6   8   0   0   0  18  22   0   0  26   0   0  14   0   0   0   6   0   0  0.13 0.02
    7 D    -2  -1   5   4  -3   0   0  -1   0  -4  -4  -1  -3  -4  -2   1   0  -4  -3  -3    0   0  54  37   0   0   0   0   0   0   0   0   0   0   0   9   0   0   0   0  0.68 0.04
    8 E    -1   1   0   2  -3   4   3  -2   0  -3  -3   1  -1  -3  -1   0  -1  -3  -2  -3    1   6   0  12   0  45  31   1   0   0   1   0   0   0   0   1   0   0   0   0  0.52 0.03
    9 Y    -1   0   1  -2  -3  -1  -2   2   0  -1   0   0   2   1  -3  -1  -1   0   4  -1    0   6   8   0   0   0   0  18   0   0   7   9  19   0   0   0   0   0  32   0  0.19 0.03
   10 E     1   1  -1   0  -3   4   3  -2   0  -3  -3   2  -1  -3  -1   0  -1  -3  -2  -2   18   0   0   0   0  32  26   0   0   0   0  23   0   0   0   0   0   0   0   0  0.41 0.03
   11 C    -1  -4  -3  -4  10  -4  -4  -3  -4  -2  -2  -4  -2  -3  -3  -1  -1  -3  -3  -1    0   0   0   0 100   0   0   0   0   0   0   0   0   0   0   0   0   0   0   0  1.64 0.09
   12 H    -2  -1   3  -1  -4   0  -1  -2   8  -4  -4  -1  -2  -2  -3  -1  -2  -3   1  -4    0   0  19   0   0   0   0   0  81   0   0   0   0   0   0   0   0   0   0   0  0.97 0.07
   13 N     0   3   4   0  -3   0   0  -1   0  -3  -3   1  -2  -3  -2   2   0  -4  -2  -3    8  32  41   0   0   0   0   0   0   0   0   0   0   0   0  19   0   0   0   0  0.42 0.03
   14 H    -2  -1   0  -2  -4   0  -1  -3   9  -4  -3  -1  -2  -2  -3  -1  -2  -3   1  -4    0   0   0   0   0   0   0   0 100   0   0   0   0   0   0   0   0   0   0   0  1.25 0.08
   15 C    -1  -4  -3  -4  10  -4  -4  -3  -4  -2  -2  -4  -2  -3  -3  -1  -1  -3  -3  -1    0   0   0   0 100   0   0   0   0   0   0   0   0   0   0   0   0   0   0   0  1.64 0.09
   16 K    -1   3  -1  -1  -3   3   1  -2  -1  -2  -1   4  -1  -3  -2  -1  -1  -3  -2  -2    0  24   0   0   0  20   0   0   0   0   8  48   0   0   0   0   0   0   0   0  0.44 0.03
   17 N     0   0   1   0  -1   0   0   0   0  -1  -1   0  -1  -1   0   2   1  -1  -1  -1    5   3   9   3   1   2   4   4   1   3   5   3   1   2   3  33  11   1   2   4  0.11 0.00
   18 S     0  -2   0  -1  -1  -1  -1  -1  -2   2  -1  -1  -1  -2  -2   4   1  -3  -2   1    0   0   0   0   0   0   0   0   0  26   0   0   0   0   0  64   0   0   0   9  0.25 0.04
   19 V    -1  -1  -2  -3  -2  -1  -2  -3  -3   4   0   1   0  -1   1  -1   0  -3  -2   2    0   0   0   0   0   0   0   0   0  58   0  21   0   0   8   0   7   0   0   6  0.21 0.03
   20 G     0   1  -1  -2  -3  -1  -2   6  -2  -4  -4  -1  -3  -4  -2   0  -2  -3  -3  -3    0  12   0   0   0   0   0  81   0   0   0   0   0   0   0   7   0   0   0   0  0.85 0.04
   21 C    -2   5  -2  -3   6   0  -1  -3   0  -3  -2   1  -2  -1  -3  -1  -1  -1   3  -2    0  54   0   0  25   0   0   0   0   0   0   0   0   0   0   0   0   0  21   0  0.53 0.05
   22 R    -1   4  -1  -2   2   1   0  -2  -1  -2  -1   3  -1  -3  -2   0  -1  -3  -2  -2    0  44   0   0   8   0   0   0   0   0   6  36   0   0   0   7   0   0   0   0  0.42 0.03
   23 G     1  -3  -1  -2  -2  -2  -2   5  -2  -3  -3  -2  -2   2  -2   0  -2  -2  -1  -2   19   0   0   0   0   0   0  66   0   0   0   0   0  15   0   0   0   0   0   0  0.63 0.04
   24 G     0  -3  -1  -2  -3  -2  -3   6  -3  -4  -4  -2  -3  -4  -3  -1  -2  -3  -4  -4    0   0   0   0   0   0   0 100   0   0   0   0   0   0   0   0   0   0   0   0  1.19 0.06
   25 Y    -2  -2  -3  -4  -3  -2  -3  -4   1  -2  -1  -2  -1   4  -4  -2  -2   2   8  -2    0   0   0   0   0   0   0   0   0   0   0   0   0   8   0   0   0   0  92   0  1.08 0.07
   26 C    -1  -4  -3  -4  10  -4  -4  -3  -4  -2  -2  -4  -2  -3  -3  -1  -1  -3  -3  -1    0   0   0   0 100   0   0   0   0   0   0   0   0   0   0   0   0   0   0   0  1.64 0.09
   27 D     1  -1   0   4  -1   0   1   0  -1  -1  -1   0  -1  -2   0   1   0  -1  -1  -1   15   2   2  37   1   2   3   3   1   2   4   3   1   2   2  10   3   1   2   3  0.20 0.01
   28 A     3  -1  -1  -1  -1  -1  -1   3  -2  -2  -2   1  -2  -3  -1   1   0  -3  -2  -1   52   0   0   0   0   0   0  24   0   0   1  12   0   0   0   8   0   0   0   0  0.32 0.02
   29 G     1  -3  -1  -2  -2  -2  -2   5  -3  -2  -3  -2  -2  -3   2  -1  -1  -3  -3   0    7   0   0   0   0   0   0  72   0   0   0   0   0   0   9   0   0   0   0  12  0.69 0.04
   30 T    -1  -2  -1  -2  -2  -2  -2   1  -2   0  -1  -2  -1   1   3   0   2   4   2  -1    0   0   0   0   0   0   0  12   0   7   6   0   0   6  15   6  32   8   9   0  0.25 0.02
   31 L    -2  -3  -3  -4  -2  -2  -3  -4   1   2   3  -3   1   2  -3  -3  -1  -2   0   1    0   0   0   0   0   0   0   0   8  22  59   0   0  12   0   0   0   0   0   0  0.34 0.03
   32 R    -1   4  -1  -2  -3   0   0  -2  -1  -3  -2   3  -1  -2  -2  -1  -1   7  -1  -2    1  44   1   1   0   0   1   1   0   1   1  26   0   0   1   1   1  19   0   1  0.58 0.03
   33 Q     0  -1  -2  -2  -2   2   0  -2  -1   0   2  -1   1  -1   2  -1  -1  -2  -1   0    9   1   1   1   0  25   1   1   0   1  47   1   0   0  10   1   1   0   0   1  0.19 0.02
   34 R    -1   4  -1  -2  -2   0  -1  -2  -1  -1  -2   1  -1  -3  -2   0   3  -3  -2   0    0  42   0   0   0   0   0   0   0   0   0   0   0   0   0   0  46   0   0  12  0.36 0.04
   35 C    -1  -4  -3  -4  10  -4  -4  -3  -4  -2  -2  -4  -2  -3  -3  -1  -1  -3  -3  -1    0   0   0   0 100   0   0   0   0   0   0   0   0   0   0   0   0   0   0   0  1.64 0.09
   36 T    -1   0   0  -1  -2   0  -1  -2  -2   0  -1   2  -1  -3  -1   1   5  -3  -2   0    0   0   0   0   0   0   0   0   0   6   0  21   0   0   0   0  73   0   0   0  0.40 0.05
   37 C    -1  -4  -3  -4  10  -4  -4  -3  -4  -2  -2  -4  -2  -3  -3  -1  -1  -3  -3  -1    0   0   0   0 100   0   0   0   0   0   0   0   0   0   0   0   0   0   0   0  1.64 0.09
   38 Y    -2  -2  -2  -3  -2  -2  -2  -3   1  -2  -1  -2  -1   2  -3  -1   2   1   7  -1    0   0   0   0   0   0   0   0   0   0   0   0   0   0   0   0  23   0  77   0  0.74 0.05
   39 G    -1   2   0   4  -3   0   0   3  -1  -4  -3   0  -3  -3  -2   0  -1  -3  -3  -3    0  27   0  36   0   0   0  37   0   0   0   0   0   0   0   0   0   0   0   0  0.46 0.00
   40 C    -1  -4  -3  -4   9  -3  -4  -3  -3  -1  -1  -3  -2  -3  -3  -1  -1  -3  -3  -1    0   0   0   0 100   0   0   0   0   0   0   0   0   0   0   0   0   0   0   0  1.27 0.01
   41 N     0  -1   5   1  -2   0  -1   3   0  -3  -4  -1  -2  -3  -2   1   0  -3  -2  -3    0   0  56   0   0   0   0  27   0   0   0   0   0   0   0  17   0   0   0   0  0.50 0.01
   42 Q     0  -1   0  -1  -3   2  -1   5  -1  -4  -4  -1  -2  -3  -2   0  -2  -3  -3  -3    0   0   0   0   0  20   0  80   0   0   0   0   0   0   0   0   0   0   0   0  0.77 0.01
   43 K    -1   4   0  -1  -3   1   1  -2  -1  -3  -3   4  -2  -3  -1   0  -1  -3  -2  -3    0  27   0   0   0   0   0   0   0   0   0  73   0   0   0   0   0   0   0   0  0.53 0.01
   44 G    -1   4   0  -2  -3   0  -1   4  -1  -4  -3   1  -2  -3  -2  -1  -1  -3  -3  -3    0  50   0   0   0   0   0  50   0   0   0   0   0   0   0   0   0   0   0   0  0.55 0.00
   45 R    -1   4   0   0  -4   2   4  -2   0  -3  -3   2  -2  -3  -2   0  -1  -3  -2  -3    0  50   0   0   0   0  50   0   0   0   0   0   0   0   0   0   0   0   0   0  0.55 0.00
   46 S     0  -1   1   4  -2   0   1  -1  -1  -3  -3   0  -2  -3  -1   3   0  -4  -3  -3    0   0   0  50   0   0   0   0   0   0   0   0   0   0   0  50   0   0   0   0  0.49 0.00
   47 I    -1  -3  -3  -3  -1  -3  -3  -4  -3   4   1  -3   1  -1  -3  -2   0  -3  -1   4    0   0   0   0   0   0   0   0   0  50   0   0   0   0   0   0   0   0   0  50  0.35 0.00
   48 Q    -1   1   0   1  -4   4   4  -2   0  -3  -3   1  -1  -3  -1   0  -1  -3  -2  -3    0   0   0   0   0  50  50   0   0   0   0   0   0   0   0   0   0   0   0   0  0.60 0.00
   49 E    -1  -1   1   5  -4   1   4  -2  -1  -3  -4   0  -3  -4  -1   0  -1  -4  -3  -3    0   0   0  50   0   0  50   0   0   0   0   0   0   0   0   0   0   0   0   0  0.69 0.00

                      K         Lambda
Standard Ungapped    0.1422     0.3229
Standard Gapped      0.0410     0.2670
PSI Ungapped         0.1422     0.3229
PSI Gapped           0.0410     0.2670
