
Last position-specific scoring matrix computed, weighted observed percentages rounded down, information per position, and relative weight of gapless real matches to pseudocounts
            A   R   N   D   C   Q   E   G   H   I   L   K   M   F   P   S   T   W   Y   V   A   R   N   D   C   Q   E   G   H   I   L   K   M   F   P   S   T   W   Y   V
    1 D    -2  -2   1   6  -3   0   1  -1  -1  -3  -4  -1  -3  -3  -1   0  -1  -4  -3  -3    0   0   0   0   0   0   0   0   0   0   0   0   0   0   0   0   0   0   0   0  0.00     0.00
    2 G     0  -2   0  -1  -3  -2  -2   6  -2  -4  -4  -2  -3  -3  -2   0  -2  -3  -3  -3    0   0   0   0   0   0   0 100   0   0   0   0   0   0   0   0   0   0   0   0  1.04 0.01
    3 I    -1  -3  -3  -3  -1  -3  -3  -4  -3   4   2  -3   1   0  -3  -3  -1  -3  -1   3    0   0   0   0   0   0   0   0   0 100   0   0   0   0   0   0   0   0   0   0  0.38 0.01
    4 W    -2  -2  -3  -4  -3  -2  -3  -3   0  -2  -1  -3  -1   2  -4  -2  -2   9   6  -2    0   0   0   0   0   0   0   0   0   0   0   0   0   0   0   0   0  49  51   0  1.33 0.01
    5 T    -1  -1   0   1  -2   1   4  -2  -1  -2  -2   0  -1  -3  -1   1   3  -3  -2  -1    0   0   0   0   0   0  51   0   0   0   0   0   0   0   0   0  49   0   0   0  0.41 0.01
    6 Q     3   0  -1  -1  -1   4   1  -1  -1  -2  -2   0  -1  -3  -1   1   0  -2  -2  -1   51   0   0   0   0  49   0   0   0   0   0   0   0   0   0   0   0   0   0   0  0.35 0.01
    7 L    -2  -2  -4  -4  -1  -2  -3  -4  -3   2   4  -3   2   0  -3  -3  -1  -2  -1   1    0   0   0   0   0   0   0   0   0   0 100   0   0   0   0   0   0   0   0   0  0.47 0.01
    8 I     1  -2  -3  -3  -1  -2  -2  -2  -3   3   1  -2   1  -1  -2  -1   0  -3  -1   3   24   0   0   0   0   0   0   0   0  24   0   0   0   0   0   0   0   0   0  51  0.23 0.00
    9 F     1  -2  -2  -2  -1  -2  -2  -2  -2   0   1  -2   0   3  -2   0   2  -1   0   0   25   0   0   0   0   0   0   0   0   0  24   0   0  24   0   0  26   0   0   0  0.15 0.00
   10 T     2  -1   0  -1  -1   0  -1   0  -1  -2  -2   0  -1  -2  -1   3   3  -3  -2  -1   24   0   0   0   0   0   0   0   0   0   0   0   0   0   0  51  24   0   0   0  0.34 0.01
   11 L    -2  -3  -4  -4  -1  -3  -3  -4  -3   3   3  -3   2   0  -3  -3  -1  -2  -1   2    0   0   0   0   0   0   0   0   0  51  49   0   0   0   0   0   0   0   0   0  0.37 0.01
   12 V    -1  -3  -3  -4  -1  -2  -3  -4  -3   2   3  -3   2   0  -3  -2  -1  -2  -1   3    0   0   0   0   0   0   0   0   0   0  51   0   0   0   0   0   0   0   0  49  0.33 0.01
   13 K     0   1   0  -1  -3   0   0   4  -1  -3  -3   3  -2  -3  -2   0  -1  -3  -3  -3    0   0   0   0   0   0   0  51   0   0   0  49   0   0   0   0   0   0   0   0  0.51 0.01
   14 N    -1   1   4   0  -3   1   0  -1   0  -3  -3   3  -2  -3  -2   0   0  -4  -2  -3    0   0  49   0   0   0   0   0   0   0   0  51   0   0   0   0   0   0   0   0  0.46 0.01
   15 L    -2  -2  -4  -4  -1  -2  -3  -4  -3   2   4  -3   2   0  -3  -3  -1  -2  -1   1    0   0   0   0   0   0   0   0   0   0 100   0   0   0   0   0   0   0   0   0  0.47 0.01
   16 A     3  -1  -1  -1  -1  -1  -1   0  -2  -1  -2  -1  -1  -2  -1   2   2  -3  -2  -1   49   0   0   0   0   0   0   0   0   0   0   0   0   0   0  25  26   0   0   0  0.31 0.00
   17 T     0  -2   0  -1  -2  -1  -2   4  -2  -2  -2  -1  -2  -3  -2   1   3  -3  -2  -1    0   0   0   0   0   0   0  51   0   0   0   0   0   0   0   0  49   0   0   0  0.50 0.01
   18 L    -2  -2  -4  -4  -1  -2  -3  -4  -3   2   4  -3   2   0  -3  -3  -1  -2  -1   1    0   0   0   0   0   0   0   0   0   0 100   0   0   0   0   0   0   0   0   0  0.47 0.01
   19 W    -3  -3  -4  -5  -3  -2  -3  -3  -3  -3  -2  -3  -2   1  -4  -3  -3  11   2  -3    0   0   0   0   0   0   0   0   0   0   0   0   0   0   0   0   0 100   0   0  2.40 0.02
   20 Q    -1   0   0  -1  -3   4   1  -2   6  -3  -3   0  -1  -2  -2  -1  -1  -2   1  -3    0   0   0   0   0  49   0   0  51   0   0   0   0   0   0   0   0   0   0   0  0.60 0.01
   21 S     0  -1   5   1  -2   0   0  -1   0  -3  -3   0  -2  -3  -2   3   1  -4  -2  -2    0   0  51   0   0   0   0   0   0   0   0   0   0   0   0  49   0   0   0   0  0.50 0.02
   22 G     2  -2   0   3  -2  -1   0   3  -2  -3  -3  -1  -2  -3  -2   0  -1  -3  -3  -2   33   0   0  35   0   0   0  31   0   0   0   0   0   0   0   0   0   0   0   0  0.42 0.01
   23 D     0  -2   0   3  -2  -1   0   3  -2  -3  -3  -1  -2  -3  -2   1   1  -3  -3  -2    0   0   0  31   0   0   0  33   0   0   0   0   0   0   0  18  17   0   0   0  0.41 0.01
   24 F    -1  -3  -3  -4  -1  -3  -3  -3  -3   2   1  -3   0   4  -3  -2  -1  -1   1   3    0   0   0   0   0   0   0   0   0   0   0   0   0  31   0   0   0   0   0  69  0.34 0.02
   25 Q    -1  -1   0   4  -2   3   1  -2  -1  -2  -2   0  -1  -3  -1   0   2  -3  -2  -2    0   0   0  35   0  31   0   0   0   0   0   0   0   0   0   0  33   0   0   0  0.41 0.02
   26 F    -3  -3  -3  -4  -3  -4  -4  -3  -1   0   0  -3   0   7  -4  -3  -2   1   3  -1    0   0   0   0   0   0   0   0   0   0   0   0   0 100   0   0   0   0   0   0  0.87 0.04
   27 L    -1  -2  -3  -4  -2  -2  -3  -4  -3   1   4  -2   4   0  -3  -2  -1  -2  -1   1    0   0   0   0   0   0   0   0   0   0  65   0  35   0   0   0   0   0   0   0  0.42 0.02
   28 D     0  -2   0   2  -3  -2  -1   6  -2  -4  -4  -2  -3  -3  -2   0  -2  -3  -3  -3    0   0   0  15   0   0   0  85   0   0   0   0   0   0   0   0   0   0   0   0  0.90 0.02
   29 H    -2   0   0  -1  -3   0   0  -2   8  -4  -3  -1  -2  -2  -3  -1  -2  -3   2  -4    0   0   0   0   0   0   0   0 100   0   0   0   0   0   0   0   0   0   0   0  1.06 0.05
   30 E    -1   0  -1   0  -2   3   3  -2  -1   0  -1   0  -1  -2  -2   0   1  -3  -2   0    0   0   0   0   0  33  31   0   0  18   0   0   0   0   0   0  17   0   0   0  0.29 0.02
   31 C    -1  -4  -3  -4  10  -3  -4  -3  -3  -2  -2  -3  -2  -3  -3  -1  -1  -3  -3  -1    0   0   0   0 100   0   0   0   0   0   0   0   0   0   0   0   0   0   0   0  1.43 0.05
   32 H    -1   0   0  -1  -2   0   0  -1   6  -2  -2  -1  -1   0  -1  -1  -1   0   3  -2    3   2   2   2   1   1   2   2  49   2   3   2   1   1   2   2   2   0  19   2  0.38 0.01
   33 Y    -1  -1  -2  -2  -1  -1  -1  -2   0   1   0  -1   0   3  -1  -1  -1   1   4   0    3   2   2   2   1   1   2   2   1  19   3   2   1  19   2   2   2   0  32   2  0.21 0.01
   34 R    -1   5   0  -1  -2   1   0  -1   0  -2  -1   2  -1  -2  -1   0  -1  -2  -1  -2    3  68   2   2   1   1   2   2   1   2   3   2   1   1   2   2   2   0   1   2  0.41 0.01
   35 I    -1   3  -2  -3  -2  -1  -2  -3  -2   2   2   0   1  -1  -3  -2  -1  -3  -1   1    0  35   0   0   0   0   0   0   0  15  33   0   0   0   0   0   0   0   0  16  0.22 0.01
   36 K    -1   2   2  -1  -2   0   0  -2  -1   0  -1   3  -1  -2  -2  -1  -1  -3  -2   1    0  18  16   0   0   0   0   0   0   0   0  33   0   0   0   0   0   0   0  33  0.18 0.01
   37 P    -1  -2  -2   0  -3   0   3  -2  -2  -3  -3   0  -3  -4   7  -1  -1  -4  -3  -3    0   0   0   0   0   0  33   0   0   0   0   0   0   0  67   0   0   0   0   0  1.32 0.03
   38 T     0   0   0  -1  -2   0   0  -1  -1  -2  -2   3  -1  -3  -1   2   3  -3  -2  -1    0   0   0   0   0   0   0   0   0   0   0  35   0   0   0  33  31   0   0   0  0.32 0.02
   39 F    -1  -2  -2  -3  -2  -2  -2  -3  -2   2   0  -2   0   4  -2  -1   2  -1   1   1    0   0   0   0   0   0   0   0   0  18   0   0   0  33   0   0  33   0   0  16  0.23 0.01
   40 R    -2   6  -1  -2  -4   1   0  -2   0  -3  -2   3  -2  -3  -2  -1  -1  -3  -2  -3    0  84   0   0   0   0   0   0   0   0   0  16   0   0   0   0   0   0   0   0  0.74 0.03
   41 R    -1   4   0  -1  -3   4   1  -2   0  -3  -2   3  -1  -3  -2  -1  -1  -3  -2  -3    0  49   0   0   0  33   0   0   0   0   0  17   0   0   0   0   0   0   0   0  0.57 0.02
   42 L    -2  -3  -3  -3  -2  -2  -2  -3  -2   0   2  -2   0   4   5  -2  -2  -1   1  -1    0   0   0   0   0   0   0   0   0   0  31   0   0  35  33   0   0   0   0   0  0.57 0.02
   43 K    -1   1   0   4  -3   1   1  -2  -1  -3  -3   4  -2  -4  -1   0  -1  -4  -2  -3    0   0   0  33   0   0   0   0   0   0   0  67   0   0   0   0   0   0   0   0  0.50 0.02
   44 W    -1  -3  -2  -3  -2  -2  -3   3  -3  -1   2  -2   0   0  -3  -2  -2   8   0  -1    0   0   0   0   0   0   0  33   0   0  35   0   0   0   0   0   0  31   0   0  0.65 0.02
   45 K    -2   0  -2  -2  -3  -1  -1  -3   0  -1  -1   2  -1   4  -3  -1  -2   1   5  -2    0   0   0   0   0   0   0   0   0   0   0  31   0  33   0   0   0   0  35   0  0.42 0.02
   46 Y    -2  -1  -1  -3  -3  -1  -1  -3   6  -2  -2  -2  -1   2  -3  -2  -2   1   6  -2    0   0   0   0   0   0   0   0  35   0   0   0   0   0   0   0   0   0  65   0  0.77 0.03
   47 K    -1   1   0   0  -2   1   3  -2  -1  -2  -2   3  -1  -3  -1   0   2  -3  -2  -2    0   0   0   0   0   0  35   0   0   0   0  31   0   0   0   0  33   0   0   0  0.36 0.02
   48 G     2  -2  -1  -2  -2  -2  -2   5  -2  -3  -3  -1  -2  -3  -2   0  -1  -3  -3  -2   33   0   0   0   0   0   0  67   0   0   0   0   0   0   0   0   0   0   0   0  0.68 0.02
   49 K    -1   2   0  -1  -3   1   1  -2  -1  -3  -3   5  -2  -3  -1   0  -1  -3  -2  -3    0   0   0   0   0   0   0   0   0   0   0 100   0   0   0   0   0   0   0   0  0.60 0.03
   50 F    -2  -3  -3  -4  -2  -2  -3  -3  -2   0   1  -3   4   6  -4  -2  -2   0   2   0    0   0   0   0   0   0   0   0   0   0   0   0  33  67   0   0   0   0   0   0  0.54 0.03
   51 W    -2  -3  -3  -3  -2  -2  -3  -2  -2  -3  -2  -3  -2   0  -3   0  -2  11   2  -3    0   0   0   0   0   0   0   0   0   0   0   0   0   0   0  17   0  83   0   0  1.92 0.05
   52 C    -1  -4  -3  -4  10  -3  -4  -3  -3  -2  -2  -3  -2  -3  -3  -1  -1  -3  -3  -1    0   0   0   0 100   0   0   0   0   0   0   0   0   0   0   0   0   0   0   0  1.43 0.05
   53 P     1  -2  -2  -2  -2  -1  -1  -2  -2  -2  -3  -1  -2  -3   7   0   1  -4  -3  -2   17   0   0   0   0   0   0   0   0   0   0   0   0   0  67   0  16   0   0   0  1.22 0.02
   54 S     1  -1   0  -1  -2  -1  -1   3  -1  -3  -3  -1  -2  -3  -1   3   1  -3  -2  -2    0   0   0   0   0   0   0  35   0   0   0   0   0   0   0  65   0   0   0   0  0.48 0.02
   55 W    -3  -3  -4  -5  -3  -2  -3  -3  -3  -3  -2  -3  -2   1  -4  -3  -3  11   2  -3    0   0   0   0   0   0   0   0   0   0   0   0   0   0   0   0   0 100   0   0  2.56 0.06
   56 T     1  -1   0  -1  -1  -1  -1  -1  -2  -1  -1  -1  -1  -2  -1   1   5  -3  -2   0   18   0   0   0   0   0   0   0   0   0   0   0   0   0   0   0  82   0   0   0  0.44 0.03
   57 S     0  -1   0  -1  -2   0  -1  -2   5  -3  -3  -1  -2  -2   5   2   0  -3   0  -3    0   0   0   0   0   0   0   0  34   0   0   0   0   0  34  31   0   0   0   0  0.68 0.02
   58 I    -2  -3  -4  -4  -2  -3  -3  -4  -3   4   2  -3   1   3  -3  -3  -1  -2   0   2    0   0   0   0   0   0   0   0   0  65  17   0   0  18   0   0   0   0   0   0  0.35 0.02
   59 T     0  -1  -1   0  -2   0   3  -2  -2   0  -1  -1  -1  -2  -2   0   2  -3  -2   2    0   0   0   0   0   0  35   0   0   0   0   0   0   0   0   0  31   0   0  33  0.22 0.02
   60 G     0  -3  -1  -2  -3  -2  -2   6  -2  -4  -4  -2  -3  -3  -2   0  -2  -3  -3  -3    0   0   0   0   0   0   0 100   0   0   0   0   0   0   0   0   0   0   0   0  1.12 0.03
   61 R    -1   4   2   0  -4   1   3  -2   0  -3  -3   1  -2  -3  -2   0  -1  -3  -2  -3    0  49  17   0   0   0  33   0   0   0   0   0   0   0   0   0   0   0   0   0  0.51 0.02
   62 A     2  -2   0  -1  -1  -1  -1   3  -2  -3  -3  -1  -2  -3  -1   2   0  -3  -2  -2   31   0   0   0   0   0   0  33   0   0   0   0   0   0   0  35   0   0   0   0  0.41 0.01
   63 T    -1   5   0  -2  -3   0   0  -2  -1  -2  -2   1  -1  -3  -2   0   2  -3  -2  -2    0  69   0   0   0   0   0   0   0   0   0   0   0   0   0   0  31   0   0   0  0.52 0.02
   64 K     0   0   0  -1  -2   0   0  -1  -1  -2  -2   2  -1  -3  -1   2   3  -3  -2  -1    0   0   0   0   0   0   0   0   0   0   0  31   0   0   0  33  35   0   0   0  0.32 0.02
   65 S     0   4   0  -1  -2   1   0  -1  -1  -3  -3   3  -2  -3  -1   2   0  -3  -2  -2    0  33   0   0   0   0   0   0   0   0   0  35   0   0   0  31   0   0   0   0  0.41 0.02
   66 S     1  -1   0  -1  -1  -1  -1  -1  -2   0  -1  -1  -1  -2  -1   3   1  -3  -2   2    0   0   0   0   0   0   0   0   0   0   0   0   0   0   0  67   0   0   0  33  0.25 0.02
   67 R    -1   5  -1   0  -4   1   3  -3   0  -3  -3   2  -2  -3  -2  -1  -1  -3  -2  -3    0  67   0   0   0   0  33   0   0   0   0   0   0   0   0   0   0   0   0   0  0.62 0.02
   68 S     0  -1   0  -1  -1  -1  -1  -1  -2  -1   2  -1   0  -1  -2   3   1  -3  -2  -1    0   0   0   0   0   0   0   0   0   0  33   0   0   0   0  67   0   0   0   0  0.23 0.02
   69 G     0  -2   0   0  -3   0   3   5  -1  -4  -4  -1  -3  -3  -2   0  -2  -3  -3  -3    0   0   0   0   0   0  33  67   0   0   0   0   0   0   0   0   0   0   0   0  0.68 0.02
   70 A     4  -1  -1  -1  -1  -1  -1   0  -2  -2  -2  -1  -1  -3  -1   3   0  -3  -2  -1   65   0   0   0   0   0   0   0   0   0   0   0   0   0   0  35   0   0   0   0  0.38 0.02
   71 V     0  -2  -2  -2  -1  -2  -2  -2  -2   1   2  -2   1  -1  -2   1   2  -3  -1   2    0   0   0   0   0   0   0   0   0   0  33   0   0   0   0  18  17   0   0  31  0.17 0.01
   72 E    -1   4   0   0  -4   1   3  -2   0  -3  -3   3  -2  -3  -2   0  -1  -3  -2  -3    0  35   0   0   0   0  31   0   0   0   0  33   0   0   0   0   0   0   0   0  0.51 0.02
   73 H    -1  -1   0   0  -3   1   3   3   5  -4  -3   0  -2  -3  -2  -1  -2  -3  -1  -3    0   0   0   0   0   0  35  33  31   0   0   0   0   0   0   0   0   0   0   0  0.48 0.02
   74 S     3  -1   0  -1  -1   0  -1   0  -1  -2  -2  -1  -1  -3  -1   4   1  -3  -2  -1   35   0   0   0   0   0   0   0   0   0   0   0   0   0   0  65   0   0   0   0  0.40 0.02
   75 V    -1  -2  -2  -2  -1  -2  -2  -3  -3   3   1  -2   0  -1  -2   0   3  -3  -2   3    0   0   0   0   0   0   0   0   0  33   0   0   0   0   0   0  35   0   0  31  0.26 0.02
   76 R    -1   4   0  -1  -3   1   0  -2  -1  -3  -2   3  -1  -3  -2   0   1  -3  -2  -2    0  48   0   0   0   0   0   0   0   0   0  35   0   0   0   0  17   0   0   0  0.47 0.02
   77 N    -2  -1   5   5  -3   0   1  -1   0  -3  -4  -1  -3  -4  -2   0  -1  -4  -3  -3    0   0  49  51   0   0   0   0   0   0   0   0   0   0   0   0   0   0   0   0  0.72 0.02
   78 F    -3  -3  -3  -4  -3  -4  -4  -3  -1   0   0  -3   0   7  -4  -3  -2   1   3  -1    0   0   0   0   0   0   0   0   0   0   0   0   0 100   0   0   0   0   0   0  0.87 0.04
   79 V     0  -3  -3  -3  -1  -2  -3  -3  -3   3   1  -3   1  -1  -3  -2   0  -3  -1   4    0   0   0   0   0   0   0   0   0   0   0   0   0   0   0   0   0   0   0 100  0.42 0.03
   80 G    -1   2   0  -1  -3   3   0   1   4  -3  -3   1  -1  -3  -2   1  -1  -3  -1  -3    0  18   0   0   0  33   0  15  17   0   0   0   0   0   0  16   0   0   0   0  0.34 0.01
   81 Q    -1   1   0  -1  -2   3   1  -2  -1  -2  -2   3  -1  -3  -1   0   3  -3  -2  -1    0   0   0   0   0  31   0   0   0   0   0  35   0   0   0   0  33   0   0   0  0.36 0.02
   82 A     4  -2  -2  -2  -1  -1  -1   0  -2  -2  -2  -1  -1  -3  -1   1   0  -3  -2   0  100   0   0   0   0   0   0   0   0   0   0   0   0   0   0   0   0   0   0   0  0.47 0.03
   83 K     0   0  -1  -1  -2   0  -1  -2  -2  -1   2   2   0  -1  -2   2   0  -3  -2  -1    0   0   0   0   0   0   0   0   0   0  35  31   0   0   0  33   0   0   0   0  0.15 0.01
   84 S     0   0   2   2  -2   3   1  -1   0  -3  -3   0  -2  -3  -1   2   0  -3  -2  -2    0   0  17  16   0  35   0   0   0   0   0   0   0   0   0  31   0   0   0   0  0.39 0.02
   85 S    -1  -1   4   0  -2  -1  -1  -1   1  -2  -2  -1  -2   0  -2   2   0   0   4  -2    0   0  35   0   0   0   0   0   0   0   0   0   0   0   0  31   0   0  33   0  0.36 0.02
   86 G     0   1   0  -1  -3   0   0   4  -1  -3  -3   3  -2  -3  -2   0  -1  -3  -3  -3    0   0   0   0   0   0   0  49   0   0   0  51   0   0   0   0   0   0   0   0  0.52 0.02
   87 L    -1   0  -2  -3  -2  -1  -1  -3  -2   1   3   2   1   0  -2  -2  -1  -2  -1   0    0   0   0   0   0   0   0   0   0   0  67  33   0   0   0   0   0   0   0   0  0.24 0.02
   88 I    -2  -3  -3  -4  -2  -3  -3  -4  -3   3   1  -3   1   4  -3  -2  -1  -1   1   2    0   0   0   0   0   0   0   0   0  49   0   0   0  33   0   0   0   0   0  18  0.35 0.02
   89 T     0  -1   0  -1  -1  -1  -1  -2  -2  -1  -1  -1  -1  -2  -1   1   5  -3  -2   0    0   0   0   0   0   0   0   0   0   0   0   0   0   0   0   0 100   0   0   0  0.56 0.03
   90 Q    -1   0  -1  -1  -3   3   2  -3  -1   2  -1   2   0  -2  -2  -1  -1  -3  -2   0    0   0   0   0   0  33  16   0   0  33   0  17   0   0   0   0   0   0   0   0  0.22 0.02
   91 R    -1   2   2   2  -3   2   2  -2   0  -3  -3   2  -2  -3  -2   0  -1  -3  -2  -3    0  15  17  17   0  18  16   0   0   0   0  16   0   0   0   0   0   0   0   0  0.40 0.01
   92 Q    -1   0   0   3  -3   3   4  -2   0  -3  -3   0  -2  -3  -1   1   0  -3  -2  -3    0   0   0  18   0  15  49   0   0   0   0   0   0   0   0  17   0   0   0   0  0.51 0.02
   93 A     3  -2  -2  -2  -1  -1  -1  -1  -2   1  -1  -1   0  -2  -1   0   0  -3  -2   2   67   0   0   0   0   0   0   0   0   0   0   0   0   0   0   0   0   0   0  33  0.27 0.02
   94 E    -1   0   0   3  -3   3   4  -2   0  -3  -3   0  -2  -3  -1   1   0  -3  -2  -3    0   0   0  17   0  16  49   0   0   0   0   0   0   0   0  18   0   0   0   0  0.51 0.02
   95 Q     1  -1   0   3  -2   2   0  -2  -1  -1   0  -1  -1  -2  -2   0   1  -3  -2  -1   17   0   0  33   0  15   0   0   0   0  18   0   0   0   0   0  16   0   0   0  0.20 0.01
   96 F    -3  -3  -4  -4  -3  -3  -3  -3  -2  -2  -1  -3  -1   4  -4  -3  -3  10   2  -2    0   0   0   0   0   0   0   0   0   0   0   0   0  31   0   0   0  69   0   0  1.71 0.04
   97 I    -2  -3  -4  -4  -1  -3  -3  -4  -3   4   3  -3   1   0  -3  -3  -1  -2  -1   2    0   0   0   0   0   0   0   0   0  65  35   0   0   0   0   0   0   0   0   0  0.40 0.02
   98 S     2  -1   3   0  -1   0  -1   0  -1  -2  -2   0  -2  -3  -1   3   1  -3  -2  -1   37   0  27   0   0   0   0   0   0   0   0   0   0   0   0  36   0   0   0   0  0.33 0.01
   99 Q     0   0   3   0  -2   3   1  -1   0  -3  -3   0  -1  -3  -1   2   0  -3  -2  -2    0   0  27   0   0  36   0   0   0   0   0   0   0   0   0  37   0   0   0   0  0.40 0.02
  100 Y    -2  -2  -2  -3  -3  -2  -2  -3   2  -1  -1  -2  -1   3  -3  -2  -2   2   7  -1    0   0   0   0   0   0   0   0   0   0   0   0   0   0   0   0   0   0 100   0  0.89 0.01
  101 N    -1   0   4   1  -3   1   4  -1   0  -3  -3   0  -2  -3  -2   0   0  -3  -2  -3    0   0  50   0   0   0  50   0   0   0   0   0   0   0   0   0   0   0   0   0  0.54 0.01

                      K         Lambda
Standard Ungapped    0.1331     0.3223
Standard Gapped      0.0401     0.2670
PSI Ungapped         0.1309     0.3178
PSI Gapped           0.0401     0.2670
