
Last position-specific scoring matrix computed, weighted observed percentages rounded down, information per position, and relative weight of gapless real matches to pseudocounts
            A   R   N   D   C   Q   E   G   H   I   L   K   M   F   P   S   T   W   Y   V   A   R   N   D   C   Q   E   G   H   I   L   K   M   F   P   S   T   W   Y   V
    1 S     1  -1   1   0  -1   0   0   0  -1  -2  -3   0  -2  -2  -1   4   1  -3  -2  -2    0   0   0   0   0   0   0   0   0   0   0   0   0   0   0 100   0   0   0   0  0.49 0.02
    2 L    -2  -2  -3  -4  -1  -2  -3  -4  -3   1   4  -3   2   0  -3  -3  -1  -2  -1   1    0   0   0   0   0   0   0   0   0   0 100   0   0   0   0   0   0   0   0   0  0.48 0.01
    3 Q    -1   1   0   0  -3   6   2  -2   0  -3  -2   1  -1  -3  -1   0  -1  -2  -2  -2    0   0   0   0   0 100   0   0   0   0   0   0   0   0   0   0   0   0   0   0  0.71 0.02
    4 G    -1  -2  -2  -2  -3  -1  -1   2  -2  -3  -3  -1  -3  -4   7  -1  -1  -3  -3  -3    0   0   0   0   0   0   0  25   0   0   0   0   0   0  75   0   0   0   0   0  1.48 0.01
    5 G     0  -2   0  -1  -3  -2  -2   6  -2  -4  -4  -2  -3  -3  -2   0  -2  -3  -3  -3    0   0   0   0   0   0   0 100   0   0   0   0   0   0   0   0   0   0   0   0  1.08 0.01
    6 A     4  -1  -2  -2   0  -1  -1   0  -2  -1  -2  -1  -1  -2  -1   1   0  -3  -2   0  100   0   0   0   0   0   0   0   0   0   0   0   0   0   0   0   0   0   0   0  0.43 0.01
    7 P    -1  -2  -2  -2  -3  -1  -1  -2  -2  -3  -3  -1  -3  -4   7  -1  -1  -4  -3  -2    0   0   0   0   0   0   0   0   0   0   0   0   0   0 100   0   0   0   0   0  2.08 0.02
    8 N    -1  -1   5   1  -2   0   0   0   0  -3  -3   0  -2  -3  -2   2   0  -3  -2  -3    0   0  73   0   0   0   0   0   0   0   0   0   0   0   0  27   0   0   0   0  0.57 0.01
    9 F    -2  -3  -3  -3  -2  -3  -3  -3  -2   1   0  -3   0   5  -3  -2  -1   0   2   1    0   0   0   0   0   0   0   0   0   0   0   0   0  75   0   0   0   0   0  25  0.53 0.01
   10 P    -1  -2   2  -1  -3  -1  -1  -2  -1  -3  -3  -1  -2  -4   7   0  -1  -4  -3  -3    0   0  25   0   0   0   0   0   0   0   0   0   0   0  75   0   0   0   0   0  1.43 0.01
   11 Q    -1   0   2  -1  -2   2   0  -2   0   0   0   0   4  -1  -2  -1  -1  -2  -1  -1    0   0  25   0   0  25   0   0   0   0   0   0  50   0   0   0   0   0   0   0  0.22 0.01
   12 P    -1   0  -1  -1  -3   0  -1  -2  -2  -3  -3   2  -2  -4   7  -1  -1  -4  -3  -2    0   0   0   0   0   0   0   0   0   0   0  25   0   0  75   0   0   0   0   0  1.42 0.01
   13 S     0  -2   0   3  -2  -1   0   4  -2  -3  -3  -1  -2  -3  -2   1   0  -3  -3  -3    0   0   0  25   0   0   0  50   0   0   0   0   0   0   0  25   0   0   0   0  0.53 0.01
   14 Q     0   0   0   0  -2   4   1  -1   0  -3  -2   1  -1  -3  -1   3   0  -2  -2  -2    0   0   0   0   0  50   0   0   0   0   0   0   0   0   0  50   0   0   0   0  0.42 0.01
   15 Q    -1   0   0  -1  -3   5   1  -2   0  -3  -2   1  -1  -3   4   0  -1  -2  -2  -2    0   0   0   0   0  75   0   0   0   0   0   0   0   0  25   0   0   0   0   0  0.71 0.02
   16 N    -1  -1   2   0  -1   0   0  -1   0   0   1   0   0  -1  -1   0   0  -1  -1   0    4   2  27   3   1   2   3   4   1   3  31   3   1   2   3   3   3   1   2   3  0.07 0.00
   17 G     0  -1   0  -1  -1  -1  -1   2  -1  -1  -1  -1  -1  -1   4   0  -1  -1  -1  -1    4   2   2   3   1   2   3  28   1   3   4   3   1   2  29   3   3   1   2   3  0.40 0.00
   18 G     0  -1   0   0  -1   0  -1   2  -1  -1  -1   0  -1  -1   0   0   2  -1  -1  -1    4   2   2   3   1   2   3  28   1   3   4   3   1   2   3   3  30   1   2   3  0.16 0.00
   19 W    -1  -2  -2  -2  -1  -1  -2  -2  -2  -1   1  -2   0   0  -2  -2  -1   9   1  -1    2   1   1   1   1   1   2   2   1   1  26   2   1   1   1   2   2  50   1   2  0.89 0.01
   20 Q     0   0   0  -1  -2   4   1  -1   0  -3  -2   0  -1  -3   4   2   0  -3  -2  -2    0   0   0   0   0  50   0   0   0   0   0   0   0   0  23  27   0   0   0   0  0.54 0.01
   21 V     0  -2  -2  -3  -1  -2  -2  -3  -3   2   0  -2   0  -1  -2  -1   2  -3  -1   3    0   0   0   0   0   0   0   0   0   0   0   0   0   0   0   0  23   0   0  77  0.28 0.01
   22 S     1  -1   1   0  -1   0   0   0  -1  -2  -3   0  -2  -2  -1   4   1  -3  -2  -2    0   0   0   0   0   0   0   0   0   0   0   0   0   0   0 100   0   0   0   0  0.49 0.02
   23 P    -1  -2  -2  -2  -2  -2  -2   2  -2   1  -1  -2  -1  -2   6  -1  -1  -3  -3   0    0   0   0   0   0   0   0  27   0  23   0   0   0   0  50   0   0   0   0   0  0.81 0.01
   24 D    -1  -1   3   3  -2   0   0  -1   4  -2  -3  -1  -2  -2  -2   0   2  -3  -1  -2    0   0  27  25   0   0   0   0  25   0   0   0   0   0   0   0  23   0   0   0  0.39 0.01
   25 L     0  -2  -2  -2  -1  -2  -2  -2  -2   2   2  -2   1  -1  -2   1   0  -2  -1   2    0   0   0   0   0   0   0   0   0  25  25   0   0   0   0  23   0   0   0  27  0.18 0.00
   26 G     0  -1   3   1  -2   0   2   2  -1  -3  -3   0  -2  -3  -1   2   0  -3  -2  -2    0   0  23   0   0   0  27  25   0   0   0   0   0   0   0  25   0   0   0   0  0.37 0.01
   27 R    -1   4  -1  -2  -3   1   0  -2  -1   1  -1   3  -1  -2  -2  -1  -1  -3  -2   0    0  50   0   0   0   0   0   0   0  23   0  27   0   0   0   0   0   0   0   0  0.34 0.01
   28 D    -1   0   1   4  -3   3   3  -2   0  -3  -3   0  -2  -3  -1   0  -1  -3  -2  -3    0   0   0  50   0  27  23   0   0   0   0   0   0   0   0   0   0   0   0   0  0.62 0.01
   29 D    -1   0   1   4  -3   0   1   2  -1  -3  -3   2  -3  -3  -2   0  -1  -3  -3  -3    0   0   0  50   0   0   0  27   0   0   0  23   0   0   0   0   0   0   0   0  0.49 0.01
   30 K     0   3   0  -1  -2   3   1  -1   0  -3  -2   2  -1  -3  -1   1   0  -3  -2  -2    0  27   0   0   0  23   0   0   0   0   0  25   0   0   0  25   0   0   0   0  0.38 0.01
   31 G     0  -1   0  -1  -2  -1  -1   5  -1  -2  -2  -1  -2  -2  -1   0  -1  -2  -2  -2    2   1   1   1   1   1   2  75   1   1   2   2   1   1   1   2   2   0   1   2  0.63 0.01
   32 N    -2  -1   6   1  -3   0   0  -1   0  -3  -3   0  -2  -3  -2   1   0  -4  -2  -3    0   0 100   0   0   0   0   0   0   0   0   0   0   0   0   0   0   0   0   0  0.78 0.02
   33 T     0  -1   0  -1  -1  -1  -1  -2  -2  -1  -1  -1  -1  -2  -1   1   5  -3  -2   0    0   0   0   0   0   0   0   0   0   0   0   0   0   0   0   0 100   0   0   0  0.51 0.02
   34 R     1   2   2  -1  -2   0  -1  -1  -1   1  -1   0  -1  -2  -2   0   0  -3  -2   0   23  25  25   0   0   0   0   0   0  27   0   0   0   0   0   0   0   0   0   0  0.13 0.01
   35 G     3  -2  -1  -1  -1  -1  -1   3  -2  -2  -2  -1  -1  -2  -1   1   2  -3  -2  -1   50   0   0   0   0   0   0  25   0   0   0   0   0   0   0   0  25   0   0   0  0.33 0.01
   36 Q    -1  -1   0   3  -2   2   1  -2  -1  -2  -2   0  -1  -3  -1   1   3  -3  -2  -1    0   0   0  25   0  25   0   0   0   0   0   0   0   0   0   0  50   0   0   0  0.35 0.01
   37 I    -1  -3  -3  -3  -1  -3  -3  -4  -3   4   1  -3   1   0  -3  -2  -1  -3  -1   2    0   0   0   0   0   0   0   0   0 100   0   0   0   0   0   0   0   0   0   0  0.43 0.01
   38 E    -1  -1   4   3  -3   0   2  -1   0  -3  -3   0  -2  -3  -2   0  -1  -4  -2  -3    0   0  49  27   0   0  25   0   0   0   0   0   0   0   0   0   0   0   0   0  0.57 0.01
   39 I     2  -2  -2  -2  -1  -2  -2  -1  -2   2   2  -2   1  -1  -2   0   0  -2  -1   1   50   0   0   0   0   0   0   0   0  25  25   0   0   0   0   0   0   0   0   0  0.18 0.01
   40 Q    -1   1   0   0  -3   6   2  -2   0  -3  -2   1  -1  -3  -1   0  -1  -2  -2  -2    0   0   0   0   0 100   0   0   0   0   0   0   0   0   0   0   0   0   0   0  0.71 0.02
   41 N    -2   3   3   0  -3   0   0  -2   6  -3  -3   0  -2  -2  -2   0  -1  -3   0  -3    0  25  25   0   0   0   0   0  50   0   0   0   0   0   0   0   0   0   0   0  0.53 0.01
   42 K    -1   2   0  -1  -3   1   1  -2   4  -3  -3   4  -1  -3  -1   0  -1  -3  -1  -3    0   0   0   0   0   0   0   0  25   0   0  75   0   0   0   0   0   0   0   0  0.46 0.01
   43 G     0  -2   0  -1  -2  -1  -1   4  -2  -2  -2  -1  -2  -3  -2   1   3  -3  -2  -1    0   0   0   0   0   0   0  50   0   0   0   0   0   0   0   0  50   0   0   0  0.49 0.01
   44 K    -1   0   1   4  -3   1   3  -2  -1  -3  -3   2  -2  -3  -1   0  -1  -4  -2  -3    0   0   0  50   0   0  25   0   0   0   0  25   0   0   0   0   0   0   0   0  0.57 0.01
   45 D    -2   4   3   3  -3   0   0  -2   0  -3  -3   1  -2  -3  -2   0  -1  -3  -2  -3    0  50  25  25   0   0   0   0   0   0   0   0   0   0   0   0   0   0   0   0  0.49 0.01
   46 H    -2  -1  -1  -2  -3   0  -1  -3   6  -2  -2  -1  -1   1  -3  -1  -2   1   5  -2    0   0   0   0   0   0   0   0  50   0   0   0   0   0   0   0   0   0  50   0  0.70 0.02
   47 D    -2  -2   1   6  -4   0   1  -1  -1  -3  -4  -1  -3  -4  -2   0  -1  -4  -3  -3    0   0   0 100   0   0   0   0   0   0   0   0   0   0   0   0   0   0   0   0  0.98 0.02
   48 F    -1  -3  -3  -3  -2  -3  -3  -3  -2   1   1  -3   0   4  -3  -2  -1   0   2   2    0   0   0   0   0   0   0   0   0   0   0   0   0  50   0   0   0   0   0  50  0.37 0.01
   49 N    -1   2   3   3  -3   0   0   2  -1  -3  -3   0  -2  -3  -2   0  -1  -3  -2  -3    0  27  25  25   0   0   0  23   0   0   0   0   0   0   0   0   0   0   0   0  0.40 0.01
   50 A     3  -2  -1  -2  -1  -1  -1   3  -2  -2  -2  -1  -1  -2  -1   1   0  -3  -2  -1   73   0   0   0   0   0   0  27   0   0   0   0   0   0   0   0   0   0   0   0  0.42 0.01
   51 G     0  -2   0  -1  -2  -1  -1   4  -2  -2  -2  -1  -2  -3  -2   1   3  -3  -2  -1    0   0   0   0   0   0   0  50   0   0   0   0   0   0   0   0  50   0   0   0  0.49 0.01
   52 W    -3  -3  -4  -4  -2  -2  -3  -3  -2  -3  -2  -3  -2   1  -4  -3  -3  11   2  -3    0   0   0   0   0   0   0   0   0   0   0   0   0   0   0   0   0 100   0   0  2.44 0.03
   53 G     1  -1   0  -1  -1  -1  -1   2  -1  -2  -2  -1  -2  -3  -1   3   2  -3  -2  -1    0   0   0   0   0   0   0  25   0   0   0   0   0   0   0  49  27   0   0   0  0.37 0.01
   54 K    -1   2   0  -1  -3   1   1  -2  -1  -3  -3   5  -1  -3  -1   0  -1  -3  -2  -2    0   0   0   0   0   0   0   0   0   0   0 100   0   0   0   0   0   0   0   0  0.56 0.02
   55 V     0  -3  -3  -3  -1  -2  -3  -3  -3   2   1  -2   1  -1  -2  -2   0  -3  -1   4    0   0   0   0   0   0   0   0   0   0   0   0   0   0   0   0   0   0   0 100  0.38 0.01
   56 I    -1  -3  -3  -3  -1  -3  -3  -3  -3   3   1  -3   1  -1  -3  -2   0  -3  -1   3    0   0   0   0   0   0   0   0   0  48   0   0   0   0   0   0   0   0   0  52  0.36 0.01
   57 R    -2   5   0   3  -3   1   0  -2  -1  -3  -3   2  -2  -3  -2  -1  -1  -3  -2  -3    0  73   0  27   0   0   0   0   0   0   0   0   0   0   0   0   0   0   0   0  0.60 0.01
   58 G     0  -2   0  -1  -3  -2  -2   6  -2  -4  -4  -2  -3  -3  -2   0  -2  -3  -3  -3    0   0   0   0   0   0   0 100   0   0   0   0   0   0   0   0   0   0   0   0  1.08 0.01
   59 P    -1  -2  -2  -2  -3  -1  -1  -2  -2  -3  -3  -1  -3  -4   7  -1  -1  -4  -3  -2    0   0   0   0   0   0   0   0   0   0   0   0   0   0 100   0   0   0   0   0  2.08 0.02
   60 N    -1  -1   4   0  -3  -1  -1   4   0  -4  -4  -1  -2  -3  -2   0  -1  -3  -3  -3    0   0  50   0   0   0   0  50   0   0   0   0   0   0   0   0   0   0   0   0  0.64 0.01
   61 K    -1   4   0  -1  -3   1   0  -2  -1  -3  -2   4  -1  -3  -2  -1  -1  -3  -2  -2    0  50   0   0   0   0   0   0   0   0   0  50   0   0   0   0   0   0   0   0  0.58 0.01
   62 A     3  -1   0  -1  -1   0  -1   0  -1  -2  -2  -1  -1  -2  -1   3   1  -3  -2  -1   50   0   0   0   0   0   0   0   0   0   0   0   0   0   0  50   0   0   0   0  0.36 0.01
   63 K    -1   2   0  -1  -3   1   1  -2  -1  -3  -3   5  -1  -3  -1   0  -1  -3  -2  -2    0   0   0   0   0   0   0   0   0   0   0 100   0   0   0   0   0   0   0   0  0.56 0.02
   64 P    -1  -2  -2  -2  -3  -1  -1  -2  -2  -3  -3  -1  -3  -4   7  -1  -1  -4  -3  -2    0   0   0   0   0   0   0   0   0   0   0   0   0   0 100   0   0   0   0   0  2.08 0.02
   65 T    -1  -1   4   0  -2   0  -1  -1   0  -2  -2   0  -1  -3  -2   1   3  -3  -2  -1    0   0  50   0   0   0   0   0   0   0   0   0   0   0   0   0  50   0   0   0  0.44 0.01
   66 W    -3  -3  -4  -4  -2  -2  -3  -3  -2  -2  -1  -3  -1   3  -4  -3  -2  10   2  -2    0   0   0   0   0   0   0   0   0   0   0   0   0  27   0   0   0  73   0   0  1.74 0.02
   67 H    -1   3   0  -1  -2   0   0  -2   6  -3  -3   0  -2  -2  -2   1  -1  -3   0  -3    0  27   0   0   0   0   0   0  50   0   0   0   0   0   0  23   0   0   0   0  0.47 0.01
   68 V    -1  -3  -3  -3  -1  -3  -3  -3  -3   3   1  -3   1  -1  -3  -2   0  -3  -1   3    0   0   0   0   0   0   0   0   0  50   0   0   0   0   0   0   0   0   0  50  0.37 0.01
   69 G     0  -2   0  -1  -3  -2  -2   6  -2  -4  -4  -2  -3  -3  -2   0  -2  -3  -3  -3    0   0   0   0   0   0   0 100   0   0   0   0   0   0   0   0   0   0   0   0  1.08 0.01
   70 G     0  -2   0  -1  -3  -2  -2   6  -2  -4  -4  -2  -3  -3  -2   0  -2  -3  -3  -3    0   0   0   0   0   0   0 100   0   0   0   0   0   0   0   0   0   0   0   0  1.08 0.01
   71 T     0  -1   0  -1  -1  -1  -1  -1  -2  -1  -2  -1  -1  -2  -1   2   4  -3  -2   0    0   0   0   0   0   0   0   0   0   0   0   0   0   0   0  27  73   0   0   0  0.43 0.01
   72 Y    -2  -2  -2  -3  -3  -2  -2  -3   2  -1  -1  -2  -1   3  -3  -2  -2   2   7  -1    0   0   0   0   0   0   0   0   0   0   0   0   0   0   0   0   0   0 100   0  0.94 0.02
   73 R    -1   6  -1  -2  -3   1   0  -2   0  -3  -2   2  -1  -3  -2  -1  -1  -3  -2  -3    0 100   0   0   0   0   0   0   0   0   0   0   0   0   0   0   0   0   0   0  0.80 0.02
   74 R    -1   5   0  -1  -3   1   0  -2   0  -3  -2   2  -1  -3  -2  -1  -1  -2  -2  -2    0   0   0   0   0   0   0   0   0   0   0   0   0   0   0   0   0   0   0   0  0.00     0.00

                      K         Lambda
Standard Ungapped    0.1369     0.3122
Standard Gapped      0.0410     0.2670
PSI Ungapped         0.1369     0.3122
PSI Gapped           0.0410     0.2670
