
Last position-specific scoring matrix computed, weighted observed percentages rounded down, information per position, and relative weight of gapless real matches to pseudocounts
            A   R   N   D   C   Q   E   G   H   I   L   K   M   F   P   S   T   W   Y   V   A   R   N   D   C   Q   E   G   H   I   L   K   M   F   P   S   T   W   Y   V
    1 C    -1  -4  -3  -4  10  -3  -4  -3  -3  -1  -2  -3  -2  -3  -3  -1  -1  -3  -3  -1    0   0   0   0 100   0   0   0   0   0   0   0   0   0   0   0   0   0   0   0  1.33 0.02
    2 A     3  -1  -1  -1  -1   0   2  -1   0  -2  -2   0  -1  -1  -1   0  -1  -1   2  -1   57   0   0   0   0   0  28   0   0   0   0   0   0   0   0   0   0   0  15   0  0.26 0.01
    3 R    -1   5   0  -1  -4   1   0  -2  -1  -3  -3   4  -2  -3  -2  -1  -1  -3  -2  -3    0  58   0   0   0   0   0   0   0   0   0  42   0   0   0   0   0   0   0   0  0.60 0.01
    4 L    -1  -4  -3  -4   9  -3  -4  -3  -3  -1   0  -3  -1  -2  -3  -1  -1  -2  -2  -1    0   0   0   0  85   0   0   0   0   0  15   0   0   0   0   0   0   0   0   0  1.04 0.02
    5 N    -2   0   5   1  -3   2   0  -1   4  -3  -3   0  -2  -3  -2   0   0  -3  -1  -3    0   0  71   0   0  14   0   0  15   0   0   0   0   0   0   0   0   0   0   0  0.57 0.01
    6 C    -1  -4  -3  -4  10  -3  -4  -3  -3  -1  -2  -3  -2  -3  -3  -1  -1  -3  -3  -1    0   0   0   0 100   0   0   0   0   0   0   0   0   0   0   0   0   0   0   0  1.33 0.02
    7 V     0  -3  -3  -3  -1  -2  -3  -3  -3   3   1  -3   1  -1  -3  -2   0  -3  -1   4    0   0   0   0   0   0   0   0   0   0   0   0   0   0   0   0   0   0   0 100  0.39 0.01
    8 P     1  -2  -2  -2  -3  -1  -1  -2  -2  -3  -3  -1  -2  -4   8  -1  -1  -4  -3  -2   16   0   0   0   0   0   0   0   0   0   0   0   0   0  84   0   0   0   0   0  1.64 0.01
    9 K    -1  -1  -2  -2  -3  -1  -1  -2  -2  -3  -3   1  -3  -4   8  -1  -1  -4  -3  -3    0   0   0   0   0   0   0   0   0   0   0  15   0   0  85   0   0   0   0   0  1.67 0.01
   10 G     0  -3  -1  -2  -3  -2  -2   6  -2  -4  -4  -2  -3  -3  -2   0  -2  -3  -3  -3    0   0   0   0   0   0   0 100   0   0   0   0   0   0   0   0   0   0   0   0  1.08 0.01
   11 T     0  -1   0  -1  -1  -1  -1  -2  -2  -1  -1  -1  -1  -2  -1   1   5  -3  -2   0    0   0   0   0   0   0   0   0   0   0   0   0   0   0   0   0 100   0   0   0  0.52 0.02
   12 S     2  -1   0  -1  -1  -1  -1   0  -1  -2  -2  -1  -1  -1  -1   3   1  -1   2  -1   30   0   0   0   0   0   0   0   0   0   0   0   0   0   0  57   0   0  14   0  0.30 0.01
   13 G     0  -3  -1  -2  -3  -2  -2   6  -2  -4  -4  -2  -3  -3  -2   0  -2  -3  -3  -3    0   0   0   0   0   0   0 100   0   0   0   0   0   0   0   0   0   0   0   0  1.08 0.01
   14 N    -2  -1   6   1  -3   0   0  -1   1  -4  -4   0  -2  -3  -2   1   0  -4  -2  -3    0   0 100   0   0   0   0   0   0   0   0   0   0   0   0   0   0   0   0   0  0.79 0.02
   15 T    -1  -1   0   0  -2   0   2  -2   3  -2  -2   0  -1  -1  -2   0   3  -1   3  -1    0   0   0   0   0   0  28   0  15   0   0   0   0   0   0   0  41   0  16   0  0.28 0.01
   16 E     0  -1   1   4  -3   0   3  -1   3  -3  -3   0  -2  -3  -2   0  -1  -4  -1  -3   14   0   0  44   0   0  27   0  15   0   0   0   0   0   0   0   0   0   0   0  0.47 0.01
   17 T     0  -1  -1  -1  -1   0  -1  -2  -2   0   0   1   0  -2  -1   2   2  -3  -2   1    0   0   0   0   0   0   0   0   0   0  15  16   0   0   0  28  27   0   0  15  0.14 0.00
   18 C    -1  -4  -3  -4  10  -3  -4  -3  -3  -1  -2  -3  -2  -3  -3  -1  -1  -3  -3  -1    0   0   0   0 100   0   0   0   0   0   0   0   0   0   0   0   0   0   0   0  1.33 0.02
   19 P    -1  -2  -2  -2  -3  -1  -1  -2  -2  -3  -3  -1  -3  -4   8  -1  -1  -4  -3  -3    0   0   0   0   0   0   0   0   0   0   0   0   0   0 100   0   0   0   0   0  2.08 0.02
   20 C    -1  -4  -3  -4  10  -3  -4  -3  -3  -1  -2  -3  -2  -3  -3  -1  -1  -3  -3  -1    0   0   0   0 100   0   0   0   0   0   0   0   0   0   0   0   0   0   0   0  1.33 0.02
   21 Y    -2  -2  -2  -3  -3  -2  -2  -3   2  -2  -1  -2  -1   3  -3  -2  -2   2   7  -1    0   0   0   0   0   0   0   0   0   0   0   0   0   0   0   0   0   0 100   0  0.95 0.02
   22 A     4  -2  -1  -2  -1  -1  -1   2  -2  -2  -2  -1  -1  -3  -1   1   0  -3  -2  -1   84   0   0   0   0   0   0  16   0   0   0   0   0   0   0   0   0   0   0   0  0.40 0.01
   23 S     1  -1   3   0  -1   0   0   0   0  -3  -3   0  -2  -3  -1   4   1  -3  -2  -2    0   0  28   0   0   0   0   0   0   0   0   0   0   0   0  72   0   0   0   0  0.44 0.01
   24 L    -2  -3  -4  -4  -1  -3  -3  -4  -3   3   4  -3   2   0  -3  -3  -1  -2  -1   1    0   0   0   0   0   0   0   0   0  29  71   0   0   0   0   0   0   0   0   0  0.41 0.01
   25 H    -2   4   0  -1  -3   1   0  -2   6  -3  -3   1  -2  -2  -2  -1  -2  -3   1  -3    0  50   0   0   0   0   0   0  50   0   0   0   0   0   0   0   0   0   0   0  0.58 0.00
   26 S     1  -1   0  -1  -1   0  -1  -1  -1  -2  -2   0  -1  -2  -1   3   4  -3  -2  -1    0   0   0   0   0   0   0   0   0   0   0   0   0   0   0  50  50   0   0   0  0.38 0.00
   27 C     0  -3  -3  -3   9  -3  -4  -2  -3  -1  -1  -3  -1  -2  -3  -1  -1  -2  -2  -1    0   0   0   0   0   0   0   0   0   0   0   0   0   0   0   0   0   0   0   0  0.00     0.00
   28 R    -1   5   0  -2  -3   1   0  -2   0  -3  -2   2  -1  -3  -2  -1  -1  -3  -2  -2    0   0   0   0   0   0   0   0   0   0   0   0   0   0   0   0   0   0   0   0  0.00     0.00
   29 K    -1   2   0  -1  -3   1   1  -2  -1  -3  -2   4  -1  -3  -1   0  -1  -3  -2  -2    0   0   0   0   0   0   0   0   0   0   0   0   0   0   0   0   0   0   0   0  0.00     0.00
   30 Y    -2  -2  -2  -3  -2  -1  -2  -3   2  -1  -1  -2  -1   3  -3  -2  -2   2   7  -1    0   0   0   0   0   0   0   0   0   0   0   0   0   0   0   0   0   0   0   0  0.00     0.00
   31 G     0  -2   0  -1  -2  -2  -2   6  -2  -4  -4  -2  -3  -3  -2   0  -2  -2  -3  -3    0   0   0   0   0   0   0   0   0   0   0   0   0   0   0   0   0   0   0   0  0.00     0.00

                      K         Lambda
Standard Ungapped    0.1341     0.3214
Standard Gapped      0.0410     0.2670
PSI Ungapped         0.1341     0.3214
PSI Gapped           0.0410     0.2670
