
Last position-specific scoring matrix computed, weighted observed percentages rounded down, information per position, and relative weight of gapless real matches to pseudocounts
            A   R   N   D   C   Q   E   G   H   I   L   K   M   F   P   S   T   W   Y   V   A   R   N   D   C   Q   E   G   H   I   L   K   M   F   P   S   T   W   Y   V
    1 A     4  -2  -2  -2  -1  -1  -1   2  -2  -2  -2  -1  -1  -2  -1   1   0  -3  -2   0   90   0   0   0   0   0   0  10   0   0   0   0   0   0   0   0   0   0   0   0  0.40 0.01
    2 L    -1  -2  -3  -3  -1  -2  -3  -3  -3   1   4  -2   2   0  -3  -1  -1  -2  -1   1    0   0   0   0   0   0   0   0   0   0  81   0   0   0   0  10   0   0   0   9  0.33 0.01
    3 W    -3  -3  -4  -5  -3  -2  -3  -3  -2  -2  -1  -3  -1   3  -4  -3  -3  11   2  -3    0   0   0   0   0   0   0   0   0   0   0   0   0  18   0   0   0  82   0   0  1.99 0.04
    4 K    -1   2  -1  -1  -3   1   0  -2  -1  -1   0   4  -1  -2  -1  -1  -1  -3  -2  -2    0   0   0   0   0   0   0   0   0   0  18  82   0   0   0   0   0   0   0   0  0.36 0.02
    5 S    -1  -1   3   4  -2   0   0  -1  -1  -2  -2  -1  -2  -3  -2   1   2  -4  -2  -1    0   0  18  41   0   0   0   0   0   0   0   0   0   0   0  18  16   0   0   7  0.38 0.01
    6 L    -1  -2  -3  -4  -1  -2  -3  -4  -3   2   3  -2   3   2  -3  -2  -1  -2   0   2    0   0   0   0   0   0   0   0   0  10  33   0  15  11   0   0   0   0   0  31  0.28 0.01
    7 L    -1  -3  -4  -4  -1  -2  -3  -4  -3   3   3  -3   2   0  -3  -2  -1  -2  -1   2    0   0   0   0   0   0   0   0   0  20  65   0   0   0   0   0   0   0   0  15  0.38 0.01
    8 K    -1   2   0  -1  -3   1   1  -2  -1  -3  -3   5  -1  -3  -1   0   1  -3  -2  -2    0   0   0   0   0   0   0   0   0   0   0  89   0   0   0   0  11   0   0   0  0.49 0.02
    9 N    -1   0   4   0  -3   0   0   2   5  -4  -3   1  -2  -2  -2   0  -1  -3   0  -3    0   0  40   0   0   0   0  15  35   0   0  10   0   0   0   0   0   0   0   0  0.46 0.01
   10 V    -1  -3  -3  -3  -1  -3  -3  -4  -3   3   1  -3   1  -1  -3  -2   0  -3  -1   4    0   0   0   0   0   0   0   0   0  26   0   0   0   0   0   0   0   0   0  74  0.38 0.02
   11 G     0  -3  -1  -2  -3  -2  -2   6  -2  -4  -4  -2  -3  -3  -2   0  -2  -3  -3  -3    0   0   0   0   0   0   0 100   0   0   0   0   0   0   0   0   0   0   0   0  1.10 0.02
   12 K    -1   2  -1  -1  -3   1   0  -2  -1  -1  -2   5  -1  -3  -1  -1  -1  -3  -2  -1    0   0   0   0   0   0   0   0   0   7   0  88   0   0   0   0   0   0   0   5  0.42 0.02
   13 A     4  -2  -2  -2  -1  -1  -1  -1  -2   0   0  -1   0  -2  -1   1   0  -3  -2   1   75   0   0   0   0   0   0   0   0   0  15   0   0   0   0   0   0   0   0  10  0.27 0.01
   14 A     4  -2  -2  -2  -1  -1  -1  -1  -2   0  -1  -1  -1  -2  -1   1   0  -3  -2   2   74   0   0   0   0   0   0   0   0   0   0   0   0   0   0   0   0   0   0  26  0.29 0.01
   15 G     0  -3  -1  -2  -3  -2  -2   6  -2  -4  -4  -2  -3  -3  -2   0  -2  -3  -3  -3    0   0   0   0   0   0   0 100   0   0   0   0   0   0   0   0   0   0   0   0  1.10 0.02
   16 K    -1   2   0  -1  -3   1   1  -2  -1  -3  -3   5  -2  -3  -1   0  -1  -3  -2  -3    0   0   0   0   0   0   0   0   0   0   0 100   0   0   0   0   0   0   0   0  0.59 0.02
   17 A     4  -2  -2  -2  -1  -1  -1   0  -2  -2  -2  -1  -1  -2  -1   1   0  -3  -2   0  100   0   0   0   0   0   0   0   0   0   0   0   0   0   0   0   0   0   0   0  0.46 0.02
   18 A     3  -2  -2  -2  -1  -1  -1  -1  -2   1  -1  -1   0  -2  -1   0   0  -3  -2   2   67   0   0   0   0   0   0   0   0   0   0   0   0   0   0   0   0   0   0  33  0.27 0.01
   19 L    -2  -2  -4  -4  -1  -2  -3  -4  -3   2   4  -3   2   0  -3  -3  -1  -2  -1   1    0   0   0   0   0   0   0   0   0   0 100   0   0   0   0   0   0   0   0   0  0.50 0.02
   20 N    -1  -1   6   1  -3   0  -1   2   0  -4  -4   0  -2  -3  -2   0   0  -4  -2  -3    0   0  85   0   0   0   0  15   0   0   0   0   0   0   0   0   0   0   0   0  0.68 0.02
   21 A     4  -1  -1  -2  -1  -1  -1   0  -2  -2  -2   0  -1  -2  -1   2   1  -3  -2  -1   77   0   0   0   0   0   0   0   0   0   0   7   0   0   0  11   5   0   0   0  0.35 0.01
   22 V     0  -3  -3  -3  -1  -2  -3  -3  -3   3   1  -3   1  -1  -3  -2   0  -3  -1   4    0   0   0   0   0   0   0   0   0   0   0   0   0   0   0   0   0   0   0 100  0.41 0.02
   23 T     0   0   2  -1  -2   0  -1  -2  -1  -1  -2   1  -1  -3  -1   1   4  -3  -2  -1    0   0  16   0   0   0   0   0   0   0   0  15   0   0   0   0  68   0   0   0  0.36 0.02
   24 D    -1   0   2   5  -4   1   3  -2  -1  -3  -3   1  -3  -4  -2   0  -1  -4  -3  -3    0   0  10  50   0   0  25   0   0   0   0  15   0   0   0   0   0   0   0   0  0.58 0.01
   25 M    -1  -2  -3  -4  -2  -1  -2  -3  -2   1   3  -2   6   0  -3  -2  -1  -2  -1   1    0   0   0   0   0   0   0   0   0   0  21   0  79   0   0   0   0   0   0   0  0.42 0.03
   26 V     1  -3  -3  -3  -1  -2  -2  -3  -3   2   1  -2   0  -1  -2  -1   0  -3  -1   4   10   0   0   0   0   0   0   0   0   0   0   0   0   0   0   0   0   0   0  90  0.34 0.02
   27 N    -1  -1   6   1  -3   0  -1   2   0  -4  -4   0  -2  -3  -2   0   0  -4  -2  -3    0   0  85   0   0   0   0  15   0   0   0   0   0   0   0   0   0   0   0   0  0.68 0.02
   28 Q    -1   1   0   0  -3   5   2  -2   0  -3  -2   2  -1  -3  -1   0  -1  -2  -2  -2    0   0   0   0   0  85   8   0   0   0   0   7   0   0   0   0   0   0   0   0  0.64 0.02

                      K         Lambda
Standard Ungapped    0.1220     0.3117
Standard Gapped      0.0410     0.2670
PSI Ungapped         0.1220     0.3117
PSI Gapped           0.0410     0.2670
