
Last position-specific scoring matrix computed, weighted observed percentages rounded down, information per position, and relative weight of gapless real matches to pseudocounts
           A  R  N  D  C  Q  E  G  H  I  L  K  M  F  P  S  T  W  Y  V   A   R   N   D   C   Q   E   G   H   I   L   K   M   F   P   S   T   W   Y   V
    1 R   -1  4  0  0 -3  1  3 -2  0 -3 -2  1 -2 -3 -1  0 -1 -3 -2 -2    0  50   0   0   0   0  50   0   0   0   0   0   0   0   0   0   0   0   0   0  0.55 0.00
    2 R   -1  4  0 -1 -3  1  0 -2  0 -3 -2  3 -1 -3 -1  0 -1 -3 -2 -2    0  50   0   0   0   0   0   0   0   0   0  50   0   0   0   0   0   0   0   0  0.56 0.00
    3 I    0 -2 -1 -1 -1 -1 -1 -1 -2  2  0 -1  0 -1 -2  2  0 -2 -1  1    0   0   0   0   0   0   0   0   0  50   0   0   0   0   0  50   0   0   0   0  0.16 0.00
    4 R   -1  4  0 -1 -3  1  0 -2  0 -3 -2  3 -1 -3 -2 -1 -1 -3 -2 -2    0  64   0   0   0   0   0   0   0   0   0  36   0   0   0   0   0   0   0   0  0.61 0.01
    5 P   -1 -1 -1  0 -3  0  2 -2 -1 -3 -3  0 -2 -3  6 -1 -1 -3 -2 -2    0   0   0   0   0   0  34   0   0   0   0   0   0   0  66   0   0   0   0   0  1.28 0.01
    6 R   -1  2 -1 -2 -2  0 -1 -2 -1 -1  0  2  2  2 -2 -1 -1 -1  0 -1    0  21   0   0   0   0   0   0   0   0   0  27  27  24   0   0   0   0   0   0  0.20 0.01
    7 P    0 -2 -1 -1 -2 -1 -1 -1 -2 -3 -3 -1 -2 -3  6  1  0 -3 -2 -2    0   0   0   0   0   0   0   0   0   0   0   0   0   0  73  27   0   0   0   0  1.40 0.02
    8 P   -1  2 -1 -1 -2  0 -1 -2 -1 -2 -2  0 -2 -3  5  0  2 -3 -2 -2    0  27   0   0   0   0   0   0   0   0   0   0   0   0  46   0  27   0   0   0  0.80 0.02
    9 R   -1  2  0  0 -2  1  3 -2 -1 -2 -2  1 -1 -3 -1  0  2 -3 -2 -2    0  21   0   0   0   0  51   0   0   0   0   0   0   0   0   0  27   0   0   0  0.41 0.02
   10 L   -1  0 -2 -2 -2 -1 -1 -3 -2  0  2  1  1  3 -2 -2 -1 -1  0  0    0   0   0   0   0   0   0   0   0   0  48  27   0  24   0   0   0   0   0   0  0.20 0.01
   11 P   -1 -2 -2 -2 -3 -1 -1 -2 -2 -3 -3 -1 -2 -3  7 -1 -1 -4 -3 -2    0   0   0   0   0   0   0   0   0   0   0   0   0   0 100   0   0   0   0   0  2.11 0.03
   12 R    0  4  0 -1 -2  0  0 -1 -1 -2 -2  1 -1 -2 -1  2  2 -2 -2 -1    0  48   0   0   0   0   0   0   0   0   0   0   0   0   0  24  27   0   0   0  0.38 0.01
   13 P   -1 -1 -1  0 -2  1  3 -2 -1 -2 -2  0 -2 -3  3  0  2 -3 -2 -2    0   0   0   0   0   0  51   0   0   0   0   0   0   0  21   0  27   0   0   0  0.54 0.02
   14 R    1  3 -1 -1 -2  1  0 -1 -1 -2 -2  3 -1 -3 -1  0 -1 -3 -2 -2   27  21   0   0   0   0   0   0   0   0   0  52   0   0   0   0   0   0   0   0  0.36 0.01
   15 P   -1 -2 -2 -2 -3 -1 -1 -2 -2 -3 -3 -1 -2 -3  7 -1 -1 -4 -3 -2    0   0   0   0   0   0   0   0   0   0   0   0   0   0 100   0   0   0   0   0  2.11 0.03
   16 R   -1  3 -1 -1 -3  1  2 -2  0 -2 -1  1 -1  2 -2 -1 -1 -1  0 -2    0  48   0   0   0   0  27   0   0   0   0   0   0  24   0   0   0   0   0   0  0.37 0.02
   17 P   -1 -1 -1  0 -3  0  2 -2 -1 -3 -3  0 -2 -3  6 -1 -1 -3 -3 -2    0   0   0   0   0   0  27   0   0   0   0   0   0   0  73   0   0   0   0   0  1.44 0.02
   18 L    0  0 -1 -2 -1  0 -1 -2 -2  0  2  2  1 -1 -2  1  0 -2 -1  0    0   0   0   0   0   0   0   0   0   0  48  27   0   0   0  24   0   0   0   0  0.14 0.01
   19 P   -1 -1 -1  0 -3  3  2 -2 -1 -3 -3  0 -2 -3  5  0 -1 -3 -2 -2    0   0   0   0   0  27  24   0   0   0   0   0   0   0  49   0   0   0   0   0  0.95 0.02
   20 F   -1  0 -1 -2 -2 -1 -1 -2 -1  0  1  1  0  2 -2  0  2 -1  0  0    0   0   0   0   0   0   0   0   0   0  27  24   0  21   0   0  27   0   0   0  0.13 0.01
   21 P   -1 -2 -1 -1 -2 -1 -1 -2 -2 -2 -2 -1 -2 -3  6  0  2 -3 -2 -2    0   0   0   0   0   0   0   0   0   0   0   0   0   0  73   0  27   0   0   0  1.38 0.02
   22 R   -1  4 -1 -2 -3  0  0 -2 -1 -2 -1  2 -1  2 -2 -1 -1 -2  0 -2    0  59   0   0   0   0   0   0   0   0   0  22   0  20   0   0   0   0   0   0  0.47 0.03
   23 P   -1 -2 -2 -1 -3  0  2 -2 -2 -3 -3 -1 -2 -3  6 -1 -1 -3 -3 -2    0   0   0   0   0   0  21   0   0   0   0   0   0   0  79   0   0   0   0   0  1.58 0.04
   24 G    2 -1 -1  0 -1  0  2  2 -1 -2 -2  0 -1 -2 -1  2  0 -2 -2 -1   43   0   0   0   0   0  22  15   0   0   0   0   0   0   0  20   0   0   0   0  0.30 0.02
   25 P    0 -1 -1  0 -2  0  2 -2 -1 -3 -3  0 -2 -3  6  1  0 -3 -2 -2    0   0   0   0   0   0  20   0   0   0   0   0   0   0  58  22   0   0   0   0  1.08 0.03
   26 R   -1  4  0 -1 -3  1  2 -2  0 -3 -2  2 -1 -3 -2 -1 -1 -3 -2 -2    0  59   0   0   0   0  20   0   0   0   0  22   0   0   0   0   0   0   0   0  0.58 0.03
   27 P   -1 -2 -2 -1 -3  0  2 -2 -2 -3 -3 -1 -2 -3  6 -1 -1 -3 -3 -2    0   0   0   0   0   0  21   0   0   0   0   0   0   0  79   0   0   0   0   0  1.58 0.04
   28 I   -1 -1 -1 -2 -2  2 -1 -2 -1  1  1 -1  0  2 -2 -1  1 -1  0  0    0   0   0   0   0  22   0   0   0  15  21   0   0  20   0   0  22   0   0   0  0.14 0.01
   29 P   -1 -2 -2 -2 -3 -1 -1 -2 -2 -3 -3 -1 -2 -4  7 -1 -1 -4 -3 -2    0   0   0   0   0   0   0   0   0   0   0   0   0   0 100   0   0   0   0   0  2.14 0.05
   30 R    0  3  0 -1 -2  1  0 -1 -1 -3 -2  2 -1 -3 -1  2  0 -3 -2 -2    0  37   0   0   0   0   0   0   0   0   0  22   0   0   0  41   0   0   0   0  0.40 0.02
   31 P   -1 -1  0  3 -3  0  3 -2 -1 -3 -3  0 -2 -3  4  0 -1 -3 -2 -2    0   0   0  22   0   0  41   0   0   0   0   0   0   0  37   0   0   0   0   0  0.84 0.03
   32 L   -1  1 -1 -1 -2  2  0 -2 -1  0  0  3  0 -2 -2 -1 -1 -2 -1  1    0   0   0   0   0  22   0   0   0   0  15  41   0   0   0   0   0   0   0  21  0.19 0.02
   33 P   -1 -2 -2 -2 -3 -1 -1 -2 -2 -3 -3 -1 -2 -4  7 -1 -1 -4 -3 -2    0   0   0   0   0   0   0   0   0   0   0   0   0   0 100   0   0   0   0   0  2.14 0.05
   34 F   -2 -2 -2 -1 -2 -1  1 -3 -1  0  2 -1  1  3 -2 -2 -1 -1  1  0    0   0   0   0   0   0  22   0   0   0  43   0   0  35   0   0   0   0   0   0  0.27 0.02
   35 P   -1 -2 -2 -2 -3 -1 -1 -2 -2 -3 -3 -1 -2 -4  7 -1 -1 -4 -3 -2    0   0   0   0   0   0   0   0   0   0   0   0   0   0 100   0   0   0   0   0  2.14 0.05
   36 R   -1  3 -1 -1 -3  2  0 -2 -1 -3 -2  2 -1 -3  3 -1 -1 -3 -2 -2    0  37   0   0   0  22   0   0   0   0   0  22   0   0  20   0   0   0   0   0  0.56 0.02
   37 P    0 -1 -1  0 -2  0  2 -2 -1 -3 -3  0 -2 -3  5  1  0 -3 -2 -2    0   0   0   0   0   0  21   0   0   0   0   0   0   0  57  22   0   0   0   0  1.06 0.03
   38 G    2 -1  0 -1 -1  2  0  2 -1 -2 -2  0 -1 -2 -1  2  0 -2 -2 -1   21   0   0   0   0  22   0  15   0   0   0   0   0   0   0  41   0   0   0   0  0.32 0.02
   39 P   -1 -1 -1  2 -3  0  2 -2 -1 -3 -3 -1 -2 -3  6 -1 -1 -3 -3 -2    0   0   0  22   0   0  20   0   0   0   0   0   0   0  59   0   0   0   0   0  1.15 0.03
   40 R   -1  3  0 -1 -2  1  0 -1  0 -2 -2  3 -1 -2 -1  0 -1 -2 -1 -2    2  38   1   1   0   1   1   2   0   1   2  43   0   1   1   2   1   0   1   1  0.39 0.02
   41 P    1 -1 -1 -1 -2  0  2 -1 -1 -2 -2 -1 -2 -3  5  0 -1 -3 -2 -2   22   0   0   0   0   0  21   0   0   0   0   0   0   0  57   0   0   0   0   0  1.03 0.03
   42 I   -1 -2 -1 -1 -1 -1  1 -3 -2  3  0 -1  0 -1 -2 -1  1 -2 -2  1    0   0   0   0   0   0  22   0   0  57   0   0   0   0   0   0  22   0   0   0  0.19 0.02
   43 P    1 -2 -1 -1 -2 -1 -1 -1 -2 -2 -2 -1 -2 -3  5  1  0 -3 -2 -2   22   0   0   0   0   0   0   0   0   0   0   0   0   0  57  21   0   0   0   0  1.03 0.03
   44 R   -1  3  0 -1 -2  2  0 -1  0 -3 -2  2 -1 -3 -1  1  0 -2 -2 -2    0  37   0   0   0  22   0   0   0   0   0  22   0   0   0  20   0   0   0   0  0.43 0.02
   45 P   -1 -1 -1  0 -3  0  3 -2 -1 -3 -3  0 -2 -3  6 -1 -1 -3 -2 -2    0   0   0   0   0   0  41   0   0   0   0   0   0   0  59   0   0   0   0   0  1.19 0.03
   46 L   -1 -1 -1 -1 -1 -1  1 -2 -2  1  2 -1  1 -1 -2  1  0 -2 -1  0    0   0   0   0   0   0  20   0   0  22  37   0   0   0   0  22   0   0   0   0  0.13 0.01
   47 P   -1 -1 -1  2 -2 -1  0 -1 -1 -2 -2 -1 -2 -2  6  0 -1 -2 -2 -2    2   1   1  23   0   1   1   2   0   1   2   1   0   1  58   2   1   0   1   1  1.02 0.02
   48 F    1  0 -1 -1 -1  0 -1 -1 -1 -1 -1  1  0  3 -1  0 -1  0  1 -1   24   1   1   1   0   1   1   2   0   1   2  23   0  36   1   2   1   0   1   1  0.14 0.01
   49 P   -1 -2 -2 -2 -3 -1 -1 -2 -2 -3 -3 -1 -2 -4  7 -1 -1 -4 -3 -2    0   0   0   0   0   0   0   0   0   0   0   0   0   0 100   0   0   0   0   0  2.14 0.05
   50 R   -1  3  0  0 -3  3  2 -2  0 -3 -2  1 -1 -3 -1  1  0 -2 -2 -2    0  37   0   0   0  22  22   0   0   0   0   0   0   0   0  20   0   0   0   0  0.43 0.02
   51 P   -1 -1 -1  0 -3  0  3 -2 -1 -3 -3  0 -2 -3  6 -1 -1 -3 -2 -2    0   0   0   0   0   0  41   0   0   0   0   0   0   0  59   0   0   0   0   0  1.19 0.03
   52 G    1  0 -1  0 -2  0  1  3 -1 -3 -2  1 -2 -3 -1  0 -1 -3 -2 -2   22   0   0   0   0   0  20  37   0   0   0  22   0   0   0   0   0   0   0   0  0.36 0.01
   53 P   -1 -2 -2 -2 -3 -1 -1 -2 -2 -3 -3 -1 -2 -4  7 -1 -1 -4 -3 -2    0   0   0   0   0   0   0   0   0   0   0   0   0   0 100   0   0   0   0   0  2.14 0.05
   54 R   -1  5  0 -2 -3  1  0 -2  0 -3 -2  2 -1 -3 -2 -1 -1 -3 -2 -2    0 100   0   0   0   0   0   0   0   0   0   0   0   0   0   0   0   0   0   0  0.77 0.01
   55 P   -1 -1 -1  0 -3  0  2 -2 -1 -3 -3  0 -2 -3  6 -1 -1 -3 -2 -2    0   0   0   0   0   0  34   0   0   0   0   0   0   0  66   0   0   0   0   0  1.27 0.01
   56 I    0 -2 -3 -3 -1 -2 -2 -3 -3  3  1 -2  1 -1 -2 -2  0 -3 -1  3    0   0   0   0   0   0   0   0   0  30   0   0   0   0   0   0   0   0   0  70  0.35 0.01
   57 P    2 -2 -2 -1 -2 -1 -1 -1 -2 -2 -2 -1 -2 -3  6  0 -1 -3 -2 -1   34   0   0   0   0   0   0   0   0   0   0   0   0   0  66   0   0   0   0   0  1.20 0.01
   58 R   -1  4  0 -1 -3  3  1 -2  0 -3 -2  2 -1 -3 -2  0 -1 -2 -2 -2    0  65   0   0   0  35   0   0   0   0   0   0   0   0   0   0   0   0   0   0  0.60 0.01
   59 P   -1 -1 -1  0 -3  0  2 -2 -1 -3 -3  0 -2 -3  6 -1 -1 -3 -2 -2    0   0   0   0   0   0  34   0   0   0   0   0   0   0  66   0   0   0   0   0  1.27 0.01
   60 L   -1 -2 -3 -3 -1 -2 -3 -3 -3  2  3 -2  1  0 -2 -2 -1 -2 -1  2    0   0   0   0   0   0   0   0   0   0  65   0   0   0   0   0   0   0   0  35  0.35 0.00

                      K         Lambda
Standard Ungapped    0.1628     0.3264
Standard Gapped      0.0430     0.2670
PSI Ungapped         0.1403     0.3207
PSI Gapped           0.0430     0.2670
