
Last position-specific scoring matrix computed, weighted observed percentages rounded down, information per position, and relative weight of gapless real matches to pseudocounts
            A   R   N   D   C   Q   E   G   H   I   L   K   M   F   P   S   T   W   Y   V   A   R   N   D   C   Q   E   G   H   I   L   K   M   F   P   S   T   W   Y   V
    1 G     0  -3  -1  -2  -3  -2  -2   6  -2  -4  -4  -2  -3  -4  -3  -1  -2  -3  -4  -4    0   0   0   0   0   0   0 100   0   0   0   0   0   0   0   0   0   0   0   0  1.14 0.04
    2 L    -2  -3  -4  -4  -2  -3  -3  -4  -3   3   3  -3   1   4  -3  -3  -2  -1   1   1    0   0   0   0   0   0   0   0   0  30  33   0   0  36   0   0   0   0   0   0  0.39 0.03
    3 L    -1  -2  -3  -4  -2  -2  -3  -4  -3   2   4  -2   4   0  -3  -2  -1  -2  -1   1    0   0   0   0   0   0   0   0   0   5  57   0  35   0   0   0   4   0   0   0  0.40 0.04
    4 D    -1  -2   3   5  -3   0   1  -1  -1  -3  -4  -1  -3  -4  -2   2   0  -4  -3  -3    0   0  14  66   0   0   0   0   0   0   0   0   0   0   0  20   0   0   0   0  0.69 0.04
    5 T     0  -2   0  -2  -1  -1  -1  -2  -2   0  -1  -1   1  -2  -2   2   5  -3  -2   1    0   0   0   0   0   0   0   0   0   0   0   0   5   0   0   9  76   0   0   9  0.42 0.04
    6 V     1  -3  -3  -3  -1  -2  -2  -2  -3   2   1  -2   1   0  -2  -1   0  -3  -1   3   25   0   0   0   0   0   0   0   0  17  11   0   0   5   0   0   0   0   0  42  0.21 0.02
    7 K    -1   2  -1  -1  -3   1   0  -2  -1  -2  -2   5   1  -3  -2  -1  -1  -3  -2  -2    0   0   0   0   0   0   0   0   0   0   0  89  11   0   0   0   0   0   0   0  0.53 0.05
    8 N    -1  -2   5   2  -3  -1  -1   4  -1  -4  -4  -1  -3  -4  -2   0  -1  -4  -3  -3    0   0  48  10   0   0   0  42   0   0   0   0   0   0   0   0   0   0   0   0  0.63 0.04
    9 L     2  -2  -2  -3  -1  -2  -2  -2  -3   1   2  -2   0  -1  -2   0   2  -3  -2   2   25   0   0   0   0   0   0   0   0   0  24   0   0   0   0   0  21   0   0  31  0.18 0.02
   10 A     4  -2  -2  -2  -1  -1  -1   0  -2  -1  -1  -1  -1  -2  -1   1   0  -3  -2   1   89   0   0   0   0   0   0   0   0   0   0   0   0   0   0   0   0   0   0  11  0.43 0.04
   11 T    -1   1   0  -1  -3   1   0  -2  -1  -2  -2   5  -1  -3  -1   0   2  -3  -2  -2    0   0   0   0   0   0   0   0   0   0   0  73   0   0   0   0  27   0   0   0  0.45 0.04
   12 N    -2  -1   6   3  -3   0   0  -1   0  -3  -4  -1  -2  -3  -2   0   1  -4  -3  -3    0   0  67  21   0   0   0   0   0   0   0   0   0   0   0   0  12   0   0   0  0.64 0.04
   13 L    -1  -3  -4  -4  -1  -3  -3  -4  -3   2   3  -3   1   0  -3  -2  -1  -3  -1   3    0   0   0   0   0   0   0   0   0   0  50   0   0   0   0   0   0   0   0  50  0.38 0.03
   14 A     4  -2  -2  -2  -1  -1  -1   0  -2  -1  -1  -1  -1   0  -1   1   0  -3  -1   0   90   0   0   0   0   0   0   0   0   0   5   0   0   5   0   0   0   0   0   0  0.40 0.04
   15 G     2  -2  -1  -2  -2  -2  -2   5  -2  -1  -2  -2  -2  -3  -2   0  -1  -3  -3   0   21   0   0   0   0   0   0  63   0   0   0   0   0   0   0   0   0   0   0  17  0.56 0.03
   16 Q     0   0   1  -1  -2   2   0   1   0  -2  -2   1  -1  -3  -1   2   2  -3  -2  -1    0   0   5   0   0  13   0  10   3   0   0  16   0   0   0  18  30   0   0   6  0.21 0.02
   17 L     0  -2  -3  -4  -1  -2  -3  -3  -3   1   4  -2   2   0  -3  -2  -1  -2  -1   1   10   0   0   0   0   0   0   0   0   0  70   0   8   0   0   0   0   0   0  12  0.35 0.03
   18 L    -2  -3  -4  -4  -2  -2  -3  -4  -3   2   4  -3   3   0  -3  -3  -1  -2  -1   1    0   0   0   0   0   0   0   0   0  12  77   0  11   0   0   0   0   0   0   0  0.46 0.03
   19 D    -2  -2   2   6  -4   0   2  -2  -1  -4  -4  -1  -3  -4  -2   0  -1  -5  -3  -4    0   0   5  85   0   0  10   0   0   0   0   0   0   0   0   0   0   0   0   0  0.94 0.05
   20 R    -1   2   0  -1  -3   1   0   0  -1  -3  -3   4  -2  -3  -1   1   2  -3  -2  -2    0   4   0   0   0   0   0   5   0   0   0  63   0   0   0   8  21   0   0   0  0.37 0.03
   21 L     0  -3  -3  -4  -1  -2  -3  -3  -3   2   4  -3   2   1  -3  -2  -1  -2  -1   1   11   0   0   0   0   0   0   0   0  13  71   0   0   5   0   0   0   0   0   0  0.35 0.03
   22 K    -1   3   0  -1  -4   1   1  -2  -1  -3  -3   5  -2  -4  -1  -1  -1  -3  -2  -3    0   9   0   0   0   0   0   0   0   0   0  91   0   0   0   0   0   0   0   0  0.64 0.05
   23 C    -1  -4  -3  -4  10  -4  -4  -3  -4  -2  -2  -4  -2  -3  -3  -1  -1  -3  -3  -1    0   0   0   0 100   0   0   0   0   0   0   0   0   0   0   0   0   0   0   0  1.59 0.08
   24 K    -1   2   0  -1  -4   1   1  -2  -1  -3  -3   6  -2  -4  -1  -1  -1  -4  -2  -3    0   0   0   0   0   0   0   0   0   0   0 100   0   0   0   0   0   0   0   0  0.67 0.06
   25 V    -1  -3  -4  -4  -1  -3  -3  -4  -4   4   1  -3   2  -1  -3  -2  -1  -3  -2   3    0   0   0   0   0   0   0   0   0  71   0   0   5   0   0   0   0   0   0  25  0.43 0.04
   26 T     0   1   0  -1  -1  -1  -1  -2  -2  -1  -2   0  -1  -3  -1   1   5  -3  -2  -1    5  11   0   0   0   0   0   0   0   0   0   0   0   0   0   4  80   0   0   0  0.46 0.05
   27 G     1  -3  -1  -2  -3  -2  -2   6  -2  -4  -4  -2  -3  -4  -2   0  -2  -3  -3  -3    7   0   0   0   0   0   0  93   0   0   0   0   0   0   0   0   0   0   0   0  1.06 0.05
   28 C    -1  -4  -3  -4  10  -4  -4  -3  -4  -2  -2  -4  -2  -3  -3  -1  -1  -3  -3  -1    0   0   0   0 100   0   0   0   0   0   0   0   0   0   0   0   0   0   0   0  1.54 0.07

                      K         Lambda
Standard Ungapped    0.1393     0.3218
Standard Gapped      0.0410     0.2670
PSI Ungapped         0.1393     0.3218
PSI Gapped           0.0410     0.2670
