
Last position-specific scoring matrix computed, weighted observed percentages rounded down, information per position, and relative weight of gapless real matches to pseudocounts
            A   R   N   D   C   Q   E   G   H   I   L   K   M   F   P   S   T   W   Y   V   A   R   N   D   C   Q   E   G   H   I   L   K   M   F   P   S   T   W   Y   V
    1 T     3  -2  -2  -2  -1  -2  -2  -1  -3   2  -1  -2   0  -2  -2   0   2  -3  -2   2   41   0   0   0   0   0   0   0   0  20   0   0   0   0   0   0  25   0   0  14  0.26 0.06
    2 P     1   0  -3  -2  -3  -2  -2  -3  -3  -3  -2   0  -2  -4   7  -1  -2  -4  -3  -1   13   7   0   0   0   0   0   0   0   0   4   8   0   0  65   0   0   0   0   4  1.29 0.15
    3 V     0  -3  -4  -4  -2  -2  -3  -4  -3   2   2  -3   3  -1  -3  -2  -1  -3  -2   4    7   0   0   0   0   0   0   0   0   7  20   0  15   0   0   0   0   0   0  50  0.46 0.12
    4 V     2  -2  -2  -2  -1  -2  -2  -1  -2   0   0  -2  -1   1  -2   2   0  -2   0   1   27   0   0   0   0   0   0   3   0   5   5   0   0   9   0  29   4   0   2  17  0.20 0.09
    5 R     0   3   1  -2  -2   1  -1  -2  -1  -2   0   2  -1  -3  -2   1   2  -3  -2  -2    4  25   8   0   0   4   0   0   0   0  11  11   0   0   0  15  22   0   0   0  0.29 0.11
    6 K    -1   0   2   2  -4   1   4  -1  -1  -3  -3   0  -3  -4  -2   1   1  -4  -3  -2    0   5  11  10   0   2  47   2   0   0   0   2   0   0   0  10   8   0   0   3  0.52 0.15
    7 G    -1  -3  -4  -4  -2  -3  -4   0  -3   1   4  -3   0   0  -4  -3  -1  -2   2   0    5   0   0   0   0   0   0  10   0   2  65   0   0   0   0   0   2   0  10   6  0.49 0.17
    8 R    -3   7  -2  -3  -5   1  -2  -4  -2  -5  -4   1  -3  -5  -4  -1  -3  -5  -4  -4    0  87   0   0   0   6   0   0   0   0   0   4   0   0   0   3   0   0   0   0  1.59 0.37
    9 C    -3   0  -5  -6  11  -5  -6  -5  -5  -4  -4  -5  -4  -5  -5  -3  -3  -5  -5  -3    0   6   0   0  94   0   0   0   0   0   0   0   0   0   0   0   0   0   0   0  2.87 0.50
   10 S    -1   1  -1  -2  -3   3  -1  -3  -2  -1   1   0   1  -1   1   0   1  -3  -2   1    0  11   2   0   0  22   1   0   0   0  14   3   3   2   8   9  12   0   0  13  0.20 0.13
   11 C    -3  -7  -6  -7  11  -6  -7  -6  -6  -4  -4  -6  -4  -5  -6  -4  -4  -5  -5  -4    0   0   0   0 100   0   0   0   0   0   0   0   0   0   0   0   0   0   0   0  3.63 0.73
   12 I    -2  -3  -1  -4   0  -3  -4  -4  -3   3   3  -3   0   3  -4  -2  -2  -2   1   2    0   0   3   0   1   0   0   0   0  26  30   0   0  15   0   2   0   0   3  16  0.47 0.19
   13 S    -1   1   2   0  -3   2   0   1   0  -3  -3   2  -2  -4  -2   2   0  -4  -1  -2    0   7  12   3   0  14   4  11   1   0   0  19   0   0   0  20   6   0   1   2  0.33 0.17
   14 T    -1  -3  -2  -3  -3  -1  -1  -3  -2   0   0  -2  -1   1   0  -1   4  -2   3   2    1   0   0   0   0   3   4   0   0   5   6   1   0   8   5   3  35   0  12  15  0.34 0.20
   15 N    -1  -2   0  -2  -2  -1  -2   0   4   1  -1  -2  -1   0  -3   1   3  -3   0   1    0   0   3   1   0   3   0   7  14  10   4   0   1   5   0  11  30   0   2   9  0.26 0.17
   16 Q    -1  -1   2   0  -3   2   0  -2   0  -2   0  -1  -1  -3   0   3   1  -4  -3  -1    2   2  11   5   0  12   4   1   2   0  10   1   2   0   3  33   6   0   0   5  0.24 0.16
   17 G    -1   2   0  -2  -3   2   0   3  -2  -3  -2   3  -2  -3   0   0   1   1  -3  -2    3   9   3   0   0  11   2  23   0   0   3  23   0   0   4   6   8   2   0   2  0.31 0.15
   18 T     0   2   0  -2  -2   1  -1  -1   0  -1  -1   1   1   0   3  -1  -1  -2  -1  -1    6  14   5   1   0   9   1   3   2   5   2   9   6   6  20   2   3   0   2   3  0.23 0.09
   19 I    -1  -4  -4  -5  -3  -4  -4  -5  -4   5   1  -4   0   2  -4  -3   0  -3  -2   3    3   0   0   0   0   0   0   0   0  47  12   0   0   9   0   0   5   0   0  24  0.73 0.26
   20 H    -2   0   2  -1  -4  -2  -2  -1   7  -4  -2   0  -3  -4   5  -1  -3  -5  -2  -4    2   4  10   3   0   0   0   4  33   0   4   5   0   0  31   4   0   0   0   0  0.93 0.30
   21 L    -2   0  -3  -3  -3   0  -3  -1  -3  -1   2  -2   1   1   5  -3  -2   1  -1   1    0   6   0   0   0   4   0   5   0   0  21   1   4   7  37   0   0   2   1  11  0.62 0.22
   22 Q     0   3   1  -2  -4   2   0  -2  -2  -3  -3   5  -3  -4  -1   0  -2  -4  -1  -1    6  14   7   0   0   8   1   2   0   0   0  46   0   0   2   7   0   0   3   4  0.53 0.23
   23 S    -1   1   2  -1  -3  -1  -1  -1   2   0   0   0   0   2   0   0  -1   1   0  -1    2  12  16   3   0   0   1   3   9   7   6   6   4  16   4   7   2   2   1   1  0.12 0.10
   24 L    -3  -4  -5  -5  -3  -4  -5  -5  -5   6   2  -4   0  -2  -4  -4  -1  -4  -3   2    0   0   0   0   0   0   0   0   0  67  18   0   1   0   0   0   3   0   0  11  1.04 0.32
   25 K     0   1  -1   1  -3   3   2  -1  -2  -2  -3   4  -2  -4  -2   0   0  -4  -3  -2    5   4   0   6   0  17  15   3   0   2   0  32   0   0   0   7   5   0   0   3  0.41 0.18
   26 D     0   0   2   1  -3  -1   1  -1   1  -1  -2   1  -2  -3  -2   3   1  -4  -2  -2    5   5  10   8   0   0  10   4   3   4   3  12   0   0   0  31   6   0   0   0  0.25 0.14
   27 L    -2  -4  -4  -5  -3  -3  -4  -5  -2   1   4  -4   1   2  -4  -3  -2  -2   4   2    3   0   0   0   0   0   0   0   0   8  45   0   1   8   0   0   0   0  21  14  0.63 0.23
   28 K    -1   2   0   1  -3   2   2  -2   1  -3  -3   3  -1  -3  -2   0   1  -3  -2  -2    1  14   3   6   0   8  19   0   3   0   0  24   2   0   0   5  10   0   0   2  0.37 0.15
   29 Q    -1   1  -3  -3   0  -1  -2  -4  -3   3   0  -2   0   0  -1  -3  -2  -3   1   4    2   9   0   0   2   3   2   0   0  23   1   0   1   2   3   0   0   0   7  42  0.40 0.20
   30 F    -2  -3  -3  -4  -3  -1  -3  -4  -3   5   1  -2   1   2  -3  -2   2   1  -1   0    0   1   0   0   0   3   0   0   0  47  13   1   2  12   0   2  17   2   0   0  0.49 0.21
   31 A     0  -1  -1  -1  -3  -1   2   0  -2  -2  -1   0  -2  -1   3   0   1   2   1  -2    9   3   2   2   0   0  18   5   0   0   8   5   0   2  20   7  10   3   5   0  0.26 0.11
   32 P     2  -1   0  -2  -2  -1   0  -1  -2  -1  -3  -1  -2  -3   4   2   1  -4  -3  -2   22   2   5   0   0   0   6   4   0   3   0   1   0   0  24  23   8   0   0   2  0.46 0.16
   33 S    -1  -3   0  -2  -3  -2  -1   5  -3  -4  -4  -1  -3  -4  -3   3   1  -4  -4  -3    0   0   4   0   0   0   3  46   0   0   0   2   0   0   0  35   7   0   0   0  0.77 0.24
   34 P    -1  -1   1   0  -3  -1   0  -2  -2  -1  -1  -1  -2  -3   6   0   0  -3  -3  -2    2   2   8   6   0   3   6   1   0   5   8   1   0   1  44   7   4   0   1   1  0.73 0.16
   35 S    -1   1   1  -2  -4   2  -1   1   7  -4  -3   0  -2  -2  -3   1  -2  -3   0  -3    2   8   8   0   0  14   0  13  35   0   2   2   0   1   0  10   0   0   3   0  0.60 0.21
   36 C    -1  -5  -5  -5  11  -5  -6  -5  -5  -4  -4  -5  -4  -5  -5  -3  -3  -5  -5  -3    4   0   0   0  94   0   0   0   0   0   0   0   0   0   0   0   0   0   0   0  3.00 0.54
   37 E     1   0   1   1  -3  -1   0  -1  -1  -3  -3  -1  -3  -4   5   1  -1  -4  -3  -2   18   6   8   8   0   0   7   2   1   0   0   1   0   0  32  12   3   0   0   1  0.58 0.17
   38 K    -2   2   2  -1  -3   3   0  -2   1  -1  -2   3   0  -3  -2   0   0  -3  -2   0    1  13  11   0   0  21   1   1   4   3   1  25   3   0   0   5   4   0   0   8  0.33 0.15
   39 I    -1   0   0  -2  -2   0   0  -2  -1  -1  -1   0  -1  -3   4   0   2  -3  -2   1    3   3   3   0   0   4   6   0   1   3   5   8   1   0  20   6  22   0   0  13  0.30 0.12
   40 E     2  -2  -2  -1  -4   3   5   0  -2  -4  -4  -1  -3  -4  -2  -1  -2  -4  -3  -3   25   0   0   0   0  14  51   6   0   0   0   0   0   0   0   2   0   0   0   0  0.75 0.26
   41 I    -2  -4  -5  -5  -3  -4  -4  -5  -5   4   1  -4   0  -2  -4  -4  -2  -4  -3   5    0   0   0   0   0   0   0   0   0  33   9   0   0   0   0   0   0   0   0  58  0.97 0.29
   42 I    -3  -5  -5  -5  -3  -4  -5  -5  -5   6   1  -4   0  -2  -4  -4  -2  -4  -3   3    0   0   0   0   0   0   0   0   0  73   5   0   1   0   0   0   0   0   0  21  1.17 0.32
   43 A     4  -3  -4  -4  -2  -3  -3  -3  -3   0  -1  -3  -1   5  -2  -2  -2  -2  -1   1   44   0   0   0   0   0   0   0   0   4   3   0   0  33   1   0   0   0   0  14  0.63 0.25
   44 T    -1   1  -2  -2  -3  -1  -1  -3   0   0  -1   2  -1  -3  -3   0   4   3  -2   0    1   8   0   0   0   1   4   0   3   6   6  13   0   0   0   4  43   4   0   7  0.37 0.19
   45 L    -2  -3  -3  -4  -3  -3  -3  -4  -4   0   4  -1   2  -2  -1  -2   4  -3  -3  -1    0   0   0   0   0   0   0   0   0   2  50   4   6   0   2   0  35   0   0   0  0.63 0.26
   46 K    -2   1  -2  -3  -5  -1  -1  -4  -3  -2  -1   6  -3  -3  -3  -1  -2  -5  -3  -1    0   1   0   0   0   0   0   0   0   1   6  82   0   1   0   3   1   0   0   5  1.12 0.36
   47 N    -2   3   5   2  -4  -1  -1  -2   0  -3  -1   2  -1  -4  -1  -1   0  -4  -3  -3    2  17  39  10   0   0   0   1   2   0   6  12   2   0   2   2   5   0   0   0  0.52 0.20
   48 G    -1  -2   1   1  -4  -1  -2   6  -3  -5  -5   2  -4  -5  -3  -2  -3  -4  -4  -4    2   0   8   7   0   2   0  66   0   0   0  15   0   0   0   0   0   0   0   0  1.06 0.28
   49 V    -1   4  -1  -1  -4   1   0  -1   1  -3  -1   3  -2  -3  -3   0  -2  -3  -1  -2    5  35   2   1   0   6   4   4   3   0   9  21   0   0   0   6   0   0   3   1  0.40 0.16
   50 Q    -1   0  -2   0  -4   4   4  -3  -2  -2  -3   3   1  -4  -3  -1  -1  -4  -3  -2    2   0   0   2   0  27  28   0   0   2   0  28   5   0   0   3   2   0   0   2  0.64 0.24
   51 T     0   1  -4  -4  -2  -3  -3  -4  -4   4   1  -1   0  -2  -3  -2  -1  -4  -2   4    8   9   0   0   0   0   0   0   0  31   8   3   0   0   0   0   2   0   0  38  0.48 0.19
   52 C    -3  -6  -5  -6  11  -6  -6  -5  -6  -4  -4  -6  -4  -5  -6  -3  -3  -5  -5  -3    0   0   0   0 100   0   0   0   0   0   0   0   0   0   0   0   0   0   0   0  3.40 0.61
   53 L     3  -2  -4  -4  -2  -3  -3  -3  -4   0   4  -3   0  -2  -3  -2  -2  -3  -3   0   35   2   0   0   0   0   0   0   0   4  54   0   0   0   0   0   0   0   0   5  0.60 0.24
   54 N    -3  -3   5   6  -5  -1  -1  -3  -2  -5  -5  -2  -5  -5   0  -2  -3  -6  -5  -5    0   0  29  64   0   2   0   0   0   0   0   0   0   0   5   0   0   0   0   0  1.40 0.36
   55 P    -3  -2  -4  -4  -5  -1  -3  -4  -4  -5  -3  -3  -4  -6   8  -3  -3  -6  -5  -5    0   3   0   0   0   3   0   0   0   0   3   0   0   0  91   0   0   0   0   0  2.52 0.48
   56 D    -1   1   1   2  -4   3   2  -2  -1  -4  -4   3  -3  -4  -2   0  -1  -4  -3  -3    5   3   4  12   0  18  17   0   1   0   0  30   0   0   0   7   2   0   0   0  0.51 0.18
   57 S     3   0  -1  -1  -2   2   2  -1  -2  -3  -1   1  -2  -3  -2   1   0  -4  -3  -2   37   2   2   0   0  12  16   1   0   0   4   9   0   0   0  13   2   0   0   2  0.35 0.17
   58 A    -1  -1  -1  -2  -4   0   1  -3  -3  -4  -3   4  -3  -5   5  -2   0  -5  -4  -3    4   0   3   0   0   2   7   0   0   0   2  38   0   0  38   0   6   0   0   0  0.95 0.27
   59 D    -1  -1  -3  -3  -4   0  -3  -4  -4  -2   1  -4   2   1  -5  -4  -2  10  -1  -3    5   3   1   1   0   4   1   0   0   1  13   0   7   4   0   0   3  56   0   1  1.76 0.39
   60 V    -1  -4  -4  -5  -2  -4  -4  -4  -4   3   0  -4  -1  -2  -4  -3  -1  -3   2   5    4   0   0   0   0   0   0   0   0  18   5   0   0   0   0   0   2   0   8  63  0.79 0.27
   61 K    -3   2  -2  -1  -5   6   0  -3  -2  -5  -4   5  -3  -5  -3  -2  -2  -4  -3  -4    0  10   0   3   0  43   2   0   0   0   0  41   0   0   0   0   0   0   0   0  1.07 0.33
   62 E     0   3   1   1  -4   1   1  -3  -1  -2  -2   4  -2  -3  -2  -1  -1  -4  -1  -3    6  16   7   9   0   3   9   0   0   2   4  37   0   0   0   2   2   0   3   0  0.40 0.16
   63 L    -1  -3  -3  -4  -2  -3  -3  -4   0   4   1  -3   1   1  -4  -1  -1  -2   3   2    6   0   0   0   0   0   0   0   3  33  12   0   2   4   0   3   2   0  17  17  0.41 0.17
   64 I    -2  -4  -4  -4  -2  -3  -4  -5  -4   5   2  -4   3  -2  -4  -3  -2  -4  -2   4    0   0   0   0   0   0   0   0   0  45  12   0  10   0   0   0   0   0   0  32  0.78 0.24
   65 K    -1   2   0   0  -4   4   2  -1  -1  -4  -3   4  -2  -4  -3   0  -2  -4  -3  -3    3  12   4   4   0  24  13   3   0   0   2  32   0   0   0   4   0   0   0   0  0.57 0.21
   66 K     0   2  -1   0  -3   0   0  -3   2  -1  -1   4  -1  -3  -1  -1  -1  -4  -2  -1    9  13   1   4   0   0   4   0   6   3   8  40   1   0   3   3   3   0   0   2  0.32 0.16
   67 W    -1  -3  -4  -4  -2  -3  -4  -4  -3   2   3  -3   3   2  -4  -3  -1   3   0   1    6   0   0   0   0   0   0   0   0  16  38   0  10  11   0   0   2   4   3  10  0.46 0.16
   68 E    -2   0  -1   2  -3   1   2  -2  -2   0   3  -1   0   0  -3   0  -1  -3  -2  -1    0   4   1  14   0   6  14   1   0   2  40   3   2   3   0   7   3   0   0   1  0.22 0.14
   69 K    -2   2   3   1  -4   2   0   0  -2  -4  -4   4  -3  -1  -3   0  -2  -4  -3  -4    1  13  15   6   0   9   3   7   0   0   0  38   0   4   0   4   0   0   0   0  0.50 0.21
   70 Q    -2   4   1  -2  -4   3   0  -1  -2  -4  -4   4  -3  -4  -3   1  -1  -4  -3  -4    0  26   8   0   0  14   1   3   0   0   0  35   0   0   0  10   3   0   0   0  0.66 0.24
   71 V     1   2   1  -1  -2   0  -1   1   0  -1  -1   0  -1  -3  -2   1   0  -3  -2   0   18  15   8   1   0   3   2   9   3   3   5   4   0   0   0  15   6   0   0   8  0.13 0.08
   72 S     1   0   2  -1  -2   1   1  -2  -1  -2  -2   0   1  -1   0   2   0  -3  -2   0   11   3  13   0   0   7  13   0   0   1   0   5   5   3   3  27   2   0   0   7  0.21 0.12
   73 Q    -2   2  -1  -2  -3   3   0  -2  -2  -3  -1   4  -2  -3  -2   0   2  -4  -3  -2    0   8   2   0   0  14   3   2   0   0   9  42   0   0   0   3  16   0   0   0  0.44 0.17
   74 K    -2   3   0   0  -4   3   1  -3  -1  -3  -3   3   0  -4   1   0   0  -4  -3  -3    0  24   4   6   0  18   4   0   0   0   0  26   4   0   6   5   4   0   0   0  0.47 0.16
   75 K     0   1   0   0  -3   1   2  -2  -1  -3  -3   4  -2  -3  -2   0   1  -3   0  -2    4   5   3   4   0   3  18   0   0   0   0  41   0   0   0   5   9   0   5   0  0.36 0.10
   76 K    -1   2  -1  -1  -3   2   2   0  -1  -3  -3   3  -2  -3   1   1  -1  -3  -2  -3    1  12   0   0   0  14  16   7   0   0   1  28   0   0   6  12   0   0   0   0  0.35 0.07
   77 Q    -1   4   4   0  -3   3   0   0   0  -3  -3   1  -2  -3  -2   0  -1  -3  -2  -3    1  32  30   0   0  24   1   7   0   0   1   1   0   0   0   1   1   0   0   1  0.48 0.10
   78 K    -1   2   2  -1  -3   3   0  -2  -1  -3  -3   3  -1  -3  -2   1   1  -3  -2  -2    0  15  11   0   0  25   0   0   0   0   0  23   0   0   0  15  11   0   0   0  0.36 0.05
   79 N     1   2   3   0  -2   0  -1   1  -1  -2  -2   1  -2  -3  -2   0   2  -3  -2  -2   15  15  29   0   0   0   0  10   0   0   0  12   0   0   0   0  19   0   0   0  0.26 0.03
   80 G    -1   2   0  -1  -2   0   0   1   3  -2   0   2  -1  -2  -2   1  -1  -3  -1  -2    0  19   0   0   0   0   0  10  12   0  15  25   0   0   0  18   0   0   0   0  0.18 0.02
   81 K     1   3  -1  -1  -2   2   2  -2  -1  -2  -2   2  -1  -3  -1   0   1  -3  -2  -2   15  19   0   0   0  12  15   0   0   0   0  21   0   0   0   0  18   0   0   0  0.29 0.03
   82 K     2   0  -1  -2  -2   0  -1  -2  -1   0  -1   2  -1  -1  -2   0  -1  -1   2   1   27   0   0   0   0   0   0   0   0   0   0  33   0   0   0   0   0   0  16  24  0.13 0.02
   83 H    -1   0   2   0  -3   1   2  -2   3  -3  -3   1  -2  -3   4   0  -1  -3  -1  -3    0   0  18   0   0   0  24   0  15   0   0  16   0   0  27   0   0   0   0   0  0.53 0.02
   84 Q    -1   3  -1  -1  -3   4   1  -2   0  -2  -1   2   2  -2  -2  -1  -1  -2  -2  -2    0  24   0   0   0  42   0   0   0   0   0  16  18   0   0   0   0   0   0   0  0.38 0.02
   85 K     0   0   0  -1  -2   0   0  -2  -2  -1  -2   2  -1  -3  -1   1   4  -3  -2  -1    0   0   0   0   0   0   0   0   0   0   0  33   0   0   0   0  67   0   0   0  0.38 0.03
   86 K     2   0   2   0  -2   0   0  -1  -1  -2  -2   2  -2  -3  -1   2   0  -3  -2  -2   24   0  18   0   0   0   0   0   0   0   0  31   0   0   0  27   0   0   0   0  0.27 0.02
   87 K     0   3   0  -1  -3   1   0  -1  -1  -3  -3   4  -2  -3  -1   2   0  -3  -2  -2    0  18   0   0   0   0   0   0   0   0   0  58   0   0   0  24   0   0   0   0  0.42 0.02
   88 V    -1  -1  -2  -2  -2  -1  -1  -3  -2   1   0   1   0  -2   4  -1  -1  -3  -2   3    0   0   0   0   0   0   0   0   0   0   0  18   0   0  27   0   0   0   0  55  0.38 0.02
   89 L    -1  -2  -3  -3  -2  -2  -2  -3  -3   0   3  -2   1  -1   5  -2  -1  -3  -2   0    0   0   0   0   0   0   0   0   0   0  56   0   0   0  44   0   0   0   0   0  0.72 0.01
   90 K    -1   1   4   0  -3   1   0  -1   0  -3  -3   4  -2  -3  -1   0  -1  -3  -2  -3    0   0  36   0   0   0   0   0   0   0   0  64   0   0   0   0   0   0   0   0  0.46 0.02
   91 V    -1  -2  -2  -3  -1  -2  -2  -3  -3   3   1  -2   1  -1  -2  -1   2  -3  -1   3    0   0   0   0   0   0   0   0   0  36   0   0   0   0   0   0  23   0   0  41  0.26 0.01
   92 R    -1   4  -1  -1  -3   1   0  -2  -1  -3  -3   3  -2  -3   4  -1  -1  -3  -2  -3    0  56   0   0   0   0   0   0   0   0   0  21   0   0  23   0   0   0   0   0  0.65 0.01
   93 K    -1   3  -1  -2  -3   2   0  -2  -1  -2  -1   2  -1   4  -2  -1  -1  -1   1  -2    0  21   0   0   0  23   0   0   0   0   0  20   0  36   0   0   0   0   0   0  0.28 0.01
   94 S     1  -1   0  -1  -1   0   0  -1  -1  -2  -2   0  -1  -2  -1   3   3  -3  -2  -1    0   0   0   0   0   0   0   0   0   0   0   0   0   0   0  64  36   0   0   0  0.41 0.02
   95 Q    -1   3   0  -1  -2   4   1  -2   0  -2  -2   1  -1  -3  -2   0   3  -2  -2  -1    0  23   0   0   0  41   0   0   0   0   0   0   0   0   0   0  36   0   0   0  0.37 0.01
   96 R    -1   5   0  -1  -3   4   1  -2   0  -3  -2   2  -1  -3  -2  -1  -1  -3  -2  -3    0  64   0   0   0  36   0   0   0   0   0   0   0   0   0   0   0   0   0   0  0.62 0.02
   97 S    -1   2   0   3  -3   0   0  -2  -1  -3  -3   0  -2  -3   3   1   0  -4  -3  -3    0  23   0  36   0   0   0   0   0   0   0   0   0   0  21  20   0   0   0   0  0.49 0.01
   98 R     0   2   0  -1  -2   0  -1  -1  -1  -3  -3   0  -2  -3   5   2   0  -3  -2  -2    0  20   0   0   0   0   0   0   0   0   0   0   0   0  36  44   0   0   0   0  0.65 0.01
   99 Q    -1   3   0  -1  -3   4   1  -2   0  -3  -2   3  -1  -3  -1   0  -1  -3  -2  -2    0  23   0   0   0  41   0   0   0   0   0  36   0   0   0   0   0   0   0   0  0.50 0.01
  100 K    -1   1   4   0  -3   1   0  -1   0  -3  -3   4  -2  -3  -1   0  -1  -3  -2  -3    0   0  36   0   0   0   0   0   0   0   0  64   0   0   0   0   0   0   0   0  0.46 0.02
  101 K    -1   4   0  -1  -3   1   0  -2  -1  -2  -2   3  -1  -3  -2   0   2  -3  -2  -2    0  36   0   0   0   0   0   0   0   0   0  41   0   0   0   0  23   0   0   0  0.41 0.01
  102 T     0  -1   0  -1  -1  -1  -1  -1  -2  -1  -2  -1  -1  -2  -1   3   4  -3  -2  -1    0   0   0   0   0   0   0   0   0   0   0   0   0   0   0  36  64   0   0   0  0.42 0.02
  103 T     0  -1   0  -1  -1  -1  -1  -2  -2  -1  -1  -1  -1  -2  -1   1   5  -3  -2   0    0   0   0   0   0   0   0   0   0   0   0   0   0   0   0   0 100   0   0   0  0.47 0.00

                      K         Lambda
Standard Ungapped    0.1248     0.3110
Standard Gapped      0.0435     0.2670
PSI Ungapped         0.1422     0.3177
PSI Gapped           0.0435     0.2670
