
Last position-specific scoring matrix computed, weighted observed percentages rounded down, information per position, and relative weight of gapless real matches to pseudocounts
            A   R   N   D   C   Q   E   G   H   I   L   K   M   F   P   S   T   W   Y   V   A   R   N   D   C   Q   E   G   H   I   L   K   M   F   P   S   T   W   Y   V
    1 C    -1  -4  -3  -4  10  -3  -4  -3  -3  -1  -2  -3  -2  -3  -3  -1  -1  -3  -3  -1    0   0   0   0 100   0   0   0   0   0   0   0   0   0   0   0   0   0   0   0  1.29 0.02
    2 M    -1  -2  -3  -4  -1  -1  -3  -3  -2   2   3  -2   5   0  -3  -2  -1  -2  -1   2    0   0   0   0   0   0   0   0   0   0  23   0  54   0   0   0   0   0   0  23  0.30 0.01
    3 S     0  -1   0  -1  -1  -1  -1  -1  -2  -1  -2  -1  -1  -2  -1   3   4  -3  -2  -1    0   0   0   0   0   0   0   0   0   0   0   0   0   0   0  30  70   0   0   0  0.42 0.01
    4 Y    -2   0   3  -1  -3   0   0  -2   4  -3  -2   2  -2   0  -2  -1  -1   0   4  -2    0   0  24   0   0   0   0   0  23   0   0  23   0   0   0   0   0   0  30   0  0.35 0.01
    5 G     0  -3  -1  -1  -3  -2  -2   6  -2  -4  -4  -2  -3  -3  -2   0  -2  -3  -3  -3    0   0   0   0   0   0   0 100   0   0   0   0   0   0   0   0   0   0   0   0  1.07 0.01
    6 G     2  -2  -1  -2  -2  -2  -2   5  -2  -3  -3  -1  -2  -3  -2   0  -1  -3  -3  -2   24   0   0   0   0   0   0  76   0   0   0   0   0   0   0   0   0   0   0   0  0.75 0.01
    7 S     0  -2  -2  -2  -1  -2  -2  -2  -3   3   1  -2   0  -1  -2   1   0  -3  -2   2    0   0   0   0   0   0   0   0   0  47   0   0   0   0   0  30   0   0   0  23  0.18 0.00
    8 C    -1  -4  -3  -4  10  -3  -4  -3  -3  -1  -2  -3  -2  -3  -3  -1  -1  -3  -3  -1    0   0   0   0 100   0   0   0   0   0   0   0   0   0   0   0   0   0   0   0  1.29 0.02
    9 Q    -2  -1  -2  -3  -3   3  -1  -3  -1  -3  -2  -1  -1   0  -3  -2  -2  10   2  -3    0   0   0   0   0  30   0   0   0   0   0   0   0   0   0   0   0  70   0   0  1.51 0.02
   10 R     0   3  -1  -2  -3  -1  -2   5  -2  -4  -3   0  -2  -3  -2  -1  -2  -3  -3  -3    0  30   0   0   0   0   0  70   0   0   0   0   0   0   0   0   0   0   0   0  0.68 0.01
   11 S     0   2  -1  -1  -2   0  -1  -2  -1  -3  -3   0  -2  -3   6   2   0  -3  -2  -2    0  23   0   0   0   0   0   0   0   0   0   0   0   0  47  30   0   0   0   0  0.82 0.01
   12 C    -1  -4  -3  -4  10  -3  -4  -3  -3  -1  -2  -3  -2  -3  -3  -1  -1  -3  -3  -1    0   0   0   0 100   0   0   0   0   0   0   0   0   0   0   0   0   0   0   0  1.29 0.02
   13 N    -1  -1   3   0  -2  -1  -1  -2  -1  -3  -3  -1  -2  -3   6   0   2  -4  -3  -2    0   0  30   0   0   0   0   0   0   0   0   0   0   0  47   0  23   0   0   0  0.83 0.01
   14 G     0  -2   0  -1  -2  -2  -2   5  -2  -3  -3  -1  -2  -3  -2   0   2  -3  -3  -2    0   0   0   0   0   0   0  76   0   0   0   0   0   0   0   0  24   0   0   0  0.71 0.01
   15 G     2  -2   0  -1  -2  -1  -1   5  -2  -3  -3  -1  -2  -3  -2   2   0  -3  -3  -2   24   0   0   0   0   0   0  53   0   0   0   0   0   0   0  23   0   0   0   0  0.53 0.00
   16 F    -2  -3  -3  -4  -3  -4  -4  -3  -1   0   0  -3   0   7  -4  -3  -2   1   3  -1    0   0   0   0   0   0   0   0   0   0   0   0   0 100   0   0   0   0   0   0  0.78 0.01
   17 R    -2   6  -1  -2  -4   1   0  -3   0  -3  -2   2  -2  -3  -2  -1  -1  -3  -2  -3    0 100   0   0   0   0   0   0   0   0   0   0   0   0   0   0   0   0   0   0  0.78 0.01
   18 L    -1   0  -1  -1  -3   5   1  -2   0  -1   1   1   1  -2  -2  -1  -1  -2  -1  -1    0   0   0   0   0  70   0   0   0   0  30   0   0   0   0   0   0   0   0   0  0.36 0.01
   19 G    -1  -3  -2  -3  -2  -3  -3   3  -3   3   1  -3   0  -1  -3  -2  -1  -3  -2   2    0   0   0   0   0   0   0  30   0  70   0   0   0   0   0   0   0   0   0   0  0.26 0.01
   20 G     0  -3  -1  -1  -3  -2  -2   6  -2  -4  -4  -2  -3  -3  -2   0  -2  -3  -3  -3    0   0   0   0   0   0   0 100   0   0   0   0   0   0   0   0   0   0   0   0  1.07 0.01
   21 H    -1  -1   3   0  -2   0  -1  -2   5  -2  -2  -1  -1  -2  -2   1   3  -3   0  -1    0   0  24   0   0   0   0   0  30   0   0   0   0   0   0   0  46   0   0   0  0.36 0.01
   22 C    -1  -4  -3  -4  10  -3  -4  -3  -3  -1  -2  -3  -2  -3  -3  -1  -1  -3  -3  -1    0   0   0   0 100   0   0   0   0   0   0   0   0   0   0   0   0   0   0   0  1.29 0.02
   23 G     0  -3  -1  -1  -3  -2  -2   6  -2  -4  -4  -2  -3  -3  -2   0  -2  -3  -3  -3    0   0   0   0   0   0   0 100   0   0   0   0   0   0   0   0   0   0   0   0  1.07 0.01
   24 H    -2  -1  -1  -2  -2  -1  -1  -3   6   0   2  -2   1   0  -3  -2  -2  -2   1  -1    0   0   0   0   0   0   0   0  54   0  46   0   0   0   0   0   0   0   0   0  0.38 0.01
   25 P    -1  -3  -2  -2  -3  -2  -2   2  -2  -2  -2  -2  -2   3   6  -1  -2  -2   0  -2    0   0   0   0   0   0   0  23   0   0   0   0   0  24  53   0   0   0   0   0  0.90 0.01
   26 K    -1   4   0  -1  -3   1   1  -2  -1  -3  -3   5  -2  -3  -1   0  -1  -3  -2  -3    0  23   0   0   0   0   0   0   0   0   0  77   0   0   0   0   0   0   0   0  0.53 0.01
   27 I    -1  -3  -3  -3  -1  -3  -3  -4  -3   3   1  -3   1  -1  -3  -2   0  -3  -1   4    0   0   0   0   0   0   0   0   0  30   0   0   0   0   0   0   0   0   0  70  0.36 0.01
   28 R    -2   6  -1  -2  -4   1   0  -3   0  -3  -2   2  -2  -3  -2  -1  -1  -3  -2  -3    0 100   0   0   0   0   0   0   0   0   0   0   0   0   0   0   0   0   0   0  0.78 0.01
   29 C    -1  -4  -3  -4  10  -3  -4  -3  -3  -1  -2  -3  -2  -3  -3  -1  -1  -3  -3  -1    0   0   0   0 100   0   0   0   0   0   0   0   0   0   0   0   0   0   0   0  1.29 0.02
   30 C    -1  -4  -3  -4  10  -3  -4  -3  -3  -1  -2  -3  -2  -3  -3  -1  -1  -3  -3  -1    0   0   0   0 100   0   0   0   0   0   0   0   0   0   0   0   0   0   0   0  1.29 0.02
   31 R    -1   4   0  -1  -3   1   1  -2  -1  -3  -3   4  -2  -3  -1   0  -1  -3  -2  -3    0  30   0   0   0   0   0   0   0   0   0  70   0   0   0   0   0   0   0   0  0.54 0.01
   32 R    -1   4   0  -1  -3   1   0  -2  -1  -3  -3   4  -2  -3  -2   0  -1  -3  -2  -3    0  38   0   0   0   0   0   0   0   0   0  62   0   0   0   0   0   0   0   0  0.54 0.00
   33 K    -1   2   0  -1  -3   1   1  -2  -1  -3  -3   5  -2  -3  -1   0  -1  -3  -2  -3    0   0   0   0   0   0   0   0   0   0   0 100   0   0   0   0   0   0   0   0  0.53 0.01

                      K         Lambda
Standard Ungapped    0.1481     0.3317
Standard Gapped      0.0441     0.2670
PSI Ungapped         0.1440     0.3151
PSI Gapped           0.0441     0.2670
