
Last position-specific scoring matrix computed, weighted observed percentages rounded down, information per position, and relative weight of gapless real matches to pseudocounts
            A   R   N   D   C   Q   E   G   H   I   L   K   M   F   P   S   T   W   Y   V   A   R   N   D   C   Q   E   G   H   I   L   K   M   F   P   S   T   W   Y   V
    1 R    -1   3   2  -1  -3   1   0  -2  -1  -3  -3   4  -2  -3  -2   0  -1  -3  -2  -3    0  14  16   0   0   0   0   0   0   0   0  70   0   0   0   0   0   0   0   0  0.48 0.02
    2 T     0  -1  -1  -1  -1  -1   0  -2  -2   0   1  -1   0  -2  -2   1   4  -3  -2   1    0   0   0   0   0   0  10   0   0   0  15   0   0   0   0   0  65   0   0  10  0.27 0.02
    3 C    -1  -4  -3  -4  10  -3  -4  -3  -4  -2  -2  -4  -2  -3  -3  -1  -1  -3  -3  -1    0   0   0   0 100   0   0   0   0   0   0   0   0   0   0   0   0   0   0   0  1.43 0.04
    4 E    -1  -1   2   1  -3   1   4  -2  -1  -2   0   0  -1  -2  -2   0  -1  -3  -2  -2    0   0  15   0   0   0  65   0   0   0  20   0   0   0   0   0   0   0   0   0  0.39 0.02
    5 N    -2  -1   6   1  -3   0   0  -1   5  -4  -4  -1  -2  -3  -2   0  -1  -4  -1  -3    0   0  71   0   0   0   0   0  29   0   0   0   0   0   0   0   0   0   0   0  0.67 0.03
    6 L    -2  -3  -4  -4  -2  -3  -3  -4  -3   2   5  -3   2   0  -3  -3  -1  -2  -1   1    0   0   0   0   0   0   0   0   0   0 100   0   0   0   0   0   0   0   0   0  0.51 0.02
    7 A     3  -1  -1  -1  -1  -1  -1   0  -2  -1  -2  -1  -1  -2  -1   3   1  -3  -2   0   51   0   0   0   0   0   0   0   0   0   0   0   0   0   0  40   0   0   0   9  0.31 0.01
    8 D    -2  -2   1   6  -4  -1   1   2  -2  -4  -4  -1  -3  -4  -2   0  -1  -4  -4  -4    0   0   0  79   0   0   0  21   0   0   0   0   0   0   0   0   0   0   0   0  0.78 0.02
    9 K     0   0   0  -1  -2   0   0  -1  -1  -2  -2   2  -1  -3  -1   2   4  -3  -2  -1    0   0   0   0   0   0   0   0   0   0   0  31   0   0   0  21  48   0   0   0  0.33 0.02
   10 Y    -2  -2  -3  -4  -3  -2  -3  -4   1  -1  -1  -3  -1   5  -4  -2  -2   2   7  -1    0   0   0   0   0   0   0   0   0   0   0   0   0  40   0   0   0   0  60   0  0.80 0.03
   11 R    -1   5   0  -1  -4   1   0  -2  -1  -3  -3   4  -2  -3  -2  -1  -1  -3  -2  -3    0  49   0   0   0   0   0   0   0   0   0  51   0   0   0   0   0   0   0   0  0.60 0.02
   12 G     0  -3  -1  -2  -3  -2  -3   6  -2  -4  -4  -2  -3  -4  -3   0  -2  -3  -4  -4    0   0   0   0   0   0   0 100   0   0   0   0   0   0   0   0   0   0   0   0  1.12 0.02
   13 P    -1  -3  -3  -2  -3  -2  -2  -3  -3  -1  -2  -2  -2  -3   7  -1  -1  -4  -3   1    0   0   0   0   0   0   0   0   0   0   0   0   0   0  75   0   0   0   0  25  1.37 0.03
   14 C    -1  -4  -3  -4  10  -3  -4  -3  -4  -2  -2  -4  -2  -3  -3  -1  -1  -3  -3  -1    0   0   0   0 100   0   0   0   0   0   0   0   0   0   0   0   0   0   0   0  1.43 0.04
   15 F    -2  -3  -4  -4  -2  -3  -4  -4  -2   2   2  -3   1   6  -4  -3  -2   0   2   0    0   0   0   0   0   0   0   0   0  20  20   0   0  60   0   0   0   0   0   0  0.48 0.02
   16 S     2  -2  -1  -1  -2  -1  -1   4  -2  -3  -3  -1  -2  -3   2   1   1  -3  -3  -2   29   0   0   0   0   0   0  42   0   0   0   0   0   0  10  11   9   0   0   0  0.44 0.01
   17 G     0  -1   4   0  -2  -1  -1   3  -1  -3  -3  -1  -2  -3  -2   3   0  -3  -2  -3    0   0  30   0   0   0   0  22   0   0   0   0   0   0   0  48   0   0   0   0  0.42 0.02
   18 C    -1  -4  -3  -4  10  -3  -4  -3  -4  -2  -2  -4  -2  -3  -3  -1  -1  -3  -3  -1    0   0   0   0 100   0   0   0   0   0   0   0   0   0   0   0   0   0   0   0  1.43 0.04
   19 D    -2  -2   3   6  -4   0   1  -1  -1  -4  -4  -1  -3  -4  -2   0  -1  -5  -3  -4    0   0  20  80   0   0   0   0   0   0   0   0   0   0   0   0   0   0   0   0  0.85 0.02
   20 T    -1   2   1   4  -3   0   1  -2   4  -3  -3   2  -2  -3  -2   0   0  -4  -1  -3    0  11   0  38   0   0   0   0  20   0   0  20   0   0   0   0  11   0   0   0  0.38 0.01
   21 H    -2  -1   0  -1  -4   0   0  -3   9  -4  -3  -1  -2  -2  -3  -1  -2  -3   2  -4    0   0   0   0   0   0   0   0 100   0   0   0   0   0   0   0   0   0   0   0  1.06 0.04
   22 C    -1  -4  -3  -4  10  -3  -4  -3  -4  -2  -2  -4  -2  -3  -3  -1  -1  -3  -3  -1    0   0   0   0 100   0   0   0   0   0   0   0   0   0   0   0   0   0   0   0  1.43 0.04
   23 T    -1   4   0  -1  -3   1   0  -2  -1  -3  -3   4  -2  -3  -2   0   1  -3  -2  -2    0  42   0   0   0   0   0   0   0   0   0  47   0   0   0   0  11   0   0   0  0.50 0.02
   24 T    -1  -1   5   3  -3   0   1  -1   0  -3  -3   0  -2  -3  -2   1   2  -4  -2  -2    0   0  48  20   0   0  10   0   0   0   0   0   0   0   0   0  22   0   0   0  0.46 0.02
   25 K    -1   1   1  -1  -3   2   0  -2  -1   1  -1   4  -1  -3  -2  -1  -1  -3  -2  -1    0   0  10   0   0  11   0   0   0  20   0  58   0   0   0   0   0   0   0   0  0.26 0.02
   26 E     1   0  -1   1  -3   2   5  -2   0  -3  -3   1  -2  -4  -1   0  -1  -3  -2  -2   14   0   0   0   0   0  86   0   0   0   0   0   0   0   0   0   0   0   0   0  0.64 0.02
   27 N    -2  -1   2  -1  -3   0  -1   1   8  -4  -3  -1  -2  -2  -3  -1  -2  -3   1  -4    0   0  11   0   0   0   0  11  78   0   0   0   0   0   0   0   0   0   0   0  0.75 0.03
   28 A     1  -2  -3  -3  -1  -2  -3  -3  -3   1   3  -2   1   2  -3  -1  -1  -1   0   0   22   0   0   0   0   0   0   0   0   0  63   0   0  15   0   0   0   0   0   0  0.26 0.01
   29 V    -1  -3  -4  -4  -1  -3  -3  -4  -3   3   3  -3   2   0  -3  -3  -1  -2  -1   3    0   0   0   0   0   0   0   0   0  25  49   0   0   0   0   0   0   0   0  26  0.36 0.01
   30 S     1  -1   1   0  -1   0   0   0  -1  -3  -3   0  -2  -3  -1   5   1  -3  -2  -2    0   0   0   0   0   0   0   0   0   0   0   0   0   0   0 100   0   0   0   0  0.53 0.03
   31 G     0  -3  -1  -2  -3  -2  -3   6  -2  -4  -4  -2  -3  -4  -3   0  -2  -3  -4  -4    0   0   0   0   0   0   0 100   0   0   0   0   0   0   0   0   0   0   0   0  1.12 0.02
   32 R    -1   4  -1  -2  -2   0  -1  -3  -1   0  -1   1  -1  -2  -2   0   2  -3  -2   1    0  51   0   0   0   0   0   0   0   0   0   0   0   0   0   0  29   0   0  20  0.31 0.02
   33 C    -1  -4  -3  -4  10  -3  -4  -3  -4  -2  -2  -4  -2  -3  -3  -1  -1  -3  -3  -1    0   0   0   0 100   0   0   0   0   0   0   0   0   0   0   0   0   0   0   0  1.43 0.04
   34 R    -2   5  -1  -2  -3   1  -1  -3   3  -2  -1   2   2  -2  -3  -1  -1  -3  -1  -2    0  71   0   0   0   0   0   0  14   0   0   0  15   0   0   0   0   0   0   0  0.52 0.02
   35 D    -1  -1   1   6  -2   0   1  -1  -1  -2  -2  -1  -2  -2  -1   0  -1  -3  -2  -2    2   1   1  73   1   1   2   2   1   1   3   2   1   1   1   2   2   0   1   2  0.57 0.01
   36 D    -2  -1   1   6  -4   0   1  -2  -1  -4  -4   1  -3  -4  -2   0  -1  -5  -3  -3    0   0   0  85   0   0   0   0   0   0   0  15   0   0   0   0   0   0   0   0  0.83 0.02
   37 F    -2  -3  -3  -4  -2  -3  -3  -3  -2   0   0  -3   2   6  -4  -3  -2   6   2   0    0   0   0   0   0   0   0   0   0   0   0   0  15  62   0   0   0  14   0   9  0.60 0.02
   38 R     0   5  -1  -2  -3   1   0  -2  -1  -3  -2   3  -2  -3  -2   0  -1  -3  -2  -2   15  71   0   0   0   0   0   0   0   0   0  14   0   0   0   0   0   0   0   0  0.57 0.02
   39 C    -1  -4  -3  -4  10  -3  -4  -3  -4  -2  -2  -4  -2  -3  -3  -1  -1  -3  -3  -1    0   0   0   0 100   0   0   0   0   0   0   0   0   0   0   0   0   0   0   0  1.43 0.04
   40 W    -3  -3  -4  -5  -3  -3  -3  -3  -3  -3  -2  -4  -2   3  -4  -3  -3  11   2  -3    0   0   0   0   0   0   0   0   0   0   0   0   0  14   0   0   0  86   0   0  2.14 0.04
   41 C    -1  -4  -3  -4  10  -3  -4  -3  -4  -2  -2  -4  -2  -3  -3  -1  -1  -3  -3  -1    0   0   0   0 100   0   0   0   0   0   0   0   0   0   0   0   0   0   0   0  1.43 0.04
   42 T     1  -1   3  -1  -1  -1  -1  -1  -1  -1  -2  -1  -1  -3  -1   1   4  -3  -2  -1   15   0  20   0   0   0   0   0   0   0   0   0   0   0   0   0  65   0   0   0  0.37 0.02
   43 K    -1   4   2  -1  -4   2   0  -2   3  -3  -3   3  -2  -3  -2  -1  -1  -3  -1  -3    0  39  10   0   0  14   0   0  15   0   0  22   0   0   0   0   0   0   0   0  0.44 0.01
   44 R    -2   3   5   1  -3   0   0  -1   0  -4  -3   1  -2  -3  -2   0   0  -4  -2  -3    0  21  68   0   0   0   0   0   0   0   0  10   0   0   0   0   0   0   0   0  0.57 0.02
   45 C    -1  -4  -3  -4  10  -3  -4  -3  -4  -2  -2  -4  -2  -3  -3  -1  -1  -3  -3  -1    0   0   0   0 100   0   0   0   0   0   0   0   0   0   0   0   0   0   0   0  1.43 0.04

                      K         Lambda
Standard Ungapped    0.1387     0.3282
Standard Gapped      0.0410     0.2670
PSI Ungapped         0.1387     0.3282
PSI Gapped           0.0410     0.2670
