
Last position-specific scoring matrix computed, weighted observed percentages rounded down, information per position, and relative weight of gapless real matches to pseudocounts
            A   R   N   D   C   Q   E   G   H   I   L   K   M   F   P   S   T   W   Y   V   A   R   N   D   C   Q   E   G   H   I   L   K   M   F   P   S   T   W   Y   V
    1 G     0  -3  -1  -1  -3  -2  -2   6  -2  -4  -4  -2  -3  -3  -2   0  -2  -3  -3  -3    0   0   0   0   0   0   0 100   0   0   0   0   0   0   0   0   0   0   0   0  1.07 0.01
    2 G     0  -2   0   3  -3  -2  -1   5  -2  -4  -4  -1  -3  -3  -2   0  -2  -3  -3  -3    0   0   0  24   0   0   0  76   0   0   0   0   0   0   0   0   0   0   0   0  0.80 0.02
    3 T     0  -1   0   0  -2   0   2   2  -1  -2  -2   0  -2  -3  -1   2   3  -3  -2  -1    0   0   0   0   0   0  21  20   0   0   0   0   0   0   0  24  35   0   0   0  0.30 0.01
    4 I     0  -2  -3  -3  -1  -2  -3  -3  -3   2   3  -2   1   2  -3  -2  -1  -2   0   1   17   0   0   0   0   0   0   0   0  25  44   0   0  14   0   0   0   0   0   0  0.23 0.01
    5 F    -1  -3  -3  -3  -2  -2  -2  -3  -2   1   1  -2   0   3   5  -2  -1  -2   0   0    0   0   0   0   0   0   0   0   0  17  14   0   0  25  44   0   0   0   0   0  0.67 0.02
    6 D     0  -1   0   3  -2   0   0  -2  -2   0  -1   1  -1  -2  -1   1   2  -3  -2   1    0   0   0  25   0   0   0   0   0   0   0  14   0   0   0  17  23   0   0  21  0.19 0.01
    7 C    -1  -4  -3  -4   9  -3  -4  -3  -3  -2  -2  -3  -2  -3  -3  -1  -1  -3  -3  -1    0   0   0   0 100   0   0   0   0   0   0   0   0   0   0   0   0   0   0   0  1.42 0.04
    8 G     0  -3  -1  -2  -3  -2  -2   6  -2  -4  -4  -2  -3  -3  -2   0  -2  -3  -3  -3    0   0   0   0   0   0   0 100   0   0   0   0   0   0   0   0   0   0   0   0  1.11 0.02
    9 E    -1   0   0   1  -4   2   6  -2   0  -4  -3   1  -2  -4  -1   0  -1  -3  -2  -3    0   0   0   0   0   0 100   0   0   0   0   0   0   0   0   0   0   0   0   0  0.81 0.03
   10 S     0  -1   0  -1  -1  -1  -1  -1  -2  -1  -2  -1  -1  -2  -1   3   4  -3  -2  -1    0   0   0   0   0   0   0   0   0   0   0   0   0   0   0  33  67   0   0   0  0.44 0.02
   11 C    -1  -4  -3  -4   9  -3  -4  -3  -3  -2  -2  -3  -2  -3  -3  -1  -1  -3  -3  -1    0   0   0   0 100   0   0   0   0   0   0   0   0   0   0   0   0   0   0   0  1.42 0.04
   12 F    -1  -3  -2  -3  -2  -3  -3  -3  -2   0   0  -2   0   5  -3  -1   1   0   2   1    0   0   0   0   0   0   0   0   0   0   0   0   0  59   0   0  21   0   0  21  0.37 0.02
   13 L    -1  -1  -1  -2  -2   1  -1   2  -2   0   2   1   1  -1  -2  -1   1  -2  -2   0    0   0   0   0   0  11   0  19   0   0  43  15   0   0   0   0  13   0   0   0  0.11 0.01
   14 G     0  -3  -1  -2  -3  -2  -3   6  -2  -3  -3  -2  -2   1  -3  -1  -2  -2  -1  -3    0   0   0   0   0   0   0  85   0   0   0   0   0  15   0   0   0   0   0   0  0.83 0.02
   15 T     0  -1   0  -1  -2   0   1  -2  -2   0  -1   1  -1  -2  -1   1   4  -3  -2   0    0   0   0   0   0   0  11   0   0  13   0  15   0   0   0   0  62   0   0   0  0.27 0.02
   16 C    -1  -4  -3  -4   9  -3  -4  -3  -3  -2  -2  -3  -2  -3  -3  -1  -1  -3  -3  -1    0   0   0   0 100   0   0   0   0   0   0   0   0   0   0   0   0   0   0   0  1.42 0.04
   17 Y    -2  -2   2  -2  -3  -1  -2  -3   1  -2  -1  -2  -1   3  -3  -1  -2   1   6  -2    0   0  19   0   0   0   0   0   0   0   0   0   0  13   0   0   0   0  69   0  0.64 0.02
   18 T     0  -1   0  -1  -1  -1  -1  -2  -2   0  -1  -1  -1  -2  -1   1   5  -3  -2   1    0   0   0   0   0   0   0   0   0   0   0   0   0   0   0   0  89   0   0  11  0.46 0.03
   19 A     1  -1  -2  -1  -2   1   0  -2  -2  -3  -3   1  -2  -3   6   0  -1  -3  -3  -2   24   0   0   0   0   9   0   0   0   0   0  11   0   0  56   0   0   0   0   0  0.97 0.02
   20 G     0   1   0   1  -3  -1  -1   5  -2  -4  -4  -1  -3  -3  -2   0  -2  -3  -3  -3    0  15   0  11   0   0   0  74   0   0   0   0   0   0   0   0   0   0   0   0  0.71 0.02
   21 C    -1  -4  -3  -4   9  -3  -4  -3  -3  -2  -2  -3  -2  -3  -3  -1  -1  -3  -3  -1    0   0   0   0 100   0   0   0   0   0   0   0   0   0   0   0   0   0   0   0  1.42 0.04
   22 S     1  -1   0  -1  -1   0   0  -1  -1  -2  -2   0  -1  -3  -1   4   3  -3  -2  -1    0   0   0   0   0   0   0   0   0   0   0   0   0   0   0  72  28   0   0   0  0.43 0.02
   23 C    -1  -4  -3  -4   9  -3  -4  -3  -3  -2  -2  -3  -2  -3  -3  -1  -1  -3  -3  -1    0   0   0   0 100   0   0   0   0   0   0   0   0   0   0   0   0   0   0   0  1.42 0.04
   24 G     0  -1   2   3  -2   0   0   2  -1  -2  -2   0  -1  -2  -1   0   0  -1  -1  -2    3   2  15  23   1   2   3  26   1   2   4   3   1   2   2   3   3   1   1   3  0.20 0.00
   25 N     0  -1   2   0  -2   0   1  -1  -1  -2  -2   0  -2  -3   4   3   0  -3  -2  -2    1   1  11   1   0   0  12   1   0   1   1   1   0   0  23  46   1   0   0   1  0.43 0.01
   26 W    -3  -3  -4  -5  -3  -2  -3  -3  -2  -3  -2  -3  -2   1  -4  -3  -3  11   4  -3    0   0   0   0   0   0   0   0   0   0   0   0   0   0   0   0   0  85  15   0  2.14 0.04
   27 G    -1  -1  -2  -2  -3  -1  -1   1  -2  -3  -3   1  -3  -4   7  -1  -1  -4  -3  -3    0   0   0   0   0   0   0  11   0   0   0  11   0   0  78   0   0   0   0   0  1.49 0.02
   28 L    -1  -3  -3  -3  -1  -2  -3  -3  -3   3   2  -2   1   0  -3  -2   1  -3  -1   3    0   0   0   0   0   0   0   0   0  41  22   0   0   0   0   0  13   0   0  24  0.28 0.01
   29 C    -1  -4  -3  -4   9  -3  -4  -3  -3  -2  -2  -3  -2  -3  -3  -1  -1  -3  -3  -1    0   0   0   0 100   0   0   0   0   0   0   0   0   0   0   0   0   0   0   0  1.42 0.04
   30 Y    -2  -2  -2  -3  -3  -2  -2  -3   2  -1  -1  -2  -1   3  -3  -2  -2   2   7  -1    0   0   0   0   0   0   0   0   0   0   0   0   0   0   0   0   0   0 100   0  0.85 0.00
   31 G     0  -2   0  -1  -3  -2  -2   6  -2  -4  -4  -2  -3  -3  -2   0  -2  -3  -3  -3    0   0   0   0   0   0   0 100   0   0   0   0   0   0   0   0   0   0   0   0  1.04 0.00
   32 T     0  -1   0  -1  -1  -1  -1  -2  -2  -1  -1  -1  -1  -2  -1   1   5  -3  -2   0    0   0   0   0   0   0   0   0   0   0   0   0   0   0   0   0 100   0   0   0  0.46 0.00
   33 N    -2   0   6   1  -3   0   0   0   1  -3  -4   0  -2  -3  -2   1   0  -4  -2  -3    0   0 100   0   0   0   0   0   0   0   0   0   0   0   0   0   0   0   0   0  0.72 0.00

                      K         Lambda
Standard Ungapped    0.1478     0.3260
Standard Gapped      0.0448     0.2670
PSI Ungapped         0.1462     0.3279
PSI Gapped           0.0448     0.2670
