
Last position-specific scoring matrix computed, weighted observed percentages rounded down, information per position, and relative weight of gapless real matches to pseudocounts
            A   R   N   D   C   Q   E   G   H   I   L   K   M   F   P   S   T   W   Y   V   A   R   N   D   C   Q   E   G   H   I   L   K   M   F   P   S   T   W   Y   V
    1 M    -1  -2  -3  -4  -2  -1  -3  -3  -2   3   2  -2   6   0  -3  -2  -1  -2  -1   2    0   0   0   0   0   0   0   0   0  20   0   0  61   0   0   0   0   0   0  18  0.41 0.06
    2 F    -2   5  -1  -2  -4   0   0  -3  -1  -3  -2   3  -1   2  -2  -1  -1  -2   0  -2    0  63   0   0   0   0   0   0   0   0   0  18   0  18   0   0   0   0   0   0  0.53 0.04
    3 V    -1  -3  -3  -4  -1  -3  -3  -4  -4   4   1  -3   1  -1  -3  -2   0  -3  -2   4    0   0   0   0   0   0   0   0   0  33   0   0   0   0   0   0   0   0   0  67  0.44 0.04
    4 E    -1   0   2   1  -4   1   5  -2   0  -4  -3   0  -2  -4  -2   0  -1  -3  -2  -3    0   0  18   0   0   0  82   0   0   0   0   0   0   0   0   0   0   0   0   0  0.72 0.06
    5 L    -1  -3  -4  -4  -1  -3  -3  -4  -3   4   2  -3   1   0  -3  -2  -1  -3  -1   3    0   0   0   0   0   0   0   0   0  57  18   0   0   0   0   0   0   0   0  25  0.40 0.03
    6 V    -1  -2  -2  -2   4  -2  -2  -3  -3   1   1  -2   0  -1  -2   0   3  -3  -2   1    0   0   0   0  18   0   0   0   0   0  20   0   0   0   0   0  44   0   0  18  0.29 0.03
    7 Y    -2  -3  -3  -4  -2  -3  -3  -4  -1   3   2  -3   1   3  -3  -3  -1   0   3   1    0   0   0   0   0   0   0   0   0  43  18   0   0  20   0   0   0   0  18   0  0.35 0.03
    8 D     2  -2   0   5  -3  -1   1  -1  -2  -3  -3  -1  -3  -3  -2   0  -1  -4  -3  -2   31   0   0  69   0   0   0   0   0   0   0   0   0   0   0   0   0   0   0   0  0.65 0.05
    9 K    -1   3   0  -1  -4   1   0  -2  -1  -3  -3   5  -2  -3  -2  -1  -1  -3  -2  -3    0  20   0   0   0   0   0   0   0   0   0  80   0   0   0   0   0   0   0   0  0.63 0.05
   10 R    -1   2   0   2  -2   3   2  -1   0  -2  -2   1  -1  -2  -1   0  -1  -2  -2  -2    2  19   1  20   0  22  19   2   1   1   2   1   1   1   1   2   1   0   1   2  0.30 0.02
   11 N     0   0   2   0  -2   2   1  -1   0  -2  -2   2  -1  -2  -1   2   0  -2  -1  -2    2   1  19   1   0  20   2   2   1   1   2  19   1   1   1  22   1   0   1   2  0.23 0.01
   12 V    -1  -1  -1  -2  -1  -1  -1  -2  -2   2   0   1   0  -2  -2   0   3  -3  -2   2    0   0   0   0   0   0   0   0   0  18   0  18   0   0   0   0  46   0   0  18  0.21 0.03
   13 E    -1   2  -1  -1  -2   0   2  -2  -1   1  -1   2  -1  -2  -2   1   1  -3  -2   0    0  12   0   0   0   0  18   0   0  18   0  20   0   0   0  13  18   0   0   0  0.17 0.02
   14 G    -1  -1   2  -1  -3  -1  -1   3  -1  -3  -3   1  -3  -4   4   0  -1  -3  -3  -3    0   0  20   0   0   0   0  37   0   0   0  18   0   0  25   0   0   0   0   0  0.58 0.03
   15 L    -1  -1  -3  -3  -2   2  -1  -3  -2   1   3  -1   3   0  -3  -2  -1  -2  -1   0    0   0   0   0   0  18   0   0   0   0  64   0  18   0   0   0   0   0   0   0  0.33 0.04
   16 P    -1  -2  -2  -2  -3  -1  -1  -2  -2  -3  -3  -1  -3  -4   7   1  -1  -4  -3  -3    0   0   0   0   0   0   0   0   0   0   0   0   0   0  80  20   0   0   0   0  1.61 0.06
   17 G     0  -2  -1  -1  -2  -2  -2   6  -2  -3  -3  -1  -2  -3  -2   0  -1  -2  -3  -3    1   1   1   1   0   1   1  84   0   1   2   1   0   1   1   1   1   0   1   1  0.86 0.04
   18 A     3  -2  -1  -2  -1  -1  -1  -1  -2   0  -1  -1  -1  -2  -1   2   2  -3  -2   1   52   0   0   0   0   0   0   0   0   0   0   0   0   0   0  13  18   0   0  17  0.27 0.03
   19 R    -1   1  -3  -3  -2  -2  -2  -4  -3   3   2  -1   1  -1  -3  -2  -1  -3  -2   2    0  17   0   0   0   0   0   0   0  41  18   0   0   0   0   0   0   0   0  24  0.26 0.03
   20 E    -1  -1   0   4  -4   2   3  -2  -1  -3  -3   0  -2  -4   2   0  -1  -4  -3  -3    0   0   0  40   0  18  29   0   0   0   0   0   0   0  13   0   0   0   0   0  0.63 0.04
   21 I     4  -2  -2  -2  -1  -1  -1  -1  -2   1  -1  -1  -1  -2  -1   1   0  -3  -2   0   83   0   0   0   0   0   0   0   0  17   0   0   0   0   0   0   0   0   0   0  0.38 0.05
   22 I    -2  -3  -4  -4  -2  -3  -3  -4  -3   2   4  -3   2   3  -3  -3  -1  -1   0   1    0   0   0   0   0   0   0   0   0  17  66   0   0  17   0   0   0   0   0   0  0.43 0.04
   23 L     0   0  -1  -1  -2   4   1  -2  -1  -1   0   1   0  -2  -2   0   1  -2  -2  -1   12   0   0   0   0  48   0   0   0   0  17  11   0   0   0   0  12   0   0   0  0.28 0.04
   24 N    -1  -1   4   0   4   1   1   2  -1  -3  -3  -1  -2  -3  -2   0  -1  -3  -3  -3    0   0  36   0  17  13  11  24   0   0   0   0   0   0   0   0   0   0   0   0  0.40 0.04
   25 E    -1   0  -1   1  -4   2   6  -3   0  -4  -3   0  -2  -4  -2  -1  -1  -3  -3  -3    0   0   0   0   0   0 100   0   0   0   0   0   0   0   0   0   0   0   0   0  0.93 0.08
   26 L    -2  -2  -4  -4  -2  -2  -3  -4  -3   2   4  -3   3   0  -3  -3  -1  -2  -1   1    0   0   0   0   0   0   0   0   0  18  69   0  13   0   0   0   0   0   0   0  0.45 0.04
   27 T     0  -1   0  -1  -2   0   1   1  -2  -1   0  -1  -1  -2  -2   1   3  -3  -2  -1    0   0   0   0   0   0  18  12   0   0  13   0   0   0   0  12  45   0   0   0  0.23 0.03
   28 K    -1   4   0  -1  -4   3   1  -2  -1  -3  -3   4  -1  -3  -2  -1  -1  -3  -2  -3    0  36   0   0   0  18   0   0   0   0   0  46   0   0   0   0   0   0   0   0  0.58 0.05
   29 R    -2   6  -1  -2  -4   1   0  -3  -1  -4  -3   2  -2  -3  -3  -1  -2  -3  -2  -3    0 100   0   0   0   0   0   0   0   0   0   0   0   0   0   0   0   0   0   0  0.98 0.08
   30 V    -1  -3  -3  -4  -1  -3  -3  -4  -3   4   2  -3   1   0  -3  -2  -1  -3  -1   3    0   0   0   0   0   0   0   0   0  40  18   0   0   0   0   0   0   0   0  42  0.39 0.03
   31 H    -1   0   2   0  -3   3   1  -1   4  -3  -3   2  -1  -3  -2   2   0  -3  -1  -3    0   0  12   0   0  29   0   0  17   0   0  18   0   0   0  24   0   0   0   0  0.37 0.04
   32 Q    -1   2  -1  -1  -3   2   0  -2   0  -3  -2   2  -2  -1   3   1  -1  -2   2  -2    0  12   0   0   0  17   0   0   0   0   0  24   0   0  18  17   0   0  12   0  0.37 0.03
   33 L     0   2  -1  -2  -2   1  -1  -2   4   0   1   0   0  -2  -2  -1  -1  -3  -1   1   12  24   0   0   0  12   0   0  18   0  17   0   0   0   0   0   0   0   0  17  0.15 0.02
   34 F    -2  -3  -3  -4  -3  -3  -3  -4   0  -1   0  -3  -1   6  -4  -2  -2   1   6  -1    0   0   0   0   0   0   0   0   0   0   0   0   0  58   0   0   0   0  42   0  0.87 0.06
   35 P    -1  -2  -1   3  -3  -1  -1  -2  -2  -3  -4  -1  -3  -4   7  -1  -1  -4  -3  -3    0   0   0  24   0   0   0   0   0   0   0   0   0   0  76   0   0   0   0   0  1.60 0.07
   36 D    -1  -1   1   5  -3   0   3  -2  -1  -3  -4  -1  -3  -4  -2   1  -1  -4  -3  -3    0   0   0  65   0   0  18   0   0   0   0   0   0   0   0  17   0   0   0   0  0.72 0.05
   37 A     2  -2  -2  -2  -1  -2  -2   1  -2   2   0  -2   0  -2  -2   0   1  -3  -2   2   29   0   0   0   0   0   0  12   0  18   0   0   0   0   0   0  17   0   0  24  0.17 0.02
   38 Q    -1   2  -1  -1  -3   2   2  -3   3  -2  -2   0  -1  -2  -2  -1  -1   6   0   0    0  17   0   0   0  17  24   0  12   0   0   0   0   0   0   0   0  18   0  12  0.42 0.04
   39 V    -1  -3  -3  -4  -1  -3  -3  -4  -3   2   2  -3   1  -1  -3  -2  -1  -3  -2   4    0   0   0   0   0   0   0   0   0   0  18   0   0   0   0   0   0   0   0  82  0.43 0.05
   40 K    -1   2  -1  -2  -2   0  -1  -2   3   1  -1   2  -1  -2  -2   1   1  -3  -1   0    0  18   0   0   0   0   0   0  12  24   0  17   0   0   0  12  17   0   0   0  0.15 0.02
   41 V    -1  -3  -3  -4  -1  -3  -3  -4  -4   3   1  -3   1  -1  -3  -2   0  -3  -2   4    0   0   0   0   0   0   0   0   0  31   0   0   0   0   0   0   0   0   0  69  0.45 0.05
   42 K    -1   3   0   2  -4   1   1  -2  -1  -3  -3   4  -2  -3  -2  -1  -1  -3  -2  -3    0  24   0  18   0   0   0   0   0   0   0  58   0   0   0   0   0   0   0   0  0.52 0.05
   43 P     0   0  -1  -1  -2   2   0  -2   0  -2  -2   1  -1   0   3   1  -1  -1   3  -2   11   0   0   0   0  18   0   0   0   0   0  17   0   0  17  13   0   0  24   0  0.33 0.03
   44 M     2  -2  -1  -2  -2  -1  -2   3  -2  -1  -1  -1   2  -2  -2   0   2  -3  -2  -1   24   0   0   0   0   0   0  35   0   0   0   0  17   0   0   0  24   0   0   0  0.31 0.03
   45 Q     1  -1   0  -1  -2   2   0   1  -1  -3  -3   0  -2  -3  -1   3   1  -3  -2  -2   12   0   0   0   0  17   0  12   0   0   0   0   0   0   0  59   0   0   0   0  0.38 0.04
   46 A     3  -1   3  -1  -1  -1  -1  -1  -1  -1  -1  -1   2  -2  -2   1   0  -3  -2  -1   59   0  24   0   0   0   0   0   0   0   0   0  17   0   0   0   0   0   0   0  0.28 0.05
   47 N    -1  -1   4   3  -3  -1   0  -1  -1  -3  -3  -1  -2  -3   3   0   1  -4  -3  -2    0   0  41  24   0   0   0   0   0   0   0   0   0   0  18   0  17   0   0   0  0.56 0.04
   48 A     1  -2   2  -1  -2  -1  -1   4  -2  -3  -3  -1  -2  -3  -2   1  -1  -3  -3  -2   17   0  12   0   0   0   0  52   0   0   0   0   0   0   0  18   0   0   0   0  0.54 0.03
   49 L    -1  -3  -4  -4  -1  -2  -3  -4  -3   2   4  -3   1   0  -3  -2  -1  -2  -1   3    0   0   0   0   0   0   0   0   0   0  65   0   0   0   0   0   0   0   0  35  0.42 0.04
   50 N     0  -1   3   0  -2   0   2  -1  -1  -3  -3   0  -2  -3  -1   4   1  -3  -2  -2    0   0  17   0   0   0  17   0   0   0   0   0   0   0   0  66   0   0   0   0  0.44 0.05
   51 S     0  -2  -2  -3  -1  -2  -2  -3  -3   2   1  -2   1  -1  -2   1   0  -3  -2   4    0   0   0   0   0   0   0   0   0   0  17   0   0   0   0  17   0   0   0  66  0.27 0.04
   52 D    -1  -2   0   2  -2  -1  -1   2  -2  -1  -1  -1   2  -2  -2   0   3  -3  -2  -1    0   0   0  17   0   0   0  24   0   0   0   0  17   0   0   0  42   0   0   0  0.27 0.04
   53 C     1   2  -1  -2   4  -1  -2   4  -2  -3  -3   0  -2  -3  -2   0  -1  -3  -3  -2   12  24   0   0  17   0   0  47   0   0   0   0   0   0   0   0   0   0   0   0  0.48 0.04
   54 T     2  -1  -1  -1  -1  -1  -1  -1  -2  -1  -2   1  -1  -3  -1   1   4  -3  -2  -1   30   0   0   0   0   0   0   0   0   0   0  17   0   0   0   0  53   0   0   0  0.33 0.04
   55 K     1   3   0   2  -3   0   0  -1  -1  -3  -3   3  -2  -3  -1   0  -1  -3  -2  -2   24  18   0  17   0   0   0   0   0   0   0  41   0   0   0   0   0   0   0   0  0.34 0.03
   56 T    -1  -1   3   3  -2   0   1  -1  -1  -2  -3   0  -2  -3  -2   2   2  -3  -2  -2    0   0  18  24   0   0  12   0   0   0   0   0   0   0   0  17  29   0   0   0  0.38 0.03
   57 E    -2   0   1   5  -4   0   3  -2  -1  -3  -4   2  -3  -4  -2   0  -1  -4  -3  -3    0   0   0  59   0   0  17   0   0   0   0  24   0   0   0   0   0   0   0   0  0.67 0.05
   58 K    -1   4  -1  -1  -4   1   0  -2  -1  -3  -3   5  -2  -3  -2  -1  -1  -3  -2  -3    0  29   0   0   0   0   0   0   0   0   0  71   0   0   0   0   0   0   0   0  0.64 0.06
   59 E    -1  -1   0   4  -3   2   3  -2  -1  -3  -3   0  -2  -3  -1   0   2  -3  -2  -2    0   0   0  30   0  12  34   0   0   0   0   0   0   0   0   0  24   0   0   0  0.48 0.04
   60 R     1   4  -2  -2  -2   0  -1  -2  -1  -1   0   1  -1   3  -3  -1  -1  -1   0  -1   17  48   0   0   0   0   0   0   0   0  12   0   0  24   0   0   0   0   0   0  0.28 0.04
   61 L    -1  -3  -4  -4  -1  -3  -3  -4  -3   3   3  -3   1   0  -3  -2  -1  -3  -1   3    0   0   0   0   0   0   0   0   0  42  34   0   0   0   0   0   0   0   0  24  0.39 0.03
   62 H    -1  -1   0   2  -3   3   2  -2   4  -2   0   0  -1  -2  -2   1  -1  -3  -1  -2    0   0   0  17   0  24  12   0  17   0  18   0   0   0   0  12   0   0   0   0  0.24 0.03
   63 R     0   2   0   0  -3   1   4  -2  -1  -3  -3   1  -2  -3  -1   2   0  -3  -2  -2    0  17   0   0   0   0  48   0   0   0   0   0   0   0   0  35   0   0   0   0  0.46 0.04
   64 M    -1  -2  -2  -3  -1  -2  -3  -3  -3   3   2  -2   3  -1  -3  -1   2  -2  -2   1    0   0   0   0   0   0   0   0   0  41  18   0  17   0   0   0  24   0   0   0  0.27 0.03
   65 L    -2  -3  -4  -4  -2  -3  -3  -4  -3   1   5  -3   2   0  -3  -3  -2  -2  -1   1    0   0   0   0   0   0   0   0   0   0 100   0   0   0   0   0   0   0   0   0  0.60 0.06
   66 E    -1   1   0   0  -4   4   4  -2   0  -3  -3   3  -1  -4  -1   0  -1  -3  -2  -3    0   0   0   0   0  41  36   0   0   0   0  24   0   0   0   0   0   0   0   0  0.59 0.05
   67 E    -1  -1   0   4  -4   1   5  -2  -1  -4  -3   0  -3  -4  -2   0  -1  -4  -3  -3    0   0   0  24   0   0  76   0   0   0   0   0   0   0   0   0   0   0   0   0  0.79 0.06
   68 M    -1  -2  -1  -2  -1  -1  -2  -3  -2   2   0  -2   3  -1  -2   0   3  -3  -2   2    0   0   0   0   0   0   0   0   0  18   0   0  17   0   0   0  48   0   0  17  0.27 0.04
   69 F    -3  -3  -4  -5  -3  -3  -4  -3  -3  -3  -2  -4  -2   3  -4  -3  -3  11   2  -3    0   0   0   0   0   0   0   0   0   0   0   0   0  17   0   0   0  83   0   0  2.24 0.10
   70 E    -1   0  -1   1  -4   3   5  -2   0  -4  -3   1  -2  -4  -2   0  -1  -3  -2  -3    0   0   0   0   0  18  82   0   0   0   0   0   0   0   0   0   0   0   0   0  0.80 0.06
   71 E     0  -1   1   4  -2   0   2  -1  -1  -3  -3   0  -2  -3  -1   3   0  -4  -3  -3    0   0   0  35   0   0  17   0   0   0   0   0   0   0   0  48   0   0   0   0  0.49 0.04
   72 A     4  -1  -1  -1  -1  -1  -1   0  -1  -1  -1  -1  -1  -2  -1   1   0  -2  -1   0   79   1   1   1   0   1   1   2   0   1   2   1   1   1   1   2   1   0   1   1  0.31 0.02
   73 D    -2  -2   1   6  -4  -1   1  -2  -1  -4  -4  -1  -4  -4  -2  -1  -1  -5  -4  -4    0   0   0 100   0   0   0   0   0   0   0   0   0   0   0   0   0   0   0   0  1.08 0.05
   74 M    -1  -1   0   2  -3   1   3  -2  -1  -2  -1   0   2  -2  -2   1   0  -3  -2  -2    0   0   0  15   0   0  42   0   0   0   0   0  20   0   0  23   0   0   0   0  0.32 0.03
   75 W    -3  -3  -4  -5  -3  -2  -3  -3  -3  -3  -2  -4  -2   1  -4  -3  -3  11   2  -3    0   0   0   0   0   0   0   0   0   0   0   0   0   0   0   0   0 100   0   0  2.67 0.09
   76 L    -2  -3  -4  -4  -2  -3  -3  -4  -2   1   3  -3   1   5  -4  -3  -2   0   2   0    0   0   0   0   0   0   0   0   0   0  43   0   0  57   0   0   0   0   0   0  0.54 0.03
   77 V     0  -2  -2  -2  -1  -2  -2  -3  -3   1   0  -2   0  -2   4   0   0  -3  -2   3    0   0   0   0   0   0   0   0   0   0   0   0   0   0  23  15   0   0   0  62  0.37 0.03
   78 A     4  -1  -1  -2  -1  -1  -1   0  -2  -2  -2  -1  -1  -2  -1   2   0  -3  -2  -1   78   0   0   0   0   0   0   0   0   0   0   0   0   0   0  22   0   0   0   0  0.39 0.02
   79 E    -1   0   0   2  -4   2   5  -2   0  -3  -3   1  -2  -3  -1   0  -1  -3  -2  -3    0   0   0   0   0   0 100   0   0   0   0   0   0   0   0   0   0   0   0   0  0.75 0.01

                      K         Lambda
Standard Ungapped    0.1331     0.3188
Standard Gapped      0.0385     0.2670
PSI Ungapped         0.1259     0.3172
PSI Gapped           0.0385     0.2670
