
Last position-specific scoring matrix computed, weighted observed percentages rounded down, information per position, and relative weight of gapless real matches to pseudocounts
           A  R  N  D  C  Q  E  G  H  I  L  K  M  F  P  S  T  W  Y  V   A   R   N   D   C   Q   E   G   H   I   L   K   M   F   P   S   T   W   Y   V
    1 M   -1 -2 -3 -4 -2 -1 -2 -3 -2  1  2 -2  7  0 -3 -2 -1 -2 -1  1    0   0   0   0   0   0   0   0   0   0   0   0 100   0   0   0   0   0   0   0  0.41 0.02
    2 E   -1  0  0  1 -4  3  5 -2  0 -4 -3  1 -2 -4 -1  0 -1 -3 -2 -3    0   0   0   0   0  22  78   0   0   0   0   0   0   0   0   0   0   0   0   0  0.67 0.01
    3 V    0 -2 -2 -2 -1 -2 -2 -3 -3  2  0 -2  0 -2 -2  0  3 -3 -2  3    0   0   0   0   0   0   0   0   0   0   0   0   0   0   0   0  40   0   0  60  0.26 0.01
    4 N   -1 -1  6  1 -2  0 -1 -1  0 -3 -3  0 -2 -3 -2  1  2 -4 -2 -2    0   0  73   0   0   0   0   0   0   0   0   0   0   0   0   0  27   0   0   0  0.54 0.01
    5 I   -2 -1  3  4 -3  1  0 -2 -1  1 -1 -1 -1 -2 -2  0 -1 -4 -2  0    0   0  27  35   0  11   0   0   0  27   0   0   0   0   0   0   0   0   0   0  0.27 0.01
    6 L   -2 -3 -4 -4 -2 -3 -3 -4 -3  1  4 -3  2  4 -4 -3 -2 -1  1  0    0   0   0   0   0   0   0   0   0   0  73   0   0  27   0   0   0   0   0   0  0.41 0.01
    7 A    2 -2 -1 -2 -2 -2 -2  6 -2 -3 -3 -2 -2 -3 -2  0 -1 -3 -3 -2   27   0   0   0   0   0   0  73   0   0   0   0   0   0   0   0   0   0   0   0  0.72 0.01
    8 F   -3 -3 -4 -4 -3 -4 -4 -4 -1  0  0 -4  0  7 -4 -3 -2  1  3 -1    0   0   0   0   0   0   0   0   0   0   0   0   0 100   0   0   0   0   0   0  0.79 0.01
    9 I   -1 -3 -3 -4 -1 -3 -3 -4 -4  4  1 -3  1 -1 -3 -2  0 -3 -1  4    0   0   0   0   0   0   0   0   0  39   0   0   0   0   0   0   0   0   0  61  0.36 0.01
   10 A    5 -2 -2 -2 -1 -1 -1  0 -2 -2 -2 -1 -1 -3 -1  1  0 -3 -2  0  100   0   0   0   0   0   0   0   0   0   0   0   0   0   0   0   0   0   0   0  0.43 0.01
   11 T    1 -1  0 -1 -1  0 -1 -1 -1 -2 -2  0 -1 -3 -1  4  4 -3 -2 -1    0   0   0   0   0   0   0   0   0   0   0   0   0   0   0  61  39   0   0   0  0.40 0.01
   12 A    2 -2 -3 -3 -1 -2 -2 -2 -3  2  2 -2  1 -1 -2 -1 -1 -2 -2  1   39   0   0   0   0   0   0   0   0  22  40   0   0   0   0   0   0   0   0   0  0.19 0.00
   13 L   -2 -2 -4 -4 -2 -2 -3 -4 -3  2  4 -3  3  0 -3 -3 -1 -2 -1  1    0   0   0   0   0   0   0   0   0   0  87   0  13   0   0   0   0   0   0   0  0.43 0.01
   14 L   -2 -3 -4 -4 -3 -3 -4 -4 -2  0  1 -3  0  7 -4 -3 -2  1  3 -1    0   0   0   0   0   0   0   0   0   0  14   0   0  86   0   0   0   0   0   0  0.65 0.01
   15 I   -1 -3 -3 -4 -1 -3 -3 -4 -4  3  1 -3  1 -1 -3 -2  0 -3 -1  4    0   0   0   0   0   0   0   0   0  27   0   0   0   0   0   0   0   0   0  73  0.36 0.01
   16 L   -1 -3 -3 -3 -2 -2 -3  2 -3  1  4 -3  1  0 -3 -2 -2 -2 -2  0    0   0   0   0   0   0   0  27   0   0  73   0   0   0   0   0   0   0   0   0  0.30 0.01
   17 V    0 -3 -3 -4 -1 -3 -3 -4 -4  3  1 -3  1 -1 -3 -2  0 -3 -1  5    0   0   0   0   0   0   0   0   0   0   0   0   0   0   0   0   0   0   0 100  0.37 0.01
   18 P   -1 -2 -2 -2 -3 -2 -1 -3 -3 -3 -3 -1 -3 -4  8 -1 -1 -4 -3 -3    0   0   0   0   0   0   0   0   0   0   0   0   0   0 100   0   0   0   0   0  2.07 0.02
   19 T    0 -1  0 -1 -1 -1 -1 -1 -2 -1 -2 -1 -1 -3 -1  2  5 -3 -2  0    0   0   0   0   0   0   0   0   0   0   0   0   0   0   0  22  78   0   0   0  0.43 0.01
   20 A    2 -3 -3 -3 -1 -2 -2 -2 -3  3  1 -2  1 -1 -2 -1  0 -3 -2  3   27   0   0   0   0   0   0   0   0  27   0   0   0   0   0   0   0   0   0  46  0.22 0.00
   21 F   -3 -3 -4 -4 -3 -4 -4 -4 -1  0  0 -4  0  7 -4 -3 -2  1  3 -1    0   0   0   0   0   0   0   0   0   0   0   0   0 100   0   0   0   0   0   0  0.79 0.01
   22 L   -2 -3 -4 -4 -2 -2 -3 -4 -3  2  4 -3  2  0 -3 -3 -1 -2 -1  1    0   0   0   0   0   0   0   0   0   0 100   0   0   0   0   0   0   0   0   0  0.48 0.01
   23 L   -2 -3 -4 -4 -1 -3 -4 -4 -4  4  3 -3  2  0 -3 -3 -1 -3 -1  2    0   0   0   0   0   0   0   0   0  62  38   0   0   0   0   0   0   0   0   0  0.37 0.01
   24 I   -1 -3 -2 -3 -2 -3 -3  2 -3  3  1 -3  0 -1 -3 -2 -1 -3 -2  2    0   0   0   0   0   0   0  27   0  60   0   0   0   0   0   0   0   0   0  13  0.24 0.01
   25 I   -2 -3 -4 -4 -1 -3 -3 -4 -3  3  4 -3  2  0 -3 -3 -1 -2 -1  2    0   0   0   0   0   0   0   0   0  27  73   0   0   0   0   0   0   0   0   0  0.40 0.01
   26 Y   -2 -2 -3 -4 -3 -2 -3 -4  1 -1 -1 -3 -1  5 -4 -2 -2  2  7 -1    0   0   0   0   0   0   0   0   0   0   0   0   0  40   0   0   0   0  60   0  0.74 0.01
   27 V   -1 -3 -4 -4 -1 -3 -3 -4 -4  4  2 -3  1  0 -3 -2 -1 -3 -1  3    0   0   0   0   0   0   0   0   0  48  14   0   0   0   0   0   0   0   0  39  0.34 0.01
   28 K    0  1  0  0 -3  4  1 -1  0 -3 -3  3 -1 -3 -1  2  0 -3 -2 -2    0   0   0   0   0  46   0   0   0   0   0  27   0   0   0  27   0   0   0   0  0.40 0.01
   29 T    0 -1  0 -1 -1 -1 -1 -2 -2 -1 -1 -1 -1 -2 -1  2  5 -3 -2  0    0   0   0   0   0   0   0   0   0   0   0   0   0   0   0   0 100   0   0   0  0.51 0.01
   30 A    2  0  2  0 -2  3  3 -1  0 -3 -2  0 -1 -3 -1  1  0 -3 -2 -2   36   0  13   0   0  27  24   0   0   0   0   0   0   0   0   0   0   0   0   0  0.31 0.01
   31 S    1 -1  0  0 -1  0  2 -1 -1 -3 -3  0 -2 -3 -1  4  2 -3 -2 -2    0   0   0   0   0   0  21   0   0   0   0   0   0   0   0  65  14   0   0   0  0.37 0.01

                      K         Lambda
Standard Ungapped    0.1450     0.3360
Standard Gapped      0.0461     0.2670
PSI Ungapped         0.1505     0.3195
PSI Gapped           0.0461     0.2670
