
Last position-specific scoring matrix computed, weighted observed percentages rounded down, information per position, and relative weight of gapless real matches to pseudocounts
            A   R   N   D   C   Q   E   G   H   I   L   K   M   F   P   S   T   W   Y   V   A   R   N   D   C   Q   E   G   H   I   L   K   M   F   P   S   T   W   Y   V
    1 M    -2  -2  -3  -4  -2  -1  -3  -4  -2   1   1  -2   9  -1  -3  -2  -1  -2  -2   0    0   0   0   0   0   0   0   0   0   0   0   0 100   0   0   0   0   0   0   0  0.96 0.13
    2 K    -1   3   1   2  -4   3   1  -2  -1  -3  -3   3  -2  -4  -2   0  -1  -3  -2  -3    0  15   8  11   0  26   4   0   0   0   0  30   0   0   0   4   1   0   0   0  0.44 0.05
    3 D    -2  -2   4   5  -4  -1   0   1   2  -4  -4  -1  -3  -3  -2  -1  -1  -4  -1  -4    0   0  25  54   0   0   0  11   6   0   0   0   0   0   0   0   0   0   3   0  0.66 0.07
    4 F    -1  -3  -4  -4  -2  -3  -3  -4  -3   1   3  -3   3   5  -4  -3  -2  -1   1   1    4   0   0   0   0   0   0   0   0   6  31   0  11  40   0   0   0   0   0   8  0.43 0.07
    5 V    -1   1  -1  -2  -3   1   0  -2  -2  -1   1   4   0  -2  -2   0   2  -3  -2  -1    0   5   0   0   0   3   1   0   0   1  16  47   2   0   0   3  21   0   0   1  0.27 0.07
    6 T    -1   1  -1  -2  -3   0  -1  -2  -2  -1  -2   4  -2  -3  -2   0   4  -4  -2  -2    0   2   0   0   0   0   0   2   0   3   0  48   0   0   0   2  43   0   0   0  0.45 0.10
    7 Y    -3  -3  -3  -4  -3  -3  -3  -4   1  -2  -2  -3  -2   5  -4  -3  -3   4   8  -2    0   0   0   0   0   0   0   0   0   0   0   0   0  22   0   0   0   5  74   0  1.22 0.15
    8 L    -2  -3  -4  -4  -2  -3  -4  -4  -3   1   5  -3   2   2  -4  -3  -2  -2  -1   1    0   0   0   0   0   0   0   0   0   3  81   0   3  11   0   0   0   0   0   2  0.59 0.09
    9 S     0   1   0  -1  -2  -1   0  -1  -1  -3  -3   0  -2  -3  -2   5   1  -3  -1  -2    0   9   0   0   0   0   4   0   0   0   0   0   0   0   0  78   6   0   2   0  0.55 0.11
   10 T     0  -2  -1  -2  -2  -1  -2  -2  -2   0  -2  -1  -1  -3  -2   2   5  -3  -2   1    3   0   0   0   0   0   0   0   0   4   0   0   0   0   0  17  67   0   0   9  0.51 0.10
   11 A     5  -2  -3  -3  -1  -2  -2  -1  -3  -1  -2  -2  -2  -3  -2   0  -1   3  -2   0   89   0   0   0   0   0   0   0   0   2   0   0   0   0   0   0   0   4   0   5  0.61 0.12
   12 P    -2  -3  -3  -3  -4  -2  -2  -3  -3  -4  -4  -2  -4  -5   9  -2  -2  -5  -4  -4    0   0   0   0   0   0   0   0   0   0   0   0   0   0 100   0   0   0   0   0  2.40 0.18
   13 V    -1  -3  -4  -4  -2  -3  -3  -4  -4   2   0  -3   2  -2  -3  -3  -1  -4  -2   6    0   0   0   0   0   0   0   0   0   3   0   0   4   0   0   0   0   0   0  92  0.67 0.12
   14 I     0  -3  -4  -4  -2  -3  -3  -4  -3   2   3  -3   2   0  -3  -2  -1  -2  -1   2    6   0   0   0   0   0   0   0   0  12  53   0   2   3   0   0   0   0   0  24  0.38 0.06
   15 A     4  -2  -2  -2  -1  -1  -2   0  -2  -1   0  -1  -1  -1  -2   2   0  -3  -2  -1   56   0   0   0   0   0   0   5   0   4  12   0   0   3   0  15   5   0   0   0  0.27 0.07
   16 L     2  -2  -1  -2  -1  -2  -2  -2  -3   0   0  -2   1  -1  -2   0   4  -3  -2   1   19   0   0   0   0   0   0   0   0   5   7   0   4   2   0   0  56   0   0   7  0.34 0.08
   17 A     0  -3  -3  -3  -2  -3  -3  -2  -3   3   3  -3   1   0  -3  -1  -1  -3  -2   2   13   0   0   0   0   0   0   1   0  31  38   0   0   1   0   2   0   0   0  11  0.27 0.05
   18 W    -3  -4  -4  -5   0  -3  -4  -3  -3  -3  -1  -4  -1   0  -4  -1  -2  12   1  -3    0   0   0   0   3   0   0   0   0   0   4   0   1   2   0   6   2  79   0   0  2.21 0.19
   19 M    -2  -3  -4  -4   0  -3  -3  -4  -3   1   3  -3   2   5  -4  -3  -2  -1   1   1    2   0   0   0   2   0   0   0   0   9  31   0   9  39   0   0   0   0   0   6  0.40 0.07
   20 S     0  -2  -1  -2  -2  -2  -2   3  -2  -1  -1  -2  -1   0  -2   2   3   3  -2  -1    4   0   0   0   0   0   0  26   0   5   2   0   0   4   0  18  30   4   0   4  0.25 0.06
   21 F    -1  -3  -3  -4  -2  -3  -3  -3  -2   2   2  -3   1   5  -3  -1  -1  -1   1   1    6   0   0   0   0   0   0   0   0  16  23   0   2  39   0   5   0   0   0   5  0.32 0.06
   22 T    -1  -2  -2  -2  -2  -2  -2  -3  -3   0   2  -2   0  -1  -2   0   5  -3  -2   0    0   0   0   0   0   0   0   0   0   0  34   0   0   1   0   0  60   0   0   2  0.41 0.10
   23 A     5  -2  -2  -3  -1  -2  -2  -1  -3  -2  -2  -2  -2  -3  -2   1   0  -3  -3   0   94   0   0   0   0   0   0   0   0   0   0   0   0   0   0   0   2   0   0   4  0.66 0.12
   24 G     0  -3  -1  -2  -3  -2  -3   6  -3  -4  -4  -2  -3  -4  -3   0  -2  -3  -4  -4    4   0   0   0   0   0   0  89   0   0   0   0   0   0   0   7   0   0   0   0  1.15 0.12
   25 L    -2  -3  -3  -4  -2  -3  -3  -2  -3   3   3  -3   2   2  -3  -2  -1  -2  -1   1    0   0   0   0   0   0   0   4   0  33  43   0   3  13   0   4   0   0   0   0  0.33 0.06
   26 L    -2  -3  -4  -4  -2  -3  -4  -4  -4   3   4  -3   2   0  -4  -3  -2  -3  -2   1    0   0   0   0   0   0   0   0   0  28  66   0   3   0   0   0   0   0   0   3  0.54 0.08
   27 I    -2  -4  -4  -4  -2  -3  -4  -5  -4   6   1  -3   2  -1  -4  -3  -1  -3  -2   3    0   0   0   0   0   0   0   0   0  85   0   0   4   0   0   0   0   0   0  11  0.69 0.12
   28 E    -2  -1  -1   1  -5   1   6  -3  -1  -2  -3   0  -3  -4  -2  -1  -2  -4  -3  -3    0   0   0   0   0   0  96   0   0   4   0   0   0   0   0   0   0   0   0   0  1.03 0.15
   29 I    -1  -4  -4  -4  -2  -3  -4  -4  -3   4   1  -3   1   4  -4  -3  -2   3   0   1    3   0   0   0   0   0   0   0   0  59   5   0   2  25   0   0   0   4   0   0  0.48 0.09
   30 N    -3  -1   8   1  -4   0  -1  -1   0  -4  -5  -1  -3  -4  -3   0  -1  -5  -3  -4    0   0  97   0   0   3   0   0   0   0   0   0   0   0   0   0   0   0   0   0  1.22 0.16
   31 R    -2   7  -1  -3  -5   0  -1  -3  -1  -4  -3   2  -2  -4  -3  -2  -2  -4  -3  -4    0 100   0   0   0   0   0   0   0   0   0   0   0   0   0   0   0   0   0   0  1.25 0.16
   32 F    -3  -4  -4  -4  -3  -4  -4  -4  -2  -1   1  -4   0   7  -4  -2  -3   0   2  -1    0   0   0   0   0   0   0   0   0   0  12   0   0  83   0   3   0   0   1   0  1.00 0.13
   33 F    -3  -3  -2  -4  -3  -4  -4  -4  -1  -1   0  -4  -1   7  -4  -3  -3   1   5  -1    0   0   2   0   0   0   0   0   0   0   0   0   0  74   0   0   0   0  19   5  0.98 0.13
   34 P    -2  -3  -3  -2  -4  -2  -2  -3  -3  -4  -4  -2  -4  -5   8  -1  -2  -5  -4  -3    0   0   0   0   0   0   0   0   0   0   0   0   0   0  97   3   0   0   0   0  2.30 0.17
   35 D    -3  -2   2   7  -5  -1   1  -2  -2  -4  -5  -2  -4  -5  -2  -1  -2  -5  -4  -4    0   0   4  96   0   0   0   0   0   0   0   0   0   0   0   0   0   0   0   0  1.32 0.15
   36 P     3  -2  -3  -3  -1  -2  -2  -1  -3   0   2  -2   1  -1   2   0  -1  -3  -2   0   39   0   0   0   0   0   0   3   0   5  33   0   4   0  11   4   0   0   0   1  0.24 0.06
   37 L    -2  -3  -4  -5  -2  -3  -4  -5  -4   1   5  -3   2   0  -4  -3  -2  -2  -2   0    0   0   0   0   0   0   0   0   0   0 100   0   0   0   0   0   0   0   0   0  0.77 0.12
   38 V    -1  -3  -2  -3  -2  -2  -3  -2  -2   1   0  -3   0   4  -3   0   1  -1   2   1    2   0   0   0   0   0   0   2   0  12   4   0   0  35   0   7  17   0   5  16  0.27 0.06
   39 F    -2  -2  -2  -3  -3  -2  -3  -4   6  -1   1  -3   0   5  -4  -3  -2  -1   3  -1    2   0   0   0   0   0   0   0  29   0  18   0   0  45   0   0   0   0   6   1  0.61 0.10
   40 T     0  -3  -2  -2  -3  -2  -2  -2  -3  -3  -4  -2  -3  -4   8   1   0  -4  -1  -3    5   0   0   0   0   0   0   0   0   0   0   0   0   0  74  14   4   0   3   0  1.54 0.13
   41 F    -3  -3  -4  -4  -3  -3  -4  -4  -2   0   2  -4   0   6  -4  -3  -2   0   3  -1    0   0   0   0   0   0   0   0   0   0  28   0   0  63   0   0   0   0   9   0  0.72 0.08

                      K         Lambda
Standard Ungapped    0.1447     0.3344
Standard Gapped      0.0495     0.2670
PSI Ungapped         0.1616     0.3166
PSI Gapped           0.0495     0.2670
