
Last position-specific scoring matrix computed, weighted observed percentages rounded down, information per position, and relative weight of gapless real matches to pseudocounts
            A   R   N   D   C   Q   E   G   H   I   L   K   M   F   P   S   T   W   Y   V   A   R   N   D   C   Q   E   G   H   I   L   K   M   F   P   S   T   W   Y   V
    1 M    -1  -2  -3  -4  -2  -2  -3  -4  -3   2   3  -2   5   0  -3  -2  -1  -2  -1   2    0   0   0   0   0   0   0   0   0   8  39   0  43   0   0   0   0   0   0   9  0.36 0.02
    2 N     1   0   3   0  -2  -1  -1  -1  -1  -1  -2  -1  -1  -2   0   2   1  -3  -1  -1   18   3  23   3   0   0   0   0   0   5   0   0   3   0   3  31   8   0   2   0  0.22 0.02
    3 M    -1  -2  -3  -3   0  -2  -3  -3  -2   2   2  -2   2   3   1  -2   0  -1   0   1    0   0   0   0   2   0   0   0   0  11  31   2  10  24   6   0  10   0   0   4  0.21 0.02
    4 L    -2  -3  -4  -4  -2  -3  -3  -4  -3   2   3  -3   1   4  -3  -2  -1  -1   1   1    0   0   0   0   0   0   0   0   0  15  43   0   0  31   0   2   1   0   0   8  0.36 0.03
    5 I    -2  -3  -4  -4  -2  -3  -3  -4  -3   2   3  -3   2   4  -3  -2  -2  -1   0   1    0   0   0   0   0   0   0   0   0  12  52   0   5  26   0   1   0   0   0   4  0.38 0.03
    6 A     4  -2  -1  -1   0  -1  -1   2  -2  -2  -2  -1  -2  -3  -1   1  -1  -3  -2  -1   75   0   2   1   1   0   0  17   0   0   0   0   0   0   0   3   0   0   0   1  0.41 0.04
    7 Q    -1   2  -1  -1  -3   2   1  -2  -1  -2   0   4  -1  -3  -2  -1  -1  -3  -2  -2    2   7   0   0   0  10   5   0   0   1  14  58   0   0   0   0   2   0   0   0  0.32 0.03
    8 L    -2  -3  -4  -4  -2  -3  -3  -4  -3   1   5  -3   2   0  -3  -3  -2  -2  -1   1    0   0   0   0   0   0   0   0   0   0 100   0   0   0   0   0   0   0   0   0  0.58 0.04
    9 P    -1  -3  -3  -2  -4  -2  -2  -3  -3  -4  -4  -2  -3  -4   8  -1  -2  -5  -4  -3    0   0   0   0   0   0   0   0   0   0   0   0   0   0 100   0   0   0   0   0  2.20 0.07
   10 E    -1  -1  -1   1  -4   2   6  -3  -1  -3  -3   0  -2  -4  -2   0  -1  -4  -3  -2    3   0   0   0   0   0  95   0   0   0   0   0   0   0   0   0   0   0   0   3  0.81 0.05
   11 T     5  -2  -2  -2  -1  -1  -1   0  -2  -1  -2  -1  -1  -3   0   1   0  -3  -2   0   89   0   0   0   0   2   0   0   0   3   0   0   0   0   2   0   4   0   0   0  0.45 0.04
   12 Y    -2  -2  -3  -4  -3  -2  -3  -4   1  -2  -2  -2  -2   3  -4  -2  -2   2   8  -2    0   0   0   0   0   0   0   0   0   0   0   0   0   3   0   0   0   0  97   0  1.15 0.07
   13 S     4  -1  -1  -2  -1   1  -1  -1  -1  -1  -1   0  -1  -3  -1   1   0  -3  -2   0   62   2   2   0   0  12   0   0   0   0   4   2   0   0   0  11   2   0   0   3  0.27 0.03
   14 I     0  -3  -3  -3  -2  -2  -2  -3  -3   2   0  -2   0   2   4  -1  -1  -2  -1   2   13   0   0   0   0   0   0   0   0  28   3   0   1  14  26   0   0   0   0  15  0.35 0.02
   15 F    -3  -3  -4  -4  -3  -3  -4  -4  -2   0   1  -3   0   7  -4  -2  -2   0   3  -1    0   0   0   0   0   0   0   0   0   0  13   0   0  82   0   2   0   0   3   0  0.75 0.05
   16 A     0   0   3   5  -3   0   1   0  -1  -3  -3   0  -3  -3  -2   1  -1  -4  -1  -3   14   6  16  48   0   0   0   3   0   0   0   3   0   0   0   7   0   0   3   0  0.43 0.02
   17 P    -1  -3  -3  -2  -4  -2  -2  -3  -1  -4  -4  -2  -3  -4   8  -1  -2  -4  -3  -3    0   0   0   0   0   0   0   0   2   0   0   0   0   0  98   0   0   0   0   0  2.12 0.07
   18 V    -1  -3  -3  -4  -2  -3  -3  -4  -3   4   3  -3   1   0  -3  -2   0  -3  -2   2    3   0   0   0   0   0   0   0   0  61  29   0   0   0   0   0   5   0   0   2  0.36 0.03
   19 I    -1  -3  -4  -4  -1  -3  -3  -4  -4   3   1  -3   1  -1  -3  -2   0  -3  -2   5    0   0   0   0   0   0   0   0   0  16   0   0   0   0   0   0   0   0   0  84  0.46 0.04
   20 D    -2  -2   2   7  -4  -1   1  -2  -1  -4  -4  -1  -4  -4  -2  -1  -1  -5  -4  -4    0   0   5  95   0   0   0   0   0   0   0   0   0   0   0   0   0   0   0   0  1.07 0.05
   21 I    -1  -3  -3  -2  -1  -3  -3  -4  -4   3   1  -3   1   0  -3  -2  -1  -3  -1   4    0   0   0   2   0   0   0   0   0  18   1   0   0   4   0   0   0   0   0  75  0.38 0.04
   22 L    -1  -2  -3  -4  -2  -2  -3  -4  -3   1   4  -2   5   1  -3  -2  -1  -2  -1   1    2   0   0   0   0   0   0   0   0   0  62   0  35   2   0   0   0   0   0   0  0.44 0.04
   23 P    -1  -3  -3  -2  -4  -2  -2  -3  -3  -4  -4  -2  -3  -4   8  -1  -2  -5  -4  -3    0   0   0   0   0   0   0   0   0   0   0   0   0   0 100   0   0   0   0   0  2.20 0.07
   24 V     0  -3  -3  -4  -1  -3  -3  -4  -3   4   2  -3   1  -1  -3  -2  -1  -3  -2   4    5   0   0   0   0   0   0   0   0  36  11   0   0   0   0   2   0   0   0  46  0.33 0.03
   25 I    -2  -4  -4  -4  -2  -3  -4  -5  -4   6   1  -3   1  -1  -3  -3  -1  -3  -2   3    0   0   0   0   0   0   0   0   0 100   0   0   0   0   0   0   0   0   0   0  0.57 0.05
   26 P    -1  -3  -3  -2  -4  -2  -2  -3  -3  -4  -4  -2  -3  -4   8  -1  -2  -5  -4  -3    0   0   0   0   0   0   0   0   0   0   0   0   0   0 100   0   0   0   0   0  2.20 0.07
   27 I    -1  -3  -4  -4  -1  -3  -3  -4  -4   3   3  -3   1   0  -3  -2  -1  -3  -1   3    0   0   0   0   0   0   0   0   0  13  40   0   0   0   0   0   0   0   0  47  0.37 0.03
   28 L    -2  -3  -4  -4  -2  -3  -4  -4  -2   1   3  -3   1   6  -4  -3  -2   0   2   0    0   0   0   0   0   0   0   0   0   0  41   0   0  59   0   0   0   0   0   0  0.57 0.04
   29 F    -3  -3  -4  -4  -3  -4  -4  -4  -2  -1   0  -4   0   7  -4  -2  -3   1   3  -1    0   0   0   0   0   0   0   0   0   0   0   0   0  98   0   2   0   0   0   0  0.96 0.06
   30 F    -2  -3  -4  -4  -2  -3  -4  -4  -2   1   3  -3   1   5  -4  -3  -2   0   1   0    0   0   0   0   0   0   0   0   0   2  54   0   0  45   0   0   0   0   0   0  0.50 0.03
   31 L     0  -3  -4  -4  -2  -2  -3  -4  -3   1   4  -3   2   0  -3  -2  -1  -2  -2   1   10   0   0   0   0   0   0   0   0   0  90   0   0   0   0   0   0   0   0   0  0.46 0.04
   32 L    -2  -3  -4  -4  -2  -3  -3  -4  -3   1   5  -3   2   0  -3  -3  -2  -2  -1   1    0   0   0   0   0   0   0   0   0   0 100   0   0   0   0   0   0   0   0   0  0.58 0.04
   33 A     5  -2  -2  -2  -1  -1  -1   0  -2  -1  -2  -1  -1  -3  -1   1   0  -3  -2   1   92   0   0   0   0   0   0   0   0   0   0   0   0   0   0   0   0   0   0   8  0.47 0.04
   34 F    -3  -3  -4  -4  -3  -4  -4  -4  -2   0   0  -4   0   7  -4  -3  -3   1   3  -1    0   0   0   0   0   0   0   0   0   0   2   0   0  98   0   0   0   0   0   0  0.97 0.06
   35 V    -1  -3  -4  -4  -1  -3  -3  -4  -4   3   1  -3   0  -1  -3  -2   0  -4  -2   5    0   0   0   0   0   0   0   0   0   0   0   0   0   0   0   0   0   0   0 100  0.51 0.05
   36 W    -3  -4  -5  -5  -3  -3  -4  -3  -3  -3  -2  -4  -2   0  -5  -4  -3  12   2  -3    0   0   0   0   0   0   0   0   0   0   0   0   0   0   0   0   0  98   0   2  2.67 0.09
   37 Q    -1   1   0  -1  -4   7   2  -2   0  -4  -3   1  -1  -4  -2  -1  -1  -3  -2  -3    0   0   0   0   0 100   0   0   0   0   0   0   0   0   0   0   0   0   0   0  0.90 0.07
   38 A     5  -2  -2  -2  -1  -1  -1   0  -2  -2  -2  -1  -1  -3  -1   1   0  -3  -2  -1   96   0   0   0   0   0   0   0   0   0   0   0   0   0   0   4   0   0   0   0  0.52 0.05
   39 S     4  -2  -1  -1  -1  -1  -1   0  -2  -2  -2  -1  -2  -3  -1   3   0  -3  -2  -1   62   0   0   0   0   0   0   0   0   0   0   0   0   0   0  38   0   0   0   0  0.42 0.04
   40 V     0  -3  -4  -4  -1  -3  -3  -4  -4   3   1  -3   1  -1  -3  -2   0  -3  -2   5    2   0   0   0   0   0   0   0   0   7   0   0   0   0   0   0   0   0   0  91  0.47 0.04
   41 G     0   0   0  -1  -2  -1  -1   4  -2  -3  -3   1  -2  -3  -2   3   0  -3  -3  -3    0   2   0   0   0   0   0  44   0   0   0  13   0   0   0  41   0   0   0   0  0.47 0.03
   42 F    -3  -4  -4  -4  -3  -4  -4  -4  -2  -1   0  -4   0   7  -4  -3  -3   1   3  -1    0   0   0   0   0   0   0   0   0   0   0   0   0 100   0   0   0   0   0   0  1.01 0.06
   43 R    -2   6  -1  -2  -4   1   0  -3  -1  -4  -3   3  -2  -3  -3  -1  -2  -3  -2  -3    0  88   0   0   0   0   0   0   0   0   0  12   0   0   0   0   0   0   0   0  0.86 0.05

                      K         Lambda
Standard Ungapped    0.1501     0.3376
Standard Gapped      0.0478     0.2670
PSI Ungapped         0.1562     0.3181
PSI Gapped           0.0478     0.2670
