
Last position-specific scoring matrix computed, weighted observed percentages rounded down, information per position, and relative weight of gapless real matches to pseudocounts
            A   R   N   D   C   Q   E   G   H   I   L   K   M   F   P   S   T   W   Y   V   A   R   N   D   C   Q   E   G   H   I   L   K   M   F   P   S   T   W   Y   V
    1 M    -5  -6  -7  -8  -6  -5  -6  -7  -6  -3  -2  -6  11  -4  -7  -6  -5  -6  -5  -4    0   0   0   0   0   0   0   0   0   0   0   0 100   0   0   0   0   0   0   0  3.58 1.08
    2 A     6  -3  -5  -5  -4  -4  -4  -2  -5  -5  -5  -4  -4  -6   4  -2  -3  -6  -5  -3   73   1   0   0   0   0   0   1   0   0   0   0   0   0  23   1   0   0   0   1  1.53 0.64
    3 N    -5  -1   8  -2  -6  -1  -4  -4   0  -2  -4  -1  -5  -6  -6  -3  -3  -7  -5  -4    0   4  83   0   0   2   0   0   2   3   2   3   0   0   0   0   0   0   0   1  2.05 0.75
    4 I    -3  -4   1  -4  -4  -3  -4  -5   6   5  -2  -2  -3  -4  -5   1   3  -5  -3  -2    0   0   7   0   0   0   0   0  20  38   2   2   0   0   0  10  21   0   0   0  0.88 0.47
    5 K     1   0  -2  -4  -5  -1  -1  -4  -3  -4  -4   6  -3  -6   1  -1  -2  -6  -3  -2   12   2   1   0   0   1   2   0   0   1   1  63   0   0   8   3   2   0   1   3  1.06 0.51
    6 S    -2  -4  -2  -4  -5   3  -3  -3  -4  -6  -6  -3  -5  -6  -4   7  -2  -6  -5  -5    1   0   1   0   0  12   0   1   0   0   0   0   0   0   0  85   1   0   0   0  1.79 0.78
    7 A     6  -4  -1  -4  -2   1  -3  -2  -4  -5  -5  -1  -4  -5  -3   1  -2  -6  -5  -3   75   0   3   0   0   7   0   2   0   0   0   4   0   0   0   8   1   0   0   0  1.26 0.59
    8 K    -1   2  -3  -2  -4   1   2  -4  -3   3   0   4  -1  -4  -4  -2  -2  -5  -4  -2    3   9   0   1   0   4  14   0   0  22  10  33   1   0   0   1   0   0   0   1  0.52 0.34
    9 K    -5  -1  -4  -4  -7  -1  -2  -5  -4  -7  -6   8  -5  -7  -5  -4  -4  -7  -6  -6    0   1   0   0   0   2   1   0   0   0   0  96   0   0   0   0   0   0   0   0  2.37 0.86
   10 R     0   8  -3  -2  -6  -2  -3  -5   0  -6  -5  -1   0  -4  -5  -2  -3  -6  -5  -4    7  80   1   2   0   0   0   0   2   0   0   1   3   1   0   2   1   0   0   1  1.83 0.71
   11 A     2  -4   0  -4  -3  -2  -3  -4   1   4   0  -4  -1  -3  -4  -2   0  -5  -2   3   22   0   6   0   0   1   1   0   4  32   6   0   1   0   0   2   4   0   1  21  0.51 0.32
   12 L    -3   6  -2  -2  -6   0  -1  -4  -3  -1   0   3  -3  -5  -5  -2  -3  -5  -4  -3    1  55   1   1   0   4   4   0   0   4   9  17   0   0   0   2   1   0   0   2  1.04 0.48
   13 Q    -2   0  -3  -4  -5   6  -2  -5  -1   1  -2   2  -3  -5  -4  -2   3  -5  -3   1    2   5   0   0   0  42   0   0   1   9   4  10   0   0   0   1  17   0   0  10  0.77 0.46
   14 S     2  -3   4   0  -4  -1  -2  -3  -3   1  -3  -3  -2  -4  -4   3   2  -5  -4  -2   16   1  27   3   0   2   1   0   0  12   0   0   1   0   0  22  15   0   0   1  0.57 0.37
   15 E     1   0  -1   0  -5   1   5  -4  -2  -1  -2   1  -3  -5  -4  -2  -2  -5  -4   0   11   4   3   2   0   6  46   0   0   5   5   9   0   0   0   0   1   0   0   6  0.60 0.37
   16 R     0   4  -2  -4  -5  -1  -1  -4  -3  -3  -4   5  -4  -5  -4  -2   0  -5  -4  -1    8  25   1   0   0   1   3   0   0   1   1  46   0   0   0   1   6   0   0   5  0.90 0.45
   17 R     1   6   3  -3  -5   1  -2  -4  -1  -4  -4   2  -4  -4  -4  -2  -3  -5  -4  -4   13  51  14   0   0   4   1   0   1   0   1  10   0   1   0   2   0   0   0   1  1.02 0.49
   18 R    -2   6   3  -4  -4  -1  -2  -5   1  -5  -5   0  -4  -3  -5  -2   3  -5  -3  -5    3  51  14   0   0   2   2   0   4   0   0   2   0   1   0   1  20   0   1   0  1.10 0.52
   19 Q     2  -2  -2  -1  -3   2   1  -3  -3   0   3   1   1  -2  -3  -1  -2  -4  -3   0   21   1   2   2   0  10  12   0   0   5  29   8   3   1   0   2   1   0   0   5  0.26 0.23
   20 H    -2   6  -1  -4  -3   0  -1  -5   5   1  -2   0  -3  -3  -5  -2  -3  -5   0   0    3  45   2   0   0   3   3   0  15   8   2   4   0   1   0   1   0   0   3   8  0.80 0.42
   21 N    -5  -3   9  -3  -7  -4  -4  -3  -3  -7  -7  -4  -6  -7  -6  -3  -4  -8  -6  -5    0   1  97   0   0   0   0   1   0   0   0   0   0   0   0   0   0   0   0   1  2.78 0.95
   22 A     2   4  -1  -3  -1   0  -1  -2   0  -2  -3   4  -1  -4  -3   0  -1  -5  -4  -1   16  27   2   0   1   4   1   1   2   2   2  27   1   0   0   6   3   0   0   4  0.50 0.31
   23 S     3  -1  -2  -3  -3  -1  -2  -1  -1  -2  -3  -1   2   0  -2   4  -1  -4   1  -2   30   2   1   0   0   2   1   3   1   2   0   2   5   3   2  36   2   0   6   2  0.49 0.35
   24 R    -1   3  -1  -3  -4   3  -2  -4   0   1   0   0   0   0  -4  -3  -2   1   4   1    4  21   2   1   0  15   1   0   1   9   7   3   2   3   0   0   2   1  16  10  0.36 0.27
   25 R    -2   5  -3  -4  -6  -1  -2  -4  -2  -3  -2   6   0  -5  -4  -2  -2  -6  -5  -3    2  37   0   0   0   1   1   1   1   1   5  46   3   0   0   1   2   0   0   1  1.17 0.53
   26 S    -1  -3  -1  -4  -4  -3  -3  -3  -4  -5  -6   1  -5  -4  -4   6   3  -6  -5  -5    2   0   2   0   0   0   1   1   0   0   0   7   0   0   0  72  14   0   0   0  1.35 0.65
   27 M     2   4  -2  -2  -4   0   1  -2  -1  -3  -3   2   4  -3  -3   0   1  -4  -3  -2   18  23   1   1   0   3  10   1   1   0   1  10  13   1   0   6   9   0   0   1  0.42 0.31
   28 T    -1  -4  -5  -5  -2  -4  -5  -5  -4   3   3  -4   5  -1  -5  -4  -1  -4   0   3    4   0   0   0   0   0   0   0   0  14  28   0  20   2   0   0   3   0   4  24  0.76 0.38
   29 R    -5   7  -2  -5  -7  -2  -3  -5  -1  -6  -6   5  -5  -6  -5  -4  -4  -6  -5  -6    0  57   1   0   0   0   0   0   2   0   0  40   0   0   0   0   0   0   0   0  1.85 0.71
   30 T    -3  -4   2  -4  -4  -3  -2  -2  -3  -4  -4  -2  -4  -4  -5  -1   7  -2  -5  -2    1   0  11   0   0   1   2   2   0   0   1   2   0   1   0   3  75   1   0   1  1.52 0.68
   31 S     3  -2  -2  -4  -2  -1  -2  -3  -2   0   1  -2   0   3  -4   0  -1  -2   3  -1   32   1   1   0   1   3   2   0   0   6  13   1   2  16   0   5   4   0  11   3  0.36 0.27
   32 L    -2  -4  -4  -5  -3  -4  -3  -5  -4   5   0  -4   3  -2  -5  -2   0  -5  -3   4    3   0   0   0   0   0   1   0   0  42   7   1   8   0   0   2   7   0   0  29  0.87 0.41
   33 K    -4   4  -4  -4  -7  -2  -3  -5  -4  -6  -6   7  -5  -7  -5  -4  -3  -7  -5  -6    0  21   0   0   0   0   0   0   0   0   0  78   0   0   0   0   1   0   0   0  1.99 0.76
   34 K     0   3   1  -2  -5   1  -1  -3  -1  -4  -4   6  -3  -5  -4  -1  -2  -5  -4  -4    8  13   7   1   0   4   2   1   2   1   1  54   0   0   0   2   2   0   0   1  0.88 0.44
   35 V     1  -5  -5  -5   2  -4  -5  -5  -4   0   0  -5   0   5  -5  -4  -1  -3   1   5   10   0   0   0   4   0   0   0   0   2   8   0   2  23   0   0   4   0   4  42  0.76 0.39
   36 L    -2   3   0   0  -4   1   3  -4   0   0   1   2  -1  -1  -3  -2  -1  -4   0  -1    1  21   3   4   0   4  22   0   2   6  13  11   1   3   0   0   2   0   3   3  0.31 0.23
   37 A     2   0   0   0  -3   0   3  -2  -1  -2  -1   3  -2  -3  -3   0   0  -4  -2  -1   19   3   3   4   0   3  19   0   1   2   5  22   0   1   0   6   7   0   1   4  0.27 0.21
   38 A     6  -3  -2  -3  -3  -3  -2  -3  -4  -3   0  -2  -1  -2  -3   0  -2  -5  -4  -2   72   1   2   1   0   1   2   0   0   1   9   1   1   2   0   4   1   0   0   2  1.02 0.50
   39 I     0  -4  -4  -4   0  -3  -4  -4  -4   5   2  -2   0  -2  -3  -3  -2  -4  -3   3    7   0   0   0   2   1   1   1   0  39  15   3   1   1   1   1   1   0   0  25  0.66 0.31
   40 A     2  -1   0   1  -3   1   3  -1  -1  -3  -1   1  -2  -3  -2   0   0  -4  -3  -2   25   1   3   8   0   4  27   2   1   1   6   8   0   1   0   5   5   0   0   2  0.32 0.23
   41 S     4  -2   1  -1  -3   0   1   0  -3  -3  -3   0  -3  -4  -2   2   1  -4  -3  -2   37   1   7   1   0   4   8   5   0   1   2   5   0   0   1  18   8   0   0   1  0.40 0.27
   42 G     0  -2   2   0  -4  -2  -2   5  -3  -5  -4   2  -4  -4  -4  -1  -1  -4   0  -4    5   1   9   4   0   1   2  50   0   0   1  13   0   0   0   2   4   0   4   1  0.76 0.35
   43 D    -1  -3   4   6  -5  -2   1  -3  -2  -5  -5  -1  -4  -5  -2  -1  -2  -5  -4  -4    5   1  18  54   0   1   6   1   1   0   1   4   0   0   1   4   1   0   0   1  1.11 0.45
   44 K     1   1  -2  -2  -4   1  -1  -3   0   0  -1   5  -2  -3  -2  -1  -1  -4  -1   0   13   6   1   2   0   5   3   1   2   5   6  42   0   1   1   2   2   0   2   7  0.40 0.27
   45 A     1  -2   2   3  -4   0   4  -2  -2  -3  -4   0  -4  -5  -1   0   0  -5  -3  -3   16   0   8  16   0   2  33   2   0   1   1   5   0   0   2   6   7   0   1   1  0.52 0.31
   46 S     2  -1   2   1  -3   0   2  -2  -2  -2  -1   2  -2  -3  -1   0   0  -4  -3  -1   24   1  11   6   0   4  17   2   0   1   5  12   0   1   2   6   5   0   0   4  0.26 0.21
   47 A     6  -4  -2  -4  -2  -3  -2  -3  -4   0  -1  -2  -1  -4  -4  -1  -2  -5  -4   1   70   0   1   0   1   0   2   0   0   4   4   2   1   0   0   3   2   0   0  10  0.99 0.50
   48 Q     0   0   0  -1  -3   3   2  -2  -2  -1   0   2   0  -3  -2   0   1  -3  -2  -1    8   3   4   2   0  17  15   2   0   3   9  12   2   0   1   4  10   0   0   5  0.20 0.17
   49 A     2  -2   0   1  -3   1   3  -2  -2  -3  -2   1  -3  -3  -2   0   1  -4  -3  -1   24   1   4   7   0   5  25   1   0   1   3   9   0   1   1   5  10   0   0   3  0.35 0.25
   50 A     4  -2  -2  -3  -2  -1  -1  -2  -3  -1   2   0   0   0  -3  -1  -1  -4  -2   0   40   2   2   0   1   3   3   2   0   2  24   5   1   4   1   4   3   0   1   5  0.33 0.26
   51 F    -3  -4  -5  -6  -4  -3  -5  -5  -2   0   4  -5   2   5  -5  -4  -3  -1   4   0    2   0   0   0   0   1   0   0   1   3  39   0   5  28   0   0   0   0  14   5  0.92 0.41
   52 A     0   3   2  -1  -4   1  -2  -2  -2  -2  -2   3  -2  -4   0   1   0  -4  -2   0    8  18  10   2   0   6   0   2   0   2   3  20   0   0   5  14   3   0   1   7  0.29 0.22
   53 A     2   0   0   0  -3   0   1  -2  -1   0  -1   2  -1  -1  -3   1   0  -4  -2   0   20   2   4   4   0   4  12   1   1   5   5  15   0   3   0  10   4   0   0   9  0.13 0.14
   54 A     6  -4  -4  -5  -2  -4  -4  -3  -4  -1  -2  -4   2  -2  -4  -1   0  -5  -2   2   64   0   0   0   0   0   0   0   0   3   3   0   5   2   0   3   4   0   2  14  0.94 0.50
   55 T     0  -2   0  -3  -3   4   1  -3   1   0  -2  -1  -1   1  -3   1   0  -3   3   1    7   0   4   0   0  21   8   1   3   6   1   1   2   5   0  12   5   0  11  14  0.28 0.25
   56 P    -1   1  -3  -3  -4   0  -3  -3  -1  -5  -5   3  -4  -5   4   4  -2  -6  -4  -4    4   8   0   0   0   3   0   1   1   0   0  22   0   0  18  41   1   0   0   1  0.86 0.47
   57 L     1   0  -1  -2  -2   0   1  -3  -2   1   0   2   1  -2  -3  -1   0  -4  -2   1   14   3   3   1   1   3  11   0   0   9  10  20   4   1   0   3   3   0   1  13  0.16 0.17
   58 I    -2  -5  -6  -6  -4  -5  -6  -6  -5   6   4  -5   1  -1  -5  -5  -3  -5  -2   2    2   0   0   0   0   0   0   0   0  44  39   0   2   2   0   0   0   0   1  10  1.10 0.46
   59 D    -3  -5  -2   8  -7  -1  -2  -4   2  -6  -6  -4   3  -5  -5  -2  -4  -7  -3  -6    3   0   1  78   0   2   0   1   5   0   0   0   8   0   0   1   0   0   1   0  1.88 0.71
   60 R    -3   5  -3  -4  -6   1  -2  -4   0  -4  -5   6  -1  -6  -4   0   0  -6  -4  -4    0  29   0   0   0   4   0   1   2   1   0  48   2   0   0   5   6   0   0   0  1.12 0.52
   61 M     5  -4  -4  -4   1  -1  -3   0  -2   0   0  -3   2  -2  -4  -1  -1  -4   0  -1   55   0   0   0   3   2   0   7   1   5   8   0   5   2   0   3   3   0   3   2  0.61 0.38
   62 A     5  -4  -4  -5  -3  -3  -3  -1  -2  -1  -2  -2  -3  -4  -4   0  -2  -5  -3   4   53   0   0   0   0   0   1   3   1   1   1   2   0   0   0   4   1   0   1  31  0.88 0.48
   63 T     0   1   0   1  -2   1  -1  -1  -3  -3  -3   3  -3  -4  -3   3   2  -5  -4  -1    7   6   5   7   1   7   1   3   0   1   1  22   0   0   0  26  11   0   0   4  0.38 0.28
   64 K    -3   2  -3  -4  -4  -1  -3  -4  -1  -5  -6   7  -5  -6  -4  -2  -1  -6  -5  -3    1  10   0   0   0   1   0   1   2   1   0  78   0   0   0   2   3   0   0   1  1.64 0.68
   65 G    -3  -1   3  -3  -6  -3  -4   7  -2  -7  -7   0  -6  -6  -5  -2  -4  -6  -6  -6    0   3  12   0   0   0   0  74   1   0   0   6   0   0   0   2   0   0   0   0  1.62 0.61
   66 L    -1  -5  -5  -5  -3  -4  -5  -5  -5   4   2  -3  -1  -1  -5  -3   0  -4  -1   4    4   0   0   0   0   0   0   0   0  29  20   1   0   1   0   0   5   0   2  37  0.82 0.39
   67 I    -4  -6  -6  -6  -4  -5  -6  -6  -5   6   2  -5   0   2  -6  -5  -3  -4   0   1    0   0   0   0   0   0   0   0   0  59  19   0   2  10   0   0   0   0   3   7  1.22 0.50
   68 H    -3  -4  -3  -5  -7  -3  -4  -6  11  -7  -7   2  -5  -5  -3  -2  -4  -6  -2  -5    2   0   0   0   0   0   0   0  80   0   0  12   0   0   1   3   0   0   0   1  2.76 0.91
   69 K     0   2  -2  -2  -5   0  -2  -4  -2  -4  -3   6  -4  -5   0  -1  -2  -1  -4  -5    8  11   1   2   0   2   0   0   1   1   3  60   0   0   5   4   1   1   0   0  1.00 0.49
   70 N    -4  -3   9  -2  -6  -2  -3  -3  -3  -7  -7   0  -6  -7  -6  -2  -4  -7  -6  -7    1   1  89   0   0   1   1   1   0   0   0   6   0   0   0   1   0   0   0   0  2.36 0.84
   71 K     0   0   3  -3  -5   1  -1  -4  -3  -4  -5   5  -2  -3  -4  -1   4  -5  -3  -3    6   3  14   0   0   6   2   0   0   0   0  41   1   1   0   1  25   0   1   0  0.79 0.44
   72 A     7  -4  -5  -5  -4  -4  -4   1  -5  -4  -5  -4  -4  -6  -4  -2  -3  -6  -5  -1   86   0   0   0   0   0   0   9   0   1   0   0   0   0   0   1   0   0   0   3  1.62 0.68
   73 A     5  -3   0  -1  -4  -3  -3  -2  -4  -5  -4  -3  -4  -5  -4   3  -2  -6  -5  -3   61   1   5   3   0   0   0   2   0   0   0   1   0   0   0  26   0   0   0   1  1.08 0.54
   74 R    -4   8   3  -5  -7  -3  -4  -6  -1  -7  -6  -1  -5  -7  -6  -4  -5  -7  -5  -6    1  85  12   0   0   0   0   0   1   0   0   1   0   0   0   0   0   0   0   0  2.22 0.78
   75 H    -3   2  -1   0  -2   1  -1  -4   4  -1  -1   5  -1  -4  -4  -2  -1  -5   0  -3    1  12   3   6   1   4   2   0  10   4   6  43   1   0   0   1   2   0   3   1  0.59 0.34
   76 K    -3  -1  -4  -4  -6  -2  -3  -5  -4   1  -3   7  -1  -4  -4  -2  -4  -6  -4   1    1   0   0   0   0   0   0   0   0   9   1  73   1   1   0   2   0   0   0  11  1.37 0.60
   77 S     1  -2  -3  -4  -4  -4  -3  -3  -4  -5  -6  -3  -5  -6  -4   7  -2  -6  -5  -5    9   1   0   0   0   0   0   1   0   0   0   1   0   0   0  87   0   0   0   0  1.77 0.75
   78 R    -1   7   0  -3  -6   0  -3  -3  -2  -5  -5   2  -3  -6  -5  -2  -4  -6  -5  -4    4  70   3   1   0   4   0   2   1   0   0  12   1   0   0   2   0   0   0   1  1.51 0.59
   79 L    -3  -5  -4  -6  -4  -5  -6  -6  -6   1   6  -5   3  -1  -6  -5  -2  -5  -3  -1    1   0   1   0   0   0   0   0   0   5  83   0   6   1   0   0   2   0   0   2  1.41 0.55
   80 S     3  -3   2  -1  -1  -1  -2  -3   0  -3  -3  -2   2  -2  -3   2   2  -4  -1  -1   33   0   9   4   1   2   1   0   3   0   1   0   7   2   0  19  14   0   2   3  0.42 0.30
   81 A     3   2  -1  -3  -2   0  -1  -2   0  -2   0   4  -2  -3  -3   0  -1  -5  -3  -2   26  11   2   0   1   4   2   1   3   1  10  32   0   0   0   4   3   0   0   1  0.42 0.29
   82 Q     1   3  -1  -3  -4   1  -1  -3   1  -2   1   3   0  -1  -3  -1  -2  -4   0  -2   17  20   2   0   0   7   1   0   3   2  14  22   2   3   0   1   1   0   4   1  0.33 0.25
   83 I    -1  -5  -4  -5  -3  -4  -5  -5  -4   4   2  -3   0   1  -5  -4  -3  -4   0   4    4   0   1   0   0   0   0   0   0  26  22   1   1   7   0   0   0   0   4  34  0.74 0.34
   84 K     0   0   6  -2  -5  -1  -2  -3  -2  -6  -6   5  -4  -6  -4  -1  -3  -6  -5  -5    8   3  43   1   0   1   1   0   0   0   0  40   0   0   0   3   0   0   0   0  1.19 0.51
   85 A     4  -1  -1  -3  -3   0  -2  -1  -3  -4  -3   4  -3  -5  -2   1   1  -5  -4  -2   39   1   3   0   0   4   0   4   0   0   1  29   0   0   1  10   7   0   0   2  0.59 0.34
   86 L    -2  -3  -5  -6  -3  -4  -5  -5  -4   3   5  -4   5   0  -5  -4  -3  -4  -1   1    2   1   0   0   0   0   0   0   0  16  55   0  15   2   0   1   0   0   2   6  0.88 0.34
   87 A     5  -3  -3  -3  -3  -3  -3   2  -3  -4  -4  -3  -3  -4  -3   3  -2  -5  -4  -3   65   0   0   0   0   0   0  15   0   0   0   0   0   0   0  20   0   0   0   0  0.93 0.34

                      K         Lambda
Standard Ungapped    0.1184     0.3151
Standard Gapped      0.0592     0.2670
PSI Ungapped         0.1934     0.3175
PSI Gapped           0.0592     0.2670
