
Last position-specific scoring matrix computed, weighted observed percentages rounded down, information per position, and relative weight of gapless real matches to pseudocounts
           A  R  N  D  C  Q  E  G  H  I  L  K  M  F  P  S  T  W  Y  V   A   R   N   D   C   Q   E   G   H   I   L   K   M   F   P   S   T   W   Y   V
    1 Y   -2 -2 -2 -3 -2 -1 -2 -3  2 -1 -1 -2 -1  3 -3 -2 -2  2  7 -1    0   0   0   0   0   0   0   0   0   0   0   0   0   0   0   0   0   0   0   0  0.00     0.00
    2 G    0 -2  0 -1 -2 -2 -2  6 -2 -4 -4 -2 -3 -3 -2  0 -2 -2 -3 -3    0   0   0   0   0   0   0   0   0   0   0   0   0   0   0   0   0   0   0   0  0.00     0.00
    3 N   -2  0  6  1 -3  0  0  0  1 -3 -3  0 -2 -3 -2  1  0 -4 -2 -3    0   0   0   0   0   0   0   0   0   0   0   0   0   0   0   0   0   0   0   0  0.00     0.00
    4 T    3 -1 -1 -2 -1 -1 -1 -1 -2 -1 -1 -1 -1 -2 -1  1  4 -3 -2  0   47   0   0   0   0   0   0   0   0   0   0   0   0   0   0   0  53   0   0   0  0.34 0.01
    5 G    0 -3 -1 -2 -3 -2 -3  6 -3 -4 -4 -2 -3 -4 -3 -1 -2 -3 -4 -4    0   0   0   0   0   0   0 100   0   0   0   0   0   0   0   0   0   0   0   0  1.22 0.07
    6 G    0 -3 -1 -2 -3 -2 -2  6 -2 -4 -4 -2 -3 -4 -2  0 -2 -3 -3 -4    0   0   0   0   0   0   0  91   0   0   0   0   0   0   0   9   0   0   0   0  1.08 0.07
    7 Y   -2 -3 -4 -4 -2 -3 -3 -4 -2  2  1 -3  0  0 -4 -3 -2  9  2  1    0   0   0   0   0   0   0   0   0  18  15   0   0   0   0   0   0  41   9  17  0.89 0.06
    8 T    1  2  0 -1 -2  0  1 -1 -1  0 -2  2 -1 -3 -1  2  1 -3 -2 -1    8  15   0   0   0   0  13   0   0  10   0  13   0   0   0  33   8   0   0   0  0.21 0.03
    9 P   -2 -2  1  2 -4 -1 -1 -2 -2 -4 -4 -1 -3 -4  7 -1 -1 -4 -4 -3    0   0  10  14   0   0   0   0   0   0   0   0   0   0  76   0   0   0   0   0  1.56 0.09
   10 V    0 -2 -3 -3 -1 -2 -2 -3 -3  4  1 -2  1 -1 -2 -2 -1 -3 -1  3    9   1   1   1   0   1   1   1   0  44   1   1   0   0   1   1   1   0   0  37  0.28 0.04
   11 P    0  1 -1 -1 -2  0  0  1 -1 -3 -3  1 -2 -3  4  0  0 -3 -2 -2    9  12   0   0   0   0   7  14   0   0   1  15   0   0  24   6   8   0   0   0  0.37 0.02
   12 D   -2  1  5  4 -3  0  0 -1  0 -4 -4  0 -3 -4 -2  1 -1 -4 -3 -3    0   8  57  28   0   0   0   0   0   0   0   0   0   0   0   6   0   0   0   0  0.67 0.07
   13 I    0 -2 -2 -2 -2 -1  1 -3 -2  2  1 -1  0 -1  2 -1 -1 -3 -2  3    8   0   0   0   0   0  19   0   0  21   7   0   0   0  10   0   0   0   0  34  0.20 0.03
   14 D   -1 -1  5  2 -3 -1  0  1 -1 -3 -3 -1 -2 -3 -2  1  2 -4 -3 -3    0   0  52  14   0   0   0   8   0   0   0   0   0   0   0   8  18   0   0   0  0.51 0.05
   15 D   -1 -2  1  6 -3 -1  1 -2 -2 -4 -4 -1 -3 -4 -2  1 -1 -5 -3 -3    0   0   0  83   0   0   0   0   0   0   0   0   0   0   0  17   0   0   0   0  0.93 0.08
   16 I    0 -3 -3 -3 -2 -2 -2 -3 -3  0  1 -2  0 -2  6 -1 -1 -3 -3 -1    7   0   0   0   0   0   0   0   0   8  27   0   0   0  58   0   0   0   0   0  1.00 0.06
   17 H   -2  0  0  2 -4  3  3 -2  6 -4 -3  0 -2 -3 -2 -1 -2 -3  0 -3    0   0   0  14   0  19  31   0  35   0   0   0   0   0   0   0   0   0   0   0  0.60 0.06
   18 V   -1 -3 -3 -3 -1 -3 -3 -4 -3  3  1 -3  1  2 -3 -2  1 -2 -1  4    0   0   0   0   0   0   0   0   0  15  11   0   0  10   0   0   8   0   0  55  0.31 0.04
   19 V   -1  0 -1 -1 -3  5  2 -3 -1  1 -1  0  0 -3 -2 -1 -1 -3 -2  2    0   0   0   0   0  57   8   0   0   8   0   0   0   0   0   0   0   0   0  27  0.39 0.07
   20 E    0 -1  0  3 -3  1  5 -2 -1 -3 -3  0 -3 -4 -2  1 -1 -4 -3 -3    8   0   0  23   0   0  61   0   0   0   0   0   0   0   0   8   0   0   0   0  0.62 0.06
   21 I    0 -3 -3 -4 -1 -2 -3 -3 -3  2  3 -3  1  0 -3 -2 -1 -2 -2  2   12   0   0   0   0   0   0   0   0  13  60   0   0   0   0   0   0   0   0  15  0.34 0.04
   22 A    4 -2 -2 -2 -1 -1 -2  3 -2 -2 -2 -1 -2 -3 -2  1 -1 -3 -3 -1   72   0   0   0   0   0   0  28   0   0   0   0   0   0   0   0   0   0   0   0  0.53 0.06
   23 N   -1  5  1 -1 -3  2  1  0 -1 -3 -3  2 -2 -3 -2 -1 -1 -3 -2 -1    0  52   8   0   0   7  12   8   0   0   0   8   0   0   0   0   0   0   0   6  0.43 0.05
   24 Y   -3 -3 -4 -4 -3 -3 -4 -4 -1 -1 -1 -3 -1  6 -4 -3 -3  7  4 -2    0   0   0   0   0   0   0   0   0   0   0   0   0  63   0   0   0  22  15   0  1.05 0.08
   25 A    5 -2 -2 -2 -1 -1 -1  0 -2 -2 -2 -1 -1 -3 -1  1  0 -3 -2 -1  100   0   0   0   0   0   0   0   0   0   0   0   0   0   0   0   0   0   0   0  0.62 0.09
   26 V   -1 -3 -4 -4 -1 -3 -3 -4 -4  3  1 -3  0 -1 -3 -2 -1 -3 -2  5    0   0   0   0   0   0   0   0   0  15   0   0   0   0   0   0   0   0   0  85  0.53 0.07
   27 T    1 -1  1  1 -2  2  2 -1 -1 -2 -2  0 -1 -3 -1  1  2 -3 -2 -2   15   0   6   8   0  17  22   0   0   0   0   0   0   0   0  13  20   0   0   0  0.30 0.03
   28 E   -1  1  0  2 -4  1  5 -3 -1 -4 -3  0 -3 -4 -2 -1 -1 -4 -3 -3    0   8   0  10   0   0  81   0   0   0   0   0   0   0   0   0   0   0   0   0  0.79 0.08
   29 Y   -2 -1  1 -2 -3  0  0 -3  7 -3 -3 -1 -2  1 -3 -1 -2  0  5 -3    0   0   7   0   0   0   7   0  50   0   0   0   0   0   0   0   0   0  36   0  0.77 0.08
   30 N   -2 -1  6  2 -3  0 -1 -1  0 -4 -4 -1 -3 -4 -2  1  0 -4 -3 -3    0   0  85   7   0   0   0   0   0   0   0   0   0   0   0   8   0   0   0   0  0.87 0.09
   31 K    1  2  1 -1 -3  1  0  1 -1 -3 -3  3 -2 -3 -2  0 -1 -3 -2 -2   20  14  10   0   0   6   0   8   0   0   0  42   0   0   0   0   0   0   0   0  0.32 0.04
   32 K   -1  2  0  0 -4  3  3 -2 -1 -3 -3  4 -2 -4 -2 -1 -1 -3 -2 -3    0  11   0   0   0  13  30   0   0   0   0  45   0   0   0   0   0   0   0   0  0.54 0.05
   33 S    2  0  0 -1 -2  2  1 -1 -1 -2 -2  1 -1 -3 -1  3  1 -3 -2 -1   26   0   0   0   0  15  10   0   0   0   0   7   0   0   0  33   8   0   0   0  0.30 0.04
   34 G   -1  0  3  0 -3  6  1  0  0 -4 -3  0 -1 -4 -2  0 -1 -3 -2 -3    0   0  26   0   0  66   0   8   0   0   0   0   0   0   0   0   0   0   0   0  0.64 0.08
   35 V   -1 -3 -4 -4 -1 -3 -3 -4 -4  2  1 -3  1 -1 -3 -2 -1 -3 -2  5    0   0   0   0   0   0   0   0   0   0  10   0   0   0   0   0   0   0   0  90  0.51 0.08
   36 V   -1 -3 -4 -4 -1 -3 -3 -4 -4  2  0 -3  0 -1 -3 -2  0 -4 -2  5    0   0   0   0   0   0   0   0   0   0   0   0   0   0   0   0   0   0   0 100  0.59 0.09
   37 A    4 -2 -1 -1 -1 -1 -1  0 -2 -2 -2 -1 -2 -3 -1  3  0 -3 -2 -1   55   0   0   0   0   0   0   0   0   0   0   0   0   0   0  45   0   0   0   0  0.46 0.06
   38 G    0 -3 -1 -2 -3 -2 -3  6 -3 -4 -4 -2 -3 -4 -3 -1 -2 -3 -4 -4    0   0   0   0   0   0   0 100   0   0   0   0   0   0   0   0   0   0   0   0  1.27 0.09
   39 V    1 -2 -2 -2  3 -1 -2 -2 -2  0  0 -2  3 -2 -2  0  3 -3 -2  1   12   0   0   0   8   0   0   0   0   0   0   0  25   0   0   0  40   0   0  15  0.26 0.05
   40 N   -2  0  4 -1 -3  0 -1 -2 -1 -1  0  2  4 -2 -2 -1 -1 -3 -2 -1    0   0  42   0   0   0   0   0   0   0   6  20  32   0   0   0   0   0   0   0  0.33 0.07
   41 Y   -2 -2 -2 -3 -3 -2 -2 -4  5 -2 -2 -2 -2  2 -4 -2 -2  1  8 -2    0   0   0   0   0   0   0   0  16   0   0   0   0   0   0   0   0   0  84   0  1.10 0.11
   42 R   -2  4 -1  0 -4  0 -1 -3  3 -3 -2  0 -2  1 -3 -2 -2  0  5 -2    0  42   0   8   0   0   0   0   8   0   0   0   0   0   0   0   0   0  42   0  0.55 0.07
   43 F   -2 -3 -4 -4 -2 -3 -3 -4 -3  2  4 -3  1  3 -4 -3 -2 -1  0  1    0   0   0   0   0   0   0   0   0  10  68   0   0  21   0   0   0   0   0   0  0.47 0.05
   44 V   -1 -1 -1 -1 -2 -1  0 -2 -2  0 -1  1 -1 -2 -2  0  4 -3 -2  2    0   0   0   0   0   0   7   0   0   0   0  13   0   0   0   0  57   0   0  23  0.31 0.06
   45 L   -1 -3 -3 -4 -1 -2 -3 -4 -3  4  2 -3  3  0 -3 -2 -1 -3 -2  3    0   0   0   0   0   0   0   0   0  41  25   0  12   0   0   0   0   0   0  22  0.38 0.04
   46 K   -1  0 -1  1 -4  2  5 -2  0 -4 -3  2 -2 -4 -1  0 -1 -3 -2 -3    0   0   0   0   0   0  86   0   0   0   0  14   0   0   0   0   0   0   0   0  0.75 0.05

                      K         Lambda
Standard Ungapped    0.1392     0.3159
Standard Gapped      0.0426     0.2670
PSI Ungapped         0.1393     0.3178
PSI Gapped           0.0426     0.2670
