
Last position-specific scoring matrix computed, weighted observed percentages rounded down, information per position, and relative weight of gapless real matches to pseudocounts
            A   R   N   D   C   Q   E   G   H   I   L   K   M   F   P   S   T   W   Y   V   A   R   N   D   C   Q   E   G   H   I   L   K   M   F   P   S   T   W   Y   V
    1 H    -2  -1   0  -2  -4   0  -1  -3   9  -4  -3  -1  -2  -1  -3  -2  -2  -2   3  -4    0   0   0   0   0   0   0   0  90   0   0   0   0   0   0   0   0   0  10   0  1.22 0.10
    2 S     2  -1   0  -1  -1  -1  -1   1  -1  -3  -3  -1  -2  -3  -1   4   1  -3  -2  -2   19   0   0   0   0   0   0   6   0   0   0   0   0   0   0  70   5   0   0   0  0.45 0.06
    3 Q    -1   0   0   2  -4   4   4  -2   0  -4  -3   1  -2  -4  -2   0  -1  -3  -2  -3    0   0   0  11   0  40  49   0   0   0   0   0   0   0   0   0   0   0   0   0  0.69 0.06
    4 G     0  -3  -1   0  -3  -2  -2   6  -2  -4  -4  -2  -3  -4  -3  -1  -2  -3  -4  -4    0   0   0   7   0   0   0  93   0   0   0   0   0   0   0   0   0   0   0   0  1.12 0.07
    5 T     0  -2  -1  -2  -1  -1  -1  -2  -2   0  -1  -1   1  -2  -2   1   5  -3  -2   0    0   0   0   0   0   0   0   0   0   4   0   0   9   0   0   7  80   0   0   0  0.52 0.07
    6 F    -3  -3  -4  -4  -3  -4  -4  -4  -1  -1   0  -4  -1   7  -4  -3  -3   1   4  -1    0   0   0   0   0   0   0   0   0   0   0   0   0  89   0   0   0   0  11   0  1.02 0.09
    7 T     0  -2   0  -1  -1  -1  -1  -2  -2   0  -1  -1  -1  -2  -2   2   5  -3  -2   0    0   0   0   0   0   0   0   0   0   9   0   0   0   0   0  22  69   0   0   0  0.47 0.07
    8 S     0  -1   4   0  -2   0  -1  -1  -1  -3  -3  -1  -2  -3  -2   4   1  -4  -2  -3    0   0  38   0   0   0   0   0   0   0   0   0   0   0   0  62   0   0   0   0  0.56 0.07
    9 D    -2  -2   1   6  -4  -1   2  -2  -1  -4  -4  -1  -3  -3  -2  -1  -2  -4   0  -4    0   0   0  87   0   0   7   0   0   0   0   0   0   0   0   0   0   0   5   0  0.99 0.08
   10 Y    -2  -2  -3  -4  -3  -2  -3  -4   1  -1   0  -3  -1   3  -3  -2  -2   1   7   0    0   0   0   0   0   0   0   0   0   0  11   0   0   4   0   0   0   0  75  11  0.81 0.08
   11 S     1  -1   2  -1  -1  -1  -1  -1  -1  -3  -3  -1  -2  -3  -1   5   1  -3  -2  -2    0   0   7   0   0   0   0   0   0   0   0   0   0   0   0  89   4   0   0   0  0.59 0.08
   12 K    -1   1  -1  -1  -3   1   0  -2  -1  -1  -2   5  -1  -3  -2   1  -1  -3  -2  -2    0   0   0   0   0   0   0   0   0   9   0  81   0   0   0  11   0   0   0   0  0.50 0.07
   13 Y     0  -2  -2  -3  -3   1  -2  -3   3  -2  -2  -2  -1   2  -3  -2  -2   1   7  -2    9   0   0   0   0  11   0   0   6   0   0   0   0   3   0   0   0   0  71   0  0.75 0.08
   14 L    -2  -2  -3  -3  -2   1  -2  -4  -2   1   4  -2   4   0  -3  -2  -1  -2  -1   0    0   0   0   0   0  11   0   0   0   0  67   0  21   0   0   0   0   0   0   0  0.41 0.05
   15 D    -2  -1   0   5  -4   2   4  -2  -1  -4  -4   0  -3  -4  -2  -1  -1  -4  -3  -3    0   0   0  44   0  11  46   0   0   0   0   0   0   0   0   0   0   0   0   0  0.74 0.06
   16 T     0  -1   2   2  -2   0   3  -1  -1  -2  -3   1  -2  -3  -1   1   1  -3  -2  -1    7   0  10  13   0   0  27   0   0   0   0   9   0   0   0  16  13   0   0   4  0.29 0.03
   17 R    -1   4  -1  -1  -3   2   2  -2  -1  -1  -2   3  -1  -3  -2  -1  -1  -3  -2  -2    0  43   0   0   0  13  14   0   0   9   0  22   0   0   0   0   0   0   0   0  0.45 0.04
   18 R     1   3  -1  -2  -2   1   0  -2   4  -2  -1   1   1  -2  -2  -1  -1  -2   0  -2   21  34   0   0   0   9   0   0  20   0   3   3   8   0   0   0   0   0   3   0  0.29 0.04
   19 A     4  -2  -2  -2  -1   1  -1  -1  -2  -1  -2  -1  -1  -3  -1   1   0  -3  -2   1   77   0   0   0   0   9   0   0   0   0   0   0   0   0   0   0   4   0   0  11  0.38 0.06
   20 Q    -1   3   0  -1  -4   5   1  -2   0  -3  -3   3  -1  -4  -2  -1  -1  -3  -2  -3    0  16   0   0   0  49   0   0   0   0   0  35   0   0   0   0   0   0   0   0  0.61 0.06
   21 D    -2  -1   0   5  -4   1   3  -2  -1  -3  -1   0  -2  -3  -2  -1  -1  -4  -3  -3    0   0   0  53   0   4  32   0   0   0  11   0   0   0   0   0   0   0   0   0  0.62 0.05
   22 F    -3  -3  -4  -4  -3  -4  -4  -4  -2  -1   0  -4   0   7  -4  -3  -3   0   3  -1    0   0   0   0   0   0   0   0   0   0   0   0   0 100   0   0   0   0   0   0  1.12 0.10
   23 V    -1  -3  -3  -4  -1  -3  -3  -4  -4   3   1  -3   1  -1  -3  -2  -1  -3  -2   4    0   0   0   0   0   0   0   0   0  11  12   0   0   0   0   0   0   0   0  77  0.46 0.06
   24 Q    -1   1   1   1  -3   4   3  -2   2  -2  -3   1  -1  -3  -2   1   0  -3  -2  -2    0   5   9   3   0  36  21   0   5   3   0   4   0   0   0  11   4   0   0   0  0.38 0.04
   25 W    -3  -4  -5  -5  -3  -3  -4  -3  -3  -3  -2  -4  -2   0  -5  -4  -3  12   2  -4    0   0   0   0   0   0   0   0   0   0   0   0   0   0   0   0   0 100   0   0  2.94 0.15
   26 L    -2  -3  -4  -4  -2  -3  -3  -4  -3   1   5  -3   2   0  -3  -3  -2  -2  -1   0    0   0   0   0   0   0   0   0   0   0 100   0   0   0   0   0   0   0   0   0  0.64 0.07
   27 M    -1   0  -2  -3  -2  -1  -1  -3  -2   1   2   2   5  -1  -2  -2  -1  -2  -2   0    0   0   0   0   0   0   0   0   0   8  25  27  40   0   0   0   0   0   0   0  0.26 0.05
   28 S     1  -1   5   0  -2   0   0  -1   0  -3  -3   1  -2  -3  -2   2   0  -4  -2  -3   12   0  62   0   0   0   0   0   0   0   0   8   0   0   0  18   0   0   0   0  0.53 0.05
   29 T     1  -1   2  -1  -1  -1  -1  -1  -1  -2  -2  -1  -1  -3  -1   3   4  -3  -2  -1    5   0  10   0   0   0   0   0   0   0   0   0   0   0   0  34  51   0   0   0  0.38 0.02

                      K         Lambda
Standard Ungapped    0.1262     0.3196
Standard Gapped      0.0428     0.2670
PSI Ungapped         0.1400     0.3181
PSI Gapped           0.0428     0.2670
