
Last position-specific scoring matrix computed, weighted observed percentages rounded down, information per position, and relative weight of gapless real matches to pseudocounts
            A   R   N   D   C   Q   E   G   H   I   L   K   M   F   P   S   T   W   Y   V   A   R   N   D   C   Q   E   G   H   I   L   K   M   F   P   S   T   W   Y   V
    1 M    -2  -3  -4  -5  -3  -2  -3  -4  -3   0   1  -3   9  -1  -4  -3  -2  -3  -2  -1    0   0   0   0   0   0   0   0   0   0   0   0 100   0   0   0   0   0   0   0  1.51 0.27
    2 S     1  -2   0  -2  -2  -1  -2  -2  -2  -1  -1   0  -1  -3  -2   2   4  -3  -2   1    9   0   5   0   0   0   0   0   0   0   4   5   0   0   0  20  42   0   0  15  0.35 0.13
    3 Y    -5  -5  -6  -7  -6  -5  -6  -7   1  -5  -4  -6  -4   5  -7  -5  -5  -1   9  -5    0   0   0   0   0   0   0   0   2   0   0   0   0  24   0   0   0   0  73   0  2.55 0.69
    4 A     7  -5  -5  -5  -4  -4  -4  -3  -5  -5  -5  -4  -4  -6  -4  -2  -3  -6  -5  -1   97   0   0   0   0   0   0   0   0   0   0   0   0   0   0   0   0   0   0   3  1.98 0.68
    5 I    -4  -6  -6  -6  -4  -5  -6  -6  -6   6   0  -5  -2  -3  -6  -5  -2  -6  -4   5    0   0   0   0   0   0   0   0   0  56   6   0   0   0   0   0   1   0   0  37  1.46 0.49
    6 I    -2  -5  -6  -6  -4  -5  -6  -6  -6   6   0  -5  -1   3  -5  -5  -3  -5  -3   4    2   0   0   0   0   0   0   0   0  50   4   0   1  11   0   0   0   0   0  32  1.22 0.44
    7 E    -2   2  -3   0  -5   2   4  -4   1  -4  -4   4  -2  -5  -4  -2  -2  -5  -3  -1    2   8   0   3   0   8  36   0   3   1   1  31   1   0   0   1   1   0   1   4  0.79 0.36
    8 A     1  -4  -1  -1  -1  -3  -3  -3  -2   2  -1  -3  -1  -1  -4   1   5  -4  -2  -1   14   0   3   2   1   0   0   1   1  17   3   0   1   3   0   8  42   0   1   2  0.56 0.32
    9 G    -1  -1   0  -3  -2  -1  -4   6   1  -6  -4  -2  -5  -5  -4   2  -3  -5  -5  -5    4   3   4   1   1   3   0  64   3   0   2   2   0   0   0  14   0   0   0   0  1.17 0.42
   10 G    -2  -5   1  -1  -5  -5  -5   7  -5  -7  -7  -4  -6  -6  -5   0  -4  -6  -6  -6    2   0   5   4   0   0   0  81   0   0   0   0   0   0   0   7   0   0   0   0  1.80 0.56
   11 Q    -4   3  -3  -4  -6   2  -1  -5   0  -5  -5   7  -2  -3  -4  -3  -2  -5  -2  -4    0  13   0   0   0   9   2   0   3   0   0  66   1   1   0   0   2   0   2   1  1.35 0.51
   12 Q    -5  -3  -4  -4  -7   9  -2  -6  -4  -7  -6  -3  -4  -7  -1  -4  -5  -6  -6  -6    0   0   0   0   0  97   0   0   0   0   0   0   0   0   3   0   0   0   0   0  2.79 0.87
   13 L    -5  -3  -5  -6  -5  -3  -2  -6   3  -1   0  -5   0   4  -6  -5  -5   2   8  -2    0   1   0   0   0   1   3   0   6   3   9   0   2  17   0   0   0   2  55   2  1.53 0.51
   14 K    -4   4  -3  -4  -2   0  -2  -5  -2  -3   0   5  -2  -2  -4  -3  -2   5  -3  -4    0  27   1   0   1   3   1   0   0   1   9  41   1   1   0   1   2  10   0   0  0.96 0.40
   15 V     0  -6  -6  -6  -4  -5  -6  -6  -6   1  -1  -5  -2  -1  -6  -5  -2  -6  -4   7    6   0   0   0   0   0   0   0   0   3   3   0   0   3   0   0   1   0   0  85  1.65 0.57
   16 E     1   0  -2  -1  -4   2   4  -3  -1  -2  -4   1  -3  -3  -3   2   1  -5  -3  -1   13   4   0   1   0  12  30   0   1   2   0   9   0   1   0  13   9   0   0   4  0.45 0.26
   17 P     1  -2  -2  -2  -1   1   4  -4  -3  -3  -3   1  -3  -5   4  -1  -1  -5  -4   1   12   1   1   0   1   5  34   0   0   1   2   7   0   0  19   3   3   0   0  12  0.58 0.30
   18 G    -3  -5   2   1  -6  -3  -2   7  -3  -7  -7  -3  -6  -6  -5  -2  -4  -6  -6  -6    1   0  11   9   0   1   3  74   0   0   0   1   0   0   0   1   0   0   0   0  1.59 0.51
   19 R    -2   3  -1   5  -4   3   1  -4  -1  -4  -4   1  -2  -5  -4   0  -2   0  -3  -4    1  15   1  38   0  16   8   0   1   0   1   7   1   0   0   7   1   2   1   0  0.74 0.33
   20 F    -2  -2  -3  -2  -3  -2   0  -4  -3   2   0   1   0   2  -4  -1   1  -1   2   3    2   1   0   2   0   0   6   0   0  13   5  11   1  10   0   3  12   1   9  24  0.25 0.19
   21 Y    -4  -5  -6  -6  -4  -5  -5  -6  -4   5   3  -5  -1   0  -5  -5  -3  -3   4   2    0   0   0   0   0   0   0   0   0  36  34   0   0   3   0   0   0   0  15  12  0.97 0.37
   22 D    -2   2  -1   3  -1  -1   0  -4  -1  -3  -1   2  -2   3  -1  -1   0  -2   2  -1    0  13   2  17   1   1   4   0   1   0   6  16   0  13   3   2   7   0  10   3  0.26 0.19
   23 I    -2  -5  -5  -5  -3  -5  -5  -6  -5   4   1  -5   0   1  -5  -4   0  -5  -3   5    2   0   0   0   0   0   0   0   0  25  11   0   1   6   0   0   6   0   0  48  0.93 0.37
   24 N    -3  -1   2   3  -6   0   5  -3   1  -5  -5   0  -2  -5   0  -2  -3  -5  -3  -5    1   3  10  18   0   1  50   1   4   0   0   3   1   0   5   1   0   0   0   0  0.97 0.39
   25 Y    -2   3  -2  -3  -3   0  -1  -4   3  -4   0   5  -2  -2  -2  -2  -2  -5  -1  -4    1  17   1   0   1   3   2   0   9   0  11  46   1   1   1   1   2   0   2   0  0.74 0.35
   26 L    -2  -3  -4  -5  -2  -1  -4  -5  -4   3   4  -1   2   0  -4  -3  -1  -4  -1   1    1   1   0   0   1   3   0   0   0  21  50   3   3   3   0   1   3   0   2   6  0.66 0.29
   27 G     1  -2   2   3   0   0   2  -1   0  -2  -3   0  -3  -4   3   1  -1  -5  -4  -2   12   0  11  16   2   3  13   4   2   3   2   7   0   0  13   8   2   0   0   2  0.32 0.25
   28 V     3  -3   0  -1  -1  -1  -2   2  -1   0   0  -1   0  -1  -1   0  -1  -4  -1   1   27   0   4   2   1   2   2  17   2   4   8   2   2   2   3   4   3   0   2  12  0.17 0.18
   29 D     1  -3   2   2  -5   0   4  -1  -3  -2  -4   0  -1  -5  -1   0  -1   1  -4  -2   10   0  11  10   0   3  34   4   0   3   0   6   2   0   3   6   2   2   0   3  0.47 0.34
   30 P     2  -3  -1  -1   0   0   3  -4  -3   0  -1  -1  -2  -4   2   0   0  -5  -4   2   17   0   2   2   2   3  20   0   0   6   4   3   0   0  12   4   6   0   0  18  0.31 0.28
   31 D    -3  -5   1   0  -6  -2  -1   7  -5  -7  -7   0  -6  -6  -5  -3  -3  -6  -6  -6    0   0   6   6   0   1   4  76   0   0   0   5   0   0   0   1   1   0   0   0  1.60 0.62
   32 S     1  -3   0   4  -4   1   3   0  -3  -3  -5   0  -4  -5  -3   2   1  -5  -4  -3   10   0   3  25   0   5  21   7   0   2   0   4   0   0   0  16   8   0   0   0  0.52 0.32
   33 D     0   0   0  -1  -2   1   2  -3  -2  -1  -3   3  -3  -3  -2   0   3  -5  -3   0    6   2   3   2   1   4  15   0   1   4   0  24   0   1   1   7  23   0   0   6  0.36 0.28
   34 Y    -3  -5  -6  -6  -4  -5  -5  -6  -3   5   1  -4   0  -1  -3  -5  -3  -5  -1   5    0   0   0   0   0   0   0   0   1  34   9   1   2   3   2   0   0   0   1  48  1.13 0.50
   35 T    -1  -1  -1   0  -4   1   4  -4  -1   0  -2   0  -3  -3  -3   0   2  -5  -3   0    3   2   3   5   0   5  36   0   1   5   3   4   0   1   0   6  17   0   0   9  0.44 0.31
   36 I    -3  -5  -6  -6  -4  -5  -3  -6  -5   3   4  -5   0   6  -6  -5  -4  -3  -1   0    1   0   0   0   0   0   2   0   0  16  36   0   2  39   0   0   0   0   0   4  1.14 0.49
   37 D    -1  -2   2   4  -4  -1   1   0  -1  -4  -3   1  -3  -3   1   0   0  -4  -1  -2    4   1  10  31   0   2   8   6   1   0   1   9   0   1   6   8   7   0   3   2  0.41 0.24
   38 K    -1   2   0   2  -1   2   2  -3  -2  -4  -4   3  -3  -5   2   0  -1  -5  -4  -2    5   9   3  10   1  10  15   0   0   0   0  25   0   0   9   7   2   0   0   3  0.46 0.28
   39 V    -2  -5  -5  -6  -4  -5  -5  -6  -6   3   0  -3   0  -4  -5  -3  -3  -5  -4   7    1   0   0   0   0   0   0   0   0  12   6   2   2   0   0   2   0   0   0  73  1.38 0.58
   40 L    -1  -5  -6  -6  -2  -5  -5  -6  -5   1   6  -4   2  -2  -5  -4  -2  -5  -3   0    6   0   0   0   1   0   0   0   0   4  77   1   3   1   0   0   2   0   0   3  1.22 0.54
   41 L     1  -3  -4  -5   0  -2  -4  -4  -3  -1   3  -3   6   2  -4  -3  -1  -1  -2   1   14   1   0   0   2   1   0   0   0   1  35   1  23   8   0   1   3   1   1   7  0.63 0.37
   42 I    -1  -3  -5  -5  -1  -3  -5  -5  -3   4   2  -4  -1   1  -5  -4  -2  -4  -2   5    3   1   0   0   1   1   0   1   0  21  17   1   1   5   0   0   2   0   1  45  0.79 0.38
   43 N     0   0   1   1   0  -1  -1   3   0  -2  -2   0  -2  -1  -3   1  -1  -3  -2   0    7   5   8   7   2   2   2  27   2   2   2   7   0   3   0  12   2   0   1   9  0.22 0.16
   44 H    -1  -2   3   5  -4   0   0   2   1  -4  -4   1  -3  -5  -3   0  -1  -5  -4  -4    4   1  12  36   0   3   5  15   3   0   1   8   1   0   0   6   3   0   0   1  0.61 0.31
   45 E     0  -2   1   3  -4  -1   3   4  -3  -5  -5   0  -3  -5  -4  -1  -3  -5  -3  -3    6   2   6  15   0   2  18  39   0   0   0   4   1   0   0   2   1   0   1   1  0.68 0.34
   46 D     1  -2   2   3  -4   0   2   2  -2  -4  -4   0  -3  -4  -2   1   0  -4  -4  -4   11   0  11  21   0   2  17  17   0   0   1   4   0   0   1   9   4   0   0   0  0.45 0.26
   47 D    -1  -1   2   2  -2   1   2   0   0  -3  -3   2  -3  -2  -1   1   1  -4  -2  -3    5   0  12  11   0   4  13   8   1   1   2  14   0   2   2   9  12   0   1   0  0.24 0.17
   48 I     0  -3  -3  -3  -2  -3  -3  -3  -4   3   1  -2  -1  -2  -2  -2   2  -4  -2   4    7   0   1   1   0   0   1   1   0  17  12   2   0   1   2   2  14   0   1  36  0.47 0.28
   49 T    -1  -1  -1  -2  -3   0  -1  -3   0   0   0   3  -1  -1  -3   0   3  -3  -1   0    3   2   3   1   0   4   3   1   2   4  11  25   1   2   0   8  20   0   2   8  0.22 0.20
   50 V    -2  -4  -2  -2  -2  -3  -4  -4  -2   4   1  -3   0   1  -4  -1   0  -4  -2   4    2   0   2   2   1   0   0   0   1  29  13   0   1   7   0   5   6   0   0  28  0.49 0.27
   51 G    -2  -4  -2   1  -4  -4  -3   7  -4  -5  -3  -3  -4  -5  -2  -3  -4  -5  -5  -5    3   0   1   7   0   0   1  78   0   0   3   1   0   0   2   1   1   0   0   1  1.56 0.55
   52 Q     3   0   0  -1  -3   2   0  -2   1  -3  -2   2  -2  -3  -1   0   2  -4  -2  -2   27   4   4   3   0  10   3   1   3   1   2  16   0   1   2   6  14   0   1   2  0.29 0.23
   53 P    -1  -4  -4  -1  -5  -4  -2  -4  -4  -5  -5  -1  -5  -5   8  -2  -3  -2  -5  -4    6   0   0   4   0   0   2   1   0   0   1   3   0   0  76   2   1   1   0   1  2.07 0.67
   54 Y    -1  -2  -2  -1  -1  -2  -2  -3   0   0   1  -1  -1   3  -3  -1   1   3   4   0    6   1   1   3   2   1   2   1   3   4  13   4   1  16   1   3   9   5  17   8  0.27 0.18
   55 V    -2  -3  -4  -4  -3  -3  -4  -4  -4   2   3  -4  -1  -1  -4  -3  -1  -4  -3   5    2   1   0   0   0   1   1   1   0  10  31   0   0   1   0   1   3   0   0  45  0.77 0.37
   56 E     2  -1   0   1  -3   1   3  -1   0  -3  -3   2  -3  -4  -1   1  -1  -4  -3  -3   20   3   4   8   0   4  24   3   2   0   2  11   0   0   3  10   3   0   0   1  0.33 0.22
   57 G    -2  -2   3   1  -4  -2  -1   5  -1  -5  -4   1  -4  -5  -3   0  -2  -5  -4  -3    1   1  18   8   0   1   3  44   1   0   1  11   0   0   1   7   1   0   0   1  0.74 0.36
   58 A     5  -2  -2  -4  -1  -3  -4   1  -4  -1  -3  -3  -3  -1  -4  -1  -2  -5  -2   2   57   2   2   0   1   0   0  11   0   4   1   0   0   2   0   3   1   0   1  14  0.76 0.43
   59 T     0   0  -1  -3  -4  -1  -1  -3  -2  -1  -2   4  -1  -3  -3   2   3  -5  -2   0    6   5   1   0   0   1   3   1   1   3   3  28   1   1   0  15  25   0   1   6  0.44 0.32
   60 V    -2  -6  -6  -7  -4  -6  -6  -7  -7   3  -2  -6  -3  -4  -6  -5  -3  -6  -5   7    3   0   0   0   0   0   0   0   0  14   0   0   0   0   0   0   0   0   0  83  1.83 0.72
   61 E    -1   0   0  -2  -4   1   2  -4   0  -1  -2   3  -2  -3  -3   1   4  -4  -3   0    2   3   4   0   0   5  14   0   2   3   3  18   0   1   0   8  28   0   1   8  0.37 0.29
   62 G     5  -5  -4  -5   1  -4  -4   3  -5  -3  -1  -4  -4  -5  -4  -2  -2  -5  -5  -1   61   0   0   0   3   0   0  23   0   1   8   0   0   0   0   0   1   0   0   3  1.05 0.53
   63 T    -3   1  -2  -1  -5   0   5  -4  -1  -3  -4   3  -4  -5  -4  -1   2  -5  -3  -2    0   7   1   1   0   3  39   0   1   2   1  22   0   0   0   3  16   0   1   4  0.76 0.44
   64 I    -4  -6  -6  -6  -4  -5  -6  -6  -6   5  -1  -5  -1  -2  -3  -5  -2  -6  -2   6    0   0   0   0   0   0   0   0   0  29   3   0   0   1   2   0   1   0   1  63  1.45 0.60
   65 V    -2  -4  -4  -4  -3  -2   0  -4  -5   2   3  -2   1  -2  -5  -3  -2  -4  -3   4    2   0   0   0   0   1   7   1   0  11  37   3   3   1   0   1   1   0   0  32  0.62 0.35
   66 E     1   1   0   1  -3   1   4   0   1  -5  -4   2  -3  -5  -3   1  -2  -5  -4  -3   13   6   5   7   0   4  29   8   4   0   0  14   0   0   0   9   1   0   0   1  0.44 0.28
   67 H    -2  -2  -1  -1  -3   5   0  -4   8  -6  -5  -1  -3  -2  -2  -1  -2  -5  -2  -5    3   1   3   4   0  28   5   0  43   0   0   4   0   2   1   4   2   0   0   0  1.33 0.54
   68 R     0  -1  -2  -1   2  -2  -2   4  -1  -1   0   0  -2   0  -2  -1   0  -4  -2   0    7   4   1   4   5   0   2  34   1   4   9   5   0   4   2   2   6   0   1   9  0.24 0.17
   69 R    -4   6  -3  -4  -6   0  -1  -5  -3  -5  -2   5  -4  -2  -5  -3  -3  -6  -3  -5    0  49   1   0   0   3   2   0   0   0   4  38   0   2   0   1   0   0   1   0  1.37 0.55
   70 G     1  -3   0   2  -4  -1  -1   5   3  -5  -4  -2  -4  -5  -4   0   0  -5  -3  -4   10   0   4  14   0   3   4  44   7   0   1   1   0   0   0   6   5   0   0   0  0.70 0.33
   71 R    -2   2   0   3  -5  -1   2  -4  -3  -5  -5   4  -4  -5   3  -2  -3   1  -4  -5    3  12   3  17   0   1  14   0   0   0   0  32   0   0  16   1   0   2   0   0  0.78 0.38
   72 K    -4  -1  -4  -4  -7  -2  -1  -5  -2  -6  -4   8  -5  -7  -2  -4  -2  -7  -5  -6    0   1   0   0   0   0   2   0   1   0   1  91   0   0   2   0   2   0   0   0  2.07 0.75
   73 I    -3  -2  -6  -6  -4  -4  -4  -6  -6   6   0  -5  -1  -3  -5  -3  -2  -5  -4   5    0   2   0   0   0   1   1   0   0  46   6   0   1   0   0   1   1   0   0  42  1.23 0.49
   74 I    -3   1  -2  -3  -3  -3  -3  -4   0   4   1   1  -1  -2  -4  -2   2  -4  -1   2    0  11   1   1   0   0   1   0   2  29  11  10   1   1   0   2  13   0   2  17  0.38 0.25
   75 V     0  -3  -2  -5  -2  -4  -4  -4  -1   5  -1  -4  -2  -3  -4  -2  -1  -5  -4   5    6   2   3   0   1   0   0   1   2  37   1   0   0   0   0   3   4   0   0  41  0.86 0.40
   76 Y    -4  -1  -5  -5  -4  -2  -5  -4   1   1  -1  -3   1   6  -5  -4  -4  -2   5   0    0   3   0   0   0   2   0   1   4   8   4   1   4  43   0   0   0   0  21   7  1.06 0.42
   77 K    -4   2  -3  -4  -6  -1  -3  -5   2  -6  -6   7  -5  -6  -5  -3  -3  -6  -5  -3    0  11   0   0   0   1   0   0   4   0   0  81   0   0   0   1   1   0   0   2  1.82 0.68
   78 M    -4  -1  -4  -5  -5  -3  -4  -5   3  -2  -2   3   5   5  -4  -2  -3  -2   5  -3    0   3   0   0   0   0   0   0   6   2   0  23  17  22   1   2   0   0  23   0  0.98 0.46
   79 R    -4   5   0  -4  -6   0  -2  -5   0  -2  -4   6  -4  -3  -3  -3  -3  -1  -4  -5    0  36   3   0   0   4   1   0   2   3   1  47   0   1   1   1   0   1   0   0  1.24 0.52
   80 P    -1   6   2  -3  -5  -2  -2  -3  -3  -5  -5   1  -4  -6   4   1  -3  -6  -5  -5    6  47   9   0   0   0   1   1   0   0   0   5   0   0  19  11   0   0   0   0  1.06 0.47
   81 K    -4   7  -3  -4  -7  -1  -3  -3  -4  -6  -6   6  -5  -6  -5  -3  -4  -6  -4  -6    0  53   0   0   0   1   0   2   0   0   0  43   0   0   0   1   0   0   0   0  1.72 0.64
   82 K    -4   0  -2  -4  -6   1  -1  -5   1  -4  -5   7  -4  -6  -4  -2   1  -6  -5  -1    0   1   1   0   0   6   1   0   3   1   0  70   0   0   0   1  11   0   0   4  1.35 0.57
   83 K    -3   1   5   1  -5   0  -2   3   6  -6  -5   2  -4  -5  -4  -2  -2  -5  -3  -5    1   9  27   6   0   3   0  20  19   0   0  13   0   0   0   1   2   0   0   0  0.82 0.39
   84 T    -4  -4  -3  -5  -5  -2  -4  -5   4  -3  -4  -4  -1   1  -5   2   2   1   7  -2    0   0   0   0   0   1   0   0  10   1   0   0   2   4   0  18  12   1  48   2  1.26 0.54
   85 R    -2   6  -2  -2  -3   2  -2  -5   4  -5  -3   3   0  -5  -4  -3  -2  -5  -4  -5    3  45   1   2   1   7   1   0  12   0   2  21   3   0   0   1   1   0   0   0  1.05 0.46
   86 K    -4   6  -3  -4  -1  -1  -3  -3  -3  -5  -3   5  -4  -6  -5  -2  -1  -6  -5  -4    0  45   1   0   1   0   0   1   0   0   2  43   0   0   0   2   3   0   0   1  1.37 0.55
   87 K    -3   4  -2  -3  -5   1  -1  -4   0  -2  -1   5  -2  -2  -4  -1   1  -3  -4  -2    1  22   1   0   0   5   1   0   2   2   5  44   0   2   0   4   8   0   0   2  0.75 0.38
   88 R    -2   3   2  -3  -5   5  -2  -4  -1  -1  -2   2   1  -2  -4  -2   0   1   0  -2    2  17  13   0   0  28   0   0   1   4   4  13   4   2   0   0   5   2   4   2  0.51 0.32
   89 G    -3  -6  -4  -5  -6  -5  -6   7  -6  -3  -7  -3  -6  -7  -6  -2  -4  -6  -7  -6    0   0   0   0   0   0   0  94   0   2   0   1   0   0   0   2   1   0   0   0  2.26 0.72
   90 H    -4  -4  -3  -5  -1  -3  -4  -6  11  -3  -6  -5  -5   0  -6  -5  -5  -5   1  -6    1   0   0   0   1   0   0   0  86   2   0   0   0   4   0   0   0   0   4   0  3.03 0.89
   91 R    -5   8  -4  -5  -7  -1  -4  -6  -4  -6  -5   0  -5  -6  -5  -4  -5  -6  -5  -3    0  92   0   0   0   1   0   0   0   0   0   3   0   0   0   0   0   0   0   2  2.38 0.78
   92 Q    -4  -1  -1  -2  -6   9  -2  -2  -3  -4  -5  -2  -4  -6  -5  -3  -3  -6  -5  -6    1   2   2   1   0  86   0   3   0   1   1   0   0   0   0   1   1   0   0   0  2.19 0.81
   93 E    -2  -1   1   1  -2   2   1  -2   1  -4  -2   1  -3  -2   4  -1  -1   5   1  -3    2   2   7   8   1   9  11   2   3   0   4   8   0   1  21   4   3   9   6   0  0.42 0.23
   94 L    -3  -3  -4  -5  -3  -2  -4  -5   0   1   3  -4   2   4  -5  -4  -4  -2   6  -1    1   1   1   0   0   2   0   0   2   6  26   0   5  18   0   1   0   0  34   3  0.94 0.41
   95 S    -2  -5  -4  -5  -4  -2  -4  -5  -5  -2  -3  -4  -1  -5  -5   0   8  -6  -3  -2    2   0   0   0   0   1   0   0   0   2   1   0   1   0   0   4  86   0   1   1  1.85 0.73
   96 R    -1   4  -2  -1  -3   1   2  -4  -2   0  -1   2  -2  -3  -3  -2  -1  -4  -1   1    6  24   1   3   0   7  13   0   1   6   5  15   0   0   0   0   3   0   2  14  0.32 0.23
   97 L    -3  -5  -6  -6  -4  -5  -5  -6  -5   4   3  -5  -1   2  -5  -5  -3  -4  -3   4    0   0   0   0   0   0   0   0   0  22  34   0   0   7   0   0   0   0   0  37  0.99 0.41
   98 M    -2   4  -3  -3  -5   1   0  -4  -2  -1  -1   4   1  -3  -4  -2  -1  -5  -2   0    1  25   0   0   0   4   6   0   0   3   7  35   5   1   0   2   4   0   1   6  0.58 0.32
   99 I    -4  -6  -6  -6  -4  -6  -6  -7  -7   7  -2  -6  -2  -3  -6  -5  -4  -6  -4   5    0   0   0   0   0   0   0   0   0  66   0   0   0   0   0   0   0   0   0  34  1.76 0.62
  100 T    -2  -2   1   2  -4  -1   2  -2  -3  -1  -1   1  -2  -4  -3   0   4  -5  -4   0    1   1   7  12   0   2  13   3   0   3   7   8   1   0   0   6  33   0   0   6  0.37 0.27
  101 S     1  -2   0   1  -2  -1   2   2  -2  -4  -4   2  -4  -5  -3   3   0  -5  -3  -4    9   0   4   8   1   1  18  19   1   0   0  12   0   0   0  22   4   0   1   0  0.44 0.27
  102 I    -4  -6  -7  -7  -4  -6  -7  -7  -7   8   0  -6  -2  -3  -6  -6  -4  -6  -5   1    0   0   0   0   0   0   0   0   0  87   6   0   0   0   0   0   0   0   0   7  2.01 0.66
  103 K    -1   0   3  -1   1   1   2  -3   1  -2  -1   2  -2  -2  -3   2   0  -4  -3  -2    1   2  18   0   3   6  13   0   3   2   8  15   0   2   0  20   3   0   0   1  0.29 0.21
  104 V     3  -3  -2  -3  -2  -2  -3  -2  -3   1   1  -1   1   1  -3   0   1  -3  -1   1   37   0   2   0   0   0   0   2   0  10  13   3   3   7   0   3   7   0   1  10  0.27 0.19
  105 N    -2  -2   4   3  -4  -2  -1   3  -2  -4  -3   1  -3  -4  -2   0  -1  -4  -4  -4    1   0  30  19   0   0   1  27   0   0   2  10   0   0   1   6   2   0   0   0  0.62 0.23
  106 G    -1  -3   1  -1   0  -1  -1   6  -3  -4  -4  -2  -4  -4  -3  -1  -2  -4  -4  -3    3   0   7   2   3   3   3  73   0   0   0   2   0   0   0   2   0   0   0   1  1.05 0.24
  107 S     1   0   1   0  -3   1   2  -1  -1  -3  -3   4  -2  -4   0   1   0  -4  -3  -2   10   1   7   2   0   6  12   2   0   0   0  37   0   0   4  13   4   0   0   1  0.36 0.13
  108 V     1  -1   1   1  -2  -1   1  -1  -2  -1  -2   1  -2  -3   0   1   2  -3  -2   0   15   2   9  10   0   0   9   2   0   3   0   8   0   0   4  12  16   0   0  10  0.16 0.07
  109 I     1  -2  -2  -2  -2  -1  -1  -3  -2   2   1  -1   0   2   2   0   0  -2  -1   1   12   0   0   0   0   2   3   0   0  21  19   5   0  12  10   5   7   0   0   4  0.14 0.07
  110 V     0   0  -1  -1  -2   0   1  -1   0  -2  -2   3  -2  -1  -1   2   2  -3  -1  -1    7   0   0   0   0   0   7   2   2   0   3  27   0   3   1  17  22   0   2   6  0.22 0.10
  111 D     1  -1  -1   2   1  -1   1  -1  -2  -1  -2   2  -2  -3   0   1   2  -4  -3  -1   20   0   0  14   4   0   6   4   0   4   0  19   0   0   3   8  16   0   0   3  0.20 0.08
  112 D     2  -1   1   2  -2   1   1  -1  -1  -2  -2   0  -2  -2   0   1   1  -3   0  -1   21   0   8  12   0   5  11   2   0   0   2   3   0   0   4  10  12   0   5   4  0.18 0.06
  113 S     1   0   0   0  -3   0   2   0  -1  -2  -2   2  -2  -3   1   1   0  -3  -2  -2   16   4   2   4   0   2  21   5   0   0   4  19   0   0   7  10   4   0   0   2  0.23 0.07
  114 A     2   0  -1   0  -2   1   1   0  -2  -3  -3   2   0  -3   1   2  -1  -3  -2  -2   23   3   0   2   0   5  10   5   0   0   0  23   4   0   6  18   0   0   0   0  0.27 0.09
  115 V     2  -1  -2  -1  -2  -1  -1  -2   0   0  -1   1   1  -2   2   1   0  -3  -2   2   26   2   0   2   0   0   0   0   3   0   0  11   7   0  13   9   3   0   0  24  0.21 0.09
  116 M     0   1  -1   1  -2   0   2  -2  -2   0   0   2   1  -2   0  -1   0  -3  -2   1    8   4   0   8   0   0  14   0   0   5   8  25   5   0   5   0   5   0   0  12  0.13 0.06
  117 T     2  -1  -2  -2  -2  -1   1   1  -2   0  -2   1  -1  -3   2   0   1  -3  -2   0   27   0   0   0   0   0   9   9   0   8   0  16   0   0  10   0  11   0   0  10  0.19 0.07
  118 E     2  -1   1   1  -3   0   3  -2   1  -3  -3   2  -2  -3   0   0   0  -4  -2  -1   28   0   6   5   0   0  30   0   4   0   0  15   0   0   4   2   3   0   0   3  0.31 0.10
  119 T     1   0  -1  -2  -2  -1  -1  -2  -2  -2  -2   2  -2  -3   0   1   5  -4  -3  -1   14   3   0   0   0   0   0   0   0   0   0  18   0   0   4   9  53   0   0   0  0.47 0.14
  120 S     1  -1  -1  -2  -2  -1  -1   0  -2  -2  -3   1  -2  -3   4   2   1  -4  -3   0    9   0   0   0   0   0   0   7   0   0   0  15   0   0  27  23  12   0   0   7  0.46 0.09
  121 E    -1   0   1   2  -3   1   2  -2  -1  -1  -3   3  -2  -3   1   0   0  -4  -3  -2    4   0   5  17   0   4  19   0   0   7   0  29   0   0   6   6   4   0   0   0  0.30 0.07
  122 E     2  -1  -1  -1  -2   0   2   2  -2  -1  -2   1  -2  -3  -2   0   0  -3  -2   0   22   0   0   0   0   0  22  21   0   5   0  16   0   0   0   0   4   0   0  11  0.21 0.07
  123 E    -2  -1  -1   2  -5   1   6  -3  -1  -4  -4   1  -3  -4  -2  -1  -2  -4  -3  -3    0   0   0   6   0   0  87   0   0   0   0   8   0   0   0   0   0   0   0   0  0.99 0.15

                      K         Lambda
Standard Ungapped    0.1353     0.3150
Standard Gapped      0.0579     0.2670
PSI Ungapped         0.1891     0.3183
PSI Gapped           0.0579     0.2670
