
Last position-specific scoring matrix computed, weighted observed percentages rounded down, information per position, and relative weight of gapless real matches to pseudocounts
            A   R   N   D   C   Q   E   G   H   I   L   K   M   F   P   S   T   W   Y   V   A   R   N   D   C   Q   E   G   H   I   L   K   M   F   P   S   T   W   Y   V
    1 K    -1   5  -1  -1  -4   3   0  -2   0  -3  -3   3  -2  -3  -2  -1  -1  -3  -2  -3    0  55   0   0   0  17   0   0   0   0   0  28   0   0   0   0   0   0   0   0  0.63 0.03
    2 L     1  -1  -1   0  -2  -2  -2   4  -1  -3  -2  -1  -2   0  -2   1   0  -2   2  -2   11   4   0   7   0   0   0  43   0   0   4   0   0   5   0  10   4   0  12   0  0.32 0.03
    3 S     0   0   1   3  -2   0   1   0  -1  -3  -3   1  -2  -3  -1   3   0  -4  -2  -3    0   3   4  18   0   0   5   4   0   0   0  14   0   0   0  52   0   0   0   0  0.37 0.04
    4 G     0  -2  -1   0  -3  -2  -2   5  -2  -4  -4  -2  -3  -4   1   2  -1  -3  -3  -3    0   0   0   5   0   0   0  68   0   0   0   0   0   0   7  20   0   0   0   0  0.76 0.05
    5 C    -1  -4  -4  -5  10  -4  -5  -3  -4  -2  -2  -4  -2  -3  -4  -2  -2  -3  -3  -2    0   0   0   0 100   0   0   0   0   0   0   0   0   0   0   0   0   0   0   0  1.90 0.11
    6 F    -3  -4  -4  -4  -3  -4  -4  -4  -2  -1   0  -4  -1   8  -5  -3  -3   0   3  -2    0   0   0   0   0   0   0   0   0   0   0   0   0 100   0   0   0   0   0   0  1.18 0.09
    7 G     0  -3  -1  -2  -3  -2  -3   7  -3  -5  -5  -2  -3  -4  -3  -1  -2  -3  -4  -4    0   0   0   0   0   0   0 100   0   0   0   0   0   0   0   0   0   0   0   0  1.30 0.07
    8 F     0   2   0  -2  -2   1  -1  -1   4  -1   1   0   1  -1  -2   0   0  -2  -1  -1    6  19   4   0   0  10   0   3  17   0  18   0   5   3   0   8   4   0   0   3  0.11 0.02
    9 K    -2   5  -1  -2  -4   1   0  -2  -1  -3  -3   4  -2  -4   0  -1  -1  -4  -2  -3    0  44   0   0   0   0   0   0   0   0   0  52   0   0   4   0   0   0   0   0  0.68 0.05
   10 L    -2  -3  -4  -4  -2  -2  -3  -4  -3   3   3  -3   4   0  -3  -3  -1  -2  -2   2    0   0   0   0   0   0   0   0   0  36  34   0  27   0   0   0   0   0   0   4  0.42 0.04
   11 D    -3  -2   1   7  -4  -1   1  -2  -2  -4  -5  -1  -4  -4  -2  -1  -2  -5  -4  -4    0   0   0 100   0   0   0   0   0   0   0   0   0   0   0   0   0   0   0   0  1.27 0.08
   12 R    -2   7  -1  -2  -4   1  -1  -3  -1  -4  -3   2  -2  -4  -3  -1  -2  -4  -2  -3    0 100   0   0   0   0   0   0   0   0   0   0   0   0   0   0   0   0   0   0  1.11 0.08
   13 I    -2  -4  -4  -4  -2  -4  -4  -5  -4   6   1  -3   1  -1  -4  -3  -1  -3  -2   2    0   0   0   0   0   0   0   0   0 100   0   0   0   0   0   0   0   0   0   0  0.70 0.07
   14 G     0  -3   1  -2   1  -2  -2   6  -2  -4  -4  -2  -3  -4  -3   0  -2  -3  -4  -4    0   0   7   0   4   0   0  84   0   0   0   0   0   0   0   4   0   0   0   0  0.99 0.06
   15 T     1  -1   2   0  -2  -1  -1  -1   2  -3  -3  -1  -2  -3  -1   4   2  -3  -2  -2   14   0  11   4   0   0   0   0   7   0   0   0   0   0   0  52  13   0   0   0  0.36 0.04
   16 M     0  -2  -2  -3  -2   1  -2  -3  -2   1   1  -2   5  -1  -3   0   0   2  -1   2    6   0   0   0   0   8   0   0   0   6   8   0  36   0   0   7   3   4   0  22  0.21 0.04
   17 S     1  -1   0  -1  -2  -1  -1  -1  -2  -3  -3  -1  -2  -3  -1   5   1  -4  -2  -2    0   0   0   0   0   0   0   0   0   0   0   0   0   0   0 100   0   0   0   0  0.72 0.08
   18 G     0  -1   1  -1  -3  -2  -2   6  -2  -4  -4  -2  -3  -4  -3   0  -2  -3  -3  -3    3   4   7   0   0   0   0  79   0   0   0   0   0   0   0   6   0   0   0   0  0.89 0.05
   19 L    -2  -2  -4  -4  -2  -2  -3  -4  -3   1   4  -3   5   0  -3  -3  -2  -2  -2   0    0   0   0   0   0   0   0   0   0   0  68   0  32   0   0   0   0   0   0   0  0.56 0.06
   20 G     0  -3  -1  -2  -3  -2  -3   7  -3  -5  -5  -2  -3  -4  -3  -1  -2  -3  -4  -4    0   0   0   0   0   0   0 100   0   0   0   0   0   0   0   0   0   0   0   0  1.30 0.07
   21 C    -1  -4  -4  -5  10  -4  -5  -3  -4  -2  -2  -4  -2  -3  -4  -2  -2  -3  -3  -2    0   0   0   0 100   0   0   0   0   0   0   0   0   0   0   0   0   0   0   0  1.90 0.11

                      K         Lambda
Standard Ungapped    0.1517     0.3300
Standard Gapped      0.0484     0.2670
PSI Ungapped         0.1583     0.3198
PSI Gapped           0.0484     0.2670
