
Last position-specific scoring matrix computed, weighted observed percentages rounded down, information per position, and relative weight of gapless real matches to pseudocounts
           A  R  N  D  C  Q  E  G  H  I  L  K  M  F  P  S  T  W  Y  V   A   R   N   D   C   Q   E   G   H   I   L   K   M   F   P   S   T   W   Y   V
    1 M   -1 -2 -3 -4 -2 -1 -3 -3 -2  1  2 -2  8  0 -3 -2 -1 -2 -1  0    0   0   0   0   0   0   0   0   0   0   0   0 100   0   0   0   0   0   0   0  0.60 0.06
    2 E   -1  0  0  3 -4  2  6 -2  0 -4 -3  1 -3 -4 -2  0 -1 -4 -3 -3    0   0   0  11   0   0  89   0   0   0   0   0   0   0   0   0   0   0   0   0  0.78 0.04
    3 A    3 -1  0 -1 -1 -1 -1  0 -2 -2 -2 -1 -2 -3 -1  3  1 -3 -2 -1   47   0   0   0   0   0   0   0   0   0   0   0   0   0   0  53   0   0   0   0  0.40 0.03
    4 F   -1 -3 -3 -4 -2 -3 -3 -3 -2  1  2 -3  1  5 -3 -2 -1 -1  1  2    5   0   0   0   0   0   0   0   0   0  21   0   0  41   0   0   0   0   0  34  0.32 0.02
    5 S    4 -2 -2 -2 -1 -1 -1 -1 -2  0 -1 -1 -1 -2 -1  1  1 -3 -2  1   63   0   0   0   0   0   0   0   0   0   0   0   0   0   0  11   6   0   0  21  0.27 0.02
    6 Y   -2 -2 -3 -4 -3 -2 -3 -4  2 -2 -1 -2 -1  3 -4 -2 -2  2  8 -2    0   0   0   0   0   0   0   0   0   0   0   0   0   0   0   0   0   0 100   0  1.08 0.05
    7 T   -1 -2 -2 -3 -1 -2 -2 -3 -3  3  1 -2  0 -1 -2  0  3 -3 -2  2    0   0   0   0   0   0   0   0   0  49   0   0   0   0   0   0  38   0   0  13  0.27 0.02
    8 L   -2 -3 -4 -4 -2 -3 -3 -4 -3  2  4 -3  2  3 -3 -3 -2 -1  0  1    0   0   0   0   0   0   0   0   0   6  69   0   0  21   0   0   0   0   0   4  0.41 0.02
    9 L   -1 -3 -4 -4 -1 -3 -3 -4 -3  3  3 -3  1  0 -3 -3 -1 -3 -1  3    0   0   0   0   0   0   0   0   0  36  38   0   0   0   0   0   0   0   0  26  0.36 0.02
   10 M   -2 -2 -4 -4 -2 -2 -3 -4 -3  1  4 -3  3  2 -3 -3 -1 -2 -1  1    0   0   0   0   0   0   0   0   0   0  74   0  17   9   0   0   0   0   0   0  0.42 0.02
   11 A    2 -2 -1 -2 -1 -1 -1  0 -2  0 -1 -1 -1 -2 -2  1  4 -3 -2  1   22   0   0   0   0   0   0   4   0   0   0   0   0   0   0   0  53   0   0  21  0.26 0.02
   12 L   -1 -2 -2 -3 -2 -2 -3 -1 -2  1  3 -2  3  1 -3 -1  0 -2 -1  0    0   0   0   0   0   0   0   6   0   0  52   0  21   6   0   6   8   0   0   0  0.22 0.02
   13 A    3 -2 -1 -2  2 -1 -1  0 -2 -1 -2 -1 -1 -3 -1  1  3 -3 -2  0   49   0   0   0   5   0   0   6   0   0   0   0   0   0   0   6  28   0   0   6  0.27 0.02
   14 A   -1 -3 -4 -4 -1 -3 -3 -4 -3  3  3 -3  2  0 -3 -2 -1 -2 -1  2    6   0   0   0   0   0   0   0   0  27  52   0   0   0   0   0   0   0   0  16  0.33 0.01
   15 V    2 -2 -1 -2 -2 -2 -2  4 -2 -1 -2 -2 -1 -3 -2  1 -1 -3 -2  1   25   0   0   0   0   0   0  44   0   0   0   0   0   0   0  10   0   0   0  21  0.36 0.01
   16 T    0 -2 -1 -2 -1 -2 -2 -3 -3  2  0 -2  0 -1 -2  0  4 -3 -2  3    0   0   0   0   0   0   0   0   0  21   0   0   0   0   0   0  50   0   0  30  0.28 0.02
   17 L   -2 -3 -4 -4 -2 -3 -3 -4 -3  3  4 -3  2  0 -3 -3 -1 -2 -1  1    0   0   0   0   0   0   0   0   0  20  80   0   0   0   0   0   0   0   0   0  0.46 0.02
   18 F   -3 -3 -4 -4 -3 -4 -4 -4 -2  0  0 -4  0  7 -4 -3 -3  1  3 -1    0   0   0   0   0   0   0   0   0   0   0   0   0 100   0   0   0   0   0   0  0.92 0.04
   19 F   -3 -3 -4 -4 -3 -4 -4 -4 -2  0  0 -4  0  7 -4 -3 -3  1  3 -1    0   0   0   0   0   0   0   0   0   0   0   0   0 100   0   0   0   0   0   0  0.92 0.04
   20 A    5 -2 -2 -2 -1 -1 -1  0 -2 -2 -2 -1 -1 -3 -1  2  0 -3 -2 -1   92   0   0   0   0   0   0   0   0   0   0   0   0   0   0   8   0   0   0   0  0.46 0.03
   21 V   -1 -3 -4 -4 -1 -3 -3 -4 -4  4  1 -3  1 -1 -3 -3 -1 -3 -2  3    0   0   0   0   0   0   0   0   0  69   0   0   0   0   0   0   0   0   0  31  0.43 0.03
   22 A    4 -2 -2 -2 -1 -1 -2  0 -2  0 -1 -1 -1  1 -1  1  0 -2 -1  0   79   0   0   0   0   0   0   0   0   8   0   0   0  13   0   0   0   0   0   0  0.30 0.03
   23 F   -3 -3 -4 -4 -3 -4 -4 -4 -2  0  1 -4  0  7 -4 -3 -3  1  3 -1    0   0   0   0   0   0   0   0   0   0   6   0   0  94   0   0   0   0   0   0  0.84 0.04
   24 R   -2  7 -1 -2 -4  1  0 -3 -1 -4 -3  2 -2 -3 -3 -1 -2 -3 -2 -3    0 100   0   0   0   0   0   0   0   0   0   0   0   0   0   0   0   0   0   0  0.89 0.04
   25 D   -2 -1  1  5 -4  1  4 -2 -1 -4 -4  0 -3 -4 -2  0 -1 -4 -3 -3    0   0   0  60   0   0  40   0   0   0   0   0   0   0   0   0   0   0   0   0  0.78 0.03
   26 P   -1 -3 -3 -2 -3 -2 -2 -3 -3 -3 -3 -1 -3 -4  8 -1 -1 -4 -4 -3    0   0   0   0   0   0   0   0   0   0   0   0   0   0 100   0   0   0   0   0  2.15 0.05
   27 P   -1 -3 -3 -2 -3 -2 -2 -3 -3 -3 -3 -1 -3 -4  8 -1 -1 -4 -4 -3    0   0   0   0   0   0   0   0   0   0   0   0   0   0 100   0   0   0   0   0  2.15 0.05
   28 K   -1  5  0 -1 -4  1  0 -2 -1 -3 -3  4 -2 -3 -2 -1 -1 -3 -2 -3    0  47   0   0   0   0   0   0   0   0   0  53   0   0   0   0   0   0   0   0  0.61 0.03
   29 F   -2 -3 -4 -4 -2 -3 -4 -4 -3  4  1 -3  1  3 -3 -3 -1 -1  1  2    0   0   0   0   0   0   0   0   0  62   0   0   0  21   0   0   0   0   5  13  0.35 0.02
   30 D   -1 -1  2  3 -3  2  3  3 -1 -4 -4  0 -2 -4 -2  0 -1 -3 -3 -3    0   0  13  23   0  14  24  26   0   0   0   0   0   0   0   0   0   0   0   0  0.44 0.01
   31 K   -1  3  0 -1 -4  3  1 -2 -1 -3 -3  5 -2 -4 -1  0 -1 -3 -2 -3    0  10   0   0   0  13   0   0   0   0   0  76   0   0   0   0   0   0   0   0  0.54 0.03

                      K         Lambda
Standard Ungapped    0.1409     0.3351
Standard Gapped      0.0470     0.2670
PSI Ungapped         0.1534     0.3168
PSI Gapped           0.0470     0.2670
