
Last position-specific scoring matrix computed, weighted observed percentages rounded down, information per position, and relative weight of gapless real matches to pseudocounts
            A   R   N   D   C   Q   E   G   H   I   L   K   M   F   P   S   T   W   Y   V   A   R   N   D   C   Q   E   G   H   I   L   K   M   F   P   S   T   W   Y   V
    1 M    -3  -4  -4  -5  -4  -3  -4  -5  -4  -1   0  -4  10   2  -5  -4  -3  -3  -2  -1    0   0   0   0   0   0   0   0   0   0   0   0  92   8   0   0   0   0   0   0  1.86 0.36
    2 K    -2   1  -2  -2  -5   0  -1  -3  -2  -5  -4   7  -3  -5  -3  -2  -2  -5  -4  -4    0   2   0   0   0   0   0   0   0   0   0  98   0   0   0   0   0   0   0   0  1.46 0.30
    3 V    -2  -4  -2  -4  -2  -3  -4  -5  -4   2   0  -3  -1  -2  -4  -3   0  -4  -3   6    0   0   2   0   0   0   0   0   0   7   1   1   0   0   0   0   6   0   0  82  0.88 0.22
    4 K    -2   7  -1  -3  -5   1  -1  -4  -2  -4  -3   3  -2  -4  -3  -1  -2  -4  -1  -4    1  72   1   0   0   6   0   0   0   0   1  15   0   0   0   2   0   0   3   0  1.09 0.22
    5 P     4  -3  -2  -2  -2  -2  -2   0  -3  -3  -3  -2  -2  -4   4   2   1  -4  -3  -2   54   0   0   0   0   0   0   3   0   0   0   0   0   0  18  18   6   0   0   1  0.64 0.17
    6 S     0  -3  -1  -2  -3  -2  -2  -1  -3  -4  -4  -2  -3  -4  -3   6   0  -5  -3  -1    2   0   0   0   0   0   0   1   0   0   0   0   0   0   0  92   0   0   0   5  1.10 0.28
    7 V    -2  -4  -5  -5  -2  -4  -4  -5  -5   3   1  -4   0  -2  -4  -3  -2  -4  -3   6    0   0   0   0   0   0   0   0   0  11   6   0   0   0   0   0   0   0   0  83  0.97 0.22
    8 K    -2   4  -2  -2  -5   0  -1  -2  -2  -4  -4   7  -3  -5  -3  -2  -2  -5  -3  -4    0  18   0   0   0   0   0   2   0   0   0  80   0   0   0   0   0   0   0   0  1.16 0.25
    9 R    -2   3  -2  -2  -3   0  -1  -3  -2  -4  -4   6  -3  -5   2  -1  -1  -4  -3  -3    1  11   0   0   1   1   0   0   0   0   0  70   0   0  10   1   4   0   0   2  0.86 0.21
   10 I    -3   3  -3  -4  -3  -2  -3  -5  -3   5   1  -2   4  -1  -4  -3  -2  -4  -2   1    0  25   0   0   0   0   0   0   0  53   5   0  14   1   0   0   0   0   0   1  0.62 0.18
   11 C    -2  -5  -4  -5  11  -5  -5  -4  -5  -3  -3  -5  -3  -5  -5   0  -1  -4  -4  -3    0   0   0   0  90   0   0   0   0   0   0   0   0   0   0   6   3   0   0   0  2.51 0.36
   12 A    -1   2   0   3  -4   0   3  -1  -1  -3  -4   2  -3  -4   1   1  -1  -4  -3  -3    4  16   3  18   0   1  25   2   0   0   0  12   0   0   6  10   1   0   0   1  0.40 0.10
   13 K    -1   0   3   3  -4   0   1  -1   2  -4  -4   4  -3  -4  -2   0  -1  -4  -1  -3    2   2  19  19   0   0   5   2   6   0   0  35   0   0   0   7   0   0   2   1  0.46 0.13
   14 C    -3  -6  -5  -1  11  -5  -5  -5  -5  -3  -3  -5  -4  -5  -5  -3  -3  -5  -5  -3    0   0   0   4  96   0   0   0   0   0   0   0   0   0   0   0   0   0   0   0  2.77 0.38
   15 R    -2   4  -1  -2  -3   2   0  -2  -1  -2  -3   5  -2   0  -3  -2  -1  -3   2  -2    0  21   0   0   0   9   1   1   0   2   0  50   0   3   0   0   1   0   9   1  0.60 0.16
   16 V    -2  -3  -3  -4  -2  -3  -4  -4  -4   4   2  -2   1   0  -3  -3  -1  -3  -1   3    1   0   1   0   0   0   0   0   0  39  19   2   2   4   1   0   0   0   1  30  0.51 0.13
   17 I    -2  -4  -5  -5  -2  -4  -4  -5  -5   6   0  -3   0  -2  -4  -3  -2  -4  -1   4    0   0   0   0   0   0   0   0   0  63   2   1   0   0   0   0   0   0   1  34  0.89 0.20
   18 R    -3   6  -2  -3  -5   0  -1  -4  -1  -5  -4   5  -3  -4  -3  -2  -2   0  -3  -4    0  59   0   0   0   0   0   0   1   0   0  39   0   0   0   0   0   1   0   0  1.15 0.23
   19 R    -3   8  -2  -4  -5  -1  -2  -4  -2  -5  -4   1  -3  -5  -4  -3  -3  -5  -4  -5    0 100   0   0   0   0   0   0   0   0   0   0   0   0   0   0   0   0   0   0  1.82 0.32
   20 H    -2   4   3  -1  -4   0   0  -1   4  -4  -4   4  -3  -3  -3  -1  -2  -4  -1  -4    0  23  16   0   0   1   1   4  16   0   0  35   0   1   0   1   0   0   1   0  0.61 0.15
   21 G    -1   0   0  -3  -4  -2  -3   7  -3  -5  -5   0  -4  -5  -4  -1  -3  -4  -4  -5    0   6   4   0   0   1   0  84   0   0   0   5   0   0   0   1   0   0   0   0  1.30 0.22
   22 K    -2   5  -2  -3  -3  -1  -2  -4  -1   1  -2   2  -1  -3  -3  -2  -1  -4  -3   2    1  46   1   0   0   0   0   0   1   9   0  14   0   0   0   1   2   0   0  26  0.53 0.16
   23 I    -2  -2  -1  -4  -2  -3  -4  -4  -4   3   2  -3   0  -1  -4  -3  -1   3  -2   4    0   2   3   0   0   0   0   0   0  21  20   0   0   0   0   0   3   5   0  46  0.49 0.14
   24 R    -2   5  -3  -4  -4  -1  -2  -4  -1  -1   0  -1   5   2  -4  -2  -2   0   4  -2    1  38   0   0   0   0   0   0   0   2   6   0  22   8   0   1   0   0  20   1  0.57 0.17
   25 V    -2  -4  -3  -5  -2  -4  -4  -5  -5   3   0  -4  -1  -2  -4  -3  -2  -4  -3   6    0   0   1   0   0   0   0   0   0  14   0   0   0   0   0   0   0   0   0  84  1.02 0.23
   26 I    -3  -3  -5  -5  -3  -4  -4  -5  -4   6   1  -4   0   1  -4  -3  -2  -3   0   2    0   1   0   0   0   0   0   0   0  75   8   0   0   4   0   1   0   0   3   8  0.84 0.20
   27 C    -2  -5   1  -5  11  -5  -5  -4  -5  -3  -4  -5  -4  -5  -5  -3  -3  -5  -5  -3    0   0  10   0  90   0   0   0   0   0   0   0   0   0   0   0   0   0   0   0  2.54 0.36
   28 E    -1   0  -1   0  -2   0   2  -2  -2  -1  -2   3  -2  -3  -2   2   1  -4  -2  -1    2   2   0   3   1   1  12   0   0   5   1  32   0   1   0  24  10   0   1   5  0.27 0.11
   29 D    -3  -2   7   2  -4   0   0  -2   3  -2  -4  -1  -3  -4  -3  -1   0  -5  -3  -2    0   0  63  10   0   1   6   0   7   3   0   2   0   0   0   0   5   0   0   2  0.87 0.20
   30 P    -1  -2  -2  -3  -4  -2  -2  -3  -4  -4  -4   0  -4  -4   8  -1  -2  -5  -4  -4    5   2   1   0   0   1   0   0   0   0   1   5   0   1  81   3   0   0   0   0  1.91 0.27
   31 R    -2   5  -1  -2  -5   0  -1  -3  -2  -4  -4   6  -3  -5  -3  -1  -2  -4  -3  -4    0  39   1   0   0   0   0   0   0   0   0  58   0   0   0   2   0   0   0   0  1.06 0.22
   32 H    -4  -2   0  -3  -5  -2  -2  -4  10  -5  -4  -3  -3  -1  -4  -3  -4  -4   1  -5    0   0   2   0   0   0   0   0  92   0   2   0   0   2   0   0   0   0   2   0  2.24 0.36
   33 K    -2   1   1  -2  -5   0  -1  -3  -2  -5  -4   7  -3  -5  -3  -1  -2  -5  -4  -4    0   0   6   0   0   0   0   0   0   0   0  92   0   0   0   1   1   0   0   0  1.29 0.28
   34 Q    -3  -1  -2  -2  -5   8   0  -4  -1  -5  -4  -1  -2  -5  -3  -2  -1  -4  -3  -4    0   0   0   0   0  98   0   0   0   0   0   0   0   0   0   0   2   0   0   0  1.80 0.35
   35 R    -3   7  -2  -3  -3   0  -2  -3  -2  -4  -4   2  -3  -5  -4  -2  -3  -5  -3  -3    1  85   0   0   1   0   0   1   0   0   0  11   0   0   0   0   0   0   0   2  1.40 0.27
   36 Q    -2  -1  -2  -2  -5   8   0  -4  -1  -5  -4  -1  -2  -5  -3  -2  -3  -4  -3  -4    2   0   0   0   0  98   0   0   0   0   0   0   0   0   0   0   0   0   0   0  1.80 0.35
   37 G    -1  -4  -2  -3  -4  -3  -4   7  -4  -6  -5  -3  -4  -5  -4  -2  -3  -4  -5  -5    0   0   0   0   0   0   0 100   0   0   0   0   0   0   0   0   0   0   0   0  1.75 0.25

                      K         Lambda
Standard Ungapped    0.1417     0.3311
Standard Gapped      0.0583     0.2670
PSI Ungapped         0.1906     0.3182
PSI Gapped           0.0583     0.2670
