
Last position-specific scoring matrix computed, weighted observed percentages rounded down, information per position, and relative weight of gapless real matches to pseudocounts
            A   R   N   D   C   Q   E   G   H   I   L   K   M   F   P   S   T   W   Y   V   A   R   N   D   C   Q   E   G   H   I   L   K   M   F   P   S   T   W   Y   V
    1 M    -3  -3  -4  -5  -3  -2  -4  -5  -3  -1   0  -3  10  -2  -4  -3  -3  -3  -3  -1    0   0   0   0   0   0   0   0   0   0   0   0 100   0   0   0   0   0   0   0  2.02 0.37
    2 S     0  -2  -1  -2  -2  -2  -2  -2  -2  -4  -3  -2  -3   2  -2   6   0  -4  -2  -3    0   0   0   0   0   0   0   0   0   0   0   0   0  10   0  90   0   0   0   0  1.01 0.25
    3 D    -3  -3   0   8  -5  -2   0  -3  -3  -5  -5  -2  -5  -5  -3  -2  -3  -6  -5  -5    0   0   0 100   0   0   0   0   0   0   0   0   0   0   0   0   0   0   0   0  1.85 0.29
    4 I    -3  -4  -4  -4  -3  -4  -4  -5  -5   7   0  -4   0  -2  -4  -3   1  -4  -3   1    0   0   0   0   0   0   0   0   0  90   0   0   0   0   0   0  10   0   0   0  1.08 0.24
    5 N    -3  -2   8   0  -4  -2  -2  -2  -1  -5  -5  -2  -4  -5  -4  -1  -2  -6  -4  -5    0   0 100   0   0   0   0   0   0   0   0   0   0   0   0   0   0   0   0   0  1.81 0.31
    6 V     5  -2  -2  -3  -2  -2  -2   0  -3  -2  -2  -2  -2  -3  -2   1   2  -4  -3   0   67   0   0   0   0   0   0   5   0   0   0   0   0   0   0   5  17   0   0   6  0.60 0.17
    7 T     1  -3  -2  -3  -2  -2  -2  -3  -3   0  -2  -2  -2  -3  -2   0   6  -4  -3  -1   14   0   0   0   0   0   0   0   0   6   0   0   0   0   0   2  78   0   0   0  0.90 0.22
    8 R    -3   7  -2  -3   1  -1  -2  -4  -2  -5  -4   1  -3  -4  -4  -2  -3  -4  -3  -4    0  96   0   0   4   0   0   0   0   0   0   0   0   0   0   0   0   0   0   0  1.60 0.28
    9 L    -1  -3  -5  -5  -2  -3  -4  -5  -4   0   5  -4   1  -1  -4  -3  -2  -3  -2   0    6   0   0   0   0   0   0   0   0   0  91   0   0   0   0   0   0   0   0   3  0.91 0.20
   10 P    -3  -4  -4  -4  -5  -4  -3  -5  -5  -5  -5  -3  -5  -6   9  -3  -3  -6  -5  -5    0   0   0   0   0   0   0   0   0   0   0   0   0   0 100   0   0   0   0   0  2.91 0.49
   11 G     1  -3  -3  -3   0  -2  -3  -1   2   3   1  -3   0   1  -3  -1  -1  -3  -1   2   14   0   0   0   2   0   0   6   8  34  14   0   0   5   0   2   0   0   0  12  0.25 0.13
   12 F    -3  -3  -4  -4  -3  -3  -3  -4  -3   2   0  -3   1   4  -1  -2  -2   9   2   0    1   0   0   0   0   0   0   1   0  19   6   0   3  20   4   4   0  32   4   4  0.98 0.23
   13 V    -2  -3  -3  -3  -3  -1  -2   2  -3   1   2  -3   1   2  -1  -1  -2   5  -1   0    0   0   0   0   0   3   3  21   0  12  29   0   5   9   2   3   0  10   0   3  0.31 0.14
   14 P     0  -3  -3  -3  -2  -2  -3  -3  -3   2   1  -2  -1   2   4  -1  -1  -3  -1   2   11   0   0   0   0   0   0   0   0  19  14   0   0  10  25   4   2   0   0  14  0.40 0.14
   15 I     1  -1  -2   0  -2  -2  -1   3  -3   1   0  -2   0  -1   3  -1  -1  -3  -2   0   13   4   0   5   0   0   2  25   0  11   7   0   3   3  16   2   3   0   0   6  0.22 0.10
   16 L     0  -3  -3  -1   6  -3  -2  -1  -2   2   0  -3   0   0   0  -1  -1  -2   3   0    6   0   0   3  27   0   2   5   0  14  11   0   1   4   5   2   4   0  13   3  0.38 0.16
   17 F    -1  -2   2  -1   1   0  -2  -2  -2   0   1  -2   1   2   3   0  -1  -2  -1   0    1   1  13   4   4   4   1   1   0   6  15   1   6  16  17   6   1   0   0   4  0.20 0.09
   18 P    -3  -4  -4  -4  -5  -3  -3  -1  -4  -5  -2  -3  -4  -5   8  -3  -3  -6  -5  -4    0   0   0   0   0   0   0   6   0   0   4   0   0   0  90   0   0   0   0   0  2.42 0.46
   19 C    -3  -5  -5  -5  10  -5  -5  -5  -4   0  -3  -5  -3   0  -5  -1  -3   4   1  -3    0   0   0   0  75   0   0   0   0   6   0   0   0   4   0   4   0   7   4   0  2.13 0.45
   20 V     0  -4  -4  -4  -2  -3  -4  -4  -4   2  -1  -3  -1  -2   1  -2   1  -4  -3   5    5   0   0   0   0   0   0   0   0  10   0   0   0   0   6   0   9   0   0  70  0.80 0.28
   21 G     1  -3   1  -2  -3  -3  -3   6  -3  -5  -5  -3  -4  -4  -3   2  -2  -4  -4  -4    7   0   5   0   0   0   0  66   0   0   0   0   0   0   0  22   0   0   0   0  1.09 0.29
   22 D    -4  -3  -1   7  -6  -2   2  -3  -3  -5  -6  -2  -5  -6  -3  -2  -3  -6  -5  -5    0   0   0  89   0   0  11   0   0   0   0   0   0   0   0   0   0   0   0   0  1.83 0.42
   23 D     0  -3   0   6  -4  -2   1  -1   3  -4  -4  -2  -4  -4  -3  -2  -2  -5  -3  -2    7   0   2  67   0   0   4   5   7   0   1   0   0   0   0   0   0   0   0   4  0.99 0.27
   24 V     0  -4  -1   1   1  -3  -3  -4  -4   4  -1  -3  -1  -2  -3  -2   0  -4  -3   4    8   0   3  10   3   0   0   0   0  32   0   0   0   0   0   0   4   0   0  39  0.47 0.20
   25 N    -1  -2   4   4  -4   1   2  -2  -1  -2  -2  -1  -3  -4  -3   0   1  -4  -3  -2    4   0  31  24   0   7  16   0   0   3   3   0   0   0   0   2   8   0   0   2  0.53 0.19
   26 T     1   0  -1  -2  -2   1  -2  -2   0  -1   0  -1   3   1   2   1   0  -3  -1   0   15   4   2   0   0   7   0   0   2   1   9   0  18   8   9  15   4   0   0   5  0.16 0.12
   27 A    -1  -3  -3  -3  -2  -3  -3  -4  -4   1   2  -3  -1  -2  -3  -1   5  -4  -3   3    3   0   0   0   0   0   0   0   0   5  22   0   0   0   0   0  46   0   0  24  0.57 0.24
   28 L    -3  -4  -5  -5  -3  -4  -4  -5  -4   1   6  -4   1  -1  -4  -4  -1  -3  -3   0    0   0   0   0   0   0   0   0   0   2  95   0   0   0   0   0   3   0   0   0  1.09 0.27
   29 T     0   0   1  -2  -2  -2  -2  -3  -3  -2  -3  -2  -2  -4  -3   1   6  -4  -3   0    7   5   7   0   0   0   0   0   0   0   0   0   0   0   0   5  72   0   0   4  0.83 0.26
   30 R    -2   7  -2  -3   0  -1  -2  -3   2  -4  -4   1  -3  -4  -3   1  -2  -4  -3  -4    0  78   0   0   2   0   0   0   5   0   0   4   0   0   0  11   0   0   0   0  1.21 0.29
   31 G    -1  -4  -2  -3  -4  -3  -4   7  -4  -6  -5  -3  -4  -5  -4  -2  -3  -4  -5  -5    0   0   0   0   0   0   0 100   0   0   0   0   0   0   0   0   0   0   0   0  1.85 0.33
   32 E    -2  -2  -2   0  -5   2   7  -4  -2  -5  -4  -1  -3  -5  -3  -2  -2  -4  -4  -4    0   0   0   0   0   6  94   0   0   0   0   0   0   0   0   0   0   0   0   0  1.47 0.31

                      K         Lambda
Standard Ungapped    0.1454     0.3241
Standard Gapped      0.0507     0.2670
PSI Ungapped         0.1656     0.3189
PSI Gapped           0.0507     0.2670
