
Last position-specific scoring matrix computed, weighted observed percentages rounded down, information per position, and relative weight of gapless real matches to pseudocounts
            A   R   N   D   C   Q   E   G   H   I   L   K   M   F   P   S   T   W   Y   V   A   R   N   D   C   Q   E   G   H   I   L   K   M   F   P   S   T   W   Y   V
    1 H    -2  -1   0  -2  -3   0  -1  -3   8  -3  -2  -1  -2   1  -3  -1  -2   0   5  -3    0   0   0   0   0   0   0   0  65   0   0   0   0   0   0   0   0   0  35   0  0.81 0.03
    2 K    -1   5   0  -1  -4   3   2  -2   0  -3  -3   3  -1  -3  -2  -1  -1  -3  -2  -3    0  53   0   0   0  17  11   0   0   0   0  18   0   0   0   0   0   0   0   0  0.56 0.02
    3 M    -1   0  -1  -2   3   3   0  -2  -1  -1   0   1   3  -2   2   0   1  -2  -2  -1    0   0   0   0   9  25   0   0   0   0   0   9  30   0  12   0  16   0   0   0  0.22 0.02
    4 D    -2  -2   1   7  -4  -1   1  -2  -1  -4  -4  -1  -4  -4  -2   0  -1  -5  -4  -4    0   0   0 100   0   0   0   0   0   0   0   0   0   0   0   0   0   0   0   0  1.03 0.03
    5 L    -2  -3  -4  -4  -2  -2  -3  -4  -3   2   4  -3   2   0  -3  -3  -1  -2  -1   1    0   0   0   0   0   0   0   0   0   0 100   0   0   0   0   0   0   0   0   0  0.52 0.02
    6 H    -2  -1   0  -1  -4   0   0  -2   9  -4  -3  -1  -2  -2  -3  -1  -2  -3   2  -4    0   0   0   0   0   0   0   0 100   0   0   0   0   0   0   0   0   0   0   0  1.07 0.04
    7 W    -3  -3  -4  -3  -3  -2   0  -3  -2  -3  -2  -3  -2   0  -4  -3  -3  12   2  -3    0   0   0   0   0   0  11   0   0   0   0   0   0   0   0   0   0  89   0   0  2.15 0.04
    8 Y    -2  -2  -3  -4  -3  -2  -2  -4   2  -2  -1  -2  -1   3  -3  -2  -2   2   8  -2    0   0   0   0   0   0   0   0   0   0   0   0   0   0   0   0   0   0 100   0  1.02 0.03
    9 L    -2  -3  -4  -4  -2  -2  -3  -4  -3   2   4  -3   2   0  -3  -3  -1  -2  -1   1    0   0   0   0   0   0   0   0   0   0 100   0   0   0   0   0   0   0   0   0  0.52 0.02
   10 R    -2   6  -1  -2  -4   1   0  -3   0  -3  -3   2  -2  -3  -3  -1  -1  -3  -2  -3    0 100   0   0   0   0   0   0   0   0   0   0   0   0   0   0   0   0   0   0  0.86 0.03
   11 T    -1   1   0  -1  -3   5   2  -2   0  -2  -2   1   1  -3  -2   0   1  -2  -2  -2    0   0   0   0   0  60   7   0   0   0   0   7   9   0   0   0  16   0   0   0  0.42 0.02
   12 L    -2  -3  -4  -4  -2  -2  -3  -4  -3   2   4  -3   2   0  -3  -3  -1  -2  -1   1    0   0   0   0   0   0   0   0   0   0 100   0   0   0   0   0   0   0   0   0  0.52 0.02
   13 E    -1   0   0   1  -4   2   6  -3   0  -4  -3   1  -2  -4  -1   0  -1  -3  -2  -3    0   0   0   0   0   0 100   0   0   0   0   0   0   0   0   0   0   0   0   0  0.82 0.03
   14 E     0   0   0   1  -3   4   5  -2   0  -3  -3   1  -2  -4  -1   0  -1  -3  -2  -2    8   0   0   0   0  27  65   0   0   0   0   0   0   0   0   0   0   0   0   0  0.60 0.02
   15 V    -1  -3  -3  -4  -1  -3  -3  -4  -3   3   1  -3   1   0  -3  -2   0  -2   1   4    0   0   0   0   0   0   0   0   0   9   0   0   0   0   0   0   0   0   8  83  0.35 0.02
   16 V    -1  -3  -4  -4  -1  -3  -3  -4  -3   3   3  -3   1   0  -3  -2  -1  -3  -1   3    0   0   0   0   0   0   0   0   0  14  44   0   0   0   0   0   0   0   0  42  0.34 0.01
   17 I    -2  -3  -4  -4  -2  -3  -4  -4  -4   5   2  -3   1   0  -3  -3  -1  -3  -2   3    0   0   0   0   0   0   0   0   0 100   0   0   0   0   0   0   0   0   0   0  0.48 0.02
   18 R    -2   4   0   2  -3   2   1  -2  -1  -3  -1   2  -1  -3  -2  -1  -1  -3  -2  -2    0  47   0  20   0  11   7   0   0   0   8   7   0   0   0   0   0   0   0   0  0.39 0.01
   19 A     1  -3  -3  -3  -1  -2  -2  -3  -3   2   0  -2   0  -1  -2  -1   1  -3  -2   4    9   0   0   0   0   0   0   0   0   0   0   0   0   0   0   0  11   0   0  80  0.29 0.02
   20 L    -2  -3  -4  -4  -2  -2  -3  -4  -3   2   4  -3   2   0  -3  -3  -1  -2  -1   1    0   0   0   0   0   0   0   0   0   0 100   0   0   0   0   0   0   0   0   0  0.52 0.02
   21 Q     3  -1   0   2  -1   1   0   0  -1  -2  -2  -1  -1  -3  -1   2   1  -3  -2  -1   53   0   0  15   0   9   0   0   0   0   0   0   0   0   0  16   7   0   0   0  0.27 0.01
   22 R     0   1   1   1  -2   1   0  -2   4   0  -1   0  -1  -2  -2  -1  -1  -3  -1   1    8  13   9  10   0   9   0   0  20   8   0   0   0   0   0   0   0   0   0  23  0.12 0.01
   23 F    -2  -3  -3  -4  -2  -3  -3  -4   0   0   2  -3   0   5  -4  -2  -2   1   5  -1    0   0   0   0   0   0   0   0   0   0  24   0   0  42   0   0   0   0  34   0  0.56 0.02
   24 Q     0  -2   0   2  -3   1  -1   5  -2  -4  -4  -1  -3  -4  -2   0  -2  -3  -3  -3    0   0   0  17   0  13   0  70   0   0   0   0   0   0   0   0   0   0   0   0  0.71 0.02
   25 F    -2  -3  -4  -4  -2  -3  -3  -4  -3   2   4  -3   2   2  -3  -3  -1  -1   0   1    0   0   0   0   0   0   0   0   0   0  77   0   0  13   0   0   0   0   0  10  0.41 0.02
   26 R    -1   5   0  -1  -4   4   1  -2   0  -3  -3   3  -1  -3  -2  -1  -1  -3  -2  -3    0  46   0   0   0  34   0   0   0   0   0  20   0   0   0   0   0   0   0   0  0.56 0.02

                      K         Lambda
Standard Ungapped    0.1439     0.3382
Standard Gapped      0.0444     0.2670
PSI Ungapped         0.1451     0.3200
PSI Gapped           0.0444     0.2670
