
Last position-specific scoring matrix computed, weighted observed percentages rounded down, information per position, and relative weight of gapless real matches to pseudocounts
            A   R   N   D   C   Q   E   G   H   I   L   K   M   F   P   S   T   W   Y   V   A   R   N   D   C   Q   E   G   H   I   L   K   M   F   P   S   T   W   Y   V
    1 S     1  -1   0  -1  -1   0  -1   2  -1  -3  -3  -1  -2  -3  -1   3   1  -3  -2  -2    0   0   0   0   0   0   0  24   0   0   0   0   0   0   0  76   0   0   0   0  0.43 0.01
    2 V     0  -3  -3  -3  -1  -2  -3  -3  -3   2   1  -2   1  -1  -2  -2   0  -3  -1   4    0   0   0   0   0   0   0   0   0   0   0   0   0   0   0   0   0   0   0 100  0.40 0.02
    3 V     2  -2  -2  -3  -1  -2  -2  -2  -3   2   0  -2   0  -1  -2   0   0  -3  -1   3   38   0   0   0   0   0   0   0   0   0   0   0   0   0   0   0   0   0   0  62  0.24 0.01
    4 K    -1   2   0   0  -3   1   2  -2  -1  -3  -3   4  -2  -3  -1   0  -1  -3  -2  -2    0   0   0   0   0   0  20   0   0   0   0  80   0   0   0   0   0   0   0   0  0.51 0.02
    5 S     1  -1   0  -1  -1   0  -1  -1  -1  -1  -2  -1  -1  -2  -1   4   1  -3  -2   0    0   0   0   0   0   0   0   0   0   0   0   0   0   0   0  82   0   0   0  18  0.33 0.02
    6 E    -1  -1  -1   1  -3   1   4  -2  -1  -1  -2   0  -1  -3  -1   0  -1  -3  -2   0    0   0   0   0   0   0  80   0   0   0   0   0   0   0   0   0   0   0   0  20  0.49 0.02
    7 D    -2  -1   1   5  -4   0   2  -2  -1  -3  -4   0  -3  -4  -2   0  -1  -4  -3  -3    0   0   0  82   0   0  18   0   0   0   0   0   0   0   0   0   0   0   0   0  0.86 0.02
    8 Y    -2  -2  -2  -3  -2  -2  -2  -3   1  -1   0  -2   2   4  -3  -2  -2   1   6  -1    0   0   0   0   0   0   0   0   0   0   0   0  19  23   0   0   0   0  58   0  0.60 0.02
    9 A     3  -1   0  -1  -1  -1  -1   0  -1  -2  -2  -1  -1  -2  -1   3   2  -3  -2  -1   42   0   0   0   0   0   0   0   0   0   0   0   0   0   0  35  22   0   0   0  0.33 0.01
   10 R    -1   0  -2  -3  -2  -1  -2  -3  -2   1   3   1   1   1  -2  -2  -1  -2  -1   0    0   7   0   0   0   0   0   0   0   0  66  19   0   8   0   0   0   0   0   0  0.22 0.01
   11 P    -1  -2  -2  -2  -3  -1  -1  -2  -2  -3  -3  -1  -3  -4   7   0  -1  -4  -3  -2    0   0   0   0   0   0   0   0   0   0   0   0   0   0  92   8   0   0   0   0  1.88 0.03
   12 S     2  -1  -1  -1  -1  -1  -1  -1  -2  -1   0  -1   0  -2  -1   2   1  -2  -2   0   39   0   0   0   0   0   0   0   0   0  19   0   0   0   0  34   8   0   0   0  0.21 0.01
   13 Y    -2  -2  -2  -3  -3  -2  -2  -3   2  -2  -1  -2  -1   3  -3  -2  -2   2   7  -1    0   0   0   0   0   0   0   0   0   0   0   0   0   0   0   0   0   0 100   0  1.02 0.04
   14 V     0  -3  -3  -3  -1  -2  -3  -3  -3   2   0  -2   0   2  -3  -2  -1   6   0   3    7   0   0   0   0   0   0   0   0   0   0   0   0  14   0   0   0  16   0  63  0.38 0.02
   15 D    -2  -2   1   6  -4   0   1  -1  -1  -3  -4  -1  -3  -4  -2   0  -1  -4  -3  -3    0   0   0 100   0   0   0   0   0   0   0   0   0   0   0   0   0   0   0   0  1.03 0.03
   16 R    -1   5   0  -1  -3   3   0  -2   0  -3  -2   2  -1  -3  -2  -1  -1  -3  -2  -3    0  77   0   0   0  23   0   0   0   0   0   0   0   0   0   0   0   0   0   0  0.71 0.03
   17 R    -2   5  -1  -2  -3   1  -1  -3  -1  -2   0   2  -1  -2  -2  -1  -1  -3  -2  -2    0  85   0   0   0   0   0   0   0   0  15   0   0   0   0   0   0   0   0   0  0.63 0.03
   18 D    -1  -1   1   5  -3   0   2  -2  -1  -3  -3  -1  -3  -1  -2   1  -1  -2   1  -3    0   0   0  65   0   0  12   0   0   0   0   0   0   0   0  11   0   0  13   0  0.60 0.02
   19 Y    -2  -1   1  -2  -2  -1  -1  -2   3  -2  -2  -1  -1   2  -3  -1   1   1   6  -1    0   0  12   0   0   0   0   0  13   0   0   0   0   0   0   0  15   0  61   0  0.53 0.03
   20 P    -1  -2  -2  -2  -3  -2  -1  -2  -2  -3  -3  -1  -3  -4   8  -1  -1  -4  -3  -3    0   0   0   0   0   0   0   0   0   0   0   0   0   0 100   0   0   0   0   0  2.14 0.04
   21 L    -1  -2  -3  -4  -1  -2  -3  -4  -3   1   4  -2   4   0  -3  -2  -1  -2  -1   1    0   0   0   0   0   0   0   0   0   0  77   0  23   0   0   0   0   0   0   0  0.45 0.02
   22 P    -1  -2  -2  -2  -3  -2  -1  -2  -2  -3  -3  -1  -3  -4   8  -1  -1  -4  -3  -3    0   0   0   0   0   0   0   0   0   0   0   0   0   0 100   0   0   0   0   0  2.14 0.04
   23 D    -2  -1   1   5  -4   0   3  -2  -1  -3  -4   0  -3  -4  -2   0  -1  -4  -3  -3    0   0   0  75   0   0  25   0   0   0   0   0   0   0   0   0   0   0   0   0  0.85 0.03
   24 V    -1   1  -2  -1  -2   0   2  -3  -2   2   0   0   0  -1  -2  -1  -1  -3  -2   3    0  15   0   0   0   0  23   0   0  12   0   0   0   0   0   0   0   0   0  50  0.17 0.02
   25 A     3  -2  -2  -2   3  -1  -1  -1  -2  -2  -2  -1  -2  -3   5   0  -1  -3  -2  -1   50   0   0   0  12   0   0   0   0   0   0   0   0   0  38   0   0   0   0   0  0.70 0.02
   26 H    -2  -1  -1  -2  -3  -1  -1  -3   6  -2  -2  -2  -1   3  -3  -1  -2   0   5  -2    0   0   0   0   0   0   0   0  50   0   0   0   0  13   0   0   0   0  37   0  0.69 0.03
   27 V     0  -1  -2  -3   5  -2  -2  -3  -3   1   0   0   0  -2  -2  -1   0  -3  -2   3    0   0   0   0  23   0   0   0   0   0   0  15   0   0   0   0   0   0   0  62  0.29 0.02
   28 R    -1   2   0   0  -2   2   2  -2  -1  -2  -2   3  -1  -3  -1   0   2  -3  -2  -2    0  10   0   0   0  12  15   0   0   0   0  35   0   0   0   0  29   0   0   0  0.33 0.01
   29 H     0  -1   0   2  -2   1   2  -2   4  -2   0   0   0  -2  -2   0  -1  -3  -1  -1   12   0   0  15   0   7  23   0  25   0  12   0   5   0   0   0   0   0   0   0  0.23 0.01
   30 L    -2  -2  -4  -4  -1  -2  -3  -4  -3   1   4  -3   2   0  -3  -3  -1  -2  -1   1    0   0   0   0   0   0   0   0   0   0 100   0   0   0   0   0   0   0   0   0  0.53 0.03
   31 S     1  -1   2   0  -1   0   0  -1  -1  -2  -2   0  -2  -3  -1   4   2  -3  -2  -2    0   0  13   0   0   0   0   0   0   0   0   0   0   0   0  73  15   0   0   0  0.43 0.03
   32 A     4  -1  -2  -1  -1  -1   1   0  -2  -2  -2  -1  -1  -3   2   1   0  -3  -2  -1   77   0   0   0   0   0  11   0   0   0   0   0   0   0  12   0   0   0   0   0  0.41 0.02
   33 S     1  -1   0   0  -2   1   3   0  -1  -3  -3   0  -2  -3  -1   3   0  -3  -2  -2   15   0   0   0   0   0  35   7   0   0   0   0   0   0   0  43   0   0   0   0  0.35 0.02
   34 Q    -1   0   0   2  -3   5   2  -2   0  -3  -3   1  -1  -3  -1   0  -1  -2  -2  -3    0   0   0  15   0  73  13   0   0   0   0   0   0   0   0   0   0   0   0   0  0.63 0.03
   35 K    -1   3   0  -1  -3   3   1  -2   0  -3  -2   4  -1  -3  -1   0  -1  -3  -2  -2    0  11   0   0   0  25   0   0   0   0   0  65   0   0   0   0   0   0   0   0  0.53 0.02
   36 A     4  -1  -1  -1  -1  -1  -1   0  -2  -2  -2  -1  -1  -2  -1   2   0  -3  -2  -1   73   0   0   0   0   0   0   0   0   0   0   0   0   0   0  27   0   0   0   0  0.40 0.02
   37 L    -2  -2  -4  -4  -1  -2  -3  -4  -3   1   4  -3   2   0  -3  -3  -1  -2  -1   1    0   0   0   0   0   0   0   0   0   0 100   0   0   0   0   0   0   0   0   0  0.53 0.03
   38 K    -1   2   0  -1  -3   1   1  -2  -1  -3  -3   5  -2  -3  -1   0  -1  -3  -2  -2    0   0   0   0   0   0   0   0   0   0   0 100   0   0   0   0   0   0   0   0  0.63 0.04
   39 E    -1   0   0   1  -4   3   5  -2   0  -3  -3   1  -2  -3  -1   0  -1  -3  -2  -3    0   0   0   0   0  15  85   0   0   0   0   0   0   0   0   0   0   0   0   0  0.75 0.03
   40 K    -1   2   1  -1  -3   1   1  -2  -1  -3  -3   5  -2  -3  -1   0  -1  -3  -2  -2    0   0   7   0   0   0   0   0   0   0   0  93   0   0   0   0   0   0   0   0  0.57 0.03
   41 E    -1   0   0   1  -4   2   5  -2   0  -3  -3   1  -2  -3  -1   0  -1  -3  -2  -3    0   0   0   0   0   0 100   0   0   0   0   0   0   0   0   0   0   0   0   0  0.84 0.04
   42 K    -1   2   0  -1  -3   1   1  -2  -1  -3  -3   5  -2  -3  -1   0  -1  -3  -2  -2    0   0   0   0   0   0   0   0   0   0   0 100   0   0   0   0   0   0   0   0  0.63 0.04
   43 A     3  -2  -1  -2  -1  -1  -2   4  -2  -2  -2  -1  -2  -3  -2   0  -1  -3  -2  -1   50   0   0   0   0   0   0  50   0   0   0   0   0   0   0   0   0   0   0   0  0.56 0.02
   44 S     1  -1   0   1  -1  -1   0  -1  -1  -3  -3  -1  -2  -3   4   3   1  -3  -2  -2    7   0   0  11   0   0   0   0   0   0   0   0   0   0  22  61   0   0   0   0  0.50 0.02
   45 W    -3  -3  -4  -5  -3  -2  -3  -3  -3  -3  -2  -3  -2   1  -4  -3  -3  11   2  -3    0   0   0   0   0   0   0   0   0   0   0   0   0   0   0   0   0 100   0   0  2.62 0.06
   46 S     2  -1   0  -1  -1  -1  -1   2  -1  -2  -2  -1  -2  -3  -1   3   1  -3  -2  -1   23   0   0   0   0   0   0  22   0   0   0   0   0   0   0  43  13   0   0   0  0.35 0.02
   47 S     1   0   1   0  -2   3   1  -1   0  -3  -2   0  -1  -3  -1   3   0  -3  -2  -2   12   0   5   0   0  38   0   0   0   0   0   0   0   0   0  45   0   0   0   0  0.37 0.02
   48 L    -2  -2  -4  -4  -1  -2  -3  -4  -3   1   4  -3   2   0  -3  -3  -1  -2  -1   1    0   0   0   0   0   0   0   0   0   0 100   0   0   0   0   0   0   0   0   0  0.53 0.03
   49 S     1  -1   0  -1  -1   0   0  -1  -1  -2  -2   0  -1  -2  -1   4   2  -3  -2  -1    0   0   0   0   0   0   0   0   0   0   0   0   0   0   0  81  19   0   0   0  0.47 0.03
   50 M    -1   2   1  -1  -3   2   0  -2   3  -1   0   1   3  -2  -2  -1  -1  -2  -1  -1    0  17  12   0   0  11   0   0  13   0   0  15  33   0   0   0   0   0   0   0  0.21 0.02
   51 D     1  -1   0   4  -3   0   3  -1  -1  -3  -3   0  -2  -3  -1   0  -1  -3  -3  -2   23   0   0  50   0   0  27   0   0   0   0   0   0   0   0   0   0   0   0   0  0.53 0.02
   52 E    -1   0   0   1  -4   2   5  -2   0  -3  -3   1  -2  -3  -1   0  -1  -3  -2  -3    0   0   0   0   0   0 100   0   0   0   0   0   0   0   0   0   0   0   0   0  0.84 0.04
   53 K    -1   2   0  -1  -3   1   1  -2  -1  -3  -3   5  -2  -3  -1   0  -1  -3  -2  -2    0   0   0   0   0   0   0   0   0   0   0 100   0   0   0   0   0   0   0   0  0.63 0.04
   54 V    -1  -3  -3  -3  -1  -2  -3  -3  -3   3   1  -3   1  -1  -3  -2   0  -3  -1   4    0   0   0   0   0   0   0   0   0  27   0   0   0   0   0   0   0   0   0  73  0.40 0.02
   55 E    -1   0   0   1  -3   3   4  -2   0  -3  -3   1  -2  -3  -1   0  -1  -3  -2  -2    0   0   0   0   0  23  77   0   0   0   0   0   0   0   0   0   0   0   0   0  0.65 0.00

                      K         Lambda
Standard Ungapped    0.1216     0.3074
Standard Gapped      0.0410     0.2670
PSI Ungapped         0.1216     0.3074
PSI Gapped           0.0410     0.2670
