
Last position-specific scoring matrix computed, weighted observed percentages rounded down, information per position, and relative weight of gapless real matches to pseudocounts
            A   R   N   D   C   Q   E   G   H   I   L   K   M   F   P   S   T   W   Y   V   A   R   N   D   C   Q   E   G   H   I   L   K   M   F   P   S   T   W   Y   V
    1 M    -2  -3  -4  -5  -3  -2  -4  -4  -3   0   1  -3   9  -1  -4  -3  -2  -3  -2  -1    0   0   0   0   0   0   0   0   0   0   0   0 100   0   0   0   0   0   0   0  1.64 0.30
    2 K    -2   1  -1  -2  -4   2   0  -3  -2  -4  -4   6  -2  -4  -2  -1  -2  -4  -3  -4    0   1   0   0   0   6   0   0   0   0   0  93   0   0   0   0   0   0   0   0  1.09 0.22
    3 I    -1  -4  -4  -4  -2  -3  -3  -4  -4   3   0  -3   0  -2  -3  -2   0  -4  -2   5    0   0   0   0   0   0   0   0   0  15   0   0   0   0   0   0   5   0   0  80  0.74 0.17
    4 K    -2   5  -1  -2  -3   1  -1  -3  -1  -1   1   2  -1  -2  -3  -1  -1  -3  -1   0    1  49   0   0   0   4   0   0   0   1  16  17   1   0   0   3   0   0   2   7  0.44 0.11
    5 N     2  -1   3  -1  -2  -1  -1   0  -1  -3  -3   0  -2  -3   1   3   1  -4  -3  -2   21   0  24   0   0   0   0   4   0   0   0   2   0   0   6  38   4   0   0   0  0.42 0.11
    6 S     1  -2  -1  -1  -2  -1  -1  -1  -2  -4  -4  -1  -3  -4  -2   6   0  -4  -3  -3    3   0   0   0   0   0   0   0   0   0   0   0   0   0   0  97   0   0   0   0  1.01 0.23
    7 L    -2  -3  -4  -4  -2  -3  -4  -4  -4   2   4  -3   1  -1  -4  -3  -1  -3  -2   3    0   0   0   0   0   0   0   0   0  12  57   0   0   0   0   0   0   0   0  30  0.57 0.12
    8 K    -1   3  -1  -2  -4   0   0   0  -2  -4  -4   6  -2  -4  -2  -1  -2  -4  -3  -3    1  13   0   0   0   0   0   6   0   0   0  78   0   0   0   1   0   0   0   0  0.85 0.18
    9 A     1   1  -1  -1  -2   0   0  -2  -2  -3  -3   3  -2  -3   1   3   1  -4  -3  -2   11   3   0   0   0   1   1   0   0   0   0  28   0   0   6  44   5   0   0   0  0.43 0.12
   10 L     1  -2  -2  -1  -1  -2  -2  -2   0   2   3  -2   3   0  -2  -1  -1  -2  -1   0   19   1   1   3   0   1   1   1   3  12  39   1  11   2   1   1   1   0   0   1  0.19 0.06
   11 K    -1   2  -1  -1   0   0   0  -1  -1  -2  -1   4  -1  -2   0   0  -1  -2  -1  -2    3   7   2   2   3   2   2   3   1   2   5  55   1   1   4   3   2   0   1   2  0.33 0.07
   12 A     0   0   2   1  -1   0   0   0   0  -1  -1   1  -1  -1  -1   1   1  -1  -1  -1    8   2  15   7   1   5   4   8   1   2   6  12   1   2   2   9   8   1   2   4  0.09 0.01
   13 R    -2   6  -1  -2  -3   1  -1  -2  -1  -3  -2   2  -2  -3  -2  -1  -1  -2  -2  -2    2  67   1   1   0   2   1   2   0   1   2  13   0   1   1   1   1   0   1   1  0.74 0.12
   14 H    -2  -2  -1   1   7  -1  -1  -3   6  -1  -2  -2  -2  -2  -3   0  -1  -3  -1  -2    1   0   0  13  34   0   1   1  33   3   1   1   0   0   0   7   2   0   1   2  0.74 0.15
   15 R    -1   4   0  -1  -3   0   2  -1  -1  -3  -3   2  -2  -3   3   0  -1  -3  -2  -3    2  30   2   2   0   1  16   3   0   0   1  18   0   0  19   4   0   0   0   0  0.49 0.09
   16 D    -1  -2   3   5  -4   0   1   2   3  -4  -4  -1  -3  -3  -2   0  -1  -4  -1  -4    1   0  15  44   0   1   5  14  10   0   0   0   0   0   0   5   0   0   2   0  0.58 0.12
   17 N     0  -4   2   0  10  -3  -3  -3  -3  -3  -3  -3  -3  -4  -4   0  -2  -4  -4  -2    5   0  11   6  73   0   0   0   0   0   0   0   0   0   0   6   0   0   0   0  1.51 0.24
   18 Q    -2   3  -1  -2  -4   4   0  -3  -1  -2  -3   4  -2  -1  -2  -1  -2  -3   1  -3    0  22   0   0   0  33   0   0   0   3   0  33   0   3   0   0   0   0   6   0  0.58 0.15
   19 L    -1  -3  -4  -4  -2  -3  -3  -4  -4   4   2  -3   1   0  -3  -3  -1  -3  -1   4    0   0   0   0   0   0   0   0   0  31  16   1   2   3   0   0   0   0   2  44  0.50 0.12
   20 V    -1  -4  -4  -4  -2  -3  -4  -4  -4   4   0  -3   0  -2  -4  -3  -1  -4  -2   5    0   0   0   0   0   0   0   0   0  25   0   0   0   0   0   0   0   0   0  75  0.81 0.18
   21 R    -2   6  -1  -2  -4   1  -1  -3  -1  -4  -3   4  -2  -4  -3  -1  -2  -4  -3  -3    0  64   0   0   0   1   0   0   0   0   1  33   0   0   0   1   0   0   0   0  1.00 0.19
   22 R    -3   7  -2  -3  -5   0  -1  -4  -2  -4  -4   1  -3  -4  -4  -2  -2  -4  -3  -4    0 100   0   0   0   0   0   0   0   0   0   0   0   0   0   0   0   0   0   0  1.56 0.26
   23 K    -2   5   1  -1  -4   0   0  -1   3  -4  -3   4  -2  -4  -2  -1  -2  -4  -2  -3    0  41   6   1   0   1   2   4   9   0   0  36   0   0   0   0   0   0   0   0  0.65 0.14
   24 G    -1  -4  -2  -3  -4  -3  -3   7  -3  -5  -5  -3  -4  -4  -3  -1  -3  -4  -4  -4    0   0   0   0   0   0   0 100   0   0   0   0   0   0   0   0   0   0   0   0  1.64 0.23
   25 R    -2   6  -1  -3  -4   0  -1  -3  -1  -2  -3   3  -2  -4  -3  -2  -1  -4  -3  -1    2  69   0   0   0   0   0   0   1   2   0  20   0   0   0   0   1   0   0   6  0.88 0.18
   26 V    -1  -2  -3  -4  -2  -3  -3  -4  -4   3   2  -3   0  -1  -3  -2   0   2  -2   4    0   2   0   0   0   0   0   0   0  22  19   0   0   0   0   0   8   3   0  46  0.43 0.11
   27 Y    -3   0  -3  -4  -3  -2  -3  -4   1  -2  -1  -2   3   4  -4  -3  -3   2   7  -2    0   7   0   0   0   0   0   0   1   0   1   0  11  15   0   0   0   1  63   0  1.05 0.20
   28 I    -1  -4  -4  -4  -2  -3  -4  -4  -4   4   0  -3   0  -2  -4  -3  -1  -4  -2   5    0   0   0   0   0   0   0   0   0  22   2   0   0   0   0   0   0   0   0  77  0.80 0.18
   29 I    -2  -4  -4  -4  -2  -4  -4  -5  -4   6   1  -4   0   0  -4  -3  -2  -3   0   2    0   0   0   0   0   0   0   0   0  83   7   0   0   3   0   0   0   0   2   4  0.84 0.19
   30 N    -2  -3   5  -2   9  -2  -3  -3  -2  -3  -3  -3  -3  -4  -4  -1  -2  -4  -4  -3    0   0  48   0  52   0   0   0   0   0   0   0   0   0   0   0   0   0   0   0  1.41 0.24
   31 K    -1   1  -1  -2  -4   0   0  -2  -2  -4  -4   6  -2  -4  -1   1   0  -4  -3  -3    1   0   0   0   0   0   2   0   0   0   0  78   0   0   2  13   3   0   0   0  0.80 0.19
   32 T     1   0   0  -2  -2   0  -1  -2  -2   0  -1   2  -1  -3  -2   2   3  -3  -2   0   15   3   2   0   0   1   1   0   0   5   3  18   0   0   0  16  30   0   0   7  0.23 0.08
   33 A    -2  -1   6   3  -4   1   1  -2   2  -4  -4   0  -3  -4  -3   0  -1  -4  -3  -3    1   1  55  15   0   6   8   0   5   0   0   5   0   0   0   3   0   0   0   1  0.71 0.15
   34 P    -2   0  -3  -3  -4  -2  -2  -3  -3  -4  -4   0  -4  -5   8  -2  -2  -5  -4  -4    0   6   0   0   0   0   0   1   0   0   0   7   0   0  86   0   0   0   0   0  2.06 0.25
   35 R    -2   6   0  -2  -4   0  -1  -3  -1  -4  -3   3  -2  -4  -3  -1  -2  -4  -3  -4    0  72   3   0   0   0   0   0   0   0   0  23   0   0   0   2   0   0   0   0  1.04 0.19
   36 Y    -3  -1  -1  -3   0  -2  -2  -4   7  -2  -1  -2   1   5  -4  -2  -3   2   2  -2    0   3   2   0   3   0   0   0  37   0   4   0   5  38   0   0   0   3   5   0  0.76 0.17
   37 K    -2   1   0  -2  -4   0   0  -3  -2  -4  -4   6  -3  -4  -2  -1  -2  -4  -3  -4    0   2   5   0   0   0   0   0   0   0   0  93   0   0   0   0   0   0   0   0  1.12 0.23
   38 A     4  -1  -2  -2  -1   5   0  -1  -2  -2  -3  -1  -2  -4  -2   0   0  -3  -3  -1   46   0   0   0   1  43   0   2   0   0   0   0   0   0   0   0   3   0   0   4  0.57 0.17
   39 R    -2   7  -2  -3  -4   0  -1  -4  -2  -3  -3   2  -2  -4  -3  -2  -2  -4  -3   0    0  84   0   0   0   0   0   0   0   0   0   6   0   0   0   0   0   0   0   9  1.13 0.22
   40 Q    -2   0  -1  -2  -4   8   1  -3  -1  -4  -4   0  -2  -5  -3  -1  -2  -3  -3  -4    2   0   0   0   0  98   0   0   0   0   0   0   0   0   0   0   0   0   0   0  1.53 0.30
   41 G    -1  -4  -1  -2  -4  -3  -3   7  -3  -5  -5  -3  -4  -4  -3  -1  -3  -4  -4  -4    0   0   0   0   0   0   0 100   0   0   0   0   0   0   0   0   0   0   0   0  1.59 0.21

                      K         Lambda
Standard Ungapped    0.1340     0.3222
Standard Gapped      0.0507     0.2670
PSI Ungapped         0.1657     0.3170
PSI Gapped           0.0507     0.2670
