
Last position-specific scoring matrix computed, weighted observed percentages rounded down, information per position, and relative weight of gapless real matches to pseudocounts
            A   R   N   D   C   Q   E   G   H   I   L   K   M   F   P   S   T   W   Y   V   A   R   N   D   C   Q   E   G   H   I   L   K   M   F   P   S   T   W   Y   V
    1 S     1  -1   1   0  -1   0   0   0  -1  -3  -3   0  -2  -3  -1   4   1  -3  -2  -2    0   0   0   0   0   0   0   0   0   0   0   0   0   0   0 100   0   0   0   0  0.45 0.00
    2 G     0  -3   0  -1  -3  -2  -2   6  -2  -4  -4  -2  -3  -3  -2   0  -2  -3  -3  -3    0   0   0   0   0   0   0 100   0   0   0   0   0   0   0   0   0   0   0   0  1.04 0.00
    3 K    -1   2   0  -1  -3   1   1  -2  -1  -3  -3   5  -1  -3  -1   0  -1  -3  -2  -2    0   0   0   0   0   0   0   0   0   0   0 100   0   0   0   0   0   0   0   0  0.51 0.00
    4 G     0  -3   0  -1  -3  -2  -2   6  -2  -4  -4  -2  -3  -3  -2   0  -2  -3  -3  -3    0   0   0   0   0   0   0 100   0   0   0   0   0   0   0   0   0   0   0   0  1.05 0.00
    5 K    -1   4   0  -1  -3   1   0  -2  -1  -3  -3   4  -1  -3  -2   0  -1  -3  -2  -3    0  39   0   0   0   0   0   0   0   0   0  61   0   0   0   0   0   0   0   0  0.54 0.00
    6 G     0  -3   0  -1  -3  -2  -2   6  -2  -4  -4  -2  -3  -3  -2   0  -2  -3  -3  -3    0   0   0   0   0   0   0 100   0   0   0   0   0   0   0   0   0   0   0   0  1.05 0.00
    7 D    -1   1   0   4  -4   1   3  -2  -1  -3  -3   3  -2  -4  -1   0  -1  -4  -2  -3    0   0   0  31   0   0  30   0   0   0   0  39   0   0   0   0   0   0   0   0  0.48 0.00
    8 L    -1  -1   2  -2  -2  -1  -2  -3  -2   3   1   0   1  -1  -3  -1  -1  -3  -2   1    0   0  19   0   0   0   0   0   0  53  15  14   0   0   0   0   0   0   0   0  0.15 0.01
    9 C    -1  -4  -3  -4  10  -4  -4  -3  -4  -2  -2  -4  -2  -3  -3  -1  -1  -3  -3  -1    0   0   0   0 100   0   0   0   0   0   0   0   0   0   0   0   0   0   0   0  1.55 0.06
   10 T     0  -2   0   1  -2  -1  -1   4  -2  -3  -3  -1  -2  -3  -2   1   2  -3  -3  -2    0   0   0   9   0   0   0  53   0   0   0   0   0   0   0  14  24   0   0   0  0.50 0.02
   11 A     1  -2   0   2  -2  -1  -1   2  -2  -2  -2  -1  -2  -3  -1   2   3  -3  -2  -1   13   0   0  14   0   0   0  16   0   0   0   0   0   0   0  12  45   0   0   0  0.30 0.02
   12 A     3  -2  -1  -2  -1  -1  -1   4  -2  -3  -3  -1  -2  -3  -2   1   0  -3  -3  -2   41   0   0   0   0   0   0  45   0   0   0   0   0   0   0  14   0   0   0   0  0.50 0.02
   13 C    -1  -4  -3  -4  10  -4  -4  -3  -4  -2  -2  -4  -2  -3  -4  -1  -1  -3  -3  -1    0   0   0   0 100   0   0   0   0   0   0   0   0   0   0   0   0   0   0   0  1.67 0.09
   14 K     0   1   2   0  -2   0   0  -1  -1  -3  -3   1  -2  -3   2   3   1  -3  -2  -2    0   9  13   0   0   0   0   0   0   0   0  10   0   0  11  57   0   0   0   0  0.39 0.03
   15 N     1  -1   1  -1  -2   2   0   4  -1  -3  -3   0  -2  -3  -2   2   0  -3  -2  -2   11   0  10   0   0  21   0  36   0   0   0   0   0   0   0  22   0   0   0   0  0.39 0.03
   16 E    -1   0   2   1  -3   3   4  -2   0  -3  -3   2  -2  -3  -2   0   1  -3  -2  -2    0   0  13   0   0  21  41   0   0   0   0  14   0   0   0   0  11   0   0   0  0.44 0.03
   17 P     1  -3  -2  -2   4  -2  -2   3  -2  -3  -3  -2  -2  -3   5   0  -1  -3  -3  -2   21   0   0   0  14   0   0  34   0   0   0   0   0   0  32   0   0   0   0   0  0.68 0.03
   18 C    -1  -4  -3  -4  10  -4  -4  -3  -4  -2  -2  -4  -2  -3  -4  -2  -2  -3  -3  -1    0   0   0   0 100   0   0   0   0   0   0   0   0   0   0   0   0   0   0   0  1.75 0.11
   19 Q    -1   3   0  -1  -3   4   1  -2   0  -3  -3   3  -1  -3  -2   1  -1  -3  -2  -3    0  25   0   0   0  42   0   0   0   0   0  21   0   0   0  12   0   0   0   0  0.51 0.05
   20 C    -1  -4  -3  -4  10  -4  -4  -3  -4  -2  -2  -4  -2  -3  -4  -2  -2  -3  -3  -1    0   0   0   0 100   0   0   0   0   0   0   0   0   0   0   0   0   0   0   0  1.75 0.11
   21 G     0  -3  -1  -2  -3  -2  -3   6  -3  -1  -3  -2  -2  -3  -3  -1  -2  -3  -3   0    0   0   0   0   0   0   0  81   0   0   0   0   0   0   0   0   0   0   0  19  0.81 0.05
   22 S    -1  -1   4   5  -3  -1   0  -1  -1  -3  -4  -1  -3  -4   2   1   0  -4  -3  -3    0   0  31  44   0   0   0   0   0   0   0   0   0   0   9  16   0   0   0   0  0.60 0.04
   23 K     2  -1   0   3  -2   0   0   1  -2  -3  -3   1  -2  -3  -1   1   0  -3  -3  -2   31   0   0  31   0   0   0   9   0   0   0  16   0   0   0  13   0   0   0   0  0.31 0.03
   24 C    -1  -4  -3  -4  10  -4  -4  -3  -4  -2  -2  -4  -2  -3  -4  -2  -2  -3  -3  -1    0   0   0   0 100   0   0   0   0   0   0   0   0   0   0   0   0   0   0   0  1.75 0.11
   25 Q    -1   1  -1  -1  -3   3   0  -2  -1  -2   0   4  -1  -2  -2  -1  -1  -3  -2  -2    0   0   0   0   0  16   0   0   0   0  19  65   0   0   0   0   0   0   0   0  0.38 0.05
   26 C    -1  -4  -2   2   9  -3  -2  -3  -3  -2  -2  -3  -2  -3  -3  -1  -1  -3  -3  -2    0   0   0  19  81   0   0   0   0   0   0   0   0   0   0   0   0   0   0   0  1.25 0.09
   27 G     1  -2   0   2  -2  -1  -1   4  -2  -3  -3  -1  -3  -3  -2   1  -1  -3  -3  -3   12   0   0  19   0   0   0  50   0   0   0   0   0   0   0  19   0   0   0   0  0.54 0.04
   28 E     2  -1   0   1  -2   0   2   2  -1  -3  -3   1  -2  -3  -1   2   0  -3  -2  -2   25   0   0   9   0   0  16  19   0   0   0  13   0   0   0  18   0   0   0   0  0.27 0.02
   29 G     0  -2   0   3  -3  -1  -1   4  -2  -4  -4  -1  -3  -4   2   1  -1  -3  -3  -3    0   0   0  22   0   0   0  46   0   0   0   0   0   0  13  19   0   0   0   0  0.56 0.04
   30 C    -1  -3  -3  -3  10  -3  -3  -3  -3  -2  -2  -3  -2  -3  -3  -1  -1  -2  -3  -1    1   1   1   1  88   1   1   1   0   1   1   1   0   0   1   1   1   0   0   1  1.35 0.08
   31 A     0   0   3   0  -3   2   0   2  -1  -3  -3   2  -2  -3  -2   0   0  -3  -2  -2    8   0  24   0   0  19   0  18   0   0   0  22   0   0   0   0   8   0   0   0  0.30 0.03
   32 C    -1  -4  -3  -4  10  -4  -4  -3  -4  -2  -2  -4  -2  -3  -4  -2  -2  -3  -3  -1    0   0   0   0 100   0   0   0   0   0   0   0   0   0   0   0   0   0   0   0  1.75 0.11
   33 A     2  -1   0   1   4   0   0  -1  -2  -2  -2   2  -2  -3  -1   2   0  -3  -2  -2   25   0   0  12  13   0   0   0   0   0   0  19   0   0   0  31   0   0   0   0  0.27 0.03
   34 S     1   1  -1  -2  -3  -1  -2   5  -2  -4  -4  -1  -3  -3  -2   1  -1  -3  -3  -3    8  12   0   0   0   0   0  72   0   0   0   0   0   0   0   8   0   0   0   0  0.74 0.05
   35 C    -1  -2  -3  -4   9  -2  -3  -3  -3  -2  -2   0  -2  -2  -3  -2  -2   7  -1  -2    0   0   0   0  68   0   0   0   0   0   0  13   0   0   0   0   0  19   0   0  1.18 0.08
   36 K    -1   3   2  -1  -3   1   0  -2  -1  -3  -3   4  -2  -3  -2   1  -1  -3  -2  -3    0  19  13   0   0   0   0   0   0   0   0  56   0   0   0  12   0   0   0   0  0.47 0.04
   37 T     0  -2  -1  -2  -1  -2  -2   2  -3   1  -1  -2   0  -2  -2   1   2  -3  -2   3    0   0   0   0   0   0   0  19   0   0   0   0   0   0   0  12  16   0   0  53  0.21 0.04
   38 C     0  -2  -1  -2   6  -1  -2  -2  -2   0  -1   0  -1  -2  -2   1   1  -3  -2   2    0   0   0   0  28   0   0   0   0   0   0   9   0   0   0  19  13   0   0  31  0.29 0.04
   39 N    -1  -2   4  -1   8  -2  -2  -2   3  -3  -3  -2  -2  -3  -3  -1  -1  -3  -2  -2    0   0  35   0  53   0   0   0  12   0   0   0   0   0   0   0   0   0   0   0  0.80 0.07
   40 C    -1   1  -1  -2   7  -1  -1  -2  -2  -2  -2   3  -2  -3  -2   0  -1  -3  -3  -2    0   6   0   0  47   0   0   0   0   0   0  38   0   0   0   9   0   0   0   0  0.63 0.06
   41 T     0  -3  -1  -2   8  -2  -2  -2  -3  -2  -2  -2  -2  -3  -2   1   3  -3  -3  -1    0   0   0   0  53   0   0   0   0   0   0   0   0   0   0  12  35   0   0   0  0.77 0.06
   42 S     0  -1   2   3  -2   1   0   1  -1  -3  -3  -1  -2  -3  -2   3   1  -3  -2  -2    0   0  12  19   0   6   0  13   0   0   0   0   0   0   0  41   9   0   0   0  0.35 0.03
   43 D    -1  -1   0   3  -3   0   2   4  -2  -4  -4   2  -3  -4  -2   0  -1  -3  -3  -3    0   0   0  28   0   0  13  40   0   0   0  19   0   0   0   0   0   0   0   0  0.49 0.03
   44 G    -1   1   2   2  -3   0   1   3  -1  -3  -3   2  -2  -3  -2   1   1  -3  -3  -2    0   6  13  12   0   0   6  25   0   0   0  19   0   0   0   7  12   0   0   0  0.29 0.02
   45 C    -1  -4  -3  -4  10  -4  -4  -3  -4  -2  -2  -4  -2  -3  -4  -2  -2  -3  -3  -1    0   0   0   0 100   0   0   0   0   0   0   0   0   0   0   0   0   0   0   0  1.75 0.11
   46 K     2   1  -1  -1  -2   2   1  -1  -1  -3  -2   3  -1  -3  -1   0  -1  -3  -2  -2   39   0   0   0   0  13   6   0   0   0   0  43   0   0   0   0   0   0   0   0  0.34 0.04
   47 C    -1  -4  -3  -4   9  -4  -4  -3  -4   2  -1  -4  -1  -2  -3  -2  -1  -3  -3   0    0   0   0   0  81   0   0   0   0  19   0   0   0   0   0   0   0   0   0   0  1.25 0.09
   48 G     0  -3  -1  -1  -3  -2   0   6  -2  -4  -4  -2  -3  -4  -3  -1  -2  -3  -4  -4    0   0   0   0   0   0   7  93   0   0   0   0   0   0   0   0   0   0   0   0  1.09 0.06
   49 K     0   0  -1  -2   6   0   1  -2  -2  -1  -2   2  -1  -3  -2   1  -1  -3  -2   0    7   0   0   0  31   0   9   0   0   0   0  28   0   0   0  12   0   0   0  13  0.31 0.04
   50 E    -1   0   0   2  -4   3   3   3  -1  -4  -3   1  -2  -4  -2   0  -1  -3  -3  -3    0   0   0  12   0  18  35  26   0   0   0   9   0   0   0   0   0   0   0   0  0.45 0.03
   51 C    -1  -4  -3  -4  10  -4  -4  -3  -4  -2  -2  -4  -2  -3  -4  -2  -2  -3  -3  -1    0   0   0   0 100   0   0   0   0   0   0   0   0   0   0   0   0   0   0   0  1.75 0.11
   52 T     2  -2  -1  -2  -1  -1  -1  -2  -2  -1  -2  -1  -1  -3  -1   1   5  -3  -2   0   19   0   0   0   0   0   0   0   0   0   0   0   0   0   0   0  81   0   0   0  0.53 0.06
   53 G     0  -2  -1  -1  -3  -2  -2   6  -2  -4  -4  -2  -3  -4  -2   1  -1  -3  -3  -3    0   0   0   0   0   0   0  81   0   0   0   0   0   0   0  19   0   0   0   0  0.92 0.06
   54 A     0  -2  -1   2  -3  -1  -1  -2  -2  -3  -3  -1  -3  -4   7   1  -1  -4  -3  -3    8   0   0  19   0   0   0   0   0   0   0   0   0   0  61  12   0   0   0   0  1.16 0.05
   55 A     2  -2   0   2  -2  -1  -1   3  -2  -3  -3  -1  -2  -3  -2   1   1  -3  -3  -2   21   0   0  20   0   0   0  30   0   0   0   0   0   0   0  16  14   0   0   0  0.35 0.02
   56 S     0  -1   2   0  -1  -1  -1  -1  -1  -2  -3  -1  -2  -3  -1   4   3  -3  -2  -1    0   0  14   0   0   0   0   0   0   0   0   0   0   0   0  54  32   0   0   0  0.43 0.04
   57 C    -1  -4  -3  -4  10  -4  -4  -3  -4  -2  -2  -4  -2  -3  -4  -1  -1  -3  -3  -1    0   0   0   0 100   0   0   0   0   0   0   0   0   0   0   0   0   0   0   0  1.71 0.10
   58 K    -1   3   0  -1  -3   1   0  -2  -1  -3  -3   5  -2  -3  -1   0   1  -3  -2  -2    0   9   0   0   0   0   0   0   0   0   0  79   0   0   0   0  13   0   0   0  0.55 0.05
   59 C    -1  -4  -3  -4  10  -4  -4  -3  -4  -2  -2  -4  -2  -3  -4  -1  -1  -3  -3  -1    0   0   0   0 100   0   0   0   0   0   0   0   0   0   0   0   0   0   0   0  1.71 0.10
   60 N     1  -1   2   3  -2   0   1   2  -1  -3  -3  -1  -2  -3  -2   1   0  -3  -3  -2   16   0  11  26   0   0   7  22   0   0   0   0   0   0   0  18   0   0   0   0  0.36 0.02
   61 S     1  -1   0  -1  -2  -1  -1  -1  -1  -3  -3  -1  -2  -3   3   5   1  -3  -2  -2    0   0   0   0   0   0   0   0   0   0   0   0   0   0  16  84   0   0   0   0  0.60 0.06
   62 S     1  -2  -1  -1  -2  -2  -2   5  -2  -4  -4  -1  -3  -3  -2   1  -1  -3  -3  -3   12   0   0   0   0   0   0  69   0   0   0   0   0   0   0  18   0   0   0   0  0.74 0.04
   63 C    -1  -4  -3  -4  10  -4  -4  -3  -4  -2  -2  -4  -2  -3  -3  -1  -1  -3  -3  -1    0   0   0   0 100   0   0   0   0   0   0   0   0   0   0   0   0   0   0   0  1.56 0.06
   64 S     1  -1   0  -1  -1  -1  -1   2  -1  -3  -3  -1  -2  -3  -1   4   1  -3  -2  -2    0   0   0   0   0   0   0  16   0   0   0   0   0   0   0  84   0   0   0   0  0.49 0.04
   65 C    -1  -4  -3  -4  10  -4  -4  -3  -4  -2  -2  -4  -2  -3  -3  -1  -1  -3  -3  -1    0   0   0   0 100   0   0   0   0   0   0   0   0   0   0   0   0   0   0   0  1.56 0.06
   66 K    -1   2   0  -1  -4   1   1  -2  -1  -3  -3   6  -2  -4  -1   0  -1  -3  -2  -3    0   0   0   0   0   0   0   0   0   0   0 100   0   0   0   0   0   0   0   0  0.66 0.04

                      K         Lambda
Standard Ungapped    0.1305     0.3198
Standard Gapped      0.0430     0.2670
PSI Ungapped         0.1404     0.3177
PSI Gapped           0.0430     0.2670
