
Last position-specific scoring matrix computed, weighted observed percentages rounded down, information per position, and relative weight of gapless real matches to pseudocounts
            A   R   N   D   C   Q   E   G   H   I   L   K   M   F   P   S   T   W   Y   V   A   R   N   D   C   Q   E   G   H   I   L   K   M   F   P   S   T   W   Y   V
    1 E    -1   0   2   2  -3   4   3  -2   0  -3  -3   1  -2  -4  -2   0  -1  -3  -2  -3    0   0  15  14   0  42  28   0   0   0   0   0   0   0   0   0   0   0   0   0  0.55 0.04
    2 H    -2  -1   5   4  -3  -1   0  -1   3  -4  -4  -1  -3  -3  -2   1   0  -4  -2  -3    0   0  47  30   0   0   0   0  11   0   0   0   0   0   0   7   5   0   0   0  0.65 0.09
    3 I    -2  -3  -3  -4  -2  -3  -3  -4  -2   2   2  -3   1   4  -3  -1  -1  -1   3   1    0   0   0   0   0   0   0   0   0  23  25   0   0  26   0   5   0   0  13   8  0.35 0.06
    4 D    -2  -2   4   5  -4  -1   1  -2  -1  -4  -4  -1  -3  -4  -2   1  -1  -5  -3  -4    0   0  29  58   0   0   4   0   0   0   0   0   0   0   0   9   0   0   0   0  0.92 0.15
    5 Y    -1  -3  -3  -3  -2  -2  -2  -3   1   2   1  -2   0   0   4  -2  -1  -2   2   2    3   0   0   0   0   0   0   0   6  11  15   0   0   3  23   0   0   0  11  27  0.37 0.08
    6 S     2   0  -1  -1  -2   0   2  -1  -1  -3  -3  -1  -2   0   1   3   0  -3  -2  -2   27   5   0   0   0   4  14   0   0   0   0   0   0   5   6  39   0   0   0   0  0.33 0.10
    7 Q     0   2  -1   0  -4   3   4  -2  -1  -4  -3   4  -2  -4  -2  -1  -1  -3  -3  -3    5  10   0   0   0  14  34   0   0   0   0  37   0   0   0   0   0   0   0   0  0.59 0.12
    8 V    -2  -3  -4  -4  -2  -3  -4  -4  -4   4   3  -3   2  -1  -3  -3  -1  -3  -2   3    0   0   0   0   0   0   0   0   0  43  27   0   5   0   0   0   0   0   0  25  0.53 0.11
    9 S     1  -1   3   1  -2   1   1  -1  -1  -3  -3  -1  -2  -3   1   3   0  -4  -3  -3    9   0  19   8   0   8  12   0   0   0   0   0   0   0   7  37   0   0   0   0  0.40 0.09
   10 G    -1  -3  -1  -2  -4  -3  -3   7  -3  -5  -5  -3  -4  -4  -3  -1  -3  -4  -4  -4    0   0   0   0   0   0   0 100   0   0   0   0   0   0   0   0   0   0   0   0  1.58 0.21
   11 D    -1   0   1   2  -3   1   2  -2  -1  -2  -3   2  -2  -3   2  -1   1  -3   0  -1    0   0   5  13   0   7  22   0   0   0   0  20   0   0  13   0  10   0   5   4  0.34 0.07
   12 W    -4  -4  -5  -6  -4  -4  -5  -4  -4  -4  -3  -5  -3  -1  -5  -4  -4  12   1  -5    0   0   0   0   0   0   0   0   0   0   0   0   0   0   0   0   0 100   0   0  3.61 0.36
   13 H    -2   2  -1  -1  -3   0  -1  -3   4  -1  -2   1  -2   2  -3  -2  -2   0   5  -2    0  18   0   4   0   3   0   0  17   4   0  10   0  11   0   0   0   0  31   0  0.47 0.11
   14 S     0  -2  -1  -2  -2  -1  -1  -2  -2  -1  -1  -1  -1  -3  -2   4   4  -3  -2  -1    0   0   0   0   0   0   0   0   0   4   6   0   0   0   0  43  47   0   0   0  0.55 0.15
   15 L    -1  -3  -3  -1  -2  -3  -3  -4  -3   4   1  -3   1  -1  -3  -1   0  -3  -2   3    0   0   0   6   0   0   0   0   0  52  11   0   4   0   0   4   5   0   0  18  0.39 0.10
   16 S     2  -2  -2  -3  -2  -2  -2  -2  -1   0   1  -2   1   2  -2   1  -1  -1   4   0   29   0   0   0   0   0   0   0   0   2  12   0   4   6   0  11   0   0  27   7  0.27 0.09
   17 I    -1  -3  -3  -3  -2  -2  -1  -4  -3   4   3  -3   3  -1  -3  -2  -1  -3  -2   2    4   0   0   0   0   0   5   0   0  47  27   0  12   0   0   0   0   0   0   4  0.43 0.11
   18 A     5  -2  -2  -3  -1  -2  -2   1  -3  -2  -2  -2   1  -3  -2   0  -1  -3  -3   0   83   0   0   0   0   0   0   9   0   0   0   0   5   0   0   0   0   0   0   4  0.66 0.16
   19 A     4  -2  -1  -2  -1  -1  -1  -1  -2  -3  -3  -1  -2  -3  -2   4   1  -3  -3  -2   50   0   0   0   0   0   0   0   0   0   0   0   0   0   0  45   4   0   0   0  0.60 0.15
   20 D    -2  -2   1   6  -4  -1   0  -2  -2  -4  -4  -1  -3  -3  -2   2   0  -4   0  -3    0   0   4  69   0   0   0   0   0   0   0   0   0   0   0  18   4   0   5   0  0.88 0.16
   21 S    -1   1   4   2  -3   0   1  -2   1  -2  -3   1  -2  -3  -2   0   0  -4  -2  -2    2   7  37  16   0   0   5   0   5   2   0  13   0   0   0   6   3   0   0   4  0.38 0.09
   22 M    -1   2  -2  -1  -2  -1  -1  -3  -2   1   1   2   2  -2   0  -2  -1  -3  -2   1    0  20   0   4   0   0   0   0   0  12  11  19  12   0   4   0   0   0   0  16  0.18 0.07
   23 D    -1  -1   1   3  -4   1   5  -2  -1  -4  -4   0  -3  -4  -2   1   0  -4  -3  -3    4   0   4  18   0   0  58   0   0   0   0   0   0   0   0   9   6   0   0   0  0.68 0.13
   24 K    -2   2   0  -2  -4   0   0  -3  -2  -3  -1   6  -2  -3  -2  -1  -2  -4  -3  -3    0   8   3   0   0   0   0   0   0   0   9  80   0   0   0   0   0   0   0   0  0.79 0.17
   25 I    -2  -4  -4  -4  -2  -4  -4  -5  -4   6   1  -4   0  -1  -4  -3  -2  -3  -2   2    0   0   0   0   0   0   0   0   0  82   9   0   0   0   0   0   0   0   0   9  0.82 0.17
   26 R     0   0   1   2  -3   1   4   0  -1  -3  -3   1  -2  -4  -2   0  -1  -4  -3  -2    4   5   6   9   0   4  48   8   0   0   0   7   0   0   0   5   0   0   0   4  0.44 0.09
   27 E    -2   0  -1   1  -4   1   6  -3  -1  -3  -3   0  -3  -4  -2  -1   0  -4  -1  -2    0   5   0   4   0   0  80   0   0   0   0   0   0   0   0   0   5   0   3   3  0.89 0.17
   28 N    -1  -2   5   0  -3  -1   0   3   3  -4  -4  -1  -3  -4  -3   0   0  -4  -2  -3    0   0  44   0   0   0   8  30   9   0   0   0   0   0   0   5   5   0   0   0  0.61 0.12
   29 G     1  -3  -1  -2  -3  -2  -3   6  -3  -4  -4  -2  -3  -4  -3   0  -2  -3  -4  -3   14   0   0   0   0   0   0  80   0   0   0   0   0   0   0   6   0   0   0   0  1.12 0.16
   30 E    -1  -2   0   1  -3  -1   1  -2  -2  -4  -4  -1  -3  -4   6   2  -1  -4  -3  -3    0   0   4   8   0   0  13   0   0   0   0   0   0   0  47  28   0   0   0   0  0.98 0.14
   31 L    -2  -3  -4  -4  -2  -3  -4  -4  -3   1   4  -3   5   2  -4  -3  -2  -2  -1   0    0   0   0   0   0   0   0   0   0   0  64   0  24  12   0   0   0   0   0   0  0.67 0.14
   32 R    -2   7  -1  -2  -5   1   0  -3  -1  -4  -3   1  -2  -4  -3  -2  -2  -4  -3  -4    0  90   0   0   0   5   5   0   0   0   0   0   0   0   0   0   0   0   0   0  1.25 0.21
   33 M     1  -2  -1  -3  -1  -2  -2  -1  -3   2   1  -2   1   0  -3  -1   1  -3  -2   3   14   0   4   0   0   0   0   3   0   5  17   0   5   2   0   0  10   0   0  40  0.21 0.07
   34 H    -3  -3  -3  -4  -3  -3  -3  -4   2  -2  -1  -3  -1   6  -4  -3  -3   1   7  -2    0   0   0   0   0   0   0   0   5   0   0   0   0  46   0   0   0   0  49   0  1.22 0.19
   35 L    -1  -3  -4  -4   2  -3  -3  -4  -3   2   1  -3   2   3  -3  -2  -1  -2   1   3    0   0   0   0   5   0   0   0   0  12   8   0   8  22   0   0   0   0   4  40  0.39 0.10
   36 N    -2   5   0   0  -4   2   3  -3   1  -4  -3   2  -2  -4  -2  -1  -2  -3  -2  -3    0  47   5   3   0  12  24   0   3   0   0   8   0   0   0   0   0   0   0   0  0.65 0.12
   37 H    -1   1   3   0  -3   1   2  -2   5  -3  -3   0  -2  -2  -2   1  -1  -3   1  -2    0   7  17   2   0   7  17   0  26   0   0   4   0   0   0  10   0   0   6   3  0.41 0.09
   38 L    -2  -3  -4  -4  -2  -3  -4  -4  -4   5   3  -3   2  -1  -4  -3  -2  -3  -2   2    0   0   0   0   0   0   0   0   0  59  31   0   4   0   0   0   0   0   0   6  0.63 0.13

                      K         Lambda
Standard Ungapped    0.1303     0.3158
Standard Gapped      0.0443     0.2670
PSI Ungapped         0.1449     0.3165
PSI Gapped           0.0443     0.2670
