
Last position-specific scoring matrix computed, weighted observed percentages rounded down, information per position, and relative weight of gapless real matches to pseudocounts
            A   R   N   D   C   Q   E   G   H   I   L   K   M   F   P   S   T   W   Y   V   A   R   N   D   C   Q   E   G   H   I   L   K   M   F   P   S   T   W   Y   V
    1 I    -2  -3  -4  -3  -1  -3  -4  -4  -4   5   2  -3   1   0  -3  -3  -1  -3  -2   3    0   0   0   0   0   0   0   0   0 100   0   0   0   0   0   0   0   0   0   0  0.41 0.01
    2 V     0  -3  -3  -4  -1  -2  -3  -3  -3   3   1  -3   1  -1  -3  -2   0  -3  -1   4    0   0   0   0   0   0   0   0   0   0   0   0   0   0   0   0   0   0   0 100  0.37 0.01
    3 G     0  -3  -1  -1  -3  -2  -2   6  -2  -4  -4  -2  -3  -3  -2   0  -2  -3  -3  -3    0   0   0   0   0   0   0 100   0   0   0   0   0   0   0   0   0   0   0   0  1.06 0.01
    4 G     0  -3  -1  -1  -3  -2  -2   6  -2  -4  -4  -2  -3  -3  -2   0  -2  -3  -3  -3    0   0   0   0   0   0   0 100   0   0   0   0   0   0   0   0   0   0   0   0  1.06 0.01
    5 Y    -2  -2  -2  -3  -3  -2  -2  -3   2  -2  -1  -2  -1   3  -3  -2  -2   2   7  -1    0   0   0   0   0   0   0   0   0   0   0   0   0   0   0   0   0   0 100   0  0.91 0.01
    6 E    -1  -1   2   1  -3   1   4  -2   0  -2  -3   0  -2  -3  -1   1   2  -3  -2  -2    0   0  16   0   0   0  54   0   0   0   0   0   0   0   0   0  30   0   0   0  0.41 0.00
    7 C    -1  -4  -3  -4  10  -3  -4  -3  -3  -1  -1  -3  -2  -3  -3  -1  -1  -3  -3  -1    0   0   0   0 100   0   0   0   0   0   0   0   0   0   0   0   0   0   0   0  1.28 0.01
    8 E    -1   0   0   0  -3   2   3  -2  -1  -3  -3   2  -2  -3   3   0   1  -3  -2  -2    0   0   0   0   0  15  35   0   0   0   0  16   0   0  15   0  19   0   0   0  0.42 0.00
    9 A     2   2  -1   0  -2   1   3  -1  -1  -3  -2   1  -2  -3  -1   0  -1  -3  -2  -2   35  19   0   0   0   0  46   0   0   0   0   0   0   0   0   0   0   0   0   0  0.34 0.00
   10 Y    -2  -1   3  -1  -3   0  -1  -2   6  -3  -2  -1  -2   1  -3  -1  -1   0   5  -2    0   0  31   0   0   0   0   0  34   0   0   0   0   0   0   0   0   0  35   0  0.48 0.01
   11 S     1  -1   1   0  -1   0   0   0  -1  -3  -3   0  -2  -3  -1   4   1  -3  -2  -2    0   0   0   0   0   0   0   0   0   0   0   0   0   0   0 100   0   0   0   0  0.47 0.01
   12 K    -1   0  -1  -2  -2   3   0  -3  -1   1  -1   2   0  -2  -2  -1   0  -3  -2   2    0   0   0   0   0  35   0   0   0   0   0  19   0   0   0   0   0   0   0  46  0.18 0.00
   13 P     1  -2  -2  -2  -2  -1  -1  -2  -2  -3  -3  -1  -2  -4   7   0  -1  -4  -3  -2   19   0   0   0   0   0   0   0   0   0   0   0   0   0  81   0   0   0   0   0  1.56 0.01
   14 Y    -2  -1  -1  -3  -3  -1  -1  -3   6  -2  -2  -2  -1   2  -3  -2  -2   1   6  -2    0   0   0   0   0   0   0   0  35   0   0   0   0   0   0   0   0   0  65   0  0.70 0.01
   15 Q    -1   1   0   0  -3   6   2  -2   0  -3  -2   1  -1  -4  -1   0  -1  -2  -2  -2    0   0   0   0   0 100   0   0   0   0   0   0   0   0   0   0   0   0   0   0  0.69 0.01
   16 V     0  -3  -3  -4  -1  -2  -3  -3  -3   3   1  -3   1  -1  -3  -2   0  -3  -1   4    0   0   0   0   0   0   0   0   0   0   0   0   0   0   0   0   0   0   0 100  0.37 0.01
   17 S     1  -1   1   0  -1   0   0   0  -1  -3  -3   0  -2  -3  -1   4   1  -3  -2  -2    0   0   0   0   0   0   0   0   0   0   0   0   0   0   0 100   0   0   0   0  0.47 0.01
   18 I    -2  -3  -4  -4  -1  -2  -3  -4  -3   2   4  -3   2   0  -3  -3  -1  -2  -1   1    0   0   0   0   0   0   0   0   0  19  81   0   0   0   0   0   0   0   0   0  0.42 0.00
   19 N    -2  -1   6   1  -3   0   0  -1   1  -4  -4   0  -2  -3  -2   1   0  -4  -2  -3    0   0 100   0   0   0   0   0   0   0   0   0   0   0   0   0   0   0   0   0  0.76 0.01
   20 L     1  -1   0  -1  -1   0  -1  -1  -1  -1   0  -1   0  -2  -1   4   1  -3  -2  -1    0   0   0   0   0   0   0   0   0   0  19   0   0   0   0  81   0   0   0   0  0.28 0.01
   21 G     0  -3  -1  -1  -3  -2  -2   6  -2  -4  -4  -2  -3  -3  -2   0  -2  -3  -3  -3    0   0   0   0   0   0   0 100   0   0   0   0   0   0   0   0   0   0   0   0  1.06 0.01
   22 Y    -2  -2  -2  -3  -3  -2  -2  -3   2  -2  -1  -2  -1   3  -3  -2  -2   2   7  -1    0   0   0   0   0   0   0   0   0   0   0   0   0   0   0   0   0   0 100   0  0.91 0.01

                      K         Lambda
Standard Ungapped    0.1409     0.3162
Standard Gapped      0.0412     0.2670
PSI Ungapped         0.1348     0.3141
PSI Gapped           0.0412     0.2670
