
Last position-specific scoring matrix computed, weighted observed percentages rounded down, information per position, and relative weight of gapless real matches to pseudocounts
            A   R   N   D   C   Q   E   G   H   I   L   K   M   F   P   S   T   W   Y   V   A   R   N   D   C   Q   E   G   H   I   L   K   M   F   P   S   T   W   Y   V
    1 S     0  -1   2   1  -2  -1  -1  -1  -1  -2  -2  -1  -2  -3  -2   3   4  -3  -2  -1    0   0  14  10   0   0   0   0   0   0   0   0   0   0   0  28  47   0   0   0  0.42 0.05
    2 K     2   1   0  -1  -2   0  -1  -1  -1  -2  -2   3   0  -3   0   1   0  -3  -1  -2   31   8   3   0   0   0   0   0   0   0   0  31   4   0   4  13   4   0   2   0  0.25 0.05
    3 R     0   3   0  -1  -3   0   1   2  -1  -3  -3   4  -2  -4  -2  -1  -1  -3  -3  -3    4  23   3   0   0   0   6  24   0   0   0  38   0   0   0   0   2   0   0   0  0.43 0.06
    4 L     0   2  -2  -2  -2  -1  -2   0  -2   2   1   0   0  -1   0   0  -1   1  -1   1    6  19   0   0   0   0   0   7   0  29  12   4   2   0   4   7   2   2   2   5  0.08 0.03
    5 S     0  -2   0   0  -2  -1  -1   4  -2  -3  -3  -1   0  -1  -1   2   0  -3  -1  -2    5   0   2   6   0   0   0  48   0   0   0   0   6   3   2  22   2   0   3   0  0.42 0.05
    6 N    -1   1   2   4  -3   0   1  -1  -1  -3  -3   1  -2  -3  -2   2   0  -4  -3  -3    0  11  14  31   0   2   3   2   0   0   0   8   0   0   0  30   0   0   0   0  0.40 0.04
    7 G     0  -2   0   0  -3  -2  -2   6  -2  -4  -4  -2  -3  -4  -2   2  -1  -3  -3  -3    0   0   0   3   0   0   0  75   0   0   0   0   0   0   0  21   0   0   0   0  0.87 0.06
    8 C    -1  -4  -4  -4  10  -4  -5  -3  -4  -2  -2  -4  -2  -3  -4  -2  -2  -3  -3  -2    0   0   0   0 100   0   0   0   0   0   0   0   0   0   0   0   0   0   0   0  1.87 0.11
    9 F    -3  -4  -4  -4  -3  -4  -4  -4  -2  -1   0  -4  -1   8  -4  -3  -3   0   3  -1    0   0   0   0   0   0   0   0   0   0   0   0   0 100   0   0   0   0   0   0  1.16 0.09
   10 G     0  -3  -1  -2  -3  -2  -3   6  -3  -5  -4  -2  -3  -4  -3  -1  -2  -3  -4  -4    0   0   0   0   0   0   0 100   0   0   0   0   0   0   0   0   0   0   0   0  1.29 0.08
   11 L    -1   1   0  -2  -2   1  -1  -1   1   0   2  -1   1   0  -2  -1   0  -2  -1   1    4  11   6   0   0  10   0   4   7   0  28   0   4   3   0   3   2   0   0  19  0.07 0.02
   12 K    -1   4  -1  -2  -4   0   0  -2  -1  -3  -3   3  -2  -4   4  -1  -1  -4  -2  -3    0  41   0   0   0   0   0   0   0   0   0  35   0   0  24   0   0   0   0   0  0.71 0.05
   13 L    -2  -3  -4  -4  -2  -2  -3  -4  -3   3   3  -3   3   0  -3  -3  -1  -2  -2   1    0   0   0   0   0   0   0   0   0  38  46   0  16   0   0   0   0   0   0   0  0.44 0.04
   14 D    -2  -2   1   7  -4  -1   2  -2  -2  -4  -4  -1  -4  -4  -2  -1  -2  -5  -4  -4    0   0   0  94   0   0   6   0   0   0   0   0   0   0   0   0   0   0   0   0  1.16 0.08
   15 R    -2   6  -1  -2  -4   0  -1  -3   3  -4  -3   2  -2  -3  -1  -1  -2  -3  -2  -3    0  86   0   0   0   0   0   0  11   0   0   0   0   0   3   0   0   0   0   0  0.87 0.08
   16 I    -2  -4  -4  -4  -2  -3  -4  -5  -4   6   1  -3   1  -1  -3  -3  -1  -3  -2   2    0   0   0   0   0   0   0   0   0 100   0   0   0   0   0   0   0   0   0   0  0.69 0.08
   17 G     0  -3  -1  -2   1  -2  -3   6  -3  -4  -4  -2  -3  -4  -3   0  -2  -3  -4  -4    0   0   0   0   3   0   0  93   0   0   0   0   0   0   0   3   0   0   0   0  1.14 0.07
   18 A     2  -1   2   0  -1  -1  -1  -1   0  -3  -3  -1  -2  -3  -1   4   2  -3  -2  -2   16   0  11   2   0   0   0   0   2   0   0   0   0   0   0  61   8   0   0   0  0.40 0.05
   19 M     0  -2  -2  -3  -1   0  -2  -2  -1   1   1  -2   3   0  -2   0   2   3  -1   1    8   0   0   0   0   5   0   0   2   5   5   0  24   4   0   2  23   5   0  18  0.16 0.03
   20 S     1  -1   0  -1  -1  -1  -1  -1  -1  -3  -3  -1  -2  -3  -1   5   2  -3  -2  -2    0   0   0   0   0   0   0   0   0   0   0   0   0   0   0  94   6   0   0   0  0.66 0.08
   21 G     0  -1  -1   0  -3  -2  -2   6  -2  -4  -4  -1  -3  -4  -2   1  -1  -3  -3  -3    2   4   0   6   0   0   0  78   0   0   0   0   0   0   0  10   0   0   0   0  0.87 0.05
   22 L    -2  -2  -3  -4  -2  -2  -3  -4  -3   1   4  -3   5   0  -3  -3  -1  -2  -2   0    0   0   0   0   0   0   0   0   0   0  63   0  37   0   0   0   0   0   0   0  0.55 0.06
   23 G     0  -3  -1  -2  -3  -2  -3   6  -3  -5  -4  -2  -3  -4  -3  -1  -2  -3  -4  -4    0   0   0   0   0   0   0 100   0   0   0   0   0   0   0   0   0   0   0   0  1.29 0.08
   24 C    -1  -4  -4  -4  10  -4  -5  -3  -4  -2  -2  -4  -2  -3  -4  -2  -2  -3  -3  -2    0   0   0   0 100   0   0   0   0   0   0   0   0   0   0   0   0   0   0   0  1.87 0.11
   25 W    -1   1   5   1  -3  -1  -1   3  -1  -4  -4  -1  -3  -3  -3   0  -1   3  -2  -3    0  12  54   3   0   0   0  24   0   0   0   0   0   0   0   0   0   7   0   0  0.56 0.05
   26 R     0   3   2  -1  -3   0  -1   1   1  -3  -3   1  -2  -3  -2   2   0  -3  -2  -3    3  30  11   0   0   0   0  15   4   0   0   8   0   0   0  23   5   0   0   0  0.31 0.03
   27 L    -1   0  -3  -3  -2  -2  -2  -3  -2   1   1  -2   0   2   3  -1  -1  -2  -1   2    0  10   0   0   0   0   0   0   0   3  19   0   0  13  19   3   0   0   0  32  0.26 0.03
   28 I    -1   1  -2  -2  -2  -1  -2   0  -2   1  -1   0   0  -2   5   0   0  -3  -2   0    0  10   0   0   0   0   0  10   0  14   4   7   4   0  36   4   6   0   0   6  0.46 0.04
   29 N    -1   1   2   0  -3   3   0  -2  -1  -2  -3   3  -2  -3   1   0   0  -3  -2  -1    0   5  11   4   0  19   0   0   0   0   0  41   0   0   6   4   5   0   0   5  0.35 0.05
   30 E     0  -2   3   2  -3   0   0   0  -1  -3  -3  -1  -3  -2   5  -1  -1  -3   1  -3    6   0  20  14   0   4   4   7   0   0   0   0   0   0  36   0   0   0  10   0  0.61 0.05
   31 S     0   1   1  -1  -2  -1  -1   0  -2  -1  -2  -1  -2  -3   3   1   3  -3  -2  -1    5   8  11   0   0   0   0   5   0   5   0   0   0   0  19  13  34   0   0   0  0.35 0.04
   32 K    -1  -1  -2  -2  -4  -1  -1  -3  -2  -3  -4   2  -3  -4   7  -1  -2  -4  -3  -3    0   0   0   0   0   0   0   0   0   0   0  25   0   0  75   0   0   0   0   0  1.59 0.09

                      K         Lambda
Standard Ungapped    0.1408     0.3230
Standard Gapped      0.0431     0.2670
PSI Ungapped         0.1409     0.3155
PSI Gapped           0.0431     0.2670
