
Last position-specific scoring matrix computed, weighted observed percentages rounded down, information per position, and relative weight of gapless real matches to pseudocounts
            A   R   N   D   C   Q   E   G   H   I   L   K   M   F   P   S   T   W   Y   V   A   R   N   D   C   Q   E   G   H   I   L   K   M   F   P   S   T   W   Y   V
    1 T    -1  -1  -1  -2  -2   3  -1  -3  -2   2  -1  -1   0  -2  -2   0   4  -3  -2   2    0   0   0   0   0  25   0   0   0  17   0   0   0   0   0   0  37   0   0  21  0.32 0.09
    2 F    -2  -3  -4  -4   2  -3  -4  -4  -2   2   1  -3   0   5  -4  -3  -1  -1   2   2    0   0   0   0   5   0   0   0   0  18  14   0   0  40   0   0   2   0   6  14  0.46 0.09
    3 I    -2  -3  -3  -3  -2  -3  -3  -4  -4   5   0  -3   0  -2  -3  -1   4  -4  -3   1    0   0   0   0   0   0   0   0   0  54   4   0   0   0   0   0  39   0   0   3  0.65 0.17
    4 D    -2  -2   5   5  -4   0   1  -1  -1  -4  -5  -1  -4  -5   0   0  -2  -5  -4  -4    0   0  38  44   0   3   4   4   0   0   0   0   0   0   4   4   0   0   0   0  0.85 0.17
    5 V    -2  -3  -4  -4  -2  -1  -1  -4  -4   4   0  -1   1  -2  -4  -3  -1  -4  -2   5    0   0   0   0   0   3   5   0   0  29   3   5   2   0   0   0   0   0   0  54  0.54 0.16
    6 D    -2   3  -1   0  -4   0   1  -3  -2  -4  -4   5  -3  -4   0   1  -2  -4  -3  -4    0  18   0   3   0   0   4   0   0   0   0  57   0   0   4  14   0   0   0   0  0.72 0.19
    7 C    -3  -6  -5  -6  11  -5  -6  -5  -6  -4  -4  -6  -4  -5  -5  -3  -3  -5  -5  -3    0   0   0   0 100   0   0   0   0   0   0   0   0   0   0   0   0   0   0   0  3.05 0.42
    8 T    -1   2   1  -2  -3  -1  -1  -1  -2  -2  -3   1  -2   0  -2   3   4  -3   1  -2    0  12   5   0   0   0   0   2   0   2   0   7   0   4   0  31  31   0   6   0  0.37 0.14
    9 V     2  -1   1  -1  -2  -1  -2   3   1  -2  -2  -1  -2  -3  -2   2   1  -3  -1   0   20   3   6   2   0   0   0  22   4   1   3   0   0   0   0  23   7   0   3   7  0.24 0.09
   10 S    -1  -3  -1  -2  -3  -2  -2  -2  -3  -4  -4  -2  -3  -4   4   5   2  -5  -4  -3    0   0   0   0   0   0   0   0   0   0   0   0   0   0  24  64  12   0   0   0  0.95 0.24
   11 K    -1   3   1  -2  -3   1  -1  -1  -1  -4  -4   4  -2  -3   0   2  -1  -3   0  -3    3  16   5   0   0   6   0   4   0   0   0  38   0   0   4  19   0   0   5   0  0.43 0.13
   12 E    -2  -1  -1   3  -5   6   4  -3  -1  -5  -4   0  -3  -5  -3  -1  -2  -4  -3  -4    0   0   0  17   0  49  30   0   0   0   0   3   0   0   0   2   0   0   0   0  0.96 0.23
   13 C    -3  -6  -5  -6  11  -5  -6  -5  -6  -4  -4  -6  -4  -5  -5  -3  -3  -5  -5  -3    0   0   0   0 100   0   0   0   0   0   0   0   0   0   0   0   0   0   0   0  3.05 0.42
   14 W    -2  -4  -4  -5  -3  -3  -4  -4   1  -1   2  -4  -1   2  -4  -3  -1   9   5  -1    3   0   0   0   0   0   0   0   3   3  24   0   0   5   0   1   3  32  25   3  1.05 0.20
   15 A     0   0  -1   1  -3   0   1  -1  -2  -1  -2   1  -2  -3   5   1   0  -4  -3  -1    6   5   0   8   0   2   8   4   0   6   2   9   0   0  26  17   4   0   0   3  0.37 0.09
   16 P     1  -3  -3  -3  -3  -2  -2  -3   2  -1  -3  -1   0  -4   7  -2  -1  -5  -3   1   16   0   0   0   0   0   0   0   6   2   0   3   3   0  52   0   2   0   0  16  1.01 0.19
   17 C    -3  -6  -5  -6  11  -5  -6  -5  -6  -4  -4  -6  -4  -5  -5  -3  -3  -5  -5  -3    0   0   0   0 100   0   0   0   0   0   0   0   0   0   0   0   0   0   0   0  3.05 0.42
   18 K    -2   3  -2  -2  -5   1   1  -3  -2  -2  -3   6  -1  -2  -3  -2  -2  -4  -3  -3    0  14   0   0   0   4   8   0   0   3   0  68   2   2   0   0   0   0   0   0  0.85 0.21
   19 A     1   2  -1   1  -4   1   1  -1  -2  -4  -4   5  -2  -4  -2   0  -2  -4  -1  -3   11   8   0   9   0   5   7   4   0   0   0  47   0   0   0   5   0   0   3   0  0.46 0.14
   20 A     2   1  -2  -3  -2   2  -1  -1  -2   1   1   0   1  -2  -2  -1  -1  -3  -2   1   26   7   0   0   0  12   3   3   0   9  18   5   2   0   0   0   0   0   0  15  0.14 0.08
   21 F    -2  -3  -2  -3  -2  -2  -3  -2   1   0  -1  -2   0   4  -3  -1   4  -1   3   1    1   0   0   0   0   0   0   3   4   4   1   0   3  26   0   0  35   0  10  10  0.39 0.13
   22 G    -1  -4   1  -3  -4  -3  -4   7  -3  -5  -5  -3  -4  -5  -4  -2  -2  -4  -5  -5    0   0   8   0   0   0   0  90   0   0   0   0   0   0   0   0   3   0   0   0  1.53 0.26
   23 V    -1   2  -2  -2   5   0  -2  -3  -2  -1  -2   2   1  -3  -1   1   2  -3  -1   0    0  13   0   0  18   4   0   0   0   3   0  15   7   0   2   9  20   0   2   6  0.29 0.11
   24 D     1   1   0   0  -2  -1  -1  -1   3  -2  -2  -1  -2  -1   3   1   1  -3   0  -1   20  13   2   7   0   0   0   3  11   0   4   0   0   2  14   8  11   0   4   3  0.21 0.08
   25 R     2   3   3  -1  -3   1   0  -2   2  -3  -3   0  -2   0  -2   0  -1  -3  -1  -2   22  20  21   0   0   8   5   0   7   0   0   3   0   7   0   2   3   0   0   0  0.29 0.11
   26 G     2  -4  -2  -3  -3  -3  -3   6  -3  -5  -5  -3  -4  -4  -3   0  -2  -4  -4  -4   20   0   0   0   0   0   0  73   0   0   0   0   0   0   0   6   0   0   0   0  1.17 0.22
   27 K    -3   2  -2  -3  -5   0  -1  -3  -2  -5  -4   7  -3  -5  -3  -2  -2  -5  -4  -4    0   5   0   0   0   0   0   0   0   0   0  95   0   0   0   0   0   0   0   0  1.44 0.30
   28 C    -3  -6  -5  -6  11  -5  -6  -5  -6  -4  -4  -6  -4  -5  -5  -3  -3  -5  -5  -3    0   0   0   0 100   0   0   0   0   0   0   0   0   0   0   0   0   0   0   0  3.05 0.42
   29 M    -3  -3  -4  -4  -3   1  -3  -5  -3   3   0  -1   8  -2  -4  -3  -1  -4  -3   1    0   0   0   0   0   8   0   0   0  18   0   3  64   0   0   0   3   0   0   5  1.04 0.27
   30 G    -3  -2   8  -1  -5  -2  -2   0  -1  -5  -6  -2  -4  -5  -4  -1  -2  -6  -4  -5    0   0  93   0   0   0   0   7   0   0   0   0   0   0   0   0   0   0   0   0  1.71 0.32
   31 K    -1   2   1  -2  -4  -1  -2   5  -2  -5  -4   3  -3  -4  -3   0  -2  -4  -4  -4    0  13   7   0   0   0   0  49   0   0   0  26   0   0   0   5   0   0   0   0  0.71 0.16
   32 K    -1   2  -1  -2  -4   2  -1  -3   0  -3  -2   6  -2  -4  -3   0  -1  -4  -3  -2    2   8   2   0   0   8   0   0   3   0   5  64   0   0   0   4   3   0   0   2  0.68 0.19
   33 C    -3  -6  -5  -6  11  -5  -6  -5  -6  -4  -4  -6  -4  -5  -5  -3  -3  -5  -5  -3    0   0   0   0 100   0   0   0   0   0   0   0   0   0   0   0   0   0   0   0  3.05 0.42
   34 K    -2   4   0   1  -4   0  -1  -3   2  -2  -3   4  -3  -3  -3  -1   0  -4   0  -3    0  31   4  10   0   0   0   0   5   2   0  37   0   0   0   0   5   0   5   0  0.55 0.16
   35 C    -3  -6  -5  -6  11  -5  -6  -5  -6  -4  -4  -6  -4  -5  -5  -3  -3  -5  -5  -3    0   0   0   0 100   0   0   0   0   0   0   0   0   0   0   0   0   0   0   0  3.05 0.40
   36 Y    -4  -4  -4  -5  -4  -3  -4  -5   2  -3  -3  -4  -3   3  -5  -4  -3   1   9  -3    0   0   0   0   0   0   0   0   3   0   0   0   0   8   0   0   0   0  89   0  1.85 0.28
   37 V    -1  -2  -2  -2  -1  -2  -2  -3  -3   3   0  -2   0  -1  -2   0   3  -3  -2   2    0   0   0   0   0   0   0   0   0  34   0   0   0   0   0   0  46   0   0  21  0.24 0.01

                      K         Lambda
Standard Ungapped    0.1407     0.3292
Standard Gapped      0.0471     0.2670
PSI Ungapped         0.1539     0.3170
PSI Gapped           0.0471     0.2670
