
Last position-specific scoring matrix computed, weighted observed percentages rounded down, information per position, and relative weight of gapless real matches to pseudocounts
            A   R   N   D   C   Q   E   G   H   I   L   K   M   F   P   S   T   W   Y   V   A   R   N   D   C   Q   E   G   H   I   L   K   M   F   P   S   T   W   Y   V
    1 S    -3  -3   7   2  -5  -3  -3  -3   5  -6  -6  -3  -5  -5  -4   3  -2  -6  -4  -5    0   0  53   9   0   0   0   0  12   0   0   0   0   0   0  26   0   0   0   0  1.40 0.55
    2 L    -4  -3  -6  -6  -4  -5  -6  -6  -5   0   6  -5   2   1  -6  -5  -3  -4  -3   0    0   1   0   0   0   0   0   0   0   3  80   0   4   4   0   0   1   0   0   6  1.33 0.53
    3 F    -1  -4  -2  -5  -3  -3  -4  -5  -3   2   2  -3   2   2  -5  -3  -2   7   3   1    4   0   2   0   0   1   0   0   0  12  26   1   4   8   0   1   2  15  13  11  0.63 0.31
    4 E    -5  -1   2  -2  -7   8   2  -5  -1  -6  -4  -2  -4  -7  -5  -4  -4  -6  -5  -6    0   3   8   1   0  71  13   0   1   0   1   1   0   0   0   0   0   0   0   0  1.87 0.76
    5 F    -6  -6  -7  -7  -6  -7  -7  -7  -5  -1   1  -7  -3   9  -7  -6  -6   1   1  -4    0   0   0   0   0   0   0   0   0   3  14   0   0  79   0   0   0   2   3   0  2.26 0.75
    6 A     0   0   2  -1  -4  -1   1   4  -2  -4  -3   1   0  -2  -3   0   0   0  -4  -4    7   6  10   2   0   2   9  35   1   0   2   9   3   1   0   7   5   2   0   0  0.43 0.25
    7 K    -2   1   3   0  -4   1   1  -1  -2  -1  -2   3  -1  -1  -3   0   0  -4   0  -2    0   9  17   2   0   5  11   5   0   4   4  22   2   3   0   6   5   0   4   1  0.27 0.20
    8 M    -4  -3  -5  -6  -5  -4  -2  -6  -5  -1   1  -5  10  -4  -6  -5  -2  -5  -5  -1    0   2   0   0   0   0   3   0   0   3  10   0  77   0   0   0   2   0   0   2  2.37 0.83
    9 I    -4  -5  -2  -5  -4  -5  -5  -6  -6   7   0  -2   1  -3  -5  -5  -1  -5  -4   1    0   0   3   0   0   0   0   0   0  78   4   3   3   0   0   0   3   0   0   4  1.59 0.60
   10 L    -2   1   1  -1  -4   3   0  -3  -1  -2   0   3   2   1  -3  -1  -1   0  -2  -2    1   9   7   3   0  19   5   1   1   2   9  21   6   7   0   2   3   1   1   2  0.30 0.23
   11 E    -2  -2  -1  -2   8   1   0  -3   1  -2  -2   3  -2  -1  -4  -3  -2  -4   1  -2    2   2   2   2  38   8   7   2   3   1   2  17   1   3   0   0   2   0   5   2  0.89 0.40
   12 E     2  -2  -2  -2  -3  -2   2  -3  -3   1  -1   0   3  -3  -3  -1   2  -4  -2   1   19   1   0   0   0   0  15   1   0   6   4   7  10   0   0   2  18   0   1  13  0.28 0.23
   13 T     1  -3   2  -3  -3  -2  -3  -1   1   2  -2  -2   2  -4  -3  -1   5  -4  -3   0   11   0  11   0   0   2   0   5   4  13   2   1   6   0   0   1  40   0   0   4  0.54 0.35
   14 K    -2   1  -1  -3  -5  -2  -2   6  -2  -3  -5   1  -4  -5   2  -1  -2  -5  -5  -5    1   7   3   1   0   1   2  56   1   2   0  10   0   0  10   3   2   0   0   0  0.95 0.41
   15 R    -1   4  -1  -2   0   0   0  -3  -1  -3  -5   5  -4  -4  -4   2  -1  -5  -4  -4    4  23   1   1   2   4   4   1   1   2   0  39   0   1   0  15   4   0   0   0  0.74 0.40
   16 L    -2   3   3  -1   0   0   1  -3   1  -3  -1  -1  -2   0  -3   2  -1  -4   0  -3    0  21  19   1   2   2   8   1   3   1   7   2   1   5   1  21   2   0   2   0  0.37 0.28
   17 P     3  -3  -2  -4  -4  -3  -3   1  -2  -4  -2  -1  -2  -5   6   1   0  -5  -4  -1   23   1   1   0   0   0   0  13   1   0   4   3   1   0  35   9   4   0   0   4  0.77 0.38
   18 F    -1  -2  -4  -3  -1  -2  -2  -4  -3   2   1  -3   1   2   0  -2   0   6   0   2    6   1   0   1   1   2   3   1   0  13  15   0   3   9   4   3   6  11   3  18  0.34 0.21
   19 P    -2  -2  -4  -2  -4  -2  -1  -3  -2  -1   2  -1  -1   3   3  -1   0   7   0  -1    3   2   0   2   0   1   4   1   1   2  20   5   1  15  13   3   6  15   2   3  0.45 0.28
   20 Y     0  -2   1   2  -4  -1   0  -2   4  -4  -4   0  -3   3  -4   2  -2   3   3  -4    6   1   6  13   0   2   4   2  12   1   0   6   0  12   0  22   1   4   9   0  0.45 0.31
   21 Y    -2  -1   2   2  -3  -1  -1  -2   4  -2  -2  -1  -1   2  -2  -1  -1   6   3  -2    1   1  15  15   0   1   1   1  15   1   1   1   0  15   1   1   1  14  15   1  0.39 0.08
   22 G     1  -1   0  -1  -3  -2   0   2  -2  -1  -1  -2   3   0  -3   1   0   2   0  -1   10   3   5   3   0   0   7  19   0   4   4   0  14   3   0  12   4   3   3   5  0.17 0.15
   23 A     0  -2   2   3  -3  -1   0   0  -2  -1  -1  -1   0   2   0   1   0  -2   1  -1    6   1  10  20   0   0   4   7   0   3   4   3   3  10   5  10   5   0   5   3  0.15 0.12
   24 Y    -4  -5   0  -5   4  -4  -5  -5  -2  -4  -4  -5  -4  -1  -5  -4   0  -2   9  -4    0   0   6   0   9   0   0   0   0   0   0   0   0   0   0   0   6   0  76   0  2.19 0.62
   25 G     0  -4  -2  -3  -4  -3  -4   7  -3  -5  -5  -3  -4  -4   1  -2  -3  -4   0  -5    4   0   0   0   0   0   0  86   0   0   0   0   0   0   7   0   0   0   4   0  1.45 0.30
   26 C    -3  -5   2  -5  11  -5  -5  -4  -4  -4  -4  -5  -4  -5  -5  -3  -3  -5  -5  -3    0   0  12   0  88   0   0   0   0   0   0   0   0   0   0   0   0   0   0   0  2.58 0.46
   27 Y    -4  -3   1  -4  -4  -3  -4  -4   4  -3  -3  -3  -3   2  -5  -3  -3   5   8  -3    0   0   9   0   0   0   0   0   9   0   0   0   0   4   0   0   0   8  70   0  1.58 0.35
   28 C    -3  -6  -5  -6  11  -5  -6  -5  -5  -4  -4  -6  -4  -5  -5  -3  -3  -5  -5  -3    0   0   0   0 100   0   0   0   0   0   0   0   0   0   0   0   0   0   0   0  3.16 0.45
   29 G    -1  -4  -2  -1  -4  -3  -3   7  -3  -4  -5  -3  -4  -4  -3  -1  -3  -4  -4  -2    0   0   0   3   0   0   0  91   0   0   0   0   0   0   0   3   0   0   0   3  1.41 0.23
   30 W     0  -1  -3  -4  -1  -1  -3  -2  -3   0   1   0   1  -2   0  -1   0   9  -1   0    8   3   0   0   1   2   0   3   0   5  13   7   4   0   5   3   6  31   0   8  0.65 0.18
   31 G    -1  -1  -1  -3  -4  -3  -1   6  -4  -5  -3  -3  -1  -5  -4  -2  -3  -4  -5  -3    2   4   1   0   0   0   4  83   0   0   2   0   2   0   0   1   0   0   0   1  1.35 0.29
   32 G    -2  -2   0   0  -4  -3  -2   6  -1  -5  -5  -1  -4  -5  -4  -1  -3  -4  -4  -4    0   2   3   5   0   0   2  80   1   0   0   3   0   0   0   2   0   0   0   1  1.28 0.27
   33 Q    -1   4  -1  -2  -4   3   0  -3   1  -3  -3   2  -2  -4  -3   2   0  -1  -3  -2    2  30   1   0   0  18   3   0   3   2   1  13   0   0   0  22   3   1   0   1  0.52 0.19
   34 G    -2  -1   0  -3  -4  -3  -4   7   0  -5  -5  -3  -4  -3  -4  -2  -3  -4  -4  -5    0   4   4   0   0   0   0  87   2   0   0   0   0   1   0   0   0   0   0   0  1.56 0.33
   35 Q    -2   2  -1  -2  -3   2   0  -3   0  -2  -3   2  -1  -4   0   0   4   2  -3  -2    1  11   2   0   0   9   5   1   2   2   1  17   2   0   5   4  37   3   0   0  0.42 0.19
   36 P    -1  -5  -5  -4  -5  -4  -4  -4  -5  -5  -5  -3  -5  -6   9  -3  -3  -6  -5  -5    5   0   0   0   0   0   0   0   0   0   0   0   0   0  95   0   0   0   0   0  2.71 0.48
   37 K    -2   1  -3  -3  -3   2  -2  -4  -3   0   0   3   0  -3  -3  -2  -1  -4  -3   4    0   5   0   0   0  14   0   0   0   2   7  28   2   0   0   0   1   0   0  41  0.46 0.21
   38 D    -3  -4  -1   8  -6  -3  -1  -4  -3  -5  -6  -3  -5  -6  -4  -3  -3  -7  -5  -5    2   0   0  95   0   0   0   0   0   0   0   0   0   0   0   0   0   0   0   0  2.04 0.42
   39 A     5  -2  -2  -1  -2  -1  -1   1  -3  -3  -3  -1  -2  -4   0   1  -1  -4  -3  -2   74   0   0   4   0   2   1  10   0   0   0   1   0   0   3   5   0   0   0   0  0.66 0.18
   40 T    -2  -3  -2  -3  -3  -3  -3  -3  -4  -3  -3  -3  -3  -4  -3   1   7  -5  -4  -2    0   0   0   0   0   0   0   0   0   0   0   0   0   0   0  10  90   0   0   0  1.46 0.37

                      K         Lambda
Standard Ungapped    0.1446     0.3224
Standard Gapped      0.0605     0.2670
PSI Ungapped         0.1978     0.3175
PSI Gapped           0.0605     0.2670
