
Last position-specific scoring matrix computed, weighted observed percentages rounded down, information per position, and relative weight of gapless real matches to pseudocounts
            A   R   N   D   C   Q   E   G   H   I   L   K   M   F   P   S   T   W   Y   V   A   R   N   D   C   Q   E   G   H   I   L   K   M   F   P   S   T   W   Y   V
    1 M    -2  -2  -3  -4  -3  -1  -3  -4  -3   0   1  -2   9  -1  -4  -3  -2  -3  -2   0    0   0   0   0   0   0   0   0   0   0   0   0 100   0   0   0   0   0   0   0  1.15 0.18
    2 E    -2  -1  -1   3  -4   2   6  -3  -1  -4  -4   0  -3  -4  -2  -1  -1  -4  -3  -3    0   0   0  13   0   5  78   0   0   0   0   0   0   0   0   0   3   0   0   0  0.90 0.12
    3 T    -1  -2   0  -2  -2  -2  -2  -3  -3  -1  -2  -1  -2  -3   5   1   4  -4  -3  -1    0   0   3   0   0   0   0   0   0   2   2   3   0   0  35   7  46   0   0   2  0.75 0.12
    4 A     5  -2  -2  -2  -1  -2  -2   0  -3  -2  -3  -2  -2  -3  -2   1   0  -4  -3  -1   84   0   0   0   0   0   0   5   0   0   0   0   0   0   0   7   4   0   0   0  0.65 0.14
    5 T    -1  -2  -1  -2  -2  -1  -2  -3  -2   1   1  -2   0   2  -2   0   4  -2  -1   0    3   0   3   0   0   2   0   0   0   7  17   0   0  15   0   3  46   0   0   5  0.27 0.09
    6 L    -1  -3  -2  -3  -2  -2  -2  -3  -3   2   2  -2   0   2  -3   1  -1  -2  -1   2    0   0   0   0   0   0   0   0   0  13  29   0   0  12   0  25   0   0   0  22  0.22 0.07
    7 V    -1  -3  -4  -4  -2  -3  -3  -4  -3   3   3  -3   1   2  -3  -2  -1  -2   0   3    2   0   0   0   0   0   0   0   0  17  36   0   0  12   0   4   0   0   2  29  0.34 0.07
    8 T     2  -2  -1  -2  -1  -1  -1   0  -2   0  -1  -1  -1  -2  -2   2   2  -3  -2   0   28   0   0   0   0   0   0   6   0   7   3   0   0   0   0  25  22   0   0   8  0.25 0.07
    9 I    -2  -4  -4  -4  -2  -3  -4  -5  -4   5   1  -3   0  -1  -4  -3   0  -4  -2   3    0   0   0   0   0   0   0   0   0  73   5   0   0   0   0   0   4   0   0  19  0.66 0.13
   10 F     1  -3  -2  -3  -2  -2  -3   0  -2  -1   0  -2  -1   5  -3   1   1  -1   1  -1   13   0   0   0   0   0   0   7   0   2   3   0   0  49   0  13  14   0   0   0  0.38 0.10
   11 L    -2  -3  -4  -4  -2  -3  -4  -4  -4   4   2  -3   2   1  -4  -3  -1  -3  -1   3    0   0   0   0   0   0   0   0   0  51  19   0   5   4   0   0   0   0   0  20  0.49 0.09
   12 S     2  -2  -1  -2  -2  -1  -2   1  -2  -1   1  -2   0   0  -2   3   0   4  -1  -1   21   0   0   0   0   0   0   9   0   0  21   0   2   3   0  34   0   7   0   3  0.22 0.07
   13 G     2  -2  -2  -3   6  -2  -2   0  -3  -1  -2  -2  -1   0  -2   1   0  -3  -2   0   27   2   0   0  28   0   0   6   0   3   0   0   0   6   0  14   4   0   0   9  0.35 0.08
   14 L     0  -3  -3  -4  -2  -3  -3  -3  -3   2   3  -3   1   1  -3  -2  -1  -2  -1   2   11   0   0   0   0   0   0   0   0  12  49   0   1   5   0   2   0   0   0  19  0.33 0.07
   15 L    -2  -3  -4  -4   0  -3  -3  -4  -4   2   4  -3   1  -1  -3  -2   0  -3  -2   2    0   0   0   0   2   0   0   0   0   5  71   0   0   0   0   0   8   0   0  14  0.50 0.10
   16 V    -2  -3  -4  -4  -2  -3  -4  -4  -4   3   3  -3   1   0  -3  -3  -1  -3  -1   3    0   0   0   0   0   0   0   0   0  25  39   0   0   3   0   0   0   0   0  33  0.46 0.09
   17 S     2  -2  -1  -2   1  -1  -2   4  -2  -3  -3  -1  -2  -3  -2   3   0  -3  -3  -2   17   0   0   0   3   0   0  35   0   0   2   0   0   0   0  42   0   0   0   2  0.49 0.09
   18 F    -1  -3  -4  -4  -2  -3  -4  -4  -3   3   2  -3   1   3  -3  -3  -1  -2   0   2    2   0   0   0   0   0   0   0   0  34  24   0   2  23   0   0   3   0   0  13  0.38 0.07
   19 T    -1  -2  -1  -2  -2  -2  -2  -3  -3  -2  -2  -2  -2  -3  -2   1   7  -4  -3  -1    0   0   0   0   0   0   0   0   0   0   0   0   0   0   0   0 100   0   0   0  1.07 0.18
   20 G     2  -3  -1  -2  -3  -2  -3   6  -3  -1  -3  -2  -2  -3  -3   0  -2  -3  -3  -1   17   0   0   0   0   0   0  69   0   6   0   0   0   0   0   3   0   0   0   5  0.77 0.10
   21 Y    -3  -3  -3  -4  -3  -3  -3  -4   0  -1   0  -3  -1   5  -4  -3  -3   1   7  -1    0   0   0   0   0   0   0   0   0   2   8   0   0  25   0   0   0   0  63   2  1.04 0.14
   22 A     3  -2  -1  -2  -2  -1  -1   3  -2  -3  -3  -1  -2  -3  -2   3   0  -3  -3  -2   39   0   0   0   0   0   0  20   0   0   0   0   0   0   0  40   2   0   0   0  0.48 0.09
   23 L    -2  -3  -4  -4  -2  -3  -4  -4  -4   4   3  -3   1  -1   0  -3  -1  -3  -2   3    0   0   0   0   0   0   0   0   0  41  34   0   0   0   5   0   0   0   0  19  0.46 0.08
   24 Y    -3  -3  -3  -2  -4  -3  -3  -4   1  -3  -2  -3  -2   3  -4  -3  -3   5   8  -3    0   0   0   3   0   0   0   0   0   0   0   0   0   3   0   0   0   8  86   0  1.46 0.18
   25 T    -1  -2  -1  -2  -2   0  -2  -3  -3   1  -1  -2   1  -2  -2   0   5  -3  -2   1    0   0   0   0   0   3   0   0   0   9   2   0   5   0   0   2  67   0   0  13  0.50 0.11
   26 A     4  -2  -1  -2  -1  -1  -2   2  -2  -3  -3  -1  -2  -3  -2   2   0  -3  -3  -1   65   0   0   0   0   0   0  13   0   0   0   0   0   0   0  22   0   0   0   0  0.54 0.10
   27 F    -3  -4  -4  -5  -4  -4  -4  -4  -2  -1  -1  -4  -1   8  -5  -1  -3   0   2  -2    0   0   0   0   0   0   0   0   0   0   0   0   0  95   0   5   0   0   0   0  1.34 0.18
   28 G    -1  -3  -1  -2  -4  -3  -3   7  -3  -5  -5  -3  -4  -4  -3  -1  -3  -4  -4  -4    0   0   0   0   0   0   0 100   0   0   0   0   0   0   0   0   0   0   0   0  1.50 0.16
   29 Q    -2   0  -1  -2  -4   2   0  -3  -2  -4  -4   0  -3  -5   7  -1  -2  -4  -4  -3    0   4   3   0   0  16   2   0   0   0   0   2   0   0  72   0   0   0   0   0  1.56 0.15
   30 P     0  -2  -1  -2  -3  -2  -2  -3  -3  -2  -2   0   0  -4   7  -1  -1  -4  -3  -2    6   0   2   0   0   0   0   0   0   2   3   8   3   0  69   3   2   0   0   1  1.36 0.13
   31 S     2  -2   0  -1  -2  -1  -1  -1  -2  -3  -3  -1  -2  -3  -2   5   0  -4  -3  -2   20   0   3   0   0   0   0   0   0   0   0   0   0   0   0  77   0   0   0   0  0.66 0.13
   32 Q     1   3   1  -1  -3   1   1  -2  -1  -3  -3   4  -2  -4  -2   0   0  -4  -2  -2   12  13   6   0   0   5   5   0   0   0   0  50   0   0   0   5   2   0   0   1  0.42 0.08
   33 Q     0   1   1   1  -3   3   3   0  -1  -3  -3   2  -2  -4  -2   0   0  -3  -3  -3    7   4   7   5   0  20  32   6   0   0   0  16   0   0   0   0   3   0   0   0  0.40 0.06
   34 L    -2  -3  -5  -5  -2  -3  -4  -5  -4   1   5  -4   1   0  -4  -4  -2  -3  -2   0    0   0   0   0   0   0   0   0   0   0 100   0   0   0   0   0   0   0   0   0  0.86 0.14
   35 R     0   5   0   0  -3   1   0  -2  -1  -2  -3   2  -2  -3  -2   0   1  -3  -2  -2    5  52   2   7   0   4   3   1   0   2   0   6   0   0   0   7   9   0   0   1  0.43 0.06
   36 D    -3  -3   1   7  -5  -1   1  -2  -2  -4  -5  -2  -4  -5  -3  -1  -2  -6  -4  -4    0   0   0 100   0   0   0   0   0   0   0   0   0   0   0   0   0   0   0   0  1.44 0.15
   37 P    -2  -3  -3  -3  -4  -2  -2  -3  -3  -3  -2  -2  -3  -4   8  -2  -2  -5  -4  -3    0   0   0   0   0   0   0   0   0   0   6   0   0   0  94   0   0   0   0   0  2.20 0.16
   38 F    -3  -4  -4  -5  -3  -4  -4  -4  -2  -1  -1  -4  -1   8  -5  -3  -3   6   3  -2    0   0   0   0   0   0   0   0   0   0   0   0   0  85   0   0   0  11   4   0  1.27 0.14
   39 E    -2  -1   0   4  -5   1   6  -3  -1  -4  -4   0  -3  -4  -2  -1  -2  -4  -3  -4    0   0   0  27   0   0  73   0   0   0   0   0   0   0   0   0   0   0   0   0  0.96 0.12
   40 E    -2  -1   0   4  -4   1   5  -2  -1  -4  -3   0   0  -4  -2  -1  -2  -4  -3  -3    0   0   2  31   0   0  59   2   0   0   0   0   6   0   0   0   0   0   0   0  0.74 0.10
   41 H    -3  -1   0  -2  -4  -1  -1  -3  10  -5  -4  -2  -3  -2  -3  -2  -3  -4   1  -5    0   0   0   0   0   0   0   0 100   0   0   0   0   0   0   0   0   0   0   0  1.82 0.19
   42 G    -2  -1  -1   3  -5   1   6   0  -1  -4  -4   0  -3  -4  -2  -1  -2  -4  -3  -4    0   0   0  11   0   0  83   6   0   0   0   0   0   0   0   0   0   0   0   0  0.92 0.12
   43 D    -3  -2   2   7  -5  -1   2  -2  -2  -4  -5  -1  -4  -5  -2  -1  -2  -5  -4  -4    0   0   5  88   0   0   7   0   0   0   0   0   0   0   0   0   0   0   0   0  1.22 0.13

                      K         Lambda
Standard Ungapped    0.1377     0.3213
Standard Gapped      0.0495     0.2670
PSI Ungapped         0.1619     0.3163
PSI Gapped           0.0495     0.2670
