
Last position-specific scoring matrix computed, weighted observed percentages rounded down, information per position, and relative weight of gapless real matches to pseudocounts
            A   R   N   D   C   Q   E   G   H   I   L   K   M   F   P   S   T   W   Y   V   A   R   N   D   C   Q   E   G   H   I   L   K   M   F   P   S   T   W   Y   V
    1 R    -1   5   0  -1  -4   1   0  -2   0  -3  -2   3  -1  -3  -2  -1  -1  -3  -2  -3    0  75   0   0   0   0   0   0   0   0   0  25   0   0   0   0   0   0   0   0  0.65 0.01
    2 W    -3  -3  -4  -5  -3  -2  -3  -3  -3  -3  -2  -3  -2   1  -4  -3  -3  11   2  -3    0   0   0   0   0   0   0   0   0   0   0   0   0   0   0   0   0 100   0   0  2.56 0.05
    3 K    -1   1   3   2  -3   1   1  -1   0  -3  -3   4  -2  -3  -2   0  -1  -4  -2  -3    0   0  30  11   0   0   0   0   0   0   0  59   0   0   0   0   0   0   0   0  0.45 0.02
    4 I    -1  -3  -3  -3  -2  -3  -3  -3  -3   2   1  -2   0   3   3  -2  -1  -1   0   2    0   0   0   0   0   0   0   0   0  24   7   0   0  28  17   0   0   0   0  24  0.32 0.01
    5 F    -2  -3  -3  -4  -3  -3  -4  -4  -2   0   1  -3   0   6  -4  -3  -2   1   3  -1    0   0   0   0   0   0   0   0   0   0  11   0   0  89   0   0   0   0   0   0  0.76 0.03
    6 K    -1   2   0  -1  -3   1   1  -2  -1  -3  -3   5  -2  -3  -1   0  -1  -3  -2  -3    0   0   0   0   0   0   0   0   0   0   0 100   0   0   0   0   0   0   0   0  0.62 0.03
    7 K    -1   1   0   1  -4   1   3  -2  -1  -3  -3   4  -2  -3  -1   0  -1  -3  -2  -3    0   0   0   6   0   0  35   0   0   0   0  59   0   0   0   0   0   0   0   0  0.50 0.02
    8 I    -2  -3  -4  -4  -1  -3  -3  -4  -3   4   3  -3   1   0  -3  -3  -1  -3  -1   2    0   0   0   0   0   0   0   0   0  71  29   0   0   0   0   0   0   0   0   0  0.41 0.02
    9 E    -1   0   0   1  -4   2   6  -2   0  -4  -3   1  -2  -4  -1   0  -1  -3  -2  -3    0   0   0   0   0   0 100   0   0   0   0   0   0   0   0   0   0   0   0   0  0.83 0.04
   10 K    -1   4   0  -1  -3   1   0   1  -1  -3  -3   4  -2  -3  -2   0  -1  -3  -2  -3    0  27   0   0   0   0   0  11   0   0   0  62   0   0   0   0   0   0   0   0  0.48 0.02
   11 V     2  -2  -3  -3  -1  -2  -2  -2  -3   2   1  -2   2  -1  -2  -1   0  -3  -1   3   25   0   0   0   0   0   0   0   0   0   0   0  17   0   0   0   0   0   0  58  0.23 0.02
   12 G     0  -3  -1  -2  -2  -2  -2   6  -2  -2  -3  -2  -2  -3  -2  -1  -2  -3  -3  -1    0   0   0   0   0   0   0  88   0   0   0   0   0   0   0   0   0   0   0  12  0.86 0.03
   13 R     0   4   0  -1  -3   4   1  -2   0  -3  -2   2  -1  -3  -2   0  -1  -3  -2  -2    7  43   0   0   0  50   0   0   0   0   0   0   0   0   0   0   0   0   0   0  0.55 0.03
   14 N    -2   4   4   0  -3   0   0  -1   1  -3  -3   1  -2  -3  -2   0  -1  -3  -2  -3    0  46  50   0   0   0   0   0   4   0   0   0   0   0   0   0   0   0   0   0  0.55 0.03
   15 V    -1  -3  -3  -3  -1  -2  -3  -3  -3   3   1  -2   1  -1  -3  -2   1  -3  -1   3    0   0   0   0   0   0   0   0   0  41   0   0   0   0   0   0   7   0   0  52  0.34 0.02
   16 R    -2   6  -1  -2  -4   1   0  -3   0  -3  -2   2  -2  -3  -2  -1  -1  -3  -2  -3    0 100   0   0   0   0   0   0   0   0   0   0   0   0   0   0   0   0   0   0  0.87 0.04
   17 D    -2  -2   2   6  -4   0   1  -1  -1  -3  -4  -1  -3  -4  -2   0  -1  -5  -3  -3    0   0   8  92   0   0   0   0   0   0   0   0   0   0   0   0   0   0   0   0  0.96 0.03
   18 G     2  -2  -1  -1  -2  -1  -2   5  -2  -3  -3  -1  -2  -3  -2   1  -1  -3  -3  -2   30   0   0   0   0   0   0  59   0   0   0   0   0   0   0  11   0   0   0   0  0.60 0.02
   19 I    -1  -3  -3  -3  -1  -3  -3  -4  -3   4   2  -3   1   0  -3  -2  -1  -3  -1   3    0   0   0   0   0   0   0   0   0  56   8   0   0   0   0   0   0   0   0  36  0.38 0.02
   20 I    -1  -3  -3  -3  -1  -3  -3  -4  -3   4   1  -3   1   0  -3  -2  -1  -3  -2   3    5   0   0   0   0   0   0   0   0  81   0   0   0   0   0   0   0   0   0  14  0.40 0.02
   21 K     0   1   0  -1  -2   1   0  -1  -1  -3  -3   4  -2  -3  -1   3   0  -3  -2  -2    0   0   0   0   0   0   0   0   0   0   0  59   0   0   0  41   0   0   0   0  0.40 0.02
   22 A     4  -2  -2  -2  -1  -1  -1   0  -2  -2  -2  -1  -1  -3  -1   1   0  -3  -2   0  100   0   0   0   0   0   0   0   0   0   0   0   0   0   0   0   0   0   0   0  0.48 0.03
   23 G     1  -2  -1  -2  -2  -2  -2   6  -2  -3  -3  -2  -3  -3  -2   0  -1  -3  -3  -3   17   0   0   0   0   0   0  83   0   0   0   0   0   0   0   0   0   0   0   0  0.88 0.02
   24 P    -1  -2  -2  -2  -3  -2  -1  -2  -3  -3  -3  -1  -3  -4   8  -1  -1  -4  -3  -3    0   0   0   0   0   0   0   0   0   0   0   0   0   0 100   0   0   0   0   0  2.14 0.04
   25 A     4  -2  -2  -2  -1  -1  -1   0  -2  -2  -2  -1  -1  -3  -1   1   0  -3  -2   0  100   0   0   0   0   0   0   0   0   0   0   0   0   0   0   0   0   0   0   0  0.48 0.03
   26 V    -1  -3  -3  -3  -1  -3  -3  -4  -3   4   1  -3   1  -1  -3  -2  -1  -3  -1   4    0   0   0   0   0   0   0   0   0  50   0   0   0   0   0   0   0   0   0  50  0.40 0.02
   27 A     2   0   0   2  -2   1   2   0  -1  -2  -2   0  -2  -3  -1   0   0  -3  -2  -1   46   7   0  17   0   7  15   3   0   0   0   0   0   0   0   0   4   0   0   0  0.25 0.01
   28 V     0  -2  -2  -3  -1  -2  -2  -3  -3   2   0  -2   0  -1  -2  -1   2  -3  -2   4    0   0   0   0   0   0   0   0   0   0   0   0   0   0   0   0  30   0   0  70  0.30 0.02
   29 V    -1  -3  -3  -4  -1  -2  -3  -4  -3   2   3  -3   1   0  -3  -2  -1  -2  -1   3    0   0   0   0   0   0   0   0   0   4  53   0   0   0   0   0   0   0   0  43  0.36 0.02
   30 G     2  -1  -1  -2  -2  -1  -1   5  -2  -3  -3   0  -2  -3  -2   0  -1  -3  -3  -2   26   0   0   0   0   0   0  63   0   0   0  11   0   0   0   0   0   0   0   0  0.61 0.02
   31 Q     0   1   0   0  -3   5   2  -2   0  -3  -2   2  -1  -3  -1   0   0  -3  -2  -2   11   0   0   0   0  57   8   0   0   0   0  17   0   0   0   4   4   0   0   0  0.44 0.02
   32 A     4  -2  -1  -2  -1  -1  -1   0  -2  -2  -2  -1  -1  -2  -1   2   0  -3  -2   0   89   0   0   0   0   0   0   0   0   0   0   0   0   0   0  11   0   0   0   0  0.44 0.03
   33 A     1   1   0  -1  -2   2   0  -1  -1  -2  -2   3  -1  -3  -1   0   2  -3  -2  -1   13   0   0   0   0  16   0   0   0   0   0  43   0   0   0   0  28   0   0   0  0.29 0.02
   34 T     3  -1  -1  -1  -1   0  -1   0  -1  -2  -2   0  -1  -3  -1   2   1  -3  -2  -1   62   0   0   0   0   4   0   0   0   0   0   7   0   0   0  18   9   0   0   0  0.31 0.02
   35 V    -1  -3  -4  -4  -1  -3  -3  -4  -3   3   3  -3   2   0  -3  -2  -1  -2  -1   2    0   0   0   0   0   0   0   0   0  29  57   0   0   0   0   0   0   0   0  14  0.38 0.01
   36 V     2  -2  -1  -2  -2  -2  -2   4  -2   0  -2  -2  -1  -2  -2   0  -1  -3  -2   0   33   0   0   0   0   0   0  53   0   8   0   0   0   0   0   0   0   0   0   6  0.45 0.02
   37 K    -1   3   0  -1  -3   2   1  -2  -1  -3  -3   5  -1  -3  -1   0  -1  -3  -2  -3    0   8   0   0   0  10   0   0   0   0   0  82   0   0   0   0   0   0   0   0  0.54 0.02

                      K         Lambda
Standard Ungapped    0.1375     0.3216
Standard Gapped      0.0421     0.2670
PSI Ungapped         0.1377     0.3175
PSI Gapped           0.0421     0.2670
