
Last position-specific scoring matrix computed, weighted observed percentages rounded down, information per position, and relative weight of gapless real matches to pseudocounts
            A   R   N   D   C   Q   E   G   H   I   L   K   M   F   P   S   T   W   Y   V   A   R   N   D   C   Q   E   G   H   I   L   K   M   F   P   S   T   W   Y   V
    1 M    -2  -2  -3  -4  -2  -1  -3  -4  -3   0   1  -2   9  -1  -4  -2  -2  -2  -2   0    0   0   0   0   0   0   0   0   0   0   0   0 100   0   0   0   0   0   0   0  1.12 0.18
    2 Q    -1   2  -1  -1  -4   2   0  -2  -1  -4  -3   6  -2  -4  -2  -1  -1  -4  -3  -3    0   2   0   0   0   8   0   0   0   0   0  90   0   0   0   0   0   0   0   0  0.81 0.12
    3 V    -1  -3  -3  -4  -1  -3  -3  -4  -4   3   0  -3   0  -1  -3  -2   1  -3  -2   5    0   0   0   0   0   0   0   0   0  23   0   0   0   0   0   0   8   0   0  69  0.49 0.08
    4 L    -1   4  -2  -2  -3   0  -1  -3  -2   0   1   3   0  -2  -2  -1  -1  -3  -2   1    1  38   0   0   0   0   0   0   0   1  22  23   1   0   0   0   0   0   0  13  0.30 0.06
    5 S     0  -1   4   0  -2  -1  -1   1  -1  -3  -3   0  -2  -3   2   3   0  -4  -3  -3    4   0  35   0   0   0   0   7   0   0   0   2   0   0  11  41   0   0   0   0  0.48 0.07
    6 S     1  -2   0  -1  -2  -1  -1  -1  -2  -3  -3  -1  -2  -3  -2   5   1  -4  -2  -2    5   0   0   0   0   0   0   0   0   0   0   0   0   0   0  95   0   0   0   0  0.73 0.12
    7 L    -2  -3  -4  -4  -2  -3  -3  -4  -4   2   4  -3   2   0  -3  -3  -1  -2  -2   2    0   0   0   0   0   0   0   0   0   9  78   0   0   0   0   0   0   0   0  13  0.55 0.08
    8 K    -1   3  -1  -1  -4   1   0   0  -1  -4  -3   5  -2  -4  -2  -1  -1  -4  -3  -3    0  13   0   0   0   0   0   7   0   0   0  81   0   0   0   0   0   0   0   0  0.70 0.10
    9 T     1  -1   0  -1  -2   0   0  -1  -2  -3  -3  -1  -2  -3   2   4   1  -3  -2  -2   11   0   0   0   0   2   2   1   0   0   1   0   0   0  12  62   6   0   0   0  0.46 0.08
   10 A     2  -2  -2  -3  -1  -2  -2  -2   1   1   3  -2   2  -1  -2  -1  -1  -2  -1   1   28   0   0   0   0   0   0   0   5   8  41   0   8   0   0   0   0   0   0   6  0.20 0.05
   11 K    -1   2  -1  -1  -3   1   0  -2  -1  -2  -2   5  -1  -3  -1  -1  -1  -3  -2  -2    1  10   1   1   0   1   1   1   0   1   4  72   0   1   1   1   1   0   1   1  0.54 0.09
   12 Q     0   1   2   0  -2   1   0   1   0  -2  -1   2  -1  -2  -1   1   1  -3  -1  -1    9   3  14   3   0   5   3   9   1   1   4  22   0   0   1   9  10   0   1   3  0.14 0.02
   13 R    -2   7  -1  -2  -4   0  -1  -3  -1  -3  -2   1  -2  -1  -2  -1  -2  -3  -2  -3    1  87   0   1   0   0   1   1   0   1   1   1   0   3   1   1   1   0   0   1  0.94 0.12
   14 H    -2  -2   0   2   6  -1  -1  -3   7  -3  -3  -2  -2  -3  -3   0  -2  -3   0  -3    0   0   0  15  27   0   0   0  48   0   0   0   0   0   0   6   0   0   0   0  0.79 0.12
   15 R    -1   4   0  -1  -4   0   1  -2  -1  -3  -2   3  -2  -4   3   0  -1  -4  -2  -3    2  36   3   0   0   0  10   0   0   0   2  26   0   0  16   5   0   0   0   0  0.51 0.07
   16 D    -1  -2   3   5  -4  -1   1   0   2  -4  -4  -1  -3  -3  -2   0  -1  -4   0  -3    3   0  16  56   0   0   7   5   7   0   0   0   0   0   0   4   0   0   4   0  0.65 0.09
   17 C    -1  -4   2  -3  10  -3  -4  -3  -3  -3  -3  -3  -3  -4  -4  -1  -2  -4  -3  -2    2   0  17   0  78   0   0   0   0   0   0   0   0   0   0   2   0   0   0   0  1.49 0.17
   18 Q    -2   4  -1  -2  -4   4   0  -3   0  -3  -3   3  -1   0  -2  -1  -1  -2   2  -3    0  25   0   0   0  29   0   0   0   0   0  30   0   5   0   0   0   0  11   0  0.49 0.09
   19 I    -1  -3  -4  -4  -2  -3  -3  -4  -3   3   2  -2   2   1  -3  -2  -1  -2   0   3    0   0   0   0   0   0   0   0   0  22  20   2   4   5   0   0   0   0   3  45  0.36 0.06
   20 V    -1  -3  -4  -4  -2  -3  -3  -4  -4   3   0  -3   0  -1  -3  -3  -1  -4  -2   5    0   0   0   0   0   0   0   0   0  18   0   0   0   0   0   0   0   0   0  82  0.66 0.12
   21 R    -2   6  -1  -2  -4   0   0  -3  -1  -4  -2   4  -2  -4  -2  -1  -2  -4  -3  -3    0  63   0   0   0   0   0   0   0   0   2  34   0   0   0   2   0   0   0   0  0.84 0.12
   22 R    -2   7  -1  -3  -5   0  -1  -3  -1  -4  -3   1  -2  -4  -3  -2  -2  -4  -3  -4    0 100   0   0   0   0   0   0   0   0   0   0   0   0   0   0   0   0   0   0  1.29 0.17
   23 R    -2   5   0  -2  -4   1   0  -1   2  -4  -3   4  -2  -4  -2  -1  -2  -3  -2  -3    0  43   4   0   0   4   0   5   6   0   0  38   0   0   0   0   0   0   0   0  0.60 0.09
   24 G    -1  -3  -1  -2  -3  -3  -3   7  -3  -5  -5  -2  -4  -4  -3  -1  -2  -3  -4  -4    0   0   0   0   0   0   0 100   0   0   0   0   0   0   0   0   0   0   0   0  1.44 0.14
   25 K    -2   6  -1  -2  -4   0  -1  -3  -1  -3  -3   3  -2  -4  -3  -1  -2  -4  -3  -1    0  82   0   0   0   0   0   0   0   0   0  13   0   0   0   0   0   0   0   5  0.96 0.13
   26 V    -1  -3  -3  -4  -2  -3  -3  -4  -4   3   2  -3   1  -1  -3  -2   0   3  -1   4    0   0   0   0   0   0   0   0   0  22  21   0   0   0   0   0   6   5   0  46  0.40 0.07
   27 Y    -3  -3  -3  -4  -3  -2  -3  -4   0  -2  -1  -3   2   4  -4  -3  -2   1   7  -2    0   0   0   0   0   0   0   0   0   0   0   0  10  19   0   0   0   0  70   0  1.09 0.14
   28 V    -1  -3  -4  -4  -2  -3  -3  -4  -4   4   1  -3   0  -1  -3  -3  -1  -4  -2   5    0   0   0   0   0   0   0   0   0  28   2   0   0   0   0   0   0   0   0  70  0.60 0.11
   29 I    -2  -4  -4  -4  -2  -3  -4  -5  -3   5   2  -3   1   1  -4  -3  -2  -2   1   2    0   0   0   0   0   0   0   0   0  81   9   0   0   5   0   0   0   0   5   0  0.62 0.11
   30 C    -2  -3   5  -1   8  -2  -2  -2  -2  -3  -3  -2  -3  -4  -3  -1  -1  -4  -3  -3    0   0  49   0  51   0   0   0   0   0   0   0   0   0   0   0   0   0   0   0  1.13 0.15
   31 K    -1   1  -1  -1  -4   1   1  -2  -2  -4  -3   6  -2  -4   1   0  -1  -4  -3  -3    0   0   0   0   0   0   3   0   0   0   0  86   0   0   7   4   0   0   0   0  0.78 0.13
   32 S     1  -1  -1  -1  -2   0   0  -2  -2  -1  -1   1  -1  -3  -2   2   4  -3  -2   0   10   0   0   0   0   1   2   0   0   3   2  13   0   0   0  23  42   0   0   4  0.31 0.07
   33 N    -2  -1   6   2  -4   1   0  -1   3  -4  -4   0  -3  -4  -3   0  -1  -4  -2  -3    1   0  60  12   0   9   2   0   9   0   0   6   0   0   0   0   0   0   0   1  0.67 0.10
   34 P    -2   1  -3  -2  -4  -1  -2  -3  -3  -4  -4   1  -3  -5   8  -2  -2  -5  -4  -3    0   8   0   0   0   0   0   0   0   0   0  11   0   0  81   0   0   0   0   0  1.78 0.15
   35 R    -2   6  -1  -2  -4   0  -1  -3  -1  -4  -3   3  -2  -4  -3  -1  -2  -4  -3  -3    0  77   0   0   0   0   0   0   0   0   0  23   0   0   0   0   0   0   0   0  1.00 0.13
   36 F    -3  -3  -2  -3   2  -2  -3  -4   5  -1   0  -3   0   6  -4  -3  -3   0   3  -2    0   0   0   0   5   0   0   0  26   0   4   0   2  56   0   0   0   0   6   0  0.73 0.11
   37 K    -2   2  -1  -2  -4   1   0  -2  -2  -4  -3   6  -2  -4  -2  -1  -2  -4  -3  -3    0   3   0   0   0   0   0   0   0   0   0  97   0   0   0   0   0   0   0   0  0.96 0.15
   38 A     4  -1  -2  -2   0   3  -1  -1  -2  -2  -2  -1  -1  -3  -2   0   0  -3  -2   0   61   0   0   0   1  25   0   0   0   0   0   0   0   0   0   0   5   0   0   6  0.41 0.10
   39 R    -2   7  -1  -3  -4   0  -1  -3  -1  -2  -2   2  -2  -3  -3  -2  -2  -4  -3   0    0  84   0   0   0   0   0   0   0   0   0   5   0   0   0   0   0   0   0  11  0.92 0.13
   40 Q    -2   0  -1  -1  -4   7   1  -3   0  -4  -3   0  -1  -4  -2  -1  -2  -3  -2  -3    0   0   0   0   0 100   0   0   0   0   0   0   0   0   0   0   0   0   0   0  1.25 0.18
   41 R    -1   5   0  -1  -4   1   0  -2   0  -3  -2   3  -2  -3  -2  -1  -1  -3  -2  -3    0  69   0   0   0   0   0   0   0   0   0  31   0   0   0   0   0   0   0   0  0.64 0.01

                      K         Lambda
Standard Ungapped    0.1346     0.3299
Standard Gapped      0.0472     0.2670
PSI Ungapped         0.1543     0.3193
PSI Gapped           0.0472     0.2670
