
Last position-specific scoring matrix computed, weighted observed percentages rounded down, information per position, and relative weight of gapless real matches to pseudocounts
           A  R  N  D  C  Q  E  G  H  I  L  K  M  F  P  S  T  W  Y  V   A   R   N   D   C   Q   E   G   H   I   L   K   M   F   P   S   T   W   Y   V
    1 M   -1 -2 -3 -4 -2 -1 -3 -3 -2  1  2 -2  8  0 -3 -2 -1 -2 -1  0    0   0   0   0   0   0   0   0   0   0   0   0 100   0   0   0   0   0   0   0  0.65 0.07
    2 E   -1 -1  0  3 -4  2  6 -3  0 -4 -4  0 -3 -4 -2  0 -1 -4 -3 -3    0   0   0  11   0   0  89   0   0   0   0   0   0   0   0   0   0   0   0   0  0.80 0.05
    3 A    4 -1 -1 -1 -1 -1 -1  0 -2 -2 -2 -1 -1 -3 -1  3  1 -3 -2 -1   62   0   0   0   0   0   0   0   0   0   0   0   0   0   0  33   4   0   0   0  0.39 0.03
    4 L   -1 -3 -4 -4 -1 -3 -3 -4 -3  2  3 -3  2  1 -3 -2 -1 -2 -1  2    3   0   0   0   0   0   0   0   0   7  61   0   0   7   0   0   0   0   0  23  0.34 0.02
    5 V    3 -2 -3 -3 -1 -2 -2 -2 -3  2  0 -2  0 -2 -2  0  0 -3 -2  4   38   0   0   0   0   0   0   0   0   0   0   0   0   0   0   0   0   0   0  62  0.27 0.03
    6 Y   -2 -2 -3 -4 -3 -2 -3 -4  2 -2 -2 -2 -1  3 -4 -2 -2  2  8 -2    0   0   0   0   0   0   0   0   0   0   0   0   0   0   0   0   0   0 100   0  1.12 0.06
    7 T   -1 -2 -1 -2 -1 -2 -2 -3 -3  2  0 -2  0 -2 -2  0  4 -3 -2  2    0   0   0   0   0   0   0   0   0  28   0   0   0   0   0   0  61   0   0  12  0.32 0.03
    8 F   -2 -3 -4 -4 -2 -3 -4 -4 -2  1  2 -3  1  6 -4 -3 -2  0  2  0    0   0   0   0   0   0   0   0   0   4  31   0   0  62   0   0   0   0   0   3  0.54 0.03
    9 L   -1 -3 -4 -4 -1 -3 -3 -4 -3  3  4 -3  2  0 -3 -3 -1 -2 -1  2    0   0   0   0   0   0   0   0   0  15  67   0   0   0   0   0   0   0   0  18  0.41 0.02
   10 L   -2 -3 -4 -4 -2 -3 -3 -4 -3  1  4 -3  3  3 -3 -3 -2 -1  0  0    0   0   0   0   0   0   0   0   0   0  78   0   7  15   0   0   0   0   0   0  0.45 0.03
   11 V    1 -2 -2 -3 -1 -2 -2 -2 -3  3  0 -2  0 -1 -2  0  2 -3 -2  3   13   0   0   0   0   0   0   0   0  22   0   0   0   0   0   0  27   0   0  38  0.22 0.02
   12 G    0 -2 -1 -2  2 -1 -2  3 -2 -1  1 -2  2 -2 -2  1  0 -3 -2 -1    3   0   0   0   6   0   0  36   0   0  19   0  13   0   0  19   3   0   0   2  0.22 0.02
   13 T    1 -2 -1 -2  1 -1 -1 -2 -2  0  0 -1 -1 -2 -2  1  4 -3 -2  0   18   0   0   0   4   0   0   0   0   0   6   0   0   0   0   0  65   0   0   7  0.33 0.03
   14 L   -2 -3 -4 -4 -2 -3 -3 -4 -3  2  4 -3  2  0 -3 -3 -1 -2 -1  2    0   0   0   0   0   0   0   0   0  15  78   0   0   0   0   0   0   0   0   7  0.45 0.03
   15 G    2 -2 -1 -2 -2 -2 -2  5 -2 -2 -2 -2  0 -3 -2  0 -1 -3 -3 -1   18   0   0   0   0   0   0  64   0   0   0   0   8   0   0   6   0   0   0   3  0.58 0.03
   16 I   -1 -3 -3 -3 -1 -3 -3 -4 -3  4  1 -3  1 -1 -3 -2  1 -3 -2  3    0   0   0   0   0   0   0   0   0  43   6   0   0   0   0   0  14   0   0  37  0.31 0.02
   17 I   -2 -3 -4 -4 -2 -3 -4 -4 -3  4  3 -3  1  1 -3 -3 -1 -2 -1  2    0   0   0   0   0   0   0   0   0  58  36   0   0   6   0   0   0   0   0   0  0.39 0.03
   18 F   -3 -3 -4 -4 -3 -4 -4 -4 -2  0  0 -4  0  7 -4 -3 -3  1  3 -1    0   0   0   0   0   0   0   0   0   0   0   0   0 100   0   0   0   0   0   0  0.96 0.06
   19 F   -2 -3 -4 -4 -3 -4 -4 -3 -2 -1  0 -4  0  7 -4 -3 -2  1  3 -1    4   0   0   0   0   0   0   0   0   0   0   0   0  96   0   0   0   0   0   0  0.86 0.05
   20 A    5 -2 -2 -2 -1 -1 -1  0 -2 -2 -2 -1 -1 -3 -1  2  0 -3 -2 -1   89   0   0   0   0   0   0   2   0   0   0   0   0   0   0   8   0   0   0   0  0.46 0.04
   21 I   -1 -3 -4 -4 -1 -3 -4 -4 -4  5  1 -3  1 -1 -3 -3 -1 -3 -2  3    0   0   0   0   0   0   0   0   0  82   0   0   0   0   0   0   0   0   0  18  0.47 0.04
   22 F    2 -3 -3 -3 -2 -3 -3 -2 -2  0  0 -2  0  6 -3 -1 -2  0  2 -1   34   0   0   0   0   0   0   0   0   3   0   0   0  63   0   0   0   0   0   0  0.43 0.04
   23 F   -3 -3 -4 -4 -3 -4 -4 -4 -2  0  0 -4  0  7 -4 -3 -3  1  3 -1    0   0   0   0   0   0   0   0   0   0   0   0   0 100   0   0   0   0   0   0  0.96 0.06
   24 R   -2  7 -1 -2 -4  1  0 -3 -1 -4 -3  2 -2 -3 -3 -1 -2 -3 -2 -3    0 100   0   0   0   0   0   0   0   0   0   0   0   0   0   0   0   0   0   0  0.92 0.05
   25 E   -1 -1  0  4 -4  1  5 -2 -1 -4 -4  0 -3 -4 -2  0 -1 -4 -3 -3    0   0   0  31   0   0  69   0   0   0   0   0   0   0   0   0   0   0   0   0  0.75 0.04
   26 P   -1 -3 -2 -2 -3 -2 -2 -3 -3 -3 -3 -1 -3 -4  8 -1  0 -4 -3 -3    0   0   0   0   0   0   0   0   0   0   0   0   0   0  94   2   4   0   0   0  1.97 0.06
   27 P   -1 -3 -3 -2 -3 -2 -2 -3 -3 -3 -4 -1 -3 -4  8 -1 -2 -4 -4 -3    0   0   0   0   0   0   0   0   0   0   0   0   0   0 100   0   0   0   0   0  2.17 0.06
   28 R   -2  6 -1 -2 -4  1  0 -3 -1 -3 -3  3 -2 -3 -2 -1 -1 -3 -2 -3    0  72   0   0   0   0   0   0   0   0   0  26   0   0   0   0   2   0   0   0  0.70 0.04
   29 V   -1 -3 -4 -4 -2 -3 -4 -4 -4  4  2 -3  1  1 -3 -3 -1 -3 -1  3    0   0   0   0   0   0   0   0   0  73   4   0   3   4   0   0   0   0   0  16  0.41 0.03
   30 P    1 -1 -1 -1 -2  1  1  1 -1 -1 -1 -1 -1 -3  3  0  0 -3 -2  0   11   2   2   0   0   8  16  12   0   4   6   0   0   0  19   4   8   0   0   7  0.22 0.01
   31 V   -1  2  1 -1 -3  1  0 -2 -1 -2 -3  4 -2 -3 -1  0  1 -3 -2 -1    1   6   5   1   0   0   2   0   0   0   0  63   0   0   1   4  12   0   0   5  0.37 0.04
   32 K   -1  2  0  1 -4  1  1 -2 -1 -3 -3  5 -2 -4  2  0 -1 -4 -2 -3    3   4   2   9   0   4   2   0   0   0   0  68   0   0   8   0   0   0   0   0  0.48 0.04
   33 D    0  0  0  0 -3  1  2  2 -1 -3 -3  3 -2 -3 -2  1  0 -3 -2 -3    0   0   3   3   0   0  18  22   0   0   0  34   0   0   0  16   6   0   0   0  0.30 0.02
   34 K   -1  1  1  1 -3  0  1  2 -1 -3 -2  3  0 -3 -2  0  0 -3 -2 -2    0   4   7   8   0   0   8  22   0   0   0  37   7   0   0   0   6   0   0   0  0.26 0.02
   35 K   -1  2  0 -1 -3  1  1 -2 -1 -3 -3  5 -2 -4 -1  0 -1 -4 -2 -3    0   0   0   0   0   0   0   0   0   0   0  94   0   0   0   6   0   0   0   0  0.60 0.04

                      K         Lambda
Standard Ungapped    0.1542     0.3356
Standard Gapped      0.0466     0.2670
PSI Ungapped         0.1523     0.3181
PSI Gapped           0.0466     0.2670
