
Last position-specific scoring matrix computed, weighted observed percentages rounded down, information per position, and relative weight of gapless real matches to pseudocounts
            A   R   N   D   C   Q   E   G   H   I   L   K   M   F   P   S   T   W   Y   V   A   R   N   D   C   Q   E   G   H   I   L   K   M   F   P   S   T   W   Y   V
    1 M    -4  -5  -6  -6  -4  -4  -5  -6  -5   2   1  -5  10  -3  -6  -5  -4  -5  -4  -2    0   0   0   0   0   0   0   0   0  11  10   0  79   0   0   0   0   0   0   0  2.20 0.58
    2 N    -4   5   4  -3  -5   0  -3  -4   0   2  -2   2  -3  -4  -4  -3  -3  -5  -4  -2    0  36  25   0   0   4   0   1   2  16   3  13   0   0   0   0   0   0   0   1  0.82 0.34
    3 I    -2  -5  -6  -6  -2  -5  -5  -6  -5   6   3  -5   2  -1  -5  -5  -3  -5  -2   2    2   0   0   0   1   0   0   0   0  55  22   0   4   1   0   0   1   0   1  13  1.06 0.36
    4 I     1  -4  -4  -5   0  -4  -4  -4  -5   4   2  -4   1   1  -4  -3   1  -4  -3   2   12   0   0   0   2   0   0   1   0  29  23   0   2   5   0   0  10   0   0  16  0.55 0.25
    5 L    -4  -5  -6  -6  -4  -5  -6  -6  -5   5   4  -5   1   3  -5  -5  -3  -4  -3   2    0   0   0   0   0   0   0   0   0  35  37   0   3  13   0   0   1   0   0  11  0.99 0.35
    6 M    -2  -4  -3   2   1  -3  -3  -3  -4   1   3  -3   3   2  -4   0   0  -3  -1   1    1   0   0  15   3   0   0   1   0   9  29   0   8   9   0   9   6   0   1   9  0.33 0.20
    7 G    -4  -6  -4  -5  -7  -6  -6   8  -6  -8  -8  -6  -7  -7  -6  -4  -6  -7  -7  -7    0   0   0   0   0   0   0 100   0   0   0   0   0   0   0   0   0   0   0   0  2.64 0.72
    8 L     1  -5  -5  -5  -2  -2  -4  -1  -5  -5  -1  -4   3  -6   7  -3  -2  -6  -6  -5   14   0   0   0   1   2   0   5   0   0   6   1   7   0  62   1   2   0   0   0  1.63 0.53
    9 P     2  -6  -2  -5  -6  -3  -5  -5  -6  -6  -5  -5  -1  -7   8  -1  -4  -7  -6  -4   15   0   2   0   0   1   0   0   0   0   1   0   2   0  74   5   0   0   0   1  2.16 0.64
   10 G     0  -6  -4  -5  -6  -5  -6   7  -6  -7  -7  -3  -6  -7  -6  -2  -5  -6  -7  -7    7   0   0   0   0   0   0  90   0   0   0   1   0   0   0   1   0   0   0   0  2.21 0.63
   11 A     4  -4  -3  -4   1  -4  -4  -3  -4  -3  -5  -4  -4  -5  -4   5  -1  -6  -5   0   41   0   0   0   3   0   0   1   0   1   0   0   0   0   0  46   3   0   0   5  1.09 0.47
   12 G    -4  -6  -4  -5  -7  -6  -6   8  -6  -8  -8  -6  -7  -7  -6  -4  -6  -7  -7  -7    0   0   0   0   0   0   0 100   0   0   0   0   0   0   0   0   0   0   0   0  2.64 0.72
   13 K    -5   0  -5  -6  -8  -3  -4  -6  -6  -7  -7   8  -6  -8  -6  -5   0  -8  -7  -7    0   3   0   0   0   0   0   0   0   0   0  92   0   0   0   0   5   0   0   0  2.51 0.90
   14 G    -3  -3  -1  -4  -5  -4  -5   6  -5  -6  -6  -3  -5  -6  -5   3   2  -6  -6  -6    0   1   2   0   0   0   0  61   0   0   0   1   0   0   0  20  12   0   0   0  1.41 0.56
   15 T    -4  -5  -4  -5  -5  -5  -3  -6  -6  -5  -1  -5  -5  -6  -5   0   8  -6  -6  -3    0   0   0   0   0   0   2   0   0   0   6   0   0   0   0   6  82   0   0   2  1.99 0.77
   16 Q    -4  -3  -3  -1  -5   7  -2  -6  -2   1   0  -3  -2  -5  -5  -4  -1  -5  -1   2    1   0   1   4   0  53   2   0   1   8  10   0   1   0   0   0   3   0   2  13  1.14 0.55
   17 A     6  -5  -5  -5   4  -5  -5   0  -5  -3  -5  -4  -5  -6  -5   2  -1  -6  -5  -3   68   0   0   0   8   0   0   5   0   2   0   0   0   0   0  11   3   0   0   1  1.37 0.59
   18 S     1   2  -2  -1  -2   1   1  -2  -1  -4  -4   4  -2  -4   0   1  -1  -5  -2  -2   10  12   1   3   1   7  10   2   1   1   1  28   1   0   4  12   3   0   1   3  0.40 0.26
   19 E    -1   3   0  -2  -2   0   0  -2  -1   1   2   2   0   0  -4  -2  -2  -1   0  -1    6  22   4   2   1   3   6   2   1   8  19  12   2   5   0   2   1   1   3   3  0.22 0.21
   20 I    -3  -6  -7  -7  -5  -6  -6  -7  -6   6   5  -6   0   0  -6  -6  -3  -5  -4   1    2   0   0   0   0   0   0   0   0  38  44   0   2   3   0   0   1   0   0   8  1.28 0.57
   21 V     4  -2  -3  -3   2  -2  -2  -2  -2  -1  -2   0   0  -3  -4   2   0  -5  -4   1   42   2   1   1   4   1   2   2   1   3   2   6   2   1   0  15   4   0   0  12  0.53 0.37
   22 K    -1   0   0   2  -6   2   4  -2   0  -4  -5   3  -3  -6  -4   0  -2  -6  -3  -4    6   4   4  10   0   9  31   2   2   1   0  21   1   0   0   6   2   0   1   1  0.65 0.41
   23 K    -1   3   0   0  -3   1   1  -4   4  -3  -4   5  -1  -4  -4  -2  -1  -5   0  -3    4  13   4   5   1   5  10   1   9   2   1  33   2   1   0   1   3   0   3   2  0.56 0.37
   24 F    -5  -2  -2  -4  -2  -2  -4  -6   1  -2   3  -4  -2   5  -6  -4  -3  -3   6  -3    0   2   3   1   1   2   1   0   3   1  31   1   1  19   0   1   1   0  31   1  1.07 0.54
   25 P    -2  -2   3   0   1  -1  -2   5   1  -5  -6   1  -3  -3  -3   1  -4  -6  -5  -6    2   2  12   5   3   3   2  45   3   1   0   7   1   1   1  12   0   0   0   0  0.79 0.44
   26 I    -2  -6  -6  -6  -1  -5  -6  -6  -5   5   2  -6   1   3  -6  -3  -3   1   3   1    3   0   0   0   1   0   0   0   0  35  21   0   3  12   0   2   1   2  11  10  0.88 0.45
   27 P     0  -2   0  -2   3  -1  -1  -5  -2  -1  -2  -1  -1  -3   6  -2   0  -6  -2   1    7   3   5   2   6   2   3   0   1   3   4   4   1   1  36   2   7   0   1  11  0.65 0.38
   28 H    -4  -3  -3  -3  -3   3  -4  -6   9  -4  -2  -2  -2  -2  -4  -4  -4  -1   5  -1    1   1   1   1   1  14   0   0  48   1   5   2   1   1   1   1   1   1  15   5  1.64 0.74
   29 I    -5  -7  -7  -7   0  -6  -7  -8  -7   7   3  -7   1  -1  -7  -6  -5  -6   0   2    0   0   0   0   2   0   0   0   0  53  27   0   2   3   0   0   0   0   3  10  1.42 0.62
   30 S     1  -5   1   3   0  -2  -2  -3  -5  -6  -7  -4  -6  -6  -5   6  -2  -7  -3  -6    9   0   6  14   2   2   2   1   0   0   0   0   0   0   0  62   1   0   1   0  1.27 0.67
   31 T     0  -5  -4  -5   1  -5  -5  -3  -6  -3  -3  -5   1  -6  -3   2   7  -7  -6  -2    7   0   0   0   3   0   0   2   0   1   2   0   4   0   1  11  67   0   0   3  1.47 0.72
   32 G    -5  -7  -5  -6  -7  -6  -7   8  -7  -9  -9   0  -7  -8  -7  -5  -6  -7  -8  -8    0   0   0   0   0   0   0  95   0   0   0   5   0   0   0   0   0   0   0   0  2.62 0.89
   33 D     1  -4  -1   7  -6  -1   1  -3  -1  -6  -3  -1  -3  -6  -5  -2  -3  -7  -6  -4   13   0   2  62   0   2   6   2   1   0   4   3   1   0   0   3   1   0   0   1  1.27 0.53
   34 M    -2  -5  -6  -6  -2  -3  -6  -6  -6   4   3  -5   7  -1  -6  -5  -2  -5  -4   2    3   0   0   0   1   1   0   0   0  26  27   0  30   2   0   0   2   0   0  10  1.14 0.48
   35 F    -3  -6  -6  -7  -5  -6  -6  -7  -4   1   4  -6   0   6  -6  -5  -5  -3   5  -1    2   0   0   0   0   0   0   0   0   8  41   0   1  28   0   0   0   0  16   3  1.19 0.48
   36 I    -6   8  -5  -6  -8  -3  -4  -7  -5  -4  -7   0  -6  -7  -6  -1  -5  -7  -6  -7    0  89   0   0   0   0   0   0   0   1   0   4   0   0   0   6   0   0   0   0  2.50 0.82
   37 K     4  -1  -2   0  -4   0   4  -3  -1  -5  -4   1  -4  -4  -4   0  -1  -5  -2  -3   39   2   1   4   0   4  27   1   1   0   1   9   0   0   0   6   2   0   1   1  0.65 0.36
   38 A     4  -3   3  -2  -2   1   4  -3   2  -2  -3  -2  -2  -5  -4  -2  -2  -5  -4  -1   37   1  13   0   1   5  28   0   5   3   1   1   1   0   0   0   1   0   0   4  0.65 0.36
   39 I     0  -4  -4  -5  -3  -4  -5  -5  -5   5   0  -3   3  -1  -5  -4  -2  -5  -4   4    8   1   1   0   0   0   0   0   0  40   4   1   7   1   0   0   1   0   0  35  0.92 0.37
   40 K    -3   2  -3  -3  -6   2   1  -4  -3  -6  -5   7  -4  -6  -4  -3  -3  -6  -5  -5    0   6   0   0   0   8   9   0   0   0   0  77   0   0   0   0   0   0   0   0  1.52 0.47

                      K         Lambda
Standard Ungapped    0.1412     0.3218
Standard Gapped      0.0664     0.2670
PSI Ungapped         0.2170     0.3192
PSI Gapped           0.0664     0.2670
