
Last position-specific scoring matrix computed, weighted observed percentages rounded down, information per position, and relative weight of gapless real matches to pseudocounts
            A   R   N   D   C   Q   E   G   H   I   L   K   M   F   P   S   T   W   Y   V   A   R   N   D   C   Q   E   G   H   I   L   K   M   F   P   S   T   W   Y   V
    1 L    -2  -2  -4  -4  -2  -2  -3  -4  -3   2   4  -3   2   0  -3  -3  -1  -2  -1   1    0   0   0   0   0   0   0   0   0   0 100   0   0   0   0   0   0   0   0   0  0.52 0.02
    2 K    -1   2   0   0  -3   2   2  -2  -1  -3  -3   5  -2  -3  -1   0  -1  -3  -2  -3    0   0   0   0   0   4  14   0   0   0   0  82   0   0   0   0   0   0   0   0  0.53 0.03
    3 C    -1  -4  -3  -4  10  -3  -4  -3  -3  -2  -2  -4  -2  -3  -3  -1  -1  -3  -3  -1    0   0   0   0 100   0   0   0   0   0   0   0   0   0   0   0   0   0   0   0  1.45 0.05
    4 N    -2   0   6   1  -3   0   0  -1   3  -4  -4   0  -2  -3  -2   0   0  -3   0  -3    0   0  80   0   0   0   0   0  11   0   0   6   0   0   0   0   0   0   3   0  0.67 0.04
    5 K    -1   2   0  -1  -3   3   1  -2  -1  -3  -3   4  -1  -3  -1   0   0  -3  -2  -2    0   3   0   0   0  20   0   0   0   0   0  70   0   0   0   0   8   0   0   0  0.49 0.03
    6 L    -2  -2  -3  -4  -2  -2  -3  -4   0   1   4  -3   2   0   1  -3  -1  -2  -1   0    0   0   0   0   0   0   0   0   4   0  88   0   0   0   8   0   0   0   0   0  0.42 0.03
    7 V    -1  -3  -3  -3  -1  -3  -3  -4  -3   4   1  -2   1  -1  -3  -2  -1  -3  -1   3    0   0   0   0   0   0   0   0   0  43   8   3   0   0   0   0   0   0   0  47  0.35 0.02
    8 P    -1  -2  -2   0  -3  -2  -1  -2  -2  -3  -3  -1  -3  -4   8  -1  -1  -4  -3  -3    0   0   0   7   0   0   0   0   0   0   0   0   0   0  93   0   0   0   0   0  1.94 0.05
    9 L    -1  -3  -3  -3  -2  -2  -3  -3  -3   2   2  -2   1   1   4  -2  -1  -2  -1   1    0   0   0   0   0   0   0   0   0  30  31   0   0   8  31   0   0   0   0   0  0.47 0.02
   10 F     2  -2  -3  -3  -2  -2  -2  -2  -2   0   0  -2   0   5  -2  -1  -1  -1   1   0   42   0   0   0   0   0   0   0   0   0   8   0   0  47   0   0   0   0   0   3  0.30 0.02
   11 Y    -1  -2  -1  -2  -2  -1  -2  -2   2  -2  -2  -2  -2   1  -3   1  -1   7   5  -2    0   0   0   0   0   0   0   0   6   0   0   0   0   0   0  29   0  22  43   0  0.66 0.03
   12 K    -1   2  -1  -1  -3   1   0  -2  -1  -1  -2   5  -1  -3  -1  -1  -1  -3  -2  -2    0   0   0   0   0   0   0   0   0   7   0  93   0   0   0   0   0   0   0   0  0.53 0.04
   13 T     0  -1   0  -1  -1  -1  -1  -2  -2  -1  -2  -1  -1  -3  -1   1   5  -3  -2   0    0   0   0   0   0   0   0   0   0   0   0   0   0   0   0   0 100   0   0   0  0.61 0.05
   14 C    -1  -4  -3  -4  10  -3  -4  -3  -4  -2  -2  -4  -2  -3  -3  -1  -1  -3  -3  -1    0   0   0   0 100   0   0   0   0   0   0   0   0   0   0   0   0   0   0   0  1.53 0.06
   15 P     0  -2  -2  -2  -3  -2  -1  -2  -3  -3  -3  -1  -3  -4   8  -1  -1  -4  -3  -2    8   0   0   0   0   0   0   0   0   0   0   0   0   0  88   0   3   0   0   0  1.80 0.04
   16 A     3  -1  -1   1  -2   1   3  -1  -1  -2  -2   1  -2  -3   1   0  -1  -3  -2  -1   49   0   0   3   0   0  37   0   0   0   0   6   0   0   4   0   0   0   0   0  0.34 0.02
   17 G     0  -3  -1  -2  -3  -2  -2   6  -2  -4  -4  -2  -3  -4  -3  -1  -2  -3  -3  -4    0   0   0   0   0   0   0 100   0   0   0   0   0   0   0   0   0   0   0   0  1.15 0.04
   18 K    -1   2   0  -1  -3   1   1  -2  -1  -3  -2   5   0  -3  -1   0  -1  -3  -2  -2    0   0   0   0   0   0   0   0   0   0   0  96   4   0   0   0   0   0   0   0  0.58 0.04
   19 N    -2  -1   6   2  -3   0   0  -1   0  -4  -4   0  -3  -4  -2   0   0  -4  -3  -3    0   0  90  10   0   0   0   0   0   0   0   0   0   0   0   0   0   0   0   0  0.81 0.04
   20 L    -2  -3  -4  -4  -2  -2  -3  -4  -3   1   4  -3   2   0  -3  -3  -1  -2  -1   1    0   0   0   0   0   0   0   0   0   0 100   0   0   0   0   0   0   0   0   0  0.55 0.03
   21 C    -1  -4  -3  -4  10  -3  -4  -3  -4  -2  -2  -4  -2  -3  -3  -1  -1  -3  -3  -1    0   0   0   0 100   0   0   0   0   0   0   0   0   0   0   0   0   0   0   0  1.47 0.05
   22 Y    -2  -2  -2  -4  -3  -2  -2  -4   2  -2  -1  -2  -1   3  -3  -2  -2   2   8  -2    0   0   0   0   0   0   0   0   0   0   0   0   0   0   0   0   0   0 100   0  1.05 0.04
   23 K    -1   2   0  -1  -3   2   1  -2  -1  -3  -3   5  -2  -4  -1   0  -1  -3  -2  -3    0   0   4   0   0   4   0   0   0   0   0  93   0   0   0   0   0   0   0   0  0.57 0.03
   24 M    -1  -2  -3  -4  -2  -1  -2  -3  -2   1   2  -2   7   0  -3  -2  -1  -2  -1   1    0   0   0   0   0   0   0   0   0   6   0   0  94   0   0   0   0   0   0   0  0.52 0.04
   25 F    -2  -2  -2  -3  -2  -2  -3  -3   0  -1   0  -2   0   5  -3  -1   0   1   5  -1    0   0   0   0   0   0   0   0   0   0   0   0   3  53   0   4  13   0  27   0  0.50 0.02
   26 M    -1  -2  -3  -4  -2  -1  -2  -3  -2   1   2  -2   7   0  -3  -2  -1  -2  -1   1    0   0   0   0   0   0   0   0   0   0   7   0  93   0   0   0   0   0   0   0  0.50 0.04
   27 V     0  -2  -3  -3  -1  -2  -3  -3  -3   2   1  -2   3  -1  -3  -2   0  -3  -1   4    6   0   0   0   0   0   0   0   0   0   6   0  19   0   0   0   0   0   0  70  0.29 0.02
   28 S     3  -1   0  -1  -1   0   0   0  -1  -2  -2   0  -1  -3  -1   4   1  -3  -2  -1   33   0   0   0   0   0   0   0   0   0   0   0   0   0   0  67   0   0   0   0  0.39 0.01
   29 N     0  -1   3   3  -2   0   0  -1  -1  -2  -3   0  -2  -3  -1   1   2  -3  -2  -2    5   0  22  28   0   0   0   0   0   0   0   8   0   0   0   5  32   0   0   0  0.34 0.01
   30 K    -1   2   0  -1  -3   3   1  -2  -1  -3  -3   5  -1  -3  -1   0  -1  -3  -2  -2    0   0   0   0   0  17   0   0   0   0   0  83   0   0   0   0   0   0   0   0  0.49 0.00

                      K         Lambda
Standard Ungapped    0.1406     0.3288
Standard Gapped      0.0410     0.2670
PSI Ungapped         0.1406     0.3288
PSI Gapped           0.0410     0.2670
