
Last position-specific scoring matrix computed, weighted observed percentages rounded down, information per position, and relative weight of gapless real matches to pseudocounts
            A   R   N   D   C   Q   E   G   H   I   L   K   M   F   P   S   T   W   Y   V   A   R   N   D   C   Q   E   G   H   I   L   K   M   F   P   S   T   W   Y   V
    1 M    -3  -4  -5  -6  -4  -3  -4  -5  -4  -1   0  -4  10   1  -5  -4  -3  -4  -3  -2    0   0   0   0   0   0   0   0   0   0   2   0  93   6   0   0   0   0   0   0  2.06 0.46
    2 K    -3   1  -2  -3  -5   0  -1  -2  -3  -5  -5   7  -3  -5  -3  -2  -3  -5  -4  -4    0   1   0   0   0   2   0   2   0   0   0  95   0   0   0   0   0   0   0   0  1.53 0.37
    3 V    -2  -4  -3  -4  -2  -4  -4  -5  -5   2  -1  -2  -1  -3  -4  -2   0  -5  -3   6    0   0   1   0   0   0   0   0   0   7   1   2   0   0   0   3   4   0   0  81  0.94 0.28
    4 R    -2   6  -2  -3  -4   1  -2  -4  -2  -3   0   2  -2  -3  -4  -2  -2  -4  -1  -2    0  64   1   0   0   4   0   0   0   1  10  12   0   0   0   2   0   0   2   3  0.88 0.24
    5 A     4  -2   1  -2  -2  -2  -2   0  -2  -3  -3  -1  -3  -4   3   3   0  -4  -3  -2   43   0   9   0   0   0   0   3   0   0   0   2   0   0  13  23   5   0   0   1  0.52 0.18
    6 S     0  -3  -1  -2  -3  -2  -2  -2  -3  -4  -4  -2  -3  -4  -3   7  -1  -5  -4  -2    1   0   0   0   0   0   0   1   0   0   0   0   0   0   0  95   0   0   0   3  1.33 0.38
    7 V    -1  -4  -5  -5  -2  -4  -4  -5  -5   3   2  -4   0  -2  -4  -3  -2  -4  -3   5    3   0   0   0   0   0   0   0   0  10  22   0   1   0   0   0   0   0   0  64  0.79 0.23
    8 K    -3   3  -2  -3  -5  -1  -1  -2  -3  -5  -4   7  -3  -5  -3  -1  -3  -5  -4  -4    0  16   0   0   0   0   0   2   0   0   0  80   0   0   0   2   0   0   0   0  1.30 0.34
    9 K    -1   2  -1  -2  -3   0  -1  -3  -2  -4  -3   6  -3  -4   2   0   0  -4  -3  -2    4   7   1   0   0   2   1   0   0   0   1  60   0   0   8   7   5   0   1   2  0.70 0.23
   10 R    -2   4  -3  -4  -3  -1  -3  -4  -3   5   0   0   3  -2  -4  -3  -2  -4  -3   0    1  32   0   0   0   1   0   0   0  43   6   3  12   1   0   0   0   0   0   1  0.62 0.23
   11 C    -3  -2  -4  -2  10  -4  -4  -4   4  -2  -4  -2  -3  -4  -5   0  -2  -5  -3  -2    0   2   0   3  70   0   0   0  13   1   0   2   0   0   0   6   1   0   0   2  1.87 0.39
   12 E    -1   3   0   3  -4   0   2  -2  -2  -3  -4   2  -3  -4   2   0  -1  -4  -3  -3    4  20   2  17   0   2  19   2   0   0   0  14   0   0  12   7   1   0   0   1  0.44 0.14
   13 H    -1   0   3   4  -4  -1   0   0   2  -4  -4   3  -3  -4  -3   0  -2  -4  -1  -3    2   2  17  28   0   0   3   6   5   0   0  28   0   0   0   5   0   0   2   1  0.51 0.17
   14 C    -1  -6  -2   0  11  -5  -5  -5  -5  -4  -4  -5  -4  -5  -5  -3  -3  -5  -5  -3    5   0   2   5  88   0   0   0   0   0   0   0   0   0   0   0   0   0   0   0  2.65 0.48
   15 K    -2   4  -2  -2  -3   4   0  -3  -2  -3  -3   5  -2  -2  -3  -2  -2  -4   0  -3    0  20   0   0   0  22   1   1   0   2   0  45   0   2   0   0   1   0   5   1  0.73 0.24
   16 L    -2  -4  -4  -5  -2  -4  -4  -5  -4   5   2  -3   1  -1  -3  -3  -2  -4  -2   4    1   0   1   0   0   0   0   0   0  40  15   1   2   2   1   0   1   0   1  36  0.67 0.20
   17 I    -2  -4  -5  -5  -3  -4  -5  -5  -5   6   0  -3  -1  -2  -4  -4  -2  -4  -1   5    0   0   0   0   0   0   0   0   0  51   2   1   0   0   0   0   0   0   1  45  1.00 0.28
   18 K    -3   6  -2  -3  -5  -1  -1  -4  -1  -5  -4   5  -3  -5  -3  -2  -3  -1  -3  -4    0  57   0   0   0   0   0   0   1   0   1  40   0   0   0   1   0   1   0   0  1.26 0.32
   19 R    -4   8  -3  -4  -6  -1  -2  -5  -2  -5  -5   0  -4  -5  -4  -3  -3  -5  -4  -5    0 100   0   0   0   0   0   0   0   0   0   0   0   0   0   0   0   0   0   0  2.07 0.45
   20 K    -2   4   2  -2  -5   0  -1  -1   4  -4  -4   4  -3  -3  -3  -1  -2  -4  -2  -4    0  30  11   1   0   1   1   3  15   0   0  36   0   0   0   1   0   0   1   0  0.75 0.23
   21 G    -2  -1   0  -3  -4  -2  -4   7  -4  -6  -5  -1  -4  -5  -4  -1  -3  -5  -5  -5    0   4   4   0   0   1   0  87   0   0   0   3   0   0   0   1   0   0   0   0  1.52 0.32
   22 R    -2   5  -2  -3  -2  -1  -2  -4  -2   1  -2   3  -2  -3  -3  -2  -1  -4  -3   2    1  48   1   0   1   0   0   0   1   8   0  16   0   0   0   1   2   0   0  22  0.66 0.23
   23 V    -2  -2  -2  -4  -2  -3  -4  -4  -4   3   2  -3   0  -2  -4  -3   0   0  -2   4    0   2   3   0   0   0   0   0   0  21  20   0   0   0   0   0   7   2   0  46  0.55 0.19
   24 M    -3   4  -3  -4  -4  -2  -3  -4  -1  -1   0  -1   4   3  -4  -2  -3   0   5  -2    1  31   0   0   0   0   0   0   1   2   5   0  18  10   0   1   0   0  30   1  0.73 0.25
   25 V    -2  -4  -3  -5  -3  -4  -4  -5  -5   3   0  -4  -1  -3  -4  -4  -2  -5  -3   6    0   0   1   0   0   0   0   0   0  14   1   0   0   0   0   0   0   0   0  84  1.20 0.33
   26 V    -3  -3  -5  -5  -3  -4  -5  -5  -5   7   1  -4   0   0  -5  -3  -2  -4  -1   2    0   1   0   0   0   0   0   0   0  80   5   0   0   2   0   1   0   0   1   9  1.12 0.30
   27 C    -3  -5   4  -4  11  -4  -5  -4  -4  -4  -4  -5  -4  -5  -5  -3  -3  -5  -5  -3    0   0  20   0  80   0   0   0   0   0   0   0   0   0   0   0   0   0   0   0  2.47 0.47
   28 S    -1   1  -1  -1  -2   0  -1  -2  -2  -1  -2   4  -2  -3  -1   2   0  -3  -2  -2    2   3   1   2   0   1   1   2   0   5   3  46   0   1   2  22   4   0   1   2  0.37 0.14
   29 K     0   0   0   0  -2   0   1  -2  -1  -1  -1   1  -1  -2  -1   1   2  -2  -1   0    9   4   4   2   0   3  13   1   0   2   5  12   0   1   1  12  18   0   1  11  0.12 0.06
   30 N    -2  -1   7   3  -4   0   0  -2   1  -3  -4  -1  -3  -4  -3  -1   0  -4  -3  -4    1   1  64  13   0   2   4   1   3   2   1   2   0   0   0   1   4   0   0   1  0.98 0.25
   31 P    -1  -2  -4  -3  -5  -2  -3  -3  -4  -4  -4   0  -4  -4   8  -2  -3  -5  -5  -4    4   2   0   0   0   1   0   1   0   0   1   6   0   1  82   2   0   0   0   1  2.05 0.37
   32 R    -3   6  -1  -3  -5  -1  -1  -4  -2  -5  -4   5  -3  -5  -3  -1  -3  -5  -4  -4    0  48   1   0   0   0   0   0   0   0   0  49   0   0   0   2   0   0   0   0  1.23 0.32
   33 H    -4  -3  -1  -4  -5  -2  -3  -4  10  -4  -2  -3   1   3  -5  -3  -4   1   1  -4    0   0   2   0   0   0   0   0  72   0   3   0   4  16   0   0   0   2   2   0  1.77 0.40
   34 N    -3   0   1  -3  -5  -1  -1  -4  -3  -5  -5   7  -3  -5  -3  -1  -2  -5  -4  -4    0   0   5   0   0   0   0   0   0   0   0  93   0   0   0   2   1   0   0   0  1.51 0.39
   35 Q     2  -1  -2  -3  -2   7   0  -2  -2  -4  -4  -1  -3  -5  -3  -2  -2  -4  -4  -2   19   0   0   0   1  75   0   2   0   0   0   0   0   0   0   0   1   0   0   3  1.28 0.38
   36 R    -3   7  -2  -4  -3  -1  -2  -4  -2  -4  -4   2  -3  -5  -4  -3  -3  -5  -4  -1    1  85   0   0   1   0   0   1   0   0   0   8   0   0   0   0   0   0   0   5  1.52 0.37
   37 Q    -2  -1  -2  -3  -5   8   0  -4  -2  -5  -5  -1  -3  -6  -4  -2  -3  -4  -4  -5    2   0   0   0   0  98   0   0   0   0   0   0   0   0   0   0   0   0   0   0  2.06 0.49
   38 G    -2  -4  -2  -3  -5  -4  -4   7  -4  -6  -6  -4  -5  -5  -4  -2  -4  -5  -5  -5    0   0   0   0   0   0   0 100   0   0   0   0   0   0   0   0   0   0   0   0  1.95 0.36

                      K         Lambda
Standard Ungapped    0.1330     0.3262
Standard Gapped      0.0578     0.2670
PSI Ungapped         0.1889     0.3178
PSI Gapped           0.0578     0.2670
