
Last position-specific scoring matrix computed, weighted observed percentages rounded down, information per position, and relative weight of gapless real matches to pseudocounts
            A   R   N   D   C   Q   E   G   H   I   L   K   M   F   P   S   T   W   Y   V   A   R   N   D   C   Q   E   G   H   I   L   K   M   F   P   S   T   W   Y   V
    1 M    -3  -4  -4  -5  -4  -3  -4  -5  -4  -1   0  -4  10   2  -5  -4  -3  -3  -3  -1    0   0   0   0   0   0   0   0   0   0   0   0  93   7   0   0   0   0   0   0  1.94 0.40
    2 K    -3   1  -2  -2  -5   0  -1  -3  -2  -5  -4   7  -3  -5  -3  -2  -2  -5  -4  -4    0   1   0   0   0   1   0   0   0   0   0  97   0   0   0   0   0   0   0   0  1.47 0.32
    3 V    -2  -4  -2  -4  -2  -3  -4  -5  -4   2   0  -2  -1  -2  -4  -3   0  -4  -3   6    0   0   2   0   0   0   0   0   0   6   1   2   0   0   0   0   5   0   0  84  0.91 0.24
    4 Q    -2   6  -1  -3  -4   1  -1  -4  -2  -3  -2   2  -2  -3  -3  -1  -2  -4  -1  -2    0  67   1   0   0   5   0   0   0   1   4  13   0   0   0   2   0   0   2   4  0.90 0.22
    5 A     4  -2  -1  -2  -2  -2  -2   0  -3  -3  -3  -2  -2  -4   3   3   1  -4  -3  -2   47   0   1   0   0   0   0   4   0   0   0   0   0   0  16  25   7   0   0   1  0.58 0.17
    6 S     0  -3  -1  -2  -3  -2  -2  -1  -3  -4  -4  -2  -3  -4  -3   6   0  -5  -4  -2    2   0   0   0   0   0   0   1   0   0   0   0   0   0   0  94   0   0   0   3  1.23 0.33
    7 V    -1  -4  -4  -5  -2  -4  -4  -5  -5   3   1  -4   0  -2  -4  -3  -2  -4  -3   6    3   0   0   0   0   0   0   0   0  12  10   0   1   0   0   0   0   0   0  74  0.86 0.23
    8 K    -3   3  -2  -3  -5   0  -1  -2  -2  -5  -4   7  -3  -5  -3  -2  -3  -5  -4  -4    0  16   0   0   0   0   0   2   0   0   0  82   0   0   0   0   0   0   0   0  1.28 0.31
    9 P    -1   2  -1  -2  -3   0  -1  -3  -2  -4  -4   6  -3  -4   2   0   0  -4  -2  -2    2   9   2   0   0   1   1   0   0   0   0  63   0   0  10   5   5   0   1   2  0.73 0.21
   10 R    -3   4  -3  -4  -3  -2  -3  -5  -3   5   0  -2   4  -1  -4  -3  -2  -4  -3   0    0  30   0   0   0   0   0   0   0  48   4   0  14   1   0   0   0   0   0   1  0.69 0.22
   11 C    -2  -5  -4  -2  10  -4  -5  -4   3  -4  -4  -5  -4  -4  -5   0  -1  -5  -4  -3    0   0   0   3  80   0   0   0   8   0   0   0   0   0   0   8   2   0   0   0  2.18 0.38
   12 E    -1   3   0   3  -4   1   3  -1  -1  -3  -4   2  -3  -4   1   1  -1  -4  -3  -3    4  17   2  17   0   2  23   2   0   0   0  13   0   0   8   9   1   0   0   1  0.41 0.12
   13 Y    -1   0   3   4  -4   0   0  -2   2  -4  -4   3  -3  -4  -3   0  -2  -4  -1  -3    2   2  18  27   0   0   3   1   6   0   0  32   0   0   0   6   0   0   3   1  0.53 0.16
   14 C    -3  -6  -5  -1  11  -5  -5  -5  -5  -4  -4  -5  -4  -5  -5  -3  -3  -5  -5  -3    0   0   0   5  95   0   0   0   0   0   0   0   0   0   0   0   0   0   0   0  2.90 0.46
   15 R    -2   4  -1  -2  -3   3   0  -2  -2  -2  -3   5  -2  -1  -3  -2  -2  -3   1  -2    0  21   0   0   1  14   1   1   0   3   0  49   0   2   0   0   1   0   5   1  0.66 0.20
   16 V    -2  -4  -3  -4  -2  -4  -4  -5  -4   5   2  -3   1   0  -3  -3  -1  -4  -1   4    1   0   1   0   0   0   0   0   0  43  16   1   1   2   1   0   1   0   1  33  0.63 0.17
   17 I    -2  -4  -5  -5  -3  -4  -4  -5  -5   6   0  -3   0  -2  -4  -4  -2  -4  -1   4    0   0   0   0   0   0   0   0   0  58   2   1   0   0   0   0   0   0   1  38  0.95 0.24
   18 K    -3   6  -2  -3  -5   0  -1  -4  -1  -5  -4   5  -3  -5  -3  -2  -3   0  -3  -4    0  56   0   0   0   0   0   0   1   0   0  41   0   0   0   0   0   1   0   0  1.21 0.28
   19 R    -4   8  -2  -4  -6  -1  -2  -5  -2  -5  -4   0  -3  -5  -4  -3  -3  -5  -4  -5    0 100   0   0   0   0   0   0   0   0   0   0   0   0   0   0   0   0   0   0  1.96 0.39
   20 K    -2   4   2  -1  -4   0   0  -1   5  -4  -4   4  -3  -3  -3  -1  -2  -4  -2  -4    0  24  14   0   0   1   2   4  16   0   0  37   0   1   0   1   0   0   1   0  0.67 0.19
   21 G    -2  -1   0  -3  -4  -2  -3   7  -3  -5  -5  -1  -4  -5  -4  -1  -3  -4  -5  -5    0   5   4   0   0   1   0  86   0   0   0   4   0   0   0   1   0   0   0   0  1.43 0.28
   22 V    -2   5  -2  -3  -2  -1  -2  -4  -1   1  -2   2  -2  -3  -3  -2  -1  -4  -3   2    1  47   1   0   1   0   0   0   1   9   0  14   0   0   0   1   2   0   0  24  0.58 0.19
   23 L    -2  -2  -2  -4  -2  -3  -4  -5  -4   3   2  -3   0  -2  -4  -3  -1   1  -2   5    0   2   3   0   0   0   0   0   0  20  20   0   0   0   0   0   2   2   0  51  0.58 0.18
   24 R    -2   4  -3  -4  -4  -2  -3  -4  -1  -1   0  -1   5   1  -4  -2  -2   0   5  -2    1  35   0   0   0   0   0   0   1   2   5   0  21   6   0   1   0   1  26   1  0.67 0.22
   25 V    -2  -4  -3  -5  -3  -4  -4  -5  -5   3  -1  -4  -1  -2  -4  -3  -2  -5  -3   6    0   0   1   0   0   0   0   0   0  14   0   0   0   0   0   0   0   0   0  84  1.13 0.29
   26 I    -3  -3  -5  -5  -3  -4  -5  -5  -5   7   1  -4   0   0  -4  -3  -2  -4  -1   2    0   1   0   0   0   0   0   0   0  80   6   0   0   2   0   1   0   0   2   8  1.03 0.26
   27 C    -3  -5   3  -4  11  -5  -5  -4  -4  -4  -4  -5  -4  -5  -5  -3  -3  -5  -5  -3    0   0  14   0  86   0   0   0   0   0   0   0   0   0   0   0   0   0   0   0  2.55 0.42
   28 S    -1   1  -1   0  -3   0   1  -2  -2  -2  -2   4  -2  -3  -1   2   1  -3  -2  -2    2   3   1   4   0   1  11   1   0   2   2  38   0   0   2  24   9   0   0   1  0.36 0.13
   29 R     1   0   0  -1  -1   0  -1  -1  -1   0  -1   1  -1  -1  -1   1   1  -2  -1   1   12   3   4   2   1   3   2   2   1   7   4  15   1   2   2  10  14   0   2  13  0.07 0.03
   30 Q    -3  -1   7   2  -4   0   1  -2   1  -4  -4   0  -3  -4  -3  -1  -1  -5  -3  -4    0   2  62  12   0   3   6   0   4   0   0   6   0   0   0   1   2   0   0   0  0.95 0.23
   31 P    -1  -1  -3  -3  -4  -2  -3  -3  -3  -4  -4  -2  -4  -4   8  -1  -2  -5  -4  -3    5   3   0   0   0   1   0   1   0   0   1   2   0   1  81   3   0   0   0   1  1.95 0.30
   32 K    -3   5  -1  -3  -5   0  -1  -3  -2  -5  -4   6  -3  -5  -3  -1  -2  -5  -3  -4    0  40   2   0   0   0   0   0   0   0   0  56   0   0   0   2   0   0   0   0  1.15 0.27
   33 H    -4  -3   0  -3  -5  -2  -2  -4  10  -5  -3  -3  -3   2  -5  -3  -4  -4   1  -5    0   0   2   0   0   0   0   0  82   0   3   0   0  11   0   0   0   0   1   0  2.03 0.39
   34 K    -3   0   1  -2  -5  -1  -1  -3  -2  -5  -5   7  -3  -5  -3  -1  -2  -5  -4  -4    0   0   6   0   0   0   0   0   0   0   0  91   0   0   0   2   1   0   0   0  1.38 0.33
   35 Q     0  -1  -2  -2  -5   8   0  -4  -2  -4  -4  -1  -2  -5  -3  -2  -2  -4  -4  -2    9   0   0   0   0  87   0   0   0   0   0   0   0   0   0   0   1   0   0   2  1.56 0.38
   36 R    -3   7  -2  -3  -3  -1  -2  -3  -2  -5  -4   2  -3  -5  -4  -3  -3  -5  -4  -3    1  86   0   0   1   0   0   1   0   0   0  10   0   0   0   0   0   0   0   2  1.52 0.32
   37 Q    -2  -1  -2  -3  -5   8   0  -4  -2  -5  -4  -1  -3  -6  -4  -2  -3  -4  -4  -4    3   0   0   0   0  97   0   0   0   0   0   0   0   0   0   0   0   0   0   0  1.93 0.43
   38 G    -1  -4  -2  -3  -4  -4  -4   7  -4  -6  -6  -3  -4  -5  -4  -2  -3  -4  -5  -5    0   0   0   0   0   0   0 100   0   0   0   0   0   0   0   0   0   0   0   0  1.82 0.29

                      K         Lambda
Standard Ungapped    0.1366     0.3276
Standard Gapped      0.0559     0.2670
PSI Ungapped         0.1826     0.3185
PSI Gapped           0.0559     0.2670
