
Last position-specific scoring matrix computed, weighted observed percentages rounded down, information per position, and relative weight of gapless real matches to pseudocounts
            A   R   N   D   C   Q   E   G   H   I   L   K   M   F   P   S   T   W   Y   V   A   R   N   D   C   Q   E   G   H   I   L   K   M   F   P   S   T   W   Y   V
    1 F    -2  -3  -3  -4  -3  -3  -3  -3  -1   0   0  -3   0   7  -4  -3  -2   1   3  -1    0   0   0   0   0   0   0   0   0   0   0   0   0 100   0   0   0   0   0   0  0.73 0.00
    2 L    -2  -3  -4  -4  -1  -3  -3  -4  -3   3   3  -3   2   0  -3  -3  -1  -2  -1   2    0   0   0   0   0   0   0   0   0  50  50   0   0   0   0   0   0   0   0   0  0.36 0.01
    3 P    -1  -2  -2  -2  -3  -1  -1  -2  -2  -3  -3  -1  -3  -4   8  -1  -1  -4  -3  -3    0   0   0   0   0   0   0   0   0   0   0   0   0   0 100   0   0   0   0   0  2.04 0.00
    4 K    -1   2   0  -1  -3   1   1  -2  -1  -3  -3   5  -1  -3  -1   0  -1  -3  -2  -2    0   0   0   0   0   0   0   0   0   0   0 100   0   0   0   0   0   0   0   0  0.51 0.01
    5 T     0  -1   0  -1  -1  -1  -1  -2  -2   0   0  -1   2  -2  -1   2   4  -2  -2   0    0   0   0   0   0   0   0   0   0   0   0   0  21   0   0  19  59   0   0   0  0.29 0.01
    6 L    -2  -3  -4  -4  -1  -3  -3  -4  -3   3   4  -3   2   0  -3  -3  -1  -2  -1   1    0   0   0   0   0   0   0   0   0  22  78   0   0   0   0   0   0   0   0   0  0.41 0.00
    7 R    -1   4   0  -1  -3   5   1  -2   0  -3  -2   2  -1  -3  -2   0  -1  -2  -2  -3    0  37   0   0   0  63   0   0   0   0   0   0   0   0   0   0   0   0   0   0  0.57 0.01
    8 K    -1   4   0  -1  -4   1   0  -2  -1  -3  -3   4  -2  -3  -2  -1  -1  -3  -2  -3    0  42   0   0   0   0   0   0   0   0   0  58   0   0   0   0   0   0   0   0  0.55 0.01
    9 F    -1  -2  -2  -3  -2  -2  -2  -2   0  -1  -1  -2  -1   5  -3   1  -1   1   5  -1    0   0   0   0   0   0   0   0   0   0   0   0   0  37   0  21   0   0  42   0  0.46 0.00
   10 F    -2  -3  -3  -4  -3  -3  -3  -3   0  -1   0  -3   0   6  -4  -2  -2   2   5  -1    0   0   0   0   0   0   0   0   0   0   0   0   0  60   0   0   0   0  40   0  0.70 0.01
   11 C    -1  -4  -3  -4  10  -3  -4  -3  -3  -1  -1  -3  -2  -3  -3  -1  -1  -3  -3  -1    0   0   0   0 100   0   0   0   0   0   0   0   0   0   0   0   0   0   0   0  1.27 0.01
   12 R    -1   6   0  -2  -4   1   0  -2   0  -3  -2   3  -2  -3  -2  -1  -1  -3  -2  -3    0  79   0   0   0   0   0   0   0   0   0  21   0   0   0   0   0   0   0   0  0.66 0.01
   13 I    -1  -3  -3  -3  -1  -3  -3  -4  -3   4   1  -3   1  -1  -3  -2   0  -3  -1   4    0   0   0   0   0   0   0   0   0  39   0   0   0   0   0   0   0   0   0  61  0.35 0.00
   14 R    -2   6  -1  -2  -4   1   0  -3   0  -3  -2   2  -2  -3  -2  -1  -1  -3  -2  -3    0 100   0   0   0   0   0   0   0   0   0   0   0   0   0   0   0   0   0   0  0.78 0.01
   15 G     0  -1   0  -1  -3  -1  -1   5  -2  -4  -4   1  -3  -3  -2   0  -2  -3  -3  -3    0   0   0   0   0   0   0  79   0   0   0  21   0   0   0   0   0   0   0   0  0.75 0.01
   16 G     0  -3  -1  -1  -3  -2  -2   6  -2  -4  -4  -2  -3  -3  -2   0  -2  -3  -3  -3    0   0   0   0   0   0   0 100   0   0   0   0   0   0   0   0   0   0   0   0  1.06 0.01
   17 R    -2   6  -1  -2  -4   1   0  -3   0  -3  -2   2  -2  -3  -2  -1  -1  -3  -2  -3    0 100   0   0   0   0   0   0   0   0   0   0   0   0   0   0   0   0   0   0  0.78 0.01
   18 C    -1  -4  -3  -4  10  -3  -4  -3  -3  -1  -1  -3  -2  -3  -3  -1  -1  -3  -3  -1    0   0   0   0 100   0   0   0   0   0   0   0   0   0   0   0   0   0   0   0  1.27 0.01
   19 A     4  -2  -2  -2   0  -1  -1   0  -2  -1  -2  -1  -1  -2  -1   1   0  -3  -2   0  100   0   0   0   0   0   0   0   0   0   0   0   0   0   0   0   0   0   0   0  0.42 0.01
   20 V     1  -2  -3  -3  -1  -2  -2  -2  -3   2   2  -2   1  -1  -2  -1   0  -3  -1   3   22   0   0   0   0   0   0   0   0  19  21   0   0   0   0   0   0   0   0  37  0.21 0.00
   21 L    -2  -2  -4  -4  -1  -2  -3  -4  -3   2   4  -3   2   0  -3  -3  -1  -2  -1   1    0   0   0   0   0   0   0   0   0   0 100   0   0   0   0   0   0   0   0   0  0.47 0.01
   22 N     0  -1   4   0  -2  -1  -1   2  -1  -3  -3  -1  -2  -3  -2   2   2  -3  -2  -2    0   0  37   0   0   0   0  21   0   0   0   0   0   0   0  19  22   0   0   0  0.36 0.00
   23 C    -1  -4  -3  -4  10  -3  -4  -3  -3  -1  -1  -3  -2  -3  -3  -1  -1  -3  -3  -1    0   0   0   0 100   0   0   0   0   0   0   0   0   0   0   0   0   0   0   0  1.27 0.01
   24 L    -2  -2  -4  -4  -1  -2  -3  -4  -3   2   4  -3   2   0  -3  -3  -1  -2  -1   1    0   0   0   0   0   0   0   0   0   0 100   0   0   0   0   0   0   0   0   0  0.47 0.01
   25 G     0  -2  -1  -2  -3  -2  -2   3  -2  -3  -3  -1  -3  -4   7  -1  -1  -3  -3  -3    0   0   0   0   0   0   0  37   0   0   0   0   0   0  63   0   0   0   0   0  1.26 0.01
   26 K    -1   4   0  -1  -3   1   1  -2  -1  -3  -3   5  -2  -3  -1   0  -1  -3  -2  -3    0  22   0   0   0   0   0   0   0   0   0  78   0   0   0   0   0   0   0   0  0.53 0.01
   27 E    -1   0   0   2  -4   2   5  -2   0  -4  -3   1  -2  -4  -1   0  -1  -3  -2  -3    0   0   0   0   0   0 100   0   0   0   0   0   0   0   0   0   0   0   0   0  0.76 0.01
   28 E    -1   0   0   1  -3   2   5  -2   0  -3  -3   1  -2  -3  -1   0   2  -3  -2  -2    0   0   0   0   0   0  78   0   0   0   0   0   0   0   0   0  22   0   0   0  0.54 0.01
   29 Q    -1   1   0   0  -3   6   2  -2   0  -3  -2   1  -1  -4  -1   0  -1  -2  -2  -2    0   0   0   0   0 100   0   0   0   0   0   0   0   0   0   0   0   0   0   0  0.69 0.01
   30 I    -1  -3  -4  -3  -1  -3  -4  -4  -4   5   2  -3   1   0  -3  -3  -1  -3  -2   3    0   0   0   0   0   0   0   0   0 100   0   0   0   0   0   0   0   0   0   0  0.41 0.01
   31 G     0  -3  -1  -1  -3  -2  -2   6  -2  -4  -4  -2  -3  -3  -2   0  -2  -3  -3  -3    0   0   0   0   0   0   0 100   0   0   0   0   0   0   0   0   0   0   0   0  1.06 0.01
   32 R    -1   5   0  -1  -3   1   0  -2  -1  -3  -3   3  -2  -3  -2   1   0  -3  -2  -2    0  60   0   0   0   0   0   0   0   0   0  19   0   0   0  21   0   0   0   0  0.49 0.00
   33 C    -1  -4  -3  -4  10  -3  -4  -3  -3  -1  -1  -3  -2  -3  -3  -1  -1  -3  -3  -1    0   0   0   0 100   0   0   0   0   0   0   0   0   0   0   0   0   0   0   0  1.27 0.01
   34 S     1  -1   1   0  -1   0   0   0  -1  -3  -3   0  -2  -3  -1   4   1  -3  -2  -2    0   0   0   0   0   0   0   0   0   0   0   0   0   0   0 100   0   0   0   0  0.47 0.01
   35 N    -1  -1   3  -1  -2  -1  -1  -2  -1   1  -1  -1   0  -2  -2   0   2  -3  -2   2    0   0  37   0   0   0   0   0   0   0   0   0   0   0   0   0  19   0   0  44  0.20 0.00
   36 S     0   4   0  -1  -2   1   0  -1  -1  -3  -3   3  -2  -3  -1   2   0  -3  -2  -2    0  38   0   0   0   0   0   0   0   0   0  22   0   0   0  39   0   0   0   0  0.38 0.00
   37 G     0  -3  -1  -1  -3  -2  -2   6  -2  -4  -4  -2  -3  -3  -2   0  -2  -3  -3  -3    0   0   0   0   0   0   0 100   0   0   0   0   0   0   0   0   0   0   0   0  1.06 0.01
   38 R    -1   6   0  -1  -4   3   0  -2   0  -3  -2   2  -1  -3  -2  -1  -1  -3  -2  -3    0  81   0   0   0  19   0   0   0   0   0   0   0   0   0   0   0   0   0   0  0.66 0.01
   39 K    -1   2   0  -1  -3   1   1  -2  -1  -3  -3   5  -2  -3  -1   0  -1  -3  -2  -3    0   0   0   0   0   0   0   0   0   0   0 100   0   0   0   0   0   0   0   0  0.54 0.01
   40 C    -1  -4  -3  -4  10  -3  -4  -3  -3  -1  -1  -3  -2  -3  -3  -1  -1  -3  -3  -1    0   0   0   0 100   0   0   0   0   0   0   0   0   0   0   0   0   0   0   0  1.27 0.01
   41 C    -1  -4  -3  -4  10  -3  -4  -3  -3  -1  -1  -3  -2  -3  -3  -1  -1  -3  -3  -1    0   0   0   0 100   0   0   0   0   0   0   0   0   0   0   0   0   0   0   0  1.27 0.01
   42 R    -2   6  -1  -2  -4   1   0  -3   0  -3  -2   2  -2  -3  -2  -1  -1  -3  -2  -3    0 100   0   0   0   0   0   0   0   0   0   0   0   0   0   0   0   0   0   0  0.78 0.01
   43 K    -1   3   0  -1  -3   1   0  -2  -1  -2  -2   4  -1  -3  -1   0   2  -3  -2  -2    0  19   0   0   0   0   0   0   0   0   0  58   0   0   0   0  22   0   0   0  0.38 0.00
   44 K    -1   4   0  -1  -3   1   1  -2  -1  -3  -3   5  -2  -3  -1   0  -1  -3  -2  -3    0  22   0   0   0   0   0   0   0   0   0  78   0   0   0   0   0   0   0   0  0.53 0.01
   45 K    -1   2   0  -1  -3   1   1  -2  -1  -3  -3   5  -2  -3  -1   0  -1  -3  -2  -3    0   0   0   0   0   0   0   0   0   0   0 100   0   0   0   0   0   0   0   0  0.54 0.01

                      K         Lambda
Standard Ungapped    0.1455     0.3316
Standard Gapped      0.0410     0.2670
PSI Ungapped         0.1455     0.3316
PSI Gapped           0.0410     0.2670
