
Last position-specific scoring matrix computed, weighted observed percentages rounded down, information per position, and relative weight of gapless real matches to pseudocounts
            A   R   N   D   C   Q   E   G   H   I   L   K   M   F   P   S   T   W   Y   V   A   R   N   D   C   Q   E   G   H   I   L   K   M   F   P   S   T   W   Y   V
    1 G     0  -3  -1  -2  -3  -2  -2   6  -2  -4  -4  -2  -3  -4  -2  -1  -2  -3  -3  -4    0   0   0   0   0   0   0 100   0   0   0   0   0   0   0   0   0   0   0   0  1.15 0.03
    2 V     0  -3  -3  -4  -1  -3  -3  -4  -4   3   1  -3   1  -1  -3  -2   0  -3  -2   5    0   0   0   0   0   0   0   0   0   0   0   0   0   0   0   0   0   0   0 100  0.46 0.03
    3 D    -2  -1   1   4  -4   3   4  -2  -1  -4  -4   0  -3  -4  -2  -1  -2  -4  -3  -3    0   0   6  29   0  18  48   0   0   0   0   0   0   0   0   0   0   0   0   0  0.76 0.11
    4 K     0   0  -1   1  -4   1   5  -2  -1  -4  -3   3  -2  -4  -2   0  -1  -4  -3  -3    6   0   0   5   0   3  53   0   0   0   0  29   0   0   0   4   0   0   0   0  0.63 0.11
    5 E    -1   6  -1  -1  -4   0   3  -3  -1  -4  -3   1  -2  -4   0  -1  -2  -4  -3  -3    5  67   0   0   0   0  25   0   0   0   0   0   0   0   4   0   0   0   0   0  0.83 0.14
    6 G     0  -2  -1   2  -4   0   5   3  -2  -4  -4  -1  -3  -4  -2  -1  -2  -4  -3  -4    6   0   0  11   0   0  54  29   0   0   0   0   0   0   0   0   0   0   0   0  0.73 0.15
    7 C    -2  -5  -5  -5  11  -5  -6  -4  -5  -3  -3  -5  -3  -4  -5  -3  -3  -4  -4  -3    0   0   0   0 100   0   0   0   0   0   0   0   0   0   0   0   0   0   0   0  2.76 0.32
    8 R    -2   6  -2  -3  -4   0  -1  -3  -2  -3  -3   3  -2  -4  -3  -2   1  -4  -3  -2    0  72   0   0   0   0   0   0   0   0   0  15   0   0   0   0   9   0   0   4  1.00 0.18
    9 Y    -1   1  -3  -3  -4  -1  -1  -3  -1  -3  -3   3  -2   0  -3  -2  -3   8   6  -3    4   6   0   0   0   0   3   0   0   0   0  23   0   0   0   0   0  22  41   0  0.97 0.17
   10 L    -3  -3  -4  -5  -3  -3  -4  -4  -2   0   3  -3   5   5  -4  -3  -2   5   2  -1    0   0   0   0   0   0   0   0   0   0  30   0  23  30   0   0   0   8   8   0  0.69 0.14
   11 L    -3  -3  -4  -5  -3  -3  -4  -4  -3   0   3  -4   2   5  -4  -3  -3   7   1  -1    0   0   0   0   0   0   0   0   0   0  37   0   7  38   0   0   0  16   2   0  0.85 0.15
   12 G    -1  -4  -2  -3  -4  -3  -4   7  -3  -5  -5  -3  -4  -5  -4  -2  -3  -4  -5  -5    0   0   0   0   0   0   0 100   0   0   0   0   0   0   0   0   0   0   0   0  1.70 0.22
   13 A     1  -2  -1   0  -3  -2   0   5  -2  -4  -4  -1  -3  -4  -3   0   0  -4  -4  -3    8   0   0   6   0   0   7  62   0   0   0   4   0   0   0   7   6   0   0   0  0.73 0.12
   14 C    -2  -5  -5  -5  11  -5  -6  -4  -5  -3  -3  -5  -3  -4  -5  -3  -3  -4  -4  -3    0   0   0   0 100   0   0   0   0   0   0   0   0   0   0   0   0   0   0   0  2.76 0.32
   15 T    -1   0   0   0  -2   0   1   0   1  -3  -3   2  -2  -3  -2   3   2   0  -2  -1    0   3   0   2   0   0  10   5   5   0   0  23   0   0   0  34  13   2   0   3  0.30 0.09
   16 I     0   1   0   0  -3   1   1   0  -1  -1  -2   3  -1  -3  -2   1   1  -3  -2   0    5   3   3   5   0   8  10   6   0   4   0  27   0   0   0   9  12   0   0   7  0.19 0.06
   17 D    -2  -2   1   5  -3  -1   0   0   4  -3  -4  -2  -3  -4  -2   0   3  -4  -2  -3    0   0   3  50   0   0   0   5  13   0   0   0   0   0   0   5  24   0   0   0  0.70 0.15
   18 D     1  -2   0   2  -2   1   1   2  -2  -3  -2  -1   0  -3  -2   3   0  -3  -3  -2    9   0   2  12   0   5  12  15   0   0   2   0   5   0   0  37   0   0   0   0  0.31 0.09
   19 D    -3  -2   0   6  -5   0   2  -3   0  -4  -5  -2  -4  -5   0  -1   0  -5  -4  -4    0   0   0  74   0   3  10   0   2   0   0   0   0   0   5   0   5   0   0   0  1.10 0.18
   20 C    -2  -5  -5  -5  11  -5  -6  -4  -5  -3  -3  -5  -3  -4  -5  -3  -3  -4  -4  -3    0   0   0   0 100   0   0   0   0   0   0   0   0   0   0   0   0   0   0   0  2.76 0.32
   21 C    -2  -5  -5  -5  11  -5  -6  -4  -5  -3  -3  -5  -3  -4  -5  -3  -3  -4  -4  -3    0   0   0   0 100   0   0   0   0   0   0   0   0   0   0   0   0   0   0   0  2.76 0.32
   22 L     1   0  -1   0  -3   0   3  -2  -2  -2   0   2  -2  -3   4   0  -1  -4  -3  -2   13   3   0   5   0   0  26   0   0   0  11  20   0   0  20   2   0   0   0   0  0.39 0.09
   23 H    -3   0  -1  -3  -5  -1  -2  -4  10  -5  -4  -1  -3  -2  -4  -3  -3   3   2  -5    0   3   0   0   0   0   0   0  86   0   0   3   0   0   0   0   0   5   3   0  1.85 0.27
   24 L    -3  -3  -5  -5  -3  -3  -4  -5  -4   0   6  -4   1  -1  -4  -4  -2  -3  -2   0    0   0   0   0   0   0   0   0   0   0 100   0   0   0   0   0   0   0   0   0  1.06 0.20
   25 G     1   0  -1  -2  -3   0   0   4  -2  -2  -3  -1  -2  -1  -2   1  -1  -3  -2   0   13   5   0   0   0   5   6  46   0   0   0   0   0   3   0  10   0   0   0  11  0.41 0.09
   26 C    -2  -5  -5  -5  11  -5  -6  -4  -5  -3  -3  -5  -3  -4  -5  -3  -3  -4  -4  -3    0   0   0   0 100   0   0   0   0   0   0   0   0   0   0   0   0   0   0   0  2.76 0.32
   27 N    -2   4   1  -2  -4   0  -1  -3   4  -4  -3   4  -2  -3  -2   0  -2  -3   0  -3    0  24   8   0   0   0   0   0  15   0   0  43   0   0   0   7   0   0   3   0  0.61 0.13
   28 K    -1   3  -1   0  -3   0   0  -2  -1  -2  -2   2   1  -1   2   1   1  -2   1  -2    0  25   0   4   0   2   2   0   0   0   0  12   6   3  11  18   9   0   8   0  0.26 0.07
   29 K    -1   2   0   1  -3   0   0   0  -2  -3  -2   4  -2  -3  -2  -1   2  -3  -1  -2    0  12   2   8   0   0   0   6   0   0   3  48   0   0   0   0  17   0   3   2  0.39 0.11
   30 Y    -2  -2  -2  -2  -3  -2  -2  -2   4  -2   1   0   0   2  -1  -1  -1   8   3  -2    2   0   0   3   0   0   0   3  13   0  16   7   2   7   3   3   3  29   9   0  0.64 0.12
   31 G    -1  -1   1   1  -3   0   0   0   0  -3  -3   2  -3  -3   5   0  -1   1   1  -3    0   0   6   6   0   2   5   9   2   0   2  19   0   0  34   6   0   2   6   0  0.56 0.09
   32 H    -3  -1  -1  -4  -4  -3  -3  -4   2  -1  -2  -3  -2   2  -4  -3  -3   9   7  -3    0   4   3   0   0   0   0   0   4   5   0   0   0   3   0   0   0  30  50   0  1.42 0.21
   33 C    -2  -5  -5  -5  11  -5  -6  -4  -5  -3  -3  -5  -3  -4  -5  -3  -3  -4  -4  -3    0   0   0   0 100   0   0   0   0   0   0   0   0   0   0   0   0   0   0   0  2.76 0.32
   34 G     4  -3  -3  -3  -2  -2  -2   2  -3   0   0  -2  -1  -2  -2  -1  -1  -3  -3   2   49   0   0   0   0   0   0  17   0   3   6   0   0   0   0   0   0   0   0  25  0.38 0.12
   35 W    -5  -5  -6  -6  -4  -4  -5  -5  -4  -5  -4  -5  -3  -1  -6  -5  -5  12   0  -5    0   0   0   0   0   0   0   0   0   0   0   0   0   0   0   0   0 100   0   0  3.82 0.38
   36 D    -3  -3   2   7  -5  -2   0  -3  -2  -5  -5  -2  -4  -5  -3  -1  -2  -6  -4  -5    0   0   7  93   0   0   0   0   0   0   0   0   0   0   0   0   0   0   0   0  1.56 0.21
   37 G    -1   0  -2  -3  -3  -3  -3   5  -3  -3  -1  -2  -2   1  -4  -2  -3   7   0  -3    0   7   0   0   0   0   0  57   0   0   9   0   0   8   0   0   0  17   2   0  0.82 0.13
   38 T    -1  -2  -1  -2  -2  -2  -2  -3  -3  -2  -3  -2  -2  -3  -2   3   6  -4  -3  -1    0   0   0   0   0   0   0   0   0   0   0   0   0   0   0  20  80   0   0   0  0.97 0.19
   39 F    -3  -4  -4  -5  -4  -5  -5  -5  -3   1  -1  -4  -1   8  -5  -4  -3   0   2  -2    0   0   0   0   0   0   0   0   0   7   0   0   0  93   0   0   0   0   0   0  1.47 0.20

                      K         Lambda
Standard Ungapped    0.1516     0.3273
Standard Gapped      0.0499     0.2670
PSI Ungapped         0.1629     0.3182
PSI Gapped           0.0499     0.2670
