
Last position-specific scoring matrix computed, weighted observed percentages rounded down, information per position, and relative weight of gapless real matches to pseudocounts
            A   R   N   D   C   Q   E   G   H   I   L   K   M   F   P   S   T   W   Y   V   A   R   N   D   C   Q   E   G   H   I   L   K   M   F   P   S   T   W   Y   V
    1 E    -1  -1   1   5  -4   1   3  -2  -1  -4  -4   0  -3  -4  -2   1  -1  -4  -3  -3    0   0   0  60   0   0  32   0   0   0   0   0   0   0   0   8   0   0   0   0  0.71 0.02
    2 A     2  -1  -1   0  -2   0   3   3  -1  -3  -3   1  -2  -3  -2   0  -1  -3  -3  -2   26   0   0   0   0   0  34  32   0   0   0   8   0   0   0   0   0   0   0   0  0.36 0.01
    3 C    -1  -4  -3  -4  10  -4  -4  -3  -4  -2  -2  -4  -2  -3  -4  -1  -1  -3  -3  -1    0   0   0   0 100   0   0   0   0   0   0   0   0   0   0   0   0   0   0   0  1.55 0.06
    4 Y    -1  -2  -2  -3  -2  -2  -2  -3   0  -2  -1  -2  -1   4  -3   1  -1   1   6  -2    0   0   0   0   0   0   0   0   0   0   0   0   0  26   0  26   0   0  48   0  0.51 0.03
    5 N     1  -1   4   0  -2   0  -1  -1  -1  -3  -3  -1  -2  -3   3   3   1  -4  -2  -2    6   0  30   0   0   0   0   0   0   0   0   0   0   0  14  50   0   0   0   0  0.45 0.02
    6 A     2  -2  -2  -2  -2  -1  -1   1  -2  -2  -3  -1  -2  -3   6   0   1  -4  -3  -2   30   0   0   0   0   0   0  10   0   0   0   0   0   0  46   0  14   0   0   0  0.79 0.02
    7 G     0  -3  -1  -2  -3  -2  -3   6  -3  -4  -4  -2  -3  -4  -3  -1  -2  -3  -4  -4    0   0   0   0   0   0   0 100   0   0   0   0   0   0   0   0   0   0   0   0  1.16 0.03
    8 T     1  -2   0  -1  -1  -1  -1   0  -2  -1  -2  -1  -1  -3  -1   2   5  -3  -2   0   10   0   0   0   0   0   0   6   0   0   0   0   0   0   0   6  78   0   0   0  0.44 0.03
    9 F    -3  -3  -4  -4  -3  -4  -4  -4  -2   0   0  -4   0   7  -4  -3  -3   1   3  -1    0   0   0   0   0   0   0   0   0   0   0   0   0 100   0   0   0   0   0   0  0.95 0.04
   10 C    -1  -4  -3  -4  10  -4  -4  -3  -4  -2  -2  -4  -2  -3  -4  -1  -1  -3  -3  -1    0   0   0   0 100   0   0   0   0   0   0   0   0   0   0   0   0   0   0   0  1.55 0.06
   11 G     0  -3  -1  -2  -3  -2  -3   6  -3  -4  -4  -2  -3  -4  -3  -1  -2  -3  -4  -4    0   0   0   0   0   0   0 100   0   0   0   0   0   0   0   0   0   0   0   0  1.16 0.03
   12 I    -2  -3  -3  -4  -2  -3  -4  -4  -4   5   1  -3   1   1  -3  -2   0  -3  -1   3    0   0   0   0   0   0   0   0   0  82   0   0   0   6   0   0   5   0   0   8  0.40 0.03
   13 K    -1   2   2  -1  -4   1   0  -2   5  -3  -3   4  -2  -3  -2   0  -1  -3  -1  -3    0  10  14   0   0   0   0   0  26   0   0  50   0   0   0   0   0   0   0   0  0.44 0.02
   14 P    -1  -3  -2  -2  -3  -2  -2   1  -3  -4  -4  -1  -3  -4   8  -1  -2  -4  -4  -3    0   0   0   0   0   0   0  14   0   0   0   0   0   0  86   0   0   0   0   0  1.76 0.04
   15 G     0  -3  -1  -2  -3  -2  -3   6  -3  -4  -4  -2  -3  -4  -3  -1  -2  -3  -4  -4    0   0   0   0   0   0   0 100   0   0   0   0   0   0   0   0   0   0   0   0  1.16 0.03
   16 L    -2  -3  -4  -4  -2  -3  -3  -4  -3   2   5  -3   2   0  -3  -3  -2  -2  -1   1    0   0   0   0   0   0   0   0   0   0 100   0   0   0   0   0   0   0   0   0  0.55 0.03
   17 C    -1  -4  -3  -4  10  -4  -4  -3  -4  -2  -2  -4  -2  -3  -4  -1  -1  -3  -3  -1    0   0   0   0 100   0   0   0   0   0   0   0   0   0   0   0   0   0   0   0  1.55 0.06
   18 C    -1  -4  -3  -4  10  -4  -4  -3  -4  -2  -2  -4  -2  -3  -4  -1  -1  -3  -3  -1    0   0   0   0 100   0   0   0   0   0   0   0   0   0   0   0   0   0   0   0  1.55 0.06
   19 S     1  -1   0  -1  -1   0   0  -1  -1  -3  -3  -1  -2  -3  -1   5   1  -3  -2  -2    0   0   0   0   0   0   0   0   0   0   0   0   0   0   0 100   0   0   0   0  0.57 0.04
   20 A     2  -1   2   1  -2   1   4  -1  -1  -2  -3   0  -2  -3  -1   0  -1  -3  -2  -1   29   0  14   0   0   0  51   0   0   0   0   0   0   0   0   0   0   0   0   5  0.35 0.02
   21 I    -2   2  -3  -3  -2  -1  -2  -4  -2   2   2  -1   1   3  -3  -2  -2   3   1   0    0  25   0   0   0   0   0   0   0  19  24   0   0  26   0   0   0   6   0   0  0.24 0.01
   22 C    -1  -4  -3  -4  10  -4  -4  -3  -4  -2  -2  -4  -2  -3  -4  -1  -1  -3  -3  -1    0   0   0   0 100   0   0   0   0   0   0   0   0   0   0   0   0   0   0   0  1.55 0.06
   23 L    -2  -3  -4  -4  -2  -3  -3  -4  -2   2   3  -3   1   4  -4  -3  -2   0   2   0    0   0   0   0   0   0   0   0   0  11  48   0   0  35   0   0   0   0   6   0  0.41 0.02
   24 S     0  -2  -1  -2  -2  -2  -2  -2  -2   0   1  -2   0   2   3   2   0  -2  -1   1    0   0   0   0   0   0   0   0   0   0  20   0   0  14  15  34   0   0   0  16  0.19 0.01
   25 F    -1  -3  -4  -4  -3  -3  -3  -1  -2  -1   0  -3   0   5  -4  -2  -2   9   2  -2    5   0   0   0   0   0   0   6   0   0  11   0   0  42   0   0   0  36   0   0  0.87 0.03
   26 V    -1  -2  -2  -2  -1  -2  -2  -2  -2   1   0  -2   0   4  -2  -1  -1  -1   1   3    2   1   1   1   1   1   2   2   1   1   2   2   1  30   1   2   2   0   1  45  0.16 0.01
   27 C    -1  -4  -3  -4  10  -4  -4  -3  -4  -2  -2  -4  -2  -3  -3  -1  -1  -3  -3  -1    0   0   0   0 100   0   0   0   0   0   0   0   0   0   0   0   0   0   0   0  1.47 0.04
   28 I    -2  -3  -4  -4  -1  -3  -4  -4  -4   4   3  -3   1   0  -3  -3  -1  -3  -2   3    0   0   0   0   0   0   0   0   0  64  29   0   0   0   0   0   0   0   0   8  0.39 0.02
   29 S     0  -1   0  -1  -1  -1  -1   1  -2  -2  -2  -1  -1  -3  -1   3   4  -3  -2  -1    0   0   0   0   0   0   0   9   0   0   0   0   0   0   0  44  47   0   0   0  0.38 0.02
   30 F    -2  -3  -4  -4  -2  -3  -4  -4  -2   1   3  -3   1   6  -4  -3  -2   0   2   0    0   0   0   0   0   0   0   0   0   0  37   0   0  63   0   0   0   0   0   0  0.53 0.02
   31 D    -1  -1   0   4  -3   1   4  -2  -1  -3  -3   0  -2  -4  -1   0   1  -4  -3  -2    0   0   0  27   0   0  59   0   0   0   0   0   0   0   0   0  14   0   0   0  0.55 0.01
   32 F    -3  -3  -3  -4  -3  -4  -4  -4  -1   0   0  -4   0   7  -4  -3  -2   1   3  -1    0   0   0   0   0   0   0   0   0   0   0   0   0 100   0   0   0   0   0   0  0.77 0.01

                      K         Lambda
Standard Ungapped    0.1482     0.3369
Standard Gapped      0.0410     0.2670
PSI Ungapped         0.1482     0.3369
PSI Gapped           0.0410     0.2670
