
Last position-specific scoring matrix computed, weighted observed percentages rounded down, information per position, and relative weight of gapless real matches to pseudocounts
            A   R   N   D   C   Q   E   G   H   I   L   K   M   F   P   S   T   W   Y   V   A   R   N   D   C   Q   E   G   H   I   L   K   M   F   P   S   T   W   Y   V
    1 M    -1  -2  -2  -3  -2  -1  -2  -3  -2   1   2  -2   7   0  -3  -2  -1  -2  -1   1    0   0   0   0   0   0   0   0   0   0   0   0 100   0   0   0   0   0   0   0  0.48 0.03
    2 A     4  -2  -2  -2  -1  -1  -1   0  -2  -2  -2  -1  -1  -2  -1   1   0  -3  -2   0  100   0   0   0   0   0   0   0   0   0   0   0   0   0   0   0   0   0   0   0  0.45 0.02
    3 W    -3  -3  -4  -5  -3  -2  -3  -3  -3  -3  -2  -3  -2   1  -4  -3  -3  11   2  -3    0   0   0   0   0   0   0   0   0   0   0   0   0   0   0   0   0 100   0   0  2.49 0.03
    4 K    -1   0   2   0  -2   0   0  -1  -1  -2  -2   2  -1  -3  -1   1   3  -3  -2  -1    0   0  17   0   0   0   0   0   0   0   0  34   0   0   0   0  49   0   0   0  0.31 0.01
    5 A     3   0  -1  -1  -1   0  -1  -1  -2  -1  -2   1  -1  -3  -1   1   3  -3  -2  -1   46   0   0   0   0   0   0   0   0   0   0  18   0   0   0   0  36   0   0   0  0.26 0.01
    6 P    -1  -2  -2  -2  -3  -2  -1  -2  -2  -3  -3  -1  -3  -4   8  -1  -1  -4  -3  -3    0   0   0   0   0   0   0   0   0   0   0   0   0   0 100   0   0   0   0   0  2.10 0.02
    7 K    -1   3  -1  -1  -3   1   0  -2  -1   0  -1   4  -1  -2  -2  -1  -1  -3  -2  -1    0  19   0   0   0   0   0   0   0  18   0  63   0   0   0   0   0   0   0   0  0.33 0.01
    8 I    -1  -3  -3  -3  -1  -2  -3  -4  -2   3   2  -3   1   1  -3  -2  -1  -1   3   2    0   0   0   0   0   0   0   0   0  48  16   0   0   0   0   0   0   0  19  17  0.29 0.01
    9 V    -1   3   0   2  -2   0   0  -2  -1  -1  -1   0  -1  -2  -2   0   2  -3  -2   0    0  34   0  19   0   0   0   0   0   0   0   0   0   0   0   0  32   0   0  15  0.23 0.01
   10 E    -1   0   0   1  -4   2   5  -2   0  -4  -3   1  -2  -4  -1   0  -1  -3  -2  -3    0   0   0   0   0   0 100   0   0   0   0   0   0   0   0   0   0   0   0   0  0.79 0.02
   11 V    -1  -3  -2  -3  -1  -2  -2  -3  -3   3   1  -2   1  -1  -2  -1   2  -3  -1   3    0   0   0   0   0   0   0   0   0  35   0   0   0   0   0   0  19   0   0  46  0.28 0.01
   12 P    -1  -2   2   0  -3   0   1  -2  -1  -3  -3  -1  -3  -4   7  -1  -1  -4  -3  -3    0   0  16   0   0   0  18   0   0   0   0   0   0   0  66   0   0   0   0   0  1.23 0.01
   13 C    -1  -3  -3  -4   7  -3  -3  -3  -3   1   2  -3   0  -1  -3  -2  -1  -2  -2   1    0   0   0   0  49   0   0   0   0   0  32   0   0   0   0   0   0   0   0  19  0.56 0.01
   14 G     0  -3  -1  -2  -3  -2  -2   6  -2  -4  -4  -2  -3  -3  -2   0  -2  -3  -3  -3    0   0   0   0   0   0   0 100   0   0   0   0   0   0   0   0   0   0   0   0  1.09 0.02
   15 M     2  -2  -2  -3  -1  -1  -2  -2  -2   0   1  -1   5  -1  -2  -1  -1  -2  -1   0   32   0   0   0   0   0   0   0   0   0   0   0  68   0   0   0   0   0   0   0  0.27 0.02
   16 E    -1   0   0   1  -4   2   5  -2   0  -4  -3   1  -2  -4  -1   0  -1  -3  -2  -3    0   0   0   0   0   0 100   0   0   0   0   0   0   0   0   0   0   0   0   0  0.79 0.02
   17 I    -2  -3  -4  -3  -1  -3  -4  -4  -4   5   2  -3   1   0  -3  -3  -1  -3  -2   3    0   0   0   0   0   0   0   0   0 100   0   0   0   0   0   0   0   0   0   0  0.45 0.02
   18 N    -2  -1   6   1  -3   0   0  -1   0  -4  -4   0  -2  -3  -2   1   0  -4  -2  -3    0   0 100   0   0   0   0   0   0   0   0   0   0   0   0   0   0   0   0   0  0.81 0.02
   19 M     0  -1  -1  -2  -1   0  -1  -2  -2   0   1  -1   5  -1  -2   2   0  -2  -1   0    0   0   0   0   0   0   0   0   0   0   0   0  68   0   0  32   0   0   0   0  0.25 0.02
   20 Y    -2  -2  -2  -3  -3  -2  -2  -3   2  -2  -1  -2  -1   3  -3  -2  -2   2   7  -1    0   0   0   0   0   0   0   0   0   0   0   0   0   0   0   0   0   0 100   0  0.98 0.02
   21 V     2  -2  -2  -2  -1  -2  -2   2  -3   1   0  -2   0  -2  -2   0   0  -3  -2   2   35   0   0   0   0   0   0  18   0   0   0   0   0   0   0   0   0   0   0  47  0.20 0.01
   22 S     0  -3  -2  -2   7  -2  -2  -2  -3  -2  -2  -2  -2  -3   5   1  -1  -3  -3  -2    0   0   0   0  51   0   0   0   0   0   0   0   0   0  34  15   0   0   0   0  0.90 0.02
   23 A     3  -2  -1  -2  -1  -1  -1   4  -2  -2  -2  -1  -2  -3  -1   1  -1  -3  -2  -1   61   0   0   0   0   0   0  39   0   0   0   0   0   0   0   0   0   0   0   0  0.46 0.01
   24 T    -1   1   0   0  -3   3   3  -2   0  -3  -2   2  -1  -3  -1   0   1  -3  -2  -2    0   0   0   0   0  18  41   0   0   0   0  22   0   0   0   0  19   0   0   0  0.41 0.01
   25 R    -1   5   0  -1  -3   1   0  -2  -1  -3  -2   4  -1  -3  -2  -1  -1  -3  -2  -3    0  53   0   0   0   0   0   0   0   0   0  47   0   0   0   0   0   0   0   0  0.58 0.01
   26 K    -1   2   0  -1  -3   1   1  -2  -1  -3  -3   5  -2  -3  -1   0  -1  -3  -2  -2    0   0   0   0   0   0   0   0   0   0   0 100   0   0   0   0   0   0   0   0  0.55 0.01

                      K         Lambda
Standard Ungapped    0.1296     0.3211
Standard Gapped      0.0388     0.2670
PSI Ungapped         0.1269     0.3184
PSI Gapped           0.0388     0.2670
