
Last position-specific scoring matrix computed, weighted observed percentages rounded down, information per position, and relative weight of gapless real matches to pseudocounts
            A   R   N   D   C   Q   E   G   H   I   L   K   M   F   P   S   T   W   Y   V   A   R   N   D   C   Q   E   G   H   I   L   K   M   F   P   S   T   W   Y   V
    1 G     0  -3  -1  -1  -3  -2  -2   6  -2  -4  -4  -2  -3  -3  -2   0  -2  -3  -3  -3    0   0   0   0   0   0   0 100   0   0   0   0   0   0   0   0   0   0   0   0  1.06 0.01
    2 D    -2  -1   1   5  -4   3   3  -2  -1  -3  -3   0  -2  -4  -2   0  -1  -4  -3  -3    0   0   0  60   0  21  19   0   0   0   0   0   0   0   0   0   0   0   0   0  0.67 0.01
    3 N     0  -1   4   0  -2   0   0  -1   0  -3  -3   0  -2  -3  -2   4   1  -4  -2  -2    0   0  42   0   0   0   0   0   0   0   0   0   0   0   0  58   0   0   0   0  0.51 0.03
    4 K     0   6  -1  -2  -4   2   1  -2  -1  -3  -3   2  -2  -3  -2  -1  -1  -3  -2  -3    8  67   0   0   0   7   6   0   0   0   0  12   0   0   0   0   0   0   0   0  0.68 0.07
    5 P     0   0   3  -1  -2  -1   0   0  -1  -3  -3   0  -2  -3   4   2   1  -4  -3  -2    9   8  19   0   0   0   7   4   0   0   0   0   0   0  25  18  10   0   0   0  0.45 0.04
    6 P     2   1  -1   0  -2  -1  -1  -1  -2  -3  -3   1  -2  -3   5   1   0  -4  -3  -2   31   8   0   4   0   0   0   0   0   0   0  11   0   0  28  11   6   0   0   0  0.50 0.06
    7 K    -2   3   1  -1  -4   0   0  -2  -1  -4  -3   5  -2  -4  -2   0  -1  -4  -3  -3    0  18   9   0   0   0   0   0   0   0   0  67   0   0   0   6   0   0   0   0  0.72 0.12
    8 K    -1   2   0  -1  -3   0   1  -2  -2  -1   0   3   3  -2  -2   0   0  -3  -2  -1    0  10   3   0   0   0   9   0   0   0   6  37  20   0   0   8   5   0   0   3  0.27 0.08
    9 G     1   1  -1  -2  -2   0  -1   3  -2  -2  -1   1   1  -3  -2   0  -1  -3  -2  -1   16  13   0   0   0   5   0  35   0   0   4   9   9   0   0   2   3   0   0   5  0.26 0.05
   10 P     0   3  -1  -2  -3   0  -1   0   2  -1   0   0   0  -2   2  -1  -1   2   0   0    7  27   0   0   0   4   0   9  10   2  14   2   2   0  10   0   2   3   2   7  0.16 0.04
   11 P     0   0   0   0  -2  -1  -1   3  -2  -2  -2  -1  -1  -2   1   2   0  -3  -1  -2    6   6   3   7   0   0   3  32   0   2   3   2   3   0   6  22   2   0   3   0  0.25 0.03
   12 N     0   2   2   2  -2   0   0   0  -1  -3  -3   1  -2  -3  -2   3   0  -3  -2  -3    0  13  11  13   0   2   3   4   0   0   0  11   0   0   0  42   0   0   0   0  0.33 0.04
   13 G     0  -1   0   0  -3  -2  -2   5  -2  -4  -4  -1  -3  -4  -2   2  -1  -3  -3  -3    0   3   0   3   0   0   0  68   0   0   0   0   0   0   0  26   0   0   0   0  0.78 0.06
   14 C    -1  -4  -4  -4  10  -4  -5  -3  -4  -2  -2  -4  -2  -3  -4  -2  -2  -3  -3  -2    0   0   0   0 100   0   0   0   0   0   0   0   0   0   0   0   0   0   0   0  1.90 0.12
   15 F    -3  -4  -4  -4  -3  -4  -4  -4  -2  -1   0  -4  -1   8  -4  -3  -3   0   3  -1    0   0   0   0   0   0   0   0   0   0   0   0   0 100   0   0   0   0   0   0  1.18 0.09
   16 G     0  -3  -1  -2  -3  -2  -3   6  -3  -5  -4  -2  -3  -4  -3  -1  -2  -3  -4  -4    0   0   0   0   0   0   0 100   0   0   0   0   0   0   0   0   0   0   0   0  1.30 0.08
   17 H    -1   1   0  -2  -2   1  -1  -1   3   0   1   0   1   0  -2  -1  -1  -2  -1   0    4  14   5   0   0  10   0   4  15   0  26   0   4   4   0   4   2   0   0   8  0.09 0.02
   18 K    -1   4  -1  -2  -4   1   0  -2  -1  -3  -3   4  -2  -4   2  -1  -1  -3  -2  -3    0  40   0   0   0   0   0   0   0   0   0  50   0   0  10   0   0   0   0   0  0.65 0.06
   19 I    -2  -3  -4  -4  -2  -2  -3  -4  -3   3   3  -3   4   0  -3  -3  -1  -2  -2   1    0   0   0   0   0   0   0   0   0  35  46   0  18   0   0   0   0   0   0   0  0.45 0.04
   20 D    -1  -2   1   7  -4  -1   2  -2  -2  -4  -4  -1  -4  -4  -2  -1  -2  -5  -4  -4    3   0   0  91   0   0   5   0   0   0   0   0   0   0   0   0   0   0   0   0  1.11 0.08
   21 R    -2   7  -1  -2  -4   0  -1  -3   1  -4  -3   2  -2  -3  -3  -1  -2  -3  -2  -3    0  96   0   0   0   0   0   0   4   0   0   0   0   0   0   0   0   0   0   0  1.03 0.09
   22 I    -2  -4  -4  -4  -2  -3  -4  -5  -4   6   1  -3   1  -1  -3  -3  -1  -3  -2   2    0   0   0   0   0   0   0   0   0 100   0   0   0   0   0   0   0   0   0   0  0.70 0.08
   23 G     0  -3   0  -2   0  -2  -2   6  -2  -4  -4  -2  -3  -4  -3   0  -2  -3  -4  -4    0   0   4   0   3   0   0  88   0   0   0   0   0   0   0   5   0   0   0   0  1.05 0.06
   24 S     2  -1   1   0  -1  -1  -1  -1   2  -3  -3  -1  -2  -3  -1   4   1  -3  -2  -2   17   0   7   3   0   0   0   0   9   0   0   0   0   0   0  58   7   0   0   0  0.38 0.05
   25 H     0  -2  -2  -3  -2   0  -2  -3   0   1   1  -2   4   1  -3  -1   0   3   0   2    5   0   0   0   0   5   0   0   3   5   8   0  28   7   0   6   2   5   0  25  0.17 0.03
   26 S     1  -1   0  -1  -1  -1  -1  -1  -1  -3  -3  -1  -2  -3  -1   5   1  -4  -2  -2    0   0   0   0   0   0   0   0   0   0   0   0   0   0   0 100   0   0   0   0  0.72 0.09
   27 G     0  -1   0  -2  -3  -2  -2   6  -2  -4  -4  -1  -3  -4  -2   1  -1  -3  -3  -3    2   4   4   0   0   0   0  80   0   0   0   0   0   0   0  10   0   0   0   0  0.91 0.06
   28 L    -2  -2  -4  -4  -2  -2  -3  -4  -3   1   4  -3   4   0  -3  -3  -2  -2  -2   0    0   0   0   0   0   0   0   0   0   0  78   0  22   0   0   0   0   0   0   0  0.57 0.06
   29 G     0  -3  -1  -2  -3  -2  -3   6  -3  -5  -4  -2  -3  -4  -3  -1  -2  -3  -4  -4    0   0   0   0   0   0   0 100   0   0   0   0   0   0   0   0   0   0   0   0  1.30 0.08
   30 C    -1  -4  -4  -4  10  -4  -5  -3  -4  -2  -2  -4  -2  -3  -4  -2  -2  -3  -3  -2    0   0   0   0 100   0   0   0   0   0   0   0   0   0   0   0   0   0   0   0  1.90 0.12
   31 N    -2  -1   6   1  -3  -1  -1   1   0  -4  -4   0  -3  -3   0   0  -1   4  -2  -3    0   0  70   4   0   0   0   9   0   0   0   4   0   0   6   0   0   8   0   0  0.66 0.06
   32 K     0   3   1  -1  -2   0  -1   1   1  -2  -2   1  -1  -3   0   1   0  -3  -2   0    3  28   6   0   0   0   0  12   4   0   0   8   0   0   3  19   5   0   0  12  0.19 0.03
   33 V    -1  -2  -2  -3  -2  -2  -2  -3  -2   1   3  -1   1   2   1   0  -1  -2   0   1    0   0   0   0   0   0   0   0   0   4  41   4   0  13   6  14   0   0   0  18  0.18 0.03
   34 D    -2   5  -1   0  -3   0  -1  -3  -1  -1  -1   2   0  -3  -3  -1  -1  -3  -2   0    0  59   0   8   0   0   0   0   0   4   4  11   4   0   0   0   0   0   0  10  0.44 0.06
   35 D    -1   2   2   2  -3   3   0  -2  -1  -3  -3   2  -2  -4   3   0   0  -3  -2  -3    0  17  11  12   0  21   0   0   0   0   0  15   0   0  15   0   7   0   0   0  0.41 0.03
   36 N    -2  -1   5   4  -3   0   0  -1   4  -4  -4  -1  -3  -3  -2   0  -1  -4  -1  -3    0   0  53  28   0   0   0   0  19   0   0   0   0   0   0   0   0   0   0   0  0.66 0.04
   37 K    -1   4   0  -1  -3   1   0  -2  -1  -3  -3   4  -2  -3  -1   0  -1  -3  -2  -3    0  35   0   0   0   0   0   0   0   0   0  65   0   0   0   0   0   0   0   0  0.54 0.01
   38 G     0  -2   0  -1  -3  -2  -2   6  -2  -4  -4  -2  -3  -3  -2   0  -2  -3  -3  -3    0   0   0   0   0   0   0 100   0   0   0   0   0   0   0   0   0   0   0   0  1.04 0.00

                      K         Lambda
Standard Ungapped    0.1443     0.3121
Standard Gapped      0.0446     0.2670
PSI Ungapped         0.1456     0.3177
PSI Gapped           0.0446     0.2670
