
Last position-specific scoring matrix computed, weighted observed percentages rounded down, information per position, and relative weight of gapless real matches to pseudocounts
            A   R   N   D   C   Q   E   G   H   I   L   K   M   F   P   S   T   W   Y   V   A   R   N   D   C   Q   E   G   H   I   L   K   M   F   P   S   T   W   Y   V
    1 G     0  -3   0  -1  -3  -2  -2   6  -2  -4  -4  -2  -3  -3  -2   0  -2  -3  -3  -4    0   0   0   0   0   0   0 100   0   0   0   0   0   0   0   0   0   0   0   0  1.04 0.00
    2 L    -2  -3  -4  -4  -2  -3  -4  -4  -3   3   2  -3   0   5  -4  -3  -2  -1   1   2    0   0   0   0   0   0   0   0   0  20  18   0   0  45   0   0   0   0   0  17  0.50 0.07
    3 I    -2  -3  -3  -3  -2  -3  -3  -4  -4   5   0  -3   0  -2  -3  -1   4  -4  -2   1    0   0   0   0   0   0   0   0   0  54   4   0   0   0   0   0  38   0   0   3  0.58 0.15
    4 D    -3  -2   5   5  -4   0   1   0  -1  -4  -5  -1  -4  -5  -3  -1  -2  -5  -4  -4    0   0  40  48   0   4   4   4   0   0   0   0   0   0   0   0   0   0   0   0  0.94 0.16
    5 V    -2  -3  -4  -4  -2  -1  -1  -4  -4   4   0  -2   1  -2  -3  -3  -1  -4  -2   5    0   0   0   0   0   3   5   0   0  33   3   3   2   0   0   0   0   0   0  51  0.54 0.15
    6 K    -2   3  -1   0  -4   0   1  -3  -2  -4  -4   5  -3  -4   0   1  -2  -4  -3  -4    0  20   0   4   0   0   5   0   0   0   0  55   0   0   4  13   0   0   0   0  0.68 0.17
    7 C    -2  -6  -5  -6  11  -5  -6  -5  -5  -3  -3  -5  -4  -5  -5  -3  -3  -5  -5  -3    0   0   0   0 100   0   0   0   0   0   0   0   0   0   0   0   0   0   0   0  2.95 0.39
    8 Y    -1   2   0  -2  -2  -1  -2  -1  -2  -2  -3  -1  -2   0  -2   3   4  -3   1  -2    0  13   3   0   0   0   0   4   0   2   0   2   0   3   0  30  36   0   7   0  0.39 0.14
    9 A     2  -1   0  -1  -2  -2  -2   3  -2  -2  -2  -1  -2  -3  -2   2   1  -3  -1   0   20   3   4   2   0   0   0  27   0   0   3   0   0   0   0  25   7   0   3   7  0.30 0.09
   10 S    -1  -2  -1  -2  -3  -2  -2  -2  -3  -4  -4  -2  -3  -4   5   5   2  -4  -3  -3    0   0   0   0   0   0   0   0   0   0   0   0   0   0  25  60  15   0   0   0  0.90 0.21
   11 R    -1   3   1  -2  -4   1  -1  -2  -1  -4  -3   4  -2  -3   0   2  -1  -3   0  -3    3  18   5   0   0   5   0   0   0   0   0  43   0   0   4  17   0   0   4   0  0.50 0.14
   12 E    -2  -1  -1   4  -5   6   4  -3  -1  -4  -4   0  -3  -5  -3  -1  -2  -4  -3  -4    0   0   0  22   0  43  30   0   0   0   0   3   0   0   0   2   0   0   0   0  0.89 0.20
   13 C    -2  -6  -5  -6  11  -5  -6  -5  -5  -3  -3  -5  -4  -5  -5  -3  -3  -5  -5  -3    0   0   0   0 100   0   0   0   0   0   0   0   0   0   0   0   0   0   0   0  2.95 0.39
   14 W    -2  -3  -4  -5  -3  -3  -4  -4   1  -2   1  -4  -1   2  -4  -3  -2   9   6  -1    3   0   0   0   0   0   0   0   3   0  20   0   0   4   0   1   3  33  30   3  1.16 0.21
   15 E     0   0  -1   1  -3  -1   1  -1  -2   0  -2   0  -2  -3   4   1   0  -4  -3  -1    6   7   0   9   0   0   8   4   0  10   2   7   0   0  23  18   2   0   0   3  0.31 0.08
   16 P     1  -3  -3  -3  -3  -2  -2  -3   1  -1  -3  -1   0  -4   7  -2  -1  -5  -3   1   16   0   0   0   0   0   0   0   5   2   0   3   3   0  54   0   2   0   0  15  1.04 0.18
   17 C    -2  -6  -5  -6  11  -5  -6  -5  -5  -3  -3  -5  -4  -5  -5  -3  -3  -5  -5  -3    0   0   0   0 100   0   0   0   0   0   0   0   0   0   0   0   0   0   0   0  2.95 0.39
   18 R    -2   3  -1  -2  -5   1   1  -3  -2  -4  -4   6  -1  -2  -3  -2  -2  -4  -3  -4    0  17   0   0   0   5   9   0   0   0   0  65   2   2   0   0   0   0   0   0  0.84 0.20
   19 K     0   2  -1   1  -4   1   1   0  -1  -4  -3   5  -2  -3  -2   0  -2  -3   0  -3   10   6   0   7   0   6   7   5   0   0   0  50   0   0   0   4   0   0   5   0  0.45 0.13
   20 V     1   1  -2  -2  -2   1   0  -1  -2   1   1   0   1  -2  -2  -1  -1  -3  -2   2   20   8   0   0   0  12   3   3   0  10  20   5   2   0   0   0   0   0   0  16  0.12 0.07
   21 T    -2  -3  -2  -3  -2  -2  -3  -2   1   0  -1  -2   0   4  -3  -1   4  -1   3   1    0   0   0   0   0   0   0   3   4   4   0   0   3  23   0   0  41   0  12   9  0.43 0.14
   22 G    -1  -4   1  -2  -4  -3  -3   7  -3  -5  -5  -3  -4  -5  -4  -2  -2  -4  -5  -5    0   0   8   0   0   0   0  89   0   0   0   0   0   0   0   0   3   0   0   0  1.48 0.24
   23 S    -1   2  -1  -2   6  -1  -2  -3   2  -2  -2   2   0  -3  -1   1   2  -3  -1  -1    0  15   0   0  22   0   0   0   7   0   0  14   2   0   1  12  18   0   2   6  0.35 0.12
   24 G     2   0  -1   0  -2  -1  -1  -1  -1  -2  -1  -1  -2   0   3   1   1  -3   0  -1   30   5   2   7   0   0   0   3   2   0   4   0   0   5  16   6  10   0   4   4  0.22 0.07
   25 Q     0   3   3  -1  -3   2   0   1   3  -4  -3   0  -2  -2  -3   0  -1  -4  -2  -3   10  21  24   0   0   9   5  11  10   0   0   3   0   2   0   3   3   0   0   0  0.34 0.10
   26 A     3  -3  -2  -3  -3  -3  -3   6  -3  -4  -4  -2  -3  -4  -3   1  -2  -4  -4  -3   28   0   0   0   0   0   0  63   0   0   0   0   0   0   0   9   0   0   0   0  0.97 0.19
   27 K    -2   2  -2  -2  -5   0  -1  -3  -2  -5  -4   7  -3  -5  -3  -2  -2  -5  -4  -4    0   7   0   0   0   0   0   0   0   0   0  93   0   0   0   0   0   0   0   0  1.34 0.28
   28 C    -2  -6  -5  -6  11  -5  -6  -5  -5  -3  -3  -5  -4  -5  -5  -3  -3  -5  -5  -3    0   0   0   0 100   0   0   0   0   0   0   0   0   0   0   0   0   0   0   0  2.95 0.39
   29 Q    -2  -3  -4  -4  -3   1  -3  -4  -3   3   0  -1   8  -2  -4  -3  -1  -3  -3   1    0   0   0   0   0   9   0   0   0  19   0   3  62   0   0   0   3   0   0   4  0.95 0.25
   30 N    -3  -2   8   0  -5  -2  -2   0  -1  -5  -5  -2  -4  -5  -4  -1  -2  -6  -4  -5    0   0  93   0   0   0   0   7   0   0   0   0   0   0   0   0   0   0   0   0  1.63 0.30
   31 N    -1   2   1  -2  -4  -1  -1   4  -2  -4  -4   3  -3  -4  -3   0  -2  -4  -3  -4    0  11   8   0   0   0   0  44   0   0   0  31   0   0   0   6   0   0   0   0  0.65 0.15
   32 Q    -1   2  -1  -2  -4   2   0  -3   0  -3  -2   5  -2  -4  -2   0   0  -4  -3  -2    2   8   2   0   0   9   0   0   3   0   4  60   0   0   0   7   4   0   0   2  0.59 0.16
   33 C    -2  -6  -5  -6  11  -5  -6  -5  -5  -3  -3  -5  -4  -5  -5  -3  -3  -5  -5  -3    0   0   0   0 100   0   0   0   0   0   0   0   0   0   0   0   0   0   0   0  2.95 0.39
   34 R    -2   4   0   1  -4   0  -1  -3   2  -2  -3   4  -2  -3  -3  -1   0  -4   0  -3    0  32   3   7   0   0   0   0   5   2   0  42   0   0   0   0   5   0   3   0  0.60 0.16
   35 C    -2  -6  -5  -6  11  -5  -6  -5  -5  -3  -3  -5  -4  -5  -5  -3  -3  -5  -5  -3    0   0   0   0 100   0   0   0   0   0   0   0   0   0   0   0   0   0   0   0  2.95 0.38
   36 Y    -4  -3  -4  -5  -4  -3  -4  -5   2  -3  -3  -4  -3   3  -5  -3  -3   1   9  -3    0   0   0   0   0   0   0   0   3   0   0   0   0   7   0   0   0   0  90   0  1.85 0.28

                      K         Lambda
Standard Ungapped    0.1361     0.3242
Standard Gapped      0.0481     0.2670
PSI Ungapped         0.1572     0.3173
PSI Gapped           0.0481     0.2670
