
Last position-specific scoring matrix computed, weighted observed percentages rounded down, information per position, and relative weight of gapless real matches to pseudocounts
            A   R   N   D   C   Q   E   G   H   I   L   K   M   F   P   S   T   W   Y   V   A   R   N   D   C   Q   E   G   H   I   L   K   M   F   P   S   T   W   Y   V
    1 M    -4  -4  -5  -6  -4  -3  -5  -6  -5  -2   0  -4  10  -3  -6  -5  -4  -4  -4  -2    0   0   0   0   0   0   0   0   0   0   5   0  95   0   0   0   0   0   0   0  2.68 0.64
    2 S     4  -3  -2  -3  -3  -2  -2  -2  -1  -3  -3  -2  -3  -3   0   4   0  -4   1  -1   39   0   0   0   0   0   0   1   1   0   1   0   0   0   3  42   4   0   5   3  0.68 0.30
    3 L    -3  -4  -5  -5  -3  -1  -4  -5  -4   4   4  -3   2  -1  -4  -4  -2  -2  -2   2    0   0   0   0   0   3   0   0   0  26  51   1   4   0   0   0   0   0   1  14  0.77 0.27
    4 D     0  -2   2   3  -3  -1   1  -2  -2  -3  -3  -2  -3  -4  -2   3   4  -5  -3  -3    4   2   9  19   0   0   8   1   0   0   1   0   0   0   0  21  34   0   0   1  0.57 0.27
    5 A     1   0   1  -2  -3   1  -1  -2  -2  -2   0   3   0  -3   0   0   1  -4  -3   0   15   1   8   1   0   9   0   0   0   1   8  27   2   0   5   6  11   0   0   5  0.22 0.16
    6 A     1  -2   0   1  -4   1   5  -2  -2   0  -3   1  -2  -4   0  -1   0  -4  -3  -2   15   0   3   5   0   5  44   2   0   7   1   6   0   0   3   2   4   0   0   1  0.46 0.22
    7 T    -1   3   1   0  -4   2   2  -3  -1  -2  -3   4  -2  -3  -3  -1   0  -4  -3  -2    3  20   7   3   0  11  12   0   1   3   1  30   0   1   0   1   4   0   0   3  0.48 0.21
    8 K    -3   2  -3  -3  -5   0  -1  -4  -3  -1  -5   7  -4  -5  -4  -3  -2  -5  -4  -3    0   7   0   0   0   2   2   0   0   4   0  81   0   0   0   0   2   0   0   1  1.51 0.50
    9 K     2  -1   2   0  -3   3   1  -2  -1  -3  -3   2  -2  -4  -2   1   1  -2  -3  -2   19   1  13   3   0  19   9   1   1   0   2  16   0   0   1   7   7   0   0   1  0.36 0.20
   10 Q     0  -1  -1   0  -4   3   5  -2  -2  -4  -1   1  -3  -4  -3   0  -1  -4  -3  -3    9   1   2   3   0  14  41   1   0   0   8  10   0   0   0   8   2   0   0   1  0.54 0.26
   11 I    -2  -4  -5  -5  -3  -4  -5  -5  -5   5   3  -4   1   1  -4  -2  -1  -4  -3   2    1   0   0   0   0   0   0   0   0  50  24   0   3   5   0   2   3   0   0   9  0.80 0.30
   12 I    -3  -4  -5  -5  -3  -4  -5  -5  -1   6   1  -4   3   0  -5  -4  -2  -4  -1   3    1   0   0   0   0   0   0   0   1  56   9   0   8   3   0   0   2   0   1  18  0.97 0.35
   13 T     2   0   2  -1  -3   0   1  -1  -2  -3  -2   3  -2  -4  -1   2   1  -4  -3  -3   16   2   9   2   0   3  10   2   0   1   2  25   1   0   1  17   8   0   0   0  0.33 0.19
   14 E    -2   1   0   1  -5   3   4  -3  -2  -4  -3   3  -3  -4  -3   0   0  -5  -4  -2    2   4   3   5   0  12  33   1   0   0   1  24   0   1   0   5   5   0   0   3  0.58 0.27
   15 F    -3  -3   1  -4  -4  -2  -2  -5   3   1  -2  -2  -2   5  -5  -2  -2  -1   6  -1    0   1   7   0   0   1   2   0   6   9   2   2   0  30   0   2   1   0  32   4  0.86 0.33
   16 G     2   0  -2  -2  -1   3   1   3  -2  -3  -2   1  -2  -4  -2  -1  -2  -4  -3  -2   22   3   1   1   1  19   8  26   0   0   5   7   0   0   2   2   0   0   0   3  0.37 0.21
   17 T    -1   3  -1  -2  -3   1   1   0   0   0   0   2  -1  -2  -3  -1   1  -3  -2  -1    4  22   2   1   0   5  10   6   2   5  12  13   1   0   0   2  11   0   0   4  0.18 0.13
   18 K    -1  -1   2   0  -1  -1  -1   0   6  -4  -3   3  -3  -2  -2   1   0  -4  -2  -3    4   0  12   4   1   0   2   5  25   0   1  23   0   2   1  13   5   0   0   1  0.51 0.25
   19 E     1  -2   0   1  -4   0   5  -2   0  -4  -3   0  -3  -4   2  -1  -1  -5  -3  -3   14   1   3   7   0   1  45   2   2   0   1   6   0   0  12   2   2   0   1   1  0.62 0.27
   20 G    -1  -1   3  -1  -4   1   1   3  -1  -4  -3   3  -3  -4  -3   0   1  -4  -2  -3    2   1  15   1   0   7  11  25   1   0   1  20   0   0   0   3  10   0   1   1  0.40 0.20
   21 D    -4  -3   4   7  -5  -1  -1  -3  -3  -3  -5  -2  -5  -5  -4  -2  -3  -6  -5  -5    0   1  20  70   0   1   1   0   0   1   0   2   0   0   0   1   0   0   0   0  1.57 0.44
   22 T    -2   1  -2  -3  -3  -3  -3  -2  -3  -3  -3   0  -3  -1  -2   0   7  -4  -1  -2    0   6   0   0   0   0   0   2   0   0   0   4   0   2   1   5  72   0   2   2  1.11 0.41
   23 G    -2  -1  -3  -4  -5  -4  -3   7  -4  -6  -3  -4  -5  -5  -4  -1  -4  -5  -5  -5    0   4   0   0   0   0   1  87   0   0   3   0   0   0   0   3   0   0   0   0  1.75 0.47
   24 S     0  -3  -1  -1  -4  -2  -3  -3  -2  -2  -3  -1  -4  -3  -4   6   0  -5  -4  -4    3   0   2   2   0   0   0   0   1   3   3   3   0   1   0  79   3   0   0   0  1.17 0.47
   25 P     1  -4  -3  -4  -1  -3  -3  -4  -4   0  -1  -3   0  -4   6   1   2  -5  -4   2   12   0   0   0   1   0   0   0   0   4   5   0   2   0  39  10  12   0   0  16  0.80 0.29
   26 E    -2  -2  -2   0  -6   1   7  -4  -3  -4  -5  -2  -4  -1  -3  -1  -3  -5  -3  -5    3   0   0   3   0   3  80   0   0   1   0   1   0   3   1   3   0   0   1   0  1.47 0.49
   27 V     1  -4  -4  -5  -3  -4  -4  -3  -4   1  -1  -3  -2   2  -4  -1  -2  -4  -2   6   10   0   0   0   0   0   1   1   0   3   1   1   0   9   0   5   1   0   1  66  0.89 0.35
   28 Q    -4  -1  -3  -1  -6   8  -1  -5  -3  -6  -5   0  -4  -7  -1  -3  -4  -5  -5  -6    0   2   0   2   0  88   1   0   0   0   0   3   0   0   3   0   0   0   0   0  2.14 0.65
   29 V    -1  -5  -5  -5   1  -5  -5  -5  -5   5   1  -5  -1  -3  -5  -4  -2  -5  -3   5    3   0   0   0   4   0   0   0   0  39   9   0   0   0   0   0   0   0   0  46  1.02 0.34
   30 A     6  -2  -4  -4  -1  -3  -3  -2  -4  -1  -2  -3   2   1  -3  -1  -2  -4  -1   0   71   1   0   0   1   0   0   0   0   2   2   0   6   7   0   2   0   0   2   4  0.91 0.37
   31 M    -1  -2  -1  -4   0  -3  -3  -4   0   3   3  -2   2   1  -4  -1  -2  -3  -1   1    5   2   5   0   2   0   0   0   3  20  40   2   4   4   0   4   0   0   1   7  0.36 0.18
   32 L    -4  -5  -6  -6  -4  -4  -5  -6  -5   0   6  -5   2   3  -5  -4  -4  -3   0  -2    0   0   0   0   0   0   0   0   0   1  82   0   3  11   0   1   0   0   2   0  1.27 0.41
   33 S    -2  -4  -2  -3  -3  -3  -3  -4  -4   0  -3  -3   1  -4  -3   2   7  -5  -4  -2    0   0   1   1   0   0   0   0   0   6   1   0   3   0   1  16  71   0   0   0  1.25 0.46
   34 R     2   1   1   0  -3   0   3  -2   0  -3  -3   1  -2  -2  -3   0  -1  -1  -1  -1   23   7   9   3   0   2  26   1   2   0   1   9   0   1   0   4   3   1   2   6  0.28 0.17
   35 R    -3   6   0   0  -5   1   0  -4  -1  -5  -4   3  -4  -5  -4  -2  -3  -5  -4  -3    0  58   5   5   0   5   5   0   1   0   1  17   0   0   0   1   1   0   0   2  1.10 0.37
   36 I     1  -5  -6  -6  -4  -5  -6  -6  -6   7  -1  -5  -1  -3  -5  -4  -3  -5  -4   1   11   0   0   0   0   0   0   0   0  85   1   0   0   0   0   0   0   0   0   4  1.59 0.48
   37 S     0   2   4  -1  -3   0   0  -2  -1  -1  -1   1  -2  -3  -3   1   0  -4  -3   0    7  16  27   2   0   3   5   0   0   3   5   7   0   0   0   9   6   0   0   9  0.28 0.17
   38 D    -1   2   4   1  -4   1   1  -2   3  -3  -3   2  -2  -3  -3   0  -1  -4   1  -4    2  15  22   8   0   7   7   1  10   1   1  13   0   0   0   5   2   0   5   0  0.42 0.19
   39 L    -4  -5  -6  -6  -4  -4  -5  -6  -5   1   6  -5   1  -1  -5  -5  -3  -4   1  -1    0   0   0   0   0   0   0   0   0   5  84   0   2   1   0   0   0   0   5   2  1.28 0.41
   40 T    -1   2   1  -2  -4   3   0  -3  -3  -3  -4   0  -2  -4  -3   1   5  -5  -4  -3    2  12   7   0   0  14   4   0   0   1   0   5   1   0   0  10  47   0   0   0  0.69 0.31
   41 E    -1   0   1   2  -4   0   4   1  -1  -4  -3   1  -3  -4  -1   1  -1  -4  -3  -3    4   4   5  12   0   2  39  11   0   1   2   6   0   0   3  10   1   0   0   1  0.48 0.21
   42 H    -5  -4  -3  -5  -7  -3  -4  -6  11  -7  -6  -4  -5  -5  -6  -4  -5  -6  -2  -7    0   0   0   0   0   0   0   0 100   0   0   0   0   0   0   0   0   0   0   0  3.49 0.78
   43 L    -3  -4  -5  -6   1  -4  -5  -6  -4   0   5  -5   3   5  -5  -4  -3  -3  -1  -1    0   0   0   0   3   0   0   0   0   3  57   0   9  26   0   0   0   0   0   1  1.04 0.35
   44 K    -1   1  -1   0  -5   2   2  -2  -1  -3  -3   5  -3  -5  -3  -1  -2  -5  -4  -3    3   5   1   4   0  11  15   1   1   1   2  50   0   0   0   4   0   0   0   1  0.73 0.30
   45 T     0   0   0  -1  -3   1   2  -2  -2   0   0   1   0  -2  -1   0   1  -3  -2   1    9   2   4   2   0   6  18   2   0   3  11  12   2   1   2   4  12   0   0  10  0.11 0.09
   46 H    -4  -3   4  -3  -6  -3  -3  -5  10  -6  -6  -4  -5  -2  -5  -3  -2  -5  -1  -6    1   0  23   0   0   0   0   0  70   0   0   0   0   2   0   1   2   0   1   0  2.24 0.59
   47 K    -2   2  -2  -3  -5  -1  -2  -2  -1  -2  -4   5  -2  -4   4  -1   0  -5  -4  -3    2  12   1   0   0   1   0   2   1   3   0  47   1   0  22   2   4   0   0   1  0.83 0.32
   48 H    -3   1  -2  -3  -6   0  -2  -2   4  -5  -5   7  -4  -4  -4  -3  -3  -5  -4  -5    1   5   1   0   0   2   1   2  12   0   0  76   0   0   0   0   0   0   0   0  1.47 0.47
   49 D    -5  -5  -2   8  -7  -3  -1  -4  -4  -6  -7  -4  -6  -7  -5  -3  -2  -7  -6  -6    0   0   0  98   0   0   0   0   0   0   0   0   0   0   0   0   2   0   0   0  2.42 0.62
   50 H    -3  -2   1  -3  -4  -1  -3  -4   7  -2  -2   2  -1   3  -4  -3  -1  -2   4  -2    1   0   6   0   0   3   0   0  30   2   3  14   1  16   0   0   4   0  17   2  0.78 0.30
   51 H     1  -3   0  -3  -1  -1  -3  -2   9  -3  -2  -3  -1  -4  -2   2   0  -5  -2  -3   10   0   2   0   1   1   0   1  53   1   5   0   2   0   1  16   4   0   0   1  1.16 0.40
   52 S    -1  -3   1  -3   1  -3  -3   0   1  -3  -5  -3  -4  -5  -1   6   1  -5  -4  -4    2   0   6   0   3   0   0   5   4   2   0   0   0   0   2  69   7   0   0   0  0.98 0.40
   53 R    -3   6  -2  -3  -5   3   0  -4  -2  -4  -4   3  -1  -4  -4  -2  -2  -4   0  -2    1  52   1   0   0  14   3   0   0   0   0  20   2   0   0   1   2   0   3   2  1.02 0.36
   54 R    -4   7  -3  -4  -6   0  -3  -5  -1  -3  -2   1  -3  -5  -5  -3  -2  -5  -4  -1    0  80   0   0   0   3   0   0   1   1   4   4   0   0   0   0   1   0   0   5  1.60 0.48
   55 G    -1  -3  -2  -4  -5  -4  -4   7   0  -6  -6  -4  -2  -5  -4  -1  -3   0  -2  -5    4   2   1   0   0   0   0  82   2   0   0   0   1   0   0   4   1   1   2   0  1.55 0.43
   56 L    -4  -5  -6  -6  -4  -4  -5  -6  -5   0   6  -5   1   0  -5  -5  -4  -4  -3  -2    0   0   0   0   0   1   0   0   0   1  93   0   2   3   0   0   0   0   0   0  1.51 0.46
   57 L    -3   2  -2  -4  -3   1  -3  -5  -3   2   4  -1   3  -1  -4  -3  -2   2  -1  -1    0  11   2   0   0   7   0   0   0  10  51   3   8   1   0   0   1   3   1   1  0.54 0.25
   58 I    -1   2  -1  -2  -4   0  -1  -3  -1   0   0   4   3  -3  -3  -2  -1  -4  -2  -1    5  13   2   2   0   2   2   1   1   4  12  38  11   0   0   1   2   0   1   3  0.40 0.22
   59 L    -2  -3  -4  -4  -3  -3  -4  -5  -4   3   3   1   6  -2  -4  -1   0  -4  -1   0    1   0   0   0   0   0   0   0   0  16  31  10  30   0   0   4   5   0   1   1  0.67 0.29
   60 V    -2  -4  -3  -4  -3  -2   1  -5  -5   3   1  -4  -1  -3  -4  -4  -2  -5  -3   5    0   0   1   0   0   1  10   0   0  18  13   0   0   0   0   0   0   0   0  57  0.83 0.32
   61 G     0  -3   2   1  -1  -2  -2   5  -1  -3  -5  -3  -4  -5  -3   3  -1  -5  -3  -4    6   0  10   7   1   1   1  43   1   1   0   0   0   0   0  27   1   0   0   0  0.72 0.28
   62 Q    -2   4  -2  -2  -5   5  -1  -4   3  -5  -4   5  -3  -5  -3  -1  -1  -5  -3  -4    1  20   0   1   0  26   0   0   8   0   1  40   0   0   0   2   2   0   0   0  0.97 0.36
   63 R    -4   8  -3  -5  -6  -2  -3  -5  -3   2  -4  -1  -4  -5  -5  -4  -4  -6  -5  -4    0  88   0   0   0   0   0   0   0  12   0   0   0   0   0   0   0   0   0   0  2.00 0.57
   64 R    -4   7  -3  -4  -6   2  -2  -5   1  -5  -5   4  -4  -5  -4  -3  -3  -1  -4  -5    0  60   0   0   0  10   0   0   3   0   0  26   0   0   0   0   0   1   0   0  1.43 0.44
   65 R    -1   6   1  -3  -5   0  -2  -2   0  -4  -4   4  -3  -5  -4   0  -2  -5  -4  -4    3  43   8   0   0   2   0   2   2   1   0  32   0   0   0   7   1   0   0   0  0.94 0.34
   66 L    -3  -4  -6  -6  -4  -3  -4  -5  -3   0   6  -5   2   0  -5  -5  -3  -4  -3  -1    0   0   0   0   0   1   0   1   0   2  86   0   5   4   0   0   0   0   0   1  1.28 0.41
   67 L    -3  -5  -6  -6  -4  -4  -5  -6  -5   0   6  -5   0  -2  -5  -3  -3  -4  -3   1    1   0   0   0   0   0   0   0   0   3  85   0   1   0   0   2   1   0   0   7  1.27 0.41
   68 Q     1   1   2   4  -4   0   0  -2  -2  -3  -3   3  -3  -4  -3   1  -1  -5  -3  -2   12   6  10  26   0   3   3   1   0   1   1  22   0   0   0   9   3   0   0   2  0.42 0.20
   69 Y    -5  -5  -2  -6  -6  -5  -5  -6   0  -3  -3  -5  -4   1  -6  -5  -5  -1  10  -4    0   0   2   0   0   0   0   0   1   1   1   0   0   2   0   0   0   0  92   0  2.68 0.67
   70 L    -3  -4  -5  -6  -4  -4  -5  -6  -4   1   5  -5   0  -1  -5  -4  -3  -3   3   0    0   0   0   0   0   0   0   0   0   5  75   0   1   1   0   1   0   0  13   4  1.10 0.37
   71 A    -1   4  -1  -3  -3   1  -1  -3  -1  -3  -3   5  -2  -2  -3   1  -2  -4  -1  -3    4  22   2   0   1   4   1   0   1   1   1  46   1   2   0   9   1   0   2   1  0.70 0.30
   72 K    -2   4   2   0  -4   1   0   1  -1  -4  -4   4  -3  -5  -3   0  -2  -5  -4  -4    2  24   9   4   0   5   4  10   1   0   1  33   0   0   0   6   0   0   0   1  0.58 0.25
   73 K    -2   1   2  -1  -3   0   0  -3  -1  -2  -3   5  -2  -4  -3  -1   3   0  -3   0    1   4   9   3   0   2   3   0   1   2   0  43   0   0   0   2  21   2   1   7  0.57 0.29
   74 D    -3  -2   5   6  -5  -2   0  -2  -2  -6  -5  -2  -5  -6  -4   0  -3  -6  -4  -5    1   2  27  55   0   1   5   2   0   0   1   1   0   0   0   4   0   0   0   0  1.28 0.41
   75 I    -1   0  -1  -2  -2  -1   0  -2  -1   2   0   0   0   1   1  -1   0  -2   2   2    4   6   2   1   0   2   5   1   1  15   6   5   1   7   8   1   6   0  11  17  0.11 0.10
   76 Q     0  -2   1   3  -4   2   3  -1  -2  -2  -2   0  -2  -4   0   0   0  -4  -3   0    9   0   6  19   0   8  24   4   0   2   3   3   0   0   4   4   6   0   0   7  0.31 0.18
   77 R    -1   7  -2  -4  -1  -1  -2  -1  -2  -5  -3   1  -4  -5  -4   1  -2  -5  -4  -2    5  64   1   0   1   1   2   4   1   0   2   4   0   0   0  10   2   0   0   4  1.08 0.41
   78 F    -3  -5  -6  -7  -3  -5  -6  -7  -2  -5  -4  -5  -4   3  -7  -5  -5   0   9  -5    3   0   0   0   1   0   0   0   0   0   0   0   0   8   0   0   0   1  88   0  2.74 0.72
   79 R    -2   4   0   0  -4   2   1  -3  -1  -2  -1   2  -2  -3  -3   0   0  -4  -2  -2    1  32   4   3   0   9  10   0   1   1   6  16   0   1   0   6   6   0   1   3  0.44 0.22
   80 A     2  -1   1   2  -3   1   2  -2  -1  -3  -2   2  -3  -2  -3   1   0   2  -3  -3   19   1   8  11   0   4  17   1   1   0   3  15   0   1   0   7   6   3   0   1  0.29 0.18
   81 L    -2  -5  -5  -6   0  -4  -5  -6  -5   3   5  -5   0  -2  -5  -4   0  -4  -3   1    3   0   0   0   2   0   0   0   0  13  65   0   1   0   0   0   6   0   0  10  0.96 0.35
   82 V    -3  -4  -6  -6   2  -5  -5  -6  -6   7   1  -4   0  -3  -5  -4  -2  -5  -4   2    0   0   0   0   5   0   0   0   0  69   9   1   1   0   0   1   2   0   0  11  1.29 0.42
   83 D     0  -1   1   0  -4   2   3   1  -2  -3  -4   3  -3  -4  -3   0   0  -1  -3  -3    9   0   6   5   0  11  24   9   0   1   1  21   0   0   0   7   4   1   0   1  0.39 0.21
   84 R     0   4   0  -1  -5   3   2  -3  -1  -5  -4   4  -2  -5  -3   0  -2  -5  -4  -4    7  24   4   3   0  12  13   1   0   0   0  28   1   0   0   5   1   0   0   0  0.63 0.27
   85 L    -4  -5  -6  -7  -4  -4  -6  -7  -2  -1   6  -5  -1  -1  -6  -5  -4  -4  -4  -2    0   0   0   0   0   0   0   0   1   1  96   0   0   1   0   0   0   0   0   0  1.70 0.53
   86 G    -2  -4   3   1  -5  -4  -2   6  -3  -6  -6  -1  -5  -6  -5  -2  -4  -5  -4  -6    1   0  14   9   0   0   2  69   0   0   0   3   0   0   0   1   0   0   0   0  1.38 0.43
   87 I    -4  -5  -6  -6  -4  -5  -6  -6  -6   5   5  -5   0  -2  -5  -5  -3  -5  -4   0    0   0   0   0   0   0   0   0   0  41  56   0   1   0   0   0   1   0   0   2  1.25 0.41
   88 R    -4   8  -1  -5  -7  -2  -3  -5  -3  -6  -5   0  -4  -6  -5  -4  -4  -6  -5  -6    0  96   2   0   0   0   0   0   0   0   0   2   0   0   0   0   0   0   0   0  2.30 0.58
   89 R    -2   5  -2   0  -5   0   1  -4  -2  -5  -4   5  -4  -5  -2  -2  -3  -5  -4  -4    1  41   0   5   0   1  10   0   0   0   0  40   0   0   1   0   0   0   0   0  1.07 0.32
   90 G     1  -1  -1  -2  -2  -1  -1   2  -2  -1   0  -1  -1  -2   3   2   1  -3  -2   0   15   2   0   0   0   0   0  17   0   4  11   0   0   0  14  20  13   0   0   4  0.22 0.04
   91 A     2   1  -1  -2  -3   0   0  -2  -2  -3  -3   5  -2  -4  -2   0  -1  -4  -3  -2   20   0   0   0   0   0   0   0   0   0   0  76   0   0   0   4   0   0   0   0  0.63 0.12
   92 A     1  -2   2  -1  -1  -1  -1  -2  -2  -2  -2  -1  -1  -3  -2   1   5  -3  -2  -1   12   0  14   0   0   0   0   0   0   0   0   0   0   0   0   7  67   0   0   0  0.49 0.07
   93 G     0  -2   0  -1  -3  -1   1   5  -2  -4  -4  -1  -3  -3  -2   0  -2  -3  -3  -3    0   0   0   0   0   0  18  82   0   0   0   0   0   0   0   0   0   0   0   0  0.80 0.01
   94 A     3  -1   0  -1  -1   0  -1   0  -1  -2  -2   0  -1  -2  -1   3   1  -3  -2  -1   47   0   0   0   0   0   0   0   0   0   0   0   0   0   0  53   0   0   0   0  0.36 0.00
   95 K    -1   5   0  -1  -3   1   0  -2  -1  -3  -2   4  -1  -3  -2  -1  -1  -3  -2  -3    0  49   0   0   0   0   0   0   0   0   0  51   0   0   0   0   0   0   0   0  0.56 0.00

                      K         Lambda
Standard Ungapped    0.1363     0.3221
Standard Gapped      0.0576     0.2670
PSI Ungapped         0.1883     0.3173
PSI Gapped           0.0576     0.2670
