
Last position-specific scoring matrix computed, weighted observed percentages rounded down, information per position, and relative weight of gapless real matches to pseudocounts
            A   R   N   D   C   Q   E   G   H   I   L   K   M   F   P   S   T   W   Y   V   A   R   N   D   C   Q   E   G   H   I   L   K   M   F   P   S   T   W   Y   V
    1 V     3  -3  -3  -3  -1  -2  -2  -2  -3   2   1  -2   2  -1  -2  -1  -1  -3  -2   3   36   0   0   0   0   0   0   0   0   9   9   0   7   0   0   0   0   0   0  40  0.30 0.07
    2 S     0  -1   3  -1  -3   2  -1  -2  -1  -2  -3   2  -1  -3  -2   2   3  -4  -3  -2    3   0  19   0   0  10   0   0   0   2   0  19   1   0   0  16  29   0   0   0  0.37 0.12
    3 V    -2  -4  -4  -5  -2  -4  -4  -5  -4   4   1  -4   0   1  -4  -3  -1  -4  -2   5    0   0   0   0   0   0   0   0   0  25   6   0   0   6   0   0   0   0   0  64  0.74 0.18
    4 D    -4  -3   4   7  -5  -2   1  -3  -2  -5  -6  -2  -5  -5  -3  -2  -3  -6  -5  -5    0   0  20  73   0   0   7   0   0   0   0   0   0   0   0   0   0   0   0   0  1.47 0.30
    5 C    -3  -6  -5  -6  11  -6  -6  -5   0  -4  -4  -6  -4   0  -6  -4  -4  -5  -4  -4    0   0   0   0  92   0   0   0   3   0   0   0   0   5   0   0   0   0   0   0  3.07 0.53
    6 S     0  -1   0   1  -3   2  -1  -1   0  -3  -3   1  -3  -3  -1   4   1  -4   0  -2    5   2   2   7   0  10   0   4   2   0   0   9   0   0   1  46   7   0   3   2  0.41 0.18
    7 G    -2   1   1   4  -4   1   2   1   1  -1  -3   0  -3  -4  -3  -1  -2  -4  -3  -1    0  11   8  26   0   6  14  14   3   4   0   5   0   0   0   0   0   0   0   7  0.35 0.13
    8 Y    -3  -4  -4  -4  -4  -3  -4  -4   2  -3  -3  -4  -3   2   3  -3  -3   5   8  -3    1   0   0   0   0   0   0   0   3   0   1   0   0   7  14   0   0   7  63   0  1.53 0.34
    9 P    -1   1  -2   0   2  -1   0  -3  -3  -3  -3   1  -3  -4   6   0  -1  -4  -4   0    5   8   0   5   5   3   5   0   0   0   1   8   0   0  41   7   4   0   0   8  0.75 0.20
   10 K     0   0  -2  -1  -3   2   1  -1  -2  -3  -2   4  -2  -1  -2   0   1  -3  -1  -2    7   3   0   3   0  11  10   3   0   0   3  41   0   2   0   3   9   0   2   3  0.41 0.17
   11 P    -1  -2  -2  -3   4  -1  -2  -3   2  -1  -1   1  -1  -2   6  -1  -2  -4  -3  -2    3   1   2   1   9   2   1   1   7   5   5   8   1   2  45   3   2   0   0   3  0.86 0.21
   12 E     2  -1  -1  -1  -3  -2  -1   1  -3  -1  -1  -1   2   0   4  -1  -1  -3  -1   1   19   4   2   3   0   0   2  14   0   1   4   2   8   4  20   2   3   0   1  12  0.27 0.12
   13 C    -4  -7  -6  -7  11  -6  -7  -6  -6  -5  -5  -6  -5  -6  -1  -1  -4  -6  -6  -4    0   0   0   0  92   0   0   0   0   0   0   0   0   0   4   4   0   0   0   0  3.33 0.59
   14 T    -1  -1  -1  -3  -3  -1  -2  -3   0  -3  -2   1   0  -1   4   1   5  -4  -3  -1    3   2   2   0   0   2   0   0   2   0   2  11   2   3  20   8  40   0   0   3  0.58 0.22
   15 A    -1   3  -2  -2  -4   0  -2  -1   1  -1   1   2   4  -3   1  -1  -1  -4  -3  -2    3  21   0   1   0   4   0   5   3   2  15  17  16   0   6   2   3   0   0   0  0.29 0.15
   16 E    -2  -1   0   3  -4   0   4  -3   2  -1  -2   0   0  -3  -1   0  -1  -4  -1  -1    0   2   4  18   0   2  38   0   5   5   3   3   3   0   2   4   4   0   3   4  0.43 0.17
   17 E    -3  -2  -2  -2  -4  -1  -2  -5   1  -2   0  -2   0   2  -1  -1  -2   2   7  -2    0   2   2   3   0   3   2   0   2   2  11   2   2   4   3   4   2   2  52   2  0.83 0.26
   18 T    -1   1   3   3  -4   0   0  -3  -2  -1  -1   2   2  -1  -3  -1  -1  -1  -2  -1    3  10  21  17   0   3   5   0   0   2   6  13   8   3   0   3   1   1   1   4  0.24 0.12
   19 P    -3  -2  -4  -4  -5  -1  -3  -4  -4  -5  -3  -3  -4  -6   8  -3  -2  -6  -5  -4    0   3   0   0   0   2   0   0   0   0   3   0   0   0  91   0   2   0   0   0  2.41 0.36
   20 L    -2  -4  -4  -5  -2  -2  -4  -5   0   3   2  -4   0   0  -4  -3  -2  -4  -2   5    0   0   0   0   0   2   0   0   3  16  20   0   0   2   0   0   0   0   0  57  0.67 0.19
   21 C    -3  -6  -6  -6  11  -6  -7  -5  -6  -4  -4  -6  -4  -5  -6  -4  -4  -5  -5  -4    0   0   0   0 100   0   0   0   0   0   0   0   0   0   0   0   0   0   0   0  3.40 0.49
   22 G     1  -4  -2   0  -4  -4  -4   7  -4  -6  -6  -3  -5  -5  -4  -2  -3  -5  -5  -5    9   0   0   5   0   0   0  86   0   0   0   0   0   0   0   0   0   0   0   0  1.57 0.29
   23 S    -1  -3  -1  -1  -3  -2  -2  -3  -3  -4  -3  -2  -3  -4  -3   6   4  -5  -4  -3    0   0   0   2   0   0   0   0   0   0   2   0   0   0   0  66  30   0   0   0  1.01 0.28
   24 D    -1  -3   4   7  -5  -2  -1  -3  -3  -5  -6  -3  -5  -6  -4  -2  -3  -6  -5  -5    5   0  21  74   0   0   0   0   0   0   0   0   0   0   0   0   0   0   0   0  1.52 0.30
   25 N     0  -3   3  -1  -4  -1  -3   5  -2  -4  -4  -2  -1  -2  -3   0  -2  -4  -2  -4    7   0  19   2   0   3   0  58   0   0   0   2   3   2   0   3   0   0   2   0  0.86 0.20
   26 K    -2   1   0  -1  -4   2   0  -3   3   1  -1   4  -1  -2  -3  -1  -1  -4  -2   0    0   7   4   2   0   9   5   0  11  13   5  34   0   1   0   2   2   0   0   7  0.29 0.12
   27 T    -2  -3   0  -3  -3  -3  -3  -4  -4  -2  -2  -3  -3   0  -3   0   7  -4  -3  -1    0   0   3   0   0   0   0   0   0   1   2   0   0   4   0   3  85   0   0   1  1.28 0.32
   28 Y    -4  -4  -5  -6  -5  -4  -5  -6  -1  -4  -4  -5  -3   2  -6  -4  -4   0   9  -4    0   0   0   0   0   0   0   0   0   0   0   0   0   5   0   0   0   0  95   0  2.49 0.43
   29 R     1   0   1   1  -3   1   1   2  -1  -3  -3   0  -2  -1   1   2  -1  -3  -1  -3    9   4   5   7   0   8   7  14   1   0   1   4   0   3   7  27   1   0   2   0  0.25 0.09
   30 N    -3  -3   8   0  -5   0  -2  -1  -2  -6  -6  -2  -4  -5  -4   0  -2  -6  -4  -5    0   0  86   2   0   3   0   3   0   0   0   0   0   0   0   5   0   0   0   0  1.69 0.34
   31 K    -2   1  -1   0  -4   0   4  -3   2  -2  -3   3  -3  -4   2  -1  -1  -4  -3  -3    1   7   2   2   0   0  39   0   6   3   1  25   0   0  10   3   2   0   0   0  0.57 0.17
   32 C    -3  -6  -5  -6  11  -6  -6  -5  -6  -4  -4  -6  -4  -5  -6  -1  -3  -5  -5  -4    0   0   0   0  96   0   0   0   0   0   0   0   0   0   0   4   0   0   0   0  3.16 0.47
   33 N     0   0   1   0  -2   0   0  -2   2   0   0   0   1   1  -2   0   1  -2   0   0    9   6   9   4   0   4   7   1   7  10   7   3   5  11   0   4   9   0   3   3  0.05 0.04
   34 F    -3  -4  -5  -5  -3  -4  -5  -5  -4  -1   4  -4   0   6  -5  -4  -3  -2   0   0    0   0   0   0   0   0   0   0   0   0  49   0   0  46   0   0   0   0   0   3  1.04 0.23
   35 C    -3   0  -2  -5  10   0  -2  -3   2  -4  -2  -2  -2   0  -5  -2  -1  -5  -4  -4    0   5   2   0  62   5   2   2   5   0   5   2   1   4   0   2   4   0   0   0  1.71 0.43
   36 N    -1   1   4  -1   1  -1   0  -1   0  -1  -1   0   1   0  -3   1   0  -4  -2   0    5  10  26   0   4   2   4   3   2   3   5   5   4   4   0  10   4   0   0   9  0.17 0.12
   37 A     4  -3  -3   0  -3   0   3  -2  -3  -3  -4   0  -1  -2  -3   0   1  -5  -4  -3   47   0   0   4   0   4  22   2   0   1   0   5   1   2   0   3   7   0   0   0  0.59 0.27
   38 V     2   1   1  -2  -3   1  -1  -1  -2   1  -2   2  -2  -2  -3   0  -1  -4  -2   2   21   9   9   0   0   7   1   3   0   9   1  13   0   2   0   6   0   0   1  18  0.19 0.15
   39 V    -1   2  -4  -4   7  -2  -1  -3  -4   0   1  -1   2  -3  -4  -2  -3   2  -2   2    4  13   0   0  30   2   4   1   0   5  12   3   7   0   0   1   0   3   1  14  0.62 0.24
   40 E    -1   1   1   1  -4   2   3  -2  -1  -2  -1   3  -1  -2  -3  -1  -1  -1  -1  -1    4   6   6   6   0   7  21   2   1   2   7  22   1   1   0   3   2   1   2   5  0.24 0.13
   41 S    -1   2   1  -1  -1   1   0  -2  -1  -3  -1   0  -2   1  -3   3   0  -4  -2  -3    1  13   8   2   1   6   6   2   1   0   7   5   0   8   0  34   5   0   0   0  0.30 0.19
   42 N    -2   0   4   2  -5   3   0   2   2  -3  -4   1  -2  -5  -2   0  -2  -5  -3  -3    0   5  24  11   0  14   3  17   6   1   1   9   1   0   1   6   0   0   0   1  0.48 0.22
   43 G     0   1  -1  -1  -4   1  -1   4  -1  -4  -3   1  -1  -4   2   0   1  -4  -1  -3    5   7   2   1   0   7   4  31   1   0   2   8   2   0  10   5  12   0   3   1  0.35 0.16
   44 T    -2   2   3   2  -4  -1   0   0   1  -3  -3   1  -3  -4   0   0   3  -4  -3  -2    2  10  14  13   0   1   4   6   5   0   1  11   0   0   5   5  22   0   0   1  0.33 0.17
   45 L    -4  -5  -6  -6  -4  -5  -6  -6  -6   6   3  -5  -1   0  -5  -5  -2  -5  -3   2    0   0   0   0   0   0   0   0   0  52  32   0   0   3   0   0   2   0   0  12  1.13 0.36
   46 T    -2   2   1   0  -4   2   1  -3   3  -2  -1   1  -2  -1  -3   0   4  -4  -3  -2    0  10   6   4   0   9   7   1   7   2   7   7   0   3   0   4  32   0   0   2  0.34 0.21
   47 L    -2  -4  -5  -5  -3  -4  -3  -5  -4   4   3  -2  -1   3  -5  -3  -3  -3   0   2    1   0   0   0   0   0   2   0   0  26  32   3   0  16   0   2   0   0   2  16  0.64 0.25
   48 R     0   1   0   0  -3   1   0  -1  -2   0   0   0   0  -2  -3   1  -1  -3   0   1    7  11   5   5   0   8   3   4   0   4  11   7   3   1   0  10   1   0   3  17  0.07 0.08
   49 H    -3   1   0  -4  -6  -2  -3  -3   9  -6  -5   3  -4  -4  -5   0  -4  -4   3  -5    2   6   4   0   0   0   0   2  51   0   0  20   0   0   0   6   0   0  10   0  1.50 0.46
   50 F    -3   1   1   2  -4   0   0  -3   0  -2  -2  -1   1   4   0   0  -1   2   3  -2    0   9   6  16   0   5   6   1   2   1   1   2   4  20   4   7   4   3  10   1  0.28 0.16
   51 G    -2  -5  -3  -2  -6  -4  -1   7  -5  -7  -7  -2  -6  -6  -5  -3  -2  -6  -6  -6    1   0   0   1   0   0   4  88   0   0   0   3   0   0   0   0   3   0   0   0  1.91 0.51
   52 K    -1   1  -2   0  -5   1   2  -4   2  -5  -4   4  -2  -5   4  -1  -2  -5  -4  -4    5   6   0   5   0   5  15   0   5   0   1  31   1   0  23   2   2   0   0   1  0.69 0.27
   53 C    -5  -8  -7  -8  12  -7  -8  -7  -7  -5  -5  -7  -6  -7  -7  -5  -5  -7  -7  -5    0   0   0   0 100   0   0   0   0   0   0   0   0   0   0   0   0   0   0   0  4.12 0.85

                      K         Lambda
Standard Ungapped    0.1332     0.3171
Standard Gapped      0.0519     0.2670
PSI Ungapped         0.1696     0.3167
PSI Gapped           0.0519     0.2670
