
Last position-specific scoring matrix computed, weighted observed percentages rounded down, information per position, and relative weight of gapless real matches to pseudocounts
            A   R   N   D   C   Q   E   G   H   I   L   K   M   F   P   S   T   W   Y   V   A   R   N   D   C   Q   E   G   H   I   L   K   M   F   P   S   T   W   Y   V
    1 M    -2  -2  -3  -4  -2  -1  -3  -4  -3   0   1  -2   9  -1  -4  -3  -2  -2  -2   0    0   0   0   0   0   0   0   0   0   0   0   0 100   0   0   0   0   0   0   0  1.15 0.18
    2 E    -2  -1  -1   2  -4   2   6  -3  -1  -4  -4   0  -3  -4  -2  -1  -1  -4  -3  -3    0   0   0  10   0   5  81   0   0   0   0   0   0   0   0   0   3   0   0   0  0.92 0.13
    3 T    -1  -2   0  -2  -2  -2  -2  -2  -3  -1  -2  -1  -2  -3   5   1   4  -4  -3  -1    0   0   3   0   0   0   0   0   0   1   2   3   0   0  33   7  48   0   0   2  0.72 0.12
    4 A     5  -2  -2  -2  -1  -2  -2   0  -2  -2  -2  -2  -2  -3  -1   1   0  -3   0  -1   79   0   0   0   0   0   0   4   0   0   0   0   0   0   2   7   4   0   4   0  0.56 0.13
    5 N     0  -2  -1  -2  -2  -1  -2  -2  -2   0   1  -2   0   2  -2   1   4  -2  -1   0    6   0   3   0   0   2   0   0   0   6  15   0   0  15   0   6  44   0   0   2  0.25 0.08
    6 L    -1  -3  -2  -3  -2  -2  -3  -3  -3   2   3  -2   1   2  -3   1  -1  -2  -1   2    0   0   0   0   0   0   0   0   0  12  34   0   0  12   0  20   0   0   0  21  0.24 0.07
    7 V    -1  -3  -3  -4  -2  -3  -3  -4  -3   2   3  -3   1   2  -3  -2  -1  -2   0   3    0   0   0   0   0   0   0   0   0  15  37   0   0  13   0   4   0   0   2  30  0.35 0.07
    8 A     2  -2  -1  -2  -1  -1  -1   0  -2   0  -1  -1  -1  -2  -2   2   2  -3  -2   1   29   0   0   0   0   0   0   7   0   7   0   0   0   0   0  26  20   0   0   9  0.24 0.07
    9 I    -2  -4  -4  -4  -2  -3  -4  -5  -4   5   1  -3   0  -1  -4  -3   0  -4  -2   3    0   0   0   0   0   0   0   0   0  74   5   0   0   0   0   0   4   0   0  18  0.66 0.13
   10 F     1  -3  -2  -3  -2  -2  -3   0  -2  -1   0  -2  -1   5  -3   1   1  -1   1  -1   14   0   0   0   0   0   0   8   0   2   3   0   0  49   0  13  12   0   0   0  0.37 0.10
   11 V    -2  -3  -4  -4  -2  -3  -4  -4  -4   4   2  -3   2   1  -3  -3  -1  -3  -1   3    0   0   0   0   0   0   0   0   0  51  18   0   6   5   0   0   0   0   0  21  0.49 0.10
   12 S     2  -2  -1  -2  -2  -1  -2   1  -2  -1   1  -2   0  -1  -2   2   0   4  -1   0   21   0   0   0   0   0   0  10   0   0  19   0   2   3   0  33   0   8   0   4  0.22 0.07
   13 C     2  -1  -2  -3   6  -2  -2  -1  -3  -1  -2  -2  -1   0  -2   1   0  -3  -2   1   26   3   0   0  29   0   0   4   0   3   0   0   0   6   0  14   5   0   0  10  0.36 0.08
   14 L     0  -3  -3  -4  -2  -3  -3  -3  -3   2   3  -3   1   1  -3  -2  -1  -2  -1   2   12   0   0   0   0   0   0   0   0  12  47   0   1   5   0   2   0   0   0  20  0.32 0.07
   15 L    -2  -3  -4  -4   0  -3  -3  -4  -4   2   4  -3   1  -1  -3  -2   1  -3  -2   2    0   0   0   0   2   0   0   0   0   4  70   0   0   0   0   0   9   0   0  14  0.49 0.10
   16 V    -2  -3  -4  -4  -2  -3  -4  -4  -4   3   3  -3   1   1  -3  -3  -1  -3  -1   3    0   0   0   0   0   0   0   0   0  26  38   0   0   4   0   0   0   0   0  32  0.46 0.09
   17 S     2  -2  -1  -2   1  -1  -2   4  -2  -3  -3  -1  -2  -3  -2   3   0  -3  -3  -2   15   0   0   0   3   0   0  37   0   0   2   0   0   0   0  42   0   0   0   2  0.49 0.09
   18 L    -1  -3  -4  -4  -2  -3  -3  -4  -3   3   2  -3   1   3  -3  -3  -1  -2   0   2    2   0   0   0   0   0   0   0   0  35  22   0   2  22   0   0   3   0   0  14  0.37 0.06
   19 T    -1  -2  -1  -2  -2  -2  -2  -3  -3  -2  -2  -2  -2  -3  -2   1   7  -4  -3  -1    0   0   0   0   0   0   0   0   0   0   0   0   0   0   0   0 100   0   0   0  1.05 0.18
   20 G     2  -3  -1  -2  -3  -2  -3   5  -3  -1  -3  -2  -2  -3  -3   0  -2  -3  -3  -1   18   0   0   0   0   0   0  68   0   6   0   0   0   0   0   3   0   0   0   5  0.75 0.10
   21 Y    -3  -3  -3  -4  -3  -3  -3  -4   0  -1   0  -3  -1   5  -4  -3  -3   1   7  -1    0   0   0   0   0   0   0   0   0   2   8   0   0  24   0   0   0   0  64   2  1.03 0.14
   22 A     3  -2  -1  -2  -2  -1  -1   2  -2  -3  -3  -1  -2  -3  -2   3   0  -3  -3  -2   39   0   0   0   0   0   0  18   0   0   0   0   0   0   0  41   2   0   0   0  0.47 0.09
   23 L    -2  -3  -4  -4  -2  -3  -4  -4  -4   4   3  -3   1  -1   0  -3  -1  -3  -2   3    0   0   0   0   0   0   0   0   0  43  32   0   0   0   5   0   0   0   0  20  0.45 0.08
   24 Y    -3  -3  -3  -2  -4  -3  -3  -4   1  -3  -2  -3  -2   3  -4  -3  -3   4   8  -2    0   0   0   3   0   0   0   0   0   0   0   0   0   3   0   0   0   5  88   0  1.45 0.18
   25 T    -1  -2  -1  -2  -2   0  -2  -3  -3   1  -1  -2   1  -2  -2   1   5  -3  -2   1    0   0   0   0   0   4   0   0   0   9   2   0   5   0   0   3  65   0   0  13  0.47 0.11
   26 S     4  -2  -1  -2  -1  -1  -1   2  -2  -3  -3  -1  -2  -3  -2   2   0  -3  -3  -1   64   0   0   0   0   0   0  14   0   0   0   0   0   0   0  22   0   0   0   0  0.53 0.10
   27 F    -3  -4  -4  -4  -3  -4  -4  -4  -2  -1  -1  -4  -1   8  -5  -1  -3   0   2  -2    0   0   0   0   0   0   0   0   0   0   0   0   0  95   0   5   0   0   0   0  1.31 0.17
   28 G    -1  -3  -1  -2  -4  -3  -3   7  -3  -5  -5  -3  -4  -4  -3  -1  -3  -4  -4  -4    0   0   0   0   0   0   0 100   0   0   0   0   0   0   0   0   0   0   0   0  1.49 0.15
   29 R    -2   0  -1  -2  -4   2   0  -3  -2  -4  -4   0  -3  -5   7  -1  -2  -4  -4  -3    0   4   3   0   0  16   2   0   0   0   0   2   0   0  72   0   0   0   0   0  1.55 0.14
   30 P     0  -2  -1  -2  -3  -2  -2  -3  -3  -2  -2   0   0  -4   7  -1  -1  -4  -3  -2    7   0   2   0   0   0   0   0   0   2   3   5   3   0  71   3   2   0   0   1  1.40 0.13
   31 S     2  -2   0  -1  -2  -1  -1  -1  -2  -3  -3  -1  -2  -3  -2   5   0  -4  -3  -2   18   0   3   0   0   0   0   0   0   0   0   0   0   0   0  79   0   0   0   0  0.67 0.13
   32 E     1   3   1  -1  -3   1   1  -2  -1  -3  -3   4  -2  -4  -2   0  -1  -4  -2  -2   12  13   6   0   0   3   6   0   0   0   0  53   0   0   0   5   0   0   0   2  0.45 0.08
   33 G     0   1   1   1  -3   3   3   0  -1  -3  -3   2  -2  -4  -2   0   0  -3  -2  -3    7   4   8   5   0  19  34   7   0   0   0  14   0   0   0   0   3   0   0   0  0.40 0.06
   34 L    -2  -3  -4  -5  -2  -3  -4  -5  -4   1   5  -3   1   0  -4  -3  -2  -3  -2   0    0   0   0   0   0   0   0   0   0   0 100   0   0   0   0   0   0   0   0   0  0.85 0.13
   35 I     0   5   0   1  -3   1   0  -2  -1  -2  -3   2  -2  -3  -2   0   0  -3  -2  -2    5  52   2   7   0   4   4   2   0   2   0   7   0   0   0   7   6   0   0   1  0.43 0.06
   36 D    -3  -3   1   7  -5  -1   1  -2  -2  -4  -5  -2  -4  -5  -2  -1  -2  -5  -4  -4    0   0   0 100   0   0   0   0   0   0   0   0   0   0   0   0   0   0   0   0  1.43 0.15
   37 P    -2  -3  -3  -3  -4  -2  -2  -3  -3  -3  -2  -2  -3  -4   8  -2  -2  -5  -4  -3    0   0   0   0   0   0   0   0   0   0   6   0   0   0  94   0   0   0   0   0  2.19 0.15
   38 F    -3  -4  -4  -5  -3  -4  -4  -4  -2  -1  -1  -4  -1   7  -5  -3  -3   5   3  -2    0   0   0   0   0   0   0   0   0   0   0   0   0  87   0   0   0   9   4   0  1.25 0.13
   39 D    -2  -1   0   4  -5   1   6  -3  -1  -4  -4   0  -3  -4  -2  -1  -2  -4  -3  -4    0   0   0  26   0   0  74   0   0   0   0   0   0   0   0   0   0   0   0   0  0.95 0.11
   40 N    -2  -1   0   4  -4   1   5  -2  -1  -3  -3   0   0  -4  -2  -1  -2  -4  -3  -3    0   0   2  31   0   0  58   2   0   0   0   0   6   0   0   0   0   0   0   0  0.73 0.09
   41 H    -3  -1   0  -2  -4  -1  -1  -3  10  -5  -4  -2  -3  -2  -3  -2  -3  -4   1  -4    0   0   0   0   0   0   0   0 100   0   0   0   0   0   0   0   0   0   0   0  1.80 0.19
   42 E    -2  -1  -1   2  -5   1   6  -1  -1  -4  -4   0  -3  -4  -2  -1  -2  -4  -3  -4    0   0   0   9   0   0  87   4   0   0   0   0   0   0   0   0   0   0   0   0  0.97 0.12
   43 D    -3  -2   2   7  -4  -1   2  -2  -2  -4  -5  -1  -4  -5  -2  -1  -2  -5  -4  -4    0   0   5  87   0   0   7   0   0   0   0   0   0   0   0   0   0   0   0   0  1.20 0.12

                      K         Lambda
Standard Ungapped    0.1392     0.3216
Standard Gapped      0.0491     0.2670
PSI Ungapped         0.1603     0.3177
PSI Gapped           0.0491     0.2670
