
Last position-specific scoring matrix computed, weighted observed percentages rounded down, information per position, and relative weight of gapless real matches to pseudocounts
            A   R   N   D   C   Q   E   G   H   I   L   K   M   F   P   S   T   W   Y   V   A   R   N   D   C   Q   E   G   H   I   L   K   M   F   P   S   T   W   Y   V
    1 E    -2  -1  -1   3  -5   1   6  -3  -1  -4  -4   0  -3  -4  -2  -1  -2  -4  -3  -4    0   0   0  19   0   0  81   0   0   0   0   0   0   0   0   0   0   0   0   0  1.08 0.16
    2 C    -2  -6  -5  -6  11  -5  -6  -5  -5  -3  -3  -5  -3  -4  -5  -3  -3  -4  -4  -3    0   0   0   0 100   0   0   0   0   0   0   0   0   0   0   0   0   0   0   0  2.83 0.34
    3 K    -2   7  -2  -3  -4   0  -1  -4  -2  -4  -3   3  -3  -4  -3  -2   0  -4  -3  -2    0  76   0   0   0   0   0   0   0   0   0  14   0   0   0   0   7   0   0   3  1.10 0.20
    4 K    -1   1  -3  -3  -4  -2  -1  -4  -1  -3  -3   2  -2   0  -4  -2  -3   8   7  -3    5   6   0   0   0   0   4   0   0   0   0  19   0   0   0   0   0  21  46   0  1.02 0.19
    5 L    -3  -3  -4  -5  -3  -3  -4  -4  -2   0   3  -3   5   5  -4  -3  -2   5   3  -1    0   0   0   0   0   0   0   0   0   0  30   0  23  30   0   0   0   9   8   0  0.71 0.15
    6 F    -3  -4  -4  -5  -3  -4  -4  -4  -3  -1   3  -4   2   5  -5  -4  -3   7   2  -1    0   0   0   0   0   0   0   0   0   0  38   0   4  37   0   0   0  18   2   0  0.92 0.16
    7 G    -1  -4  -2  -3  -4  -3  -4   7  -4  -5  -5  -3  -4  -5  -4  -2  -3  -4  -5  -5    0   0   0   0   0   0   0 100   0   0   0   0   0   0   0   0   0   0   0   0  1.74 0.24
    8 G     1  -2  -1   1  -3  -2   1   5  -3  -4  -4  -1  -3  -4  -3   0   0  -4  -4  -3    8   0   0   7   0   0   9  61   0   0   0   3   0   0   0   5   7   0   0   0  0.73 0.13
    9 C    -2  -6  -5  -6  11  -5  -6  -5  -5  -3  -3  -5  -3  -4  -5  -3  -3  -4  -4  -3    0   0   0   0 100   0   0   0   0   0   0   0   0   0   0   0   0   0   0   0  2.83 0.34
   10 T    -1   0   0   0  -2   0   1   0   1  -3  -3   2  -2  -3  -2   3   2   1  -2  -1    0   3   4   3   0   0   9   5   4   0   0  19   0   0   0  34  13   2   0   5  0.27 0.09
   11 T     0   1   0   1  -3   2   1   0  -1  -1  -2   3  -2  -3  -2   1   1  -3  -2  -1    6   3   4   8   0   9  11   6   0   4   0  28   0   0   0   9   9   0   0   5  0.21 0.06
   12 S    -2  -2   1   5  -3  -1   1   0   3  -3  -4  -2  -3  -4  -2   0   3  -4  -3  -3    0   0   3  50   0   0   4   5  10   0   0   0   0   0   0   5  24   0   0   0  0.68 0.15
   13 S     0  -2   0   2  -3   1   2   2  -2  -3  -2  -1   1  -3  -2   3  -1  -4  -3  -2    5   0   2  13   0   5  13  16   0   0   3   0   8   0   0  35   0   0   0   0  0.31 0.10
   14 E    -3  -2   0   6  -4   0   2  -3   0  -4  -4  -2  -4  -5   0  -1   0  -5  -4  -2    0   0   0  71   0   4  10   0   2   0   0   0   0   0   4   0   5   0   0   4  1.01 0.18
   15 C    -2  -6  -5  -6  11  -5  -6  -5  -5  -3  -3  -5  -3  -4  -5  -3  -3  -4  -4  -3    0   0   0   0 100   0   0   0   0   0   0   0   0   0   0   0   0   0   0   0  2.83 0.34
   16 C    -2  -6  -5  -6  11  -5  -6  -5  -5  -3  -3  -5  -3  -4  -5  -3  -3  -4  -4  -3    0   0   0   0 100   0   0   0   0   0   0   0   0   0   0   0   0   0   0   0  2.83 0.34
   17 A     0   0  -2   0  -3   0   3  -2  -2  -2   0   2  -2  -3   4  -1  -1  -4  -3  -2   11   3   0   4   0   0  26   0   0   0  12  20   0   0  21   2   0   0   0   0  0.41 0.10
   18 H    -3   0  -1  -3  -5  -1  -2  -4  10  -5  -4  -1  -3  -3  -4  -3  -3   3   1  -5    0   3   0   0   0   0   0   0  87   0   0   3   0   0   0   0   0   4   3   0  1.93 0.29
   19 L    -3  -4  -5  -5  -3  -4  -4  -5  -4   0   6  -4   1  -1  -4  -4  -3  -3  -2   0    0   0   0   0   0   0   0   0   0   0 100   0   0   0   0   0   0   0   0   0  1.10 0.21
   20 G     1   0  -1  -2  -3   0  -1   4  -2  -2  -3  -1  -2  -1  -3   1  -1  -3  -2   1   14   5   0   0   0   5   4  45   0   0   0   0   0   4   0  10   0   0   0  14  0.40 0.10
   21 C    -2  -6  -5  -6  11  -5  -6  -5  -5  -3  -3  -5  -3  -4  -5  -3  -3  -4  -4  -3    0   0   0   0 100   0   0   0   0   0   0   0   0   0   0   0   0   0   0   0  2.83 0.34
   22 K    -2   4   2  -2  -4   0  -1  -3   4  -4  -4   4  -3  -4  -3   0  -2  -4  -2  -4    0  24   9   0   0   0   0   0  15   0   0  45   0   0   0   7   0   0   0   0  0.67 0.15
   23 Q    -1   3  -1   0  -3   0   0  -2  -1  -3  -2   2   1  -1   2   1   0   3   1  -2    0  25   0   4   0   2   4   0   0   0   0  12   6   2   9  17   7   4   8   0  0.27 0.08
   24 K    -2   2   0   1  -3   0   0   0  -2  -3  -2   4  -2  -3  -2  -1   2  -3  -1  -2    0   9   2   8   0   0   2   6   0   0   3  47   0   0   0   0  17   0   3   2  0.38 0.12
   25 W    -1  -2  -2  -2  -3  -2  -2  -1   1  -2   1   0   0   2  -3  -1  -1   9   2  -2    3   1   1   3   0   0   1   6   4   1  15   8   2   8   1   4   4  33   7   1  0.66 0.11
   26 P    -1  -1   1   2  -3  -1   0  -1   3  -3  -3   1  -2  -3   5  -1  -1  -3  -2  -3    1   1   9  11   0   1   6   4  10   1   1  14   0   1  36   1   1   0   1   1  0.62 0.09
   27 F    -1  -1   1  -1  -2   0  -1   0   1  -1  -1   0  -1   1   1   0   0   2   3  -1    2   2  12   2   1   6   2  10   3   5   6   4   1   7   8   9   4   2  15   2  0.09 0.02
   28 Y    -3  -3  -3  -5  -4  -3  -3  -4   4   1  -2  -3  -2   2  -4  -3  -3   8   7  -2    0   0   0   0   0   0   0   0  12  14   0   0   0   4   0   0   0  27  44   0  1.30 0.21
   29 C    -2  -6  -5  -6  11  -5  -6  -5  -5  -3  -3  -5  -3  -4  -5  -3  -3  -4  -4  -3    0   0   0   0 100   0   0   0   0   0   0   0   0   0   0   0   0   0   0   0  2.83 0.34
   30 A     4  -3  -3  -3  -2  -2  -2   2  -3   0   0  -2  -1  -3  -2  -1  -1  -4  -3   3   49   0   0   0   0   0   0  14   0   3   6   0   0   0   0   0   0   0   0  28  0.40 0.12
   31 W    -5  -5  -6  -7  -5  -4  -5  -5  -5  -5  -4  -5  -4  -1  -6  -5  -5  13   0  -5    0   0   0   0   0   0   0   0   0   0   0   0   0   0   0   0   0 100   0   0  3.88 0.40
   32 D    -3  -3   2   7  -5  -2   0  -3  -2  -5  -5  -2  -5  -5  -3  -2  -2  -6  -5  -5    0   0   6  94   0   0   0   0   0   0   0   0   0   0   0   0   0   0   0   0  1.60 0.23
   33 W    -1   1  -2  -3  -3  -2  -3   5  -3  -3  -1  -2  -2   0  -4  -2  -3   7   0  -3    2   9   0   0   0   0   0  53   0   0   9   0   0   5   0   0   0  18   2   0  0.79 0.13
   34 S    -1  -2  -1  -2  -2  -2  -2  -3  -3  -2  -3  -2  -2  -4  -2   3   6  -4  -3  -2    0   0   0   0   0   0   0   0   0   0   0   0   0   0   0  21  79   0   0   0  0.97 0.20
   35 F    -3  -4  -4  -5  -3  -4  -5  -5  -3   1  -1  -4  -1   8  -5  -4  -3  -1   2   1    0   0   0   0   0   0   0   0   0   6   0   0   0  85   0   0   0   0   0  10  1.31 0.20

                      K         Lambda
Standard Ungapped    0.1399     0.3282
Standard Gapped      0.0514     0.2670
PSI Ungapped         0.1679     0.3183
PSI Gapped           0.0514     0.2670
