
Last position-specific scoring matrix computed, weighted observed percentages rounded down, information per position, and relative weight of gapless real matches to pseudocounts
           A  R  N  D  C  Q  E  G  H  I  L  K  M  F  P  S  T  W  Y  V   A   R   N   D   C   Q   E   G   H   I   L   K   M   F   P   S   T   W   Y   V
    1 K   -1  2 -1 -1 -4  2  2 -2 -1 -3 -3  5 -2 -4 -1 -1 -1 -3 -2 -3    0   7   0   0   0   9  13   0   0   0   0  71   0   0   0   0   0   0   0   0  0.59 0.06
    2 H   -1 -2 -1 -3  0 -1 -2 -3  6 -2 -2 -2 -2  2 -3 -2 -2  0  6 -1    4   0   0   0   2   0   0   0  38   0   0   0   0   9   0   0   0   0  44   4  0.81 0.11
    3 T    0 -1 -1 -1 -2  0  1 -2 -2 -1 -2  0  0 -3 -2  2  4 -3 -2  0    5   0   0   0   0   0  16   0   0   0   0   2   2   0   0  22  46   0   0   8  0.34 0.07
    4 L   -2 -3 -4 -4 -2 -3 -3 -4 -3  1  5 -3  2  0 -4 -3 -2 -2 -2  0    0   0   0   0   0   0   0   0   0   0 100   0   0   0   0   0   0   0   0   0  0.74 0.10
    5 P   -2 -3 -3 -2 -4 -2 -2 -3 -3 -4 -4 -2 -3 -5  8 -2 -2 -5 -4 -3    0   0   0   0   0   0   0   0   0   0   0   0   0   0 100   0   0   0   0   0  2.37 0.14
    6 D   -1 -1  1  5 -3  1  2 -2 -1 -3 -4  0 -3 -4  3  0 -1 -4 -3 -3    3   0   4  47   0   4  16   0   0   0   0   7   0   0  17   3   0   0   0   0  0.64 0.06
    7 L   -2 -3 -4 -4 -2 -3 -3 -4 -3  1  5 -3  2  0 -4 -3 -2 -2 -2  0    0   0   0   0   0   0   0   0   0   0 100   0   0   0   0   0   0   0   0   0  0.74 0.10
    8 P   -1 -2 -2  2 -3 -1 -1 -2 -2 -3 -4 -1 -3 -4  7  0 -1 -4 -3 -3    2   0   0  13   0   2   0   0   0   0   0   3   0   0  76   5   0   0   0   0  1.59 0.10
    9 Y   -3 -3 -3 -4 -3 -2 -3 -4  1 -2 -2 -3 -2  3 -4 -3 -2  5  8 -2    0   0   0   0   0   0   0   0   0   0   0   0   0   4   0   0   0   7  88   0  1.37 0.14
   10 D    2 -2  1  5 -3 -1  1 -1 -1 -3 -3  0 -3 -4  0  0 -1 -4 -3 -2   28   0   7  54   0   0   5   0   0   0   0   3   0   0   3   0   0   0   0   0  0.57 0.07
   11 F   -3 -3 -3 -4 -3 -2 -3 -4  1 -2 -1 -3 -1  4 -4 -3 -2  1  8 -2    0   0   0   0   0   0   0   0   0   0   3   0   0  13   0   0   0   0  84   0  1.23 0.13
   12 G    1 -2  2  4 -3 -1  0  3 -1 -3 -4 -1 -3 -3 -2  1 -1 -4 -3 -3   11   0  10  36   0   0   3  29   0   0   0   0   0   0   0  11   0   0   0   0  0.48 0.05
   13 A    5 -2 -2  0 -1 -1 -1  0 -2 -2 -2 -1 -2 -3 -1  1 -1 -3 -2 -1   93   0   0   7   0   0   0   0   0   0   0   0   0   0   0   0   0   0   0   0  0.62 0.10
   14 L   -2 -3 -4 -4 -2 -3 -3 -4 -3  1  5 -3  1  0 -3 -3  0 -2 -2  0    0   0   0   0   0   0   0   0   0   0  95   0   0   0   0   0   5   0   0   0  0.66 0.09
   15 Q   -1 -1 -1  1 -4  2  6 -3 -1 -4 -3  0 -2 -4 -2  0 -1 -3 -3 -3    4   0   0   0   0   6  87   0   0   0   0   0   0   0   0   3   0   0   0   0  0.90 0.11
   16 P   -2 -3 -3 -2 -4 -2 -2 -3 -3 -4 -4 -2 -3 -5  8 -2 -2 -5 -4 -3    0   0   0   0   0   0   0   0   0   0   0   0   0   0 100   0   0   0   0   0  2.37 0.14
   17 H    0 -2 -2 -3 -2 -1 -2 -3  5  1 -1 -2 -1  1 -3 -1 -1 -1  4  1   11   0   0   0   0   0   0   0  27   8   0   0   0   2   0   0   2   0  29  22  0.37 0.06
   18 I   -2 -4 -4 -4 -2 -3 -4 -4 -4  5  1 -3  1  1 -3 -3 -1 -3 -2  2    0   0   0   0   0   0   0   0   0  91   5   0   0   4   0   0   0   0   0   0  0.69 0.10
   19 S    0 -1  1  2  1 -1  0 -1 -1 -2 -3 -1 -2 -3 -2  4  1 -4 -2 -2    2   0   5  13   4   0   0   0   0   2   0   0   0   0   0  74   0   0   0   0  0.50 0.09
   20 A    2  1 -1 -1 -2  1  1  3  2 -3 -3  1 -2 -3  0  0 -1 -3 -2 -2   23   6   0   0   0   5  11  25   7   0   0  15   0   0   5   2   0   0   0   2  0.25 0.03
   21 E   -1  0 -1  2 -4  4  5 -2  0 -4 -3  0 -2 -4 -2 -1 -1 -3 -2 -3    0   3   0   7   0  33  55   0   0   0   0   0   0   0   0   0   3   0   0   0  0.72 0.08
   22 I   -2 -3 -3 -3 -2 -3 -3 -4 -4  5  1 -3  0 -1 -3 -2  1 -3 -2  2    0   0   0   0   0   0   0   0   0  82   0   0   0   0   0   0  13   0   0   5  0.57 0.09
   23 M   -2 -2 -3 -4 -2 -1 -3 -4 -2  1  2 -2  7 -1 -3 -2 -1 -2 -2  1    0   0   0   0   0   0   0   0   0   7   6   0  84   0   0   0   0   0   0   4  0.81 0.12

                      K         Lambda
Standard Ungapped    0.1412     0.3215
Standard Gapped      0.0470     0.2670
PSI Ungapped         0.1535     0.3162
PSI Gapped           0.0470     0.2670
