
Last position-specific scoring matrix computed, weighted observed percentages rounded down, information per position, and relative weight of gapless real matches to pseudocounts
           A  R  N  D  C  Q  E  G  H  I  L  K  M  F  P  S  T  W  Y  V   A   R   N   D   C   Q   E   G   H   I   L   K   M   F   P   S   T   W   Y   V
    1 C   -1 -4 -3 -4  9 -3 -4 -3 -3 -1 -2 -3 -2 -3 -3 -1 -1 -3 -3 -1    0   0   0   0 100   0   0   0   0   0   0   0   0   0   0   0   0   0   0   0  1.36 0.03
    2 S    2 -1  0 -1 -1 -1 -1  2 -1 -3 -3 -1 -2 -3 -1  4  1 -3 -2 -2   11   0   0   0   0   0   0  19   0   0   0   0   0   0   0  70   0   0   0   0  0.40 0.01
    3 N   -1 -1  6  1 -3  0  0 -1  0 -3 -4  0 -2 -3 -2  1  0 -4 -2 -3    0   0  89   0   0   0   0   0   0   0   0   0   0   0   0  11   0   0   0   0  0.70 0.02
    4 L   -2 -2 -4 -4 -1 -2 -3 -4 -3  2  4 -3  2  0 -3 -3 -1 -2 -1  1    0   0   0   0   0   0   0   0   0   0 100   0   0   0   0   0   0   0   0   0  0.49 0.02
    5 S    1 -1  1  0 -1  0  0  0 -1 -3 -3  0 -2 -3 -1  4  1 -3 -2 -2    0   0   0   0   0   0   0   0   0   0   0   0   0   0   0 100   0   0   0   0  0.50 0.02
    6 T    0 -1  0 -1 -1 -1 -1 -2 -2 -1 -1 -1 -1 -2 -1  1  5 -3 -2  0    0   0   0   0   0   0   0   0   0   0   0   0   0   0   0   0 100   0   0   0  0.53 0.02
    7 C   -1 -4 -3 -4  9 -3 -4 -3 -3 -1 -2 -3 -2 -3 -3 -1 -1 -3 -3 -1    0   0   0   0 100   0   0   0   0   0   0   0   0   0   0   0   0   0   0   0  1.36 0.03
    8 V    0 -2 -3 -3 -1 -2 -3 -3 -3  2  1 -2  3 -1 -3 -2  0 -3 -1  4    0   0   0   0   0   0   0   0   0   0   0   0  19   0   0   0   0   0   0  81  0.33 0.02
    9 L   -2 -2 -4 -4 -1 -2 -3 -4 -3  2  4 -3  2  0 -3 -3 -1 -2 -1  1    0   0   0   0   0   0   0   0   0   0 100   0   0   0   0   0   0   0   0   0  0.49 0.02
   10 S    0 -2  0 -1 -2 -1 -2  5 -2 -4 -3 -1 -2 -3 -2  2  0 -3 -3 -3    0   0   0   0   0   0   0  72   0   0   0   0   0   0   0  28   0   0   0   0  0.72 0.01
   11 A    2  0 -1 -1 -1  0  0 -1 -1 -2 -2  3 -1 -3 -1  1  3 -3 -2 -1   28   0   0   0   0   0   0   0   0   0   0  36   0   0   0   0  35   0   0   0  0.25 0.01
   12 Y   -2 -2 -3 -4 -2 -2 -3 -3  1  0  2 -2  0  2 -3 -2 -2  1  6  0    0   0   0   0   0   0   0   0   0   0  36   0   0   0   0   0   0   0  64   0  0.54 0.02
   13 W    0 -1  0 -1 -1 -1 -1 -1 -2 -2 -2 -1 -1 -1 -2  3  2  7  0 -2    0   0   0   0   0   0   0   0   0   0   0   0   0   0   0  45  27  28   0   0  0.59 0.01
   14 K   -1  2  0 -1 -3  5  1 -2  0 -3 -2  3 -1 -3 -1  0 -1 -2 -2 -2    0  10   0   0   0  63   0   0   0   0   0  27   0   0   0   0   0   0   0   0  0.55 0.02
   15 D   -2 -1  2  5 -4  0  3 -2 -1 -3 -4  0 -3 -4 -2  0 -1 -4 -3 -3    0   0  10  62   0   0  28   0   0   0   0   0   0   0   0   0   0   0   0   0  0.71 0.01
   16 L   -2 -2 -4 -4 -2 -2 -3 -4 -3  1  4 -3  2  2 -3 -3 -1 -1  0  1    0   0   0   0   0   0   0   0   0   0  90   0   0  10   0   0   0   0   0   0  0.44 0.01
   17 N   -2  0  5  1 -3  0  0 -1  5 -3 -3  0 -2 -2 -2  0 -1 -3  0 -3    0   0  64   0   0   0   0   0  36   0   0   0   0   0   0   0   0   0   0   0  0.63 0.02
   18 N   -1  1  4  0 -3  1  0 -1  0 -3 -3  4 -2 -3 -1  0 -1 -3 -2 -3    0   0  37   0   0   0   0   0   0   0   0  63   0   0   0   0   0   0   0   0  0.46 0.01
   19 Y   -2 -3 -3 -4 -2 -3 -3 -4 -1  0  2 -3  1  5 -3 -2 -2  1  4  0    0   0   0   0   0   0   0   0   0   0  36   0   0  45   0   0   0   0  18   0  0.46 0.01
   20 H   -1  0  0 -1 -3  4  1 -2  7 -3 -3  0 -1 -2 -2 -1 -1 -2  1 -3    0   0   0   0   0  36   0   0  64   0   0   0   0   0   0   0   0   0   0   0  0.68 0.02
   21 R    0  3  0 -1 -2  0 -1 -2 -1 -1 -2  0 -1 -2 -1  1  4 -3 -2 -1    0  28   0   0   0   0   0   0   0   0   0   0   0   0   0   0  72   0   0   0  0.39 0.02
   22 F   -2 -3 -3 -4 -3 -3 -3 -3  0 -1  0 -3  0  6 -4 -2 -2  1  5 -1    0   0   0   0   0   0   0   0   0   0   0   0   0  63   0   0   0   0  37   0  0.73 0.02
   23 S    0 -2 -1 -1 -2 -1 -1 -1 -2 -3 -3 -1 -2 -3  6  2  0 -4 -3 -2    0   0   0   0   0   0   0   0   0   0   0   0   0   0  63  37   0   0   0   0  1.18 0.02
   24 G   -1  3  0 -1 -3  3  0  3 -1 -3 -3  1 -2 -3 -2  0 -1 -3 -2 -3    0  36   0   0   0  27   0  37   0   0   0   0   0   0   0   0   0   0   0   0  0.46 0.01
   25 M    0 -1 -1 -2 -1 -1 -1 -2 -2  1  0 -1  3 -1 -2  1  4 -2 -2  0    0   0   0   0   0   0   0   0   0   8   0   0  28   0   0   0  63   0   0   0  0.29 0.02
   26 G    1 -2  2  2 -2 -1  0  3 -1 -3 -3 -1 -2 -3 -2  1 -1 -3 -3 -2   18   0  18  19   0   0   0  37   0   0   0   0   0   0   0   9   0   0   0   0  0.40 0.01
   27 F   -1 -3 -2 -3 -2 -2 -3 -3 -2  2  1 -2  0  4 -3 -1  1 -1  1  2    0   0   0   0   0   0   0   0   0  27   0   0   0  37   0   0  18   0   0  19  0.25 0.01
   28 G    0 -3 -1 -1 -3 -2 -2  6 -2 -4 -4 -2 -3 -3 -2  0 -2 -3 -3 -3    0   0   0   0   0   0   0 100   0   0   0   0   0   0   0   0   0   0   0   0  1.09 0.02
   29 P    2 -2 -2 -2 -1 -1 -1 -1 -2  0 -1 -1 -1 -2  4  1  0 -3 -2  1   36   0   0   0   0   0   0   0   0   0   0   0   0   0  28   9   0   0   0  27  0.42 0.01
   30 E    0 -1  0  0 -3  0  3  4 -1 -4 -3  0 -3 -3 -2  0 -1 -3 -3 -3    0   0   0   0   0   0  46  54   0   0   0   0   0   0   0   0   0   0   0   0  0.60 0.01
   31 T    2 -1 -1 -2 -1 -1 -1 -1 -2  0 -1 -1 -1 -2 -1  1  4 -3 -2  1   27   0   0   0   0   0   0   0   0   0   0   0   0   0   0   0  64   0   0   9  0.32 0.01
   32 P   -1 -2 -2 -2 -3 -1 -1 -2 -2 -3 -3 -1 -3 -4  8 -1 -1 -4 -3 -3    0   0   0   0   0   0   0   0   0   0   0   0   0   0 100   0   0   0   0   0  2.09 0.03

                      K         Lambda
Standard Ungapped    0.1360     0.3205
Standard Gapped      0.0423     0.2670
PSI Ungapped         0.1383     0.3127
PSI Gapped           0.0423     0.2670
