
Last position-specific scoring matrix computed, weighted observed percentages rounded down, information per position, and relative weight of gapless real matches to pseudocounts
            A   R   N   D   C   Q   E   G   H   I   L   K   M   F   P   S   T   W   Y   V   A   R   N   D   C   Q   E   G   H   I   L   K   M   F   P   S   T   W   Y   V
    1 I    -1  -3  -2  -3  -1  -2  -2  -3  -3   3   0  -2   0  -2  -2  -1   3  -3  -2   4    0   0   0   0   0   0   0   0   0  18   0   0   0   0   0   0  32   0   0  50  0.39 0.08
    2 F    -2  -2  -2  -1  -3  -2  -1  -2   1   1   1  -2   0   4   3  -1  -1  -1   0   0    0   2   0   4   0   0   3   2   4  13  12   0   0  32  17   4   3   0   0   6  0.28 0.08
    3 I    -2  -3  -3  -3  -2  -3  -3  -4  -3   5   0  -3   0  -2  -3  -1   4  -3  -2   1    0   0   0   0   0   0   0   0   0  59   4   0   0   0   0   0  37   0   0   0  0.60 0.16
    4 N    -2  -2   5   5  -4   0   1  -2  -1  -4  -4  -1  -3  -4   0  -1  -1  -5  -3  -4    0   0  46  43   0   3   3   0   0   0   0   0   0   0   5   0   0   0   0   0  0.94 0.17
    5 V    -1  -3  -3  -3  -2  -2  -1  -4  -4   3   0  -2   0  -2  -3  -2  -1  -4  -2   5    2   0   0   0   0   0   6   0   0  17   3   3   0   0   0   0   0   0   0  69  0.56 0.15
    6 K    -2   2  -1   0  -4   0   0  -2  -2  -4  -4   5  -3  -4   1   1  -1  -4  -3  -3    0   6   0   4   0   0   3   0   0   0   0  71   0   0   6  10   0   0   0   0  0.76 0.17
    7 C    -2  -5  -4  -5  11  -5  -5  -4  -5  -3  -3  -5  -3  -4  -5  -3  -3  -4  -4  -2    0   0   0   0 100   0   0   0   0   0   0   0   0   0   0   0   0   0   0   0  2.74 0.34
    8 S    -1   2  -1  -2  -2  -1  -1  -1  -2  -2  -2   1  -2   0  -2   3   3  -3   1  -2    0  13   0   0   0   0   0   3   0   2   0   7   0   4   0  33  33   0   5   0  0.35 0.12
    9 S     2  -2   0  -1  -2  -1  -2   3   1  -2  -2  -1  -2  -2  -2   2   0  -3  -1   0   24   0   3   2   0   0   0  27   4   1   1   0   0   0   0  24   5   0   3   7  0.30 0.08
   10 P     0  -2  -1  -2  -2  -1  -1  -2  -2  -3  -3  -1  -3  -4   4   5   2  -4  -3  -3    0   0   0   0   0   0   0   0   0   0   0   0   0   0  21  66  13   0   0   0  0.83 0.19
   11 Q     0   3   0  -1  -3   1   0  -1   0  -3  -3   3  -2  -3   1   2  -1  -3   0  -3    3  17   4   0   0   6   0   4   1   0   0  32   0   0   8  19   0   0   5   0  0.36 0.10
   12 Q    -2   0  -1   1  -4   6   4  -3  -1  -4  -4   1  -2  -4  -2  -1  -2  -4  -3  -3    0   0   0   9   0  57  27   0   0   0   0   5   0   0   0   3   0   0   0   0  0.90 0.19
   13 C    -2  -5  -4  -5  11  -5  -5  -4  -5  -3  -3  -5  -3  -4  -5  -3  -3  -4  -4  -2    0   0   0   0 100   0   0   0   0   0   0   0   0   0   0   0   0   0   0   0  2.74 0.34
   14 L    -3  -3  -4  -4  -3  -3  -4  -4   0   0   2  -3  -1   1  -4  -2  -1   9   3   0    0   0   0   0   0   0   0   0   3   5  30   0   0   5   0   1   2  37  11   6  1.02 0.16
   15 K     0   0  -1   0  -3   1   1  -1  -2   0  -2   2  -2  -3   4   0   0  -3  -3  -1    4   5   0   4   0   5  12   3   0   8   3  17   0   0  26   9   3   0   0   2  0.38 0.07
   16 P     1  -3  -3  -3  -3  -2  -2  -3  -3   0  -2  -1   0  -3   6  -1  -1  -4  -3   1   15   0   0   0   0   0   0   0   0   5   0   2   3   0  53   2   3   0   0  18  1.00 0.15
   17 C    -2  -5  -4  -5  11  -5  -5  -4  -5  -3  -3  -5  -3  -4  -5  -3  -3  -4  -4  -2    0   0   0   0 100   0   0   0   0   0   0   0   0   0   0   0   0   0   0   0  2.74 0.34
   18 K    -2   3  -1  -2  -4   1   1  -3  -2  -2  -3   6  -2  -1  -2  -1  -2  -4  -3  -3    0  12   0   0   0   2   7   0   0   3   0  73   0   3   0   0   0   0   0   0  0.81 0.18
   19 K     1   1  -1   3  -3   1   2  -1  -1  -3  -3   4  -2  -3  -2   0  -1  -3  -1  -3   13   6   0  19   0   3  10   3   0   0   0  39   0   0   0   5   0   0   2   0  0.39 0.10
   20 A     3   1  -2  -3  -2   0  -2  -1  -2   1   1   0   1  -2  -2  -1  -1  -3  -2   2   37  11   0   0   0   5   0   2   0   5  14   5   3   0   0   0   0   0   0  19  0.17 0.08
   21 F    -1  -3  -2  -3  -2  -2  -3   2   1   0  -1  -2   0   4  -3  -1   2  -1   3   0    0   0   0   0   0   0   0  18   4   5   0   0   3  27   0   0  20   0  15   8  0.33 0.10
   22 G    -1  -3   2  -2  -3  -2  -3   5  -2  -3  -3  -2   3  -3  -3  -1  -2  -3  -3  -3    0   0  12   0   0   0   0  70   0   0   0   0  16   0   0   0   0   0   0   0  0.95 0.17
   23 Q    -1   3  -1  -2  -2   1  -1  -2  -1  -1  -2   2  -1  -2   0   0   2  -3  -2   0    1  28   1   1   0   5   1   1   0   4   1  13   0   1   3   5  26   0   0   7  0.27 0.08
   24 H    -1  -1   0   1   2  -1  -1  -1   3  -1  -1  -1  -1   2  -1   1  -1  -1   2  -1    2   3   3   9   7   1   2   2  12   1   5   2   1  17   1  19   2   0   6   2  0.12 0.04
   25 A     3   2  -1  -1  -1  -1  -1   0  -1  -1  -1   0  -1  -2   0   0   1  -2  -2   0   39  18   1   1   0   1   1   5   0   1   2   4   1   1   4   2  12   0   1   6  0.20 0.06
   26 G     0   1   2   0  -2   2   1   2   2  -2  -2   0  -1  -2  -1   0  -1  -2  -1  -2   11   8  13   2   1  13   7  20   6   2   3   2   1   1   2   3   2   0   1   2  0.16 0.03
   27 G     2  -3  -2  -2  -3  -2  -3   6  -3  -4  -4  -2  -3  -4  -3   0  -2  -4  -4  -3   22   0   0   0   0   0   0  72   0   0   0   0   0   0   0   6   0   0   0   0  1.06 0.17
   28 K    -2   2  -1  -2  -4   0   0  -3  -2  -4  -4   7  -3  -4  -2  -1  -2  -4  -3  -4    0   5   0   0   0   0   0   0   0   0   0  95   0   0   0   0   0   0   0   0  1.24 0.24
   29 C    -2  -5  -4  -5  11  -5  -5  -4  -5  -3  -3  -5  -3  -4  -5  -3  -3  -4  -4  -2    0   0   0   0 100   0   0   0   0   0   0   0   0   0   0   0   0   0   0   0  2.74 0.34
   30 I    -2  -2  -3  -4  -3   2  -3  -4  -3   2   0  -1   8  -2  -4  -3  -2  -3  -2   1    0   0   0   0   0  11   0   0   0  15   0   3  66   0   0   0   0   0   0   5  0.92 0.23
   31 N    -3  -2   7   0  -4  -1  -2   0  -1  -5  -5  -2  -4  -4  -3  -1  -1  -5  -4  -4    0   0  93   0   0   0   0   7   0   0   0   0   0   0   0   0   0   0   0   0  1.49 0.26
   32 G    -1   1   2  -2  -3  -1  -2   5  -2  -4  -4   2  -3  -4  -3   0  -2  -4  -3  -4    0  10  10   0   0   0   0  59   0   0   0  16   0   0   0   5   0   0   0   0  0.76 0.14
   33 K    -2   2  -1  -2  -4   2   0  -3   1  -3  -2   6  -2  -4  -2  -1  -2  -4  -3  -3    0   8   0   0   0  11   0   0   3   0   5  73   0   0   0   0   0   0   0   0  0.82 0.19
   34 C    -2  -5  -4  -5  11  -5  -5  -4  -5  -3  -3  -5  -3  -4  -5  -3  -3  -4  -4  -2    0   0   0   0 100   0   0   0   0   0   0   0   0   0   0   0   0   0   0   0  2.74 0.34
   35 K    -2   4   1   1  -4   0   0  -3   3  -2  -3   3  -2  -3  -2  -1   0  -4  -2  -3    0  32   6   8   0   0   0   0  13   3   0  31   0   0   0   0   8   0   0   0  0.51 0.12
   36 C    -2  -5  -4  -5  11  -5  -5  -4  -5  -3  -3  -5  -3  -4  -5  -2  -2  -4  -4  -2    0   0   0   0 100   0   0   0   0   0   0   0   0   0   0   0   0   0   0   0  2.70 0.33
   37 Y    -3  -3  -3  -4  -3  -3  -3  -4   0  -2  -2  -3  -2   3  -4  -2   2   1   8  -2    0   0   0   0   0   0   0   0   0   0   0   0   0   6   0   0  17   0  77   0  1.35 0.23
   38 P    -1  -2  -2  -2  -3  -2  -1  -2  -2  -3  -3  -1  -3  -4   7   2   1  -4  -3  -3    0   0   0   0   0   0   0   0   0   0   0   0   0   0  69  22   9   0   0   0  1.43 0.10

                      K         Lambda
Standard Ungapped    0.1419     0.3262
Standard Gapped      0.0473     0.2670
PSI Ungapped         0.1547     0.3177
PSI Gapped           0.0473     0.2670
