
Last position-specific scoring matrix computed, weighted observed percentages rounded down, information per position, and relative weight of gapless real matches to pseudocounts
            A   R   N   D   C   Q   E   G   H   I   L   K   M   F   P   S   T   W   Y   V   A   R   N   D   C   Q   E   G   H   I   L   K   M   F   P   S   T   W   Y   V
    1 M    -1  -2  -2  -4  -2  -1  -2  -3  -2   1   2  -2   7   0  -3  -2  -1  -2  -1   1    0   0   0   0   0   0   0   0   0   0   0   0 100   0   0   0   0   0   0   0  0.40 0.01
    2 F    -2  -3  -3  -4  -3  -3  -4  -4  -2   0   1  -3   0   6  -4  -3  -2   1   3  -1    0   0   0   0   0   0   0   0   0   0  13   0   0  87   0   0   0   0   0   0  0.65 0.01
    3 K    -1   2   0  -1  -3   3   1  -2  -1  -3  -3   5  -1  -4  -1   0  -1  -3  -2  -3    0   0   0   0   0  14   0   0   0   0   0  86   0   0   0   0   0   0   0   0  0.51 0.01
    4 I    -2  -3  -4  -4  -1  -3  -3  -4  -4   4   3  -3   2   0  -3  -3  -1  -3  -1   2    0   0   0   0   0   0   0   0   0  73  27   0   0   0   0   0   0   0   0   0  0.37 0.01
    5 F    -2  -3  -3  -4  -3  -3  -3  -4   0  -1   0  -3   0   6  -4  -2  -2   1   6  -1    0   0   0   0   0   0   0   0   0   0   8   0   0  53   0   0   0   0  39   0  0.69 0.02
    6 N    -1   2   2  -1  -2  -1  -1  -2  -1   0   0   0   0   2  -2   1   0  -2   0   1    0  18  19   0   0   0   0   0   0   0   7   0   0  13   0  14   0   0   0  28  0.08 0.01
    7 T     0  -1   0  -1  -2  -1  -1  -2  -2  -1  -2   2  -1  -3  -2   1   5  -3  -2  -1    0   0   0   0   0   0   0   0   0   4   0  17   0   0   0   6  73   0   0   0  0.43 0.05
    8 K    -1   1  -1  -2  -3   0   0  -2  -2  -3  -3   5  -2  -4  -2   0   4  -4  -3  -2    0   2   0   0   0   0   0   0   0   0   0  56   0   0   0   3  39   0   0   0  0.54 0.12
    9 F    -3  -3  -3  -4  -3  -3  -3  -4   0  -2  -1  -3  -2   5  -4  -3  -3   5   7  -2    0   0   0   0   0   0   0   0   0   0   0   0   0  26   0   0   0   9  65   0  1.18 0.15
   10 M    -2  -3  -4  -4  -2  -3  -4  -4  -3   1   4  -3   2   3  -4  -3  -2  -2  -1   0    0   0   0   0   0   0   0   0   0   4  76   0   3  15   0   0   0   0   0   1  0.57 0.10
   11 R     0   2   0  -1  -2   0   0  -1  -1  -3  -3   0  -2  -3  -2   5   1  -3  -1  -2    0  14   0   0   0   0   4   0   0   0   0   0   0   0   0  74   5   0   2   0  0.53 0.12
   12 S     0  -2  -1  -2  -2  -1  -2  -2  -2   0  -1  -1  -1  -2  -2   2   5  -3  -2   1    0   0   0   0   0   0   0   0   0   4   6   0   0   0   0  21  60   0   0   9  0.44 0.10
   13 A     5  -2  -2  -3  -1  -2  -2   1  -3  -1  -2  -2  -2  -3  -2   0  -1   3  -2   0   85   0   0   0   0   0   0   6   0   1   0   0   0   0   0   0   0   4   0   3  0.58 0.12
   14 P    -2  -3  -3  -3  -4  -2  -2  -3  -3  -4  -4  -2  -4  -5   9  -2  -2  -5  -4  -4    0   0   0   0   0   0   0   0   0   0   0   0   0   0 100   0   0   0   0   0  2.42 0.19
   15 I    -1  -3  -4  -4  -2  -3  -3  -4  -4   2   0  -3   1  -2  -3  -3  -1  -4  -2   6    0   0   0   0   0   0   0   0   0   3   0   0   4   0   0   0   0   0   0  93  0.69 0.14
   16 V    -1  -3  -4  -4  -2  -3  -3  -4  -3   2   4  -3   2   0  -3  -2  -1  -2  -1   2    5   0   0   0   0   0   0   0   0  11  57   0   2   3   0   0   0   0   0  21  0.40 0.07
   17 A     4  -2  -2  -2  -1  -2  -2   0  -2   0   1  -2  -1  -1  -2   1   0  -3  -2  -1   56   0   0   0   0   0   0   5   0   3  16   0   0   3   0  12   4   0   0   0  0.27 0.07
   18 A     1  -2  -1  -2  -1  -2  -2  -2  -3   0   0  -2   1  -1  -2   0   4  -3  -2   1   18   0   0   0   0   0   0   0   0   5   7   0   3   2   0   0  53   0   0  12  0.32 0.09
   19 I     0  -3  -3  -4  -2  -3  -3  -3  -3   3   3  -3   1   0  -3  -2  -1  -3  -2   2   12   0   0   0   0   0   0   1   0  26  44   0   0   1   0   2   0   0   0  11  0.28 0.06
   20 W    -3  -4  -4  -5   0  -3  -4  -4  -3  -3  -2  -4  -1   0  -4  -1  -2  12   1  -3    0   0   0   0   3   0   0   0   0   0   3   0   1   2   0   6   2  80   0   0  2.27 0.21
   21 I    -1  -3  -4  -4   0  -3  -3  -4  -3   1   3  -3   2   4  -4  -3  -2  -1   1   1    2   0   0   0   2   0   0   0   0   8  39   0   8  32   0   0   0   0   0   5  0.38 0.07
   22 S     0  -2  -1  -2  -2  -1  -2   2  -2  -1  -2  -1  -1   0  -2   2   3   3  -2  -1    2   0   0   0   0   0   0  23   0   4   2   0   0   4   0  27  26   4   0   3  0.24 0.06
   23 L    -1  -3  -3  -3  -2  -3  -3  -3  -2   2   2  -3   1   4  -3   0  -1  -1   1   1    3   0   0   0   0   0   0   0   0  15  23   0   2  35   0   9   0   0   0  11  0.29 0.06
   24 T    -1  -2  -1  -2  -2   0  -2  -3  -3   0   2  -2   0  -1  -2   0   5  -3  -2   0    0   0   0   0   0   6   0   0   0   0  29   0   0   1   0   0  59   0   0   2  0.37 0.10
   25 A     5  -2  -2  -3  -1  -2  -2  -1  -3  -2  -2  -2  -2  -3  -2   0   0  -4  -3   0   94   0   0   0   0   0   0   0   0   0   0   0   0   0   0   0   2   0   0   4  0.68 0.14
   26 G     0  -3  -1  -2  -3  -2  -3   6  -3  -3  -4  -2  -3  -4  -3   0   0  -3  -4  -2    4   0   0   0   0   0   0  80   0   0   0   0   0   0   0   6   6   0   0   5  0.94 0.11
   27 I    -2  -3  -3  -4  -2  -3  -3  -2  -3   3   3  -3   2   2  -3  -2  -1  -2  -1   1    0   0   0   0   0   0   0   3   0  35  42   0   3  12   0   4   0   0   0   0  0.35 0.07
   28 I    -2  -3  -4  -4  -2  -3  -4  -5  -4   3   4  -3   2   0  -4  -3  -2  -3  -2   1    0   0   0   0   0   0   0   0   0  26  68   0   3   0   0   0   0   0   0   3  0.56 0.09
   29 I    -2  -4  -4  -4  -2  -4  -4  -5  -4   6   1  -4   2  -1  -4  -3  -1  -4  -2   3    0   0   0   0   0   0   0   0   0  86   0   0   3   0   0   0   0   0   0  10  0.72 0.13
   30 E    -2  -1  -1   1  -4   1   6  -1  -1  -2  -3   0  -2  -4  -2  -1  -2  -4  -3  -1    0   0   0   0   0   0  86   5   0   3   0   0   0   0   0   0   0   0   0   6  0.82 0.14
   31 F    -1  -4  -4  -4  -2  -3  -4  -4  -3   4   1  -3   1   4  -4  -3  -2   2   0   2    3   0   0   0   0   0   0   0   0  58   5   0   2  24   0   0   0   3   0   5  0.47 0.09
   32 N    -3  -1   8   1  -4   0  -1  -1   0  -4  -5  -1  -3  -4  -3   0  -1  -5  -3  -4    0   0  97   0   0   3   0   0   0   0   0   0   0   0   0   0   0   0   0   0  1.24 0.18
   33 R    -2   7  -1  -3  -4   0  -1  -3  -1  -1  -3   1  -2  -4  -3  -1  -2  -4  -3  -3    0  89   0   0   0   0   0   0   0   6   0   0   0   0   0   5   0   0   0   0  1.00 0.15
   34 F    -3  -4  -4  -4  -3  -4  -4  -4  -2   0   1  -4   0   7  -4  -2  -3   0   3  -1    0   0   0   0   0   0   0   0   0   6  10   0   0  76   0   3   0   0   6   0  0.88 0.13
   35 F    -3  -3  -2  -4  -3  -4  -4  -4  -1  -1  -1  -4  -1   7  -4  -3  -3   1   5  -1    0   0   2   0   0   0   0   0   0   0   0   0   0  71   0   0   0   0  23   4  0.99 0.14
   36 P    -2  -3  -3  -3  -4  -2  -2  -3  -3  -4  -4  -2  -4  -5   9  -1  -2  -5  -4  -4    0   0   0   0   0   0   0   0   0   0   0   0   0   0  97   3   0   0   0   0  2.31 0.19
   37 D    -3  -3   2   7  -5  -1   1  -2  -2  -4  -5  -2  -4  -5  -2  -1  -2  -5  -4  -4    0   0   4  96   0   0   0   0   0   0   0   0   0   0   0   0   0   0   0   0  1.34 0.16
   38 L     2  -2  -3  -3  -2  -2  -2  -1  -2   0   2  -2   1  -1   2   0  -1  -2   0   0   35   0   0   0   0   0   0   2   0   4  36   0   4   0   9   4   0   0   5   1  0.21 0.06
   39 L    -2  -3  -4  -5  -2  -3  -4  -5  -4   1   5  -3   2   0  -4  -3  -2  -2  -2   0    0   0   0   0   0   0   0   0   0   0 100   0   0   0   0   0   0   0   0   0  0.79 0.13
   40 F    -1  -3  -3  -3  -2  -3  -3  -3  -2   1   0  -3   0   5  -3   0   1  -1   2   1    2   0   0   0   0   0   0   0   0  10   3   0   0  44   0   7  15   0   5  15  0.36 0.08
   41 H    -3  -2  -2  -3  -3  -2  -3  -4   5  -1   1  -3   1   5  -4  -3  -2   0   3  -1    0   0   0   0   0   0   0   0  27   0  16   0   5  39   0   0   0   0  11   1  0.57 0.10
   42 P    -1  -3  -3  -2  -4  -2  -2  -3  -3  -4  -4  -2  -3  -5   8   0  -2  -5  -4  -3    0   0   0   0   0   0   0   0   0   0   0   0   0   0  93   7   0   0   0   0  2.14 0.16
   43 M    -2  -2  -3  -4  -2  -2  -3  -4  -3   2   3  -2   5   1  -3  -2  -1  -2  -1   1    0   0   0   0   0   0   0   0   0  10  46   0  38   3   0   4   0   0   0   0  0.42 0.06
   44 S     1  -1   0  -1  -2  -1  -1   3  -2  -3  -3   0  -2  -3  -1   4   1  -3  -2  -2    0   0   0   0   0   0   0  26   0   0   0   6   0   0   0  61   6   0   0   0  0.43 0.04

                      K         Lambda
Standard Ungapped    0.1465     0.3384
Standard Gapped      0.0495     0.2670
PSI Ungapped         0.1616     0.3177
PSI Gapped           0.0495     0.2670
