
Last position-specific scoring matrix computed, weighted observed percentages rounded down, information per position, and relative weight of gapless real matches to pseudocounts
           A  R  N  D  C  Q  E  G  H  I  L  K  M  F  P  S  T  W  Y  V   A   R   N   D   C   Q   E   G   H   I   L   K   M   F   P   S   T   W   Y   V
    1 M   -1 -2 -3 -4 -2 -1 -3 -3 -2  1  2 -2  8  0 -3 -2 -1 -2 -2  0    0   0   0   0   0   0   0   0   0   0   0   0 100   0   0   0   0   0   0   0  0.72 0.08
    2 E   -1 -1  0  2 -4  2  6 -3 -1 -4 -4  0 -3 -4 -2  0 -1 -4 -3 -3    0   0   0   8   0   0  92   0   0   0   0   0   0   0   0   0   0   0   0   0  0.85 0.06
    3 S    4 -1 -1 -1 -1 -1 -1  0 -2 -2 -2 -1 -1 -3 -1  3  1 -3 -2 -1   58   0   0   0   0   0   0   0   0   0   0   0   0   0   0  38   5   0   0   0  0.40 0.04
    4 A   -1 -3 -4 -4 -2 -3 -3 -4 -3  2  3 -3  1  4 -3 -2 -1 -1  0  2    2   0   0   0   0   0   0   0   0   7  46   0   0  26   0   0   0   0   0  19  0.33 0.02
    5 A    3 -2 -2 -3 -1 -2 -2 -1 -3  1  0 -2  0 -2 -2  1  0 -3 -2  3   42   0   0   0   0   0   0   0   0   0   0   0   0   0   0   7   4   0   0  48  0.24 0.03
    6 Y   -2 -2 -3 -4 -3 -2 -3 -4  1 -2 -2 -2 -2  3 -4 -2 -2  2  8 -2    0   0   0   0   0   0   0   0   0   0   0   0   0   0   0   0   0   0 100   0  1.18 0.08
    7 I   -1 -2 -1 -2 -1 -2 -2 -3 -3  3  0 -2  0 -1 -2  0  4 -3 -2  2    0   0   0   0   0   0   0   0   0  30   0   0   0   0   0   0  50   0   0  20  0.30 0.03
    8 L   -2 -3 -4 -4 -2 -3 -4 -4 -2  1  3 -3  1  5 -4 -3 -2  0  1  0    0   0   0   0   0   0   0   0   0   4  46   0   0  48   0   0   0   0   0   3  0.49 0.03
    9 V   -1 -3 -4 -4 -1 -3 -3 -4 -3  3  4 -3  2  0 -3 -3 -1 -2 -1  2    0   0   0   0   0   0   0   0   0  26  57   0   0   0   0   0   0   0   0  17  0.40 0.03
   10 L   -2 -3 -4 -4 -2 -2 -3 -4 -3  1  4 -3  3  2 -3 -3 -2 -1  0  0    0   0   0   0   0   0   0   0   0   0  76   0  12  12   0   0   0   0   0   0  0.46 0.04
   11 A    1 -2 -2 -2 -1 -2 -2 -2 -3  2  0 -2  0 -2 -2  0  3 -3 -2  2   20   0   0   0   0   0   0   0   0  20   0   0   0   0   0   0  34   0   0  26  0.22 0.02
   12 L    0 -2 -2 -2  1 -2 -2  3 -2  0  2 -2  2  1 -3  0  0 -2 -1  0    0   0   0   0   5   0   0  29   0   0  28   0  12   7   0  13   3   0   0   2  0.17 0.02
   13 A    2 -2 -1 -2  1 -1 -1  0 -2 -1 -1 -1 -1 -2 -1  1  4 -3 -2  0   31   0   0   0   3   0   0   4   0   0   5   0   0   0   0   4  49   0   0   4  0.28 0.03
   14 L   -1 -3 -4 -4 -1 -3 -3 -4 -3  3  4 -3  2  0 -3 -2 -1 -2 -1  2    4   0   0   0   0   0   0   0   0  20  65   0   0   0   0   0   0   0   0  10  0.39 0.03
   15 G    2 -2 -1 -2 -2 -2 -2  5 -2 -1 -2 -2  0 -3 -2  0 -1 -3 -3  0   19   0   0   0   0   0   0  54   0   0   0   0   5   0   0   6   0   0   0  16  0.43 0.03
   16 V   -1 -2 -2 -3 -1 -2 -2 -3 -3  3  1 -2  0 -1 -2 -1  3 -3 -2  3    0   0   0   0   0   0   0   0   0  31   5   0   0   0   0   0  31   0   0  33  0.27 0.03
   17 I   -2 -3 -4 -4 -2 -3 -4 -4 -3  3  3 -3  2  1 -3 -3 -1 -2 -1  2    0   0   0   0   0   0   0   0   0  43  52   0   0   5   0   0   0   0   0   0  0.41 0.03
   18 F   -3 -3 -4 -4 -3 -4 -4 -4 -2 -1  0 -4  0  7 -4 -3 -3  1  3 -1    0   0   0   0   0   0   0   0   0   0   0   0   0 100   0   0   0   0   0   0  1.01 0.07
   19 F   -2 -3 -4 -4 -3 -4 -4 -4 -2 -1  0 -4  0  7 -4 -3 -3  1  3 -1    5   0   0   0   0   0   0   0   0   0   0   0   0  95   0   0   0   0   0   0  0.91 0.06
   20 A    5 -2 -2 -2 -1 -1 -1  0 -2 -2 -2 -1 -1 -3 -1  2  0 -3 -2 -1   89   0   0   0   0   0   0   3   0   0   0   0   0   0   0   9   0   0   0   0  0.48 0.05
   21 I   -1 -3 -4 -4 -1 -3 -4 -4 -4  5  1 -3  1 -1 -3 -3 -1 -3 -2  3    0   0   0   0   0   0   0   0   0  76   0   0   0   0   0   0   0   0   0  24  0.48 0.04
   22 A    3 -2 -3 -3 -2 -2 -2 -1 -2  0 -1 -2 -1  5 -2  0 -1 -1  1 -1   49   0   0   0   0   0   0   0   0   3   0   0   0  47   0   0   0   0   0   0  0.36 0.04
   23 F   -3 -3 -4 -4 -3 -4 -4 -4 -2  0  1 -4  0  7 -4 -3 -3  1  3 -1    0   0   0   0   0   0   0   0   0   0   4   0   0  96   0   0   0   0   0   0  0.94 0.06
   24 R   -2  7 -1 -2 -4  1  0 -3 -1 -4 -3  2 -2 -3 -3 -1 -2 -3 -2 -3    0 100   0   0   0   0   0   0   0   0   0   0   0   0   0   0   0   0   0   0  0.96 0.06
   25 D   -2 -1  0  5 -4  1  5 -2 -1 -4 -4  0 -3 -4 -2  0 -1 -4 -3 -3    0   0   0  46   0   0  54   0   0   0   0   0   0   0   0   0   0   0   0   0  0.78 0.04
   26 P   -1 -3 -2 -2 -3 -2 -2 -3 -3 -3 -4 -1 -3 -4  8 -1 -1 -4 -4 -3    0   0   0   0   0   0   0   0   0   0   0   0   0   0  97   3   0   0   0   0  2.10 0.07
   27 P   -1 -3 -3 -2 -3 -2 -2 -3 -3 -3 -4 -2 -3 -4  8 -1 -2 -4 -4 -3    0   0   0   0   0   0   0   0   0   0   0   0   0   0 100   0   0   0   0   0  2.20 0.07
   28 R   -2  6 -1 -2 -4  1  0 -2 -1 -3 -3  4 -2 -3 -2 -1 -1 -3 -2 -3    0  67   0   0   0   0   0   0   0   0   0  30   0   0   0   0   3   0   0   0  0.70 0.05
   29 I   -2 -3 -4 -4 -2 -3 -4 -4 -3  4  1 -3  1  2 -3 -3 -1 -2  1  2    0   0   0   0   0   0   0   0   0  72   4   0   4  13   0   0   0   0   3   5  0.39 0.04
   30 G    1 -1  1  2 -2  1  1  2 -1 -1 -1 -1 -1 -3 -2  0  0 -3 -2  0   14   0   7  14   0   7  13  18   0   4   3   0   0   0   0   5   5   0   0   9  0.15 0.01
   31 K   -1  3 -1 -1 -4  2  1 -2 -1 -3 -3  5 -2 -4 -2 -1 -1 -4 -2 -3    0   6   0   0   0   5   0   0   0   0   0  89   0   0   0   0   0   0   0   0  0.66 0.06

                      K         Lambda
Standard Ungapped    0.1499     0.3359
Standard Gapped      0.0410     0.2670
PSI Ungapped         0.1499     0.3359
PSI Gapped           0.0410     0.2670
