
Last position-specific scoring matrix computed, weighted observed percentages rounded down, information per position, and relative weight of gapless real matches to pseudocounts
            A   R   N   D   C   Q   E   G   H   I   L   K   M   F   P   S   T   W   Y   V   A   R   N   D   C   Q   E   G   H   I   L   K   M   F   P   S   T   W   Y   V
    1 S     1  -1   1   0  -1   0   0   0  -1  -2  -3   0  -2  -2  -1   4   1  -3  -2  -2    0   0   0   0   0   0   0   0   0   0   0   0   0   0   0 100   0   0   0   0  0.46 0.01
    2 G     0  -2   0   3  -3  -1  -1   5  -2  -4  -4  -1  -3  -3  -2   0  -2  -3  -3  -3    0   0   0  27   0   0   0  73   0   0   0   0   0   0   0   0   0   0   0   0  0.78 0.01
    3 E     0   0   0   0  -2   1   3  -2  -1  -2  -2   2  -2  -3  -1   2   2  -3  -2  -2    0   0   0   0   0   0  37   0   0   0   0  21   0   0   0  21  20   0   0   0  0.35 0.02
    4 K    -2   2  -1  -1  -4   4   2  -3  -1  -4  -3   4  -2  -4  -2  -1  -1  -3  -3  -3    0   8   0   0   0  29  14   0   0   0   0  48   0   0   0   0   0   0   0   0  0.71 0.13
    5 K    -2   5  -1  -2  -4   0  -1  -3  -2  -3  -1   5  -2  -4  -2  -1  -2  -4  -3  -3    0  36   0   0   0   0   0   0   0   0   7  57   0   0   0   0   0   0   0   0  0.83 0.17
    6 C    -2  -5  -4  -5  11  -5  -5  -4  -5  -3  -3  -5  -3  -4  -5  -3  -3  -4  -4  -3    0   0   0   0 100   0   0   0   0   0   0   0   0   0   0   0   0   0   0   0  2.81 0.35
    7 W    -3   0  -4  -5  -3  -3  -4  -4  -3  -2   0  -3   3   3  -5  -4  -3  10   2   0    0   6   0   0   0   0   0   0   0   0   7   0  10  12   0   0   0  53   5   7  1.61 0.23
    8 N    -2   0   6   0  -3  -1  -2   2  -1  -4  -4  -1  -3  -3  -3   1   1  -4   0  -3    0   4  60   0   0   0   0  16   0   0   0   0   0   0   0   7   7   0   5   0  0.76 0.17
    9 R    -2   1   5   1  -3  -1  -1   1  -1  -2   0   0   1   0  -3  -1  -1  -3  -2  -2    0   9  41   7   0   0   0  14   0   0  11   6   7   5   0   0   0   0   0   0  0.36 0.12
   10 S    -1   0  -1  -2  -2   2  -1   0   3   1  -2  -1  -1  -2  -2   2   1  -3   0   1    0   5   0   0   0  16   0   7  10  11   0   0   0   0   0  23  13   0   3  13  0.16 0.09
   11 G    -1  -4  -2  -3  -4  -3  -3   7  -3  -5  -5  -3  -4  -4  -3  -2  -3  -4  -4  -5    0   0   0   0   0   0   0 100   0   0   0   0   0   0   0   0   0   0   0   0  1.73 0.25
   12 H     0   1  -1  -2  -3  -1  -2  -3   5   1  -2   0  -1  -1  -3   0   0  -2   4  -1    8  12   0   0   0   0   0   0  27  17   0   7   0   0   0   5   4   0  20   0  0.38 0.12
   13 C    -2  -5  -4  -5  11  -5  -5  -4  -5  -3  -3  -5  -3  -4  -5  -3  -3  -4  -4  -3    0   0   0   0 100   0   0   0   0   0   0   0   0   0   0   0   0   0   0   0  2.81 0.35
   14 R    -3   7  -2  -3  -5   0  -1  -4  -2  -4  -4   2  -3  -4  -3  -2  -2  -4  -3  -4    0  93   0   0   0   0   0   0   0   0   0   7   0   0   0   0   0   0   0   0  1.53 0.26
   15 K     0   3  -1   0  -3   0  -1  -2   2  -3  -3   4  -2  -3   1  -1   1  -4  -2  -3    7  17   0   5   0   0   0   0   7   0   0  42   0   0   7   0  15   0   0   0  0.45 0.12
   16 Q    -1   3  -1  -1  -3   2   0  -2  -1  -1  -1   2  -1   0  -2   1   0  -2   0  -2    0  21   0   0   0  16   5   0   0   3   6  19   0   4   0  15   6   0   4   0  0.27 0.09
   17 C    -2  -5  -4  -5  11  -5  -5  -4  -5  -3  -3  -5  -3  -4  -5  -3  -3  -4  -4  -3    0   0   0   0 100   0   0   0   0   0   0   0   0   0   0   0   0   0   0   0  2.81 0.35
   18 K    -2   3  -1  -2  -3   0  -1  -3  -2  -2   1   4  -1   0  -2   0   1  -3  -2  -2    0  19   0   0   0   0   0   0   0   0  20  39   0   6   0   7   8   0   0   0  0.34 0.12
   19 D    -2   2  -1   2  -3   0   1  -3   2  -1  -1   2  -1  -3   1  -1  -1  -4  -2   0    0  14   0  20   0   0   9   0   6   0   7  23   0   0   7   0   0   0   0  15  0.25 0.09
   20 G    -1  -1   3  -1  -3   2  -1   2  -1   0  -2   0   1  -3  -2   0   1  -3  -2   0    0   0  19   0   0  15   0  20   0   5   0   7   6   0   0   6  13   0   0   7  0.23 0.09
   21 E    -2  -2  -1   2  -5   0   6  -3  -2  -5  -4  -1  -3  -5  -3  -1  -2  -4  -3  -4    0   0   0   7   0   0  93   0   0   0   0   0   0   0   0   0   0   0   0   0  1.39 0.25
   22 A     1   3  -1  -2  -2   2  -1  -2  -1   0  -1   1   1  -2  -2   1   0  -3  -2   0   16  22   0   0   0  14   0   0   0   9   0   9   7   0   0  10   4   0   0   9  0.20 0.08
   23 V    -2  -2  -2  -3   0  -2  -2  -3   3  -1   0  -1  -1   2   2  -1  -1   4   4   1    0   0   0   0   2   0   0   0   9   0   7   5   0   8  13   7   0   6  22  21  0.32 0.10
   24 K     0   0  -2  -2  -3  -1   1  -3  -1   2  -1   1   1   0  -3   0  -1  -1   4  -1    6   4   0   0   0   0  15   0   0  21   0  14   4   0   0   7   0   0  28   0  0.25 0.11
   25 D     0  -2  -2   0  -2  -1   0   1   2   2   1  -2   1  -1  -3  -1  -1  -3  -2   1   10   0   0   7   0   0   8  13   8  16  21   0   7   0   0   0   0   0   0  12  0.10 0.06
   26 T    -1  -2  -2  -3  -2  -2  -2   1  -1  -1   2  -1   0   1  -3   0   1  -1   4  -1    0   0   0   0   0   0   0  12   0   0  30   5   0   5   0   6  16   0  24   2  0.24 0.10
   27 C    -2  -5  -4  -5  11  -5  -5  -4  -5  -3  -3  -5  -3  -4  -5  -3  -3  -4  -4  -3    0   0   0   0 100   0   0   0   0   0   0   0   0   0   0   0   0   0   0   0  2.81 0.35
   28 K    -1   3  -1   0  -3   0   0   1  -2  -1   1   2   2  -2   1  -1  -1  -3  -2  -2    0  23   0   4   0   0   3  12   0   0  18  18  11   0   8   0   4   0   0   0  0.21 0.08
   29 N    -2  -1   5   2  -3  -1   0  -2   2  -4  -4   0  -3  -4  -3   1   1  -4  -2  -3    0   0  53   8   0   0   5   0   7   0   0   7   0   0   0   9  11   0   0   0  0.67 0.15
   30 L     0  -1   0  -1   0   1   1   3   0  -1  -1   1  -2  -2  -2  -1  -1  -2   1  -2    8   0   3   0   3   7  13  29   2   4   7  16   0   0   0   0   0   0   7   0  0.20 0.07
   31 R     0   3   1  -2  -3   2   0  -2   3  -2   0   3  -1  -3  -2   0  -1  -3  -2  -2    6  25   7   0   0  10   0   0  10   0  11  23   0   0   0   8   0   0   0   0  0.33 0.09
   32 A     1  -2  -2   0  -2  -1  -1  -2  -2   0   2   0   2  -1   1   1  -1  -2   2  -1   11   0   0   7   0   0   0   0   0   5  28   6   7   0   7  18   0   0  10   0  0.13 0.07
   33 C    -2  -5  -4  -5  11  -5  -5  -4  -5  -3  -3  -5  -3  -4  -5  -3  -3  -4  -4  -3    0   0   0   0 100   0   0   0   0   0   0   0   0   0   0   0   0   0   0   0  2.81 0.35
   34 C    -2  -5  -4  -5  11  -5  -5  -4  -5  -3  -3  -5  -3  -4  -5  -3  -3  -4  -4  -3    0   0   0   0 100   0   0   0   0   0   0   0   0   0   0   0   0   0   0   0  2.81 0.35
   35 I    -1  -3  -3  -4  -2  -3  -3  -4  -3   3   2  -3   0  -1  -3  -2  -1  -3  -2   4    0   0   0   0   0   0   0   0   0  13  26   0   0   0   0   0   0   0   0  55  0.54 0.13
   36 P    -1  -1   3   0  -2   2   0  -1  -1  -3  -3   0  -2  -3   4   2  -1  -3   0  -2    1   1  23   4   0  12   1   1   0   1   1   6   0   0  24  20   1   0   3   1  0.47 0.08
   37 S     0  -1  -1   0  -2  -1   1  -2  -1   1  -1   0  -1  -1   3   2   0  -2   1  -1    8   1   0   6   0   0   8   1   0  17   1   7   0   0  15  23   1   0  10   1  0.19 0.06
   38 N    -1   0   2   1  -2   0   2  -1  -1  -2  -1   2  -1  -2  -1   2   0  -3  -2  -2    1   1  12   9   0   1  14   1   0   1  10  22   0   0   1  25   1   0   0   1  0.23 0.06
   39 E    -1   2  -1   0  -3   1   3  -2   3  -3  -2   1  -2  -1  -1  -1  -1  -2   2  -2    1  11   1   1   0   4  42   1  12   1   1  10   0   1   1   1   1   0  11   1  0.36 0.05
   40 D    -2  -2   2   4  -3   0   2  -2  -1  -2  -1  -1  -2   1  -2  -1  -1  -3  -1  -1    0   0  15  39   0   0  23   0   0   0   6   0   0  10   0   0   0   0   0   7  0.40 0.07
   41 H    -1   0  -1  -1  -3   1   1  -2   4  -3  -3   2  -2  -1   2   0  -1  -1   3  -2    0   0   0   0   0   8   6   0  15   0   0  29   0   0  13  10   0   0  19   0  0.37 0.06
   42 R     0   3  -1  -2  -2   0  -1  -2  -1  -1  -2   2  -1  -3   2   0   3  -3  -2   0    7  22   0   0   0   0   0   0   0   0   0  23   0   0   9   0  31   0   0   8  0.30 0.05
   43 R    -2   4  -1  -2   2   1  -1  -3   5  -3  -3   2  -2  -2  -2  -1  -2  -2   2  -3    0  39   0   0   7   5   0   0  31   0   0  11   0   0   0   0   0   0   7   0  0.55 0.08
   44 V    -1   2  -1  -2  -2   1  -1  -3  -1   0   0   2   0  -2  -2   0  -1  -3  -2   2    0  20   0   0   0  11   0   0   0   0   9  19   0   0   0   8   0   0   0  33  0.18 0.05
   45 P    -1  -1  -2  -2  -3  -1  -1  -2  -2  -3  -3   2  -3  -4   7   0  -1  -4  -3  -3    0   0   0   0   0   0   0   0   0   0   0  27   0   0  68   5   0   0   0   0  1.41 0.11
   46 A     1  -2  -2   0  -2  -2  -2  -2  -2   1   1  -2   1   3   0  -1   0  -2   0   1   21   0   0   7   0   0   0   0   0   8   9   0   4  23   4   0   9   0   0  15  0.12 0.03
   47 T    -1  -1  -1  -1  -2   0   0  -2  -2  -2  -1   2  -1   3  -2   1   3  -2   0  -1    0   0   0   0   0   0   7   0   0   0   0  19   0  21   0  12  41   0   0   0  0.26 0.06
   48 S    -1   0   2   1  -3   0   1  -2  -1  -2  -3   2  -2  -3   4   1   0  -4  -2  -1    0   4  12   9   0   0   7   0   0   0   0  19   0   0  25  17   0   0   0   7  0.42 0.04
   49 P    -1  -2  -2  -2  -2  -1  -2  -3  -3   0  -1   0   0  -3   6  -1   1  -4  -2   1    0   0   0   0   0   0   0   0   0   0   0   8   5   0  48   0  16   0   0  23  0.79 0.08
   50 T    -1  -1   1  -1  -2   1  -1  -2   2   1   0   1   0  -2  -2   0   1  -3  -1   1    0   0   9   0   0   7   0   0  11  21   8  12   0   0   0   8  17   0   0   7  0.10 0.03
   51 P    -1  -1  -1  -2  -3   2   0  -2   6  -3  -3   0  -2  -3   4  -1   1  -3   0  -3    0   0   0   0   0  11   0   0  41   0   0   7   0   0  24   0  17   0   0   0  0.65 0.09
   52 L    -1  -2  -1   1  -2   0  -1  -3   1   0   2  -1   2  -1   2   0  -1  -2  -1  -1    0   0   0  10   0   7   0   0   7   0  45   0   8   0  14  10   0   0   0   0  0.21 0.04
   53 S     0   0   0   0  -2   2   3  -2  -1  -2  -1   1  -1  -3   1   2   1  -3  -2  -2    0   0   0   0   0   8  31   0   0   0  10   9   0   0   7  25  10   0   0   0  0.28 0.04
   54 D    -2  -2   2   5  -3  -1   1   0  -1  -2  -3  -1  -3  -4   3  -1  -1  -4  -3  -1    0   0  10  49   0   0  10   7   0   0   0   0   0   0  17   0   0   0   0   7  0.59 0.06
   55 S     1   1  -1  -1  -2   0   1  -2  -1   1  -1   1  -1  -2  -2   2   1  -3  -2   0    9   8   0   0   0   0  14   0   0  23   0   8   0   0   0  28  10   0   0   0  0.14 0.03
   56 T     0  -1   0   1  -2  -1  -1  -2  -2  -2  -2   1  -1  -3  -1   2   4  -3  -2  -1    0   0   0   8   0   0   0   0   0   0   0  14   0   0   0  18  60   0   0   0  0.43 0.07
   57 P    -1   0  -2  -2  -2  -1  -1  -3  -2   0   2   1   0  -1   3   0  -1  -3  -2   1    0   5   0   0   0   0   0   0   0   0  36  18   0   0  16  11   0   0   0  13  0.21 0.03
   58 G     2  -1   0  -1  -1  -1  -1   3  -1  -2  -2  -1  -2  -2  -1   3   0  -2  -2  -1   27   1   0   1   0   0   1  24   0   1   1   1   0   0   1  40   1   0   0   1  0.35 0.04
   59 I    -1  -1  -2  -3  -1  -1  -2  -3  -2   2   1   0   2  -1  -2  -2  -1  -2  -1   3    1   1   0   1   0   0   1   1   0  18  12  10  14   0   1   1   1   0   0  38  0.19 0.03
   60 I    -1  -2  -2  -3  -2   1  -1  -3  -2   3   2  -1   1  -1  -3  -2  -1  -2  -1   2    0   0   0   0   0  19   0   0   0  28  30   0   0   0   0   0   0   0   0  23  0.23 0.02
   61 D    -1   0   3   3  -3   5   1  -2   0  -3  -3   0  -2  -4  -2   0  -1  -3  -2  -3    0   0  17  28   0  55   0   0   0   0   0   0   0   0   0   0   0   0   0   0  0.59 0.05
   62 D    -2  -2   2   6  -4  -1   1  -2  -1  -4  -4  -1  -3  -4  -2   0  -1  -5  -3  -4    0   0   8  92   0   0   0   0   0   0   0   0   0   0   0   0   0   0   0   0  1.04 0.06
   63 I    -2  -2  -3  -4  -2  -2  -3  -4   0   2   1  -2   0   2  -3  -2  -2   1   6   0    0   0   0   0   0   0   0   0   0  28  17   0   0   0   0   0   0   0  55   0  0.51 0.05
   64 L    -1  -2  -3  -3  -1  -2  -3  -4  -3   3   3  -2   3   0  -3  -2  -1  -2  -1   2    0   0   0   0   0   0   0   0   0  27  28   0  23   0   0   0   0   0   0  22  0.34 0.03
   65 T    -1  -2  -1  -2  -1  -2  -2  -3  -3   2   0  -2   0  -1  -2   0   4  -3  -2   2    0   0   0   0   0   0   0   0   0  30   0   0   0   0   0   0  58   0   0  11  0.33 0.04
   66 V    -1  -3  -3  -4  -1  -3  -3  -4  -3   2   3  -3   1   2  -3  -2  -1  -1   0   2    0   0   0   0   0   0   0   0   0  21  42   0   0  17   0   0   0   0   0  20  0.34 0.02
   67 R    -1   3  -1   2  -3   0   0  -2  -1  -3  -3   0  -2  -4   6  -1  -1  -4  -3  -3    0  32   0  20   0   0   0   0   0   0   0   0   0   0  48   0   0   0   0   0  0.92 0.03
   68 F    -1  -2  -1  -2  -1  -1  -2  -2  -2  -1  -1  -1  -1   4  -2   0   4  -1   1   0    0   0   0   0   0   0   0   0   0   0   0   0   0  32   0   0  68   0   0   0  0.38 0.04
   69 T    -1  -2  -1  -2  -1  -2  -2  -3  -3   2   0  -2   0  -1  -2   0   3  -3  -2   2    0   0   0   0   0   0   0   0   0  35   0   0   0   0   0   0  52   0   0  13  0.28 0.03
   70 T     0  -1   0  -1  -1  -1  -1  -2  -2  -1  -1  -1  -1  -2  -1   1   5  -3  -2   0    0   0   0   0   0   0   0   0   0   0   0   0   0   0   0   0 100   0   0   0  0.60 0.05
   71 D    -2  -2  -1   3  -2  -2  -1  -3  -1   2   0  -2   0   0  -3  -2  -1  -1   3   1    0   0   0  32   0   0   0   0   0  41   0   0   0   0   0   0   0   0  26   0  0.25 0.03
   72 Y    -2  -2  -2  -3  -2  -2  -2  -3   1  -1  -1  -2  -1   4  -3  -1   1   1   6  -1    0   0   0   0   0   0   0   0   0   0   0   0   0  22   0   0  20   0  59   0  0.61 0.04
   73 F    -2  -3  -3  -3  -3  -2  -2  -3  -2  -1   0  -2  -1   5   5  -2  -2   0   2  -1    0   0   0   0   0   0   0   0   0   0   0   0   0  62  38   0   0   0   0   0  0.77 0.01
   74 E    -1   0   0   2  -4   2   5  -2   0  -3  -3   1  -2  -3  -1   0  -1  -3  -2  -3    0   0   0   0   0   0 100   0   0   0   0   0   0   0   0   0   0   0   0   0  0.75 0.01
   75 V     0  -2  -2  -2  -1  -2  -2  -3  -3   2   0  -2   0  -1  -2   0   3  -3  -1   3    0   0   0   0   0   0   0   0   0  16   0   0   0   0   0   0  38   0   0  46  0.24 0.00
   76 S     0  -1   4   0  -2   0   0   0   0  -3  -3   0  -2  -3  -1   3   1  -3  -2  -2    0   0  38   0   0   0   0   0   0   0   0   0   0   0   0  62   0   0   0   0  0.43 0.00
   77 S     1  -1   0  -1  -1   0   0  -1  -1  -2  -2   0  -1  -2  -1   3   3  -3  -2  -1    0   0   0   0   0   0   0   0   0   0   0   0   0   0   0  62  38   0   0   0  0.39 0.00
   78 K    -1   1  -1  -1  -3   1   0  -2  -1  -3  -3   4  -2  -3   5   0  -1  -3  -2  -2    0   0   0   0   0   0   0   0   0   0   0  62   0   0  38   0   0   0   0   0  0.75 0.01
   79 K    -1   1   0   0  -3   2   3  -2  -1  -3  -3   4  -2  -3  -1   0  -1  -3  -2  -2    0   0   0   0   0   0  38   0   0   0   0  62   0   0   0   0   0   0   0   0  0.49 0.00
   80 D    -1  -1   2   4  -2   0   1  -1  -1  -2  -3  -1  -2  -3  -1   1   3  -3  -2  -2    0   0  16  46   0   0   0   0   0   0   0   0   0   0   0   0  38   0   0   0  0.45 0.00
   81 M    -1  -1  -1  -2  -1  -1  -2  -2  -2   1   1  -1   5  -1  -2   0   3  -2  -1   0    0   0   0   0   0   0   0   0   0   0   0   0  62   0   0   0  38   0   0   0  0.24 0.01
   82 V     0  -2  -3  -3  -1  -1  -2  -3  -3   2   1  -2   4  -1  -3  -2   0  -2  -1   3    0   0   0   0   0   0   0   0   0   0   0   0  38   0   0   0   0   0   0  62  0.28 0.01
   83 E    -1  -1  -1   1  -3   1   4  -2  -1  -3  -3   0  -2  -3   5   0  -1  -3  -2  -3    0   0   0   0   0   0  62   0   0   0   0   0   0   0  38   0   0   0   0   0  0.86 0.01
   84 E    -1  -1  -1   1  -3   1   4  -2  -1  -3  -3   0  -2  -3   5   0  -1  -3  -2  -3    0   0   0   0   0   0  62   0   0   0   0   0   0   0  38   0   0   0   0   0  0.86 0.01
   85 S     1  -1   1   0  -1   0   0   0  -1  -2  -3   0  -2  -2  -1   4   1  -3  -2  -2    0   0   0   0   0   0   0   0   0   0   0   0   0   0   0 100   0   0   0   0  0.47 0.01
   86 E    -1   0   0   2  -4   2   5  -2   0  -3  -3   1  -2  -3  -1   0  -1  -3  -2  -3    0   0   0   0   0   0 100   0   0   0   0   0   0   0   0   0   0   0   0   0  0.75 0.01
   87 A     3  -2  -1  -2  -1  -1  -1  -1  -2   0  -1  -1  -1  -2  -1   1   3  -3  -2   1   46   0   0   0   0   0   0   0   0   0   0   0   0   0   0   0  38   0   0  16  0.24 0.00
   88 G     0  -2   0  -1  -2  -1  -2   4  -2  -2  -3  -1  -2  -3  -2   0   2  -3  -3  -2    0   0   0   0   0   0   0  62   0   0   0   0   0   0   0   0  38   0   0   0  0.57 0.00
   89 R     0   3   0  -1  -2   3   1  -1   0  -3  -2   1  -1  -3  -1   2   0  -3  -2  -2    0  30   0   0   0  32   0   0   0   0   0   0   0   0   0  38   0   0   0   0  0.38 0.00
   90 G     1  -2   0  -1  -2  -1  -1   5  -2  -3  -3  -1  -2  -3  -2   2   0  -3  -3  -3    0   0   0   0   0   0   0  62   0   0   0   0   0   0   0  38   0   0   0   0  0.62 0.00
   91 T     0   1   0  -1  -2   0   0  -2  -1  -1  -2   3  -1  -3  -1   1   4  -3  -2  -1    0   0   0   0   0   0   0   0   0   0   0  38   0   0   0   0  62   0   0   0  0.33 0.00
   92 E    -1   0   0   0  -2   3   3  -2   0  -2  -2   1  -1  -3  -1   1   3  -2  -2  -1    0   0   0   0   0  32  30   0   0   0   0   0   0   0   0   0  38   0   0   0  0.38 0.00
   93 T     0  -1   0  -1  -1  -1  -1  -2  -2  -1  -1  -1  -1  -2  -1   1   5  -3  -2   0    0   0   0   0   0   0   0   0   0   0   0   0   0   0   0   0 100   0   0   0  0.49 0.01
   94 S     0  -1   0  -1  -1   0  -1  -1  -1  -1   0  -1   3  -1  -1   3   1  -2  -1  -1    0   0   0   0   0   0   0   0   0   0   0   0  38   0   0  62   0   0   0   0  0.22 0.01
   95 L    -1  -2  -3  -2  -2  -2  -2  -3  -3   0   2  -2   0  -1   6  -2  -1  -3  -2  -1    0   0   0   0   0   0   0   0   0   0  46   0   0   0  54   0   0   0   0   0  0.88 0.00
   96 P    -1  -2  -2  -2  -3  -1  -1  -2  -2  -3  -3  -1  -3  -4   8  -1  -1  -4  -3  -2    0   0   0   0   0   0   0   0   0   0   0   0   0   0 100   0   0   0   0   0  2.06 0.01
   97 N     0  -1   5   1  -2   0   0   0   0  -3  -3   0  -2  -3  -2   2   1  -3  -2  -2    0   0  62   0   0   0   0   0   0   0   0   0   0   0   0  38   0   0   0   0  0.50 0.01
   98 V     0  -1  -2  -1  -2   0   3  -3  -2   1   0  -1   0  -2  -2  -1   0  -3  -2   3    0   0   0   0   0   0  38   0   0   0   0   0   0   0   0   0   0   0   0  62  0.21 0.00
   99 H    -1  -1   0  -1  -2   0   0  -2   6  -2  -2  -1  -1  -2  -2   0   2  -2   1  -2    0   0   0   0   0   0   0   0  62   0   0   0   0   0   0   0  38   0   0   0  0.50 0.01
  100 H     2  -1   0  -1  -2   0   0  -1   6  -2  -2  -1  -1  -2  -2   0  -1  -3   1  -2   38   0   0   0   0   0   0   0  62   0   0   0   0   0   0   0   0   0   0   0  0.47 0.01
  101 S     1  -1   0  -1  -1   0  -1  -1  -1  -1  -2   0  -1  -2  -1   3   4  -3  -2  -1    0   0   0   0   0   0   0   0   0   0   0   0   0   0   0  46  54   0   0   0  0.39 0.00
  102 S     1  -1   1   0  -1   0   0   0  -1  -2  -3   0  -2  -2  -1   4   1  -3  -2  -2    0   0   0   0   0   0   0   0   0   0   0   0   0   0   0 100   0   0   0   0  0.47 0.01

                      K         Lambda
Standard Ungapped    0.1285     0.3126
Standard Gapped      0.0391     0.2670
PSI Ungapped         0.1278     0.3225
PSI Gapped           0.0391     0.2670
