
Last position-specific scoring matrix computed, weighted observed percentages rounded down, information per position, and relative weight of gapless real matches to pseudocounts
            A   R   N   D   C   Q   E   G   H   I   L   K   M   F   P   S   T   W   Y   V   A   R   N   D   C   Q   E   G   H   I   L   K   M   F   P   S   T   W   Y   V
    1 S     1  -1  -1   0  -2   0   4  -2  -1  -3  -3   0  -2  -3  -2   2   2  -3  -2  -2   14   0   0   0   0   0  42   0   0   0   0   0   0   0   0  21  23   0   0   0  0.45 0.10
    2 K    -2   1  -1  -2  -4   1   0  -3  -2  -4  -4   6  -2  -4  -2  -1  -2  -4  -3  -4    0   0   0   0   0   4   0   0   0   0   0  96   0   0   0   0   0   0   0   0  1.13 0.20
    3 G    -1  -3   2  -2  -4  -3  -3   7  -3  -5  -5  -3  -4  -5  -4  -2  -3  -4  -4  -5    0   0  10   0   0   0   0  90   0   0   0   0   0   0   0   0   0   0   0   0  1.51 0.25
    4 F    -3  -2  -3  -4  -4  -3  -3  -4   2  -2  -1   1  -2   7  -4  -3  -3   2   4  -2    0   0   0   0   0   0   0   0   7   0   0  13   0  64   0   0   0   2  15   0  1.06 0.22
    5 G    -1  -4  -2  -3  -4  -3  -4   7  -4  -5  -5  -3  -4  -5  -4  -2  -3  -4  -5  -5    0   0   0   0   0   0   0 100   0   0   0   0   0   0   0   0   0   0   0   0  1.78 0.28
    6 F    -4  -4  -5  -5  -4  -5  -5  -5  -3  -1   1  -5  -1   8  -5  -4  -4  -1   1  -2    0   0   0   0   0   0   0   0   0   0   9   0   0  91   0   0   0   0   0   0  1.66 0.29
    7 I    -3  -4  -5  -5  -3  -4  -5  -5  -5   7   1  -4   0  -1  -4  -4  -2  -4  -3   2    0   0   0   0   0   0   0   0   0  88   9   0   0   0   0   0   0   0   0   3  1.11 0.25
    8 S     0  -2   0  -1   1   0   2  -2  -2   0  -2  -1  -2  -3  -2   2   4  -4  -3  -1    5   0   4   0   3   3  20   0   0   6   0   0   0   0   0  14  44   0   0   0  0.43 0.15
    9 P    -1   1  -2  -1  -4   2  -1  -2  -2  -3  -3  -1   1  -4   6  -2  -2  -4  -3  -1    2  11   0   3   0  15   0   2   0   0   0   1   5   0  54   0   1   0   0   7  1.07 0.19
   10 K     0  -1   1   4  -3   0   3  -1  -1  -3  -2   0  -2  -4  -1   1   0  -4  -3  -2    6   0   8  27   0   2  26   4   0   0   4   2   0   0   1  14   5   0   0   1  0.40 0.10
   11 D    -1  -2   3   6  -4  -1   1   1  -2  -4  -4  -1  -3  -4  -2   0  -2  -4  -3  -3    4   0  19  55   0   0   5  10   0   0   1   0   0   0   0   3   0   0   0   0  0.78 0.16
   12 G    -1  -3  -1  -2  -3  -3  -2   6  -3  -3  -4  -2  -3  -4  -2   0   0  -4  -4  -1    0   0   2   0   0   0   2  75   0   1   0   0   0   0   1   3   9   0   0   6  1.00 0.19
   13 S     0   1   0   1  -3  -1  -1   4  -2  -3  -3   0  -2  -3   2   1  -1  -3  -3  -2    3  13   1   8   0   1   2  37   0   0   0   4   0   0   9  18   0   0   0   4  0.38 0.10
   14 K     0   0   1   1  -3   1   2  -1  -1  -1  -2   3  -2  -3   1   0   0  -3  -2   0    9   0   6   6   0   4  17   3   0   5   0  29   0   0   5   1   3   0   0   9  0.20 0.07
   15 D    -3  -3   0   7  -5  -1   2  -3  -2  -5  -5  -2  -5  -5  -3  -2  -3  -6  -5  -5    0   0   0  88   0   0  12   0   0   0   0   0   0   0   0   0   0   0   0   0  1.59 0.28
   16 V    -2  -4  -4  -5  -2  -4  -4  -5  -4   3   1  -4   0  -2  -4  -3  -1  -4  -2   5    0   0   0   0   0   0   0   0   0  13  12   0   0   0   0   0   0   0   0  75  0.82 0.20
   17 F    -4  -4  -4  -5  -4   2  -3  -5  -3  -2  -1  -4  -2   8  -5  -4  -4  -1   1  -3    0   0   0   0   0  13   0   0   0   0   0   0   0  87   0   0   0   0   0   0  1.54 0.29
   18 V     0  -4  -4  -4   2  -3  -4  -4  -4   1   1  -3   0   0  -4  -3  -1  -4  -2   5    8   0   0   0   4   0   0   0   0   0   7   0   0   4   0   0   0   0   0  77  0.71 0.20
   19 H    -4  -2  -1  -3  -5  -1  -2  -4  10  -5  -5  -3  -4  -3  -4  -3  -4  -4   0  -5    0   0   0   0   0   0   0   0 100   0   0   0   0   0   0   0   0   0   0   0  2.51 0.40
   20 F    -2  -1  -3  -3  -3   3  -2  -4   0   1  -1  -1  -1   5  -3  -2  -2   1   3   1    2   3   0   0   0  21   0   0   1  11   0   4   0  34   0   0   0   1  14   9  0.43 0.14
   21 S     0   0   0  -2  -2  -1  -1  -2  -2  -4  -4   0  -3  -4  -2   6   2  -4  -3  -3    0   5   1   0   0   0   0   0   0   0   0   3   0   0   0  82   9   0   0   0  0.90 0.25
   22 A     4  -2   0   1  -2  -1   1  -1  -2  -2  -3   0  -2  -3  -2   1   0  -4  -3  -1   57   0   4   8   0   0   8   1   0   0   0   8   0   0   0   8   3   0   0   4  0.40 0.14
   23 I    -2  -4  -4  -4   2  -4  -4  -5  -4   5   2  -4   0   1  -4  -3  -2  -3  -2   2    0   0   0   0   4   0   0   0   0  63  15   0   0   7   0   0   0   0   0  10  0.70 0.17
   24 Q    -1   1   2   1  -3   4   2  -2   1  -3  -3   1  -2  -2  -2  -1   0  -3  -1  -1    2   7  12   5   0  32  18   0   4   0   0   6   0   1   0   0   6   0   2   5  0.39 0.12
   25 S     1   0  -1  -2  -2   0  -1   2  -2  -2  -1   0   4  -2   0   1   0  -3  -2  -2   10   3   2   0   0   6   0  23   0   0   5   4  21   0   3  18   6   0   0   0  0.22 0.10
   26 D     0   1   2   4  -3   1   3  -2   1  -4  -4   0  -3  -4  -2   0   0  -4  -3  -3   10   8  13  26   0   4  26   1   4   0   0   0   0   0   1   3   3   0   0   0  0.45 0.11
   27 S    -1  -3  -1   1  -4  -2   0   6  -2  -4  -4  -2  -3  -2  -3  -1  -2  -2   2  -4    0   0   2  10   0   0   6  67   0   0   0   0   0   0   0   2   0   0  11   0  0.87 0.17
   28 F     0  -3  -4  -4  -3  -3  -4  -4  -2  -1   1  -3   0   6  -4  -2  -1  -1   4   0    8   0   0   0   0   0   0   0   0   0  15   0   2  50   0   0   4   0  13   7  0.67 0.16
   29 K    -1   5  -1  -1  -4   0   2  -3   1  -4  -3   4  -3  -4   1  -1  -2  -4  -3  -3    3  37   0   0   0   0  17   0   4   0   0  33   0   0   7   0   0   0   0   0  0.68 0.16
   30 T     0  -2  -1  -1  -2  -1   1  -1  -2  -2  -2  -1  -2  -3  -2   4   4  -4  -3   0    5   0   0   0   0   0   8   3   0   0   0   0   0   0   0  41  33   0   0   8  0.46 0.15
   31 L    -2  -3  -4  -4  -2  -3  -4  -4  -4   1   5  -3   1  -1  -3  -3  -2  -3  -2   1    1   0   0   0   0   0   0   1   0   5  85   0   0   0   0   0   0   0   0   4  0.80 0.18
   32 N     0   0   0   2  -3   1   2   0  -1   0  -2   2   0  -2  -2   0   1  -3  -2  -1    7   0   5  13   0   9  14   6   0   8   0  20   3   2   0   0  10   0   0   2  0.17 0.06
   33 E     0  -2  -2   1  -4   0   5  -3  -2  -4  -3   0  -3  -4   3  -1   0  -4  -3  -3    6   0   0   6   0   0  65   0   0   0   1   1   0   0  14   0   4   0   0   1  0.83 0.20
   34 G    -1  -2   1  -2  -4  -1  -2   6  -3  -5  -5  -2  -4  -5  -3  -1  -3  -4  -4  -5    0   2   8   0   0   2   1  86   0   0   0   0   0   0   0   0   0   0   0   0  1.38 0.24
   35 Q    -2  -1  -1   2  -4   6   3  -3  -1  -1  -1   0  -2  -4  -3  -1  -2  -4  -3  -3    2   0   0  13   0  54  19   0   0   4   8   0   0   0   0   0   0   0   0   0  0.75 0.21
   36 E     0   3   0   1  -3   1   2  -2  -1  -3  -3   3  -2  -4   0   0   0  -4  -3  -2    7  22   2   7   0   3  19   0   0   0   0  24   0   0   4   6   4   0   0   2  0.37 0.10
   37 V    -2  -4  -5  -5  -2  -4  -4  -5  -5   2  -1  -4  -1  -2  -4  -3  -2  -4  -3   6    0   0   0   0   0   0   0   0   0   3   0   0   0   0   0   0   0   0   0  97  1.19 0.28
   38 S    -1  -1  -1   0  -3   1   4  -3  -2  -1  -3   0  -2  -4  -2   2   2  -4  -3  -2    1   0   1   0   0   4  48   0   0   6   0   3   0   0   0  23  13   0   0   0  0.54 0.16
   39 F    -4  -4  -4  -5  -4  -4  -5  -5  -2  -2  -1  -4  -2   8  -5  -4  -4   0   5  -2    0   0   0   0   0   0   0   0   0   0   0   0   0  81   0   0   0   0  19   0  1.65 0.29
   40 T    -1  -2  -1   3   4   0   3  -2  -2  -1  -3   0  -2  -3  -2   0   1  -4  -1  -1    2   0   0  25  12   2  26   1   0   3   0   5   0   0   0   4  14   0   3   3  0.38 0.12
   41 I    -1   1  -3  -4   0  -2  -2  -4  -3   4   1  -2   1   1  -3  -2  -1  -3  -1   3    3  12   0   0   2   0   2   0   0  35   6   0   3   6   0   0   2   0   1  27  0.32 0.12
   42 E    -1  -1  -2  -1  -3   2   3  -1   0   1  -1   1  -1  -3  -2  -1   1  -4  -2   2    3   0   0   0   0   9  32   3   2  10   2  11   0   0   0   0   9   0   0  21  0.25 0.11
   43 N    -2   1   3   2  -4   3   3  -2   1  -4  -3   2  -1  -4  -2   0  -1  -4  -2  -3    0   9  17  11   0  21  21   0   4   0   2  10   2   0   0   4   0   0   0   0  0.46 0.12
   44 G    -1  -3  -1   1  -4  -2  -2   6  -3  -5  -5   0  -4  -4  -3   1  -1  -4  -4  -4    0   0   0   7   0   0   0  71   0   0   0   5   0   0   0  13   3   0   0   0  1.02 0.20
   45 A     0   0   1   0  -3   3   0  -2  -1  -2   0   1  -1  -3   3   1   0  -3  -2  -2    9   3   6   5   0  21   4   0   0   0  13   7   0   0  14  12   4   0   0   0  0.26 0.09
   46 K    -2   5  -2  -2  -5   0  -1  -3  -2  -4  -4   6  -3  -4  -3  -2  -2  -4  -3  -4    0  35   0   0   0   0   0   0   0   0   0  65   0   0   0   0   0   0   0   0  1.09 0.22

                      K         Lambda
Standard Ungapped    0.1321     0.3132
Standard Gapped      0.0509     0.2670
PSI Ungapped         0.1662     0.3160
PSI Gapped           0.0509     0.2670
