
Last position-specific scoring matrix computed, weighted observed percentages rounded down, information per position, and relative weight of gapless real matches to pseudocounts
            A   R   N   D   C   Q   E   G   H   I   L   K   M   F   P   S   T   W   Y   V   A   R   N   D   C   Q   E   G   H   I   L   K   M   F   P   S   T   W   Y   V
    1 H    -2   4   0  -2  -4   1   0  -2   7  -4  -3   2  -2  -2  -2  -1  -2  -3   0  -3    0  39   0   0   0   0   0   0  51   0   0  10   0   0   0   0   0   0   0   0  0.66 0.04
    2 S     1   2   0  -1  -2   2   1   2  -1  -3  -3   0  -2  -3  -2   2   0  -3  -2  -2   11  14   0   0   0  20  11  18   0   0   0   0   0   0   0  24   0   0   0   0  0.30 0.03
    3 H    -2  -1   6   2  -3   0   1  -1   4  -4  -4  -1  -3  -3  -2   0   0  -4  -2  -3    0   0  64   8   0   0   8   0  14   0   0   0   0   0   0   0   6   0   0   0  0.69 0.09
    4 S    -2  -3  -3  -4  -2  -3  -3  -4  -2   2   2  -3   1   4  -3  -1  -1   0   3   0    0   0   0   0   0   0   0   0   0  23  32   0   0  26   0   5   0   0  14   0  0.36 0.05
    5 E    -2  -2   4   6  -4   0   2  -2  -1  -4  -4  -1  -3  -4  -2  -1  -1  -5  -3  -4    0   0  32  58   0   0  10   0   0   0   0   0   0   0   0   0   0   0   0   0  0.89 0.10
    6 V    -1  -3  -3  -3  -2  -2  -3  -3  -2   2   1  -3   0   1   2  -2  -1  -1   3   3    4   0   0   0   0   0   0   0   0  16   7   0   0   5  11   0   0   0  18  40  0.30 0.06
    7 S     3  -1  -1  -1  -2   0   2  -1  -2  -3  -3  -1  -2  -3  -1   4   0  -3  -2  -2   32   0   0   0   0   0  18   0   0   0   0   0   0   0   0  49   0   0   0   0  0.46 0.10
    8 Q     0   2  -1  -1  -4   3   3  -2  -1  -3  -3   4  -2  -4  -2  -1  -1  -3  -2  -3    7  11   0   0   0  13  26   0   0   0   0  44   0   0   0   0   0   0   0   0  0.55 0.09
    9 I    -2  -3  -4  -4  -2  -3  -4  -4  -4   4   2  -3   2  -1  -3  -3  -1  -3  -2   3    0   0   0   0   0   0   0   0   0  52  13   0   7   0   0   0   0   0   0  28  0.54 0.10
   10 S     0  -1   4   2  -3   0   2  -1  -1  -3  -4  -1  -3  -4   2   3   0  -4  -3  -3    4   0  27  14   0   3  12   0   0   0   0   0   0   0   9  31   0   0   0   0  0.45 0.08
   11 G    -1  -3  -1  -2  -4  -3  -3   7  -3  -5  -5  -3  -4  -4  -3  -1  -3  -4  -4  -4    0   0   0   0   0   0   0 100   0   0   0   0   0   0   0   0   0   0   0   0  1.51 0.17
   12 E    -1   0   1   3  -3   1   3  -2  -1  -3  -3   2  -2  -3   2  -1   0  -3   0  -1    0   0   4  18   0   4  27   0   0   0   0  19   0   0  13   0   6   0   4   5  0.38 0.06
   13 W    -4  -4  -5  -6  -4  -4  -4  -4  -4  -4  -3  -5  -3   0  -5  -4  -4  12   1  -4    0   0   0   0   0   0   0   0   0   0   0   0   0   0   0   0   0 100   0   0  3.47 0.29
   14 Y    -2   2  -1   0  -4   1  -1  -3   4  -3  -2   0  -2   3  -3  -2  -2   0   5  -2    0  15   0   5   0   6   0   0  17   0   0   7   0  13   0   0   0   0  36   0  0.53 0.10
   15 S     0  -2  -1  -2  -2  -1  -1  -2  -2   0  -1  -1  -1  -3  -2   4   4  -3  -2  -1    0   0   0   0   0   0   0   0   0   5   6   0   0   0   0  46  43   0   0   0  0.50 0.12
   16 V    -2  -3  -3  -1  -2  -3  -3  -4  -4   5   2  -3   1  -1  -3  -3  -1  -3  -2   2    0   0   0   6   0   0   0   0   0  65  19   0   0   0   0   0   0   0   0  10  0.53 0.10
   17 L     1  -2  -2  -3  -2  -2  -2  -2  -1   0   1  -2   1   2  -2   1  -1  -1   4   0   21   0   0   0   0   0   0   0   0   4  17   0   4   8   0  15   0   0  24   8  0.21 0.06
   18 L    -1  -3  -4  -3  -2  -2  -2  -4  -3   4   3  -3   2  -1  -3  -2  -1  -3  -2   2    5   0   0   0   0   0   4   0   0  48  33   0   5   0   0   0   0   0   0   4  0.41 0.08
   19 A     5  -2  -3  -3  -1  -2  -2  -1  -3  -2  -2  -2  -2  -3  -2   0  -1  -4  -3   0   94   0   0   0   0   0   0   0   0   0   0   0   0   0   0   0   0   0   0   6  0.77 0.15
   20 S     4  -2  -1  -2  -1  -1  -1  -1  -2  -2  -3  -1  -2  -3  -2   4   1  -3  -3  -1   54   0   0   0   0   0   0   0   0   0   0   0   0   0   0  43   4   0   0   0  0.56 0.12
   21 D    -2  -2   1   7  -4  -1   1  -2  -2  -4  -4  -2  -4  -4  -2   0  -2  -4   0  -4    0   0   4  86   0   0   0   0   0   0   0   0   0   0   0   6   0   0   4   0  1.16 0.16
   22 H    -1   1   4   1  -3   0   0  -2   2  -2  -3   2  -2  -3  -2   0   0  -4  -2  -1    4   7  37   5   0   0   4   0   8   3   0  17   0   0   0   5   6   0   0   5  0.32 0.07
   23 R    -1   3  -2   0  -3   0  -1  -3  -2   0   0   2   3  -2  -3  -1  -1  -3  -2   1    0  25   0   5   0   0   0   0   0   0   8  24  17   0   0   0   0   0   0  21  0.25 0.08
   24 E     0  -1   1   3  -4   1   5  -2  -1  -4  -4   0  -3  -4  -2   0   0  -4  -3  -3    5   0   5  17   0   0  63   0   0   0   0   0   0   0   0   4   6   0   0   0  0.70 0.11
   25 K    -2   3   0  -2  -4   0   0  -3  -1  -4  -3   6  -2  -4  -2  -1  -2  -4  -3  -3    0  11   4   0   0   0   0   0   0   0   0  86   0   0   0   0   0   0   0   0  0.90 0.15
   26 I    -2  -4  -4  -4  -2  -4  -4  -5  -4   6   1  -4   0  -1  -4  -3  -1  -4  -2   3    0   0   0   0   0   0   0   0   0  87   0   0   0   0   0   0   0   0   0  13  0.82 0.15
   27 E     0   1   1   0  -3   1   5  -1  -1  -3  -3   1  -2  -4  -2   0  -1  -4  -3  -1    6   5   6   0   0   0  56   4   0   0   0  10   0   0   0   8   0   0   0   5  0.47 0.09
   28 Y    -2   1  -1   0  -4   1   6  -3  -1  -3  -3   0  -3  -3  -2  -1  -2  -3   0  -2    0   7   0   0   0   0  85   0   0   0   0   0   0   0   0   0   0   0   3   4  0.92 0.15
   29 N    -1  -2   5   0  -4  -1   0   4   4  -4  -4  -1  -3  -3  -3  -1  -2  -4  -2  -4    0   0  39   0   0   0   5  39  17   0   0   0   0   0   0   0   0   0   0   0  0.70 0.11
   30 G    -1  -3  -1  -2  -3  -3  -3   6  -3  -5  -5  -2  -4  -4  -3   0  -2  -4  -4  -4    0   0   0   0   0   0   0  94   0   0   0   0   0   0   0   6   0   0   0   0  1.36 0.15
   31 S    -1  -2   1   2  -3  -1   2  -2  -2  -3  -3  -1  -3  -4   5   3   0  -4  -3  -3    0   0   4  11   0   0  17   0   0   0   0   0   0   0  31  35   3   0   0   0  0.66 0.09
   32 M    -2  -3  -4  -4  -2  -2  -3  -4  -3   1   4  -3   5   1  -4  -3  -2  -2  -1   0    0   0   0   0   0   0   0   0   0   0  64   0  31   4   0   0   0   0   0   0  0.67 0.13
   33 R    -3   7  -1  -3  -5   0  -1  -3  -1  -4  -3   1  -2  -4  -3  -2  -2  -4  -3  -4    0 100   0   0   0   0   0   0   0   0   0   0   0   0   0   0   0   0   0   0  1.39 0.19
   34 V     1  -2  -1  -3  -1  -2  -2  -1  -3   2   1  -2   1   0  -2  -1   0  -3  -1   3   18   0   5   0   0   0   0   4   0   7  15   0   5   3   0   0   6   0   0  36  0.17 0.05
   35 F    -3  -3  -3  -4  -3  -3  -3  -4   2  -2  -1  -3  -1   6  -4  -3  -3   1   7  -2    0   0   0   0   0   0   0   0   5   0   0   0   0  46   0   0   0   0  48   0  1.12 0.15
   36 V    -1  -3  -4  -4   2  -3  -3  -4  -3   2   1  -3   1   4  -3  -2  -1  -1   1   3    0   0   0   0   7   0   0   0   0   9  10   0   4  23   0   0   0   0   5  41  0.37 0.08
   37 E    -2   4   1   0  -4   2   3  -3   1  -4  -3   2  -2  -4  -2  -1  -1  -3  -2  -3    0  41   5   3   0  10  26   0   4   0   0  10   0   0   0   0   0   0   0   0  0.58 0.09
   38 Y    -2   0   3   0  -3   2   0  -2   6  -3  -3  -1  -2  -2  -3   0  -1  -3   2  -2    0   5  22   3   0   9   5   0  39   0   0   0   0   0   0   7   0   0   7   3  0.55 0.10
   39 I    -2  -3  -4  -4  -2  -3  -4  -4  -4   5   3  -3   2  -1  -4  -3  -1  -3  -2   2    0   0   0   0   0   0   0   0   0  61  25   0   6   0   0   0   0   0   0   8  0.58 0.10
   40 H    -2   2   0  -2  -3   0   0  -2   6  -3  -3   2  -2  -1  -2  -1  -2  -1   3  -3    0  16   0   0   0   0   0   0  47   0   0  20   0   0   0   0   0   0  16   0  0.54 0.04

                      K         Lambda
Standard Ungapped    0.1293     0.3161
Standard Gapped      0.0452     0.2670
PSI Ungapped         0.1476     0.3159
PSI Gapped           0.0452     0.2670
