
Last position-specific scoring matrix computed, weighted observed percentages rounded down, information per position, and relative weight of gapless real matches to pseudocounts
            A   R   N   D   C   Q   E   G   H   I   L   K   M   F   P   S   T   W   Y   V   A   R   N   D   C   Q   E   G   H   I   L   K   M   F   P   S   T   W   Y   V
    1 M    -1  -2  -3  -4  -2  -1  -3  -3  -2   1   2  -2   8   0  -3  -2  -1  -2  -2   0    0   0   0   0   0   0   0   0   0   0   0   0 100   0   0   0   0   0   0   0  0.73 0.09
    2 A     2   0  -1  -2  -2   0  -1   3  -2  -2  -2   3  -2  -3  -2   0  -1  -3  -2   0   23   0   0   0   0   0   0  27   0   0   0  39   0   0   0   0   0   0   0  11  0.28 0.05
    3 S    -4  -5  -3  -5  -6  -3  -4  -6  -5  -6  -6  -4  -6  -7   9  -2  -3  -7  -3  -5    0   0   1   0   0   1   0   0   0   0   0   0   0   0  93   2   1   0   1   0  2.85 0.71
    4 K    -4  -1  -4  -4  -7  -2  -3  -5  -4  -6  -6   8  -5  -7  -5  -4  -4  -7  -5  -6    0   0   0   0   0   0   0   0   0   0   0 100   0   0   0   0   0   0   0   0  2.41 0.73
    5 M    -3  -2  -2  -6  -4   0  -5  -6  -4   2   3  -3   8  -2  -5  -4  -4  -4  -4  -1    2   3   2   0   0   4   0   0   0  10  24   1  52   1   0   0   0   0   0   1  1.34 0.51
    6 K    -4   0  -4  -4  -7  -2  -3  -5  -4  -6  -6   8  -5  -7  -5  -4  -4  -7  -5  -6    0   1   0   0   0   0   0   0   0   0   0  99   0   0   0   0   0   0   0   0  2.40 0.75
    7 T    -3  -4  -1  -4  -4  -4  -4  -5  -5  -4  -5  -4  -4  -6  -3   2   7  -6  -5  -3    0   0   2   0   0   0   0   0   0   0   0   0   0   0   1  14  83   0   0   1  1.87 0.67
    8 R    -4   3   3  -3  -2  -2  -2  -4   7  -4  -3   4  -4  -5  -4  -2  -3  -5  -3   0    0  13  16   1   1   0   0   0  32   1   2  25   0   0   0   2   0   0   0   7  1.01 0.42
    9 K    -3   5  -3  -3  -5  -1  -2  -4  -3  -5  -5   4  -4  -6  -4   4  -1  -6  -5  -5    0  32   0   0   0   1   0   0   0   0   0  29   0   0   0  36   2   0   0   0  1.13 0.49
   10 S     3  -4  -3  -4  -2  -4  -4   5  -4  -5  -5  -4  -2  -5  -4   3  -1  -5  -5  -4   25   0   0   0   1   0   0  48   0   0   0   0   1   0   0  23   2   0   0   0  1.10 0.44
   11 A     6  -4  -4  -5  -3  -4  -4  -3  -5  -2  -2  -4  -1  -5  -4   0   0  -5  -4   1   75   0   0   0   0   0   0   0   0   1   4   0   1   0   0   4   4   0   0  10  1.19 0.51
   12 K     5  -2  -3  -4   1  -2  -3  -2  -4  -4  -3   4  -4  -5  -4   1  -2  -5  -4   0   48   1   0   0   3   0   0   1   0   0   1  32   0   0   0   8   1   0   0   6  0.88 0.44
   13 K    -3   0  -4  -4  -7  -2  -3  -4   0  -6  -6   8  -3  -7  -5  -2  -4  -7  -5  -6    1   2   0   0   0   0   0   1   3   0   0  92   0   0   0   2   0   0   0   0  2.15 0.74
   14 R    -5   8  -4  -6  -7  -3  -4  -6  -4  -7  -6  -1  -5  -7  -6  -5  -5  -7  -6  -7    0  98   0   0   0   0   0   0   0   0   0   2   0   0   0   0   0   0   0   0  2.78 0.86
   15 Y    -5  -6  -7  -7  -6  -7  -7  -7  -5   0  -2  -7  -3   9  -7  -6  -5   2   2  -1    1   0   0   0   0   0   0   0   0   5   2   0   0  83   0   0   0   3   4   3  2.35 0.72
   16 S    -2   4  -3  -3  -6  -1  -2  -4  -1  -3  -3   6  -4  -6  -4   0  -2  -6  -4  -4    2  19   0   0   0   0   1   0   1   2   3  64   0   0   0   5   1   0   0   1  1.26 0.52
   17 F    -1   1  -4  -4  -3  -2  -3  -4  -4   2   1   2  -1   0  -3  -3  -2  -4  -3   3    5  10   0   0   0   1   0   0   0  15  13  19   1   5   1   0   1   0   0  30  0.43 0.27
   18 T    -3  -1  -2  -4  -4  -4  -4  -5  -5  -3  -1   0  -2  -5  -4   0   7  -6  -5  -3    0   4   1   0   0   0   0   0   0   1   5   5   1   0   0   5  78   0   0   1  1.57 0.64
   19 V     4  -3  -3  -4  -4  -3  -2   5   0  -5  -5   1  -4  -5  -2   0  -3  -5  -5  -3   34   1   0   0   0   0   2  43   2   0   0  10   0   0   2   5   0   0   0   1  0.91 0.41
   20 N    -2  -2   3  -2  -4  -3  -3  -1  -3  -5  -4   1  -4  -5  -4   4   4  -6  -4  -4    1   1  12   1   0   0   0   5   0   0   1   8   0   0   0  41  30   0   0   0  0.89 0.45
   21 G    -3  -5  -1  -4  -6  -5  -5   7  -5  -7  -7  -3  -6  -6  -5  -3  -5  -6  -6  -6    1   0   2   0   0   0   0  93   0   0   0   1   0   0   0   1   0   0   0   0  2.26 0.69
   22 K    -3   0  -1  -3  -2  -1  -2   0  -4  -5  -1   7  -4  -5  -4  -2   0  -5  -4  -4    1   3   2   0   1   2   0   6   0   0   6  71   0   0   0   2   5   0   0   0  1.25 0.51
   23 V    -3  -5  -6  -6  -4  -5  -5  -6  -5   4   2  -5  -1   4  -5  -4  -3   2   1   4    1   0   0   0   0   0   0   0   0  30  15   0   0  19   0   0   0   3   4  29  0.92 0.38
   24 K    -3   1  -4  -4  -5  -2  -3  -5  -4  -1   0   6   4  -3  -4  -3  -3  -5  -4   0    0   4   0   0   0   0   0   0   0   3   8  61  14   1   0   1   1   0   0   6  1.13 0.51
   25 Y     0   7  -3  -5   0  -2  -3  -3   4  -4  -5  -1  -3  -1  -5  -1  -3  -5   1  -3    9  60   0   0   2   0   0   1  11   0   0   2   0   3   0   4   0   0   6   2  1.24 0.51
   26 K     0   3   0  -2  -4   1   0   2   0  -4  -4   3  -1  -2  -3   1  -1   0  -2  -3   10  18   3   1   0   5   5  19   2   0   0  20   2   2   0   8   3   1   1   1  0.34 0.21
   27 K    -2   3  -1  -3  -2   4  -2  -3   6  -3  -5   4  -3  -5  -1  -1  -2  -5  -3  -2    2  16   2   0   1  23   0   2  19   1   0  24   0   0   2   5   2   0   0   3  0.79 0.39
   28 Q     6  -3  -3  -4  -4  -1  -4  -1  -2  -4  -4  -3   1  -5  -1   2  -2  -6  -5  -3   72   1   0   0   0   3   0   3   1   0   0   0   3   0   2  13   2   0   0   0  1.20 0.53
   29 N    -2  -3   3  -4  -5  -4  -4   4   2  -4  -4  -3  -2   5  -5  -3  -2  -1   4  -4    2   1  17   0   0   0   0  29   4   0   0   1   1  27   0   1   1   1  15   0  0.93 0.41
   30 L    -1   4  -3  -4  -5  -1  -2  -1   1  -4   0   5   1  -4  -4  -2   1  -5  -1  -3    3  21   0   0   0   1   0   4   4   0   9  41   5   0   0   0   8   0   2   1  0.67 0.36
   31 R    -2   6   3  -3  -5   0  -3  -2  -1  -6  -5   1  -4  -6  -4   4  -2  -6  -4  -5    1  42  12   0   0   2   0   3   1   0   0   6   0   0   0  32   1   0   0   0  1.04 0.48
   32 H    -6  -4  -4  -5  -7  -4  -4  -6  11  -8  -7  -2  -6  -6  -7  -5  -6  -7  -3  -8    0   0   0   0   0   0   0   0  98   0   0   2   0   0   0   0   0   0   0   0  3.78 1.03
   33 I    -3   0   1  -4  -2  -2  -4   0  -4   4   3   1   0  -1  -5  -3  -3  -4  -1  -1    0   6   7   0   1   1   0   9   0  35  28   8   1   2   0   0   0   0   3   0  0.49 0.30
   34 L    -1  -3   1  -5  -4  -4  -5  -5  -5  -2   5  -5   4   2  -5  -4  -2  -4  -3  -2    5   1   8   0   0   0   0   0   0   0  65   0  10   8   0   0   2   0   0   0  1.03 0.45
   35 T    -1   0  -2  -1  -4   0   2  -2   1   1  -3  -2   0  -4  -3  -1   5   2  -3  -2    4   5   0   2   0   4  16   2   3   9   1   1   2   0   1   3  42   3   0   1  0.54 0.34
   36 K    -3  -1   1  -2  -6  -1  -2   1   5  -6  -5   6  -4  -5  -3   0  -3  -6  -4  -4    1   2   5   1   0   1   1  10  16   0   0  55   0   0   1   6   0   0   0   1  1.08 0.48
   37 K    -4   3  -4  -4  -6  -1  -3  -5   0  -6  -5   7   0  -6  -5  -4  -2  -1  -5  -4    0  13   0   0   0   1   0   0   2   0   1  77   3   0   0   0   1   1   0   1  1.71 0.64
   38 S    -1  -2   1  -1  -4  -2  -2  -2  -4  -5  -5  -2  -4  -5   0   5   4  -6  -5  -4    3   2   7   2   0   0   1   2   0   0   0   1   0   0   5  49  27   0   0   0  0.94 0.47
   39 S     1   1   0  -3  -4   0  -1  -1   0  -4  -4   1  -3  -5   2   2   4  -5  -4  -3    9   6   5   0   0   4   2   4   2   0   0  11   0   0   9  20  28   0   0   0  0.46 0.29
   40 K    -1   2   0  -1  -6   0  -1  -4  -2  -6  -5   7  -4  -6  -4   0  -1  -6  -5  -5    5   9   4   3   0   2   2   0   1   0   0  67   0   0   0   5   3   0   0   0  1.26 0.52
   41 R    -2   6   1  -3  -5   4  -1  -4   0  -4  -3   0   0  -1  -4  -1   0  -4   0  -1    2  44   5   0   0  18   2   0   2   0   2   3   2   3   0   4   6   0   3   4  0.77 0.38
   42 K    -4   2  -2  -4  -3  -2  -3  -5  -2   2  -1   6  -1  -5  -4  -3   1  -6  -4  -2    0  10   1   0   1   0   0   0   1  13   5  58   1   0   0   1   8   0   0   1  1.01 0.47
   43 R    -2   8  -2  -5  -7  -3  -4  -6  -2  -6  -4   1  -2  -6  -6  -4  -4  -6  -5  -6    3  87   1   0   0   0   0   0   1   0   1   4   1   0   0   1   1   0   0   0  2.16 0.73
   44 N    -1   4   3   0  -3   4  -1  -2   5  -5  -5   1  -4  -5  -4  -1  -1  -5  -3  -4    4  24  15   4   0  23   2   2  14   0   0   6   0   0   0   3   2   0   0   1  0.73 0.36
   45 L    -2  -3  -1  -6  -4   0  -5  -4  -2  -1   6  -2   1  -1  -5  -3  -4  -4  -3  -2    4   1   3   0   0   4   0   1   1   0  77   2   2   2   0   2   0   0   1   0  1.11 0.48
   46 R    -2   7  -1  -1  -3  -2  -2  -1   1  -6  -5   1  -4  -5  -5   1  -1  -3  -3  -5    2  60   3   4   0   0   1   5   3   0   0   6   0   0   0  11   4   0   0   0  1.13 0.48
   47 K     0   0  -1  -2  -4   2   0   4   1  -3  -4   3  -3  -3  -1  -1  -1  -4  -2  -4    5   5   2   0   0  12   4  33   3   1   1  23   0   1   3   3   3   0   1   0  0.53 0.28
   48 S     0   0   0   0  -2  -1  -1  -1  -2  -2  -2   1   1  -1   1   1   3   0  -2  -1    8   3   3   6   0   1   2   4   1   2   3  10   5   3   8  14  22   1   0   3  0.18 0.16
   49 G     1  -1  -1   0   0   0   0   1  -1  -1  -2   0   0  -1  -2   1   2  -4  -2   0   16   2   1   5   1   5   4   9   2   2   1   7   3   3   1  10  19   0   0  10  0.13 0.14
   50 N    -1  -2  -2  -3   0   0  -1  -4   0   2   2  -3   2   1  -1  -2   0  -3   2   2    3   1   1   1   2   4   5   1   2  16  16   0   8   4   2   1   5   0   7  20  0.22 0.16
   51 L    -1  -5  -6  -6   1  -5  -5  -5  -6   2   2  -5   3  -3  -5  -4  -2  -5  -4   6    5   0   0   0   2   0   0   0   0   7  23   0   7   0   0   0   1   0   0  55  1.03 0.44
   52 S     1  -2   1   3   0  -2   0  -2   5  -4  -5  -2  -4  -1   0   4  -1  -5  -3  -4   12   2   5  15   2   0   3   1  17   0   0   2   0   3   4  32   2   0   0   0  0.57 0.33
   53 C     1   0  -1   1  -2   0   2  -1   0  -4  -4   4  -2  -4   2   1   0  -5  -4  -3   10   3   2   9   1   1  15   4   2   0   1  28   1   0   8  12   4   0   0   1  0.38 0.24
   54 F     2  -1   0  -2   0   0  -2   1  -3  -1  -3  -1  -1  -3  -1   2   2  -4  -3   0   23   3   4   0   2   3   1  11   0   2   1   1   1   1   3  19  18   0   0   6  0.30 0.22
   55 E    -4  -4   3   7  -6   2   1  -4  -1  -5  -5  -1  -1  -3  -5  -3  -3  -6  -1  -6    0   0  11  63   0   8   7   0   2   1   1   2   2   1   0   0   1   0   2   0  1.40 0.53
   56 V     1  -1  -1  -2  -2   0   1  -1   0   0   0   0   2   0  -3   0   0   0   0   1   16   2   2   0   0   4  12   5   2   5   6   6   7   3   0   7   5   1   3  14  0.07 0.10
   57 K     1   2  -1   0  -5  -1   0  -2   0  -5  -3   6  -4  -5   0  -1  -2  -2  -1  -3   11   9   3   5   0   1   3   3   2   0   2  52   0   0   4   2   1   0   2   1  0.72 0.37
   58 R     0   4   2  -2  -4   0  -1  -2   0   0  -1   1   0  -3  -2   0   0  -4  -3  -1    6  29  13   0   0   4   2   1   3   5   7   9   2   0   1   8   6   0   0   4  0.32 0.22
   59 I    -2  -4  -6  -6  -4  -5  -5  -6  -5   5   1  -5   3  -1  -5  -5  -3  -5   0   5    1   1   0   0   0   0   0   0   0  38  10   0   6   1   0   0   0   0   4  39  1.07 0.43
   60 K    -1   3  -2  -1  -4   0   0  -4   0  -3  -3   6  -1  -5  -3  -1  -2  -5  -3  -2    5  17   1   3   0   2   3   1   2   1   2  50   2   0   1   3   1   0   1   3  0.81 0.39
   61 T     0   4  -2  -3  -3   2   0  -2  -1  -3   0   3  -2  -3  -2  -1  -1  -4  -2  -3    9  29   1   0   0   9   4   2   1   1  11  21   1   1   1   5   2   0   1   0  0.45 0.27
   62 L    -3  -5  -4  -6   1  -1  -5  -6  -4  -1   4  -5   8   1  -6  -4  -4   2   2  -2    1   0   0   0   3   2   0   0   0   2  36   0  38   6   0   0   0   2   6   1  1.22 0.51
   63 L    -2  -5  -6  -7  -1  -5  -6  -6  -6   3   5  -5   4  -1  -6  -5  -4  -5  -4  -2    2   0   0   0   1   0   0   0   0  13  70   0  12   1   0   0   0   0   0   0  1.36 0.51
   64 P    -3  -4  -6  -5  -6  -5  -5  -6  -6  -6  -6  -5  -6  -7   9  -4  -2  -7  -7  -4    2   1   0   0   0   0   0   0   0   0   0   0   0   0  95   0   2   0   0   1  3.00 0.77
   65 Y    -5  -3   1  -6  -6  -5  -5  -6   1  -5  -4  -3  -4   2  -6  -5  -5  -1   9  -5    0   1   8   0   0   0   0   0   3   0   0   1   0   5   0   0   0   0  83   0  2.44 0.69
   66 G     4  -4  -3  -3  -3  -3  -3   5  -4  -4  -4  -3  -4  -5  -3  -1  -3  -4  -4  -3   48   0   0   0   0   0   0  52   0   0   0   0   0   0   0   0   0   0   0   0  1.16 0.33

                      K         Lambda
Standard Ungapped    0.1278     0.3162
Standard Gapped      0.0549     0.2670
PSI Ungapped         0.1794     0.3176
PSI Gapped           0.0549     0.2670
