
Last position-specific scoring matrix computed, weighted observed percentages rounded down, information per position, and relative weight of gapless real matches to pseudocounts
            A   R   N   D   C   Q   E   G   H   I   L   K   M   F   P   S   T   W   Y   V   A   R   N   D   C   Q   E   G   H   I   L   K   M   F   P   S   T   W   Y   V
    1 M    -2  -2  -3  -4  -2  -1  -3  -4  -2   0   1  -2   9  -1  -4  -2  -2  -2  -2   0    0   0   0   0   0   0   0   0   0   0   0   0 100   0   0   0   0   0   0   0  0.99 0.14
    2 K    -1   3   1   2  -4   3   1  -2  -1  -3  -3   3  -2  -4  -2   0  -1  -3  -2  -3    0  17   8  11   0  25   4   0   0   0   0  30   0   0   0   4   1   0   0   0  0.44 0.06
    3 N    -2  -2   4   5  -4  -1   0   1   2  -4  -4  -1  -3  -3  -2  -1  -1  -4  -1  -4    0   0  25  55   0   0   0  11   6   0   0   0   0   0   0   0   0   0   3   0  0.67 0.08
    4 F    -1  -3  -4  -4  -2  -3  -3  -4  -3   1   3  -3   3   5  -4  -3  -2  -1   1   1    4   0   0   0   0   0   0   0   0   6  32   0  11  40   0   0   0   0   0   7  0.44 0.07
    5 T    -1   1  -1  -2  -3   1   0  -2  -2  -1   0   4   0  -2  -2   0   2  -3  -2  -1    0   5   0   0   0   3   1   0   0   1  16  45   2   0   0   3  24   0   0   1  0.28 0.08
    6 T    -1   1  -1  -2  -3   0   0  -2  -2  -2  -2   4  -2  -3  -2   0   4  -4  -2  -2    0   2   0   0   0   0   0   2   0   3   0  50   0   0   0   2  41   0   0   0  0.47 0.11
    7 Y    -3  -3  -3  -4  -3  -3  -3  -4   0  -2  -2  -3  -2   5  -4  -3  -3   6   8  -2    0   0   0   0   0   0   0   0   0   0   0   0   0  21   0   0   0  10  70   0  1.23 0.15
    8 L    -2  -3  -4  -4  -2  -3  -4  -4  -3   1   4  -3   2   3  -4  -3  -2  -2   0   0    0   0   0   0   0   0   0   0   0   3  77   0   3  16   0   0   0   0   0   1  0.58 0.09
    9 S     0   2   0  -1  -2   0   0  -1  -1  -3  -3   0  -2  -3  -2   5   1  -3  -1  -2    0  14   0   0   0   0   4   0   0   0   0   0   0   0   0  74   6   0   2   0  0.53 0.12
   10 T     0  -2  -1  -2  -2  -1  -2  -2  -2   0  -2  -1  -1  -3  -2   2   5  -3  -2   1    2   0   0   0   0   0   0   0   0   4   0   0   0   0   0  21  62   0   0  10  0.48 0.10
   11 A     5  -2  -3  -3  -1  -2  -2  -1  -3  -1  -2  -2  -2  -3  -2   0  -1   3  -2   0   89   0   0   0   0   0   0   0   0   2   0   0   0   0   0   0   0   4   0   5  0.62 0.13
   12 P    -2  -3  -3  -3  -4  -2  -2  -3  -3  -4  -4  -2  -4  -5   9  -2  -2  -5  -4  -4    0   0   0   0   0   0   0   0   0   0   0   0   0   0 100   0   0   0   0   0  2.42 0.19
   13 V    -1  -3  -4  -4  -2  -3  -3  -4  -4   2   0  -3   1  -2  -3  -3  -1  -4  -2   6    0   0   0   0   0   0   0   0   0   3   0   0   4   0   0   0   0   0   0  92  0.68 0.13
   14 V     0  -3  -4  -4  -2  -3  -3  -4  -3   2   4  -3   2   0  -3  -2  -1  -2  -1   2    6   0   0   0   0   0   0   0   0  11  55   0   2   3   0   0   0   0   0  22  0.39 0.07
   15 A     4  -2  -2  -2  -1  -1  -2   0  -2  -1   0  -1  -1  -1  -2   2   0  -3  -2  -1   58   0   0   0   0   0   0   5   0   4  11   0   0   3   0  15   5   0   0   0  0.29 0.07
   16 T     1  -2  -1  -2  -1  -2  -2  -2  -3   0   0  -2   1  -1  -2   0   5  -3  -2   1   18   0   0   0   0   0   0   0   0   5   7   0   4   2   0   0  58   0   0   7  0.36 0.09
   17 G     0  -3  -3  -4  -2  -3  -3  -2  -3   3   3  -3   1   0  -3  -2  -1  -3  -2   2   12   0   0   0   0   0   0   1   0  28  42   0   0   1   0   2   0   0   0  10  0.28 0.06
   18 W    -3  -4  -4  -5   0  -3  -4  -4  -3  -3  -1  -4  -1   0  -4  -1  -2  12   1  -3    0   0   0   0   3   0   0   0   0   0   4   0   1   2   0   6   2  80   0   0  2.27 0.20
   19 F    -2  -3  -4  -4   0  -3  -3  -4  -3   1   3  -3   2   5  -4  -3  -2  -1   1   1    2   0   0   0   2   0   0   0   0   8  35   0   8  37   0   0   0   0   0   6  0.40 0.07
   20 I     0  -2  -1  -2  -2  -1  -2   3  -2  -1  -1  -1  -1   0  -2   2   3   3  -2  -1    3   0   0   0   0   0   0  25   0   4   2   0   0   4   0  22  28   4   0   4  0.25 0.06
   21 V     0  -3  -3  -3  -2  -3  -3  -3  -2   2   2  -3   1   4  -3   0  -1  -1   1   1    7   0   0   0   0   0   0   0   0  15  22   0   2  36   0  11   0   0   0   5  0.27 0.06
   22 T    -1  -2  -2  -2  -2  -2  -2  -3  -3   0   2  -2   0  -1  -2   0   5  -3  -2   0    0   0   0   0   0   0   0   0   0   0  33   0   0   1   0   0  61   0   0   2  0.42 0.11
   23 A     5  -2  -2  -3  -1  -2  -2  -1  -3  -2  -2  -2  -2  -3  -2   0   0  -4  -3   0   94   0   0   0   0   0   0   0   0   0   0   0   0   0   0   0   2   0   0   4  0.68 0.13
   24 A     0  -3  -1  -2  -3  -2  -3   6  -3  -3  -4  -2  -3  -4  -3   0  -2  -3  -4  -2    4   0   0   0   0   0   0  84   0   0   0   0   0   0   0   6   0   0   0   6  1.03 0.12
   25 L    -2  -3  -3  -4  -2  -3  -3  -2  -3   3   3  -3   2   2  -3  -2  -1  -2  -1   1    0   0   0   0   0   0   0   4   0  37  41   0   3  12   0   4   0   0   0   0  0.35 0.07
   26 L    -2  -3  -4  -4  -2  -3  -4  -4  -4   3   4  -3   2   0  -4  -3  -2  -3  -2   1    0   0   0   0   0   0   0   0   0  26  68   0   3   0   0   0   0   0   0   3  0.56 0.09
   27 I    -2  -4  -4  -4  -2  -4  -4  -5  -4   6   1  -4   2  -1  -4  -3  -1  -3  -2   3    0   0   0   0   0   0   0   0   0  86   0   0   4   0   0   0   0   0   0  10  0.72 0.13
   28 E    -2  -1  -1   1  -5   1   6  -1  -1  -2  -4   0  -3  -4  -2  -1  -2  -4  -3  -3    0   0   0   0   0   0  91   6   0   4   0   0   0   0   0   0   0   0   0   0  0.93 0.15
   29 I    -1  -4  -4  -4  -2  -3  -4  -4  -3   4   1  -3   1   4  -4  -3  -2   3   0   2    3   0   0   0   0   0   0   0   0  56   5   0   2  24   0   0   0   4   0   6  0.46 0.09
   30 N    -3  -1   7   1  -4   0  -1  -1   0  -4  -5  -1  -3  -4  -3   0  -1  -5  -3  -4    0   0  97   0   0   3   0   0   0   0   0   0   0   0   0   0   0   0   0   0  1.24 0.17
   31 R    -2   7  -1  -2  -4   0  -1  -3  -1  -4  -3   1  -2  -4  -3   0  -2  -4  -3  -4    0  94   0   0   0   0   0   0   0   0   0   0   0   0   0   6   0   0   0   0  1.14 0.16
   32 F    -3  -4  -4  -4  -3  -4  -4  -4  -2  -1   1  -4   0   7  -4  -2  -3   0   3  -1    0   0   0   0   0   0   0   0   0   0  12   0   0  79   0   3   0   0   7   0  0.96 0.13
   33 F    -3  -3  -2  -4  -3  -4  -4  -4  -1  -1  -1  -4  -1   7  -4  -3  -3   0   5  -1    0   0   2   0   0   0   0   0   0   0   0   0   0  76   0   0   0   0  17   4  1.02 0.14
   34 P    -2  -3  -3  -2  -4  -2  -2  -3  -3  -4  -4  -2  -4  -5   8  -1  -2  -5  -4  -3    0   0   0   0   0   0   0   0   0   0   0   0   0   0  97   3   0   0   0   0  2.31 0.18
   35 D    -3  -3   1   7  -5  -1   1  -2  -2  -4  -5  -2  -4  -5  -2  -1  -2  -5  -4  -4    0   0   4  96   0   0   0   0   0   0   0   0   0   0   0   0   0   0   0   0  1.34 0.16
   36 P     3  -2  -3  -3  -1  -2  -2  -1  -2   0   2  -2   1  -1   2   0  -1  -2   0   0   38   0   0   0   0   0   0   2   0   4  31   0   4   0   9   4   0   0   6   1  0.20 0.06
   37 L    -2  -3  -4  -5  -2  -3  -4  -5  -4   1   5  -3   2   0  -4  -3  -2  -2  -2   0    0   0   0   0   0   0   0   0   0   0 100   0   0   0   0   0   0   0   0   0  0.79 0.13
   38 V    -1  -3  -2  -3  -2  -3  -3  -2  -2   1   0  -3   0   5  -3   0   1  -1   2   1    2   0   0   0   0   0   0   2   0  10   4   0   0  39   0   7  17   0   5  15  0.30 0.07
   39 F    -2  -2  -2  -3  -3  -2  -3  -4   5  -1   1  -3   1   5  -4  -2  -2  -1   3  -1    1   0   0   0   0   0   0   0  27   0  17   0   6  42   0   0   0   0   5   1  0.57 0.10
   40 S     0  -3  -2  -2  -3  -2  -2  -3  -3  -3  -4  -2  -3  -4   8   1   0  -4   0  -3    5   0   0   0   0   0   0   0   0   0   0   0   0   0  75  12   4   0   4   0  1.56 0.14
   41 F    -3  -3  -4  -4  -3  -3  -4  -4  -2   0   2  -4   0   6  -4  -3  -2   0   3  -1    0   0   0   0   0   0   0   0   0   0  29   0   0  62   0   0   0   0   9   0  0.72 0.08

                      K         Lambda
Standard Ungapped    0.1421     0.3321
Standard Gapped      0.0490     0.2670
PSI Ungapped         0.1602     0.3171
PSI Gapped           0.0490     0.2670
