
Last position-specific scoring matrix computed, weighted observed percentages rounded down, information per position, and relative weight of gapless real matches to pseudocounts
            A   R   N   D   C   Q   E   G   H   I   L   K   M   F   P   S   T   W   Y   V   A   R   N   D   C   Q   E   G   H   I   L   K   M   F   P   S   T   W   Y   V
    1 M    -1  -1  -2  -3  -1   0  -2  -3  -2   1   2  -1   5   0  -2  -1  -1  -1  -1   1    0   0   0   0   0   0   0   0   0   0   0   0   0   0   0   0   0   0   0   0  0.00     0.00
    2 G     0  -2   0  -1  -2  -2  -2   6  -2  -4  -4  -2  -3  -3  -2   0  -2  -2  -3  -3    0   0   0   0   0   0   0   0   0   0   0   0   0   0   0   0   0   0   0   0  0.00     0.00
    3 M    -3  -3  -4  -5  -3  -2  -4  -4  -3   0   1  -3  10  -2  -4  -3  -2  -3  -3  -1    0   0   0   0   0   0   0   0   0   0   0   0 100   0   0   0   0   0   0   0  1.72 0.31
    4 R    -1  -1  -2  -3  -4  -3  -3   7  -3  -5  -5  -3  -4  -4  -3  -1  -3  -4  -4  -4    0   3   0   0   0   0   0  97   0   0   0   0   0   0   0   0   0   0   0   0  1.52 0.21
    5 M    -3  -3  -4  -5  -3  -2  -4  -4  -3   0   1  -3  10  -2  -4  -3  -2  -3  -3  -1    0   0   0   0   0   0   0   0   0   0   0   0 100   0   0   0   0   0   0   0  1.72 0.31
    6 R    -3   7  -2  -3  -5   0  -1  -4  -2  -5  -4   1  -3  -4  -4  -2  -2  -4  -3  -4    0 100   0   0   0   0   0   0   0   0   0   0   0   0   0   0   0   0   0   0  1.55 0.25
    7 M    -3  -3  -4  -5  -3  -2  -4  -5  -3   0   1  -3  10  -2  -4  -3  -2  -3  -3  -1    0   0   0   0   0   0   0   0   0   0   0   0 100   0   0   0   0   0   0   0  1.79 0.34
    8 M    -3  -3  -4  -5  -3  -2  -4  -5  -4  -1   0  -3  10  -2  -5  -4  -3  -4  -3  -1    0   0   0   0   0   0   0   0   0   0   0   0  98   0   0   0   0   0   0   2  2.00 0.41
    9 F    -4  -5  -5  -5  -4  -5  -5  -5  -3  -2  -1  -5  -2   8  -5  -3  -4  -1   1  -1    0   0   0   0   0   0   0   0   0   0   0   0   0  93   0   2   0   0   0   4  1.71 0.31
   10 T    -1  -3  -2  -3  -2  -2  -3  -3  -3   1  -2  -2  -2  -3  -3   0   6  -4  -3   1    2   0   0   0   0   0   0   0   0  11   0   0   0   0   0   0  81   0   0   7  0.97 0.26
   11 V    -2  -4  -4  -5  -2  -3  -4  -5  -4   2   0  -4   4  -2  -4  -3  -1  -4  -3   6    0   0   0   0   0   0   0   0   0   3   1   0  16   0   0   0   0   0   0  80  0.94 0.24
   12 F    -4  -5  -5  -5  -1  -5  -5  -5  -3  -2  -1  -5  -2   8  -6  -4  -4  -1   1  -3    0   0   0   0   2   0   0   0   0   0   2   0   0  97   0   0   0   0   0   0  1.86 0.33
   13 L    -3  -4  -5  -5  -3  -3  -4  -5  -4   0   6  -4   2  -1  -4  -4  -3  -3  -2   0    0   0   0   0   0   0   0   0   0   0  95   0   5   0   0   0   0   0   0   0  1.08 0.24
   14 L    -3  -4  -5  -5  -3  -4  -4  -5  -4   0   6  -4   1   0  -4  -2  -3  -3  -2  -1    0   0   0   0   0   0   0   0   0   0  95   0   0   3   0   2   0   0   0   0  1.10 0.28
   15 V    -2  -4  -5  -5  -3  -4  -4  -5  -5   2  -1  -4  -1  -3  -4  -3  -2  -5  -3   7    0   0   0   0   0   0   0   0   0   3   0   0   0   0   0   0   0   0   0  97  1.28 0.32
   16 V    -1  -4  -5  -5  -3  -4  -4  -5  -5   1  -1  -4  -1  -3  -4  -3  -2  -5  -3   7    2   0   0   0   0   0   0   0   0   0   0   0   0   0   0   0   0   0   0  98  1.27 0.33
   17 L    -3  -4  -5  -5  -3  -4  -5  -5  -4   0   6  -4   1   1  -5  -4  -3  -3  -2  -1    0   0   0   0   0   0   0   0   0   0  94   0   0   6   0   0   0   0   0   0  1.15 0.30
   18 A     6  -3  -3  -3  -2  -2  -3  -2  -3  -3  -3  -2  -3  -4  -3   0   2  -4  -3  -2   88   0   0   0   0   0   0   0   0   0   0   0   0   0   0   0  12   0   0   0  1.08 0.32
   19 N    -1  -3  -1  -3  -3  -2  -3  -3  -3   0  -3  -2  -2  -4  -3   1   7  -4  -3  -2    3   0   2   0   0   0   0   0   0   5   0   0   0   0   0   7  83   0   0   0  1.14 0.33
   20 T     0  -3  -2  -3  -3  -2  -3  -3  -4  -3  -3  -2  -3  -4  -3   1   7  -4  -4  -2    4   0   0   0   0   0   0   0   0   0   0   0   0   0   0   6  90   0   0   0  1.33 0.37
   21 V    -2  -4  -5  -5  -3  -4  -4  -2  -5   1  -1  -4  -1  -3  -4  -3  -2  -5  -3   7    0   0   0   0   0   0   0   3   0   3   0   0   0   0   0   0   0   0   0  95  1.22 0.34
   22 V    -1  -4  -4  -4  -2  -3  -4  -2  -4   1   0  -3  -1  -2  -3  -3  -1  -4  -3   6    2   0   0   0   0   0   0   3   0   1   4   0   0   0   0   0   0   0   0  86  0.95 0.28
   23 S    -1  -2  -1  -2  -2  -2  -2  -2  -2  -4  -4  -2  -3  -2   1   6   0  -4  -3  -3    0   0   0   0   0   0   0   0   0   0   1   0   0   1   6  86   2   0   0   0  1.03 0.31
   24 F    -3  -4  -4  -4  -3  -4  -4  -4  -3   1   0  -4  -1   8  -4  -1  -2  -1   1  -1    0   0   0   0   0   0   0   0   0   8   4   0   0  74   0   5   2   0   0   3  1.14 0.27
   25 P    -2   0   1  -2  -3  -2  -2  -3  -3  -3  -3  -2  -3  -4   4   0   5  -4  -3  -2    0   5   8   0   0   0   0   0   0   0   0   0   0   0  23   5  59   0   0   0  0.91 0.27
   26 S    -1  -3  -2  -3  -3  -2  -2  -3  -3  -3   2  -2  -2  -3  -3   6   1  -4  -3  -3    0   0   0   0   0   0   0   0   0   0  22   0   0   0   0  73   5   0   0   0  0.89 0.36
   27 D    -2  -4   2   7  -5  -2  -1   0  -3  -5  -6  -3  -5  -5  -4  -2  -3  -6  -5  -4    3   0   7  80   0   0   0   8   0   0   0   0   0   0   0   0   0   0   0   1  1.49 0.39
   28 R    -3   7  -2   0  -5  -1  -2  -4   3  -5  -4   0  -3  -5  -4   0  -3  -5  -3  -5    0  79   0   5   0   0   0   0   7   0   0   0   0   0   0   8   0   0   0   0  1.42 0.40
   29 D     5  -2  -3  -1  -3  -2   2  -1  -3  -3  -3  -2  -3  -4  -3   0  -1  -4  -4  -1   75   2   0   2   0   0  15   1   0   0   0   0   0   0   0   2   2   0   0   2  0.86 0.32
   30 S    -1  -3  -2  -3  -3  -2  -2  -3  -3  -4  -1  -2  -3   2  -2   6   1  -4  -3  -3    0   0   0   0   0   0   0   0   0   0   5   0   0  10   2  79   5   0   0   0  1.01 0.41
   31 D    -4   0   2   7  -5  -2   1  -3   0  -5  -5  -2  -5  -5  -4  -2  -3  -6  -1  -5    0   5  11  75   0   0   4   0   2   0   0   0   0   0   0   0   0   0   3   0  1.42 0.41
   32 G    -1  -2  -2  -1  -4  -3  -3   6   3  -6  -5  -3  -4  -5  -4  -1  -3  -5  -4  -5    3   2   0   4   0   0   0  80   9   0   0   0   0   0   0   2   0   0   0   0  1.42 0.39
   33 A    -1   7  -2  -3  -5  -1   1  -1  -2  -5  -4   0   0  -5  -4  -1  -3  -5  -4  -4    6  73   0   0   0   0   9   6   0   0   0   0   3   0   0   3   0   0   0   0  1.19 0.39
   34 D    -4   0   7   2  -5  -2  -2  -3  -2  -5  -5   1  -4  -5  -4  -2  -2  -5   0  -5    0   4  75  10   0   0   0   0   0   0   0   7   0   0   0   0   0   0   3   0  1.42 0.44
   35 A     5   0  -1   2  -2  -2   0   0  -3  -2  -3  -2  -3  -4  -2   0   1  -4  -3  -1   58   5   1  12   0   0   4   4   0   2   0   0   0   0   0   4   7   0   0   3  0.52 0.26
   36 E     4   0  -1  -2  -3  -1   2  -2  -3  -1  -3   0  -2  -4  -1   0  -2  -4  -3  -1   53   5   3   0   0   0  18   0   0   4   0   5   0   0   3   4   0   0   0   4  0.47 0.25
   37 A     5  -3  -3  -1  -2  -3  -3   0  -3  -2  -3  -3  -1  -2   1  -1   0  -4  -3   1   66   0   0   3   0   0   0   4   0   0   0   0   1   2   7   0   5   0   0  12  0.66 0.30
   38 S    -2  -1   5   0  -4  -1  -1  -2   1  -2  -4   3  -3  -4  -3   3   0  -5  -3  -2    0   0  33   2   0   0   0   0   4   3   0  27   0   0   0  25   4   0   0   3  0.59 0.27
   39 D     2  -2   3   5  -4  -1   1  -2   0  -4  -4   1  -3  -4  -3  -1  -2  -5  -3  -2   21   0  17  38   0   0   7   0   3   0   0  10   0   0   0   0   0   0   0   2  0.60 0.24
   40 E    -2   3   0   0  -3   2   2  -2  -1  -3  -2   3  -2   1  -2   1  -1  -3  -2  -3    1  18   3   3   0   9  12   1   0   0   5  26   0   7   0  13   0   0   0   0  0.34 0.16
   41 P     2   2   1   1  -2   0  -1   0   1  -1  -2  -1  -2  -3   1   0   0  -3  -2  -1   31  13   8  11   0   3   0   6   4   6   1   0   0   0   7   1   4   0   0   4  0.19 0.13
   42 V     0  -1  -1   0  -2  -1   0  -1  -2  -1   1  -1  -1  -2   1   3   1  -3  -2   0    7   3   0   4   0   0   5   3   0   0  15   2   0   0   5  33  10   0   0  10  0.18 0.14
   43 E    -1   2  -1   4  -3  -1   1  -3  -2   1   1   0  -1  -2  -3  -1  -2   4  -2  -1    3  13   2  30   0   0   9   0   0  11  14   3   0   0   0   4   0   7   0   2  0.31 0.17
   44 F    -1  -3  -3  -3  -2  -1  -3   0   1   2   3  -3   3   1  -3   0   0  -3  -2   0    4   0   0   0   0   3   0   7   4  10  40   0   8   5   0   9   4   0   0   5  0.25 0.15
   45 E     2  -1  -1  -2  -2  -1   0  -1   1   1  -1   0   2  -2   2   0   2  -3  -2   0   24   1   2   0   0   0   7   2   5  10   4   7   7   0   8   3  15   0   0   6  0.15 0.12
   46 R     1   2  -2   0  -2  -1  -1  -1  -2  -1   2   0   1  -2   2   0   0  -3  -2   0   16  14   0   6   0   0   0   2   0   2  26   4   3   0   9   8   6   0   0   3  0.14 0.10
   47 D     1   1   0   1  -2   1   0  -2  -1  -1  -1   1  -1  -1  -1   0   1  -2   0   0   13   8   5   8   0   9   4   0   0   4   3   9   0   3   2   6  15   0   4   6  0.10 0.07
   48 E    -2   4  -1  -3  -3  -1  -1  -2  -2   1   0   0   0  -1  -3  -2   0   5  -2   1    0  37   3   0   0   0   2   2   0   8   7   4   1   3   0   0   6   9   0  16  0.39 0.19
   49 N    -2   3   2   2  -4   1  -1  -1  -2  -3  -3   3  -3  -4   2  -1   1   2  -3  -3    0  21  13  12   0   5   0   3   0   0   1  19   0   0  12   0   9   3   0   0  0.40 0.17
   50 G    -2  -1   0   1   3   0   3   4  -2  -4  -4  -2  -3  -4  -2  -1  -1   1  -1  -4    0   4   4   6   8   2  25  43   0   0   0   0   0   0   1   0   3   2   2   0  0.59 0.23
   51 C    -3   0  -5  -6  11  -5  -6  -5  -6  -2  -4  -5  -4  -2  -6  -4  -4  -5  -5  -3    0   5   0   0  91   0   0   0   0   2   0   0   0   2   0   0   0   0   0   0  2.92 0.63
   52 C    -3  -6  -5  -6  11  -5  -6   0  -1  -4  -4  -6  -4  -5  -2  -3  -4  -5  -5  -4    0   0   0   0  88   0   0   8   2   0   0   0   0   0   2   0   0   0   0   0  2.77 0.61
   53 W     1   0   1  -1   3  -2  -2   1   1  -3  -2  -1  -2  -2   1   3   0   3   1  -3    8   4   5   3   8   0   0  10   3   0   3   3   0   0   6  35   2   4   6   0  0.28 0.17
   54 N    -1   2   4   3  -4  -1  -1  -3   5  -1  -4  -2  -3  -3  -3  -2  -2  -4   2  -2    4  13  28  18   0   0   0   0  21   6   0   0   0   0   0   0   1   0   8   2  0.61 0.26
   55 P    -2  -3  -4  -4  -5  -4  -4  -3  -4  -4  -5  -3  -5  -6   8  -3  -4  -6  -1  -5    2   1   0   0   0   0   0   2   0   1   0   0   0   0  91   0   0   0   3   0  2.52 0.55
   56 S     3  -1  -2  -1  -2   0  -1   0   1  -2  -3  -2  -1  -2   4   0   0  -4  -3   0   41   4   0   3   0   3   2   6   4   0   0   0   2   1  20   6   3   0   0   6  0.43 0.20
   57 C    -3  -6  -6  -6  11  -6  -6  -5  -6  -4  -4  -6  -4  -5  -1  -4  -4  -5  -5  -4    0   0   0   0  96   0   0   0   0   0   0   0   0   0   4   0   0   0   0   0  3.23 0.66
   58 P    -1   2   3  -1  -3  -1   0   1   4  -3  -3   0  -3  -3   2   0  -1  -4  -1  -1    4  17  17   0   0   0   6  14  13   0   0   5   0   0  10   5   2   0   2   5  0.32 0.15
   59 R    -1   2   1  -2  -4   2  -1  -3   3  -3  -3   3   2  -4   4   0  -2  -4  -1  -2    2   9   6   0   0  11   0   0   8   0   1  20   7   0  26   6   0   0   1   2  0.53 0.20
   60 P    -1  -2   4   0   5  -1   1  -3   5  -4  -3   0  -3  -3   2  -1  -2  -4   1  -2    3   0  23   4  14   0  12   0  19   0   2   5   0   0  10   2   0   0   5   2  0.51 0.22
   61 R    -2   2   2  -1  -3   0  -2  -3   4   0   1   1   1   1  -3  -1  -2  -2   2  -1    0  16  14   3   0   2   0   0  13   7  14   7   4   5   0   4   0   0  10   1  0.22 0.14
   62 C    -2  -4  -3  -5  10  -4  -5  -3  -5  -2  -3   1  -3  -4  -5   0  -3  -5  -4  -2    1   0   1   0  74   0   0   1   0   2   2  10   0   0   0   7   0   0   0   2  1.95 0.43
   63 T    -1  -3  -1  -1   6  -3  -3   5  -3  -4  -4  -1  -3  -4   2   0   0  -4  -2  -3    0   0   1   4  20   0   0  47   0   0   0   5   0   0  11   5   6   0   2   0  0.75 0.21
   64 G    -1   3  -1   0  -4  -2  -2   5  -3  -5  -4  -1  -4  -4   0  -2  -3   1  -4  -4    0  23   0   6   0   0   0  64   0   0   0   0   0   0   4   0   0   3   0   0  0.91 0.21
   65 R    -3   7  -2  -3  -5   0  -1   0  -2  -5  -4   2  -3  -4  -3  -2  -2  -4  -3  -4    0  85   0   0   0   0   0   7   0   0   0   8   0   0   0   0   0   0   0   0  1.27 0.26
   66 R    -3   7  -2  -3  -5   0  -1  -4  -2  -5  -4   1  -3  -4  -4  -2  -2  -4  -3  -4    0 100   0   0   0   0   0   0   0   0   0   0   0   0   0   0   0   0   0   0  1.55 0.26

                      K         Lambda
Standard Ungapped    0.1367     0.3240
Standard Gapped      0.0447     0.2670
PSI Ungapped         0.1460     0.3155
PSI Gapped           0.0447     0.2670
