
Last position-specific scoring matrix computed, weighted observed percentages rounded down, information per position, and relative weight of gapless real matches to pseudocounts
            A   R   N   D   C   Q   E   G   H   I   L   K   M   F   P   S   T   W   Y   V   A   R   N   D   C   Q   E   G   H   I   L   K   M   F   P   S   T   W   Y   V
    1 R    -1   5   0  -1  -4   4   1  -2   0  -3  -2   2  -1  -3  -2  -1  -1  -3  -2  -3    0  65   0   0   0  35   0   0   0   0   0   0   0   0   0   0   0   0   0   0  0.60 0.00
    2 T     1  -1   0  -1  -1  -1  -1  -2  -2  -1  -2  -1  -1  -3  -1   1   5  -3  -2   0   15   0   0   0   0   0   0   0   0   0   0   0   0   0   0   0  85   0   0   0  0.46 0.02
    3 C    -1  -4  -3  -4  10  -4  -4  -3  -4  -2  -2  -4  -2  -3  -3  -1  -1  -3  -3  -1    0   0   0   0 100   0   0   0   0   0   0   0   0   0   0   0   0   0   0   0  1.44 0.04
    4 R    -1   3  -1  -2  -3   0  -1  -3   1  -2  -2   0  -1   2  -3   0  -1   1   6  -2    0  33   0   0   0   0   0   0   0   0   0   0   0   0   0  14   0   0  53   0  0.46 0.02
    5 C    -1  -4  -3  -4  10  -4  -4  -3  -4  -2  -2  -4  -2  -3  -3  -1  -1  -3  -3  -1    0   0   0   0 100   0   0   0   0   0   0   0   0   0   0   0   0   0   0   0  1.44 0.04
    6 R    -2   7  -1  -2  -4   1   0  -3   0  -4  -3   2  -2  -3  -3  -1  -1  -3  -2  -3    0 100   0   0   0   0   0   0   0   0   0   0   0   0   0   0   0   0   0   0  0.86 0.03
    7 F    -1  -2  -2  -2  -2  -2  -2  -3  -2   2   1  -2   0   3  -2   1   2  -1   0   1    0   0   0   0   0   0   0   0   0  28  11   0   0  22   0  13  25   0   0   0  0.16 0.01
    8 G     0  -2   0  -1  -2  -2  -2   5  -2  -3  -3  -1  -3  -3  -2   1   1  -3  -3  -3    0   0   0   0   0   0   0  73   0   0   0   0   0   0   0  14  13   0   0   0  0.71 0.02
    9 R     1   5   0  -2  -3   1   0  -2   3  -3  -3   1  -2  -3  -2   1  -1  -3  -1  -2   15  58   0   0   0   0   0   0  13   0   0   0   0   0   0  14   0   0   0   0  0.42 0.02
   10 C    -1  -4  -3  -4  10  -4  -4  -3  -4  -2  -2  -4  -2  -3  -3  -1  -1  -3  -3  -1    0   0   0   0 100   0   0   0   0   0   0   0   0   0   0   0   0   0   0   0  1.44 0.04
   11 F     1   1  -1  -2  -2  -1  -2   1  -2   0  -1  -1  -1   3  -2   1   1  -2   0   0   12  14   0   0   0   0   0  13   0   0   0   0   0  22   0  11  13   0   0  15  0.09 0.01
   12 R    -1   3  -1  -2  -2  -1  -1  -2  -1   0  -1   0  -1   3  -2   1   1  -1   0  -1    0  33   0   0   0   0   0   0   0  13   0   0   0  27   0  15  12   0   0   0  0.17 0.01
   13 R    -1   5  -1  -2  -3   0  -1   3  -1  -2   0   1  -1  -3  -3  -1  -2  -3  -2  -2    0  58   0   0   0   0   0  29   0   0  13   0   0   0   0   0   0   0   0   0  0.41 0.02
   14 E    -1   0   0   2  -4   2   6  -3   0  -4  -3   1  -2  -4  -1   0  -1  -3  -2  -3    0   0   0   0   0   0 100   0   0   0   0   0   0   0   0   0   0   0   0   0  0.82 0.03
   15 S     0   4   0  -1  -2   0   0  -1  -1  -3  -3   1  -2  -3  -2   3   1  -3  -2  -2    0  42   0   0   0   0   0   0   0   0   0   0   0   0   0  58   0   0   0   0  0.42 0.02
   16 Y    -2  -2  -3  -4  -2  -2  -3  -4  -1   1   3  -3   1   2  -3  -3  -2   0   4   0    0   0   0   0   0   0   0   0   0   0  67   0   0   0   0   0   0   0  33   0  0.42 0.02
   17 S     1  -1   0  -1  -1   0   0  -1  -1  -2  -3   0  -2  -3  -1   4   2  -3  -2  -2    0   0   0   0   0   0   0   0   0   0   0   0   0   0   0  85  15   0   0   0  0.47 0.02
   18 G     0  -3  -1  -2  -3  -2  -3   6  -2  -4  -4  -2  -3  -4  -3   0  -2  -3  -4  -4    0   0   0   0   0   0   0 100   0   0   0   0   0   0   0   0   0   0   0   0  1.12 0.02
   19 S     3  -2  -1  -2  -1  -1  -1  -1  -2   0  -1  -1  -1  -2  -1   2   0  -3  -2   1   42   0   0   0   0   0   0   0   0   0   0   0   0   0   0  33   0   0   0  25  0.23 0.01
   20 C    -1  -4  -3  -4  10  -4  -4  -3  -4  -2  -2  -4  -2  -3  -3  -1  -1  -3  -3  -1    0   0   0   0 100   0   0   0   0   0   0   0   0   0   0   0   0   0   0   0  1.44 0.04
   21 N    -1   2   4   0  -3   0   2   3   0  -4  -4   0  -2  -4  -2   0  -1  -3  -3  -3    0  14  33   0   0   0  25  28   0   0   0   0   0   0   0   0   0   0   0   0  0.41 0.01
   22 I    -2  -3  -4  -4  -2  -3  -3  -4  -2   4   3  -3   1   1  -3  -3  -1  -1   2   2    0   0   0   0   0   0   0   0   0  58  29   0   0   0   0   0   0   0  13   0  0.33 0.01
   23 N    -1   2   5   1  -3   0   0  -1   0  -3  -3   0  -2  -3  -2   2   0  -4  -2  -3    0  13  62   0   0   0   0   0   0   0   0   0   0   0   0  25   0   0   0   0  0.51 0.02
   24 G     0  -3  -1  -2  -3  -2  -3   6  -2  -4  -4  -2  -3  -4  -3   0  -2  -3  -4  -4    0   0   0   0   0   0   0 100   0   0   0   0   0   0   0   0   0   0   0   0  1.12 0.02
   25 R    -2   7  -1  -2  -4   1   0  -3   0  -4  -3   2  -2  -3  -3  -1  -1  -3  -2  -3    0 100   0   0   0   0   0   0   0   0   0   0   0   0   0   0   0   0   0   0  0.86 0.03
   26 I    -2  -3  -4  -4  -2  -3  -4  -4  -4   4   3  -3   1   0  -3  -3  -1  -3  -2   2    0   0   0   0   0   0   0   0   0  75  25   0   0   0   0   0   0   0   0   0  0.41 0.02
   27 S    -2  -2  -2  -3  -3  -2  -2  -3   1  -2  -1  -2  -1   4  -3   0  -1   2   7  -2    0   0   0   0   0   0   0   0   0   0   0   0   0  11   0  11   0   0  78   0  0.74 0.03
   28 S     0   5   0  -1  -3   1   0  -2  -1  -3  -3   2  -2  -3  -2   2   0  -3  -2  -3    0  67   0   0   0   0   0   0   0   0   0   0   0   0   0  33   0   0   0   0  0.53 0.02
   29 L    -2  -3  -4  -4  -2  -3  -3  -4  -3   2   5  -3   2   0  -3  -3  -1  -2  -1   1    0   0   0   0   0   0   0   0   0   0 100   0   0   0   0   0   0   0   0   0  0.52 0.02
   30 C    -1  -4  -3  -4  10  -4  -4  -3  -4  -2  -2  -4  -2  -3  -3  -1  -1  -3  -3  -1    0   0   0   0 100   0   0   0   0   0   0   0   0   0   0   0   0   0   0   0  1.44 0.04
   31 C    -1  -4  -3  -4  10  -4  -4  -3  -4  -2  -2  -4  -2  -3  -3  -1  -1  -3  -3  -1    0   0   0   0 100   0   0   0   0   0   0   0   0   0   0   0   0   0   0   0  1.44 0.04
   32 R    -2   6  -1  -2  -4   1   0  -3   0  -3  -3   2  -2  -3  -3  -1  -1  -3  -2  -3    0 100   0   0   0   0   0   0   0   0   0   0   0   0   0   0   0   0   0   0  0.82 0.02

                      K         Lambda
Standard Ungapped    0.1431     0.3372
Standard Gapped      0.0429     0.2670
PSI Ungapped         0.1402     0.3175
PSI Gapped           0.0429     0.2670
