
Last position-specific scoring matrix computed, weighted observed percentages rounded down, information per position, and relative weight of gapless real matches to pseudocounts
            A   R   N   D   C   Q   E   G   H   I   L   K   M   F   P   S   T   W   Y   V   A   R   N   D   C   Q   E   G   H   I   L   K   M   F   P   S   T   W   Y   V
    1 A     4  -2  -2  -2   0  -1  -1   0  -2  -1  -2  -1  -1  -2  -1   1   0  -3  -2   0  100   0   0   0   0   0   0   0   0   0   0   0   0   0   0   0   0   0   0   0  0.42 0.01
    2 P    -1  -2  -2  -2  -3  -1  -1  -2  -2  -3  -3  -1  -3  -4   8  -1  -1  -4  -3  -3    0   0   0   0   0   0   0   0   0   0   0   0   0   0 100   0   0   0   0   0  2.08 0.02
    3 A     2  -2  -3  -3  -1  -2  -2  -2  -3   2   1  -2   0  -1  -2  -1   0  -3  -1   3   32   0   0   0   0   0   0   0   0   0  13   0   0   0   0   0   0   0   0  55  0.21 0.01
    4 P     0  -2  -1  -1  -2  -1  -1  -2  -2  -2  -3  -1  -2  -3   6   2   1  -3  -3  -2    0   0   0   0   0   0   0   0   0   0   0   0   0   0  59  26  14   0   0   0  1.07 0.01
    5 S     2   1  -1  -1  -1  -1  -1   1  -2  -1  -2   0  -1  -2  -1   1   1  -3  -2   0   28  16   0   0   0   0   0  14   0   0   0   0   0   0   0  16  14   0   0  12  0.17 0.00
    6 G     0  -3  -1  -1  -3  -2  -2   6  -2  -4  -4  -2  -3  -3  -2   0  -2  -3  -3  -3    0   0   0   0   0   0   0 100   0   0   0   0   0   0   0   0   0   0   0   0  1.08 0.01
    7 G     0   1   0  -1  -3   1  -1   5  -1  -4  -3   0  -2  -3  -2   0  -1  -3  -3  -3    0  13   0   0   0  13   0  74   0   0   0   0   0   0   0   0   0   0   0   0  0.69 0.01
    8 G     0   1   0  -1  -3  -1  -2   5  -2  -4  -4  -1  -3  -3  -2   0  -2  -3  -3  -3    0  14   0   0   0   0   0  86   0   0   0   0   0   0   0   0   0   0   0   0  0.85 0.01
    9 S     2  -1   0  -1  -1  -1  -1   2  -2  -2  -2  -1  -1  -3  -1   2   3  -3  -2  -1   18   0   0   0   0   0   0  18   0   0   0   0   0   0   0  28  35   0   0   0  0.31 0.01
   10 A     2  -2  -2  -2  -1  -2  -2   2  -2   0  -1  -2  -1   1   1   0   0  -2  -1   1   26   0   0   0   0   0   0  21   0   0   0   0   0  12   9   0   9   0   0  23  0.16 0.00
   11 P     2  -1  -1  -1  -1  -1  -1  -1  -1  -1  -1  -1  -1  -2   4   1   0  -2  -1   0   32   2   1   2   1   1   2   2   1   2   3   2   1   1  21  12   2   0   1  11  0.26 0.00
   12 L    -1  -2  -3  -3  -1  -2  -2  -3  -3   2   4  -2   2   0  -2  -2  -1  -2  -1   1    1   1   1   1   0   0   1   1   0  13  77   1   0   0   1   1   1   0   0   1  0.33 0.01
   13 A     3  -1   0   1  -1  -1  -1   1  -1  -2  -2  -1  -1  -2  -1   1   1  -2  -2  -1   43   1   1   9   0   0   1  13   0   1   1   1   0   0   1  10  17   0   0   1  0.22 0.00
   14 K    -1   2   0  -1  -3   1   1  -2  -1  -3  -3   5  -2  -3  -1   0  -1  -3  -2  -3    0   0   0   0   0   0   0   0   0   0   0 100   0   0   0   0   0   0   0   0  0.58 0.02
   15 I    -1  -2  -3  -3  -1  -1  -3  -3  -2   3   2  -2   5   0  -3  -2  -1  -2  -1   2    0   0   0   0   0   0   0   0   0  26   0   0  61   0   0   0   0   0   0  12  0.33 0.02
   16 Y    -2  -2  -3  -3  -3  -2  -3  -3   1  -1  -1  -2  -1   4  -3  -2  -2   2   7  -1    0   0   0   0   0   0   0   0   0   0   0   0   0  24   0   0   0   0  76   0  0.83 0.02
   17 P    -1  -2  -2  -2  -3  -1  -1  -2  -2  -3  -3  -1  -2  -4   7   0   1  -4  -3  -2    0   0   0   0   0   0   0   0   0   0   0   0   0   0  82   0  18   0   0   0  1.61 0.02
   18 R    -2   6  -1  -2  -4   1   0  -3   0  -3  -2   2  -2  -3  -2  -1  -1  -3  -2  -3    0 100   0   0   0   0   0   0   0   0   0   0   0   0   0   0   0   0   0   0  0.82 0.02
   19 G     0  -3  -1  -1  -3  -2  -2   6  -2  -4  -4  -2  -3  -3  -2   0  -2  -3  -3  -3    0   0   0   0   0   0   0 100   0   0   0   0   0   0   0   0   0   0   0   0  1.10 0.02
   20 S     0  -1   5   1  -2   0   0   0   0  -3  -3   0  -2  -3  -2   3   1  -3  -2  -2    0   0  53   0   0   0   0   0   0   0   0   0   0   0   0  47   0   0   0   0  0.49 0.02
   21 H    -2   0   0  -1  -3   0   0  -2   8  -4  -3  -1  -2  -1  -2  -1  -2  -3   2  -3    0   0   0   0   0   0   0   0 100   0   0   0   0   0   0   0   0   0   0   0  1.01 0.03
   22 W    -3  -3  -4  -5  -3  -2  -3  -3  -3  -3  -2  -3  -2   1  -4  -3  -3  11   2  -3    0   0   0   0   0   0   0   0   0   0   0   0   0   0   0   0   0 100   0   0  2.50 0.04
   23 A     4  -2  -2  -2  -1  -1  -1   0  -2  -1  -2  -1  -1  -2  -1   1   0  -3  -2   0  100   0   0   0   0   0   0   0   0   0   0   0   0   0   0   0   0   0   0   0  0.45 0.02
   24 V     0  -3  -3  -3  -1  -2  -3  -3  -3   3   1  -2   1  -1  -3  -2   0  -3  -1   4    0   0   0   0   0   0   0   0   0   0   0   0   0   0   0   0   0   0   0 100  0.40 0.02
   25 G     0  -3  -1  -1  -3  -2  -2   6  -2  -4  -4  -2  -3  -3  -2   0  -2  -3  -3  -3    0   0   0   0   0   0   0 100   0   0   0   0   0   0   0   0   0   0   0   0  1.10 0.02
   26 H    -2   0   0  -1  -3   0   0  -2   8  -4  -3  -1  -2  -1  -2  -1  -2  -3   2  -3    0   0   0   0   0   0   0   0 100   0   0   0   0   0   0   0   0   0   0   0  1.01 0.03
   27 L    -2  -2  -4  -4  -1  -2  -3  -4  -3   2   4  -3   2   0  -3  -3  -1  -2  -1   1    0   0   0   0   0   0   0   0   0   0 100   0   0   0   0   0   0   0   0   0  0.50 0.02
   28 M    -1  -2  -2  -3  -2  -1  -2  -3  -2   1   2  -2   7   0  -3  -2  -1  -2  -1   1    0   0   0   0   0   0   0   0   0   0   0   0 100   0   0   0   0   0   0   0  0.48 0.03

                      K         Lambda
Standard Ungapped    0.1355     0.3157
Standard Gapped      0.0410     0.2670
PSI Ungapped         0.1355     0.3157
PSI Gapped           0.0410     0.2670
