
Last position-specific scoring matrix computed, weighted observed percentages rounded down, information per position, and relative weight of gapless real matches to pseudocounts
           A  R  N  D  C  Q  E  G  H  I  L  K  M  F  P  S  T  W  Y  V   A   R   N   D   C   Q   E   G   H   I   L   K   M   F   P   S   T   W   Y   V
    1 A    4 -1 -1 -2 -1 -1 -1  0 -2 -2 -2 -1 -1 -2 -1  2  0 -3 -2 -1   82   0   0   0   0   0   0   0   0   0   0   0   0   0   0  18   0   0   0   0  0.40 0.01
    2 F   -2 -3 -3 -4 -3 -3 -3 -3 -1 -1  0 -3  0  6 -4 -2 -2  1  4 -1    0   0   0   0   0   0   0   0   0   0   0   0   0  82   0   0   0   0  18   0  0.79 0.02
    3 E   -1  0  0  1 -4  2  5 -2  0 -3 -3  1 -2 -3 -1  0 -1 -3 -2 -3    0   0   0   0   0   8  92   0   0   0   0   0   0   0   0   0   0   0   0   0  0.77 0.03
    4 L   -2 -2 -4 -4 -1 -2 -3 -4 -3  1  4 -3  2  0 -3 -3 -1 -2 -1  1    0   0   0   0   0   0   0   0   0   0 100   0   0   0   0   0   0   0   0   0  0.53 0.02
    5 P   -1 -2 -2 -2 -3 -1 -1 -2 -2 -3 -3  0 -3 -4  7 -1 -1 -4 -3 -3    0   0   0   0   0   0   0   0   0   0   0  10   0   0  90   0   0   0   0   0  1.83 0.03
    6 A    2 -1  1 -1 -2  1  0 -1 -1 -3 -3  0 -2 -3  5  1  0 -3 -2 -2   27   0  11   0   0  10   5   0   0   0   0   6   0   0  35   6   0   0   0   0  0.56 0.01
    7 L   -2 -2 -4 -4 -1 -2 -3 -4 -3  1  4 -3  2  0 -3 -3 -1 -2 -1  1    0   0   0   0   0   0   0   0   0   0 100   0   0   0   0   0   0   0   0   0  0.53 0.02
    8 P   -1 -2 -2 -2 -3 -2 -1 -2 -2 -3 -3 -1 -3 -4  8 -1 -1 -4 -3 -3    0   0   0   0   0   0   0   0   0   0   0   0   0   0 100   0   0   0   0   0  2.14 0.04
    9 Y   -2 -2 -2 -3 -3 -2 -2 -3  1 -1 -1 -2 -1  4 -3 -2 -2  2  7 -1    0   0   0   0   0   0   0   0   0   0   0   0   0   9   0   0   0   0  91   0  0.97 0.03
   10 A    4 -2 -1  0 -1 -1  0  1 -2 -2 -2 -1 -1 -3  1  1  0 -3 -2 -1   75   0   0   6   0   0   7   6   0   0   0   0   0   0   6   0   0   0   0   0  0.34 0.02
   11 K   -2 -1 -2 -3 -3 -1 -1 -3  2  0 -1  1  1  3 -3 -2 -1  1  5 -1    0   0   0   0   0   0   0   0   7   6   0  18   9  12   0   0   0   0  47   0  0.38 0.02
   12 D   -2 -2  3  6 -4  0  1 -1 -1 -3 -4 -1 -3 -4 -2  0 -1 -4 -3 -3    0   0  22  78   0   0   0   0   0   0   0   0   0   0   0   0   0   0   0   0  0.85 0.02
   13 A    4 -2 -2 -2 -1 -1 -1  0 -2 -2 -2 -1 -1 -2 -1  1  0 -3 -2  0  100   0   0   0   0   0   0   0   0   0   0   0   0   0   0   0   0   0   0   0  0.49 0.03
   14 L   -2 -2 -4 -4 -1 -2 -3 -4 -3  1  4 -3  2  0 -3 -3 -1 -2 -1  1    0   0   0   0   0   0   0   0   0   0 100   0   0   0   0   0   0   0   0   0  0.53 0.02
   15 E    0  0  0  1 -4  2  5 -2  0 -3 -3  1 -2 -3 -1  0 -1 -3 -2 -2    7   0   0   0   0   7  86   0   0   0   0   0   0   0   0   0   0   0   0   0  0.69 0.03
   16 P   -1 -2 -2 -2 -3 -2 -1 -2 -2 -3 -3 -1 -3 -4  8 -1 -1 -4 -3 -3    0   0   0   0   0   0   0   0   0   0   0   0   0   0 100   0   0   0   0   0  2.14 0.04
   17 H   -2 -1  0 -2 -3  0 -1 -2  8 -3 -3 -1 -2 -1 -3 -1 -2 -2  3 -3    0   0   0   0   0   0   0   0  90   0   0   0   0   0   0   0   0   0  10   0  0.97 0.04
   18 I   -2 -3 -4 -3 -1 -3 -4 -4 -4  5  1 -3  1  0 -3 -3 -1 -3 -2  2    0   0   0   0   0   0   0   0   0 100   0   0   0   0   0   0   0   0   0   0  0.49 0.03
   19 S    0 -1  1  4 -2  0  1 -1 -1 -3 -3 -1 -2 -3 -1  3  0 -4 -3 -3    0   0   0  48   0   0   0   0   0   0   0   0   0   0   0  52   0   0   0   0  0.53 0.02
   20 A    4 -1 -2 -2  0 -1 -1  0 -2 -1 -2 -1 -1 -2 -1  1  0 -3 -2  0  100   0   0   0   0   0   0   0   0   0   0   0   0   0   0   0   0   0   0   0  0.41 0.00

                      K         Lambda
Standard Ungapped    0.1335     0.3165
Standard Gapped      0.0435     0.2670
PSI Ungapped         0.1421     0.3349
PSI Gapped           0.0435     0.2670
