
Last position-specific scoring matrix computed, weighted observed percentages rounded down, information per position, and relative weight of gapless real matches to pseudocounts
            A   R   N   D   C   Q   E   G   H   I   L   K   M   F   P   S   T   W   Y   V   A   R   N   D   C   Q   E   G   H   I   L   K   M   F   P   S   T   W   Y   V
    1 E    -1  -1   0   2  -3   2   4  -2  -1  -4  -3   0  -2  -4  -2   2  -1  -4  -3  -3    0   0   0  13   0   5  50   0   0   0   0   3   0   0   0  29   0   0   0   0  0.57 0.09
    2 K    -2   1  -1  -2  -4   1   0  -3  -2  -4  -4   7  -3  -4  -2  -1  -2  -4  -3  -4    0   0   0   0   0   4   0   0   0   0   0  96   0   0   0   0   0   0   0   0  1.17 0.21
    3 G    -1  -4   1  -3  -4  -3  -3   7  -3  -5  -5  -3  -4  -5  -4  -2  -3  -4  -5  -5    0   0   6   0   0   0   0  94   0   0   0   0   0   0   0   0   0   0   0   0  1.60 0.24
    4 F    -4  -4  -4  -5  -4  -4  -4  -5   2  -2  -1  -4  -2   7  -5  -4  -4   3   5  -3    0   0   0   0   0   0   0   0   6   0   0   0   0  73   0   0   0   3  18   0  1.42 0.24
    5 G    -1  -4  -2  -3  -4  -3  -4   7  -4  -5  -5  -3  -4  -5  -4  -2  -3  -4  -5  -5    0   0   0   0   0   0   0 100   0   0   0   0   0   0   0   0   0   0   0   0  1.79 0.26
    6 F    -4  -5  -5  -5  -4  -5  -5  -5  -3  -2  -1  -5  -2   9  -6  -4  -4  -1   1  -3    0   0   0   0   0   0   0   0   0   0   0   0   0 100   0   0   0   0   0   0  1.97 0.30
    7 I    -3  -4  -5  -5  -3  -4  -5  -5  -5   6   2  -4   0  -1  -4  -4  -2  -4  -3   2    0   0   0   0   0   0   0   0   0  84  12   0   0   0   0   0   0   0   0   4  1.05 0.22
    8 T     0  -2   0  -1   1   0   2  -2  -2  -1  -3  -1  -2  -3  -2   2   4  -4  -3  -2    6   0   4   0   4   4  19   0   0   4   0   0   0   0   0  16  44   0   0   0  0.44 0.14
    9 Q    -1   1  -2  -1  -4   3  -1  -2  -2  -2  -3   0   0  -4   6  -2  -1  -4  -3   0    2   7   0   4   0  17   0   2   0   0   0   3   4   0  49   0   1   0   0  10  0.93 0.16
   10 D     0  -1   2   4  -4   1   4  -2  -1  -3  -2   0  -2  -4  -2   0   0  -4  -3  -2    7   0   8  33   0   3  31   0   0   0   5   4   0   0   0   2   5   0   0   1  0.51 0.12
   11 N    -1  -2   3   5  -3  -1   1   1  -1  -4  -4  -1  -3  -4  -1   0  -1  -4  -3  -3    4   0  21  44   0   0   8  12   0   0   1   0   0   0   2   4   0   0   0   0  0.63 0.12
   12 G    -1  -3   0  -2  -3  -3  -2   6  -3  -3  -4  -2  -3  -4  -3   0   1  -4  -4  -2    0   0   3   0   0   0   2  76   0   2   0   0   0   0   0   5  10   0   0   2  1.04 0.18
   13 G     0  -2   0   1  -3  -1   0   4  -2  -4  -4   0  -3  -4   2   2  -1  -4  -3  -3    2   0   4  10   0   1   3  43   0   0   0   4   0   0   9  20   2   0   0   0  0.52 0.10
   14 A     1   0   1   1  -2   1   2   0  -1  -2  -2   2  -2  -3   1   0   0  -3  -2   0   12   0   6   9   0   6  18   5   0   0   1  18   0   0   7   2   4   0   0  11  0.19 0.05
   15 D    -3  -3   0   7  -5  -2   1  -3  -3  -5  -5  -2  -5  -5  -3  -2  -3  -6  -5  -5    0   0   0  94   0   0   6   0   0   0   0   0   0   0   0   0   0   0   0   0  1.71 0.27
   16 V    -2  -4  -4  -5  -2  -4  -4  -5  -4   3   2  -4   0  -2  -4  -3  -1  -4  -2   5    0   0   0   0   0   0   0   0   0  11  16   0   0   0   0   0   0   0   0  73  0.80 0.18
   17 F    -4  -5  -5  -5  -4  -5  -5  -5  -3  -2  -1  -5  -2   9  -6  -4  -4  -1   1  -3    0   0   0   0   0   0   0   0   0   0   0   0   0 100   0   0   0   0   0   0  1.97 0.30
   18 V     1  -4  -4  -4   1  -3  -4  -4  -4   1   0  -3  -1  -2  -4  -3  -1  -4  -3   6   10   0   0   0   4   0   0   0   0   0   3   0   0   0   0   0   0   0   0  83  0.84 0.21
   19 H    -4  -2  -1  -3  -5  -1  -2  -4  10  -5  -5  -3  -4  -3  -4  -3  -4  -4   0  -5    0   0   0   0   0   0   0   0 100   0   0   0   0   0   0   0   0   0   0   0  2.53 0.36
   20 F    -2  -1  -3  -3  -4   4  -1  -4   0   0  -1   0  -1   5  -4  -2  -2   1   3  -1    2   2   0   0   0  27   0   0   2   4   0   4   0  41   0   0   0   1  12   4  0.59 0.16
   21 R     0   0   0  -2  -2  -1  -1  -2  -2  -4  -4   0  -3  -4  -2   6   2  -4  -3  -3    0   6   2   0   0   0   0   0   0   0   0   4   0   0   0  79  10   0   0   0  0.85 0.22
   22 A     4  -1   0   1  -2  -1   0  -1  -2  -2  -3   1  -2  -3  -2   1   0  -4  -3   0   51   0   5   7   0   0   5   1   0   0   0  10   0   0   0  11   4   0   0   5  0.34 0.11
   23 I    -2  -4  -5  -5  -2  -4  -4  -5  -5   6   2  -4   0  -1  -4  -4  -2  -4  -3   2    0   0   0   0   0   0   0   0   0  76  14   0   0   0   0   0   0   0   0  10  0.93 0.19
   24 A    -1   0   2   1  -4   5   3  -3   2  -3  -3   0  -2  -2  -2  -1  -1  -3   0  -1    3   3   9   5   0  39  20   0   5   0   0   2   0   2   0   0   3   0   3   6  0.46 0.13
   25 S     1   0  -1  -2  -2  -1  -2   2  -2  -2  -1  -1   5  -3  -3   2   1  -3  -3  -2   10   6   2   0   0   2   0  21   0   0   0   2  28   0   0  21   9   0   0   0  0.32 0.12
   26 E     0  -2   2   4  -4   1   3  -1  -1  -4  -4  -1  -3  -4  -1   0   0  -4  -3  -3   10   0  14  29   0   5  31   2   0   0   0   0   0   0   1   4   4   0   0   0  0.55 0.12
   27 G    -1  -3   1  -1  -4  -3  -2   6  -2  -5  -5  -2  -4  -3  -3  -1  -2  -3   1  -4    0   0   6   2   0   0   2  80   0   0   0   0   0   0   0   2   0   0   8   0  1.12 0.18
   28 F    -3  -4  -4  -5  -3  -4  -4  -4  -2  -1   1  -4   1   7  -4  -3  -3   0   4   0    0   0   0   0   0   0   0   0   0   0  14   0   3  60   0   0   0   0  15   8  0.91 0.17
   29 K    -1   5  -1  -2  -4   0  -1  -3   1  -4  -3   4  -2  -4   1  -1  -2  -4  -3  -3    3  44   0   0   0   0   0   0   5   0   0  40   0   0   8   0   0   0   0   0  0.78 0.16
   30 T     0  -2  -1  -1  -2  -1   0  -1  -2  -2  -3  -1  -2  -3  -2   4   4  -3  -2  -2    2   0   0   0   0   0   5   4   0   0   1   0   0   0   0  50  34   0   0   1  0.54 0.14
   31 L    -2  -3  -4  -4  -2  -3  -3  -4  -3   1   5  -3   1  -1  -3  -3  -2  -2  -2   1    1   0   0   0   0   0   0   1   0   0  88   0   0   0   0   1   0   0   0   5  0.76 0.15
   32 A     0   0   1   2  -3   1   2   0  -1  -2  -3   2  -2  -2  -2   0   0  -3  -2   0    8   0   5  15   0   7  17   8   0   0   0  23   0   1   0   0   6   0   0  10  0.22 0.07
   33 E     0  -1  -1   2  -4   1   6  -3  -1  -4  -3   0  -3  -4  -2  -1  -2  -4  -3  -2    7   0   0   8   0   0  80   0   0   0   2   1   0   0   0   0   0   0   0   2  0.98 0.20
   34 G    -1  -2   2  -2  -4  -1  -2   6  -3  -5  -5  -2  -4  -4  -3  -1  -2  -4  -4  -4    0   2  10   0   0   3   2  83   0   0   0   0   0   0   0   0   0   0   0   0  1.23 0.19
   35 Q    -1  -1  -1   2  -4   6   3  -3  -1  -4  -4   0  -2  -5  -2  -1  -2  -4  -3  -4    2   0   0  10   0  64  23   0   0   0   0   0   0   0   0   0   0   0   0   0  1.00 0.21
   36 K     0   2   0   1  -3   1   2  -2  -1  -3  -3   3  -2  -4   0   1   0  -4  -2  -2    7  12   2   4   0   4  21   0   0   0   0  29   0   0   4   9   5   0   0   3  0.34 0.08
   37 V    -1  -4  -4  -5  -2  -4  -4  -5  -5   2   0  -4   0  -2  -4  -3  -1  -4  -3   6    0   0   0   0   0   0   0   0   0   3   0   0   0   0   0   0   0   0   0  97  1.05 0.22
   38 S    -1  -1   0   0  -3   1   4  -2  -1   0  -3  -1  -2  -3  -2   2   2  -4  -3  -2    1   0   1   0   0   5  41   0   0   8   0   0   0   0   0  27  17   0   0   0  0.45 0.13
   39 F    -4  -4  -4  -5  -4  -4  -4  -5  -2  -2  -1  -4  -1   8  -5  -4  -3   0   5  -2    0   0   0   0   0   0   0   0   0   0   0   0   0  80   0   0   0   0  20   0  1.49 0.23
   40 E    -1  -1   0   4  -3   0   3  -2  -1  -1  -3   0  -2  -3  -2   0   1  -4  -1  -1    2   0   0  30   0   2  32   1   0   4   0   5   0   0   0   5  13   0   3   4  0.43 0.11
   41 V    -1  -3  -4  -4   1  -3  -2  -4  -3   4   1  -3   0   1  -3  -2  -1  -3  -1   3    3   0   0   0   3   0   2   0   0  41   8   0   0   7   0   0   3   0   2  32  0.43 0.11
   42 E    -1  -1  -1  -1  -3   2   4  -1   0  -1  -2   1  -1  -3  -2  -1   1  -3  -2   1    4   0   0   0   0  11  38   4   2   0   2   9   0   0   0   0  11   0   0  20  0.30 0.11
   43 Q    -2   2   1   1  -4   4   3  -3   2  -3  -2   2  -1  -4  -2   0  -1  -3  -2  -3    0  10   5   8   0  25  26   0   5   0   2  12   2   0   0   5   0   0   0   0  0.47 0.11
   44 G    -1  -2  -1   1  -3  -2  -2   5  -3  -4  -4   0  -3  -4  -3   1   0  -4  -4  -4    0   0   0   8   0   0   0  65   0   0   0   8   0   0   0  15   4   0   0   0  0.84 0.15
   45 Q     0   0   2   1  -3   3   1  -2  -1  -3  -3   0  -2  -4   3   2   0  -4  -3  -3    9   3  10   6   0  23   7   0   0   0   0   4   0   0  17  16   5   0   0   0  0.40 0.09
   46 K    -2   4  -1  -2  -4   0   0  -3  -2  -4  -4   6  -3  -4  -2  -1  -2  -4  -3  -4    0  25   0   0   0   0   0   0   0   0   0  75   0   0   0   0   0   0   0   0  1.03 0.19

                      K         Lambda
Standard Ungapped    0.1370     0.3172
Standard Gapped      0.0508     0.2670
PSI Ungapped         0.1658     0.3194
PSI Gapped           0.0508     0.2670
