
Last position-specific scoring matrix computed, weighted observed percentages rounded down, information per position, and relative weight of gapless real matches to pseudocounts
           A  R  N  D  C  Q  E  G  H  I  L  K  M  F  P  S  T  W  Y  V   A   R   N   D   C   Q   E   G   H   I   L   K   M   F   P   S   T   W   Y   V
    1 M   -2 -2 -3 -4 -2 -1 -3 -4 -2  1  2 -2  8 -1 -3 -2 -1 -2 -2  0    0   0   0   0   0   0   0   0   0   0   0   0 100   0   0   0   0   0   0   0  0.81 0.09
    2 L   -2 -2 -3 -3 -2 -2 -1 -4 -3  1  4 -2  1  2 -1 -3 -2 -2 -1  0    0   0   0   0   0   0   8   0   0   0  76   0   0  12   4   0   0   0   0   0  0.37 0.04
    3 T    1 -2 -1 -2 -1 -1 -2 -2 -2  1 -1 -1 -1 -2 -2  1  5 -3 -2  1   15   0   0   0   0   0   0   0   0  11   2   0   0   0   0   0  67   0   0   6  0.36 0.04
    4 L   -2 -3 -4 -4 -2 -3 -4 -4 -3  1  5 -3  2  0 -4 -3 -2 -2 -2  1    0   0   0   0   0   0   0   0   0   0 100   0   0   0   0   0   0   0   0   0  0.62 0.05
    5 K   -1  2 -1 -1 -4  1  0 -2 -1 -3 -3  6 -2 -4 -2 -1 -1 -4 -2 -3    0   0   0   0   0   0   0   0   0   0   0 100   0   0   0   0   0   0   0   0  0.75 0.06
    6 I   -1 -3 -4 -4 -2 -3 -3 -4 -4  4  2 -3  1  0 -3 -2 -1  3 -1  2    0   0   0   0   0   0   0   0   0  61  18   0   0   0   0   4   0   6   0  11  0.38 0.03
    7 A    0 -3 -2 -3 -2 -2 -2 -2 -2  0  1 -2  0  5 -3  0  0 -1  1  1   10   0   0   0   0   0   0   0   0   0   8   0   0  48   0  14   5   0   0  14  0.28 0.03
    8 V   -1 -3 -4 -4 -1 -3 -3 -4 -4  2  0 -3  0 -1 -3 -2  0 -4 -2  5    0   0   0   0   0   0   0   0   0   0   0   0   0   0   0   0   0   0   0 100  0.55 0.06
    9 Y   -2 -2 -1 -3 -3 -2 -3 -4  1 -2 -2 -2 -2  3 -4 -2 -1  2  8 -2    0   0   3   0   0   0   0   0   0   0   0   0   0   0   0   0   6   0  92   0  1.05 0.07
   10 I    1 -2 -1 -2 -1 -1 -2 -2 -2  2 -1 -1  0 -2 -2  1  4 -3 -2  1   12   0   0   0   0   0   0   0   0  21   0   0   0   0   0   9  55   0   0   3  0.30 0.04
   11 V   -1 -3 -3 -4  2 -3 -3 -4 -4  2  1 -3  0 -1 -3 -2  1 -3 -2  4    0   0   0   0   5   0   0   0   0   4   5   0   0   0   0   0  10   0   0  77  0.38 0.04
   12 V   -1 -3 -4 -4 -1 -3 -3 -4 -4  3  1 -3  0 -1 -3 -2  0 -4 -2  5    0   0   0   0   0   0   0   0   0   9   0   0   0   0   0   0   0   0   0  91  0.51 0.05
   13 A    0 -2 -2 -3 -1 -2 -2 -2 -3  3  1 -2  1  2 -2  0  1 -2 -1  1   12   0   0   0   0   0   0   2   0  36  16   0   0  12   0   4  18   0   0   0  0.15 0.02
   14 F   -2 -3 -3 -4 -3 -4 -4 -4 -2  0  1 -4  0  7 -4 -2 -2  0  2 -1    0   0   0   0   0   0   0   0   0   5  11   0   0  80   0   4   0   0   0   0  0.74 0.05
   15 F   -3 -4 -4 -4 -3 -4 -4 -4 -2 -1  0 -4  0  8 -5 -3 -3  1  3 -1    0   0   0   0   0   0   0   0   0   0   0   0   0 100   0   0   0   0   0   0  1.07 0.07
   16 V   -1 -3 -3 -4  1 -3 -3 -4 -4  3  1 -3  1 -1 -3 -2  0 -3 -2  5    0   0   0   0   3   0   0   0   0  11   3   0   0   0   0   2   0   0   0  81  0.43 0.04
   17 A    2 -2  0 -1  1 -1 -1  1 -2 -2 -1 -1 -1 -2 -2  4  1 -3 -2 -2   13   0   0   0   3   0   0  11   0   0   8   0   0   2   0  61   2   0   0   0  0.30 0.03
   18 I   -2 -3 -4 -4 -2 -3 -3 -4 -3  2  4 -3  2  0 -1 -3 -1 -2 -2  1    0   0   0   0   0   0   0   0   0  16  75   0   0   0   4   0   0   0   0   6  0.44 0.03
   19 F   -3 -4 -4 -4 -3 -4 -4 -4 -2 -1  0 -4  0  8 -5 -3 -3  1  3 -1    0   0   0   0   0   0   0   0   0   0   0   0   0 100   0   0   0   0   0   0  1.07 0.07
   20 V    0 -3 -3 -3 -1 -3 -3 -4 -4  4  1 -3  1 -1 -3 -2  0 -3 -2  3    6   0   0   0   0   0   0   0   0  49   7   0   0   0   0   0   5   0   0  32  0.34 0.03
   21 F   -3 -4 -4 -4 -3 -4 -4 -4 -2 -1  0 -4  0  8 -5 -3 -3  1  3 -1    0   0   0   0   0   0   0   0   0   0   0   0   0 100   0   0   0   0   0   0  1.07 0.07
   22 G    0 -3 -1 -2 -3 -2 -3  7 -3 -5 -4 -2 -3 -4 -3 -1 -2 -3 -4 -4    0   0   0   0   0   0   0 100   0   0   0   0   0   0   0   0   0   0   0   0  1.24 0.06
   23 F   -3 -3 -4 -4 -3 -4 -4 -4 -2  0  1 -4  0  7 -4 -3 -3  0  3 -1    0   0   0   0   0   0   0   0   0   0   7   0   0  93   0   0   0   0   0   0  0.95 0.06
   24 L   -2 -3 -4 -4 -2 -3 -4 -4 -3  1  5 -3  2  0 -4 -3 -2 -2 -2  1    0   0   0   0   0   0   0   0   0   0 100   0   0   0   0   0   0   0   0   0  0.62 0.05
   25 S    2 -1  0 -1 -1 -1 -1 -1 -1 -3 -3 -1 -2 -3 -1  5  1 -3 -2 -2   12   0   0   0   0   0   0   0   0   0   0   0   0   0   0  88   0   0   0   0  0.56 0.06
   26 N   -1 -1  6  1 -3  0 -1  1  0 -4 -4 -1 -3 -3 -2  2  0 -4 -3 -3    0   0  64   0   0   0   0  10   0   0   0   0   0   0   0  26   0   0   0   0  0.60 0.05
   27 D   -2 -2  1  7 -4 -1  1 -2 -2 -4 -4 -1 -4 -4 -2 -1 -2 -5 -4 -4    0   0   0 100   0   0   0   0   0   0   0   0   0   0   0   0   0   0   0   0  1.18 0.07
   28 P   -1 -3 -3 -2 -3 -2 -2 -3 -3 -3 -4 -2 -3 -4  8 -1 -1 -4 -4 -3    3   0   0   0   0   0   0   0   0   0   0   0   0   0  94   0   2   0   0   0  2.05 0.07
   29 A    2 -1  0 -1 -2 -1 -1  3 -2 -3 -3 -1 -2 -3 -2  2  1 -3 -3 -2   26   2   0   0   0   0   0  32   0   0   0   0   0   0   0  30   9   0   0   0  0.39 0.03
   30 R   -2  7 -1 -2 -4  1 -1 -3 -1 -4 -3  2 -2 -4 -3 -1 -2 -3 -2 -3    0 100   0   0   0   0   0   0   0   0   0   0   0   0   0   0   0   0   0   0  1.02 0.07
   31 N   -2  0  6  1 -3  0 -1 -1  0 -3 -4  0 -2 -4 -2  0  2 -4 -3 -3    0   4  79   0   0   0   0   0   0   0   0   2   0   0   0   0  15   0   0   0  0.72 0.06
   32 P   -1 -3 -3 -2 -4 -2 -2 -3 -3 -4 -4 -2 -3 -5  9 -1 -2 -5 -4 -3    0   0   0   0   0   0   0   0   0   0   0   0   0   0 100   0   0   0   0   0  2.24 0.08
   33 G    0 -1  3  0 -3 -1 -1  4 -1 -4 -4  0 -3 -3 -2  1 -1 -3 -3 -3    6   0  25   0   0   0   3  47   0   0   0   7   0   0   0  13   0   0   0   0  0.50 0.03
   34 R   -2  6 -1 -2 -4  1  0 -1 -1 -4 -3  2 -2 -4  0 -1 -1 -3 -2 -3    0  80   0   0   0   3   2   3   0   0   0   5   0   0   3   2   2   0   0   0  0.73 0.06
   35 R   -1  3  0 -1 -4  1  1 -1 -1 -3 -3  5 -2 -4 -2 -1 -1 -4 -2 -3    0  18   2   0   0   0   7   3   0   0   0  71   0   0   0   0   0   0   0   0  0.56 0.05
   36 D   -2  0  1  6 -4  0  3 -2 -1 -4 -4 -1 -3 -4 -2 -1 -1 -5 -3 -4    0   5   4  75   0   0  17   0   0   0   0   0   0   0   0   0   0   0   0   0  0.86 0.05
   37 L   -2 -3 -3 -3 -2 -2 -2 -4 -3  2  3 -3  2  3 -3 -3 -2 -1  0  1    0   0   0   0   0   0   4   0   0  14  54   0   8  19   0   0   0   0   0   0  0.34 0.02
   38 E   -1  0  0  3 -4  2  6 -3 -1 -4 -4  1 -3 -4 -2  0 -1 -4 -3 -3    0   4   0  12   0   0  84   0   0   0   0   0   0   0   0   0   0   0   0   0  0.76 0.04

                      K         Lambda
Standard Ungapped    0.1508     0.3362
Standard Gapped      0.0498     0.2670
PSI Ungapped         0.1629     0.3149
PSI Gapped           0.0498     0.2670
