
Last position-specific scoring matrix computed, weighted observed percentages rounded down, information per position, and relative weight of gapless real matches to pseudocounts
            A   R   N   D   C   Q   E   G   H   I   L   K   M   F   P   S   T   W   Y   V   A   R   N   D   C   Q   E   G   H   I   L   K   M   F   P   S   T   W   Y   V
    1 E    -1   0   0   3  -4   4   4  -2   0  -3  -3   1  -2  -4  -1   0  -1  -3  -2  -3    0   0   0  15   0  41  44   0   0   0   0   0   0   0   0   0   0   0   0   0  0.59 0.01
    2 R    -2   7  -1  -2  -4   1   0  -3   0  -4  -3   2  -2  -3  -3  -1  -1  -3  -2  -3    0 100   0   0   0   0   0   0   0   0   0   0   0   0   0   0   0   0   0   0  0.87 0.03
    3 G     1   2  -2  -2  -2  -1  -2   1  -2   2   0   1   1  -2  -2  -1  -1  -3  -2   1   17  20   0   0   0   0   0  12   0  24   0   8   7   0   0   0   0   0   0  14  0.09 0.01
    4 C    -1  -4  -3  -4  10  -4  -5  -3  -4  -2  -2  -4  -2  -3  -4  -1  -1  -3  -3  -1    0   0   0   0 100   0   0   0   0   0   0   0   0   0   0   0   0   0   0   0  1.63 0.07
    5 P    -1  -3  -3  -2  -4  -2  -2  -3  -3  -4  -4  -2  -3  -4   8  -1  -2  -5  -4  -3    0   0   0   0   0   0   0   0   0   0   0   0   0   0 100   0   0   0   0   0  2.20 0.06
    6 R    -2   6  -1  -2  -4   1   0  -3  -1  -4  -3   3  -2  -3  -2  -1  -1  -3  -2  -3    0  81   0   0   0   0   0   0   0   0   0  19   0   0   0   0   0   0   0   0  0.80 0.04
    7 I    -2  -4  -4  -4  -2  -3  -4  -5  -4   5   1  -3   1   0  -3  -3  -1  -3  -2   3    0   0   0   0   0   0   0   0   0 100   0   0   0   0   0   0   0   0   0   0  0.57 0.05
    8 L    -2  -3  -4  -4  -2  -3  -3  -4  -2   1   4  -3   2   1  -3  -3  -2  -1   2   0    0   0   0   0   0   0   0   0   0   0  87   0   0   0   0   0   0   0  13   0  0.48 0.03
    9 K    -1  -1  -2  -3  -2   0  -2  -3  -2   0   1   2   7  -1  -3  -2  -1  -2  -2   0    0   0   0   0   0   0   0   0   0   0   0  20  80   0   0   0   0   0   0   0  0.46 0.06
   10 Q    -1   2  -1   0  -4   2   3  -2  -1  -3  -3   3  -2  -4   3  -1  -1  -3  -2  -3    0  13   0   0   0  13  34   0   0   0   0  23   0   0  17   0   0   0   0   0  0.52 0.02
   11 C    -1  -4  -3  -4  10  -4  -5  -3  -4  -2  -2  -4  -2  -3  -4  -1  -1  -3  -3  -1    0   0   0   0 100   0   0   0   0   0   0   0   0   0   0   0   0   0   0   0  1.63 0.07
   12 K    -1   3   0  -1  -4   1   0  -2  -1  -3  -3   5  -2  -4  -1   0  -1  -4  -2  -3    0   7   0   0   0   0   0   0   0   0   0  87   0   0   0   6   0   0   0   0  0.60 0.04
   13 Q     0   4  -1  -1  -3   2   0  -2   2  -2  -2   2  -1  -3  -2   0   0  -3  -2  -1    6  34   0   0   0  13   0   0   6   0   0  18   0   0   0   6   8   0   0   9  0.29 0.02
   14 D    -2  -2   2   7  -4  -1   1  -2  -1  -4  -4  -1  -4  -4  -2  -1  -1  -5  -4  -4    0   0   9  91   0   0   0   0   0   0   0   0   0   0   0   0   0   0   0   0  1.01 0.05
   15 S     1  -1   0   2  -2   0   0  -1  -1  -3  -3  -1  -2  -3  -1   4   1  -4  -2  -2    7   0   0  17   0   0   0   0   0   0   0   0   0   0   0  76   0   0   0   0  0.46 0.04
   16 D    -2  -2   1   7  -4  -1   1  -2  -2  -4  -4  -1  -4  -4  -2  -1  -2  -5  -4  -4    0   0   0 100   0   0   0   0   0   0   0   0   0   0   0   0   0   0   0   0  1.13 0.05
   17 C    -1  -4  -3  -4  10  -4  -5  -3  -4  -2  -2  -4  -2  -3  -4  -1  -1  -3  -3  -1    0   0   0   0 100   0   0   0   0   0   0   0   0   0   0   0   0   0   0   0  1.63 0.07
   18 P    -2  -3  -4  -4  -2  -2  -3  -4  -3   1   4  -2   2   0   4  -2  -1  -2  -2   0    0   0   0   0   0   0   0   0   0   0  72   0   8   0  20   0   0   0   0   0  0.48 0.03
   19 G     3   0  -2  -2  -1  -1  -2   2  -2  -1   0  -1  -1  -2  -2   0  -1  -3  -2  -1   56   9   0   0   0   0   0  20   0   0  15   0   0   0   0   0   0   0   0   0  0.25 0.02
   20 E    -1  -1   0   4  -4   2   4   1  -1  -4  -4   1  -3  -4  -2   0  -1  -4  -3  -3    0   0   0  28   0   6  44  15   0   0   0   8   0   0   0   0   0   0   0   0  0.52 0.02
   21 C    -1  -4  -3  -4  10  -4  -5  -3  -4  -2  -2  -4  -2  -3  -4  -1  -1  -3  -3  -1    0   0   0   0 100   0   0   0   0   0   0   0   0   0   0   0   0   0   0   0  1.63 0.07
   22 I    -1   0  -2  -3  -2  -2  -2  -3  -3   3   1   0   0  -1  -3  -2   0  -3  -2   3    0   8   0   0   0   0   0   0   0  41   0   9   0   0   0   0   8   0   0  35  0.22 0.02
   23 C    -1  -4  -3  -4  10  -4  -5  -3  -4  -2  -2  -4  -2  -3  -4  -1  -1  -3  -3  -1    0   0   0   0 100   0   0   0   0   0   0   0   0   0   0   0   0   0   0   0  1.63 0.07
   24 M    -1  -1  -2  -3  -2   2  -1  -3  -2   1   3   0   3  -1  -3  -2  -1  -2  -2   0    0   0   0   0   0  23   0   0   0   0  57   7  13   0   0   0   0   0   0   0  0.26 0.03
   25 A     1   0   0   1  -3   2   4  -2  -1  -3  -3   2  -2  -3  -1   1   0  -3  -2  -2   13   0   0   0   0   7  51   0   0   0   0  12   0   0   0  17   0   0   0   0  0.43 0.02
   26 H    -2  -1   5   0  -3   0   1  -2   7  -4  -4  -1  -2  -3  -2   1  -1  -4   0  -3    0   0  41   0   0   0   7   0  44   0   0   0   0   0   0   8   0   0   0   0  0.62 0.04
   27 G     0  -3  -1  -2  -3  -2  -3   7  -3  -4  -4  -2  -3  -4  -3  -1  -2  -3  -4  -4    0   0   0   0   0   0   0 100   0   0   0   0   0   0   0   0   0   0   0   0  1.19 0.04
   28 F    -2  -3  -3  -4  -3  -3  -3  -4   0   1   0  -3  -1   5  -4  -3  -2   1   6  -1    0   0   0   0   0   0   0   0   0  13   0   0   0  36   0   0   0   0  51   0  0.69 0.04
   29 C    -1  -4  -3  -4  10  -4  -5  -3  -4  -2  -2  -4  -2  -3  -4  -1  -1  -3  -3  -1    0   0   0   0 100   0   0   0   0   0   0   0   0   0   0   0   0   0   0   0  1.63 0.07
   30 G     0  -3  -1  -2  -3  -2  -3   7  -3  -4  -4  -2  -3  -4  -3  -1  -2  -3  -4  -4    0   0   0   0   0   0   0 100   0   0   0   0   0   0   0   0   0   0   0   0  1.19 0.04

                      K         Lambda
Standard Ungapped    0.1476     0.3296
Standard Gapped      0.0481     0.2670
PSI Ungapped         0.1570     0.3163
PSI Gapped           0.0481     0.2670
