
Last position-specific scoring matrix computed, weighted observed percentages rounded down, information per position, and relative weight of gapless real matches to pseudocounts
            A   R   N   D   C   Q   E   G   H   I   L   K   M   F   P   S   T   W   Y   V   A   R   N   D   C   Q   E   G   H   I   L   K   M   F   P   S   T   W   Y   V
    1 V    -2  -3  -4  -5  -2  -3  -4  -5  -4   1   5  -3   1  -1  -4  -3  -2  -3  -2   3    0   0   0   0   0   0   0   0   0   0  72   0   0   0   0   0   0   0   0  28  0.73 0.19
    2 L    -3  -3  -5  -5  -2  -3  -4  -5  -4   1   5  -4   2  -1  -4  -4  -2  -3  -2   0    0   0   0   0   0   0   0   0   0   0  95   0   5   0   0   0   0   0   0   0  0.99 0.23
    3 F    -3  -4  -4  -4  -4  -4  -4  -4  -3  -2   0  -4  -1   8  -5   0  -3  -1   1  -2    0   0   0   0   0   0   0   0   0   0   3   0   0  87   0  10   0   0   0   0  1.39 0.29
    4 P    -2  -4  -3  -3  -4  -3  -3  -4  -4  -4  -4  -2  -4  -5   8  -1   1  -5  -4  -4    1   0   0   0   0   0   0   0   0   0   0   0   0   0  84   4  11   0   0   0  2.07 0.32
    5 L    -2  -3  -4  -4  -3   1  -3  -5  -1   1   5  -3   2  -1  -4  -3  -2  -3  -2   0    0   0   0   0   0   9   0   0   1   5  79   0   5   0   0   0   0   0   0   0  0.73 0.21
    6 A     2  -2  -1  -2  -2  -2  -2  -2  -3  -2  -2  -2  -2  -3  -2   1   5  -4  -3   1   24   0   1   0   0   0   0   0   0   0   0   0   0   0   0  10  57   0   0   8  0.63 0.22
    7 T     4  -3  -2  -3  -2  -2  -2  -2  -3  -2  -2  -2   3  -3  -2   0   3  -4  -3   0   55   0   0   0   0   0   0   0   0   0   0   0  11   0   0   0  28   0   0   6  0.59 0.23
    8 L    -2  -2  -4  -5  -2  -3  -4  -5  -4   2   4  -3   1   0  -4  -3  -2  -3  -2   3    0   2   0   0   0   0   0   0   0   5  62   0   0   1   0   0   0   0   0  29  0.67 0.20
    9 Q    -2  -1  -2  -2  -4   6   0  -4  -2  -4  -3  -1  -3  -5   6  -2  -2  -4  -4  -4    0   2   0   0   0  46   4   0   0   0   2   0   0   0  45   0   0   0   0   0  1.31 0.31
   10 L    -2  -3  -4  -4  -3  -2  -4   0  -4   0   5  -3   4  -1  -3  -3  -2  -3  -2   0    0   0   0   0   0   1   0  10   0   0  75   0  12   0   1   0   0   0   0   1  0.72 0.23
   11 D    -3  -3   1   7  -5  -2   0  -1  -3  -5  -6  -2  -5  -5  -3  -2  -3  -6  -5  -5    0   0   3  91   0   0   2   4   0   0   0   0   0   0   0   0   0   0   0   0  1.73 0.39
   12 A     2  -2  -2  -3  -4  -3  -3   6  -3  -5  -4  -3  -4  -4  -2  -1   0   3  -4  -4   15   2   0   0   0   0   0  71   0   0   0   0   0   0   1   0   5   5   0   0  1.13 0.29
   13 D    -4  -4  -1   8  -6  -2   0  -3  -3  -5  -6  -3  -5  -6  -4  -2  -3  -7  -5  -5    0   0   0 100   0   0   0   0   0   0   0   0   0   0   0   0   0   0   0   0  2.13 0.47
   14 Q    -3   0  -2  -2  -5   8   1  -4  -2  -5  -4  -1  -3  -6  -4  -2  -3  -4  -4  -5    0   4   0   0   0  93   4   0   0   0   0   0   0   0   0   0   0   0   0   0  1.87 0.50
   15 P    -3  -4  -3  -3  -5  -3  -3  -4   2  -4  -2  -3  -4  -5   8  -1   0  -5  -4  -4    0   0   0   0   0   0   0   0   6   0   4   0   0   0  80   4   6   0   0   0  2.03 0.41
   16 V     5  -3  -3  -4  -2  -3  -3   0  -4  -1  -2  -3  -2  -3  -3  -1  -1  -4  -3   2   70   0   0   0   0   0   0   5   0   0   2   0   0   0   0   0   2   0   0  21  0.76 0.29
   17 E    -2  -3   0   7  -5  -1   3  -2   0  -5  -5  -2  -5  -5  -3  -2  -3  -6  -4  -5    1   0   2  69   0   0  22   3   3   0   0   0   0   0   0   0   0   0   0   0  1.37 0.41
   18 R    -3   6  -2  -3  -4   4  -1  -4   1  -4  -1   1  -2  -4  -3  -2  -3  -4  -3  -4    0  58   0   0   0  24   0   0   4   0   7   4   0   0   0   0   0   0   0   0  1.02 0.36
   19 Y    -2  -1   1  -1  -4  -2  -2  -3   5  -3  -2  -1  -3  -2   6  -2  -2  -3   3  -3    2   2   7   3   0   0   1   1  16   0   3   4   0   0  46   1   0   0  12   1  1.01 0.29
   20 A     6  -3  -3  -3  -2  -2  -1  -2  -3  -3  -3  -2   1  -4  -3  -1  -2  -4  -3  -1   86   0   0   0   0   0   3   0   0   0   0   0   4   0   0   0   0   0   0   4  1.06 0.40
   21 E    -1   1  -2   1  -3   1   4  -2  -2  -2  -1   1  -2  -3  -2  -1  -2  -3  -3   1    3   8   0   4   0   6  43   3   0   0   8   7   0   0   0   1   0   0   0  14  0.39 0.20
   22 N    -3   6   4  -2  -4  -1  -2  -1   3  -2  -4   0  -3  -4  -1  -2  -2  -4  -3  -4    0  57  22   0   0   0   0   4   8   3   0   0   0   0   3   0   0   0   0   0  0.93 0.34
   23 K    -1   0  -2  -3  -3  -1  -1  -1  -3  -1   0   3   6  -2   0  -2   1  -3  -3   0    5   3   0   0   0   0   4   5   0   2   5  25  31   0   5   0  10   0   0   5  0.36 0.24
   24 Q    -3   3  -2  -1  -5   6   1  -4   2  -4  -1   0  -2  -4  -3  -2  -3   2  -3  -4    0  20   0   2   0  54   8   0   4   0   9   0   0   0   0   0   0   3   0   0  0.93 0.38
   25 D    -3  -3   1   6  -4  -2   0  -2   0  -4  -1  -1  -3  -4  -3   0  -2  -4  -1  -4    0   0   6  66   0   0   0   1   3   0   7   4   0   0   0   8   0   0   3   0  0.98 0.33
   26 L     0  -1   0   2  -2   0  -1  -1   0   2   1  -2   0   1  -2  -1  -1  -3  -1   0    9   2   5  17   0   4   0   6   4  20  21   0   2   6   0   1   0   0   0   3  0.10 0.10
   27 N     0  -2   4   0  -3  -1   0  -2  -2   2  -1   0  -1   0  -2   1   0  -3  -2   0    5   0  26   4   0   0   7   0   0  18   4   8   0   4   0  15   2   0   0   4  0.20 0.15
   28 P    -1   0  -2  -2  -3   0  -1  -3  -3  -2  -1  -2  -2  -4   6   2   0  -4  -3  -3    2   5   0   0   0   4   3   1   0   2   7   0   0   0  46  24   4   0   0   0  0.89 0.27
   29 D     1  -1   1   3  -3   1   2   1   0  -3  -2   0  -2  -2  -1   1   0  -3  -1  -2   14   0   7  18   0   5  13   9   2   0   4   4   0   1   2  14   5   0   2   0  0.22 0.11
   30 E    -1   1  -2  -1  -4   2   4   0   0  -1  -3   1  -2  -4   1   0  -2  -4  -3  -1    5   9   0   0   0   8  38   9   1   6   1   8   0   0   7   3   0   0   0   4  0.37 0.19
   31 R     0   4   1   1  -3   3   0  -2   1  -3  -2   1   1  -3  -3   1  -1  -3  -2  -2    6  30   7   7   0  17   1   0   4   0   2   6   6   0   0   9   2   0   0   3  0.37 0.18
   32 M    -3   3   0  -1  -4  -2  -2  -3   6  -3  -3   0   1   2   2   0  -2  -3   2  -3    0  19   3   3   0   0   0   0  25   0   1   4   5  10  11   8   0   0   9   0  0.58 0.29
   33 K    -1   1  -2   0  -4   0   0   1  -1  -1  -1  -1  -2  -3   5  -1  -2   5  -3  -3    4  10   1   5   0   4   7  12   2   5   6   2   0   0  27   2   2   9   0   0  0.46 0.22
   34 F    -2  -1  -1  -3  -3  -2  -3  -3  -2   2   1   0   3   4  -1  -1  -2   3   1  -1    1   4   4   0   0   0   0   1   0  14  15   9   9  27   3   4   0   5   3   0  0.35 0.21
   35 I    -2  -2  -3  -2  -2  -2  -2  -3  -2   2   2  -3   2   5  -3  -1  -1  -2   0   1    1   3   1   3   0   1   2   1   0  13  22   1   6  29   1   4   2   0   2   7  0.37 0.18
   36 L     0   1  -1   0  -2   0   1  -1  -1   0   1   1   3   0   0  -1  -1  -2  -1  -1    6   7   1   7   1   1  11   6   1   3  20   9  13   4   4   2   2   0   1   2  0.07 0.07
   37 H    -1   1   1   0  -2   0  -1  -1   4  -2  -2   1  -1  -2   1   0  -1   4  -1  -1    4  10   9   6   1   4   2   5  13   2   4  10   1   1   6   8   2   7   1   5  0.17 0.08
   38 A     2   1  -1  -1  -1   0  -1   0   0   0  -1  -1  -1  -1   1  -1  -1   2   0   1   26   8   1   3   1   3   2   5   3   8   3   2   1   2   6   2   2   3   3  15  0.09 0.08
   39 L    -2  -1   1   4   1  -2  -1  -3   0  -1   2  -2  -1  -2   0  -1  -2  -3  -2  -1    1   3   6  31   3   1   1   1   2   2  32   2   0   1   4   2   1   0   1   4  0.34 0.19
   40 G    -2   4  -2  -1   2   0   0  -1  -2  -3  -2   0  -2  -4   5  -1  -1  -4  -3  -1    2  29   1   2   5   4   7   6   0   1   3   3   0   0  27   2   3   0   0   4  0.58 0.25
   41 Q    -1   4  -1  -1   0   2   1  -1  -2  -2  -2   1  -2  -3   0   0  -1  -3  -3   1    2  30   2   2   2  10   7   4   0   1   1   7   0   0   5   6   3   0   0  16  0.30 0.19
   42 R    -2   5  -1  -1  -4   1   0  -3   1  -3  -2   3   1  -1  -3  -1  -1  -1  -3  -2    2  40   2   3   0   5   3   0   4   0   2  21   4   3   0   4   2   1   0   3  0.58 0.28
   43 R    -1   4   1   0  -4   2   0   2  -2  -3  -3   1  -2  -2  -3  -1  -1  -3   0  -2    2  34   5   4   0   8   6  17   0   0   2   9   0   1   0   3   3   0   3   2  0.41 0.21
   44 C    -4  -2  -6  -6  11  -6  -6  -3  -6  -4  -3  -6  -5  -5  -6  -2  -1  -5   0  -4    0   2   0   0  85   0   0   2   0   0   1   0   0   0   0   3   3   0   4   0  2.91 0.79
   45 C    -4  -6  -6  -6  11  -6  -6  -1  -6  -4  -5  -6  -5  -5   1  -4  -4  -5   0  -2    0   0   0   0  81   0   0   6   0   0   0   0   0   0   7   0   0   0   4   3  2.76 0.76
   46 I    -2   0  -1   1   1   0   1  -1   1  -2  -1   0   1  -2   4   0   1   4   0  -2    0   4   3   7   3   3   9   4   3   1   7   5   6   0  19   6   9   7   3   2  0.25 0.15
   47 S    -1  -1  -2  -1  -3   0   0   0   0   0  -1  -1   0   1   3   0  -1   4   3  -1    2   4   1   3   0   5   5   7   1   5   5   2   2   7  17   7   1   7  15   4  0.24 0.15
   48 P    -2  -1  -1   0  -4   2   1   1  -3  -4  -3  -1  -3  -3   6  -1  -2   0  -3  -3    2   2   3   6   0  12   9  13   0   0   1   3   0   1  39   2   1   2   0   2  0.75 0.29
   49 A     1   0  -1  -3   1  -2   0   0  -3  -1  -2  -2  -1   0  -1  -1  -2   8   1  -2   15   6   2   1   4   0   8   9   0   4   3   1   2   3   3   4   1  28   3   1  0.65 0.26
   50 C    -3   0  -5  -6  11  -5  -6  -5  -6  -4  -4  -5  -4  -5  -6  -2  -4  -5  -5  -1    0   7   0   0  85   0   0   0   0   0   0   0   0   0   0   2   0   0   0   3  2.99 0.78
   51 N    -2   2   0   2  -3  -1  -1  -1   2   0  -1   0   2  -1   2  -1   0   0  -1  -1    0  15   4  15   0   0   2   3   7   8   3   4  10   2  11   2   7   2   1   3  0.18 0.15
   52 D     0   0  -1   2  -3   0   1   1   2  -1  -1  -1   0  -1   1   0  -1  -3   0  -1    5   4   1  13   0   3  10  15   7   4   5   2   3   3   8   7   3   0   3   4  0.11 0.08
   53 S     0  -2   2   1   4  -2  -2   3   3   0  -2  -1  -2  -3  -1   0  -2  -3   0  -2    5   2   9   8  10   0   1  26   9   7   5   2   0   0   3   7   0   0   3   1  0.27 0.17
   54 C    -2  -6  -3  -6  11  -6  -6  -5  -6   0  -4  -6  -4  -5   0   0  -1  -1  -5  -4    2   0   1   0  75   0   0   0   0   6   0   0   0   0   5   8   3   1   0   0  2.49 0.70
   55 Y    -2   1   0   1   0  -1  -1  -1  -1  -2  -2   0  -2   1   3   0   1   5   1   0    0   9   4   7   2   1   3   5   1   0   3   6   0   7  17   5  10   9   5   7  0.26 0.16
   56 C    -3  -6  -1  -6  10  -6  -6  -6  -6  -5  -3  -6  -5  -5   4  -4  -3   3  -5  -4    1   0   3   0  68   0   0   0   0   0   3   0   0   0  19   0   1   5   0   0  2.47 0.70
   57 C    -4  -7  -6  -7  11  -6  -7  -6  -7  -5  -5  -6  -5  -6  -6  -4   1  -6  -6  -4    0   0   0   0  92   0   0   0   0   0   0   0   0   0   0   0   8   0   0   0  3.47 0.83
   58 Q    -1   1   0   2  -4   4   3  -2   0  -3  -3   3  -1  -4  -1   0  -1  -3  -2  -3    0   0   0  10   0  41  24   0   0   0   0  25   0   0   0   0   0   0   0   0  0.51 0.03

                      K         Lambda
Standard Ungapped    0.1392     0.3265
Standard Gapped      0.0435     0.2670
PSI Ungapped         0.1422     0.3165
PSI Gapped           0.0435     0.2670
