
Last position-specific scoring matrix computed, weighted observed percentages rounded down, information per position, and relative weight of gapless real matches to pseudocounts
            A   R   N   D   C   Q   E   G   H   I   L   K   M   F   P   S   T   W   Y   V   A   R   N   D   C   Q   E   G   H   I   L   K   M   F   P   S   T   W   Y   V
    1 M    -2  -2  -3  -4  -2  -1  -3  -4  -3   0   1  -2   9  -1  -4  -2  -2  -2  -2   0    0   0   0   0   0   0   0   0   0   0   0   0 100   0   0   0   0   0   0   0  1.07 0.13
    2 S     1  -1   0  -1  -2  -1  -1  -1  -2  -3  -3  -1  -2  -3  -2   6   1  -4  -3  -2    0   0   0   0   0   0   0   0   0   0   0   0   0   0   0 100   0   0   0   0  0.77 0.10
    3 D    -3  -2   1   7  -4  -1   1  -2  -2  -4  -5  -1  -4  -5  -2  -1  -2  -5  -4  -4    0   0   0 100   0   0   0   0   0   0   0   0   0   0   0   0   0   0   0   0  1.32 0.10
    4 I    -2  -4  -4  -4  -2  -4  -4  -5  -4   6   1  -4   1  -1  -4  -3  -1  -3  -2   2    0   0   0   0   0   0   0   0   0 100   0   0   0   0   0   0   0   0   0   0  0.76 0.09
    5 N    -2  -1   7   1  -4  -1  -1  -1   0  -4  -4  -1  -3  -4  -3   0  -1  -5  -3  -4    0   0 100   0   0   0   0   0   0   0   0   0   0   0   0   0   0   0   0   0  1.18 0.11
    6 A     5  -2  -2  -2  -1  -1  -2  -1  -2  -1  -2  -1  -1  -3  -2   1   1  -3  -2   1   79   0   0   0   0   0   0   0   0   0   0   0   0   0   0   0   8   0   0  13  0.46 0.07
    7 I     0  -2  -1  -2  -1  -1  -2  -2  -2   1  -1  -1  -1  -2  -2   1   5  -3  -2   0    8   0   0   0   0   0   0   0   0  13   0   0   0   0   0   4  75   0   0   0  0.51 0.07
    8 R    -2   7  -1  -2  -4   0  -1  -3  -1  -4  -3   2  -2  -4  -3  -2  -2  -4  -3  -3    0 100   0   0   0   0   0   0   0   0   0   0   0   0   0   0   0   0   0   0  1.16 0.10
    9 A     0  -3  -4  -4  -2  -3  -3  -3  -3   1   4  -3   1   0  -3  -2  -1  -2  -2   1   13   0   0   0   0   0   0   0   0   0  82   0   0   0   0   0   0   0   0   5  0.48 0.06
   10 P    -2  -3  -3  -2  -4  -2  -2  -3  -3  -4  -4  -2  -3  -5   8  -2  -2  -5  -4  -3    0   0   0   0   0   0   0   0   0   0   0   0   0   0 100   0   0   0   0   0  2.34 0.11
   11 I     1  -3  -3  -3  -2  -3  -3  -1  -3   4   1  -3   0   2  -3  -2  -1  -2  -1   2   18   0   0   0   0   0   0   6   0  48   7   0   0  13   0   0   0   0   0   7  0.23 0.04
   12 L    -2  -3  -4  -4  -2  -3  -4  -4  -2   1   1  -3   0   3  -4  -3  -2   9   3   1    0   0   0   0   0   0   0   0   0  15  13   0   0  14   0   0   0  41   8   9  0.99 0.07
   13 M    -1  -2  -2  -3  -2   0  -2   2  -2   1   1  -2   1   1  -3  -2  -1   6   0   0    1   0   0   0   0   8   0  24   0   8  25   0   6   5   0   1   0  13   0   6  0.24 0.03
   14 L     1  -3  -3  -3  -2  -2  -3  -2  -3   3   1  -2   0   2   1  -1  -1  -2   0   2   25   0   0   0   0   0   0   0   0  31  13   0   0  16   6   0   0   0   0   9  0.20 0.03
   15 A     1  -2  -1   0  -2  -1   0   2  -2   0   0  -1  -1  -2   3   0   1  -3  -2  -1   11   0   0   4   0   0   5  23   0  14   8   0   0   0  18   7   9   0   0   0  0.25 0.02
   16 I    -1  -3  -2   0   7  -3  -3  -1  -2   2   0  -3  -1  -1  -3  -1  -1  -2   2   0    0   0   0   8  38   0   0   4   0  18  10   0   0   0   0   5   0   0  12   5  0.39 0.05
   17 L    -1  -2   1   0  -2  -1  -1  -2  -1   0   1  -1   0   3   2   0  -1  -1   0   0    1   1  10   7   0   1   1   1   0   6  19   1   0  22  10   9   1   0   1   6  0.10 0.02
   18 P    -2  -3  -3  -2  -4  -2  -2  -3  -3  -4  -4  -2  -3  -5   8  -2  -2  -5  -4  -3    0   0   0   0   0   0   0   0   0   0   0   0   0   0 100   0   0   0   0   0  2.34 0.11
   19 C    -1  -5  -4  -5  11  -4  -5  -4  -4  -2  -2  -4  -2  -3  -4  -2  -2  -3  -3  -2    0   0   0   0 100   0   0   0   0   0   0   0   0   0   0   0   0   0   0   0  2.00 0.13
   20 V     0  -3  -4  -4  -1  -3  -3  -4  -4   3   1  -3   0  -1  -3  -2  -1  -3  -2   5    5   0   0   0   0   0   0   0   0  22   0   0   0   0   0   0   0   0   0  73  0.50 0.06
   21 G     0  -3   1  -2  -3  -2  -2   6  -2  -4  -4  -2  -3  -4  -3   1  -2  -3  -4  -4    0   0   6   0   0   0   0  85   0   0   0   0   0   0   0  10   0   0   0   0  1.04 0.07
   22 D    -3  -2   1   7  -4  -1   1  -2  -2  -4  -5  -1  -4  -5  -2  -1  -2  -5  -4  -4    0   0   0 100   0   0   0   0   0   0   0   0   0   0   0   0   0   0   0   0  1.32 0.10
   23 D    -2  -2   2   7  -4  -1   2  -2  -2  -4  -4  -1  -4  -4  -2  -1  -2  -5  -4  -4    0   0   6  90   0   0   4   0   0   0   0   0   0   0   0   0   0   0   0   0  1.13 0.08
   24 I     0  -3  -4  -4   2  -3  -3  -4  -4   4   1  -3   0  -1  -3  -2  -1  -3  -2   4    5   0   0   0   5   0   0   0   0  35   0   0   0   0   0   0   0   0   0  54  0.43 0.05
   25 E     0  -1   4   1  -2   0   2  -1  -1  -1  -2  -1  -2  -3  -2   1   2  -4  -2  -1    9   0  30   6   0   0  20   0   0   5   0   0   0   0   0   6  19   0   0   5  0.27 0.03
   26 V     2   0  -2  -2  -1  -1  -2  -2   1   0   0  -1   2  -2   1   0   1  -3  -1   1   27   5   0   0   0   0   0   0   7   0   6   0  16   0   7   4  12   0   0  15  0.13 0.03
   27 L    -2  -3  -4  -4  -2  -3  -3  -4  -3   2   4  -3   2   0  -3  -3  -1  -2  -2   2    0   0   0   0   0   0   0   0   0   0  77   0   0   0   0   0   0   0   0  23  0.49 0.05
   28 R    -2   6   0  -2  -4   1   0  -3   0  -3  -2   2  -2  -3  -2  -1  -1  -3  -2  -3    0 100   0   0   0   0   0   0   0   0   0   0   0   0   0   0   0   0   0   0  0.74 0.00

                      K         Lambda
Standard Ungapped    0.1479     0.3310
Standard Gapped      0.0461     0.2670
PSI Ungapped         0.1506     0.3167
PSI Gapped           0.0461     0.2670
