
Last position-specific scoring matrix computed, weighted observed percentages rounded down, information per position, and relative weight of gapless real matches to pseudocounts
            A   R   N   D   C   Q   E   G   H   I   L   K   M   F   P   S   T   W   Y   V   A   R   N   D   C   Q   E   G   H   I   L   K   M   F   P   S   T   W   Y   V
    1 P    -1  -2  -2  -2  -3  -2  -1  -3  -3  -3  -3  -1  -3  -4   8  -1  -1  -4  -3  -3    0   0   0   0   0   0   0   0   0   0   0   0   0   0 100   0   0   0   0   0  2.16 0.06
    2 I    -2  -3  -4  -4  -2  -3  -4  -4  -3   2   4  -3   1   0  -3  -3  -2  -2  -2   1    0   0   0   0   0   0   0   0   0  13  87   0   0   0   0   0   0   0   0   0  0.65 0.09
    3 T     0   1   0  -1  -2  -1  -1   0  -2  -1  -2   0  -2  -3  -2   4   3  -3  -2  -2    0  13   0   0   0   0   0   7   0   3   0   0   0   0   0  52  25   0   0   0  0.40 0.09
    4 Y    -3  -3  -3  -4  -3  -2  -3  -4   1  -2  -2  -3  -2   2  -4  -3  -3   1   8  -2    0   0   0   0   0   0   0   0   0   0   0   0   0   0   0   0   0   0 100   0  1.61 0.19
    5 L    -1   3  -1  -1  -3   1   2   0  -1  -2   0   1  -1  -3   1   0  -1  -3  -2  -2    0  33   0   0   0   6  26   8   0   0  12   4   0   0   5   7   0   0   0   0  0.30 0.06
    6 D    -2  -1  -1   3  -4   3   5  -3  -1  -4  -4   0  -3  -4  -2  -1  -2  -4  -3  -3    0   0   0  16   0  12  72   0   0   0   0   0   0   0   0   0   0   0   0   0  0.87 0.11
    7 A     5  -2  -2  -3  -1  -2  -2  -1  -2   0  -2  -2  -1  -3  -2   0  -1  -3  -2   0   87   0   0   0   0   0   0   0   0   6   0   0   0   0   0   0   0   0   0   6  0.58 0.11
    8 I    -1  -3  -4  -4  -1  -3  -3  -4  -4   3   2  -3   1  -1  -3  -2  -1  -3  -2   4    0   0   0   0   0   0   0   0   0  12  20   0   0   0   0   0   0   0   0  68  0.52 0.09
    9 L     0  -2  -2   2  -2  -1   0  -3  -2   1   3  -2   1  -1  -3  -1  -1  -3  -2   0   13   0   0  19   0   0   8   0   0   5  55   0   0   0   0   0   0   0   0   0  0.24 0.06
   10 A     0   4  -1  -2  -3   3   0  -2   1  -2   1   1  -1  -2  -2  -1  -1  -3  -2  -2   12  45   0   0   0  19   0   0   4   0  20   0   0   0   0   0   0   0   0   0  0.37 0.08
   11 A     5  -2  -2  -3  -1  -2  -2  -1  -2  -2  -2  -1  -2  -3  -2   0  -1  -3  -3  -1  100   0   0   0   0   0   0   0   0   0   0   0   0   0   0   0   0   0   0   0  0.78 0.14
   12 V    -1  -3  -4  -4  -1  -3  -3  -4  -4   3   1  -3   0  -1  -3  -2  -1  -3  -2   5    0   0   0   0   0   0   0   0   0  12  10   0   0   0   0   0   0   0   0  78  0.58 0.10
   13 R    -1   1   0   5  -3   1   1   0  -1  -3  -4   0  -3  -4  -2   2  -1  -4  -3  -3    0  12   0  51   0   6   6   4   0   0   0   0   0   0   0  20   0   0   0   0  0.56 0.08
   14 L     0   0  -1   0  -2   2  -1   1  -1   0   0  -1   0   0  -2   1   0  -2  -1   0    9   7   0   4   0  18   0  10   0   9  12   0   0   6   0  12   4   0   0   7  0.06 0.03
   15 L    -2  -3  -3  -4  -2  -3  -3  -4   0   1   2  -3   0   3  -4  -3  -2   0   6   0    0   0   0   0   0   0   0   0   0   8  34   0   0  13   0   0   0   0  45   0  0.61 0.09
   16 N    -2  -1   7   0  -4  -1  -1  -1   0  -4  -4  -1  -3  -4  -3   0  -1  -5  -3  -4    0   0 100   0   0   0   0   0   0   0   0   0   0   0   0   0   0   0   0   0  1.31 0.17
   17 Q    -1   0  -1   0  -3   5   3   0  -1  -4  -3   0  -2  -4  -2   1  -1  -3  -2  -3    0   0   0   0   0  48  32   8   0   0   0   0   0   0   0  13   0   0   0   0  0.62 0.10
   18 R    -1   4  -1  -2  -4   2   0   1  -1  -3  -2   3  -2  -3  -2  -1  -1  -3  -2  -3    0  38   0   0   0  15   0  13   0   0   2  33   0   0   0   0   0   0   0   0  0.53 0.08
   19 I     1   0  -1  -1  -2   1  -1  -1  -2   0  -2  -1  -1  -3   2   4   0  -3  -2  -1    8   6   0   0   0   6   0   0   0  12   0   0   0   0  12  56   0   0   0   0  0.35 0.08
   20 S     0  -1   0  -1  -2   2   1   2  -1  -3  -1  -1  -2  -3  -2   3   0  -3  -2  -2    0   0   0   0   0  13  12  20   0   0   6   0   0   0   0  49   0   0   0   0  0.36 0.08
   21 G    -1  -1  -1   2  -3   0   4   2  -1  -2  -3  -1  -2  -3  -2  -1  -1  -3  -3   0    0   0   0  14   0   0  49  25   0   0   0   0   0   0   0   0   0   0   0  12  0.47 0.08
   22 P     2   0  -1   1  -2   2   1  -1  -1  -2  -2   0  -2  -3   3   0   0  -3  -2  -1   38   6   0   9   0  19   7   0   0   0   0   0   0   0  15   0   4   0   0   2  0.33 0.06
   23 C    -1  -2   5   0   4  -1  -1  -1  -1  -3  -3  -1  -3  -4   2   2   0  -4  -3  -3    0   0  55   0  12   0   0   0   0   0   0   0   0   0  13  20   0   0   0   0  0.65 0.10
   24 I     0  -3  -4  -4  -2  -3  -3  -3  -3   2   4  -3   1   0  -3  -2  -1  -2  -2   1   12   0   0   0   0   0   0   0   0  15  73   0   0   0   0   0   0   0   0   0  0.48 0.08
   25 L    -3  -3  -3  -4  -3  -3  -3  -4   0  -1   1  -3  -1   5  -4  -3  -2   1   7  -1    0   0   0   0   0   0   0   0   0   0  12   0   0  28   0   0   0   0  60   0  0.96 0.12
   26 R    -2   7  -1  -2  -4   0  -1  -3  -1  -4  -3   1  -2  -4  -3  -2  -2  -4  -3  -3    0 100   0   0   0   0   0   0   0   0   0   0   0   0   0   0   0   0   0   0  1.28 0.16
   27 L    -2  -3  -4  -4  -2  -3  -4  -4  -4   1   5  -3   1   0  -4  -3  -2  -2  -2   0    0   0   0   0   0   0   0   0   0   4  96   0   0   0   0   0   0   0   0   0  0.75 0.11
   28 R    -2   1  -3  -4  -2  -2  -3  -4  -3   1   5  -2   1   0  -3  -3  -2  -2  -2   0    0  12   0   0   0   0   0   0   0   0  88   0   0   0   0   0   0   0   0   0  0.59 0.10
   29 E    -1  -1   1   2  -3   1   5  -2  -1  -4  -4   0  -3  -4  -2   2  -1  -4  -3  -3    0   0   4  10   0   0  65   0   0   0   0   0   0   0   0  22   0   0   0   0  0.68 0.10
   30 A     4  -2  -3  -3  -1  -2  -2  -1  -3   0   2  -2   1  -1  -2   0  -1  -3  -2   0   57   0   0   0   0   0   0   0   0   0  39   0   3   0   0   0   0   0   0   0  0.36 0.09
   31 Q    -2  -2   0   5  -3   2   0  -2  -2  -1  -2  -1  -2  -3  -2  -1   1  -4  -3   1    0   0   0  55   0  12   0   0   0   0   0   0   0   0   0   0  13   0   0  20  0.51 0.09
   32 P    -2  -3  -3  -2  -4   1  -2  -3  -3  -4  -4  -2  -3  -4   8  -1  -2  -4  -4  -3    0   0   0   0   0   7   0   0   0   0   0   0   0   0  89   3   0   0   0   0  2.04 0.16
   33 R     0   2  -1  -1  -3   2   2  -2  -1  -3  -3   0  -2  -4   6   0  -1  -4  -3  -3    5  19   0   0   0  11  16   0   0   0   0   0   0   0  44   4   2   0   0   0  0.83 0.08
   34 P    -1  -3  -3  -2  -3  -1  -2  -3  -3  -3  -1  -2  -2  -4   7   0  -2  -4  -3  -3    0   0   0   0   0   3   0   0   0   0   7   0   0   0  84   6   0   0   0   0  1.80 0.14
   35 G     0   0   0  -1  -3   1   1   2  -1  -3  -2   2  -2  -3  -2   1   1  -3  -2  -2    0   0   4   0   0   6  12  24   0   0   3  28   0   0   0  13  10   0   0   0  0.28 0.05
   36 W    -1  -2  -2   2  -3   1   0  -1  -2  -2   0  -2   1  -1   2  -2  -2   8   0  -2    5   0   0  16   0  10   3   4   0   0   9   0   8   0  12   0   0  33   0   0  0.67 0.09
   37 V    -1  -2   3   5  -3  -1   0   0  -1  -2  -3  -1  -2  -3  -2  -1  -1  -4  -3   0    2   0  21  55   0   0   2   5   0   0   0   0   0   0   0   0   0   0   0  15  0.59 0.09
   38 G     0  -1  -1   0  -2   0   2   2  -2  -1  -1  -1  -1  -2   3  -1  -1  -3  -2   0    8   1   1   3   0   1  24  23   0   1   3   1   0   0  18   1   1   0   0  15  0.28 0.04
   39 T    -1  -1   1   4  -2   1   1  -2   0  -1   0   0  -1  -2  -1   0   1  -3  -2  -1    1   1   4  38   0   7   3   1   2   1  18   4   0   0   1   5  13   0   0   1  0.25 0.04
   40 L    -1  -1  -1  -2  -2  -1  -1  -2  -2  -1   1  -1  -1  -2   5   2  -1  -3  -2  -2    0   2   2   0   0   2   0   0   0   0  26   0   0   0  40  27   0   0   0   0  0.64 0.08
   41 Q     0  -1   1   2  -3   2   2   2  -1  -3  -3   1  -2  -3  -2   1  -1  -3  -1  -3    6   0   3  16   0  12  20  17   0   0   0   6   0   0   0  14   0   0   3   0  0.31 0.04
   42 R     1   1   0  -1  -2  -1  -1   0  -2  -1  -2   0  -1  -3  -2   2   3  -3  -2  -1    6  12   2   0   0   0   0   8   0   3   0   0   0   0   0  28  40   0   0   0  0.33 0.07
   43 R    -1   3   2  -1  -3  -1  -1  -2  -1  -2   0   0  -1  -3   4   0  -1  -4  -3  -2    0  31  19   0   0   0   0   0   0   0  12   0   0   0  30   8   0   0   0   0  0.56 0.08
   44 R    -1   3  -1  -1  -3   3   0  -2   2   0  -2   4  -1  -3  -2  -1  -1  -3  -2  -2    0  18   0   0   0  24   0   0   7  13   0  39   0   0   0   0   0   0   0   0  0.42 0.08
   45 E     0  -1   1  -1  -3   1   3  -2  -1  -3  -3  -1  -3  -4   6   0  -1  -4  -3  -3    5   2   7   0   0   8  25   0   0   0   0   0   0   0  49   4   0   0   0   0  0.96 0.09
   46 V    -1  -3  -4  -4  -2  -3  -3  -4  -4   2   3  -3   1  -1  -3  -2   0  -3  -2   4    0   0   0   0   0   0   0   0   0   0  45   0   0   0   0   0   2   0   0  53  0.48 0.09
   47 S     0   0   4   0  -2   1  -1  -1  -1  -3  -3   0  -2  -3  -2   4   0  -4  -2  -3    0   4  39   0   0   6   0   0   0   0   0   0   0   0   0  51   0   0   0   0  0.58 0.10
   48 F    -3  -4  -4  -4  -3  -4  -4  -4  -2  -1   0  -4  -1   7  -5  -3  -3   0   2  -2    0   0   0   0   0   0   0   0   0   0   4   0   0  96   0   0   0   0   0   0  1.30 0.16
   49 L    -1   3  -1  -2  -2  -1  -1  -3  -2  -1   0   0  -1  -2  -2   0   4  -3  -2  -1    0  29   0   0   0   0   0   0   0   0  12   0   0   0   0   3  56   0   0   0  0.44 0.10
   50 V    -1  -3  -4  -4  -2  -3  -3  -4  -4   4   1  -3   1  -1  -3  -2  -1  -3  -2   4    0   0   0   0   0   0   0   0   0  34   4   0   3   0   0   0   0   0   0  58  0.54 0.09
   51 E    -1   1  -1  -1  -4   1   2  -2  -1  -3  -2   5   2  -3  -2  -1  -1  -3  -2  -2    0   0   0   0   0   0  12   0   0   0   0  76  12   0   0   0   0   0   0   0  0.64 0.12
   52 D    -2  -1  -1   3  -4   1   6  -3  -1  -4  -4   0  -3  -4  -2  -1  -2  -4  -3  -3    0   0   0  12   0   0  88   0   0   0   0   0   0   0   0   0   0   0   0   0  1.03 0.14
   53 G    -1  -2  -1  -2  -2  -2  -2   1  -3  -2  -2  -2  -2  -3  -2   1   6  -3  -3  -1    0   0   0   0   0   0   0  12   0   0   0   0   0   0   0   0  88   0   0   0  0.76 0.14
   54 P     0   0  -2  -1  -2  -1   1  -3  -3   1  -1  -1  -1  -2   2  -1  -1  -3  -2   4    4   7   0   2   0   0  15   0   0   0   0   0   0   0  12   0   0   0   0  60  0.30 0.08
   55 C    -1  -5  -4  -5  10  -4  -5  -4  -4  -2  -2  -4  -2  -3  -4  -2  -2  -3  -4  -2    0   0   0   0 100   0   0   0   0   0   0   0   0   0   0   0   0   0   0   0  2.19 0.20
   56 P    -1  -2  -2  -2  -3   2  -1  -1  -2   0   0  -1  -1  -3   6  -1   1  -3  -3  -1    0   0   0   0   0  18   0   4   0   6  10   0   0   0  51   0  12   0   0   0  0.87 0.09
   57 P     0   2  -2  -2  -3   2  -1  -3  -2  -1  -2   0   0  -3   6  -1  -1  -3  -3   0    7  15   0   0   0  13   0   0   0   0   0   4   3   0  45   0   0   0   0  14  0.74 0.08
   58 G     1   0  -2  -2  -2  -1  -1   1  -2  -3  -1  -1  -2  -3   6   0  -1  -4  -3  -2   19   7   0   0   0   0   4  12   0   0   6   0   0   0  47   5   0   0   0   0  0.79 0.08
   59 V     0  -1  -1   0  -3   1   5   0  -1  -2  -3   1  -2  -3  -2   0  -1  -3  -2   0    5   0   0   0   0   2  61   6   0   0   0   6   0   0   0   7   0   0   0  12  0.46 0.08
   60 D    -1  -1   1   4  -3   3   3  -2  -1  -3  -2   0  -2  -3  -2   0  -1  -3  -3  -3    0   0   6  30   0  26  27   0   0   0   5   0   0   0   0   7   0   0   0   0  0.52 0.07
   61 C    -1  -5  -4  -5  10  -4  -5  -4  -4  -2  -2  -4  -2  -3  -4  -2  -2  -3  -4  -2    0   0   0   0 100   0   0   0   0   0   0   0   0   0   0   0   0   0   0   0  2.19 0.20
   62 R     0   1   0   5  -4  -1   1   0  -2  -4  -4  -1  -3  -4  -2  -1  -1  -4  -3  -3   10  12   0  63   0   0   7   8   0   0   0   0   0   0   0   0   0   0   0   0  0.68 0.09
   63 S    -2  -3  -3  -4  -3  -3  -3  -3  -2  -1  -1  -3  -1   7  -4   0  -2   0   2  -2    0   0   0   0   0   0   0   0   0   0   0   0   0  88   0  12   0   0   0   0  1.05 0.14
   64 C    -1   2  -1  -2   4   3   0  -2  -1  -3  -1   4  -1  -3  -2  -1  -1  -3  -2  -2    0   6   0   0  12  20   0   0   0   0   6  55   0   0   0   0   0   0   0   0  0.49 0.09
   65 E    -2  -1  -1   1  -4   1   6  -3  -1  -4  -4   1  -3  -4  -2  -1  -2  -4  -3  -3    0   0   0   4   0   0  90   0   0   0   0   6   0   0   0   0   0   0   0   0  1.02 0.14
   66 P    -1  -2   4   4  -3   0   0   0  -1  -4  -4  -1  -3  -4   2   0  -1  -4  -3  -3    3   0  29  43   0   4   0   6   0   0   0   2   0   0  12   0   0   0   0   0  0.63 0.08
   67 G    -1  -3  -1  -2  -3  -3  -3   6  -3  -5  -4  -2  -4  -4  -3  -1  -2  -3  -4  -4    0   0   0   0   0   0   0 100   0   0   0   0   0   0   0   0   0   0   0   0  1.43 0.14
   68 A     1   0  -2  -2  -2  -1   1  -2  -2   1   2  -1   0  -1  -2  -1  -1  -3  -2   2   22   7   0   0   0   0  13   0   0   0  38   0   0   0   0   0   0   0   0  20  0.16 0.05
   69 L    -1  -3  -3  -3  -2  -2   0  -4  -3   2   2  -2   0  -1  -3  -2  -1  -3  -2   4    0   0   0   0   0   0  13   0   0   8  19   0   0   0   0   0   0   0   0  61  0.36 0.08
   70 Q    -1   3  -1  -2  -3   2   0  -2  -1  -2   0   4   2  -3  -2  -1  -1  -3  -2  -2    0  18   0   0   0  12   0   0   0   0   8  49  13   0   0   0   0   0   0   0  0.43 0.08
   71 H    -1   2   1   2  -3   3   2   1   3  -1  -3   0  -2  -3  -2  -1  -1   0  -1  -2    0  14   6  12   0  23  12  13  12   6   0   0   0   0   0   0   0   2   0   0  0.28 0.05
   72 C    -1  -5  -4  -5  10  -4  -5  -4  -4  -2  -2  -4  -2  -3  -4  -2  -2  -3  -4  -2    0   0   0   0 100   0   0   0   0   0   0   0   0   0   0   0   0   0   0   0  2.19 0.20
   73 V     0   0  -2  -2  -1  -1  -1  -3  -3   1   0  -1   1  -2  -2   0   3  -3  -2   3    7   6   0   0   0   0   2   0   0   0   0   0   4   0   0   5  27   0   0  49  0.25 0.07
   74 G     0  -3  -1  -2  -3  -2  -3   6  -3  -4  -4  -2  -3  -4  -3  -1  -2  -3  -4  -4    7   0   0   0   0   0   0  93   0   0   0   0   0   0   0   0   0   0   0   0  1.27 0.13
   75 T     0  -1  -1  -2  -2  -1  -1  -2  -1  -2  -2   0  -2  -1   2   0   4  -1   3  -1    4   0   0   0   0   0   0   0   0   0   0   8   0   0  13   0  54   0  21   0  0.46 0.10
   76 V    -1  -3  -3  -4  -2  -3  -3  -4  -2   2   0  -3   0   2  -3  -2  -1  -1   3   4    0   0   0   0   0   0   0   0   0   3   0   0   0  12   0   0   0   0  17  68  0.49 0.10
   77 S    -1  -2  -1  -2  -2  -2  -2  -2  -2   0  -1  -2  -1   4  -2   2   3  -2   0   0    0   0   0   0   0   0   0   0   0   2   0   0   0  29   0  20  41   0   0   7  0.35 0.08
   78 I    -2   1  -3  -4  -2  -2  -3  -4  -2   2   3  -2   1   3  -3  -3  -2  -1   1   1    0  12   0   0   0   0   0   0   0  12  47   0   0  21   0   0   0   0   2   6  0.33 0.06
   79 E    -2   1   2   3  -4   2   3  -2  -1  -3  -2   0  -2  -3  -2  -1  -1   1   0  -3    0   8  16  22   0   7  33   0   0   0   6   2   0   0   0   0   0   2   3   0  0.40 0.06
   80 Q     0   0  -1  -1  -2   5   1   0  -1  -2  -3   0  -1  -3  -1   2   1  -3  -2  -2    6   0   0   0   0  51   2   7   0   2   0   0   0   0   2  22   8   0   0   0  0.44 0.09
   81 Q     0   3   1   0  -3   2   0   0  -1  -3  -3   1  -2  -3   4   1  -1  -3  -2  -3    7  22   9   6   0  12   0   4   0   0   0   6   0   0  21  13   0   0   0   0  0.40 0.05
   82 P     0  -2   0   3  -3  -1  -1   1   0  -3  -3  -1  -3  -4   5   0   0  -4  -3  -3    7   0   2  27   0   0   0  12   2   0   0   0   0   0  39   2   8   0   0   0  0.74 0.08
   83 T     0  -1   1   0  -2   1   1  -2  -1   0  -1   0  -1  -2  -1   2   1  -3  -2   2    0   0   9   5   0   6   8   0   0   0   0   2   0   0   2  28  12   0   0  28  0.17 0.05
   84 A     0  -3  -3  -4  -2  -3  -3  -3  -2   1   2  -3   0   5  -3  -2  -2  -1   1   1   12   0   0   0   0   0   0   0   0   8  29   0   0  40   0   0   0   0   0  11  0.38 0.07
   85 E    -2  -2   2   5  -3  -1   2  -2  -2  -1  -2  -1  -2  -3  -2  -1   0  -4  -3   1    0   0   8  51   0   0  12   0   0   0   0   0   0   0   0   0   8   0   0  21  0.49 0.08
   86 L    -2  -3  -4  -4  -2  -3  -3  -4  -4   3   4  -3   1   0  -3  -3  -1  -3  -2   2    0   0   0   0   0   0   0   0   0  36  54   0   0   0   0   0   0   0   0   9  0.52 0.08
   87 R    -1   3   2  -1  -2  -1  -1  -2  -1  -2  -2   0  -2  -3  -2   2   4  -3  -2  -1    0  21  11   0   0   0   0   0   0   0   0   0   0   0   0  20  47   0   0   0  0.44 0.09
   88 C    -1  -5  -4  -5  10  -4  -5  -4  -4  -2  -2  -4  -2  -3  -4  -2  -2  -3  -4  -2    0   0   0   0 100   0   0   0   0   0   0   0   0   0   0   0   0   0   0   0  2.19 0.21
   89 R    -1   3   4   0  -3   0   1  -2   0  -2  -2   2  -2  -3  -2   0  -1  -4  -2  -1    4  24  41   0   0   0   8   0   0   0   0  12   0   0   0   0   0   0   0  10  0.37 0.05
   90 P    -1   0   1   2  -3   1   3  -2  -1  -3  -3   0  -3  -4   5   0  -1  -4  -3  -3    0   5   6  10   0   3  34   0   0   0   0   0   0   0  37   5   0   0   0   0  0.77 0.06
   91 L     0  -2  -3  -3  -1  -2  -3  -3   0   2   3  -2   1   0   0  -2  -1  -2  -1   2    6   0   0   0   0   0   0   0   4  11  50   0   0   0   4   0   0   0   0  24  0.27 0.03
   92 R    -1   3   0  -1  -3   5   1  -2   0  -3  -2   1  -1  -3  -2  -1  -1  -2  -2  -3    0  25   0   0   0  75   0   0   0   0   0   0   0   0   0   0   0   0   0   0  0.69 0.04
   93 P    -1  -2  -2  -2  -3  -1  -1  -2  -2  -3  -3  -1  -3  -4   8  -1  -1  -4  -3  -2    0   0   0   0   0   0   0   0   0   0   0   0   0   0 100   0   0   0   0   0  2.03 0.00
   94 Q    -1   1   0   0  -3   6   2  -2   0  -3  -2   1   0  -3  -1   0  -1  -2  -1  -2    0   0   0   0   0 100   0   0   0   0   0   0   0   0   0   0   0   0   0   0  0.64 0.00

                      K         Lambda
Standard Ungapped    0.1416     0.3240
Standard Gapped      0.0418     0.2670
PSI Ungapped         0.1366     0.3194
PSI Gapped           0.0418     0.2670
