
Last position-specific scoring matrix computed, weighted observed percentages rounded down, information per position, and relative weight of gapless real matches to pseudocounts
           A  R  N  D  C  Q  E  G  H  I  L  K  M  F  P  S  T  W  Y  V   A   R   N   D   C   Q   E   G   H   I   L   K   M   F   P   S   T   W   Y   V
    1 M   -2 -2 -3 -4 -2 -1 -3 -4 -3  2  2 -2  8 -1 -3 -2 -1 -2 -2  0    0   0   0   0   0   0   0   0   0   8   4   0  88   0   0   0   0   0   0   0  0.81 0.12
    2 S   -2 -1  7  2 -3 -1 -1 -1  0 -4 -4 -1 -3 -4 -3  1  0 -5 -3 -3    0   0  83   7   0   0   0   0   0   0   0   0   0   0   0   7   4   0   0   0  0.91 0.10
    3 I   -2 -3 -3 -4 -2 -3 -3 -4 -3  3  3 -3  1  1 -3 -2 -1  5 -1  1    0   0   0   0   0   0   0   0   0  24  54   0   0   4   0   5   3  10   0   0  0.41 0.05
    4 E   -2 -1 -1  2 -5  2  6 -3 -1 -4 -4  0 -3 -4 -2 -1 -2 -4 -3 -3    0   0   0   7   0   6  87   0   0   0   0   0   0   0   0   0   0   0   0   0  0.94 0.10
    5 V   -1 -3 -4 -4 -1 -3 -3 -4 -4  3  2 -3  1 -1 -3 -3 -1 -3 -2  4    0   0   0   0   0   0   0   0   0  23  26   0   0   0   0   0   0   0   0  50  0.44 0.06
    6 I   -2 -3 -4 -4 -2 -3 -4 -4 -4  5  2 -3  1 -1 -3 -3 -1 -3 -2  3    0   0   0   0   0   0   0   0   0  68  15   0   0   0   0   0   0   0   0  17  0.53 0.07
    7 A    3 -2 -2 -2 -1 -2 -2  1 -2  0  0 -2 -1  1 -2  1  0 -2 -1  1   43   0   0   0   0   0   0  10   0   4   4   0   0  11   0   7   6   0   0  16  0.17 0.04
    8 Q   -2  0 -1 -1 -4  7  1 -3  0 -4 -3  1 -1 -4 -2 -1 -2 -3 -2 -3    0   0   0   0   0 100   0   0   0   0   0   0   0   0   0   0   0   0   0   0  1.15 0.14
    9 L   -2 -3 -4 -4 -2 -3 -4 -4 -4  1  5 -3  2  0  0 -3 -2 -2 -2  0    0   0   0   0   0   0   0   0   0   0  96   0   0   0   4   0   0   0   0   0  0.65 0.09
   10 A    0 -2 -1 -2 -2 -2 -2  2 -3  1 -1 -2 -1 -2 -2  0  4 -3 -2  1    5   0   0   0   0   0   0  19   0  13   3   0   0   0   0   0  54   0   0   7  0.31 0.06
   11 S    2 -2 -1 -2 -1 -1 -1 -1 -2  0 -1 -1  2 -1 -2  3  1 -3 -2  2   15   0   0   0   0   0   0   0   0   0   0   0   9   3   0  43   4   0   0  26  0.22 0.05
   12 L   -2 -3 -4 -4 -2 -3 -4 -4 -4  3  4 -3  2  0 -3 -3 -1 -2 -2  2    0   0   0   0   0   0   0   0   0  16  71   0   0   0   0   0   0   0   0  13  0.51 0.06
   13 A    3 -2 -1 -2 -1 -1 -2  0 -2  0  0 -1 -1 -2 -2  1  2 -3 -2  0   47   0   0   0   0   0   0   4   0   6   9   0   0   0   0   6  25   0   0   3  0.25 0.05
   14 L   -2 -3 -4 -4 -2 -2 -3 -4 -3  2  4 -3  3  1 -3 -2 -1 -2 -1  1    0   0   0   0   0   0   0   0   0   3  69   0  12   7   0   3   0   0   0   7  0.45 0.06
   15 I   -1 -3 -3 -4 -2 -3 -3 -4 -4  5  1 -3  1 -1 -3 -2  1 -3 -2  3    3   0   0   0   0   0   0   0   0  71   0   0   3   0   0   0  10   0   0  13  0.45 0.07
   16 I    0 -3 -3 -3 -1 -2 -3 -1 -3  2  1 -2  0 -1 -3 -1  1 -3 -2  4    3   0   0   0   0   0   0   6   0   9  13   0   0   0   0   3  14   0   0  53  0.26 0.05
   17 V    1 -3 -3 -3 -1 -2 -3  0 -3  2  2 -2  1  1 -3 -1 -1 -2 -1  2   22   0   0   0   0   0   0   6   0  23  26   0   0   7   0   0   0   0   0  16  0.18 0.03
   18 L    3 -2 -1 -2 -1 -1 -1 -1 -2 -1  0 -1 -1 -2 -1  3  1 -3 -2  0   43   0   0   0   0   0   0   0   0   0   9   0   0   0   0  34   7   0   0   6  0.30 0.05
   19 G    0 -3 -1 -2 -3 -3 -3  7 -3 -5 -5 -2 -4 -4 -3 -1 -2 -3 -4 -4    0   0   0   0   0   0   0 100   0   0   0   0   0   0   0   0   0   0   0   0  1.36 0.10
   20 P   -2 -3 -3 -2 -4 -2 -2 -3 -3 -4 -4 -2 -4 -5  8 -2 -2 -5 -4 -3    0   0   0   0   0   0   0   0   0   0   0   0   0   0 100   0   0   0   0   0  2.36 0.14
   21 L    0 -3 -4 -4 -2 -2 -3 -4 -3  2  4 -3  2  0 -3 -2 -1 -2 -2  2    9   0   0   0   0   0   0   0   0  14  59   0   6   0   0   0   0   0   0  13  0.38 0.05
   22 V   -1 -3 -4 -4 -2 -3 -3 -4 -4  4  1 -3  0 -1 -3 -3 -1 -4 -2  5    0   0   0   0   0   0   0   0   0  31   0   0   0   0   0   0   0   0   0  69  0.56 0.08
   23 I   -2 -4 -4 -4 -2 -3 -4 -4 -4  5  1 -3  1 -1 -3 -3 -1 -3 -2  3    0   0   0   0   0   0   0   0   0  74   0   0   0   0   0   0   0   0   0  26  0.60 0.08
   24 G    2 -3 -2 -3 -2 -2 -3  1 -3  1  0 -2  0  3 -2 -1 -1 -2  0  2   27   0   0   0   0   0   0  15   0   9   4   0   0  20   0   0   0   0   0  24  0.17 0.04
   25 L   -1 -3 -4 -4 -2 -3 -3 -4 -3  2  4 -3  1  1 -3 -1 -1 -2 -1  1    4   0   0   0   0   0   0   0   0   4  73   0   0   6   0   4   0   0   0   9  0.41 0.06
   26 L   -2 -3 -4 -4 -2 -3 -3 -4 -3  2  5 -3  2  0 -3 -2 -1 -2 -2  1    0   0   0   0   0   0   0   0   0  11  84   0   0   0   0   5   0   0   0   0  0.55 0.07
   27 A    4 -2 -2 -2 -1 -2 -2 -1 -2 -2 -2 -1 -1  3 -2  2  0 -2  0 -1   61   0   0   0   0   0   0   0   0   0   0   0   0  21   0  18   0   0   0   0  0.37 0.07
   28 A    2 -2 -2 -3 -1 -2 -2 -2 -3  2  1 -2  0  1 -2  1  0 -2 -1  2   23   0   0   0   0   0   0   0   0  18  17   0   0  10   0  13   0   0   0  18  0.15 0.03
   29 R   -2  6  1 -2 -4  1  0 -3 -1 -4 -3  3 -2 -4 -3 -1 -2 -4 -2 -3    0  80   6   0   0   4   0   0   0   0   0  10   0   0   0   0   0   0   0   0  0.88 0.09
   30 K   -1  3  2 -1 -4  3  1  1 -1 -4 -3  4 -2 -4 -2  0 -1 -3 -2 -3    0  12  12   0   0  15   4  10   0   0   0  47   0   0   0   0   0   0   0   0  0.44 0.06
   31 G    0 -3 -1 -2 -3 -3 -3  7 -3 -5 -5 -2 -4 -4 -3 -1 -2 -3 -4 -4    0   0   0   0   0   0   0 100   0   0   0   0   0   0   0   0   0   0   0   0  1.36 0.10
   32 N   -2 -1  7  2 -4 -1 -1 -1  0 -4 -4 -1 -3 -4 -3  0 -1 -5 -3 -4    0   0  94   6   0   0   0   0   0   0   0   0   0   0   0   0   0   0   0   0  1.11 0.12
   33 L   -2 -3 -4 -5 -2 -3 -4 -5 -4  1  5 -3  2  0 -4 -3 -2 -2 -2  0    0   0   0   0   0   0   0   0   0   0 100   0   0   0   0   0   0   0   0   0  0.73 0.09

                      K         Lambda
Standard Ungapped    0.1454     0.3280
Standard Gapped      0.0410     0.2670
PSI Ungapped         0.1454     0.3280
PSI Gapped           0.0410     0.2670
