
Last position-specific scoring matrix computed, weighted observed percentages rounded down, information per position, and relative weight of gapless real matches to pseudocounts
           A  R  N  D  C  Q  E  G  H  I  L  K  M  F  P  S  T  W  Y  V   A   R   N   D   C   Q   E   G   H   I   L   K   M   F   P   S   T   W   Y   V
    1 M   -2 -2 -3 -4 -2 -1 -3 -4 -3  0  2 -2  8 -1 -4 -2 -2 -2 -2  0    0   0   0   0   0   0   0   0   0   0   7   0  93   0   0   0   0   0   0   0  1.03 0.15
    2 T    0 -2  0 -1 -2 -1 -1  0 -2 -2 -1 -1 -1 -3 -1  4  4 -3 -2 -1    0   0   0   0   0   0   0   4   0   0   5   0   0   0   2  48  40   0   0   2  0.44 0.09
    3 K   -2  1 -2 -2 -5  1  0 -3 -2 -4 -4  7 -3 -5 -2 -2 -2 -4 -3 -4    0   2   0   0   0   5   0   0   0   0   0  93   0   0   0   0   0   0   0   0  1.25 0.26
    4 R   -3  7 -2 -3 -5  0 -2 -1 -2 -4 -4  1 -1 -4  0 -2 -3 -4 -3 -4    0  86   0   0   0   1   0   4   0   0   0   2   1   0   5   0   0   0   0   0  1.28 0.25
    5 T   -2 -3 -1 -3 -3 -2 -2 -3 -3 -2 -3 -2 -2 -1 -3  0  7 -4 -3 -2    0   0   1   0   0   0   0   0   0   0   0   0   0   2   0   1  95   0   0   0  1.30 0.30
    6 L   -3 -4 -4 -5 -4 -3 -4 -5 -1 -2  1 -4 -1  6 -5 -3 -3  2  7 -2    0   0   0   0   0   0   0   0   0   0  13   0   0  37   0   2   0   2  47   0  1.15 0.23
    7 G   -2  1  0 -2 -5  7  1 -1  0 -5 -4  0 -2 -5 -3 -2 -2 -4 -3 -4    0   4   3   0   0  82   4   5   2   0   0   0   0   0   0   0   0   0   0   0  1.30 0.30
    8 G   -2 -4 -4 -3 -5 -3 -3  1 -4 -5 -5 -3 -4 -5  8 -3 -3 -5 -5 -4    0   0   0   0   0   0   0  12   0   0   0   0   0   0  88   0   0   0   0   0  2.30 0.34
    9 T   -1 -1  3 -1 -3 -1 -1 -2  3 -4 -4  1  0 -4 -2  4  1 -4 -3 -3    0   1  17   0   0   0   0   0   8   0   0  10   2   0   0  53   9   0   0   0  0.59 0.20
   10 N   -2  2  4 -1 -2  0  0 -2 -1 -2 -3  3 -2 -4 -3 -1  0 -4 -3  0    0  11  33   0   1   1   3   1   1   2   1  32   0   0   0   2   4   0   0  10  0.47 0.16
   11 L   -2  5 -2 -3 -3 -1 -2 -4 -2  2  2  1 -1 -2 -3 -2  0 -3 -2  0    1  41   0   0   0   1   0   0   0  15  22   6   0   0   0   0   8   0   0   6  0.40 0.15
   12 K   -2  4 -2 -2 -4  0 -1 -3  1 -3 -3  5 -2 -4  0  0 -2 -4 -3  0    0  21   0   0   0   2   0   0   3   1   0  57   0   0   3   5   0   0   0   8  0.69 0.21
   13 K   -3  7 -2 -3 -5  1 -2 -4  1 -4 -2  2 -3 -4 -4 -2 -3 -4 -3 -4    0  85   0   0   0   3   0   0   3   0   3   6   0   0   0   1   0   0   0   0  1.40 0.30
   14 A    2  1  1 -2 -3  0 -1 -2  0  0 -2  4 -2 -3 -2  0 -1 -4 -3  0   20   5   6   0   0   3   1   0   2   6   1  47   0   0   0   4   0   0   0   6  0.38 0.15
   15 R   -3  6  2 -2 -5  0 -1 -3 -1 -4 -4  3 -1 -4 -3 -1 -2 -4 -3 -4    0  69  12   0   0   0   0   0   1   0   0  15   2   0   0   2   1   0   0   0  1.10 0.26
   16 T   -1  2 -1 -1 -3 -1 -1 -3 -2 -1 -2  2 -2 -3 -2  0  4 -4 -3  1    1  12   2   2   0   0   3   0   0   1   1  21   0   0   0   5  36   0   0  17  0.35 0.15
   17 S   -3 -2 -1 -3 -2 -2 -2 -4  9 -1 -4 -3 -3  0 -4  1 -3 -4  0 -3    0   0   0   0   1   0   0   0  77   4   0   0   0   5   0  12   0   0   0   1  1.66 0.35
   18 G   -1 -4 -2 -3 -4 -4 -4  7 -4 -6 -6 -3 -5 -5 -4 -2 -3 -4 -5 -5    0   0   0   0   0   0   0 100   0   0   0   0   0   0   0   0   0   0   0   0  1.88 0.33
   19 F   -4 -5 -5 -6 -4 -5 -5 -5 -3 -2 -1 -5 -2  8 -6 -4 -4  4  2 -3    0   0   0   0   0   0   0   0   0   0   0   0   0  92   0   0   0   6   2   0  1.93 0.36
   20 R   -3  7 -1 -3 -4 -1 -2 -4 -2 -2  0  0  0 -4 -4 -2 -3 -4 -3 -2    0  78   2   0   0   0   0   0   0   2  13   0   2   0   0   0   0   0   0   2  1.14 0.28
   21 A    3  0 -1 -2 -2 -1 -1 -2 -2 -1  0  0 -1 -3 -2  1  0 -3 -2  1   46   5   1   0   0   2   3   0   1   1   8   7   0   0   0  10   5   0   0  11  0.26 0.12
   22 R   -3  8 -2 -4 -5 -1 -2 -4 -2 -5 -3  0 -3 -5 -4 -3 -3 -5 -4 -4    0  98   0   0   0   0   0   0   0   0   2   0   0   0   0   0   0   0   0   0  1.78 0.36
   23 M   -2 -3 -4 -5 -3 -2 -4 -5 -4  0  1 -2  9 -2 -4 -1 -2 -4 -3 -1    2   0   0   0   0   0   0   0   0   1   4   1  87   0   0   3   1   0   0   0  1.69 0.39
   24 K    3  3 -1 -1 -2  0  0 -1 -2 -3 -3  2 -2 -4 -2  3 -1 -4 -3 -2   28  18   0   1   0   3   2   1   0   0   0  18   0   0   0  29   0   0   0   0  0.43 0.15
   25 T   -2 -2 -1 -3 -3 -2 -2 -3 -3 -3 -3 -2 -2 -4 -3  1  7 -4 -3 -2    0   1   2   0   0   0   0   0   0   0   0   1   0   0   0   8  88   0   0   0  1.25 0.32
   26 A    1  3 -1 -2 -3  0 -1 -2  0 -2 -3  4 -2 -3  3  0  0 -4 -3 -1   13  17   0   0   0   1   0   0   2   2   1  35   0   0  13   6   3   0   0   6  0.40 0.13
   27 A    1 -2  4  0 -2  0 -1  3 -1 -4 -3 -1 -2 -4 -3  1  0 -2 -3 -3   13   0  36   2   1   4   2  21   0   0   1   1   1   0   0  13   4   1   0   0  0.46 0.14
   28 G   -1 -4 -2 -3 -4 -4 -4  7 -4 -6 -6 -3 -5 -5 -4 -2 -3 -4 -5 -5    0   0   0   0   0   0   0 100   0   0   0   0   0   0   0   0   0   0   0   0  1.88 0.33
   29 R   -3  7 -2 -3 -2  0 -2 -4 -2 -4 -4  1 -3 -5 -4 -2 -3 -5 -3 -2    1  89   0   0   1   2   0   0   0   0   0   2   0   0   0   2   0   0   0   4  1.48 0.32
   30 N    2  3  1 -2 -3  1  0 -2 -1 -3 -2  4 -2 -4 -2  0 -1 -4 -2 -3   22  18   7   0   0   7   1   1   1   0   3  37   0   0   0   3   0   0   1   0  0.44 0.15
   31 V   -2 -4 -4 -5 -2 -4 -4 -5 -5  4  0 -4  0 -2 -4 -3 -1 -4 -3  5    0   0   0   0   0   0   0   0   0  31   3   0   0   0   0   0   2   0   0  64  0.89 0.23
   32 L   -3 -4 -5 -5 -2 -4 -4 -5 -4  4  4 -4  1 -1 -4 -4 -2 -3 -2  1    0   0   0   0   0   0   0   0   0  34  60   0   0   0   0   0   0   0   0   5  0.81 0.21
   33 K    2  1  3 -1 -2  0 -1 -1 -2 -3 -2  2  0 -3 -2  2 -1 -4 -3 -2   29   9  18   0   0   2   0   0   0   0   4  16   3   0   0  18   1   0   0   0  0.32 0.14
   34 N    3  5  1 -2 -2  0 -1 -1  0 -3 -3  1 -2 -4 -3  1 -1 -4 -3 -3   34  39   7   1   1   1   1   2   1   0   1   4   0   0   0   7   1   0   0   0  0.51 0.18
   35 R   -4  8 -2 -4 -6 -1 -2 -4 -2 -5 -4  0 -3 -5 -4 -3 -3 -5 -4 -5    0 100   0   0   0   0   0   0   0   0   0   0   0   0   0   0   0   0   0   0  1.98 0.40
   36 R   -3  7 -2 -4 -5 -1 -2 -4 -2 -2 -4  1  1 -4 -4 -3 -3 -5 -4 -4    0  90   0   0   0   0   0   0   0   3   0   2   4   0   0   0   0   0   0   0  1.63 0.35
   37 R    3  3 -1 -2 -2  1 -1 -1  0 -2  0  1 -1 -2 -2  1 -1 -3 -2 -2   42  18   1   0   0   6   0   1   2   0   9   6   1   1   0  11   1   0   0   1  0.31 0.14
   38 K   -3  2 -2 -3 -5  0 -1 -3  1 -4 -3  7 -3 -5 -3 -2 -2 -5 -3 -4    0   6   0   0   0   2   0   0   3   0   3  86   0   0   0   0   0   0   0   0  1.26 0.32
   39 G   -2 -4  0 -3 -4 -2 -4  7 -4 -5 -4 -3 -4 -3 -4 -2 -3 -4 -5 -5    0   0   3   0   0   1   0  93   0   0   2   0   0   1   0   0   0   0   0   0  1.67 0.32
   40 R   -3  8 -2 -4  0 -1 -1 -4 -2 -5 -4  0 -3 -5 -4 -3 -3 -5 -4 -5    0  95   0   0   3   0   2   0   0   0   0   0   0   0   0   0   0   0   0   0  1.79 0.37
   41 H    0  2  0 -2 -1  0  0 -3  4 -3 -3  4 -2 -3 -3  0 -1  3 -1 -1   10   7   4   0   1   1   2   0  13   0   1  44   1   0   0   3   3   4   1   4  0.43 0.16
   42 K   -1  4  1 -2 -3  1  0 -3 -2 -2 -2  3 -1 -2 -3  1  0 -4 -2  0    2  33   5   0   0   6   2   0   0   2   1  18   1   2   0  16   3   0   1   9  0.37 0.14
   43 L   -3 -4 -5 -5 -3 -4 -5 -5 -5  1  6 -4  0 -1 -5 -4 -3 -3 -3 -1    0   0   0   0   0   0   0   0   0   6  94   0   0   0   0   0   0   0   0   0  1.21 0.28
   44 I    2 -2 -1 -2  4 -2 -2 -2 -3 -1 -2 -2  0 -3 -2  3  4 -4 -3  0   17   0   0   0  10   0   0   0   0   2   0   0   2   0   0  29  36   0   0   4  0.52 0.17
   45 S    5 -1 -2 -1 -2 -2 -2 -1 -3 -2 -2 -2 -2 -3  1  0  0 -4 -3  0   77   2   0   2   0   0   0   0   0   0   0   0   0   0   6   2   4   0   0   7  0.63 0.16
   46 V    2 -2 -2 -3 -1 -2 -2 -2 -3  1  1 -2  0 -1 -2  0  2 -3 -2  3   23   0   0   0   0   0   0   0   0   0   9   0   0   0   0   0  23   0   0  45  0.22 0.03

                      K         Lambda
Standard Ungapped    0.1309     0.3212
Standard Gapped      0.0502     0.2670
PSI Ungapped         0.1640     0.3162
PSI Gapped           0.0502     0.2670
