
Last position-specific scoring matrix computed, weighted observed percentages rounded down, information per position, and relative weight of gapless real matches to pseudocounts
            A   R   N   D   C   Q   E   G   H   I   L   K   M   F   P   S   T   W   Y   V   A   R   N   D   C   Q   E   G   H   I   L   K   M   F   P   S   T   W   Y   V
    1 R    -2   7  -1  -2  -4   1   0  -3  -1  -4  -3   2  -2  -3  -3  -1  -2  -3  -2  -3    0 100   0   0   0   0   0   0   0   0   0   0   0   0   0   0   0   0   0   0  0.95 0.05
    2 I     0   1  -2  -3  -2  -1  -2   0  -2   3   0   0   2  -1  -3  -1  -1  -3  -2   2    4  12   0   0   0   0   0   7   0  39   0   4  10   0   0   6   0   0   0  18  0.13 0.03
    3 C    -1  -5  -4  -5  10  -4  -5  -4  -4  -2  -2  -4  -2  -3  -4  -2  -2  -3  -3  -2    0   0   0   0 100   0   0   0   0   0   0   0   0   0   0   0   0   0   0   0  1.92 0.12
    4 P    -2  -3  -3  -2  -4  -2  -2  -3  -3  -4  -4  -2  -3  -5   8  -2  -2  -5  -4  -3    0   0   0   0   0   0   0   0   0   0   0   0   0   0 100   0   0   0   0   0  2.31 0.11
    5 R    -2   6  -1  -2  -4   1   0  -3  -1  -3  -2   3  -2  -3  -3  -1  -2  -3  -2  -3    0  76   0   0   0   0   0   0   0   0   4  20   0   0   0   0   0   0   0   0  0.80 0.07
    6 I    -2  -4  -4  -4  -2  -4  -4  -5  -4   6   1  -4   1  -1  -4  -3  -1  -3  -2   2    0   0   0   0   0   0   0   0   0 100   0   0   0   0   0   0   0   0   0   0  0.71 0.09
    7 L    -2  -3  -4  -4  -2  -3  -3  -4  -3   1   4  -3   1   0  -4  -3  -2   6   2   0    0   0   0   0   0   0   0   0   0   0  80   0   0   0   0   0   0  13   7   0  0.61 0.06
    8 M    -2  -1  -2  -3  -2   1  -2  -3  -2   0   1   1   8  -1  -3  -2  -1  -2  -2   0    0   0   0   0   0   5   0   0   0   0   0  13  82   0   0   0   0   0   0   0  0.65 0.10
    9 E    -1   2  -1   0  -4   2   4  -2  -1  -4  -3   3  -2  -4   3  -1  -1  -3  -2  -3    0  13   0   0   0   7  41   0   0   0   0  26   0   0  14   0   0   0   0   0  0.55 0.05
   10 C    -1  -5  -4  -5  10  -4  -5  -4  -4  -2  -2  -4  -2  -3  -4  -2  -2  -3  -3  -2    0   0   0   0 100   0   0   0   0   0   0   0   0   0   0   0   0   0   0   0  1.92 0.12
   11 K    -1   3  -1  -1  -3   1   0  -2  -1  -3  -3   5  -2  -4  -2   1   0  -4  -2  -3    0  11   0   0   0   0   0   0   0   0   0  76   0   0   0   8   5   0   0   0  0.59 0.07
   12 A     0   4  -1  -2  -3   2   0  -2   3  -2  -1   2  -1  -3  -2   0   0  -3  -1  -1    7  40   0   0   0  10   0   0  11   0   6   7   0   0   0   8   4   0   0   7  0.29 0.03
   13 D    -2  -2   2   7  -4  -1   1  -2  -2  -4  -5  -1  -4  -4  -2  -1  -2  -5  -4  -4    0   0   7  93   0   0   0   0   0   0   0   0   0   0   0   0   0   0   0   0  1.17 0.09
   14 S     1  -1   0   2  -2  -1   0  -1  -2  -3  -3  -1  -2  -3  -1   5   1  -4  -2  -2    4   0   0  11   0   0   0   0   0   0   0   0   0   0   0  79   6   0   0   0  0.53 0.07
   15 D    -3  -2   1   7  -4  -1   1  -2  -2  -4  -5  -1  -4  -4  -2  -1  -2  -5  -4  -4    0   0   0 100   0   0   0   0   0   0   0   0   0   0   0   0   0   0   0   0  1.27 0.09
   16 C    -1  -5  -4  -5  10  -4  -5  -4  -4  -2  -2  -4  -2  -3  -4  -2  -2  -3  -3  -2    0   0   0   0 100   0   0   0   0   0   0   0   0   0   0   0   0   0   0   0  1.92 0.12
   17 L    -2  -3  -4  -4  -2  -2  -3  -4  -3   1   4  -3   3   1   3  -2  -2  -2  -1   0    0   0   0   0   0   0   0   0   0   0  63   0  13   6  18   0   0   0   0   0  0.47 0.05
   18 A     3   0  -2  -2  -2  -1  -2   2  -2  -2   0  -1  -1  -3   2   0  -1  -3  -2  -1   55   7   0   0   0   0   0  18   0   0  11   0   0   0  10   0   0   0   0   0  0.31 0.04
   19 Q     0   0   0   3  -3   3   3   2  -1  -3  -3   1  -2  -4  -2   0   0  -3  -3  -3    8   0   0  18   0  18  25  17   0   0   0   8   0   0   0   0   6   0   0   0  0.35 0.03
   20 C    -1  -5  -4  -5  10  -4  -5  -4  -4  -2  -2  -4  -2  -3  -4  -2  -2  -3  -3  -2    0   0   0   0 100   0   0   0   0   0   0   0   0   0   0   0   0   0   0   0  1.92 0.12
   21 I    -1  -1  -3  -3  -2  -2  -3  -4  -3   4   1  -1   0  -1  -3  -2   1  -3  -2   3    0   4   0   0   0   0   0   0   0  51   0   7   0   0   0   0   9   0   0  29  0.30 0.04
   22 C    -1  -5  -4  -5  10  -4  -5  -4  -4  -2  -2  -4  -2  -3  -4  -2  -2  -3  -3  -2    0   0   0   0 100   0   0   0   0   0   0   0   0   0   0   0   0   0   0   0  1.92 0.12
   23 Q    -1   2  -2  -2  -2   1   0  -2  -2   0   2   0   2  -1  -3  -2  -1  -2  -2   1    0  14   0   0   0  13   6   3   0   0  39   6   7   0   0   0   0   0   0  13  0.15 0.03
   24 E     0   0   0   2  -3   2   3   0  -1  -3  -3   1  -2  -3   2   1  -1  -3  -2  -2    7   3   0   8   0   7  37   9   0   0   0   6   0   0   9  11   0   0   0   0  0.34 0.03
   25 S     0  -1   4   1  -3   1   0  -1   5  -3  -3  -1  -2  -3  -2   1   0  -3  -1  -3    6   0  36   6   0   3   4   1  26   0   1   0   0   0   0  14   0   0   0   1  0.42 0.04
   26 G     0  -3  -1  -2  -3  -2  -1   6  -3  -5  -4  -2  -3  -4  -3  -1  -2  -3  -4  -4    0   0   0   0   0   0   5  95   0   0   0   0   0   0   0   0   0   0   0   0  1.20 0.08
   27 F    -2  -2  -3  -4  -3  -2  -3  -4   4   0  -1  -3  -1   5  -4  -2  -2   1   6  -1    0   0   0   0   0   0   0   0  13   7   0   0   0  37   0   0   0   0  43   0  0.72 0.06
   28 C    -1  -5  -4  -5  10  -4  -5  -4  -4  -2  -2  -4  -2  -3  -4  -2  -2  -3  -3  -2    0   0   0   0 100   0   0   0   0   0   0   0   0   0   0   0   0   0   0   0  1.92 0.12
   29 G     0  -3  -1  -2  -3  -3  -3   7  -3  -5  -5  -2  -3  -4  -3  -1  -2  -3  -4  -4    0   0   0   0   0   0   0 100   0   0   0   0   0   0   0   0   0   0   0   0  1.31 0.08

                      K         Lambda
Standard Ungapped    0.1440     0.3337
Standard Gapped      0.0410     0.2670
PSI Ungapped         0.1440     0.3337
PSI Gapped           0.0410     0.2670
