
Last position-specific scoring matrix computed, weighted observed percentages rounded down, information per position, and relative weight of gapless real matches to pseudocounts
            A   R   N   D   C   Q   E   G   H   I   L   K   M   F   P   S   T   W   Y   V   A   R   N   D   C   Q   E   G   H   I   L   K   M   F   P   S   T   W   Y   V
    1 M    -2  -3  -4  -5  -3  -2  -3  -4  -3   1   1  -3   9  -1  -4  -3  -2  -3  -2   1    0   0   0   0   0   0   0   0   0   5   0   0  86   0   0   0   0   0   0   9  1.23 0.25
    2 P     3  -3  -1  -3  -3  -2  -1  -2  -3  -4  -4  -1  -3  -5   6  -1  -2  -5  -4  -3   38   0   4   0   0   0   3   0   0   0   0   4   0   0  51   0   0   0   0   0  1.21 0.25
    3 K    -2   3  -1  -2  -4  -1   0  -1  -2  -3  -2   5  -3  -4   2  -1  -1  -4  -3  -3    2  16   1   1   0   0   3   5   0   1   5  49   0   0  12   1   4   0   0   0  0.62 0.23
    4 A     2   3  -1  -2  -3   2  -1   0  -2  -3  -3   2  -2  -2   3   0  -2  -4  -3  -2   18  23   1   0   0  11   0   8   0   0   0  17   0   2  13   3   1   0   0   2  0.41 0.17
    5 P     0   2   1  -2  -3  -1  -1   1  -2  -1  -3  -1  -1  -4   5   0  -2  -4  -2   0    6  12   6   0   0   3   3  14   0   3   0   3   2   0  33   6   0   0   2   8  0.52 0.17
    6 A     2   1  -2  -2  -3   1  -1   0   0  -1  -1   3  -1  -1  -2   0   1  -3  -2   0   23   9   0   0   0   9   1   5   2   2   3  23   1   4   0   4   8   0   0   8  0.21 0.14
    7 R    -2   5   0  -3  -5   1   1   0  -1  -4  -3   3  -1  -4   1  -2  -2  -4  -3  -4    1  46   4   0   0   6   7   6   1   0   1  17   1   1   8   1   1   0   0   0  0.73 0.26
    8 E    -2   3   2  -2  -4   0   0  -1  -2  -4  -3   4  -2  -3   1  -1   0  -4  -3  -2    1  21  12   1   0   3   4   4   0   0   1  35   0   1   7   3   6   0   0   2  0.51 0.22
    9 K    -2   4  -2  -3  -4   1  -1  -1  -2  -3  -1   1  -1   2   3  -1  -1  -3   0  -3    2  31   0   0   0   7   3   4   0   0   5  10   1  13  14   3   4   0   2   1  0.43 0.21
   10 V    -1   1  -1  -3   1  -2  -2  -2   0  -1   0   1  -1   4   2   0  -1  -2   1  -1    3   9   2   0   3   0   0   3   3   3   7   9   1  26  12   9   3   0   5   2  0.24 0.15
   11 L    -2   3  -2  -3  -3  -1  -2  -2   0   0  -1   1   0   4   1  -1  -1  -2   2  -1    1  20   1   0   0   2   0   2   2   5   5  10   2  25   7   5   2   0   7   3  0.29 0.17
   12 K    -2   7  -3  -4  -6  -1  -1  -3  -3  -5  -5   4  -4  -5  -3  -2  -3  -5  -4  -5    2  61   0   0   0   1   1   1   0   0   0  30   0   0   1   2   0   0   0   0  1.41 0.44
   13 K    -3   5   1  -3  -5  -1  -2  -3  -1  -3  -4   5  -3  -5   0  -1  -2  -5  -3  -4    1  40   7   0   0   0   0   1   1   2   1  39   0   0   4   3   1   0   0   1  0.98 0.36
   14 K    -2   4  -2  -3  -5  -1  -2  -4  -3  -5  -5   6  -4  -5  -4  -1  -2  -5   0  -4    3  26   1   0   0   0   0   0   0   0   0  60   0   0   0   4   1   0   4   0  1.20 0.41
   15 A    -1  -1  -1  -2  -2  -1  -2  -1  -2   1   0   1   0   1   0   0   0  -2   1   3    3   2   2   1   0   1   1   4   0   5   9  14   1   6   4   7   7   0   6  27  0.11 0.10
   16 C    -1  -1   0  -2   9  -2  -3  -3  -3  -2  -3  -1  -3  -3   1  -1  -2  -4  -3  -2    5   4   6   2  54   2   1   2   0   2   1   5   0   1   6   4   1   0   0   3  1.28 0.34
   17 T    -2   3  -2  -2  -4  -1  -1  -3  -1  -2  -3   3  -1  -1   4   0  -1  -4  -2  -1    2  19   0   1   0   2   1   0   1   3   1  24   2   3  25   7   2   0   1   5  0.56 0.23
   18 F    -3  -1  -4  -4  -3  -3  -3  -4  -2   1   1   0  -1   7  -4  -3  -2  -1   3  -1    1   3   0   1   0   0   1   1   0   9  13   7   1  49   1   2   2   0   9   2  0.84 0.28
   19 C    -2   0  -2  -3  10  -3  -3  -3  -1  -2  -3  -1  -3  -3  -3  -1  -1  -3  -2  -1    2   5   2   1  64   1   1   1   2   2   2   4   0   1   1   3   3   0   2   3  1.73 0.39
   20 K     2   3  -1   0  -2   0   0  -1  -1  -2  -2   1  -1  -1   1   0  -1  -2  -1  -1   20  23   1   4   0   2   6   3   1   1   4  11   1   2   8   3   2   0   2   5  0.21 0.11
   21 E    -1  -1  -1   2  -2   0   1  -1  -2   0   0  -1  -1   3   0  -1  -2   3   1  -1    3   2   3  17   0   4   9   3   0   5   9   2   1  20   4   3   1   5   4   3  0.18 0.10
   22 S     0   0   1   0   2   0   0  -1   1  -3  -3   3  -2  -3   0   1   2  -3  -2  -2    5   2   5   5   4   2   3   4   4   1   1  26   0   1   3   9  20   0   0   2  0.27 0.16
   23 K     2   1  -1  -1  -2   1   1   0  -2   1   0   1  -1  -2  -2   0   0  -3  -2   0   22   8   1   1   0   6  11   6   0  12   7   8   1   1   1   6   3   0   1   5  0.10 0.08
   24 S     1   0   1   0   0   1   1   0  -1  -1  -1   1   0  -2   0   0   0  -2  -2  -1   14   3   7   2   2   5  13   5   1   2   7  14   2   1   5   5   5   0   1   5  0.10 0.06
   25 G     0   0   2  -1  -2   0  -1   3   1  -2  -2   2  -2  -3   1   1  -1  -3  -2  -2    5   5  12   2   0   3   3  25   5   2   3  14   1   1   8   9   1   0   1   2  0.26 0.11
   26 N     0  -2   0   0  -1  -1  -1   0  -2   3   0  -1  -1  -1   0  -1   0   0  -2   2    7   2   5   5   1   2   3   8   1  26   5   4   0   2   4   1   3   2   1  18  0.11 0.09
   27 V    -1  -1   0   2  -3   1   3  -2   0  -1   0   1  -1  -2   0  -1   0  -3  -1  -1    2   2   4  16   0   4  21   1   2   2  11  12   2   1   4   1   8   0   3   4  0.20 0.12
   28 S    -1   1  -1  -1  -3   1   1  -2   3  -2  -2   1  -2   2   0   0   0  -2   4  -1    4   7   1   3   0   6   9   1   8   0   3  11   0   8   5   4   6   0  17   5  0.19 0.13
   29 I    -3  -4  -5  -5  -3  -4  -5  -5  -5   6   0  -4   0  -1  -5  -4  -3  -4  -1   4    0   1   0   0   0   0   0   0   0  61   3   0   2   2   0   0   0   0   2  25  1.18 0.38
   30 D    -5  -4   1   8  -6  -3  -2  -4  -4  -6  -6  -3  -6  -6  -3  -3  -3  -7  -4  -6    0   1   6  88   0   0   0   0   0   0   0   1   0   0   1   1   1   0   1   0  2.13 0.58
   31 Y    -5  -5  -6  -6  -6  -5  -5  -6   0  -5  -4  -5  -4   2  -6  -5  -5   0  10  -5    0   0   0   0   0   0   0   0   1   0   0   0   0   6   0   0   0   1  91   0  2.86 0.74
   32 K    -3   2  -3  -2  -6  -1  -1  -5  -4  -6  -5   7  -4  -6  -4  -3  -3  -6  -5  -5    1   8   0   1   0   1   2   0   0   0   0  84   0   0   0   0   1   0   0   0  1.78 0.56
   33 D    -4  -1   5   7  -6  -2  -1  -4  -1  -6  -6  -3  -6  -6  -5  -2  -2  -7  -5  -6    0   3  30  61   0   0   2   0   1   0   0   0   0   0   0   1   1   0   0   0  1.66 0.51
   34 T    -2  -3  -4  -4  -1  -2  -2  -4  -4   2   1  -3   1  -2   1  -2   2  -4  -1   4    1   1   0   0   1   2   2   0   0  13  10   1   4   1   8   2  16   0   2  37  0.46 0.24
   35 T     0   1   1   3  -4   0   3  -1  -1  -3  -2   1  -2  -4  -2   1  -1  -4  -3  -2    9   7   7  18   0   3  21   3   1   1   3   9   0   0   0  12   1   0   0   2  0.33 0.17
   36 L    -2  -1  -3  -3  -3  -2  -2  -5  -4   1   4  -1   2   0  -4  -2   1  -4  -3   0    3   3   0   1   0   1   2   0   0   5  55   4   4   4   0   2  12   0   0   3  0.52 0.26
   37 L    -4  -5  -6  -7  -4  -5  -6  -7  -6   2   6  -5   0  -2  -6  -5  -4  -5  -4  -1    0   0   0   0   0   0   0   0   0  11  87   0   1   0   0   0   0   0   0   1  1.55 0.49
   38 R    -2   4  -1  -3  -3   2   0  -3  -1  -4  -3   4  -1  -4  -3   2  -1  -5  -2  -3    1  26   2   0   1   8   4   1   1   1   1  31   2   0   0  18   2   0   1   1  0.64 0.30
   39 K    -2   4   1   1  -5   3   0  -2   1  -4  -3   4  -3  -3  -3  -2  -2  -4   0  -3    1  29   6   6   0  13   4   2   3   0   1  25   0   1   0   1   2   0   4   1  0.61 0.27
   40 Y    -4  -5  -3  -6  -1  -6  -6  -4  -3  -3  -2  -6  -1   8  -6  -2  -4  -2   5  -4    1   0   1   0   2   0   0   1   0   0   1   0   2  69   0   4   1   0  20   0  1.90 0.55
   41 V    -3  -5  -6  -6  -4  -5  -5  -6  -6   6   2  -5   1  -3  -5  -4  -1  -5  -4   3    0   0   0   0   0   0   0   0   0  54  17   0   3   0   0   0   2   0   0  23  1.15 0.39
   42 S     0  -1   2  -2  -3  -2  -3  -1  -3  -3  -4  -2  -2  -5  -3   5   4  -5  -3  -3    6   3  12   1   0   0   0   3   0   1   0   0   1   0   0  46  27   0   1   0  0.81 0.37
   43 D    -2  -1  -1   3  -6   0   6  -3   1  -5  -4  -2  -2  -3   2  -1  -3  -5  -4  -4    2   2   3  14   0   2  55   1   3   0   1   1   1   1   9   2   1   0   0   1  0.92 0.37
   44 R    -3   5   2  -2  -3   3  -1  -2   1  -3  -4   0  -3  -3  -4  -1   1  -4   1  -3    0  39   9   1   1  16   2   2   4   1   1   3   0   0   0   4  10   0   5   2  0.63 0.30
   45 G    -1  -5  -3  -4  -5  -5  -4   7  -3  -6  -4  -4  -5  -2  -5  -3  -4  -5  -1  -6    4   0   1   0   0   0   0  87   1   0   1   0   0   2   0   0   0   0   2   0  1.88 0.54
   46 K    -4   2  -3  -4  -1   0  -2  -2  -4  -2  -5   7  -4  -6  -4  -2  -4  -6  -5  -5    0   9   0   0   1   2   1   3   0   3   0  80   0   0   0   1   0   0   0   0  1.59 0.54
   47 I    -5  -6  -7  -7  -4  -6  -6  -7  -7   8  -1  -6   2  -3  -6  -6  -4  -6  -5   0    0   0   0   0   0   0   0   0   0  93   1   0   4   0   0   0   0   0   0   2  2.11 0.61
   48 R    -2   1  -2  -4  -3  -2  -3  -5  -3   2   3  -1   3   1  -4  -3  -1  -3  -1   2    2   8   2   0   0   2   1   0   0  14  39   4   7   4   0   0   3   0   1  13  0.41 0.20
   49 A    -1  -5  -4  -3  -5  -4  -4  -2   2  -6  -6  -4  -5  -6   8   2  -3  -6  -5  -5    5   0   0   1   0   0   0   3   4   0   0   0   0   0  67  19   0   0   0   0  1.88 0.55
   50 R     0   7  -3  -4  -5  -1  -3  -3  -1  -6  -5   1  -4  -6  -4   2  -3  -6  -4  -5    8  64   0   0   0   1   0   2   1   0   0   7   0   0   0  17   0   0   0   0  1.32 0.47
   51 R    -4   8  -3  -3  -6  -2  -3  -4   0  -6  -4   1  -4  -6  -2  -3  -4  -6  -2  -3    0  82   0   1   0   0   0   1   2   0   1   6   0   0   2   1   0   0   1   2  1.80 0.56
   52 V    -2  -2  -4  -4  -3  -1  -4  -5  -4   5   1  -2   1  -1  -4  -2  -2  -4   0   3    2   2   0   1   0   3   0   0   0  44  13   2   2   1   0   2   1   0   3  23  0.68 0.28
   53 T    -3  -4   2  -4  -4  -4  -4  -4  -5  -4  -5  -4  -4  -5  -4   1   7  -6  -5  -2    0   0   8   0   0   0   0   0   0   0   0   0   0   0   0  10  80   0   0   1  1.70 0.59
   54 G    -1   1  -1  -3  -5  -4  -4   7  -4  -6  -6   0  -5  -3  -5  -2  -4  -5  -5  -4    4   9   2   1   0   0   0  76   0   0   0   5   0   1   0   1   0   0   0   1  1.48 0.46
   55 N    -1  -4   3  -3   0  -3  -4  -4  -4   0   3  -3  -1  -2  -4  -1   4  -4  -3   2    3   0  17   0   2   0   0   0   0   2  31   0   0   1   0   2  26   0   0  16  0.54 0.29
   56 C    -2  -1  -1  -4   8  -3  -4  -4  -4  -4  -4   0  -4  -5  -3   3   4  -5  -5  -4    1   3   2   0  39   0   0   0   0   0   0   6   0   0   1  24  24   0   0   0  1.30 0.45
   57 V     4  -1  -1  -3  -3   0  -2  -2  -3  -2  -1   0   0  -4   0   1  -1  -2  -3   0   49   3   2   0   0   4   0   2   0   0   6   6   3   0   5  10   2   1   1   6  0.44 0.26
   58 Q    -2   3  -2  -3  -5   2   0  -4   1  -3  -4   6  -1  -3  -3  -2  -3  -5  -3  -4    2  14   1   0   0   8   4   0   3   1   1  60   2   1   1   2   0   0   0   0  1.06 0.40
   59 H    -3  -2   0  -3  -4   5   0  -4   7  -5  -4   1  -1   0  -4  -2  -3   1   3  -4    1   1   5   0   0  26   6   0  30   0   0   9   1   5   0   1   0   2  12   1  0.95 0.38
   60 Q    -5  -3  -4  -4  -7   9  -2  -6   4  -7  -6  -2  -4  -7  -5  -4  -4  -6  -5  -6    0   0   0   0   0  91   0   0   9   0   0   0   0   0   0   0   0   0   0   0  2.55 0.76
   61 R    -4   8  -2  -3  -6  -2  -1  -4  -1  -6  -5   2  -4  -6  -5  -3  -3  -6  -5  -5    0  81   1   1   0   0   4   1   1   0   0   8   0   0   0   1   1   0   0   1  1.86 0.56
   62 D    -1   2  -2  -1  -4   4   2  -3   1  -2   1   3   2  -2  -3  -2  -2  -4  -1  -2    5  11   0   3   0  20  12   0   3   1  14  17   7   1   0   1   1   0   3   1  0.33 0.20
   63 I    -3  -5  -5  -6  -3  -4  -5  -6  -5   3   4  -5   2  -2  -5  -4  -2  -4  -3   4    0   0   0   0   0   0   0   0   0  19  48   0   6   0   0   0   1   0   0  27  0.97 0.35
   64 A     4  -2  -1  -2  -1  -2   1  -3  -3  -4  -4  -1  -3  -5  -3   2   4  -5  -4  -3   34   2   2   2   1   0   9   0   0   0   0   2   0   0   0  13  34   0   0   0  0.68 0.33
   65 V    -1   2   1  -2  -3   1   0  -3   0   0  -1   3  -2  -3  -3  -1   2  -4  -3   1    3  11   9   1   0   7   6   0   2   7   7  20   0   0   0   2  16   0   0  10  0.22 0.15
   66 A     6  -4  -4  -4   2  -2  -1  -3  -4  -4  -4  -3  -4  -5  -4   0  -1  -5  -3  -2   83   0   0   0   4   1   4   0   0   0   0   0   0   0   0   4   2   0   1   2  1.28 0.46
   67 V    -4  -6  -6  -6  -4  -5  -6  -6  -6   7   0  -5  -1  -3  -5  -5  -3  -5  -4   3    0   0   0   0   0   0   0   0   0  78   2   0   0   0   0   0   0   0   0  20  1.65 0.48
   68 K    -4   1  -3  -4  -6   1  -2  -5  -4  -4  -5   8  -4  -6  -4  -3  -4  -6  -5  -5    0   3   0   0   0   4   1   0   0   1   0  91   0   0   0   0   0   0   0   0  1.92 0.57
   69 N    -4   7   1  -3  -5   2  -2  -4  -2  -3  -3   2   1  -5  -4  -2  -2   0  -4  -4    0  61   8   0   0  10   0   0   1   2   1   8   4   0   0   2   2   2   0   0  1.15 0.39
   70 S     7  -4  -4  -3   1  -4  -4  -2  -4  -4  -4  -4  -1  -5  -4   0  -3  -5  -5  -3   90   0   0   1   2   0   0   1   0   0   0   0   1   0   0   5   0   0   0   0  1.53 0.51
   71 R    -5   8  -3  -5  -7   0  -3  -5   1  -6  -5   0  -4  -6  -5  -4  -4  -6  -5  -6    0  91   0   0   0   3   0   0   4   0   0   2   0   0   0   0   0   0   0   0  2.21 0.60
   72 E    -2  -1   0  -1  -4   1   1  -3   3   2  -1  -1   1   3  -4  -2  -2  -2   2   0    2   4   6   3   0   7   9   0  10  20   3   2   4  18   0   1   0   0   8   3  0.27 0.17
   73 V     0  -4  -5  -5  -1  -3  -4  -4   0   2   4  -4   6  -2  -3  -3  -2  -4  -3   1    7   0   0   0   1   0   0   1   3  13  42   0  25   0   1   1   1   0   0   7  0.74 0.29
   74 A     5  -4  -3  -4  -2  -3  -3   3  -4  -4  -4  -3  -2  -4  -3   1  -2  -5  -4  -3   63   0   0   0   1   0   0  26   0   0   0   0   1   0   0   9   1   0   0   0  1.08 0.39
   75 L    -4  -5  -6  -6  -4  -5  -5  -6  -5   1   6  -5   0   1  -4  -3  -4  -4  -3  -1    0   0   0   0   0   0   0   0   0   4  86   0   1   4   1   3   0   0   0   2  1.33 0.42
   76 L    -3  -4  -5  -6  -3  -4  -5  -6  -5   2   5  -5   3  -1  -5  -3  -3  -4  -3   1    0   0   0   0   0   0   0   0   0  12  71   0   8   1   0   2   0   0   0   7  1.09 0.36
   77 P    -3  -5  -5  -5  -6  -4  -4  -5  -3  -2  -6  -3  -5  -4   8  -2  -4  -7  -3  -5    0   0   0   0   0   0   0   0   0   2   0   1   0   1  91   2   0   0   1   0  2.68 0.62
   78 Y    -5  -5  -5  -6  -5  -5  -5  -6  -1  -2  -3  -5  -3   7  -6  -5  -5  -1   8  -4    0   0   0   0   0   0   0   0   1   1   0   0   0  45   0   0   0   0  53   0  2.09 0.52
   79 V    -1  -3  -3  -4   2  -3  -3  -4  -3   2   1  -3  -1  -2   0   0   3  -4  -3   3    3   1   0   0   5   0   0   0   0  13  11   0   0   0   4   4  25   0   0  33  0.43 0.20
   80 S     1  -2   3   3  -3  -1  -1   1  -2  -2  -3  -1  -2  -3  -3   1   1  -4  -2   0   12   1  22  18   0   1   1  10   0   0   1   3   0   1   0  12   9   0   1   9  0.29 0.13
   81 T    -1   0   2   2  -3   2   2  -2  -1  -3  -2   2  -2  -4  -1   1   1  -4  -3  -2    3   4  15  14   0  13  12   1   1   1   2  12   0   0   2  10   9   0   0   1  0.31 0.12
   82 A     1   1   0   0  -4   0   4   0   7  -4  -4  -1  -3  -4  -3   0  -1  -4  -2  -4   11   6   4   2   0   1  31   6  33   0   0   0   0   0   0   4   3   0   0   0  0.68 0.22
   83 R    -2   4  -1  -2  -4   3   0  -3  -2  -4  -4   5  -2  -4  -3  -1  -2  -4  -3  -4    0  29   0   0   0  12   0   0   0   0   0  59   0   0   0   0   0   0   0   0  0.92 0.19

                      K         Lambda
Standard Ungapped    0.1296     0.3182
Standard Gapped      0.0540     0.2670
PSI Ungapped         0.1765     0.3172
PSI Gapped           0.0540     0.2670
