
Last position-specific scoring matrix computed, weighted observed percentages rounded down, information per position, and relative weight of gapless real matches to pseudocounts
            A   R   N   D   C   Q   E   G   H   I   L   K   M   F   P   S   T   W   Y   V   A   R   N   D   C   Q   E   G   H   I   L   K   M   F   P   S   T   W   Y   V
    1 M    -2  -2  -3  -4  -2  -1  -3  -3  -2   1   2  -2   8   0  -3  -2  -1  -2  -2   0    0   0   0   0   0   0   0   0   0   0   0   0 100   0   0   0   0   0   0   0  0.78 0.10
    2 A     2  -2  -2  -2  -1  -2  -2  -1  -2   1  -1  -1  -1  -2   2   1   1  -3  -2   1   33   0   0   0   0   0   0   0   0  18   0   0   0   0  10  16   9   0   0  13  0.24 0.06
    3 K     0   0  -1   0  -3   1   4  -2  -1  -4  -3   4  -2  -4  -2   1  -1  -4  -3  -3    5   0   0   0   0   0  36   0   0   0   0  43   0   0   0  15   0   0   0   0  0.59 0.15
    4 V    -1  -1   0   2  -3   0   4  -3  -2  -1  -2   1   1  -3  -1  -1  -1  -4  -3   1    4   0   5  14   0   0  43   0   0   0   0   7   5   0   2   0   0   0   0  20  0.39 0.14
    5 V     0  -1   0  -3  -2   0  -2  -1  -2   1   0   1   2   2  -3  -1   0  -2  -1   3    7   0   5   0   0   4   0   4   0   1   4  13   8  12   0   3   4   0   0  35  0.12 0.09
    6 V    -1  -1  -1   3  -3   2   1  -3  -2   0  -1   1   0  -3  -2  -1   0  -4  -2   2    3   0   1  20   0  11  11   0   0   0   5  13   2   0   0   0   6   0   0  28  0.20 0.10
    7 E    -2  -1   1   1  -3   0   5  -2  -2  -3  -3   0  -3  -4  -2   0   3  -4  -3  -3    0   0   8   3   0   0  50   2   0   0   0   2   0   0   0   4  31   0   0   0  0.64 0.19
    8 R    -1   5  -2  -3  -3   2  -1  -3   1   0  -2   0  -1   1  -3  -1  -2  -3  -2   1    2  52   0   0   0  10   0   0   3   6   0   0   0   8   0   2   0   0   0  16  0.50 0.17
    9 V    -2  -2  -2   0  -3  -1   4  -4  -2   3   0  -2   0  -1  -3  -2  -2  -4  -2   2    0   0   0   2   0   0  41   0   0  32   4   0   2   3   0   0   0   0   0  17  0.43 0.17
   10 Y    -3  -3  -3  -4   1  -3  -3  -4   1   0   0  -3   4   2  -4  -3  -2   0   7   1    0   0   0   0   4   0   0   0   3   3   4   0  18   7   0   0   0   0  53   9  0.90 0.23
   11 S    -1  -3   0  -2  -2  -2  -2  -3  -3   1  -2  -2  -1  -3  -3   1   5  -4  -3   3    0   0   5   0   0   0   0   0   0   7   0   0   0   0   0   6  59   0   0  24  0.62 0.21
   12 I    -2  -4  -5  -5  -2  -4  -4  -5  -5   6   0  -4   0  -2  -4  -3  -2  -4  -3   4    0   0   0   0   0   0   0   0   0  68   0   0   0   0   0   0   0   0   0  32  0.97 0.24
   13 R    -2  -1   5  -1  -4  -2  -2  -3   3  -4  -4  -2  -4  -4   6   0  -2  -5  -3  -4    0   2  39   0   0   0   0   0   7   0   0   0   0   0  47   4   0   0   0   0  1.25 0.25
   14 L    -3  -3  -5  -5  -2  -3  -4  -5  -4   2   5  -4   2   1  -4  -4  -2  -3  -2   0    0   0   0   0   0   0   0   0   0  10  80   0   3   5   0   0   0   0   0   2  0.83 0.21
   15 R    -1   6   0  -2  -4   0  -1  -3   5  -4  -3   1  -2  -3  -3  -1  -2  -3  -2  -3    3  64   3   0   0   0   1   1  20   0   1   2   0   0   0   2   1   0   0   1  0.94 0.22
   16 H    -1   2   0   3  -3   0   2  -1   0  -3  -3   4  -2  -3  -2  -1  -1  -3  -2  -3    2  11   0  24   0   0  10   2   3   0   1  41   0   0   0   3   1   0   0   1  0.49 0.13
   17 K    -1   4  -1  -2  -2   0  -1  -1  -1   1  -1   1  -1  -2  -2  -1  -1  -2  -1   1    5  41   1   2   1   3   2   4   1  10   3   4   1   1   2   2   2   0   1  16  0.26 0.08
   18 M     1  -2  -1  -3   2  -2  -2  -2  -3   2   1   0   1  -1  -2  -1   0  -3  -2   2   21   0   3   0   6   0   0   0   0  13  19   7   2   0   0   0   8   0   0  21  0.18 0.09
   19 K    -1   2   1  -1  -4   0  -1  -3   5  -3  -3   3   0   0  -3   0  -2  -2   3  -3    2  12   5   3   0   0   0   0  20   0   0  31   3   3   0   6   0   0  16   0  0.46 0.15
   20 R     0   2   0  -1  -3   0   0   2  -2  -1  -1   2   0   0  -2  -1   0   3  -1  -1    6  18   5   2   0   0   6  20   0   3   3  15   3   5   0   1   4   6   0   3  0.17 0.07
   21 Y     0  -2  -2  -2   2  -2  -2   1  -2   1   0  -2   0  -1  -2   1   0  -2   0   3    3   0   0   0   5   0   2  15   0   7   5   0   1   0   0  15   4   0   5  36  0.16 0.09
   22 P    -1   2  -2  -2  -3  -1  -2   1  -2  -3  -4   0  -3  -4   6   2   1  -4  -3  -2    0  13   0   0   0   0   0   9   0   0   0   4   0   0  41  24   7   0   0   1  0.81 0.18
   23 R    -1   5  -1  -3  -1  -1  -2  -3  -2  -1  -2   1  -2   3  -3   0   0   3   0  -2    3  43   2   0   2   0   0   0   0   3   1   8   0  22   0   6   4   4   1   2  0.44 0.15
   24 W    -2  -1   0  -2  -3   0  -1  -2   2  -3  -3   3  -1  -2  -3   0   3   7   0  -3    0   0   3   0   0   3   0   2   6   0   0  31   2   0   0   5  28  20   2   0  0.62 0.19
   25 L    -2   2   1  -1  -4   1   1  -1  -2  -3  -2   5  -2  -4  -2  -1  -1  -4  -3  -3    0  11   6   2   0   5   7   4   0   1   2  60   0   0   0   0   3   0   0   0  0.61 0.18
   26 R    -3   7  -2  -3  -1   0  -2  -4  -2  -4  -4   2  -1  -4  -4  -2  -3  -4  -3  -4    0  88   0   0   2   0   0   0   0   0   0   9   1   0   0   0   0   0   0   0  1.44 0.31
   27 A     6  -3  -2  -3  -2  -2  -2  -1  -3  -3  -3  -2  -2  -4  -2   1   0  -4  -3  -2   84   0   0   0   0   0   0   2   0   0   0   0   0   0   0   9   5   0   0   0  0.88 0.25
   28 K    -1  -1   1   2  -4  -1  -1   0  -2  -3  -4   2  -3  -4   6   0  -2  -5  -4  -3    4   0   9  17   0   0   0   6   0   2   0  19   0   0  40   4   0   0   0   0  0.79 0.17
   29 K    -2   5  -1  -2  -4   0   0  -2  -1  -3  -3   3  -2  -1  -3  -1   1  -3   1  -3    2  50   1   0   0   0   2   1   0   0   0  23   0   3   0   0  11   0   6   0  0.66 0.19
   30 A     6  -3  -3  -3  -2  -2  -2  -1  -3  -2  -3  -2  -2  -4  -2   1  -1  -4  -3   0   90   0   0   0   0   0   0   0   0   0   0   0   0   0   0   6   0   0   0   4  0.97 0.27
   31 A     0  -4  -4  -4  -2  -3  -4  -4  -4   4   0  -3   4  -1  -4  -3  -1  -4  -2   4    6   0   0   0   0   0   0   0   0  37   1   0  16   0   0   0   0   0   0  40  0.63 0.19
   32 K    -2   3   0  -1  -4   0  -1   0  -2  -2  -3   5  -2  -4  -2   0  -1  -4  -3  -3    0  18   2   2   0   0   0   6   0   3   0  60   0   0   0   7   2   0   0   0  0.65 0.20
   33 Y    -1  -2  -2   1  -3   0   2  -3  -2   1   1  -1   3   2  -3  -2  -2  -2   1   0    4   0   0   8   0   2  25   0   0  12  16   3  13  11   0   0   0   0   5   2  0.19 0.10
   34 V    -2  -4  -4  -4  -2  -4  -4  -5  -4   5   2  -4   0  -1  -4  -3  -2  -4  -2   4    0   0   0   0   0   0   0   0   0  54  13   0   0   0   0   0   0   0   0  33  0.76 0.20
   35 R    -3   7  -2  -3  -5   0  -1  -4  -2  -4  -4   3  -3  -4  -3  -2  -2  -4  -3  -2    0  78   0   0   0   0   0   0   0   0   0  18   0   0   0   0   0   0   0   3  1.28 0.28
   36 K     0   2   1   1  -3   1   2   0  -1  -3  -3   3  -2  -3  -2   0  -1  -3  -1  -3    9  10   7   6   0   5  19   5   0   0   2  32   0   0   0   2   0   0   3   0  0.35 0.11
   37 F    -2  -3  -3  -4  -3  -3  -1  -4   3   0  -1  -3   0   6  -4  -3  -3   3   3  -1    3   0   0   0   0   0   4   0  11   6   0   0   3  57   0   0   0   4  10   2  0.85 0.21
   38 L     2  -3  -4  -4  -2  -3  -3  -3  -3   2   3  -3   0  -1  -3  -2  -1  -3  -2   3   24   0   0   0   0   0   0   0   0  13  32   0   0   0   0   0   1   0   0  30  0.38 0.13
   39 S     3   0  -1  -2  -2   2   1  -2  -2  -2  -2   2   1  -3  -2   1  -1  -3  -2   0   38   3   0   0   0  13   8   0   0   0   0  13   5   0   0  14   0   0   0   5  0.31 0.13
   40 R    -2   5  -2  -2  -4   2  -1  -3   0  -3  -2   4  -2  -4  -3  -2  -2  -4  -3  -3    0  48   0   0   0   6   0   0   2   2   3  39   0   0   0   0   0   0   0   0  0.86 0.22
   41 H    -1  -2  -1  -2  -4   1   1  -3   9  -2  -4   0  -3  -3  -3  -2  -2  -4   1  -3    3   0   0   0   0   5   8   0  69   3   0   5   0   0   0   0   2   0   3   2  1.29 0.29
   42 M     0  -3  -4  -4  -3  -3  -4  -4  -3  -1   1  -3   7   5  -4  -3   0  -2   0  -1    7   0   0   0   0   0   0   0   0   0   9   0  48  30   0   0   6   0   0   0  0.82 0.25
   43 K    -1   1   0  -2  -4   0  -1   3  -2  -4  -4   5  -3  -4  -2   0  -2  -4  -3  -3    3   6   2   0   0   2   0  30   0   0   0  50   0   0   0   5   0   0   0   0  0.60 0.17
   44 V     2  -2  -1  -2  -1  -1  -1  -2  -2   1  -1  -1  -1  -2  -1   1   3  -2  -2   2   19   1   1   1   0   1   1   1   0   5   2   1   0   1   1   7  30   0   1  26  0.24 0.09
   45 E    -2  -1   2   4  -3   1   4  -2  -1  -3  -3   0  -2  -3   0  -1   0  -3  -3  -3    1   1   9  28   0   4  37   1   0   1   1   3   0   1   5   1   5   0   0   1  0.53 0.12
   46 P     1   0   0   0  -1   0   2  -1  -1  -1  -1   0  -1  -2   2   1   0  -2  -1  -1   11   5   2   2   1   2  21   3   1   5   4   5   1   2  11  13   6   1   1   4  0.15 0.03
   47 E     0   0   0   2  -2   0   2   0  -1  -1  -1   1  -1  -2  -1   1   0  -2  -1  -1    6   2   2  18   1   2  19   5   1   6   4  12   1   1   2  10   2   1   1   4  0.15 0.04
   48 N     0   0   1   4  -3   1   2   0  -1  -3  -3   2  -3  -4  -2  -1  -1  -4  -3  -3   12   3   5  36   0   3  14   4   0   0   0  19   0   0   0   0   0   0   0   0  0.47 0.12
   49 V    -2  -4  -4  -5  -2  -4  -4  -5  -5   3   0  -4   0  -2  -4  -3  -1  -4  -3   6    0   0   0   0   0   0   0   0   0  16   0   0   0   0   0   0   0   0   0  84  1.02 0.26
   50 K    -2   4  -2  -3  -3  -1  -1  -3  -2   2  -2   3  -1  -3  -3  -2  -2   4  -2   1    0  37   0   0   0   0   0   0   0  18   0  27   0   0   0   0   0   8   0  10  0.55 0.18
   51 I    -2  -4  -4  -4  -2  -4  -4  -5  -4   5   3  -4   1  -1  -4  -3  -2  -3  -2   3    0   0   0   0   0   0   0   0   0  49  35   0   0   0   0   0   0   0   0  16  0.70 0.18
   52 D    -2  -3   0   7  -4  -2   0   1   0  -4  -5  -2  -4  -5  -3   0  -1  -5  -4  -4    2   0   0  76   0   0   1  10   2   0   0   0   0   0   0   4   4   0   0   0  1.14 0.25
   53 T    -1  -2   3  -1  -3   1  -1  -2  -2  -3  -3   1  -2  -4   5   0   2  -4  -3  -1    1   0  20   0   0   8   1   0   0   0   0   7   0   0  35   2  19   0   0   6  0.68 0.17
   54 A     0   2   0   1  -3   0   1  -2  -1  -2  -1   2  -1  -3  -2   2   1  -3  -2  -2    9  11   2   8   0   0  10   0   0   0  10  22   0   0   0  21   7   0   0   0  0.23 0.09
   55 V    -2  -3  -4  -5  -2  -3  -4  -5  -4   3   4  -4   1  -1  -4  -3  -2  -3  -2   3    0   0   0   0   0   0   0   0   0  22  52   0   0   0   0   0   0   0   0  26  0.65 0.17
   56 N     0  -2   7   0  -4  -2  -2  -2  -1  -5  -5  -2  -4  -5  -3   0  -1  -5  -4  -4    9   0  86   0   0   0   0   0   0   0   0   0   0   0   0   5   0   0   0   0  1.39 0.31
   57 E    -2   0   1   0  -4   1   5  -3  -1  -4  -4   4  -1  -4  -2  -1  -1  -4  -3  -3    0   0   7   2   0   2  51   0   0   0   0  32   3   0   0   0   2   0   0   0  0.75 0.21
   58 K     2  -1  -1  -2  -1   0   0  -2   1  -2  -1   2  -1   2  -2   0   0  -2   2  -1   26   0   0   0   1   2   5   0   5   0   5  25   0  11   0   7   4   0   8   1  0.17 0.10
   59 I    -1  -4  -4  -4  -2  -3  -4  -5  -4   5   2  -4   0  -1  -4  -3  -2  -4  -2   4    2   0   0   0   0   0   0   0   0  45  21   0   0   0   0   0   0   0   0  33  0.66 0.18
   60 W    -4  -5  -5  -6  -4  -4  -5  -4  -4  -5  -4  -5  -3  -1  -5  -2  -1  12   2  -5    0   0   0   0   0   0   0   0   0   0   0   0   0   0   0   4   5  87   4   0  3.20 0.45
   61 E     1  -1   0  -1  -3   0   3  -2   0  -3  -3   1   0  -3  -2   3  -1  -3  -1  -3   12   0   1   0   0   0  29   0   1   0   0  11   4   0   0  38   0   0   3   0  0.43 0.16
   62 R    -2   6   3  -2  -1   1   0  -2   0  -4  -4   3  -3  -4  -3  -1  -2  -4  -3  -4    0  59  15   0   2   3   2   1   2   0   0  16   0   0   0   0   0   0   0   0  0.85 0.21
   63 G    -1  -3  -2  -3  -4  -3  -3   6  -3  -5  -5  -3  -4  -4  -3   1  -2  -4  -4  -4    0   0   0   0   0   0   0  85   0   0   0   0   0   0   0  15   0   0   0   0  1.40 0.27
   64 A     0   3   0  -3   1  -2  -2  -3  -2   4   0  -1  -1  -2  -3   0   0  -4  -2   1    6  24   6   0   3   0   0   0   0  41   4   0   0   0   0   6   3   0   0   6  0.27 0.14
   65 E    -1   3   1   2  -4   2   4  -2  -1  -4  -4   2  -2  -4  -2   0  -1  -4  -3  -3    2  18   7   9   0   9  35   0   0   0   0  14   0   0   0   5   2   0   0   0  0.52 0.14
   66 K    -2   0   4  -1  -4   0  -1   0   1  -4  -4   5  -3  -4  -2   0  -2  -4  -3  -4    0   0  23   0   0   0   0   6   3   0   0  63   0   0   0   5   0   0   0   0  0.77 0.22
   67 P    -2  -4  -4  -3  -3  -3  -3  -4  -4   3  -1  -3  -2  -3   6  -2  -1  -4  -3   3    0   0   0   0   0   0   0   0   0  21   0   0   0   0  51   0   4   0   0  24  1.10 0.22
   68 P    -2  -4  -4  -3  -4  -3  -2  -4  -4  -3  -4  -3  -4  -5   8  -2  -3  -5  -4   0    2   0   0   0   0   0   2   0   0   0   0   0   0   0  87   0   0   0   0   9  2.17 0.32
   69 T     1   4   1  -2  -3  -1  -1  -1   0  -3  -2   0  -2  -1  -1   2   1  -2   2  -2   10  30   7   0   0   0   0   2   2   0   3   0   0   2   1  26   7   0   9   0  0.29 0.12
   70 K    -1   5  -1  -2  -4   0   0  -3  -2  -4  -4   5  -3  -4  -3  -1  -2  -4  -3  -4    2  46   0   0   0   0   2   0   0   0   0  46   0   0   0   3   0   0   0   0  0.92 0.22
   71 I    -2  -3  -4  -4  -2  -3  -4  -4  -4   4   2  -3   2  -1  -4  -3  -1  -3  -2   4    0   0   0   0   0   0   0   0   0  26  23   0   6   0   0   0   0   0   0  45  0.60 0.16
   72 R    -2   7   0  -3  -4   0  -1  -3   1  -3  -3   1  -3  -4  -3   0  -1  -4  -3  -3    0  79   3   0   0   2   0   0   3   2   0   3   0   0   0   5   2   0   0   0  1.10 0.24
   73 V    -2  -4  -4  -5  -2  -4  -4  -5  -4   3   1  -4   0  -2  -4  -3  -1  -4  -2   6    0   0   0   0   0   0   0   0   0  10   7   0   0   0   0   0   0   0   0  83  0.90 0.23
   74 R     0   5  -1  -2  -3   0  -1  -3   0  -1  -2   3  -2  -3  -3  -1  -1  -4  -1   0    7  44   0   0   0   0   2   0   3   2   0  26   0   0   0   1   2   0   2  12  0.51 0.15
   75 A     3  -3  -3  -3  -2  -2  -2  -2  -3   2   1  -2   0  -2  -3  -1  -1  -4  -2   4   34   0   0   0   0   0   2   0   0  14  10   0   0   0   0   0   0   0   0  40  0.39 0.14
   76 V     1  -2  -2  -2   0  -1   0  -1  -2   1  -1   0   1  -2  -2   1   0  -3  -2   2   14   0   0   0   2   0   7   3   0  11   0   7   8   0   0  19   4   0   0  25  0.13 0.08
   77 K    -2   5  -1  -2  -4   0   0  -3  -2  -3  -3   5  -2  -4  -3  -1  -2  -4  -3  -2    0  36   0   0   0   0   2   0   0   0   0  56   0   0   0   3   0   0   0   4  0.86 0.21
   78 F    -2  -2  -2   0  -3  -1   2  -3  -2   1   1  -2   0   4  -3  -1  -1  -1   2   0    0   0   0   5   0   0  20   0   0  10  18   0   2  30   0   3   3   0   7   3  0.26 0.09
   79 D     0  -1   0   2  -4   1   4   2  -1  -4  -4   0  -3  -4  -2   1  -1  -4  -3  -3    7   0   3  11   0   3  52  17   0   0   0   0   0   0   0   8   0   0   0   0  0.55 0.12
   80 D    -2  -2   1   5  -4   0   4  -2  -2  -4  -4   0  -3  -4  -2   0  -1  -5  -3  -4    0   0   2  54   0   0  34   0   0   0   0   3   0   0   0   3   3   0   0   0  0.88 0.15
   81 G     0  -2   0  -2  -3  -2  -2   5  -2  -3  -3   1  -1  -4  -3   0  -2  -3  -3  -1    3   0   4   0   0   0   0  67   0   0   0  15   2   0   0   3   0   0   0   6  0.75 0.13
   82 I    -1  -1  -1  -1  -2   1   2  -3   0   2  -1   0  -1  -2  -2   0   3  -3  -2   2    0   0   0   0   0   8  16   0   3  16   0   3   0   0   0   0  32   0   0  20  0.24 0.09
   83 V     0  -2  -2  -3  -2  -2  -2  -3  -2   2   0  -1   0  -1  -3   0   2  -2   3   4    3   0   0   0   0   0   0   0   0   6   0   4   0   0   0   6  16   0  16  49  0.29 0.10
   84 E    -1   0  -1   0  -3   3   4  -3  -1  -1   1   2  -1  -3  -2  -1  -1  -3  -2  -1    0   2   0   0   0  19  42   0   0   0  20  12   0   0   0   0   0   0   0   5  0.38 0.09
   85 V     3  -3  -3  -3  -1  -2  -2  -2  -3   2   0  -2   0  -2  -2  -1  -1  -3  -2   3   43   0   0   0   0   0   0   0   0  16   0   0   0   0   0   0   0   0   0  41  0.38 0.10
   86 E    -2   3  -1   0  -4   1   4  -3  -1   1  -2   0   0  -3  -2  -1  -1  -3  -2  -1    0  25   0   3   0   0  49   0   0  16   0   0   4   0   0   0   3   0   0   0  0.44 0.11
   87 L    -2  -3  -4  -4  -2  -3  -3  -4  -3   1   4  -3   2   0   0  -3  -1  -2   0   1    0   0   0   0   0   0   0   0   0   0  77   0   5   0   4   0   4   0   4   5  0.51 0.10
   88 A     5  -2  -2  -2  -1  -1  -1   0  -2  -2  -2  -1  -1  -3  -1   1  -1  -3  -2  -1  100   0   0   0   0   0   0   0   0   0   0   0   0   0   0   0   0   0   0   0  0.65 0.09

                      K         Lambda
Standard Ungapped    0.1346     0.3217
Standard Gapped      0.0440     0.2670
PSI Ungapped         0.1437     0.3170
PSI Gapped           0.0440     0.2670
