
Last position-specific scoring matrix computed, weighted observed percentages rounded down, information per position, and relative weight of gapless real matches to pseudocounts
           A  R  N  D  C  Q  E  G  H  I  L  K  M  F  P  S  T  W  Y  V   A   R   N   D   C   Q   E   G   H   I   L   K   M   F   P   S   T   W   Y   V
    1 M   -2 -2 -3 -4 -2 -1 -3 -3 -2  1  2 -2  8  0 -3 -2 -1 -2 -2  0    0   0   0   0   0   0   0   0   0   0   0   0 100   0   0   0   0   0   0   0  0.69 0.08
    2 P   -1 -3 -3 -3 -2 -2 -2 -3 -3  0  3 -2  1  1  5 -1 -1 -2 -1 -1    0   0   0   0   0   0   0   0   0   0  48   0   0   9  36   7   0   0   0   0  0.55 0.03
    3 T    0 -2 -1 -2 -1 -1 -1 -2 -2  1 -1 -1 -1 -2 -2  1  6 -3 -2  0    0   0   0   0   0   0   0   0   0  11   0   0   0   0   0   0  89   0   0   0  0.52 0.05
    4 I   -2 -3 -4 -4 -2 -3 -4 -4 -4  5  3 -3  1  0 -3 -3 -1 -3 -2  2    0   0   0   0   0   0   0   0   0  72  28   0   0   0   0   0   0   0   0   0  0.45 0.04
    5 V   -1 -2 -1 -2 -1 -2 -2 -3 -3  2  1 -2  0  0 -2  0  4 -3 -2  1    0   0   0   0   0   0   0   0   0  16  21   0   0   3   0   0  58   0   0   2  0.28 0.03
    6 S    1 -1  0 -1 -1  0  0 -1 -1 -3 -3 -1 -2 -3 -1  5  1 -3 -2 -2    0   0   0   0   0   0   0   0   0   0   0   0   0   0   0 100   0   0   0   0  0.59 0.06
    7 Y   -2 -2 -3 -4 -3 -2 -3 -4  1 -2 -2 -3 -1  3 -4 -2 -2  2  8 -2    0   0   0   0   0   0   0   0   0   0   0   0   0   4   0   0   0   0  96   0  1.11 0.07
    8 F   -2 -3 -3 -4 -3 -4 -4 -4 -2 -1  0 -3  0  7 -4 -1 -2  1  3 -1    0   0   0   0   0   0   0   0   0   0   0   0   0  93   0   7   0   0   0   0  0.83 0.05
    9 G    1 -3 -1 -2 -3 -2 -3  6 -3 -4 -3 -2 -3 -3 -3  0 -2 -3 -3 -3    7   0   0   0   0   0   0  89   0   0   4   0   0   0   0   0   0   0   0   0  0.96 0.04
   10 F   -3 -3 -4 -4 -3 -4 -4 -4 -2  0  1 -4  0  7 -4 -3 -3  1  3 -1    0   0   0   0   0   0   0   0   0   0   9   0   0  91   0   0   0   0   0   0  0.86 0.05
   11 L   -2 -3 -4 -4 -2 -3 -3 -4 -3  1  5 -3  2  0 -4 -3 -2 -2 -1  1    0   0   0   0   0   0   0   0   0   0 100   0   0   0   0   0   0   0   0   0  0.57 0.04
   12 L   -2 -3 -4 -4 -2 -3 -3 -4 -3  2  4 -3  3  2 -3 -3 -2 -2 -1  1    0   0   0   0   0   0   0   0   0   4  79   0   7   8   0   0   0   0   0   3  0.45 0.03
   13 T    4 -2 -2 -2 -1 -1 -1  1 -2 -1 -1 -1 -1 -2 -1  1  0 -3 -2  0   75   0   0   0   0   0   0   7   0   0   7   0   0   0   0   0   6   0   0   6  0.32 0.03
   14 A    4 -2 -2 -2 -1 -1 -1  0 -2  0 -1 -1 -1 -2 -1  1  0 -3 -2  1   73   0   0   0   0   0   0   0   0   3   0   0   0   0   0  10   4   0   0  11  0.34 0.03
   15 S   -1 -2 -3 -3 -2 -2 -3 -3 -3  1  4 -2  1  0  1  0 -1 -2 -1  0    0   0   0   0   0   0   0   0   0   6  72   0   0   3   7  13   0   0   0   0  0.30 0.03
   16 T   -1 -2 -1 -2 -1 -1 -2 -3 -3  2 -1 -1  0 -2 -2  1  5 -3 -2  1    0   0   0   0   0   0   0   0   0  25   0   0   0   0   0   0  75   0   0   0  0.41 0.04
   17 I   -2 -3 -3 -3 -2 -3 -3 -4 -3  4  2 -3  1  3  1 -2 -1 -2  0  2    0   0   0   0   0   0   0   0   0  56  12   0   0  21   7   5   0   0   0   0  0.28 0.03
   18 T    2 -2 -1 -2 -1 -1 -1 -2 -2 -1 -2 -1 -1 -3 -1  1  5 -3 -2  0   19   0   0   0   0   0   0   0   0   0   0   0   0   0   0   0  81   0   0   0  0.49 0.05
   19 P    0 -2 -1 -2 -2 -1 -1 -2 -2  0  2 -1  0 -1  3  3  0 -3 -2 -1    0   0   0   0   0   0   0   0   0   4  34   0   0   2  15  45   0   0   0   0  0.24 0.03
   20 A    3 -2 -2 -3 -1 -2 -2  0 -3  1 -1 -2  0 -2 -2  1  0 -3 -2  2   56   0   0   0   0   0   0   4   0   6   0   0   0   0   0   4   0   0   0  31  0.24 0.03
   21 L   -2 -3 -4 -4 -2 -3 -3 -4 -3  2  4 -3  2  0  1 -3 -2 -2 -2  1    0   0   0   0   0   0   0   0   0   3  90   0   0   0   7   0   0   0   0   0  0.48 0.04
   22 F   -3 -3 -4 -4 -3 -4 -4 -4 -2  0  1 -4  0  7 -4 -3 -3  1  3 -1    0   0   0   0   0   0   0   0   0   0  11   0   0  89   0   0   0   0   0   0  0.83 0.05
   23 I   -1 -3 -3 -4 -2 -3 -3 -4 -4  5  1 -3  1 -1 -3 -2  0 -3 -2  3    0   0   0   0   0   0   0   0   0  80   0   0   2   0   0   0   7   0   0  11  0.42 0.04
   24 G    0 -3 -1 -2 -3 -2 -2  6 -2 -4 -4 -2 -3 -4 -2  1 -1 -3 -3 -4    0   0   0   0   0   0   0  87   0   0   0   0   0   0   0  13   0   0   0   0  0.97 0.04
   25 L   -2 -3 -4 -4 -2 -3 -3 -4 -3  1  5 -3  2  0 -3 -2 -1 -2 -1  1    0   0   0   0   0   0   0   0   0   0  96   0   0   0   0   4   0   0   0   0  0.51 0.04
   26 S    0  0  5  0 -2  0  0 -1  0 -3 -3  0 -2 -3 -2  3  1 -4 -2 -3    0   4  51   0   0   0   0   0   0   0   0   0   0   0   0  42   4   0   0   0  0.50 0.04
   27 K   -1  2 -1 -1 -4  1  1 -2 -1 -3 -3  6 -2 -4 -1 -1 -1 -4 -2 -3    0   0   0   0   0   0   0   0   0   0   0 100   0   0   0   0   0   0   0   0  0.68 0.05
   28 I   -2 -4 -4 -4 -2 -3 -4 -4 -4  5  2 -3  1  0 -3 -3 -1 -3 -2  3    0   0   0   0   0   0   0   0   0  89   4   0   0   0   0   0   2   0   0   5  0.49 0.04
   29 R   -2  5 -1 -1 -4  4  1 -2  0 -4 -3  2 -1 -4 -2 -1 -1 -3 -2 -3    0  61   0   0   0  32   0   2   0   0   0   5   0   0   0   0   0   0   0   0  0.65 0.04
   30 L   -2 -3 -4 -4 -2 -3 -4 -4 -3  2  5 -3  2  0 -3 -3 -2 -2 -1  1    0   0   0   0   0   0   0   0   0   7  93   0   0   0   0   0   0   0   0   0  0.53 0.04
   31 I   -2 -4 -4 -4 -2 -3 -4 -4 -4  5  2 -3  1  0 -3 -3 -1 -3 -2  2    0   0   0   0   0   0   0   0   0  89  11   0   0   0   0   0   0   0   0   0  0.50 0.04

                      K         Lambda
Standard Ungapped    0.1474     0.3339
Standard Gapped      0.0410     0.2670
PSI Ungapped         0.1474     0.3339
PSI Gapped           0.0410     0.2670
