
Last position-specific scoring matrix computed, weighted observed percentages rounded down, information per position, and relative weight of gapless real matches to pseudocounts
            A   R   N   D   C   Q   E   G   H   I   L   K   M   F   P   S   T   W   Y   V   A   R   N   D   C   Q   E   G   H   I   L   K   M   F   P   S   T   W   Y   V
    1 M    -3  -3  -4  -5  -3  -2  -4  -5  -3   0   1  -3  10  -2  -4  -3  -2  -3  -3  -1    0   0   0   0   0   0   0   0   0   0   0   0 100   0   0   0   0   0   0   0  1.82 0.33
    2 G    -1  -4  -2  -3  -4  -3  -3   7  -3  -5  -5  -3  -4  -5  -3  -1  -3  -4  -4  -5    0   0   0   0   0   0   0  98   0   0   0   0   0   0   0   2   0   0   0   0  1.60 0.22
    3 N    -1   4   4  -1   2   0  -1  -2  -1  -3  -3   2  -2  -3  -2   1   0  -4  -3  -3    0  37  27   0   5   0   0   0   0   0   0  10   0   0   0  12   5   0   0   0  0.49 0.11
    4 I    -2  -4  -5  -5  -2  -4  -4  -5  -5   5   0  -4   0  -2  -4  -3  -2  -4  -3   5    0   0   0   0   0   0   0   0   0  54   0   0   0   0   0   0   0   0   0  46  0.91 0.21
    5 R    -3   6  -2  -3  -5   0  -1  -4  -1  -4  -4   4  -3  -3  -3  -2  -2  -3   2  -4    0  63   0   0   0   0   0   0   0   0   0  27   0   0   0   0   0   0  10   0  1.06 0.22
    6 Q    -2  -2   0  -2  -3   3   0  -3  -2   0  -3  -1  -2  -4   5  -1   4  -4  -3  -2    0   0   4   0   0  17   4   0   0   7   0   0   0   0  35   0  33   0   0   0  0.78 0.18
    7 T     0   2   0  -1  -3   0  -1  -1  -2  -3  -3   4  -2   0  -2   1   2  -3  -2  -2    4   9   2   2   0   0   0   3   0   0   0  41   0   6   0  13  21   0   0   0  0.38 0.13
    8 F    -1  -2   2   1  -3  -2  -2  -3   1   0  -1  -2  -1   3  -3  -1   2  -1   5   0    2   0  12  10   0   0   0   0   2   6   3   0   0  18   0   0  17   0  25   5  0.33 0.12
    9 I    -2  -4  -4  -5  -2  -4  -4  -5  -5   5   0  -4   0  -2  -4  -3  -1  -4  -3   4    0   0   0   0   0   0   0   0   0  55   0   0   0   0   0   0   2   0   0  43  0.87 0.20
   10 K    -2   1  -2  -2  -5   0  -1  -3  -2  -5  -4   7  -3  -5  -3  -2  -2  -5  -4  -4    0   0   0   0   0   0   0   0   0   0   0 100   0   0   0   0   0   0   0   0  1.48 0.30
   11 R    -2   6   1  -2  -4   1  -1  -3  -1  -4  -4   3  -3  -4  -3   1  -2  -4  -3  -3    0  61   7   0   0   3   0   0   0   0   0  16   0   0   0  11   0   0   0   2  0.87 0.19
   12 V     2  -3  -2  -3  -2  -2  -2  -2  -3   2   1  -2   0  -1  -1   0   3  -3  -2   1   20   0   0   0   0   0   0   0   0  17  13   0   2   2   2   3  30   0   0  10  0.25 0.10
   13 A     4  -3  -2  -3  -2  -2  -2   3  -3  -3  -3  -2  -2  -4  -2   1   0  -4  -3  -1   59   0   0   0   0   0   0  25   0   0   0   0   0   0   0  10   3   0   0   3  0.64 0.17
   14 R    -2   4   0   0  -4   1   2  -3  -1  -1  -1   2   0   0  -3  -1   0  -3   0  -2    0  30   3   4   0   2  19   0   0   4   5  16   3   5   0   0   5   0   2   0  0.31 0.10
   15 E     0   0  -1   0  -3   2   4  -3  -1  -1  -1   1  -1  -3  -2  -1   0  -4  -3   0    6   3   0   2   0  10  43   0   0   3   6  11   0   0   0   2   4   0   0  10  0.35 0.11
   16 L    -3  -4  -5  -5  -2  -3  -4  -5  -4   4   5  -4   1  -1  -4  -4  -2  -3  -2   1    0   0   0   0   0   0   0   0   0  27  67   0   2   0   0   0   0   0   0   4  0.78 0.17
   17 F     0  -3  -4  -4  -2  -3  -3  -4  -2   3   2  -3   2   2  -3  -2  -2  -2   2   2   10   0   0   0   0   0   0   0   0  27  27   0   5   8   0   0   0   0  10  14  0.35 0.10
   18 D    -2   0   0   3  -5   1   6  -2  -2  -4  -4   1  -3  -5  -2  -1  -2  -4  -3  -3    0   3   1  16   0   2  65   2   0   0   0   8   0   0   0   0   0   0   0   2  0.88 0.19
   19 R    -1   4   1  -2  -4   2   0  -3  -1  -3  -2   4   0  -2  -2  -1   0  -4  -2  -3    2  23   8   0   0   7   2   0   0   0   4  43   4   2   0   0   6   0   0   0  0.49 0.14
   20 Y    -3  -3  -1  -4  -4  -3  -3  -5   5  -3  -3  -3  -3   3  -5  -3  -3   0   8  -3    0   0   3   0   0   0   0   0  14   0   0   0   0   9   0   0   0   0  73   0  1.55 0.28
   21 P    -1   0  -2  -2  -4  -1   0   0  -2  -3  -3   1  -3   0   6  -2  -2  -2   3  -3    2   5   0   0   0   2   6  10   0   0   0  12   0   4  42   0   0   0  17   0  0.79 0.15
   22 D    -2  -2   2   5  -4   1   1   1  -2  -4  -4   0  -3  -4   1   0   0  -5  -4  -4    0   0   9  48   0   6   6  10   0   0   0   4   0   0   6   5   7   0   0   0  0.61 0.13
   23 Q     0   3  -2  -2  -3   1   1  -3  -1   0   0   2  -1  -2  -2  -1  -1  -3  -1   0    6  25   0   0   0   8   8   0   0   6  12  18   0   0   0   4   0   0   2  11  0.21 0.08
   24 F    -2  -4  -4  -5  -3  -4  -4  -4  -3   1   2  -4   1   7  -5  -4  -3   4   1  -1    2   0   0   0   0   0   0   0   0   8  22   0   3  59   0   0   0   5   0   0  0.93 0.19
   25 T    -1  -2   2   0  -3  -2  -2   1  -2  -3  -3  -1  -2  -4  -2   1   5  -4  -3  -2    0   0  10   4   0   0   0  11   0   0   0   3   0   0   0   9  63   0   0   0  0.67 0.19
   26 K    -1   1   1   2  -3   0   1   0  -2  -2   0   1  -1  -3  -1   1   2  -3  -3  -2    1   9   6  16   0   0  10   8   0   0  11   7   1   0   2  11  17   0   0   0  0.17 0.06
   27 D    -3  -2   1   7  -5  -1   0  -3  -2  -4  -5   1  -4  -5  -3   0   0  -6  -4  -4    0   0   5  78   0   0   0   0   0   0   0   8   0   0   0   5   4   0   0   0  1.22 0.23
   28 F    -4  -4  -5  -5  -4  -5  -5  -5  -2  -2  -1  -5  -2   8  -5  -4  -4   0   4  -3    0   0   0   0   0   0   0   0   0   0   0   0   0  90   0   0   0   0  10   0  1.78 0.29
   29 E    -2  -1   0   4  -5   2   5  -3   2  -4  -4   0  -3  -4  -3  -1  -1  -4  -3  -4    0   0   3  25   0   8  55   0   6   0   0   2   0   0   0   0   3   0   0   0  0.86 0.18
   30 H     0  -1   1   0  -3   0   3  -3   5  -3  -3   1  -2  -3  -2   0   3  -3   0  -3    6   0   6   5   0   2  21   0  23   0   0   8   0   0   0   0  28   0   2   0  0.45 0.14
   31 N    -3  -2   8   0  -5  -2  -2  -2  -1  -5  -5  -2  -4  -5  -4  -1  -2  -6  -4  -5    0   0 100   0   0   0   0   0   0   0   0   0   0   0   0   0   0   0   0   0  1.86 0.33
   32 K    -2   1  -2  -2  -5   0  -1  -3  -2  -4  -2   7  -3  -5  -3  -2  -2  -5  -3  -4    0   0   0   0   0   0   0   0   0   0   4  96   0   0   0   0   0   0   0   0  1.31 0.28
   33 K    -1   3  -1   0  -4   1   1  -3   1  -3  -1   4   0  -3  -2  -1  -2  -4  -2  -3    6  21   0   5   0   5   6   0   4   0   7  45   2   0   0   0   0   0   0   0  0.48 0.13
   34 K     1  -2  -3  -3  -2  -1  -2  -3  -3   3   2   1   1  -1  -3  -1  -1  -3  -2   2   14   0   0   0   0   2   0   0   0  20  21  12   1   0   0   3   2   0   0  24  0.21 0.08
   35 V    -1  -4  -4  -5   4  -4  -4  -4  -4   1   1  -4   0  -2  -4  -3  -1  -4  -3   5    2   0   0   0  10   0   0   0   0   2  14   0   0   0   0   0   0   0   0  72  0.76 0.20
   36 G     1  -1  -1   2  -3   2   3  -1  -1  -2  -3   0  -1  -4  -2   1   0  -4  -3  -2   17   0   0  16   0   9  30   1   0   3   0   2   2   0   0  15   6   0   0   0  0.36 0.11
   37 E     0   0  -1   1  -4   3   5  -3  -1  -3  -4   2  -3  -4  -2  -1  -1  -4  -3  -3    5   3   0   4   0  15  53   0   0   2   0  12   0   0   0   2   3   0   0   0  0.66 0.16
   38 L    -1  -3  -4  -4  -2  -3  -4  -4  -2   2   3  -3   2   1  -4  -3  -2  -2   3   3    2   0   0   0   0   0   0   0   0  10  38   0   6   2   0   0   0   0  16  27  0.46 0.12
   39 T     3  -2  -2  -3  -2  -2  -2  -2  -3   0  -1  -1   1  -3  -2   1   3  -3  -3   1   42   0   0   0   0   0   0   0   0   5   3   3   6   0   0   5  26   0   0  10  0.35 0.13
   40 N    -1   0   3   2  -3   0   1  -2  -1   1  -1   0  -1  -3   1   0   2  -4  -3   0    0   3  20  13   0   1  10   0   0  12   2   5   1   0   6   3  15   0   0   9  0.19 0.07
   41 V    -2  -3  -3  -1  -2  -3  -3  -4  -4   5   0  -2   0  -2  -1  -2  -1  -4  -1   4    0   0   0   6   0   0   0   0   0  50   0   3   0   0   2   3   1   0   2  33  0.53 0.16
   42 T     0  -1  -1   0  -3   2   2  -2  -1  -2  -2   1  -1  -3   4   1   0  -3  -1   0    5   2   2   4   0  10  15   1   0   0   0   9   2   0  19  11   5   0   2  12  0.28 0.07
   43 S     0  -2  -1  -2  -2  -2  -2  -1  -3  -3  -4  -2  -3  -4  -2   6   3  -4  -3  -3    0   0   0   0   0   0   0   2   0   0   0   0   0   0   0  76  22   0   0   0  0.92 0.24
   44 K    -2   1  -2  -2  -5   0  -1  -3  -2  -5  -4   7  -3  -5  -3  -2  -2  -5  -4  -4    0   0   0   0   0   0   0   0   0   0   0 100   0   0   0   0   0   0   0   0  1.48 0.30
   45 T    -1   3   0  -2  -3   0   0  -1   1  -2  -2   3  -1  -3   1  -1   1  -4  -2  -1    0  24   3   0   0   0   3   5   5   2   0  29   2   0   5   2  15   0   0   6  0.32 0.11
   46 I    -2  -3  -4  -4  -2  -3  -3  -4  -3   2   3  -3   2   0  -3  -2   1  -3   0   3    0   0   0   0   0   0   0   0   0  11  37   0   3   3   0   0   9   0   2  34  0.44 0.12
   47 R    -3   7  -2  -3  -5  -1  -2  -4  -2  -1  -3   2   0  -4  -4  -2  -3  -4  -3  -3    0  84   0   0   0   0   0   0   0   6   0   7   3   0   0   0   0   0   0   0  1.30 0.26
   48 N    -3  -2   8   0  -5  -2  -2  -2  -1  -5  -5  -2  -4  -5  -4  -1  -2  -6  -4  -5    0   0 100   0   0   0   0   0   0   0   0   0   0   0   0   0   0   0   0   0  1.86 0.33
   49 R    -1   5  -2  -2  -4   2   0  -3  -1  -2  -3   4   1  -4  -3  -2  -2  -4  -3  -3    3  50   0   0   0   9   4   0   0   3   0  25   4   0   0   0   0   0   0   0  0.74 0.17
   50 I    -2  -4  -5  -5  -3  -4  -5  -5  -5   6   0  -4   0  -2  -4  -4  -2  -4  -3   3    0   0   0   0   0   0   0   0   0  77   0   0   0   0   0   0   0   0   0  23  1.04 0.23
   51 A     6  -3  -3  -3  -2  -2  -2  -1  -3  -3  -3  -2  -2  -4  -2   0  -1  -4  -3  -2   97   0   0   0   0   0   0   0   0   0   0   0   0   0   0   3   0   0   0   0  1.13 0.26
   52 G    -1  -4  -2  -3  -4  -3  -4   7  -4  -6  -5  -3  -4  -5  -4  -2  -3  -4  -5  -5    0   0   0   0   0   0   0 100   0   0   0   0   0   0   0   0   0   0   0   0  1.80 0.27
   53 Y    -4  -4  -4  -5  -4  -3  -4  -5   0  -3  -3  -4  -3   4  -5  -4  -4   0   9  -3    0   0   0   0   0   0   0   0   0   0   0   0   0  11   0   0   0   0  89   0  1.97 0.33
   54 I    -1  -3  -4  -4   0  -3  -4  -4  -4   4   2  -3   0  -1  -3  -2   0  -3  -2   3    3   0   0   0   2   0   0   0   0  41  19   0   0   0   0   2   5   0   0  29  0.50 0.13
   55 T    -2  -3  -2  -3  -3  -2  -3  -3  -3  -2  -3  -2  -2  -4  -3   0   7  -4  -3  -1    0   0   0   0   0   0   0   0   0   0   0   0   0   0   0   2  95   0   0   3  1.32 0.29
   56 R    -2   6  -1  -3  -4   0  -1  -3   6  -4  -4   1  -3  -4  -3  -1  -2  -4  -2  -4    3  62   0   0   0   0   0   0  27   0   0   3   0   0   0   5   0   0   0   0  1.08 0.22
   57 L    -1  -1  -3  -3  -2  -2  -2  -4  -2   0   4   1   0   0  -3  -2  -2  -2   3   0    3   2   0   0   0   0   0   0   0   2  54  17   0   0   0   0   0   0  16   4  0.35 0.12
   58 V     0  -2  -3  -3  -2  -1  -3  -3  -2   2   0  -1   4  -1  -3  -2  -1  -2   2   3    7   0   0   0   0   3   0   0   0  12   2   5  22   0   0   0   0   0   9  39  0.34 0.12
   59 R    -2   4   1  -2  -4   0  -1  -2  -2  -3  -3   5  -2  -4  -3  -1  -2  -4  -3  -1    0  34   5   0   0   0   0   2   0   0   0  52   0   0   0   0   0   0   0   7  0.69 0.15
   60 M    -2   3  -2  -3  -2  -1  -2  -3  -2   1   1   1   4   0  -3  -1   0  -3  -1   0    0  25   0   0   0   0   0   0   0  12  10   9  26   5   0   4   5   0   0   3  0.24 0.08
   61 K     0   0  -2  -1  -3   1   1  -3  -2   2  -1   4   1  -3   0  -1  -1  -3  -2  -1    8   0   0   0   0   5  12   0   0  21   0  44   6   0   5   0   0   0   0   0  0.27 0.09
   62 E    -1   1  -1   0  -4   4   4  -2  -1  -4  -3   3  -2  -4  -2   1  -1  -3  -2  -3    0   5   0   0   0  31  34   0   0   0   0  20   0   0   0  10   0   0   0   0  0.59 0.10
   63 E    -1   3  -1   0  -4   3   3  -2   2  -4  -3   3  -2  -4  -2  -1  -1  -3  -2  -3    0  15   0   0   0  18  29   0   7   0   0  31   0   0   0   0   0   0   0   0  0.54 0.08
   64 G     1   0   1  -1  -3  -2  -2   6  -2  -4  -4  -1  -3  -4  -2   0  -2  -3  -3  -3   11   7   8   0   0   0   0  74   0   0   0   0   0   0   0   0   0   0   0   0  0.80 0.06
   65 K    -1   2  -1  -1  -3   0   0  -2  -2  -3  -3   4  -2  -4   5  -1   0  -4  -3  -3    0  10   0   0   0   0   0   0   0   0   0  47   0   0  33   0   9   0   0   0  0.70 0.06
   66 M    -1  -3  -3  -4  -1  -2  -3  -4  -3   3   2  -3   2   0  -3  -2  -1  -3  -1   3    0   0   0   0   0   0   0   0   0  23  26   0   7   0   0   0   0   0   0  44  0.34 0.02
   67 L    -1  -2  -4  -4  -1  -2  -3  -4  -3   2   4  -3   2   0  -3  -2  -1  -2  -1   2    0   0   0   0   0   0   0   0   0   0  69   0   0   0   0   0   0   0   0  31  0.36 0.00

                      K         Lambda
Standard Ungapped    0.1377     0.3225
Standard Gapped      0.0410     0.2670
PSI Ungapped         0.1377     0.3225
PSI Gapped           0.0410     0.2670
