
Last position-specific scoring matrix computed, weighted observed percentages rounded down, information per position, and relative weight of gapless real matches to pseudocounts
            A   R   N   D   C   Q   E   G   H   I   L   K   M   F   P   S   T   W   Y   V   A   R   N   D   C   Q   E   G   H   I   L   K   M   F   P   S   T   W   Y   V
    1 V    -2  -3  -3  -3  -2  -2  -3  -4  -3   1   3  -2   3  -1   3  -2  -1  -3  -2   1    0   0   0   0   0   0   0   0   0   5  51   0  17   0  20   0   0   0   0   8  0.47 0.05
    2 S     2   1   0  -2  -2  -1  -1  -1  -2  -2  -2  -1  -2  -3   3   2   1  -3  -2  -1   31  11   3   0   0   0   0   0   0   0   0   0   0   0  17  26   9   0   0   2  0.39 0.07
    3 T    -1   2   2   1  -3   0   0  -2  -1  -3  -2   4  -2  -3  -2   1   1  -4  -3  -3    0   8   9   9   0   0   0   0   0   0   3  46   0   0   0  15   9   0   0   0  0.39 0.07
    4 S     0   2   0  -1  -3   0   1  -2  -1  -2  -2   3   2  -3   1   1   0  -3  -2  -2    8   8   3   0   0   0  10   0   0   0   0  33  14   0   7  13   4   0   0   0  0.26 0.06
    5 R     1   3  -1  -2  -3   0  -1   2  -2  -2  -1   2   1  -3  -2  -1  -1  -3  -2  -1   15  22   0   0   0   0   0  22   0   0   6  24   7   0   0   0   0   0   0   3  0.27 0.06
    6 G     0   3  -2  -2  -2  -1  -1   0  -2   1   1   0   0  -2   1   0   0   1  -2   0   10  26   0   0   0   0   0   7   0  10  17   2   2   0   6   8   2   2   0   7  0.10 0.03
    7 S     1   0   0   0  -2  -1  -1   4  -2  -3  -2  -1   0  -1   0   2   0  -2   0  -2    7   5   3   7   0   0   0  39   0   0   0   0   5   3   4  21   3   0   4   0  0.31 0.03
    8 Q     0   1   2   2  -2   0   1  -1  -1  -3  -3   1  -2  -3  -2   3   0  -3  -2  -3    0  11  16  16   0   2   4   2   0   0   0  12   0   0   0  37   0   0   0   0  0.34 0.03
    9 G     0  -1  -1   0  -3  -2  -2   6  -2  -4  -4  -1  -3  -4  -2   1  -1  -3  -3  -3    0   3   0   3   0   0   0  77   0   0   0   0   0   0   0  17   0   0   0   0  0.86 0.06
   10 C    -1  -4  -4  -4  10  -4  -5  -3  -4  -2  -2  -4  -2  -3  -4  -2  -2  -3  -3  -2    0   0   0   0 100   0   0   0   0   0   0   0   0   0   0   0   0   0   0   0  1.89 0.12
   11 F    -3  -4  -4  -4  -3  -4  -4  -4  -2  -1   0  -4  -1   7  -4  -3  -3   0   3  -1    0   0   0   0   0   0   0   0   0   0   0   0   0 100   0   0   0   0   0   0  1.18 0.09
   12 G     0  -3  -1  -2  -3  -2  -3   6  -3  -4  -4  -2  -3  -4  -3  -1  -2  -3  -4  -4    0   0   0   0   0   0   0 100   0   0   0   0   0   0   0   0   0   0   0   0  1.30 0.08
   13 L    -1   1   1  -2  -2   1  -1  -1   2   0   2  -1   1   0  -2   0  -1  -2  -1   0    4  12   8   0   0   8   0   4  10   0  31   0   5   4   0   5   2   0   0   4  0.07 0.02
   14 K    -1   5  -1  -2  -4   1   0  -2  -1  -3  -3   4  -2  -4   2  -1  -1  -3  -2  -3    0  42   0   0   0   0   0   0   0   0   0  48   0   0  10   0   0   0   0   0  0.65 0.06
   15 L    -2  -3  -4  -4  -2  -2  -3  -4  -3   3   3  -3   3   0  -3  -3  -1  -2  -2   1    0   0   0   0   0   0   0   0   0  36  49   0  16   0   0   0   0   0   0   0  0.45 0.04
   16 D    -2  -2   1   7  -4  -1   2  -2  -2  -4  -4  -1  -4  -4  -2  -1  -2  -5  -4  -4    0   0   0  95   0   0   5   0   0   0   0   0   0   0   0   0   0   0   0   0  1.19 0.08
   17 R    -2   7  -1  -2  -4   1  -1  -3   1  -4  -3   2  -2  -3  -3  -1  -2  -3  -2  -3    0  96   0   0   0   0   0   0   4   0   0   0   0   0   0   0   0   0   0   0  1.02 0.08
   18 I    -2  -4  -4  -4  -2  -3  -4  -4  -4   6   1  -3   1  -1  -3  -3  -1  -3  -2   2    0   0   0   0   0   0   0   0   0 100   0   0   0   0   0   0   0   0   0   0  0.70 0.08
   19 G     0  -3  -1  -2   1  -2  -3   6  -3  -4  -4  -2  -3  -4  -3  -1  -2  -3  -4  -4    0   0   0   0   5   0   0  95   0   0   0   0   0   0   0   0   0   0   0   0  1.19 0.07
   20 A     2  -1   2   0  -1  -1  -1  -1  -1  -2  -3  -1  -2  -3  -1   4   2  -3  -2  -2   20   0   9   4   0   0   0   0   0   0   0   0   0   0   0  59   9   0   0   0  0.41 0.05
   21 A     0  -2  -2  -3  -2   0  -2  -3   0   1   1  -2   4   0  -3  -1  -1   4  -1   2    7   0   0   0   0   8   0   0   3   6   9   0  33   2   0   2   2   7   0  21  0.21 0.04
   22 S     1  -1   0  -1  -1  -1  -1  -1  -1  -3  -3  -1  -2  -3  -1   5   1  -3  -2  -2    0   0   0   0   0   0   0   0   0   0   0   0   0   0   0 100   0   0   0   0  0.71 0.09
   23 G     0  -1  -1  -2  -3  -2  -2   6  -2  -4  -4  -2  -3  -4  -2   1  -1  -3  -3  -3    3   3   0   0   0   0   0  83   0   0   0   0   0   0   0  11   0   0   0   0  0.97 0.06
   24 L    -2  -2  -4  -4  -2  -2  -3  -4  -3   1   4  -3   4   0  -3  -3  -2  -2  -1   0    0   0   0   0   0   0   0   0   0   0  77   0  23   0   0   0   0   0   0   0  0.57 0.06
   25 G     0  -3  -1  -2  -3  -2  -3   6  -3  -4  -4  -2  -3  -4  -3  -1  -2  -3  -4  -4    0   0   0   0   0   0   0 100   0   0   0   0   0   0   0   0   0   0   0   0  1.30 0.08
   26 C    -1  -4  -4  -4  10  -4  -5  -3  -4  -2  -2  -4  -2  -3  -4  -2  -2  -3  -3  -2    0   0   0   0 100   0   0   0   0   0   0   0   0   0   0   0   0   0   0   0  1.89 0.12
   27 W    -2  -1   6   1  -3  -1  -1   1   0  -4  -4  -1  -3  -3  -3   0  -1   5  -2  -3    0   0  80   0   0   0   0   9   0   0   0   0   0   0   0   0   0  11   0   0  0.78 0.06
   28 R     0   4   0  -1  -3   0   0  -2   2  -3  -3   2  -2  -3   1   2   0  -3  -2  -2    6  45   0   0   0   0   0   0   8   0   0   9   0   0   6  26   0   0   0   0  0.38 0.03
   29 R    -1   3  -2  -3  -2  -1  -2  -3  -2   1   2   1   1  -1   1  -2  -1  -3  -2   1    0  27   0   0   0   0   0   0   0   7  39   8   0   0   9   0   0   0   0  11  0.20 0.02
   30 I    -1   2  -2  -3  -2  -1  -2  -3  -2   2   1  -1   2   2  -3  -1   0  -2   0   2    0  23   0   0   0   0   0   0   0  18   9   0   9  14   0   0  10   0   0  18  0.13 0.01
   31 V    -1   0   1  -1  -2   4   0  -2  -1  -1  -2   0  -1  -3   4   0   1  -3  -2   0    0   0  11   0   0  39   0   0   0   0   0   0   0   0  24   0  15   0   0  12  0.42 0.02
   32 D     0  -1   4   5  -3   0   2  -1  -1  -3  -3  -1  -3  -3  -2   0  -1  -4  -3  -3   13   0  29  47   0   0  11   0   0   0   0   0   0   0   0   0   0   0   0   0  0.55 0.02
   33 S     0  -2  -1  -1  -2  -1  -1  -2  -2  -3  -3  -1  -2  -3   7   2   0  -4  -3  -2    0   0   0   0   0   0   0   0   0   0   0   0   0   0  64  36   0   0   0   0  1.22 0.03

                      K         Lambda
Standard Ungapped    0.1395     0.3233
Standard Gapped      0.0440     0.2670
PSI Ungapped         0.1438     0.3178
PSI Gapped           0.0440     0.2670
