
Last position-specific scoring matrix computed, weighted observed percentages rounded down, information per position, and relative weight of gapless real matches to pseudocounts
            A   R   N   D   C   Q   E   G   H   I   L   K   M   F   P   S   T   W   Y   V   A   R   N   D   C   Q   E   G   H   I   L   K   M   F   P   S   T   W   Y   V
    1 M    -1  -1  -2  -3  -2   0  -2  -3  -2   1   2  -1   6   0  -3  -2  -1  -2  -1   1    0   0   0   0   0   0   0   0   0   0   0   0 100   0   0   0   0   0   0   0  0.34 0.00
    2 E     3  -1  -1   0  -2   1   3  -1  -1  -2  -2   0  -2  -3  -1   1   0  -3  -2  -1   50   0   0   0   0   0  50   0   0   0   0   0   0   0   0   0   0   0   0   0  0.36 0.00
    3 L    -2  -2   3  -1  -2  -2  -2  -2  -2   3   2  -2   1  -1  -3  -1  -1  -3  -2   1    0   0  30   0   0   0   0   0   0  41  29   0   0   0   0   0   0   0   0   0  0.18 0.00
    4 D    -1  -1   3   5  -3   0   1  -1  -1  -3  -3  -1  -3  -3  -2   2   0  -4  -3  -3    0   0  22  50   0   0   0   0   0   0   0   0   0   0   0  28   0   0   0   0  0.55 0.02
    5 D    -1   0   2   3  -3   0   2  -2  -1  -1  -2   1  -2  -3  -2   0  -1  -4  -2   0    0   0  16  29   0   0  22   0   0   0   0  16   0   0   0   0   0   0   0  17  0.31 0.01
    6 H     0   0   4   3  -2   0   0  -1   3  -3  -3   1  -2  -3  -2   1   0  -4  -2  -3   11   0  31  21   0   0   0   0  11   0   0  11   0   0   0  15   0   0   0   0  0.36 0.03
    7 N     0  -1   1   3  -2   1   0  -2  -1  -2  -2   1   1  -3  -2   1   3  -3  -2  -1    6   0   6  28   0   6   0   0   0   0   0   9   9   0   0   7  30   0   0   0  0.29 0.05
    8 G     0  -2   1  -1  -3  -1   1   2  -2  -3  -3  -1  -3  -4   5   1   1  -4  -3  -2    5   0   6   0   0   0  10  19   0   0   0   0   0   0  34  13  12   0   0   0  0.62 0.08
    9 E     0   1   2   2  -3   2   3   0  -1  -3  -3   1  -2  -4   0   1   0  -3  -3  -3    5   7  17  10   0  10  25   5   0   0   0   4   0   0   4   8   6   0   0   0  0.33 0.06
   10 T     1  -2   0  -2  -2   0  -1  -1   0  -2  -3   0  -2  -3   2   2   4  -4  -3  -2   12   0   4   0   0   3   0   2   2   0   0   5   0   0  12  12  47   0   0   0  0.45 0.14
   11 D     0  -2   4   4  -3  -1   0  -2   0  -4  -4   0  -3  -4   2   1   0  -4  -3  -3   11   0  30  26   0   0   4   0   2   0   0   5   0   0   9   8   4   0   0   0  0.50 0.13
   12 S     4  -2   2  -1  -2  -1   1  -1  -2  -3  -2   0  -2  -3   0   1   1  -4  -3  -1   46   0  14   0   0   1   9   1   0   0   4   4   0   0   4   8   8   0   0   1  0.35 0.15
   13 V     2   0   0  -2  -2   0  -1  -1   0  -2  -1   2  -1  -1   1   1   2  -3  -2   0   19   3   2   0   0   3   1   3   2   0   5  16   0   3   7  16  14   0   0   7  0.17 0.09
   14 T     1   0  -1  -1  -3   0   0  -1  -1  -3  -3   3  -2  -4   3   1   2  -4  -3  -2   16   4   2   3   0   2   2   3   1   0   1  26   0   0  13   6  18   0   0   2  0.33 0.13
   15 P    -2  -1   2   3  -4   0   1  -2  -2  -4  -2   3  -3  -4   4  -1   0  -5  -3  -3    1   0   9  19   0   1  10   1   0   0   4  24   0   0  23   3   4   0   0   0  0.55 0.17
   16 I     0  -1  -2  -2  -2  -1   0  -3  -3   2   0   0   3  -2   3  -1   0  -4  -2   2    5   3   1   2   0   0   6   0   0  17   4   8  13   0  15   3   5   0   0  17  0.22 0.12
   17 S     2  -1  -1   1  -3   0   4  -1  -2  -4  -3   3  -3  -4  -1   1   0  -4  -3  -3   18   1   2   5   0   1  30   3   0   0   2  20   0   0   3   9   5   0   0   1  0.41 0.19
   18 Q     0   0   2   0  -3   2   2   0   0  -4  -4   2  -3  -4   2   1   1  -4  -3  -3    9   3  11   4   0   8  18   5   2   0   0  15   0   0  10   7   8   0   0   1  0.32 0.13
   19 L    -1  -2  -2  -2  -2  -1   0  -2  -3   2   2  -1   3   1   0  -2  -1   1  -1   0    4   1   2   1   0   3   6   4   0  12  30   4  13   5   5   0   1   2   1   5  0.17 0.11
   20 G    -1  -2   2   1  -3  -2  -2   1   0  -4  -4  -1  -3  -4   0   4   3  -4  -3  -3    1   0  12   9   0   0   0  10   2   0   0   3   0   0   3  40  18   0   0   0  0.54 0.24
   21 Y    -5  -5  -5  -6  -5  -5  -6  -6  -3  -1  -2  -5  -3   8  -6  -5  -5  -1   6  -3    0   0   0   0   0   0   0   0   0   3   0   0   0  73   0   0   0   0  24   0  2.03 0.50
   22 E    -3  -3  -1   0  -6  -1   7  -5  -3  -6  -6  -1  -5  -6  -4  -3  -4  -6  -5  -5    1   0   2   2   0   0  94   0   0   0   0   2   0   0   0   0   0   0   0   0  1.92 0.54
   23 A     1   0   0   1  -4   2   4  -3  -2  -4  -3   0  -2  -4  -3   0   1  -4  -3  -3   16   3   2   7   0  12  37   0   0   0   2   4   1   0   0   5  12   0   0   0  0.50 0.23
   24 C     4  -1   0  -2   0   0  -2   0  -3  -2  -2   0   1  -4  -3   1   0  -4  -3  -2   51   2   5   1   2   4   1   4   0   2   3   5   5   0   0  11   5   0   0   0  0.44 0.23
   25 R    -3   0  -5  -5  -3  -3  -4  -5  -4   2   4  -3   4  -2  -5  -4  -2  -4  -3   1    0   7   0   0   0   0   0   0   0  13  57   0  15   0   0   0   1   0   0   8  0.81 0.29
   26 D     2   0   0   1  -1   1   1  -1  -2  -2  -2   2  -1  -4  -2   1   0  -4  -3  -2   28   2   5   9   1   8  10   3   0   2   2  18   1   0   0   8   3   0   0   1  0.27 0.15
   27 E    -2   3  -2   1  -5   2   5  -3  -1  -5  -4   2  -3  -5  -3  -2  -2  -5  -4  -4    2  19   0   5   0   9  47   2   1   0   0  14   0   0   0   1   0   0   0   0  0.87 0.31
   28 L    -4  -5  -6  -6  -4  -5  -5  -6  -5   1   6  -5   0  -2  -5  -5  -3  -4  -3   0    0   0   0   0   0   0   0   0   0   3  93   0   0   0   0   0   0   0   0   4  1.44 0.43
   29 I    -3  -2  -2   0  -6   2   7  -4  -3  -2  -5  -1  -2  -5  -4  -2  -2  -5  -4  -2    0   0   1   4   0   8  77   0   0   3   0   1   1   0   0   1   1   0   0   3  1.35 0.43
   30 E     0   0   1   1  -3   2   4  -1  -1  -3  -3   1  -3  -4  -2   1   1  -1  -3  -2   10   3   6   5   0  12  31   4   0   0   1   6   0   0   0   8  11   1   0   2  0.38 0.18
   31 V    -3  -5  -5  -5  -3  -5  -5  -6  -5   6   2  -5  -1  -2  -5  -3  -2  -5  -3   2    0   0   0   0   0   0   0   0   0  69  16   0   0   0   0   1   1   0   0  12  1.20 0.37
   32 V    -2  -5  -5  -5  -3  -4  -5  -5  -5   2   0  -4  -1  -3  -5  -4   0  -5  -3   6    2   0   0   0   0   0   0   0   0  10   3   0   0   0   0   0   5   0   0  80  1.27 0.41
   33 R     1   3   1   1  -3   2   2  -1  -1  -3  -3   1  -2  -4  -2   1   1  -4  -3  -2   12  17   8   6   0   9  13   3   1   0   0   9   0   0   0  12   9   0   0   1  0.31 0.14
   34 L     0   3   1  -1  -4   3   1  -2   0  -2  -1   3  -1  -4  -3   0  -1  -4  -3  -3    6  23   6   1   0  14   9   2   2   1   6  20   1   0   0   6   3   0   0   0  0.37 0.17
   35 L    -3  -4  -5  -6  -3  -4  -5  -6  -5   2   5  -4   5  -2  -5  -4  -2  -4  -3  -1    0   0   0   0   0   0   0   0   0  11  69   0  18   0   0   0   2   0   0   0  1.14 0.36
   36 E    -3  -3   0   1  -6   0   7  -4  -3  -6  -5  -2  -4  -6  -4  -3  -3  -5  -5  -5    0   0   4   6   0   1  88   0   0   0   0   0   0   0   0   0   0   0   0   0  1.74 0.50
   37 Q     0   1   2   1  -3   3   0   0  -2  -3  -3   0  -2  -4  -3   3   1  -4  -3  -2    6   7  13   6   0  16   4   6   0   0   2   4   0   0   0  28   6   0   0   2  0.34 0.18
   38 G    -2  -3  -2  -2  -5  -2  -1   6  -4  -6  -6  -2  -5  -5   1  -2  -3  -5  -5  -5    1   1   0   2   0   1   4  80   0   0   0   1   0   0   7   2   1   0   0   0  1.46 0.40
   39 G    -1  -1   2   4  -4   2   4   0  -2  -4  -4   0  -3  -5  -3   0  -1  -5  -4  -3    3   1   9  31   0   8  28   5   0   0   0   5   0   0   0   4   4   0   0   2  0.63 0.23
   40 L    -1  -3  -4  -4  -3  -2  -2  -3  -4   1   4  -3   3  -1  -3  -3   1  -3  -3   3    4   1   0   0   0   1   2   1   0   3  49   0   7   1   1   0   9   0   0  21  0.52 0.22
   41 D     0  -1   0   0  -4  -2   0  -1  -3  -4  -4  -2  -2  -5   5   3   1  -5  -4  -3    7   2   3   6   0   0   7   5   0   0   0   1   1   0  35  26   6   0   0   0  0.76 0.26
   42 L    -4  -5  -6  -6  -4  -5  -5  -6  -5   0   6  -5   0  -2  -5  -5  -4  -4  -3  -1    0   0   0   0   0   0   0   0   0   2  98   0   0   0   0   0   0   0   0   0  1.60 0.46
   43 D    -1  -3  -1   4  -6   0   6  -4  -3  -6  -5  -2  -5  -6  -4  -2  -3  -6  -5  -5    4   0   1  20   0   1  74   0   0   0   0   0   0   0   0   0   0   0   0   0  1.48 0.45
   44 T     0  -1   1   4  -4   2   4  -2  -2  -4  -4   1  -2  -5  -3  -1   0  -5  -4  -4    7   2   6  24   0  10  37   1   0   0   0   6   1   0   0   2   5   0   0   0  0.68 0.25
   45 S     4  -3  -1  -3  -3  -2  -3  -1  -3  -3  -3  -2   0  -4  -3   5  -1  -5  -4   0   33   0   1   0   0   0   0   4   0   0   1   0   3   0   0  51   1   0   0   6  0.77 0.33
   46 L    -3  -4  -5  -5  -3  -4  -5  -5  -5   4   4  -4   2   1  -5  -4  -3  -3  -2   2    1   0   0   0   0   0   0   0   0  25  53   0   6   5   0   0   0   0   0  10  0.83 0.28
   47 K     2   0   1   1  -3   0   2  -2  -1  -3  -4   3  -3  -4  -2   0   0  -4  -3  -2   27   3   9   5   0   2  15   1   1   0   0  26   0   0   0   5   6   0   0   1  0.39 0.20
   48 L     1  -1  -2  -1  -3   1   1  -2  -1   0   2  -1   1  -1  -3   0  -1  -3   0  -1   16   2   1   2   0   9  10   1   1   6  32   3   2   1   0   7   0   0   5   1  0.14 0.13
   49 W    -5  -5  -5  -6  -5  -5  -5  -6  -2  -3  -3  -5  -3   7  -6  -5  -4   5   7  -2    0   0   0   0   0   0   0   0   0   0   0   0   0  51   0   0   0   7  39   2  1.87 0.48
   50 E    -1   0  -2  -1  -5   4   6  -4  -2  -5  -5   2  -4  -5  -3  -1  -3  -5  -4  -4    6   3   1   1   0  20  57   0   0   0   0  10   0   0   0   2   0   0   0   0  1.06 0.36
   51 R    -2   5   0  -1  -5   2   4  -4  -1  -5  -4   2  -3  -5  -3  -1  -1  -5  -4  -3    1  36   3   2   0   9  35   0   0   0   0   8   0   0   0   2   2   0   0   1  0.86 0.30
   52 G     1  -5  -3  -4  -5  -4  -4   7  -4  -6  -6  -4  -5  -6  -4  -2  -4  -5  -5  -5   12   0   0   0   0   0   0  88   0   0   0   0   0   0   0   0   0   0   0   0  1.84 0.46
   53 E     1  -3  -1   0  -3  -1   1  -3  -3   3   0  -2   4  -2  -3  -1  -1  -4  -3   3   11   0   4   4   0   1  12   0   0  20   4   1  15   0   0   2   1   0   0  26  0.32 0.19
   54 V     2   0  -1  -1  -3   2   2   0  -1  -3  -2   3  -2  -4  -2   0   0  -4  -3  -2   25   3   1   1   0  13  19   6   1   0   3  20   0   0   0   2   4   0   0   2  0.33 0.18
   55 L    -4  -3  -5  -6  -2  -3  -5  -6  -2   1   6  -3   0  -1  -5  -4  -2  -4   0  -1    0   1   0   0   1   0   0   0   1   5  84   1   1   0   0   0   2   0   3   0  1.14 0.37
   56 A     2  -1  -2  -3   1  -2  -2  -2   0   0   0   1   1  -2  -2   2   0  -3   0   1   24   2   0   0   3   0   0   0   3   5   9  11   4   0   0  21   6   0   3  11  0.18 0.14
   57 K     0   5   2  -1  -4   1   0  -3  -1  -3  -3   4  -3  -5  -3  -1  -2  -5  -3  -4    9  34   9   2   0   6   4   1   1   1   1  32   0   0   0   1   0   0   0   0  0.71 0.27
   58 R    -1   1  -1   0  -3   2   1  -3   3   0  -1   1  -1   1  -3  -1  -1  -2   1  -1    5  11   0   5   0  14   8   0  12   8   5   6   1  10   0   4   3   0   6   3  0.17 0.11
   59 C    -3  -6  -4  -6  10  -5  -6   0  -5  -2   1  -5  -3  -4  -5  -2  -3  -5  -5  -3    0   0   1   0  72   0   0   7   0   1  16   0   0   0   0   3   1   0   0   0  2.18 0.52
   60 E    -1   2   1   1  -4   5   3  -3   2  -4  -3   0  -3  -3  -3   0  -2  -3   1  -4    4   9   5   9   0  30  20   0   5   0   1   4   0   0   0   5   1   0   6   0  0.55 0.24
   61 E     1   0   0   0  -3   2   2  -1  -2  -4  -3   3  -3  -4  -2   2   1  -4  -3  -2   10   3   3   4   0  10  16   4   0   0   0  25   0   0   0  15   9   0   0   1  0.37 0.18
   62 H    -1   2  -2  -2  -2   1  -1  -3   1   0  -1   3  -1   0  -3  -1   1   2  -1  -1    6  15   0   0   1   7   2   0   5   9   6  26   1   6   0   1   9   3   1   3  0.22 0.15
   63 L    -4  -5  -6  -6  -4  -5  -5  -6  -5   1   6  -5   0  -2  -5  -5  -4  -4  -3  -1    0   0   0   0   0   0   0   0   0   4  96   0   0   0   0   0   0   0   0   0  1.56 0.46
   64 A     0   1   2   2  -4   3   2  -2   0  -3  -3   2  -3  -4  -3   0   0  -4  -3  -3    7   6  14  11   0  19  16   1   2   1   2  13   0   0   0   6   3   0   0   0  0.40 0.18
   65 G     0   0   0   2  -4   4   3   0   1  -4  -4   1  -3  -4  -3   0  -1  -4  -2  -2    8   2   3  11   0  21  23   8   3   0   0  10   0   0   0   4   3   0   1   2  0.42 0.19
   66 A     5  -1  -3  -4  -3  -2  -3  -2  -4  -1  -3  -1  -3  -4  -3  -1  -1  -4  -1   1   72   3   0   0   0   1   0   0   0   2   1   3   0   0   0   1   2   0   2  12  0.87 0.36
   67 R    -3   3  -2  -1  -6   2   6  -4  -2  -6  -5   0  -4  -6  -4  -1  -3  -5  -4  -5    0  17   0   1   0   9  68   0   0   0   0   3   0   0   0   2   0   0   0   0  1.31 0.43
   68 Q     1   0   0   0  -4   4   1   0  -1  -3  -1   2  -1  -3  -3  -1  -1  -4  -3  -3   11   4   3   4   0  32   7   8   1   0   9  17   1   1   0   0   3   0   0   0  0.38 0.21
   69 R    -3   5  -2  -2  -5   4   0  -4   0  -4  -4   5  -3  -5  -3  -2   1  -5  -4  -4    0  30   0   1   0  18   4   0   2   1   0  37   0   0   0   0   8   0   0   0  0.91 0.33
   70 V    -3  -4  -5  -5  -3  -4  -5  -5  -5   5   2  -4   3  -2  -5  -4  -2  -4  -3   4    0   0   0   0   0   0   0   0   0  37  16   0   7   0   0   0   0   0   0  40  0.95 0.32
   71 A     0   1   0   1  -4   3   3  -2  -2  -3  -3   2  -2  -4  -2   1   0  -4  -3  -1    9   8   2   9   0  15  27   1   0   1   0  11   0   0   0   8   5   0   0   5  0.39 0.18
   72 D     0   0  -2   0  -2   0   0  -3  -2   3   0   2   1  -1  -3  -1  -1  -3  -2   2    6   3   0   5   0   5   5   1   1  25   8  17   3   2   0   2   3   0   1  14  0.14 0.12
   73 A    -1  -4  -5  -5  -3  -4  -4  -5  -4   4   4  -4   2  -2  -4  -3  -1  -4  -2   2    5   0   0   0   0   0   0   0   0  26  49   0   4   0   0   0   2   0   1  13  0.75 0.27
   74 L    -2   0  -1  -1  -3  -2  -1  -3  -3   2   3  -1   3  -2  -3  -1   1  -3  -2   1    0   4   2   5   0   1   4   1   0  14  30   3  12   0   0   3  12   0   0   9  0.24 0.15
   75 A     0   0   1   1  -3   2   2   0  -1  -2  -2   2  -2  -3   1   1   0  -4  -3  -2   10   2   5   8   0  10  15   6   1   2   5  14   0   0   5  12   5   0   0   0  0.21 0.11
   76 A     0  -1   2   4  -4   1   3   0  -2  -4  -3   1  -3  -4  -1   0  -1  -4  -4  -4    8   1  11  26   0   7  22   6   0   0   2   7   0   0   2   5   3   0   0   0  0.48 0.19
   77 S     0   1   1   3  -3   0   1   1  -2  -2  -1   0  -2  -2   0   0   0  -4  -3  -2   11   7   5  21   0   3   7   9   0   0  10   7   0   1   5   7   5   0   0   1  0.17 0.10
   78 E     0  -1   2   4  -4   1   3   1  -2  -4  -3   0  -3  -3  -2   0  -1  -4  -3  -2    6   1   8  24   0   4  25  13   0   0   1   5   0   1   1   6   3   0   0   2  0.43 0.17
   79 A     0  -1   0   0  -3   2   2   3  -1  -3  -3   0  -1  -4  -1   0   1  -4  -3  -2    6   2   4   3   0  11  16  30   1   0   1   4   2   0   2   7  11   0   0   2  0.33 0.15
   80 E     1  -2  -1   3  -4   1   4  -1  -2  -4  -3   1  -3  -4  -1  -1  -2  -4  -4  -2   16   0   0  20   0   6  42   3   0   0   2   6   0   0   2   0   1   0   0   3  0.59 0.22
   81 Q    -1  -1   0   1  -3   2   3  -2   0  -1  -2   0  -1   0  -2   0   1  -3  -2  -1    4   0   4   9   0  14  25   2   2   3   0   5   1   7   0   6  13   0   0   5  0.23 0.10
   82 D    -3  -2   3   6  -5  -1   3  -3  -2  -4  -5  -1  -4  -5  -3  -1  -2  -5  -4  -4    0   0  17  58   0   0  25   0   0   0   0   0   0   0   0   0   0   0   0   0  1.08 0.21

                      K         Lambda
Standard Ungapped    0.1315     0.3126
Standard Gapped      0.0470     0.2670
PSI Ungapped         0.1536     0.3187
PSI Gapped           0.0470     0.2670
