
Last position-specific scoring matrix computed, weighted observed percentages rounded down, information per position, and relative weight of gapless real matches to pseudocounts
            A   R   N   D   C   Q   E   G   H   I   L   K   M   F   P   S   T   W   Y   V   A   R   N   D   C   Q   E   G   H   I   L   K   M   F   P   S   T   W   Y   V
    1 M    -1  -2  -3  -4  -2  -1  -2  -3  -2   1   2  -2   7   0  -3  -2  -1  -2  -1   1    0   0   0   0   0   0   0   0   0   0   0   0 100   0   0   0   0   0   0   0  0.48 0.03
    2 S     1  -1   0  -1  -1   0   0   1   3  -3  -3  -1  -2  -3  -1   4   1  -3  -1  -2    0   0   0   0   0   0   0  11  11   0   0   0   0   0   0  78   0   0   0   0  0.39 0.02
    3 L     0  -2  -2  -3  -1  -2  -2  -3  -3   1   3  -2   1  -1  -2   1   1  -2  -1   2    0   0   0   0   0   0   0   0   0   0  50   0   0   0   0  20  11   0   0  19  0.19 0.01
    4 F    -2  -3  -4  -4  -2  -3  -3  -4  -3   1   4  -3   2   3  -4  -3  -2  -1   0   1    0   0   0   0   0   0   0   0   0   0  79   0   0  21   0   0   0   0   0   0  0.43 0.01
    5 P    -1  -3  -2  -2  -3  -2  -1  -3  -3  -3  -3  -1  -3  -4   9  -1  -1  -4  -4  -3    0   0   0   0   0   0   0   0   0   0   0   0   0   0 100   0   0   0   0   0  2.10 0.03
    6 V     0  -3  -3  -4  -1  -3  -3  -4  -4   3   1  -3   1  -1  -3  -2   0  -3  -1   5    0   0   0   0   0   0   0   0   0   0   0   0   0   0   0   0   0   0   0 100  0.40 0.02
    7 I    -1  -2  -3  -4  -2  -1  -3  -3  -2   2   2  -2   5   3  -3  -2  -1  -1   0   2    0   0   0   0   0   0   0   0   0  13   0   0  60  16   0   0   0   0   0  11  0.30 0.02
    8 V     0  -3  -3  -4  -1  -3  -3  -4  -4   3   1  -3   1  -1  -3  -2   0  -3  -1   5    0   0   0   0   0   0   0   0   0   0   0   0   0   0   0   0   0   0   0 100  0.40 0.02
    9 V    -1  -3  -4  -4  -1  -2  -3  -4  -3   3   3  -3   2   0  -3  -2  -1  -3  -1   3    0   0   0   0   0   0   0   0   0  29  31   0   8   0   0   0   0   0   0  32  0.32 0.01
   10 F    -3  -3  -4  -4  -3  -4  -4  -4  -2   0   0  -4   0   7  -4  -3  -3   1   3  -1    0   0   0   0   0   0   0   0   0   0   0   0   0 100   0   0   0   0   0   0  0.84 0.02
   11 G     0  -3  -1  -2  -3  -2  -3   6  -2  -4  -4  -2  -3  -4  -3   0  -2  -3  -4  -4    0   0   0   0   0   0   0 100   0   0   0   0   0   0   0   0   0   0   0   0  1.10 0.02
   12 L    -2  -2  -4  -4  -2  -2  -3  -4  -3   2   4  -3   3   0  -3  -3  -1  -2  -1   1    0   0   0   0   0   0   0   0   0   0  89   0  11   0   0   0   0   0   0   0  0.46 0.01
   13 S     1  -1   1   0  -1   0   0   0  -1  -3  -3   0  -2  -3  -1   5   1  -3  -2  -2    0   0   0   0   0   0   0   0   0   0   0   0   0   0   0 100   0   0   0   0  0.51 0.02
   14 F    -3  -3  -4  -4  -3  -4  -4  -4  -2   0   0  -4   0   7  -4  -3  -3   1   3  -1    0   0   0   0   0   0   0   0   0   0   0   0   0 100   0   0   0   0   0   0  0.84 0.02
   15 P    -1  -3  -2  -2  -3  -2  -1  -3  -3  -3  -3  -1  -3  -4   9  -1  -1  -4  -4  -3    0   0   0   0   0   0   0   0   0   0   0   0   0   0 100   0   0   0   0   0  2.10 0.03
   16 P    -1  -3  -2  -2  -3  -2  -1  -3  -3  -3  -3  -1  -3  -4   9  -1  -1  -4  -4  -3    0   0   0   0   0   0   0   0   0   0   0   0   0   0 100   0   0   0   0   0  2.10 0.03
   17 I     0  -3  -3  -3  -1  -3  -3  -3  -3   4   1  -3   1  -1  -3  -2  -1  -3  -2   3   11   0   0   0   0   0   0   0   0  57   0   0   0   0   0   0   0   0   0  32  0.30 0.01
   18 F    -3  -3  -4  -4  -3  -4  -4  -4  -2   0   1  -4   0   7  -4  -3  -2   1   3  -1    0   0   0   0   0   0   0   0   0   0   8   0   0  92   0   0   0   0   0   0  0.74 0.02
   19 F    -2  -3  -4  -4  -2  -3  -4  -4  -2   2   2  -3   1   6  -4  -3  -2   0   2   0    0   0   0   0   0   0   0   0   0  19  14   0   0  67   0   0   0   0   0   0  0.51 0.01
   20 E     0  -1  -1   1  -3   1   5  -2  -1  -1  -2   0  -1  -3  -2   0  -1  -3  -2   1   11   0   0   0   0   0  69   0   0   0   0   0   0   0   0   0   0   0   0  20  0.39 0.01
   21 L    -2  -3  -4  -4  -2  -2  -3  -4  -3   2   4  -3   3   0  -3  -3  -1  -2  -1   1    0   0   0   0   0   0   0   0   0  11  81   0   8   0   0   0   0   0   0   0  0.43 0.01
   22 L    -2  -3  -4  -4  -2  -3  -3  -4  -3   3   3  -3   3   0  -3  -3  -1  -2  -1   2    0   0   0   0   0   0   0   0   0  42  50   0   9   0   0   0   0   0   0   0  0.37 0.01
   23 L     0  -3  -3  -4  -1  -2  -3  -3  -3   3   3  -3   1   0  -3  -2  -1  -3  -1   3   11   0   0   0   0   0   0   0   0  15  36   0   0   0   0   0   0   0   0  37  0.26 0.01
   24 S     2  -1   0  -1  -1   0   0   0  -1  -3  -3   0  -2  -3   1   4   1  -3  -2  -2   11   0   0   0   0   0   0   0   0   0   0   0   0   0   7  82   0   0   0   0  0.44 0.02
   25 L    -2  -3  -4  -4  -2  -3  -3  -4  -3   2   5  -3   2   0  -3  -3  -1  -2  -1   1    0   0   0   0   0   0   0   0   0   0 100   0   0   0   0   0   0   0   0   0  0.50 0.02
   26 A     3  -2  -2  -2  -1  -1  -1  -1  -2  -1  -1  -1   2  -2   2   1   2  -3  -2   0   50   0   0   0   0   0   0   0   0   0   0   0  19   0  11   0  20   0   0   0  0.26 0.01
   27 I    -2  -3  -4  -4  -2  -3  -3  -4  -3   3   4  -3   2   0  -3  -3  -1  -2  -1   1    0   0   0   0   0   0   0   0   0  21  79   0   0   0   0   0   0   0   0   0  0.43 0.01
   28 F    -3  -3  -4  -4  -3  -4  -4  -4  -2   0   0  -4   0   7  -4  -3  -3   1   3  -1    0   0   0   0   0   0   0   0   0   0   0   0   0 100   0   0   0   0   0   0  0.84 0.02
   29 W    -3  -3  -4  -5  -3  -3  -4  -3  -2  -1  -1  -4  -1   5  -4  -3  -3  10   3  -2    0   0   0   0   0   0   0   0   0   0   0   0   0  49   0   0   0  51   0   0  1.33 0.02
   30 L     0  -3  -4  -4  -1  -2  -3  -3  -3   2   3  -3   2   0  -3  -2  -1  -2  -1   2    8   0   0   0   0   0   0   0   0  11  58   0   0   0   0   0   0   0   0  23  0.30 0.01
   31 V    -1  -3  -4  -4   3  -3  -3  -4  -3   3   2  -3   1  -1  -3  -2  -1  -3  -2   3    0   0   0   0  11   0   0   0   0  11  33   0   0   0   0   0   0   0   0  45  0.30 0.01
   32 R    -2   6   1  -2  -3   1   0  -3  -1  -1  -2   2  -1  -3  -2  -1  -1  -3  -2  -2    0  72   9   0   0   0   0   0   0  11   0   8   0   0   0   0   0   0   0   0  0.50 0.01
   33 R    -2   6  -1  -2  -4   1   0  -3   0  -4  -3   3  -2  -3  -2  -1  -1  -3  -2  -3    0  93   0   0   0   0   0   0   0   0   0   7   0   0   0   0   0   0   0   0  0.78 0.02
   34 V     0  -3  -3  -4  -1  -2  -3  -3  -3   2   3  -2   2   1  -3  -2  -1  -2  -1   2   11   0   0   0   0   0   0   0   0   7  45   0   7   8   0   0   0   0   0  22  0.24 0.01
   35 L    -2  -3  -4  -4  -2  -3  -3  -4  -3   2   4  -3   2   0  -3  -3  -1  -2  -1   1    0   0   0   0   0   0   0   0   0  11  89   0   0   0   0   0   0   0   0   0  0.46 0.01
   36 V     0   0  -1  -1  -2   4   0  -2   3  -1   0   0   0  -2  -2   0   2  -3  -1   0    7   0   0   0   0  41   0   0  11   0   8   0   0   0   0   0  19   0   0  13  0.19 0.01
   37 P    -1  -2  -2  -2  -3  -1  -1  -2  -2  -3  -3  -1  -3  -4   8   0  -1  -4  -3  -3    0   0   0   0   0   0   0   0   0   0   0   0   0   0  89  11   0   0   0   0  1.79 0.02
   38 T     0  -1   0  -1  -1  -1  -1  -1  -2  -2  -2  -1  -1  -3  -1   3   4  -3  -2  -1    0   0   0   0   0   0   0   0   0   0   0   0   0   0   0  39  61   0   0   0  0.42 0.01
   39 G     0  -3  -1  -2  -3  -2  -3   6  -2  -4  -4  -2  -3  -4  -3   0  -2  -3  -4  -4    0   0   0   0   0   0   0 100   0   0   0   0   0   0   0   0   0   0   0   0  1.10 0.02
   40 I    -2  -3  -4  -4  -2  -3  -4  -4  -4   4   3  -3   1   0  -3  -3  -1  -3  -2   2    0   0   0   0   0   0   0   0   0  78  22   0   0   0   0   0   0   0   0   0  0.40 0.01
   41 Y    -2  -2  -3  -4  -3  -2  -2  -4   2  -2  -1  -2  -1   3  -4  -2  -2   2   8  -2    0   0   0   0   0   0   0   0   0   0   0   0   0   0   0   0   0   0 100   0  0.98 0.03
   42 D    -2  -1   1   6  -4   0   3  -2  -1  -4  -4   0  -3  -4  -2   0  -1  -4  -3  -3    0   0   0  75   0   0  25   0   0   0   0   0   0   0   0   0   0   0   0   0  0.82 0.02
   43 F    -2  -3  -4  -4  -2  -3  -3  -4  -2   0   2  -3   2   6  -4  -3  -2   5   2  -1    0   0   0   0   0   0   0   0   0   0  19   0  11  59   0   0   0  11   0   0  0.55 0.01
   44 V     0  -3  -3  -4  -1  -3  -3  -4  -4   3   1  -3   1  -1  -3  -2   0  -3  -1   4    0   0   0   0   0   0   0   0   0  11   0   0   0   0   0   0   0   0   0  89  0.39 0.02
   45 W    -3  -3  -4  -5  -3  -2  -3  -3  -3  -3  -2  -4  -2   1  -4  -3  -3  12   2  -3    0   0   0   0   0   0   0   0   0   0   0   0   0   0   0   0   0 100   0   0  2.50 0.04
   46 H    -2   0   0  -1  -4   0   0  -3   9  -4  -3  -1  -2  -2  -3  -1  -2  -3   2  -4    0   0   0   0   0   0   0   0 100   0   0   0   0   0   0   0   0   0   0   0  1.01 0.03
   47 P    -1  -3  -2  -2  -3  -2  -1  -3  -3  -3  -3  -1  -3  -4   9  -1  -1  -4  -4  -3    0   0   0   0   0   0   0   0   0   0   0   0   0   0 100   0   0   0   0   0  2.10 0.03
   48 A     5  -2  -2  -2  -1  -1  -1   0  -2  -2  -2  -1  -1  -3  -1   1   0  -3  -2   0  100   0   0   0   0   0   0   0   0   0   0   0   0   0   0   0   0   0   0   0  0.45 0.02
   49 L    -2  -3  -4  -4  -2  -3  -3  -4  -3   2   5  -3   2   0  -3  -3  -1  -2  -1   1    0   0   0   0   0   0   0   0   0   0 100   0   0   0   0   0   0   0   0   0  0.50 0.02
   50 F    -3  -3  -4  -4  -3  -4  -4  -4  -2   0   0  -4   0   7  -4  -3  -3   1   3  -1    0   0   0   0   0   0   0   0   0   0   0   0   0 100   0   0   0   0   0   0  0.84 0.02
   51 N    -2  -1   7   1  -3   0   0  -1   1  -4  -4   0  -3  -4  -2   1   0  -4  -3  -3    0   0 100   0   0   0   0   0   0   0   0   0   0   0   0   0   0   0   0   0  0.81 0.02
   52 T     0  -2   0  -1   4  -1  -1  -2  -2  -1  -2  -1  -1  -3  -1   2   5  -3  -2   0    0   0   0   0  11   0   0   0   0   0   0   0   0   0   0   9  80   0   0   0  0.44 0.02
   53 A     4  -2  -1  -2  -1  -1  -1   0  -2  -2  -2  -1  -1  -3  -1   2   0  -3  -2   0   89   0   0   0   0   0   0   0   0   0   0   0   0   0   0  11   0   0   0   0  0.41 0.02
   54 L    -2  -3  -4  -4  -2  -3  -3  -4  -3   2   5  -3   2   0  -3  -3  -1  -2  -1   1    0   0   0   0   0   0   0   0   0   0 100   0   0   0   0   0   0   0   0   0  0.50 0.02
   55 Y    -2  -2  -3  -4  -3  -2  -3  -4   1  -1  -1  -2  -1   4  -4  -2  -2   2   7  -1    0   0   0   0   0   0   0   0   0   0   0   0   0  20   0   0   0   0  80   0  0.85 0.02
   56 C     0  -4  -3  -4   9  -3  -4   2  -3  -2  -2  -3  -2  -3  -3  -1  -1  -3  -3  -1    0   0   0   0  82   0   0  18   0   0   0   0   0   0   0   0   0   0   0   0  1.04 0.02
   57 C    -1  -4  -3  -4  10  -4  -4  -3  -4  -2  -2  -4  -2  -3  -3  -1  -1  -3  -3  -1    0   0   0   0 100   0   0   0   0   0   0   0   0   0   0   0   0   0   0   0  1.38 0.03
   58 L    -1  -3  -4  -4  -1  -3  -3  -4  -3   2   4  -3   2   0  -3  -3  -1  -2  -1   2    0   0   0   0   0   0   0   0   0   0  83   0   0   0   0   0   0   0   0  17  0.42 0.01
   59 F    -3  -3  -4  -4  -3  -4  -4  -4  -2   0   0  -4   0   7  -4  -3  -3   1   3  -1    0   0   0   0   0   0   0   0   0   0   0   0   0 100   0   0   0   0   0   0  0.84 0.02
   60 Y    -2  -2  -3  -4  -3  -2  -2  -4   2  -2  -1  -2  -1   3  -4  -2  -2   2   8  -2    0   0   0   0   0   0   0   0   0   0   0   0   0   0   0   0   0   0 100   0  0.98 0.03
   61 L    -2  -3  -4  -4  -1  -3  -3  -4  -3   2   4  -3   2   0  -3  -3  -1  -2  -1   1    0   0   0   0   0   0   0   0   0   0  89   0   0   0   0   0   0   0   0  11  0.45 0.01
   62 I    -1  -3  -3  -3  -1  -3  -3  -4  -3   4   2  -3   1   0  -3  -2   0  -3  -1   3    0   0   0   0   0   0   0   0   0  43  20   0   0   0   0   0   7   0   0  30  0.30 0.01
   63 S     1  -1   0  -1  -1  -1  -1  -1  -1  -2  -2  -1  -1   2  -1   4   1  -2   0  -2    0   0   0   0   0   0   0   0   0   0   0   0   0  20   0  80   0   0   0   0  0.33 0.02
   64 R    -2   5  -1  -2   2   0  -1  -3   3  -3  -2   1  -2  -2  -3  -1  -2   5   0  -3    0  68   0   0   8   0   0   0  12   0   0   0   0   0   0   0   0  12   0   0  0.56 0.01
   65 L    -2  -2  -4  -4  -2  -2  -3  -4  -3   2   4  -3   3   0  -3  -3  -1  -2  -1   1    0   0   0   0   0   0   0   0   0   0  91   0   9   0   0   0   0   0   0   0  0.46 0.01
   66 F    -2  -3  -3  -4  -3  -3  -3   1  -2   0   1  -3   0   6  -4  -2  -2   0   3  -1    0   0   0   0   0   0   0  15   0   0  10   0   0  75   0   0   0   0   0   0  0.51 0.01
   67 V     0  -3  -3  -4  -1  -3  -3  -4  -4   3   1  -3   1  -1  -3  -2   0  -3  -1   4    0   0   0   0   0   0   0   0   0  15   0   0   0   0   0   0   0   0   0  85  0.37 0.01

                      K         Lambda
Standard Ungapped    0.1557     0.3428
Standard Gapped      0.0410     0.2670
PSI Ungapped         0.1557     0.3428
PSI Gapped           0.0410     0.2670
