
Last position-specific scoring matrix computed, weighted observed percentages rounded down, information per position, and relative weight of gapless real matches to pseudocounts
            A   R   N   D   C   Q   E   G   H   I   L   K   M   F   P   S   T   W   Y   V   A   R   N   D   C   Q   E   G   H   I   L   K   M   F   P   S   T   W   Y   V
    1 M    -2  -2  -3  -4  -2  -1  -3  -4  -3   0   1  -2   9  -1  -4  -2  -2  -2  -2   0    0   0   0   0   0   0   0   0   0   0   0   0 100   0   0   0   0   0   0   0  1.05 0.15
    2 R    -2   6  -1  -2   0   0  -1  -3   2  -4  -3   1  -2  -3  -3  -1  -2  -3   1  -3    0  87   0   0   3   0   0   0   5   0   0   0   0   0   0   0   0   0   6   0  0.88 0.10
    3 C    -1  -4  -4  -4  10  -4  -5  -2  -4  -2  -2  -4  -2  -1  -4  -2  -2  -3  -3  -2    0   0   0   0  95   0   0   3   0   0   0   0   0   3   0   0   0   0   0   0  1.78 0.14
    4 L    -1  -3  -4  -4  -2  -3  -3  -4  -3   2   4  -3   1   1  -3  -3  -1  -2  -1   3    0   0   0   0   0   0   0   0   0   0  65   0   0   5   0   0   0   0   0  30  0.45 0.06
    5 P    -1  -3  -3  -2  -4   0  -2  -3  -3  -4  -4  -2  -3  -5   8  -1  -2  -5  -4  -3    0   0   0   0   0   5   0   0   0   0   0   0   0   0  92   3   0   0   0   0  2.07 0.12
    6 V    -1  -3  -4  -4  -1  -3  -3  -4  -4   2   0  -3   0  -2  -3  -2  -1  -4  -2   5    0   0   0   0   0   0   0   0   0   0   0   0   0   0   0   0   0   0   0 100  0.66 0.10
    7 F    -3  -4  -4  -4  -3  -4  -4  -4  -2  -1   0  -4  -1   8  -5  -3  -3   0   3  -2    0   0   0   0   0   0   0   0   0   0   0   0   0 100   0   0   0   0   0   0  1.24 0.12
    8 V    -1  -3  -4  -4  -2  -3  -4  -4  -4   4   1  -3   1  -1  -3  -3  -1  -3  -2   4    0   0   0   0   0   0   0   0   0  49   4   0   0   0   0   0   0   0   0  47  0.56 0.09
    9 I    -2  -4  -4  -4  -2  -4  -4  -5  -4   6   1  -4   1  -1  -4  -3  -1  -4  -2   2    0   0   0   0   0   0   0   0   0  95   0   0   0   0   0   0   0   0   0   5  0.79 0.13
   10 L    -2  -3  -4  -5  -2  -3  -4  -5  -4   1   5  -3   2   1  -4  -3  -2  -2  -1   0    0   0   0   0   0   0   0   0   0   0  96   0   0   4   0   0   0   0   0   0  0.72 0.11
   11 L    -2  -3  -4  -4  -2  -3  -4  -4  -4   1   5  -3   1   0   0  -3  -2  -2  -2   0    0   0   0   0   0   0   0   0   0   0  95   0   0   0   5   0   0   0   0   0  0.69 0.11
   12 L    -2  -3  -4  -4  -2  -3  -4  -2  -4   1   5  -3   1   0  -4  -3  -2  -2  -2   1    0   0   0   0   0   0   0   4   0   0  93   0   0   0   0   0   0   0   0   3  0.64 0.10
   13 L    -2  -3  -4  -5  -2  -3  -4  -5  -4   1   5  -3   2   0  -4  -3  -2  -2  -2   0    0   0   0   0   0   0   0   0   0   0 100   0   0   0   0   0   0   0   0   0  0.77 0.11
   14 I    -2  -4  -3  -4  -2  -3  -4  -4  -4   6   1  -3   1  -1  -3  -1   0  -3  -2   2    0   0   0   0   0   0   0   0   0  88   0   0   2   0   0   6   4   0   0   0  0.61 0.11
   15 A     4  -2  -2  -2  -2  -2  -2  -1  -2  -2  -2  -1  -2  -3   5   1  -1  -4  -3   0   60   0   0   0   0   0   0   0   0   0   0   0   0   0  30   6   0   0   0   5  0.68 0.09
   16 S     0  -2   0  -1  -2  -1  -1  -1  -2  -3  -3  -1  -2  -3  -2   6   1  -4  -3  -3    0   0   0   0   0   0   0   0   0   0   0   0   0   0   0 100   0   0   0   0  0.84 0.14
   17 A     4  -2  -2  -2  -1  -1  -1   0  -2  -2  -2  -1  -2  -3   0   1   1  -3  -2   0   74   0   0   0   0   0   2   3   0   0   0   0   0   0   4   0  13   0   0   4  0.46 0.09
   18 P     0  -3  -3  -2  -4  -2  -2  -3  -3  -4  -4  -2  -3  -5   8   0  -2  -5  -4  -3    5   0   0   0   0   0   0   0   0   0   0   0   0   0  90   5   0   0   0   0  2.06 0.15
   19 S     0  -2   0  -1   1  -1  -1   1  -2  -3  -3  -1  -2  -3  -2   5   1  -4  -3  -2    0   0   0   0   4   0   0  10   0   0   0   0   0   0   0  84   2   0   0   0  0.63 0.12
   20 V     0  -3  -3  -4  -2  -3  -3  -4  -3   2   0  -3   0   2  -3  -2   0  -3  -1   5    4   0   0   0   0   0   0   0   0   3   0   0   0  13   0   0   6   0   0  73  0.43 0.09
   21 D    -2  -2   1   7  -4  -1   1  -2  -2  -4  -4  -1  -4  -4   1  -1  -2  -5  -1  -4    3   0   2  86   0   0   0   0   0   0   0   0   0   0   6   0   0   0   3   0  1.08 0.12
   22 D     4  -2  -1   3  -2  -1  -1  -1  -2  -2  -2  -1  -2  -3   1   0  -1  -4  -3   0   56   0   0  28   0   0   0   0   0   0   0   0   0   0   6   0   0   0   0  10  0.39 0.08
   23 N    -2   3   4   0  -4   4   1  -2   1  -3  -2   1  -2  -4  -2  -1  -1  -3  -2  -3    0  23  29   3   0  36   2   0   3   0   2   0   0   0   0   0   2   0   0   0  0.51 0.08
   24 A     2  -2  -3  -2  -3   0  -2  -2  -3  -1  -1  -2  -2  -3   7  -1  -1  -4  -3  -1   24   0   0   0   0   5   0   0   0   2   8   0   0   0  58   0   0   0   0   4  1.04 0.09
   25 K    -1   2   0  -1  -4   2   0  -2  -1  -3  -2   5  -1  -4  -2  -1  -1  -4  -2  -3    0   6   3   0   0  10   0   0   0   0   3  75   1   0   0   0   1   0   0   0  0.63 0.10
   26 G    -1   3   1  -2  -2  -1  -1  -1  -2  -2  -2   0  -2  -3  -1   1   4  -3  -2  -1    2  27   6   0   0   0   0   4   0   0   0   0   0   0   2   3  56   0   0   0  0.44 0.09
   27 T    -1   1  -1  -1  -3   0   1  -2  -2  -1  -1   4  -1  -3  -2   0   3  -3  -2  -1    0   4   0   0   0   0  11   0   0   4   5  45   0   0   0   0  31   0   0   0  0.35 0.07
   28 Q    -2  -1   0   4  -3   2   0  -3  -1  -1   1   0  -1  -2  -2  -1  -1  -3  -1  -1    2   2   2  43   0  15   0   0   0   2  28   3   0   0   0   0   0   0   3   0  0.32 0.07
   29 H    -2   2   0   4  -4   3   1  -2   2  -4  -3   1  -2  -3  -2  -1  -2  -3  -1  -3    0  18   0  40   0  24   5   0   6   0   0   5   0   0   0   0   0   0   2   0  0.54 0.07
   30 K     0   2  -2  -2  -2   1  -1  -2  -2   1   1   0   1   0   0  -1   0  -3  -1   1    6  19   0   0   0  12   1   1   0  11  14   4   4   5   3   0   6   0   0  14  0.10 0.04
   31 R    -2   2  -2  -3  -3  -1  -2  -3   3  -1   1   0  -1   0   3  -1  -2   6  -1  -2    0  20   0   0   0   0   0   0  11   3  24   3   0   2  19   3   0  15   0   0  0.45 0.09
   32 I    -1   0   1   0  -3   0  -2  -3  -2   0   2   0   1  -1  -3  -2  -1   7  -1  -1    6   7  12   8   0   3   0   0   0   7  28   6   3   0   0   0   2  18   0   0  0.29 0.07
   33 I     0  -1   3   0  -2   0  -1  -2  -1   0  -1   2   0  -2  -2   1   1   3  -2  -1    6   0  23   4   0   3   0   0   0   8   5  18   4   0   0  13   9   6   0   1  0.18 0.07
   34 N    -1   5   2  -2  -4   1   0  -2  -1  -2  -2   3  -2  -3  -2   0  -1  -4  -3  -3    4  43  10   0   0   3   2   0   0   4   2  25   0   0   0   6   2   0   0   0  0.51 0.11
   35 W    -1   4  -1   0  -3   0   0   0   0  -3  -2   0   1  -1   0   1  -1   3   0  -2    2  35   1   6   0   3   4   9   2   0   2   3   5   2   4  15   0   5   2   2  0.29 0.12
   36 C    -3  -6  -5  -5  11  -5  -2  -2  -5  -4  -4  -5  -4  -5  -5  -2  -1  -5  -5  -3    0   0   0   0  87   0   4   4   0   0   0   0   0   0   0   2   3   0   0   0  2.54 0.41
   37 C    -3  -6  -5  -6  12  -6  -7  -5  -6  -4  -4  -6  -4  -5  -6  -4  -4  -5  -5  -3    0   0   0   0 100   0   0   0   0   0   0   0   0   0   0   0   0   0   0   0  3.32 0.48
   38 L    -2   0  -3  -4   5  -1  -3  -1  -3  -1   0  -3  -2  -1   6  -2  -2  -4   0  -1    0   5   0   0  13   3   0   5   0   5   9   0   0   3  48   0   0   0   5   3  0.95 0.20
   39 T     0   2   0   0  -3   0   1   1  -1  -1  -1   1  -2   0   0   0   1  -2   1  -1    5  13   3   3   0   3  13  14   0   3   4   7   0   3   4   4  11   0   8   3  0.11 0.05
   40 F    -2   0   1   2  -3   0   1  -2   2   0  -2   0  -1   1  -1   0   0   0   1  -1    0   3   9  14   0   4  12   0   6  10   2   6   1   8   2   8   7   2   5   2  0.12 0.06
   41 Y    -1   0   0  -2  -3   0   0  -1  -2  -1   0  -1   0   2   4   0  -1  -2   2  -1    2   5   5   0   0   3   7   4   0   4   9   2   3  13  23   7   2   0   9   2  0.26 0.08
   42 Q     0  -1  -1  -2   0   0  -1   2  -2  -2   0  -2   0   0   1   0   0   6  -1  -1    5   3   2   2   3   6   3  19   0   0  12   0   3   3   9   9   5  13   2   2  0.22 0.08
   43 C    -3  -6  -5  -6  12  -6  -7  -5  -6  -4  -4  -6  -4  -5  -6  -4  -4  -5  -5  -3    0   0   0   0 100   0   0   0   0   0   0   0   0   0   0   0   0   0   0   0  3.32 0.48
   44 C    -3  -6  -5  -6  11  -6  -6  -5  -6  -4  -4  -6  -4  -5  -5  -3  -3  -5  -5  -3    0   0   0   0 100   0   0   0   0   0   0   0   0   0   0   0   0   0   0   0  3.21 0.45

                      K         Lambda
Standard Ungapped    0.1436     0.3354
Standard Gapped      0.0411     0.2670
PSI Ungapped         0.1344     0.3176
PSI Gapped           0.0411     0.2670
