
Last position-specific scoring matrix computed, weighted observed percentages rounded down, information per position, and relative weight of gapless real matches to pseudocounts
           A  R  N  D  C  Q  E  G  H  I  L  K  M  F  P  S  T  W  Y  V   A   R   N   D   C   Q   E   G   H   I   L   K   M   F   P   S   T   W   Y   V
    1 M   -1 -2 -2 -3 -2 -1 -2 -3 -2  1  2 -2  6  0 -3 -2 -1 -2 -1  1    0   0   0   0   0   0   0   0   0   0   0   0 100   0   0   0   0   0   0   0  0.46 0.03
    2 S    2 -1  0 -1 -1  0  0  0 -1 -2 -2  0 -2 -3  2  4  1 -3 -2 -2   13   0   0   0   0   0   0   0   0   0   0   0   0   0  11  76   0   0   0   0  0.44 0.01
    3 P    2 -2 -2 -2 -2 -1 -1 -1 -2 -2 -3 -1 -2 -3  6  1 -1 -3 -3 -2   26   0   0   0   0   0   0   0   0   0   0   0   0   0  62  11   0   0   0   0  1.14 0.02
    4 Q   -1  2  0 -1 -3  5  1 -2  0 -3 -2  2 -1 -3 -1  0  0 -2 -2 -2    0   6   0   0   0  74   0   0   0   0   3  14   0   0   0   0   3   0   0   0  0.55 0.03
    5 T    0 -1  0 -1 -1 -1 -1 -2 -2 -1 -2 -1 -1 -2  1  2  4 -3 -2  0    4   0   0   0   0   0   0   0   0   0   0   0   0   0   8   8  80   0   0   0  0.47 0.03
    6 E    0  2  0  1 -3  2  4 -2  0 -3 -3  2 -2 -3 -1  0 -1 -3 -2 -2    7  11   0   0   0   9  61   0   0   0   0  12   0   0   0   0   0   0   0   0  0.52 0.02
    7 T    0 -1  0 -1 -1 -1 -1 -2 -2  0 -1 -1 -1 -2 -1  2  4 -3 -2  0    0   0   0   0   0   0   0   0   0   4   0   0   0   0   0  14  82   0   0   0  0.45 0.02
    8 K   -1  2  0 -1 -3  4  1 -2  0 -3 -2  4 -1 -3 -1  0 -1 -3 -2 -2    0   4   0   0   0  34   0   0   0   0   0  62   0   0   0   0   0   0   0   0  0.51 0.02
    9 A    3 -1  0 -1 -1 -1 -1 -1 -2 -1 -2 -1 -1 -2 -1  2  3 -3 -2  0   41   0   0   0   0   0   0   0   0   0   0   0   0   0   0  18  41   0   0   0  0.33 0.01
   10 K    0  1  0 -1 -2  0  0  3 -1 -3 -3  2 -2 -3 -1  1  1 -3 -2 -2    3   3   0   0   0   0   0  34   0   0   0  32   0   0   0  19   9   0   0   0  0.33 0.01
   11 V    2 -2 -1 -2 -1 -1 -1 -1 -2  1  0 -1  0  0 -2  1  1 -2 -1  2   27   0   0   0   0   0   0   0   0   0   0   3   0   4   0  12  15   0   0  39  0.14 0.01
   12 G    0 -2 -1 -1 -3 -1  0  5 -2 -4 -4 -1 -3 -3 -2  0 -2 -3 -3 -3    0   0   0   0   0   0   9  91   0   0   0   0   0   0   0   0   0   0   0   0  0.94 0.02
   13 F   -2 -3 -3 -4 -3 -3 -3 -3  0 -1  0 -3  0  6 -4 -2 -2  1  5 -1    0   0   0   0   0   0   0   0   0   0   0   0   0  73   0   0   0   0  27   0  0.75 0.02
   14 Q   -1  2  0  0 -3  3  1 -2 -1 -3 -3  4 -1 -3 -1  0 -1 -3 -2 -2    0   0   0   4   0  23   0   0   0   0   0  73   0   0   0   0   0   0   0   0  0.49 0.02
   15 A    4 -2 -2 -2 -1 -1 -1  0 -2 -1 -2 -1 -1 -2 -1  1  0 -3 -2  0  100   0   0   0   0   0   0   0   0   0   0   0   0   0   0   0   0   0   0   0  0.45 0.02
   16 G    0 -2 -1 -1 -3 -2 -2  6 -2 -4 -4 -2 -3 -3 -2  0 -2 -3 -3 -3    0   0   0   0   0   0   0 100   0   0   0   0   0   0   0   0   0   0   0   0  1.10 0.02
   17 V    0 -3 -3 -3 -1 -2 -3 -3 -3  2  1 -2  1 -1 -2 -2  0 -3 -1  4    0   0   0   0   0   0   0   0   0   0   0   0   0   0   0   0   0   0   0 100  0.40 0.02
   18 K   -1  2  0 -1 -3  2  1 -2 -1 -3 -3  5 -1 -3 -1  0 -1 -3 -2 -2    0   4   0   0   0   8   0   0   0   0   0  88   0   0   0   0   0   0   0   0  0.54 0.02
   19 D   -2 -2  1  6 -4  0  2 -2 -1 -3 -4 -1 -3 -4 -2  0 -1 -4 -3 -3    0   0   0  90   0   0  10   0   0   0   0   0   0   0   0   0   0   0   0   0  0.92 0.02
   20 Y   -2 -2 -2 -3 -3 -2 -2 -3  2 -2 -1 -2 -1  3 -3 -2 -2  2  7 -1    0   0   0   0   0   0   0   0   0   0   0   0   0   0   0   0   0   0 100   0  0.98 0.03
   21 K   -1  5  0 -1 -3  1  0 -2 -1 -3 -2  3 -1 -3 -2 -1 -1 -3 -2 -3    0  60   0   0   0   0   0   0   0   0   0  40   0   0   0   0   0   0   0   0  0.62 0.01
   22 L   -2 -2 -3 -4 -1 -2 -3 -4 -3  2  4 -3  2  0 -3 -3 -1 -2 -1  1    0   0   0   0   0   0   0   0   0   9  91   0   0   0   0   0   0   0   0   0  0.47 0.01
   23 T    0 -1  1 -1 -1 -1 -1 -2 -2 -1 -1 -1 -1 -2 -1  1  5 -3 -2  0    0   0   8   0   0   0   0   0   0   0   0   0   0   0   0   0  92   0   0   0  0.48 0.02
   24 Y   -2 -2 -2 -3 -3 -2 -2 -3  2 -2 -1 -2 -1  3 -3 -2 -2  2  7 -1    0   0   0   0   0   0   0   0   0   0   0   0   0   0   0   0   0   0 100   0  0.98 0.03
   25 Y   -2 -2 -2 -3 -3 -2 -2 -3  2 -2 -1 -2 -1  3 -3 -2 -2  2  7 -1    0   0   0   0   0   0   0   0   0   0   0   0   0   0   0   0   0   0 100   0  0.98 0.03
   26 T    0 -1  0 -1 -1 -1 -1 -2 -2 -1 -1 -1 -1 -2 -1  1  5 -3 -2  0    0   0   0   0   0   0   0   0   0   0   0   0   0   0   0   0 100   0   0   0  0.54 0.02

                      K         Lambda
Standard Ungapped    0.1261     0.3112
Standard Gapped      0.0387     0.2670
PSI Ungapped         0.1264     0.3176
PSI Gapped           0.0387     0.2670
