
Last position-specific scoring matrix computed, weighted observed percentages rounded down, information per position, and relative weight of gapless real matches to pseudocounts
            A   R   N   D   C   Q   E   G   H   I   L   K   M   F   P   S   T   W   Y   V   A   R   N   D   C   Q   E   G   H   I   L   K   M   F   P   S   T   W   Y   V
    1 M    -2  -3  -4  -5  -3  -2  -3  -4  -3   0   1  -3   9   0  -4  -3  -2  -3  -2   1    0   0   0   0   0   0   0   0   0   0   5   0  86   4   0   0   0   0   0   5  1.16 0.22
    2 Q     1   1  -1   2  -3   3   1  -1  -1  -3  -3   3  -2  -4  -2   0   0  -3  -3  -3   11   7   0  12   0  24   6   4   0   0   0  25   0   0   0   6   5   0   0   0  0.36 0.09
    3 K    -1   4  -1  -2   3   1  -1  -3  -2  -3  -3   5  -2  -4  -1   0  -1  -4  -3  -3    2  23   0   0   8   2   0   0   0   1   0  52   0   0   2   6   3   0   0   0  0.61 0.15
    4 Y    -3  -3  -4  -5  -3  -3  -4  -4  -1  -2   0  -3   5   4  -4  -3  -3   7   6  -2    0   0   0   0   0   0   0   0   0   0   5   0  22  19   0   0   0  20  34   0  1.11 0.20
    5 V    -2   1  -2  -1  -3   3   3  -3  -2   1   0   1   1  -2  -2  -1  -1  -3  -2   1    0   6   0   0   0  20  22   1   0  12   7  12   5   0   0   0   1   0   0  15  0.25 0.10
    6 C    -3  -6  -5  -6  11  -5  -6  -5  -5  -3  -3  -5  -4  -5  -5  -3  -3  -5  -5  -3    0   0   0   0 100   0   0   0   0   0   0   0   0   0   0   0   0   0   0   0  3.03 0.42
    7 N     0   2   0   0  -2   0  -1  -1  -2   0  -1   1  -1  -3   1   1   2  -3  -2   1    4  14   4   6   0   2   0   4   0   5   3  12   0   0   6  11  16   0   0  13  0.12 0.05
    8 V    -1  -3  -3  -1  -2  -1  -1  -4  -3   3   0  -3   1  -2  -2  -1   0  -4  -2   4    3   0   0   4   0   3   3   0   0  26   4   0   3   0   1   3   4   0   0  46  0.39 0.13
    9 C    -3  -6  -5  -6  11  -5  -6  -5  -5  -3  -3  -5  -4  -5  -5  -3  -3  -5  -5  -3    0   0   0   0 100   0   0   0   0   0   0   0   0   0   0   0   0   0   0   0  3.03 0.42
   10 G    -2  -3   1  -2  -4   2  -1   6  -3  -5  -3  -2  -3  -3  -4  -2  -3   6  -3  -4    0   0   6   0   0  12   2  65   0   0   2   0   0   0   0   0   0  12   0   0  1.05 0.21
   11 Y    -3  -3  -4  -5  -4  -1  -3  -4   3  -3  -2  -3  -3   2  -5  -3  -1   8   7  -3    0   0   0   0   0   2   0   0   8   0   1   0   0   5   0   0   4  24  55   0  1.52 0.27
   12 E    -2  -1  -3  -3  -3   1   1  -3  -3   4   0  -2   0  -2  -1  -3  -2  -4  -2   3    0   4   0   0   0   7  12   2   0  44   0   0   0   0   2   0   0   0   0  30  0.42 0.15
   13 Y    -4  -4  -4  -5  -4  -3  -4  -5   0   0  -3  -4  -3   1  -5  -4  -4   0   9  -3    0   0   0   0   0   0   0   0   0   7   0   0   0   0   0   0   0   0  93   0  2.04 0.36
   14 D    -3  -3   1   7  -5  -2   0  -3  -3  -2  -5  -2  -4  -5   1  -2   0  -6  -4  -4    0   0   5  76   0   0   3   0   0   3   0   0   0   0   7   0   7   0   0   0  1.22 0.24
   15 P    -2  -3  -3  -2  -5  -1   4   0  -3  -5  -5  -2  -4  -5   7  -2  -3  -5  -4  -4    0   0   0   0   0   0  30   7   0   0   0   0   0   0  64   0   0   0   0   0  1.59 0.26
   16 A     4  -2  -1   0   0  -1   2   1  -2  -2  -2  -1  -2  -3  -2   1  -1  -3  -3  -1   52   0   2   5   2   0  17   7   0   0   3   0   0   0   0   5   0   0   0   3  0.36 0.12
   17 E    -1   0  -1   1  -3   1   3  -3  -2   0   0   2  -1  -2  -2  -1  -1  -3  -2   1    2   2   0   6   0   7  24   0   0   5  12  21   0   0   0   3   2   0   0  15  0.19 0.08
   18 H    -1  -3  -1  -2  -3  -2  -3   6   0  -4  -4  -2  -3  -4  -3  -1  -2  -3  -3  -4    1   1   1   1   0   1   1  85   3   1   1   1   0   1   1   1   1   0   0   1  1.28 0.20
   19 D    -1  -2   0   5  -3  -1   3  -2  -2  -3  -3  -1  -3  -4   2  -1  -2  -4  -3  -3    6   1   1  49   0   1  24   1   0   1   1   1   0   1  11   1   1   0   0   1  0.75 0.15
   20 N    -1  -3   2  -1  -3  -2  -2   6  -2  -4  -4  -2  -3  -3  -1  -1  -2  -3  -3  -3    1   1  14   3   0   1   1  70   0   1   1   1   0   1   3   1   1   0   0   1  0.97 0.16
   21 V    -1  -2  -1  -2  -2  -2  -2  -3  -3  -2  -2  -2   0  -3  -2   0   6  -3  -3   0    1   1   1   1   0   1   1   1   0   1   1   1   3   1   1   1  82   0   0   4  0.96 0.22
   22 P     0   1  -1  -1   0  -1  -1  -1  -2  -3  -2   1  -1  -3   6   1  -1  -3  -3  -2   10   8   3   2   2   1   2   2   0   1   3  11   2   1  39   9   2   0   0   1  0.61 0.10
   23 F    -4  -4  -4  -5  -4  -4  -4  -4  -3  -2  -2  -4  -2   7  -5  -4  -3   9   1  -3    1   0   0   0   0   0   0   0   0   0   1   0   0  64   0   0   0  29   0   0  1.72 0.27
   24 D     1  -1   2   2  -3   1   4  -1  -1  -3  -3   0  -3  -4  -2   1  -1  -4  -3  -3   16   0  10  12   0   3  38   2   0   2   0   4   0   0   0  11   2   0   0   0  0.44 0.12
   25 Q     1  -1   1   5  -4   0   2  -2  -2  -3  -1   0  -3  -4  -2   0  -2  -4  -3  -3   14   2   6  48   0   4  13   0   0   0   7   3   0   0   0   3   0   0   0   0  0.58 0.15
   26 L     0  -3  -4  -4  -2  -3  -4  -4  -4   3   4  -3   1  -1  -4  -3  -2  -3  -2   3    7   0   0   0   0   0   0   0   0  19  52   0   0   0   0   0   0   0   0  23  0.57 0.15
   27 P    -3  -4  -4  -3  -5  -3   0  -4  -4  -5  -5  -3  -4  -5   8  -1  -1  -6  -5  -4    0   0   0   0   0   0   7   0   0   0   0   0   0   0  88   2   3   0   0   0  2.28 0.32
   28 D     0  -2   1   5  -4  -1   4  -3  -2  -2  -3  -1  -3  -4  -3  -1  -2  -5  -4  -3   11   0   4  46   0   0  32   0   0   3   3   2   0   0   0   0   0   0   0   0  0.76 0.18
   29 D    -2  -2   2   5  -3  -1   1   0   3  -3  -4  -1  -3  -3  -2   0   0  -4   0  -3    1   0  11  49   0   0   4   7   8   0   1   0   0   0   0   6   7   0   3   0  0.61 0.14
   30 W    -4  -4  -5  -5  -4  -4  -4  -4  -4  -4  -3  -4  -3   4  -5  -4  -4  12   0  -4    1   0   0   0   0   0   0   0   0   0   1   0   0  16   0   0   0  77   0   0  2.86 0.36
   31 C     0   2  -2  -3   3  -1  -1  -3   0   0   1   1   0  -2  -3   0   0  -3  -2   2    5  16   0   0   8   0   2   0   4   2  16   9   2   0   0   6   2   0   0  27  0.16 0.08
   32 C    -3  -6  -5  -6  11  -5  -6  -5  -5  -3  -3  -5  -4  -5  -5  -3  -3  -5  -5  -3    0   0   0   0 100   0   0   0   0   0   0   0   0   0   0   0   0   0   0   0  3.03 0.42
   33 P    -3  -4  -4  -4  -5  -3  -3  -4  -4  -5  -5  -3  -5  -6   9  -3  -3  -6  -5  -4    0   0   0   0   0   0   0   0   0   0   0   0   0   0 100   0   0   0   0   0  2.78 0.37
   34 V    -2   1   1   3  -3   0   1  -1  -2   0   0  -1  -1  -2  -3  -1  -1  -4  -2   2    0   9   9  19   0   3  13   3   0   3  12   0   0   0   0   2   1   0   0  27  0.17 0.09
   35 C    -3  -6  -5  -6  11  -5  -6  -5  -5  -3  -3  -5  -4  -5  -5  -3  -3  -5  -5  -3    0   0   0   0 100   0   0   0   0   0   0   0   0   0   0   0   0   0   0   0  3.03 0.42
   36 G     0  -3   1   2  -4  -2  -2   5   0  -4  -5  -1  -4  -4  -3   0  -1  -4  -4  -4    6   0   5  12   0   0   0  64   3   0   0   4   0   0   0   3   3   0   0   0  0.85 0.17
   37 V     3  -3  -3  -3  -2  -2  -3   0   0   1   1  -2   0  -2  -3  -1  -1  -4  -2   3   39   0   0   0   0   0   0   6   3   3  13   0   2   0   0   0   0   0   0  34  0.35 0.14
   38 S     0  -1  -1   2  -3  -2  -1   4  -3  -4  -3  -1  -3  -4   3   0  -1  -4  -4  -3    3   2   0  16   0   0   2  46   0   0   3   4   0   0  13   7   4   0   0   0  0.58 0.13
   39 K    -2   2  -2  -2  -5   1  -1  -3  -2  -4  -4   7  -3  -5  -3  -2  -2  -5  -3  -4    2   6   0   0   0   3   0   0   0   0   0  89   0   0   0   0   0   0   0   0  1.26 0.28
   40 D     0  -2   1   4  -3   0   3  -2  -2  -1  -2   0  -2  -3  -2   1   0  -4  -3  -1    5   0   7  30   0   0  27   0   0   3   4   3   0   0   0  12   4   0   0   5  0.42 0.12
   41 Q     0  -1  -1   3  -3   3   2  -2   0  -2  -2   1  -1  -2  -2   0  -1  -3  -1   1    7   0   0  20   0  19  14   0   2   0   1  11   2   1   0   6   0   0   3  15  0.26 0.10
   42 F    -4  -5  -5  -5  -4  -5  -5  -5  -3  -2   0  -5  -1   8  -5  -4  -4  -1   2  -2    0   0   0   0   0   0   0   0   0   0   7   0   0  90   0   0   0   0   4   0  1.72 0.30
   43 S    -1   1   0   2  -4   2   4  -2  -1  -3  -3   1  -2  -4  -2   1   1  -4  -3  -3    0   5   2   7   0  10  49   0   0   0   0   6   0   0   0   9  11   0   0   0  0.54 0.10
   44 P     0  -3  -3  -2  -3  -2  -2  -3  -3  -3  -3  -2  -3  -4   8  -1  -2  -4  -4  -3    6   0   0   0   0   0   0   0   0   0   0   0   0   0  94   0   0   0   0   0  2.07 0.09
   45 A     3  -2  -1  -2  -1  -1  -1   0  -2   0  -1  -1  -1  -2  -1   2   0  -3  -2   1   59   0   0   0   0   0   0   0   0   0   0   0   0   0   0  20   0   0   0  21  0.25 0.00

                      K         Lambda
Standard Ungapped    0.1417     0.3222
Standard Gapped      0.0467     0.2670
PSI Ungapped         0.1527     0.3178
PSI Gapped           0.0467     0.2670
