
Last position-specific scoring matrix computed, weighted observed percentages rounded down, information per position, and relative weight of gapless real matches to pseudocounts
            A   R   N   D   C   Q   E   G   H   I   L   K   M   F   P   S   T   W   Y   V   A   R   N   D   C   Q   E   G   H   I   L   K   M   F   P   S   T   W   Y   V
    1 M    -3  -4  -5  -6  -4  -3  -5  -5  -5   2   0  -4   9  -3  -5  -4  -3  -4  -4   4    0   0   0   0   0   0   0   0   0  11   2   0  59   0   0   0   0   0   0  27  1.51 0.47
    2 R    -3   8  -4  -5  -6  -2  -3  -4  -3  -6  -4   1  -4  -6  -5  -3  -4  -6  -5  -4    2  87   0   0   0   1   0   1   0   0   2   6   0   0   0   1   0   0   0   1  2.02 0.63
    3 E    -2  -1  -1   1  -3   0   2  -3  -3   3  -1   0  -1  -3   1  -2  -2  -4  -3   3    0   2   4   8   0   3  14   1   0  18   3   7   0   0   8   1   1   0   0  31  0.32 0.22
    4 K    -2   0   0  -3  -3   1  -2  -1  -1   2  -1   5  -2  -4  -3  -2   1  -5  -3   0    2   2   5   0   1   6   0   5   2  13   5  43   0   0   0   1   7   0   0   7  0.45 0.28
    5 I    -1  -4  -6  -6  -4  -5  -5  -6  -6   6   0  -5  -2  -1  -5  -4  -2  -5  -4   5    5   1   0   0   0   0   0   0   0  50   3   0   0   2   0   0   1   0   0  39  1.23 0.45
    6 R     0   1   0  -3  -3  -1  -2  -1  -1   2  -2   3  -2  -2  -1   0   4  -4  -3  -1    6   7   3   0   0   1   0   3   2  15   1  20   0   1   2   6  30   0   0   3  0.35 0.25
    7 L    -4  -5  -6  -7  -4  -5  -6  -7  -6  -1   6  -5   3  -2  -6  -5  -4  -5  -4  -1    0   0   0   0   0   0   0   0   0   1  90   0   7   1   0   0   0   0   0   2  1.67 0.57
    8 V     3   0   0  -2  -4   0   4  -2  -3  -1  -2   0  -1  -3  -3  -1  -2  -5  -4   1   25   3   4   0   0   3  34   3   0   2   2   6   2   1   0   1   1   0   0  13  0.42 0.27
    9 S    -3  -6  -3  -6  10  -5  -3  -5  -1  -5  -5  -4  -5  -6  -6   3  -4  -6  -6  -5    0   0   1   0  68   0   2   0   2   0   0   1   0   0   0  27   0   0   0   0  2.56 0.75
   10 S    -1  -2  -1  -1  -2  -1   1  -3  -4  -2  -4  -1  -3  -3  -4   3   6  -5  -4  -1    3   1   2   2   1   2   9   1   0   2   0   3   0   1   0  20  51   0   0   3  0.78 0.40
   11 A     3  -2   0   0  -3   0   4  -1  -1  -2  -4  -2  -3  -5  -3   1  -1  -5  -4   0   26   0   4   5   0   3  35   3   1   1   0   1   0   0   0   9   2   0   0   9  0.51 0.30
   12 K    -2  -5  -3  -1  10  -3  -3   3  -3  -5  -5  -3  -4  -6  -5  -2  -1  -5  -5  -3    3   0   1   5  59   1   1  20   1   0   0   2   0   0   0   2   4   0   0   2  1.83 0.57
   13 T    -1  -1  -1  -2  -3  -2  -3   4  -1  -3  -3   3  -4  -5  -3   0   4  -5  -4  -3    2   3   2   1   0   1   0  34   2   1   2  18   0   0   0   5  29   0   0   0  0.67 0.34
   14 G    -1   0   1   0  -4   2   1   3   0  -1  -3  -1  -1  -4  -3   2  -1  -4  -3  -1    3   5   8   5   0   9   7  28   2   5   0   2   2   0   0  19   1   0   0   4  0.33 0.20
   15 H    -3   5   0  -2  -5  -1  -1  -3   4  -2  -3   0  -2   2  -4   0  -2  -3   3  -2    1  39   4   1   0   1   3   1  11   3   1   3   1  10   0   9   1   0   9   2  0.61 0.30
   16 F    -4   3   6  -2  -2  -1  -3  -4  -2  -3  -3  -2  -2   4  -5  -2   0  -4   0  -4    0  19  45   1   1   2   0   0   0   1   1   0   1  19   0   2   5   0   3   0  0.97 0.42
   17 Y    -5  -5  -6  -7  -3  -5  -6  -7  -1  -5  -4  -3  -5   1  -7  -5  -5   1  10  -5    0   0   0   0   1   0   0   0   1   0   1   1   0   4   0   0   0   1  92   0  2.86 0.78
   18 T    -2  -3   1  -3  -3  -3  -3  -4   0   3   0  -2  -1  -2  -3   1   4  -2   0   2    1   1   7   0   0   0   0   0   2  18   7   1   1   1   0   9  34   1   4  13  0.42 0.26
   19 T    -2  -4  -3  -4  -4  -3  -4  -4  -4  -1  -3  -1  -1  -3  -4   0   7  -5  -4   0    2   0   0   0   0   0   0   1   0   4   2   5   1   1   0   6  72   0   0   7  1.23 0.49
   20 T    -1   1   0   0  -1   2   0  -2  -2  -2  -3   2   1  -2  -1   0   4  -3  -2  -2    2   6   4   4   1  11   4   1   0   3   0  18   4   1   3   7  29   0   1   1  0.34 0.22
   21 K    -2   3  -3  -4  -6  -2  -1  -5  -4  -4  -3   7  -4  -6  -4  -3  -3  -6  -5  -2    3  12   0   0   0   0   1   0   0   1   2  77   0   0   0   0   1   0   0   2  1.51 0.54
   22 N    -3  -3   8  -1  -5  -1  -1  -3  -2  -6  -6  -3  -5  -5  -4   2  -3  -6  -5  -5    1   0  77   2   0   3   3   0   0   0   0   0   0   0   0  12   0   0   0   0  1.77 0.56
   23 K    -1   5  -2  -3  -5   0  -1  -2  -3  -3  -4   5  -2  -5   2   0  -2  -5  -4  -3    4  34   1   1   0   1   1   2   0   1   1  36   1   0   9   7   1   0   0   1  0.81 0.34
   24 R    -2   5  -1  -2  -4   0  -1  -2   3  -4  -2   4  -3  -4  -1  -1  -1  -4  -2  -3    3  40   1   1   0   3   2   3   7   0   3  26   0   0   2   3   2   0   1   1  0.72 0.29
   25 L    -2  -1   6   0  -4  -1  -2  -2  -1  -4  -2   1  -2  -4  -2   0   3  -5  -4  -4    3   2  52   2   0   1   1   1   1   0   4   8   1   0   2   4  17   0   0   0  0.89 0.36
   26 H    -1   1   2   1  -3   1  -2  -3   3  -2   0   1   2  -3  -3   0   3  -4  -2  -2    4   6  10   8   0   5   0   0   9   0   8   8   7   0   0   3  27   0   0   1  0.30 0.22
   27 P     0  -2  -3  -4  -4   0  -2  -2  -4  -3  -4  -1  -4  -5   7  -1   3  -1  -5  -2    6   2   1   0   0   4   2   2   0   1   1   3   0   0  52   3  22   1   0   2  1.23 0.42
   28 E    -2  -2   2   4  -5   0   4   0  -2  -3  -4   0  -4  -5  -2   0   0  -5  -4  -4    1   1   9  23   0   2  38   7   0   2   0   4   0   0   1   4   6   0   0   0  0.66 0.29
   29 K    -4   7  -3  -4  -6   0  -2  -5  -3  -6  -5   5  -4  -6  -2  -3  -4  -6  -5  -5    0  58   0   0   0   2   0   0   0   0   0  39   0   0   1   0   0   0   0   0  1.67 0.55
   30 I    -4  -5  -6  -6  -4  -4  -5  -6  -5   2   5  -5   4  -1  -5  -4  -3  -4  -2   0    0   0   0   0   0   0   0   0   0  13  67   0  13   2   0   1   0   0   1   4  1.15 0.41
   31 E    -1  -2  -3  -1  -5   0   6  -4  -3  -4  -4  -1  -2  -5  -4   1   1  -5  -4  -1    4   1   0   1   0   2  66   0   0   1   1   2   1   0   0   9   7   0   0   6  1.08 0.45
   32 I    -2  -4  -5  -5  -3  -3  -5  -5  -4   2   4  -2   3   2  -5  -4  -2  -3  -2   2    2   0   0   0   0   0   0   0   0   9  55   3   6  10   0   0   1   0   0  13  0.76 0.31
   33 K    -3   3   2  -3  -5   0  -2  -4  -3  -2  -3   6   1  -5  -2  -1  -2  -5  -4  -4    1  18  11   0   0   3   1   0   0   2   2  51   5   0   1   4   2   0   0   0  0.87 0.38
   34 K    -4   0  -3  -4  -6  -2  -2  -5   0  -6  -6   8  -1  -6  -4  -3  -4  -6  -5  -6    0   2   0   0   0   0   0   0   2   0   0  95   1   0   0   0   0   0   0   0  2.13 0.68
   35 F    -5  -5  -6  -7  -6  -5  -6  -6   1  -4  -3  -6  -4   7  -7  -5  -5  -1   8  -4    0   0   0   0   0   0   0   0   2   0   0   0   0  47   0   0   0   0  51   0  2.24 0.64
   36 D    -4  -6   0   5  10  -5  -4  -5  -5  -5  -5  -5  -5  -6  -6  -2  -4  -6  -6  -5    0   0   4  30  64   0   0   0   0   0   0   0   0   0   0   3   0   0   0   0  2.43 0.67
   37 P    -3   1  -3  -4  -4  -2  -3  -5  -2  -6  -6   2  -5  -4   7   0  -3  -6  -5  -5    1   8   1   0   0   2   0   0   1   0   0  13   0   1  66   7   1   0   0   0  1.75 0.53
   38 V    -2   2   0  -3  -3  -1  -2  -4   4  -1  -2   2  -1   2  -4  -2   0   0   3   2    0  12   4   0   0   2   0   0  11   3   1  16   1   8   0   1   5   1  13  21  0.34 0.22
   39 V     0  -5  -5  -2   9  -5  -2  -5  -5   0   0  -4  -3  -4  -5  -3  -2  -5  -5   2    7   0   0   3  54   0   3   0   0   6  10   0   0   0   0   1   1   0   0  15  1.53 0.48
   40 R    -3   5   4  -3  -3   0  -2   1   1  -5  -4   2  -4  -4  -4  -1  -3  -4   1  -4    0  35  24   0   1   3   0  12   3   0   1  14   0   0   0   2   0   0   5   0  0.75 0.33
   41 K    -1   2  -3  -3  -5   1  -1  -3  -2  -4  -5   7  -3  -6  -4  -1  -1  -5  -4  -4    4  10   0   0   0   6   2   1   1   1   0  67   0   0   0   4   3   0   0   0  1.18 0.45
   42 H    -4   0  -3  -5  -6  -1  -3  -5  10  -5  -5  -1   0  -4  -4  -3  -4  -5   2  -1    1   5   0   0   0   2   0   0  73   0   0   3   3   0   0   1   1   0   5   6  2.17 0.64
   43 V    -2  -3  -3  -4   0  -2  -3  -5  -5  -1  -3  -2  -1  -4  -4  -2   6  -5  -4   4    1   1   0   0   2   2   1   0   0   1   0   2   1   0   0   1  60   0   0  30  1.16 0.48
   44 V    -1  -3  -3  -1  -3  -2   0  -4  -4   3   3  -3   1  -1  -2  -3   0  -4  -3   2    3   0   0   3   0   2   6   0   0  22  37   0   3   1   1   1   5   0   0  14  0.43 0.22
   45 Y    -5  -4  -3  -5  -2  -3  -4  -6  10  -5  -5  -5  -4   5  -6  -5  -5  -4   4  -6    0   0   0   0   1   0   0   0  66   0   0   0   0  22   0   0   0   0  11   0  2.37 0.67
   46 K    -2   4  -1  -2  -5   0  -1  -1  -2  -3  -3   5  -3  -4  -4  -2  -1  -5  -4  -2    2  26   1   1   0   2   1   6   1   1   2  49   0   1   0   1   3   0   0   3  0.87 0.37
   47 E    -4  -3  -4  -2  -7   0   8  -6  -3  -7  -6  -2  -5  -7  -5  -4  -4  -6  -6  -6    0   0   0   0   0   3  97   0   0   0   0   0   0   0   0   0   0   0   0   0  2.31 0.72
   48 A     0  -1  -2  -3  -3  -1   0  -1  -3   3  -2   0   0  -3  -3   1   4  -4  -3   0    9   2   0   0   0   1   6   4   0  22   1   6   2   0   0   8  35   0   0   4  0.40 0.26
   49 K    -4   3  -3  -4  -6  -2  -2  -5  -4  -6  -6   7  -4  -6  -4  -3  -4  -6  -5  -5    0  16   0   0   0   0   0   0   0   0   0  84   0   0   0   0   0   0   0   0  1.91 0.60
   50 I    -2   0  -4  -4  -2  -3  -3  -5  -4   5   3  -1   2  -1  -4  -3  -2  -3  -2   2    0   5   0   0   0   0   0   0   0  51  27   5   4   0   0   0   0   0   0   9  0.53 0.15
   51 K    -2   2  -1  -2  -4   0   0  -3  -2  -4  -4   7  -3  -4  -2  -1  -2  -4  -3  -4    0   5   0   0   0   0   0   0   0   0   0  95   0   0   0   0   0   0   0   0  1.16 0.22

                      K         Lambda
Standard Ungapped    0.1326     0.3186
Standard Gapped      0.0547     0.2670
PSI Ungapped         0.1788     0.3183
PSI Gapped           0.0547     0.2670
