
Last position-specific scoring matrix computed, weighted observed percentages rounded down, information per position, and relative weight of gapless real matches to pseudocounts
            A   R   N   D   C   Q   E   G   H   I   L   K   M   F   P   S   T   W   Y   V   A   R   N   D   C   Q   E   G   H   I   L   K   M   F   P   S   T   W   Y   V
    1 N    -4  -4   7   1  -5  -3  -3  -4   4  -6  -6  -3  -5  -6  -5   3  -3  -7  -4  -6    0   0  56   7   0   0   0   0  10   0   0   0   0   0   0  27   0   0   0   0  1.51 0.61
    2 L    -4  -4  -6  -7  -4  -5  -6  -7  -6   0   6  -5   2   1  -6  -5  -3  -4  -4   0    0   1   0   0   0   0   0   0   0   3  80   0   3   5   0   0   1   0   0   6  1.38 0.56
    3 V    -1  -4  -3  -5  -4  -2  -4  -4  -3   2   2  -2   1   2  -5  -3  -2   7   4   2    5   0   1   0   0   2   0   1   0  12  22   2   4   7   0   1   1  16  14  13  0.65 0.33
    4 Q    -5  -1   1  -2  -7   8   2  -5  -1  -7  -5  -2  -4  -7  -5  -4  -4  -6  -3  -6    0   2   7   1   0  75  11   0   1   0   1   1   0   0   0   0   0   0   1   0  1.94 0.82
    5 F    -6  -7  -7  -7  -6  -7  -7  -7  -5  -1   1  -7  -3   9  -7  -6  -6   1   0  -4    0   0   0   0   0   0   0   0   0   3  11   0   0  83   0   0   0   2   2   0  2.40 0.83
    6 G     0   0   1  -1  -4  -1   1   4  -2  -3  -3   1  -1  -3  -3   0  -1  -1  -4  -4    6   6   8   2   0   2  11  35   1   1   2  10   2   1   0   7   2   1   0   0  0.42 0.27
    7 F    -2   1   3   0  -4   1   2  -1  -2  -2  -2   3   0  -1  -3   0   0  -4   1  -2    0   8  17   3   0   6  12   4   0   2   4  21   2   3   0   5   6   0   5   1  0.30 0.25
    8 M    -5  -3  -6  -7  -5  -4  -2  -7  -6  -1   1  -5  10  -4  -7  -6  -5  -6  -5  -1    0   2   0   0   0   0   3   0   0   3  13   0  78   0   0   0   0   0   0   3  2.49 0.98
    9 I    -5  -6  -2  -6  -5  -6  -6  -7  -6   8   0  -4   1  -4  -6  -5  -1  -6  -5   1    0   0   3   0   0   0   0   0   0  80   6   1   3   0   0   0   3   0   0   4  1.71 0.72
   10 E    -2   2   1  -1  -4   3   1  -2  -1  -1  -1   3   2   1  -3  -1  -1  -3  -2  -2    1  10   7   2   0  18   7   2   1   4   4  22   7   7   1   3   4   0   0   1  0.32 0.24
   11 C    -1  -2  -1  -1   8  -1  -2  -2  -2  -1   0   0   1  -1  -2  -2  -1   0   1  -1    3   2   2   4  37   3   3   3   1   3  10   6   3   2   2   2   4   1   5   4  0.67 0.26
   12 A     2  -1  -1  -2  -3   1   0  -2   0  -1  -2   3  -1  -2  -2  -1   2  -3  -3   0   24   2   2   1   0   6   6   1   2   3   4  19   1   2   1   2  18   0   0   6  0.26 0.25
   13 I    -1  -1   3  -1  -3  -1   1  -3  -2   2   0   0   3  -1  -3  -2  -2  -3  -1   1    6   2  19   2   0   1  11   1   0  16   6   8  12   3   1   1   1   0   2   9  0.22 0.22
   14 R     0   1  -2  -3  -3  -1  -1  -2   2  -2  -3   2   0  -4   3  -1   4  -4  -2  -2    7   6   0   1   0   2   2   2   5   2   1  12   3   0  16   2  34   0   1   2  0.48 0.35
   15 N    -1   0   0  -2   3  -3  -2   5  -3  -2  -3   0  -1  -4  -4   0  -1  -4  -1  -4    4   6   5   2   6   0   2  49   0   3   2   6   2   0   0   6   4   0   2   1  0.67 0.38
   16 R    -1   2  -1  -1  -4   0   0  -1   0  -1  -4   4  -3  -2  -1   2   0  -4  -3  -3    3  12   2   2   0   3   6   4   3   4   1  31   0   2   2  20   7   0   0   0  0.43 0.33
   17 Q    -3   5   2  -1   1   0   0  -1   0  -3  -2   1  -2   0  -2   1  -1  -4   0  -4    0  33  10   2   4   4   5   5   2   1   4   6   1   5   1  11   2   0   3   0  0.40 0.33
   18 P     1  -2  -2  -4  -4  -3  -4   2  -1  -4  -2  -3   0  -2   5   2   1  -5  -4  -1   13   1   2   0   0   0   0  14   2   0   4   0   3   2  33  15   7   0   0   4  0.70 0.45
   19 A     0  -3  -4  -3   0  -4  -1  -3  -4   1   1  -4   0   2   0  -2  -1   8   0   2    8   1   0   1   2   0   4   2   0   8  13   0   2  10   6   2   4  19   2  13  0.51 0.34
   20 L    -1  -2  -4  -4  -3  -2  -4  -1  -1   0   2  -1   1   2   1  -2   0   7   0   0    4   2   0   0   0   2   0   4   2   4  23   4   4   9   6   3   5  17   3   5  0.44 0.30
   21 D     0  -2   1   3  -4  -1   1  -2   3  -4  -4   0  -3   0   0   3  -2   1   1  -4    6   1   7  16   0   2   8   1   9   0   0   5   0   4   5  26   1   2   5   0  0.36 0.28
   22 F    -6  -6  -1  -7  -7  -6  -6  -7   1  -5  -5  -6  -5   5  -7  -6  -6  -2   9  -5    0   0   4   0   0   0   0   0   2   0   0   0   0  19   0   0   0   0  75   0  2.62 0.94
   23 M     2  -2   0  -2  -3  -2   0   1  -3   0  -1  -2   3  -1  -3   2   0   1   0   0   17   1   4   2   0   0   5  10   0   5   5   0  11   2   0  19   6   2   3   8  0.19 0.21
   24 N     0  -3   3   4  -4  -2   0   0  -1  -2  -3  -1  -2   2  -2   1  -1  -4   1  -3   10   0  14  27   0   0   3   5   1   2   2   3   1  11   2  12   3   0   5   1  0.37 0.28
   25 Y    -4  -6  -3  -7   2  -6  -6  -7  -3  -6  -5  -6  -5   1  -7  -3  -3  -2  10  -5    2   0   1   0   4   0   0   0   0   0   0   0   0   2   0   2   2   0  87   0  2.82 1.01
   26 G    -2  -6  -4  -5  -6  -5  -6   7  -6  -7  -7  -5  -6  -7  -1  -4  -5  -6  -2  -7    3   0   0   0   0   0   0  92   0   0   0   0   0   0   3   0   0   0   2   0  2.25 0.73
   27 C    -3  -8  -1  -8  12  -7  -8  -7  -7  -6  -3  -7  -6  -7  -7  -5  -5  -7  -7  -5    2   0   4   0  92   0   0   0   0   0   2   0   0   0   0   0   0   0   0   0  3.70 1.00
   28 Y    -6  -6   1  -6  -7  -5  -6  -7   3  -6  -5  -6  -5   1  -7  -5  -6   3   9  -5    0   0   6   0   0   0   0   0   7   0   0   0   0   4   0   0   0   3  80   0  2.62 0.80
   29 C    -5  -8  -7  -1  12  -7  -8  -7  -7  -6  -6  -7  -6  -7  -7  -5  -5  -7  -7  -5    0   0   0   5  95   0   0   0   0   0   0   0   0   0   0   0   0   0   0   0  3.94 0.92
   30 G    -3  -6  -4  -2  -6  -5  -6   7  -6  -7  -7  -5  -6  -7  -6  -2  -5  -6  -7  -3    0   0   0   2   0   0   0  94   0   0   0   0   0   0   0   2   0   0   0   2  2.28 0.61
   31 T     0  -1  -5  -5  -4  -2  -4  -3  -4  -1   1   1   0  -3   0  -1  -1  10  -1   0   10   4   0   0   0   1   0   1   0   4  12   8   2   0   4   4   5  36   1   6  1.04 0.35
   32 V    -2  -2  -2  -4  -2  -4  -2   7  -5  -6  -4  -4  -5  -6  -5  -3  -4  -6  -6  -4    1   3   2   0   1   0   4  85   0   0   2   0   0   0   0   1   0   0   0   1  1.80 0.51
   33 G    -3  -3  -1  -1  -6  -4  -3   7  -2  -7  -7  -3  -6  -6  -5  -2  -4  -6  -6  -5    0   2   3   4   0   0   1  85   1   0   0   1   0   0   0   2   0   0   0   1  1.83 0.52
   34 R    -2   4  -2  -3  -5   4  -1  -3   2  -3  -4   2  -3  -5  -4   3  -1  -2  -4  -3    1  26   1   0   0  18   2   0   6   2   1  11   0   0   0  29   3   1   0   1  0.70 0.33
   35 G    -3  -1  -1  -4  -6  -5  -5   7   0  -7  -7  -4  -6  -3  -5  -3  -5  -6  -6  -6    0   4   3   0   0   0   0  89   2   0   0   0   0   1   0   0   0   0   0   0  2.01 0.54
   36 T    -2   2  -2  -3  -4   2   0  -4  -1  -3  -3   2  -1  -5  -1  -1   5   3  -4  -3    1  13   1   0   0   9   5   1   1   1   1  16   2   0   3   3  40   4   0   0  0.64 0.32
   37 P    -1  -6  -6  -5  -7  -5  -5  -6  -6  -7  -7  -5  -6  -8   9  -5  -5  -8  -7  -6    4   0   0   0   0   0   0   0   0   0   0   0   0   0  96   0   0   0   0   0  3.09 0.74
   38 V    -3   1  -4  -4  -4   3  -3  -5  -4   0   0   4  -1  -4  -4  -3  -2  -5  -4   5    0   6   0   0   0  15   0   0   0   3   6  26   1   0   0   0   1   0   0  42  0.72 0.33
   39 D    -5  -5  -2   9  -7  -4  -2  -5  -5  -7  -7  -4  -7  -7  -5  -4  -5  -8  -7  -7    0   0   0 100   0   0   0   0   0   0   0   0   0   0   0   0   0   0   0   0  2.69 0.65
   40 D    -3  -2  -1   6  -5   2   5  -3  -2  -5  -5  -1  -4  -5  -3  -2  -3  -5  -4  -4    0   0   0  47   0   7  46   0   0   0   0   0   0   0   0   0   0   0   0   0  1.19 0.25

                      K         Lambda
Standard Ungapped    0.1478     0.3297
Standard Gapped      0.0580     0.2670
PSI Ungapped         0.1894     0.3188
PSI Gapped           0.0580     0.2670
