
Last position-specific scoring matrix computed, weighted observed percentages rounded down, information per position, and relative weight of gapless real matches to pseudocounts
            A   R   N   D   C   Q   E   G   H   I   L   K   M   F   P   S   T   W   Y   V   A   R   N   D   C   Q   E   G   H   I   L   K   M   F   P   S   T   W   Y   V
    1 M    -2  -2  -3  -4  -2  -1  -3  -4  -3   0   1  -2   9  -1  -4  -3  -2  -3  -2   0    0   0   0   0   0   0   0   0   0   0   4   0  96   0   0   0   0   0   0   0  1.18 0.21
    2 G     0  -3  -1  -2  -3  -2  -1   6  -3  -4  -4  -2  -3  -4  -1   2  -1  -4  -4  -4    1   0   1   0   0   0   3  69   0   0   0   0   0   0   2  25   0   0   0   0  0.92 0.16
    3 M    -2  -3  -4  -4  -2  -3  -4  -4  -3   3   3  -3   3   3  -4  -3  -2  -2   0   2    1   0   0   0   0   0   0   0   0  25  33   0  13  18   0   0   0   0   0   9  0.45 0.11
    4 S     0  -1   0  -2  -2   0  -2   4  -2  -4  -4  -1  -3  -2  -2   4   0  -3  -3  -3    0   1   1   0   0   3   0  37   0   0   0   3   0   2   0  52   1   0   0   0  0.63 0.17
    5 L    -1  -3  -3  -2  -2  -3  -3  -2  -3   4   1  -3   1   1   3  -2  -1   1  -1   2    4   0   0   2   0   0   0   2   0  40   9   0   5   9  16   0   2   2   0   9  0.33 0.10
    6 S    -2  -3  -3  -4  -3  -2  -3  -2  -3  -2  -2  -3  -2   2   3  -1   1  10   0  -2    2   0   0   0   0   2   0   3   0   1   1   0   1   8  19   3  13  45   0   1  1.25 0.21
    7 H    -2  -1  -1  -1  -4   3   4  -1   7  -4  -4   0  -3  -3  -3  -1  -2  -4  -1  -4    0   0   1   0   0  14  33   3  42   0   0   5   0   0   0   2   1   0   0   0  0.82 0.19
    8 L    -1  -3  -4  -5  -2  -3  -4  -4  -4   2   3  -4   1   0  -4  -3  -2   8   0   1    4   0   0   0   0   0   0   0   0  15  38   0   2   0   0   0   0  33   0   8  0.93 0.17
    9 L     0  -3  -4  -4  -2  -3  -3  -3  -4   2   4  -3   1   0  -3  -3  -1  -3  -2   2    6   0   0   0   0   0   0   1   0  14  64   0   1   1   0   0   1   0   0  11  0.51 0.13
   10 I    -2  -4  -4  -4  -2  -3  -4  -4  -4   5   2  -3   1  -1  -4  -3  -1  -3  -2   4    0   0   0   0   0   0   0   0   0  51  15   0   1   1   0   0   0   0   0  32  0.63 0.15
   11 V    -2  -4  -4  -4  -2  -3  -4  -4  -4   5   1  -3   0   0  -4  -3  -1  -3  -2   4    0   0   0   0   0   0   0   0   0  51   8   0   0   2   0   0   0   0   0  40  0.68 0.16
   12 L     1  -3  -3  -4  -2  -3  -3   0  -3   1   4  -3   1   0  -3  -2  -1  -3  -2   1   20   0   0   0   0   0   0   8   0   6  56   0   0   3   0   0   1   0   0   7  0.33 0.11
   13 L     2  -3  -3  -3  -2  -2  -3   0  -3   2   1  -3   0   0  -3  -1  -1  -3  -2   3   23   0   0   0   0   0   0   6   0  12  17   0   0   2   0   1   0   0   0  39  0.28 0.10
   14 I    -1  -4  -4  -4  -2  -3  -4  -4  -4   4   1  -3   0  -1  -4  -3  -1  -4  -2   4    1   0   0   0   0   0   0   0   0  43   9   0   0   0   0   0   0   0   0  47  0.66 0.16
   15 I     2  -3  -3  -4  -2  -3  -3  -2  -3   3   0  -3   0   0  -3  -2  -1  -3  -2   4   25   0   0   0   0   0   0   2   0  20   3   0   0   3   0   0   0   0   0  47  0.39 0.13
   16 F     0  -3  -4  -4  -2  -3  -3  -4  -3   2   3  -3   2   1  -3  -2  -1  -3  -1   3    6   0   0   0   0   0   0   0   0  14  38   0   5   4   0   0   0   0   0  32  0.41 0.11
   17 V    -2  -3  -4  -4  -2  -3  -4  -4  -4   3   4  -3   2  -1  -4  -3  -2  -3  -2   2    0   0   0   0   0   0   0   0   0  17  65   0   3   0   0   0   0   0   0  15  0.62 0.14
   18 L    -1  -3  -4  -4  -2  -3  -4  -4  -4   3   4  -3   1   1  -3  -3  -1  -3  -1   2    4   0   0   0   0   0   0   0   0  16  53   0   0   5   0   0   0   0   0  22  0.48 0.12
   19 F    -4  -4  -4  -5  -4  -4  -5  -5  -3  -1   1  -4  -1   8  -5  -4  -3   0   2  -2    0   0   0   0   0   0   0   0   0   0  10   0   0  90   0   0   0   0   0   0  1.48 0.26
   20 G    -1  -4  -2  -3  -4  -3  -3   7  -3  -5  -5  -3  -4  -5  -3  -2  -3  -4  -4  -5    0   0   0   0   0   0   0 100   0   0   0   0   0   0   0   0   0   0   0   0  1.67 0.25
   21 A     2   1  -2  -2  -2  -1  -2  -1  -2  -3  -3   0  -2  -3   5   0   3  -1  -3  -2   25  11   0   0   0   0   0   4   0   0   0   2   0   0  28   2  27   1   0   0  0.56 0.13
   22 G    -1   1   1  -1  -4   0   1   2  -2  -4  -4   5  -3  -4  -1   0  -1  -4  -3  -3    0   1   8   1   0   0   5  20   0   0   0  56   0   0   1   7   1   0   0   0  0.53 0.15
   23 K    -2   3  -1  -2  -4   0   0  -1  -2  -4  -4   6  -3  -4  -2  -1  -2  -4  -3  -4    0  15   0   0   0   0   0   4   0   0   0  81   0   0   0   0   0   0   0   0  0.99 0.22
   24 L    -2  -3  -4  -5  -2  -3  -4  -5  -4   2   5  -3   1   2  -4  -3  -2  -2  -1   1    0   0   0   0   0   0   0   0   0  15  74   0   0   7   0   0   0   0   0   3  0.69 0.16
   25 P     0   3  -2  -2  -3  -1  -2  -2  -2  -4  -4   0  -3  -4   6   1  -1  -4  -3  -3    5  20   0   0   0   0   0   2   0   0   0   5   0   0  54  12   2   0   0   0  1.11 0.17
   26 Q    -1  -1   2   3  -3   2   3   0  -1  -4  -3   0  -2  -4  -2   0   0  -4  -3  -3    3   1  14  19   0  14  30   5   0   0   0   1   0   0   0   6   6   0   0   0  0.46 0.11
   27 V     1  -3  -3  -4  -2  -2  -3  -2  -3   3   3  -3   2  -1  -3  -2   0  -3  -2   2   14   0   0   0   0   0   0   2   0  20  38   0   7   0   0   0   5   0   0  13  0.31 0.09
   28 M     2  -3  -2  -3  -2  -2  -3   4  -3   0  -1  -2   4  -3  -3  -1  -2  -3  -3   0   24   0   0   0   0   0   0  45   0   5   0   0  21   0   0   0   0   0   0   5  0.54 0.15
   29 S     0   3  -1  -2  -3   0  -1   3  -2  -2  -3   2  -2  -3  -2   1   0  -3  -3   0    2  23   1   0   0   3   0  26   0   0   0  18   0   0   0  15   3   0   0  10  0.31 0.09
   30 D     0  -2   1   6  -3  -1   0   1  -2  -4  -4  -2  -3  -4  -2   2  -1  -5  -4  -3    7   0   4  58   0   1   0  12   0   0   0   0   0   0   0  18   0   0   0   0  0.75 0.16
   31 L    -1  -3  -4  -4  -2  -3  -3  -4  -4   2   4  -3   2   0  -3  -3  -1  -3  -2   2    5   0   0   0   0   0   0   0   0   9  56   0   4   3   0   0   0   0   0  23  0.49 0.12
   32 A     2  -3  -2  -3  -3  -3  -3   6  -3  -3  -3  -2  -3  -4  -3  -1  -2  -4  -4   0   17   0   0   0   0   0   0  73   0   0   0   0   0   0   0   0   0   0   0  10  0.97 0.18
   33 K     0   2   0  -1  -3   1   1   1  -1  -4  -3   4  -2  -4  -2   1  -1  -4  -3  -3    4  12   1   1   0   6   5  12   0   0   0  49   0   0   0   9   1   0   0   0  0.47 0.12
   34 G     3  -2  -1  -2  -2  -2  -2   3  -2  -2  -2  -2  -2   1  -2   2   1  -3  -2  -2   30   0   0   0   0   0   0  30   0   0   0   0   0  10   0  17  13   0   0   0  0.40 0.11
   35 L    -1  -3  -4  -4  -2  -3  -3  -4  -3   4   2  -2   2   2  -3  -3  -1  -2  -1   3    2   0   0   0   0   0   0   0   0  39  17   2   9  10   0   0   0   0   0  21  0.43 0.11
   36 K    -2   5  -1  -2  -4   0  -1  -3  -1  -4  -3   5  -2  -4  -2  -1  -2  -4  -3  -3    0  38   1   0   0   1   0   0   1   0   1  55   0   0   0   2   0   0   0   0  0.86 0.19
   37 A     2  -2   1   0  -2  -1   1   3  -2   0  -2  -1  -2  -3  -2   1   0  -3  -3  -1   22   0   6   2   0   0  14  26   0  12   0   0   0   0   0  16   2   0   0   0  0.26 0.08
   38 F    -3  -4  -4  -5  -3  -4  -4  -5  -3   0   0  -4  -1   8  -5  -4  -3  -1   2   1    0   0   0   0   0   0   0   0   0   1   4   0   0  84   0   0   0   0   0  10  1.30 0.24
   39 K    -2   2  -1  -2  -4   2   0  -3  -2  -4  -4   6  -3  -4  -2  -1  -2  -4  -3  -4    0   5   0   0   0   6   2   0   0   0   0  86   0   0   0   1   0   0   0   0  1.03 0.23
   40 D    -1   1   0   1  -3   2   1  -2  -1  -4  -3   4  -2  -4   0   1  -1  -4  -3  -3    2   2   4  10   0   7   6   1   0   0   0  52   0   0   4  12   0   0   0   0  0.49 0.13
   41 G     2  -2   0  -1  -2  -1   2   3  -2  -3  -3  -1  -2  -3  -2   1   1  -3  -3  -2   31   0   3   0   0   0  16  28   0   0   0   0   0   1   0   6  14   0   0   0  0.38 0.11
   42 M     0  -2  -3  -4  -2  -1  -3  -3  -3   2   2  -2   6   0  -3  -1   0  -3  -2   1    5   0   0   0   0   2   0   0   0   8  15   0  46   2   0   6   5   0   0  12  0.47 0.15
   43 K     0   2   3   0  -3   1   0  -1   1  -3  -3   3  -2  -3  -2   1   0  -4  -2  -3   10  13  19   1   0   3   2   3   3   0   0  29   0   0   0  14   3   0   0   0  0.34 0.10
   44 D    -1  -2   0   5  -4   0   4   0  -2  -4  -4   0  -3  -4  -2   0  -1  -4  -3  -4    3   0   2  36   0   1  44   7   0   0   0   1   0   0   1   4   2   0   0   0  0.74 0.17
   45 D     0  -2  -1   3  -3  -1   3   0  -2  -1   0  -1   2   0  -1  -1  -1  -3  -2  -2   11   0   1  24   0   0  24   7   0   2   8   0  12   6   1   2   1   0   0   0  0.24 0.11
   46 G    -1  -1   0   3  -4   2   3  -1  -1  -2  -3   2  -2  -4  -1   0   0  -4  -3  -2    2   0   3  22   0  12  25   3   0   2   0  17   0   0   2   5   6   0   0   1  0.41 0.11
   47 S     0   0   1   3  -3   1   2  -2  -1  -3  -3   1  -2  -3   1   1   1  -4  -3  -2    7   2   5  19   0   4  19   1   1   0   1  12   0   0   5  12   9   0   0   2  0.30 0.09
   48 D     0  -1   0   3  -3   0   2  -1  -2  -2  -3   1  -2  -4   2   0   2  -4  -3  -2    8   1   1  23   0   2  19   3   0   1   1  10   0   0  10   4  15   0   0   1  0.34 0.11
   49 N     1  -1   1   2  -2   0   1   0  -1  -1  -1   1  -1   0   1   0   0  -3  -2  -1   15   1   6  12   0   3   8   6   1   5   8  10   0   6   8   3   6   0   0   1  0.10 0.05
   50 D     1   0   0   3  -3   1   2  -1  -2  -2  -3   1  -2  -3   2   0   0  -4  -3  -3   16   2   3  25   0   7  15   2   0   2   0   8   0   1   9   5   4   0   0   0  0.35 0.11
   51 K     1   0   0   1  -3   2   2  -2  -1  -3  -3   3  -2  -4   1   0   0  -4  -3  -3   16   1   4   5   0   9  16   1   1   0   1  33   0   0   5   2   6   0   0   0  0.37 0.14
   52 N     0   0   1   1  -3   1   3  -2  -1  -3  -3   2  -2  -2   2   1   1  -4  -2  -2    7   1   5   8   0   6  21   1   0   0   1  21   0   1  10   8   8   0   1   1  0.32 0.11
   53 K    -2   2  -1  -1  -5   3   4  -3  -1  -4  -4   4  -3  -4  -2  -1  -2  -4  -3  -4    0   9   0   0   0  15  43   0   0   0   0  33   0   0   0   0   0   0   0   0  0.80 0.18

                      K         Lambda
Standard Ungapped    0.1421     0.3219
Standard Gapped      0.0480     0.2670
PSI Ungapped         0.1567     0.3173
PSI Gapped           0.0480     0.2670
