
Last position-specific scoring matrix computed, weighted observed percentages rounded down, information per position, and relative weight of gapless real matches to pseudocounts
           A  R  N  D  C  Q  E  G  H  I  L  K  M  F  P  S  T  W  Y  V   A   R   N   D   C   Q   E   G   H   I   L   K   M   F   P   S   T   W   Y   V
    1 M   -2 -2 -3 -4 -2 -1 -3 -4 -2  1  2 -2  8 -1 -3 -2 -1 -2 -2  0    0   0   0   0   0   0   0   0   0   0   0   0 100   0   0   0   0   0   0   0  0.80 0.09
    2 L   -2 -2 -3 -3 -2 -2  0 -4 -3  1  4 -2  1  3  0 -3 -2 -2  0  0    0   0   0   0   0   0   9   0   0   0  72   0   0  15   4   0   0   0   0   0  0.35 0.03
    3 T    1 -2 -1 -2 -1 -1 -2 -2 -2  1 -1 -1 -1 -2 -2  1  5 -3 -2  1   12   0   0   0   0   0   0   0   0  12   3   0   0   0   0   0  68   0   0   6  0.36 0.04
    4 L   -2 -3 -4 -4 -2 -3 -3 -4 -3  1  5 -3  2  0 -3 -3 -2 -2 -1  1    0   0   0   0   0   0   0   0   0   0 100   0   0   0   0   0   0   0   0   0  0.61 0.05
    5 K   -1  2 -1 -1 -4  1  0 -2 -1 -3 -3  6 -2 -4 -2 -1 -1 -4 -2 -3    0   0   0   0   0   0   0   0   0   0   0 100   0   0   0   0   0   0   0   0  0.74 0.06
    6 I   -1 -3 -3 -4 -2 -3 -3 -4 -3  4  2 -3  1  0 -3 -2 -1  3 -1  3    0   0   0   0   0   0   0   0   0  60  16   0   0   0   0   4   0   6   0  13  0.38 0.03
    7 F    0 -3 -2 -3 -2 -2 -3 -3 -2  0  0 -2  0  5 -3  0  0  0  2  1   10   0   0   0   0   0   0   0   0   0   6   0   0  52   0  11   6   0   0  15  0.31 0.03
    8 V   -1 -3 -4 -4 -1 -3 -3 -4 -4  2  1 -3  0 -1 -3 -2  0 -4 -2  5    0   0   0   0   0   0   0   0   0   0   0   0   0   0   0   0   0   0   0 100  0.54 0.06
    9 Y   -2 -2 -1 -3 -3 -2 -3 -4  1 -2 -2 -2 -2  3 -3 -2  0  2  8 -2    0   0   3   0   0   0   0   0   0   0   0   0   0   0   0   0   6   0  91   0  1.03 0.07
   10 T    1 -2 -1 -2 -1 -1 -2 -2 -2  2 -1 -1  0 -2 -2  1  4 -3 -2  1   16   0   0   0   0   0   0   0   0  21   0   0   0   0   0   7  52   0   0   3  0.28 0.03
   11 V   -1 -3 -3 -4  2 -3 -3 -4 -4  2  1 -3  0 -1 -3 -2  1 -3 -2  4    0   0   0   0   5   0   0   0   0   4   6   0   0   0   0   0   8   0   0  77  0.38 0.04
   12 V   -1 -3 -4 -4 -1 -3 -3 -4 -4  3  1 -3  0 -1 -3 -2  0 -3 -2  5    0   0   0   0   0   0   0   0   0   8   0   0   0   0   0   0   0   0   0  92  0.51 0.05
   13 I    0 -2 -2 -3 -1 -2 -2 -2 -3  3  2 -2  1  1 -2  0  1 -2 -1  1   11   0   0   0   0   0   0   3   0  36  18   0   0   8   0   4  17   0   0   2  0.15 0.02
   14 F   -2 -3 -3 -4 -3 -3 -4 -4 -2  1  1 -3  0  7 -4 -2 -2  0  2 -1    0   0   0   0   0   0   0   0   0   6  12   0   0  78   0   4   0   0   0   0  0.70 0.05
   15 F   -3 -4 -4 -4 -3 -4 -4 -4 -2 -1  0 -4  0  7 -4 -3 -3  1  3 -1    0   0   0   0   0   0   0   0   0   0   0   0   0 100   0   0   0   0   0   0  1.06 0.07
   16 V   -1 -3 -3 -4  1 -3 -3 -4 -4  3  1 -3  1 -1 -3 -2  0 -3 -2  5    0   0   0   0   3   0   0   0   0   7   4   0   0   0   0   2   0   0   0  83  0.42 0.04
   17 S    1 -2  0 -1  1 -1 -1  1 -2 -2 -1 -1 -1 -1 -2  4  1 -3 -2 -2   12   0   0   0   4   0   0  11   0   0   8   0   0   2   0  63   0   0   0   0  0.30 0.03
   18 L   -2 -3 -4 -4 -2 -3 -3 -4 -3  2  4 -3  2  0  0 -3 -1 -2 -2  1    0   0   0   0   0   0   0   0   0  17  79   0   0   0   4   0   0   0   0   0  0.47 0.04
   19 F   -3 -4 -4 -4 -3 -4 -4 -4 -2 -1  0 -4  0  7 -4 -3 -3  1  3 -1    0   0   0   0   0   0   0   0   0   0   0   0   0 100   0   0   0   0   0   0  1.06 0.07
   20 I    0 -3 -3 -3 -1 -3 -3 -3 -3  4  1 -3  1 -1 -3 -2  0 -3 -2  3    6   0   0   0   0   0   0   0   0  47   6   0   0   0   0   0   6   0   0  35  0.33 0.03
   21 F   -3 -4 -4 -4 -3 -4 -4 -4 -2 -1  0 -4  0  7 -4 -3 -3  1  3 -1    0   0   0   0   0   0   0   0   0   0   0   0   0 100   0   0   0   0   0   0  1.06 0.07
   22 G    0 -3 -1 -2 -3 -2 -3  6 -3 -4 -4 -2 -3 -4 -3 -1 -2 -3 -4 -4    0   0   0   0   0   0   0 100   0   0   0   0   0   0   0   0   0   0   0   0  1.23 0.06
   23 F   -3 -3 -4 -4 -3 -4 -4 -4 -2  0  1 -4  0  7 -4 -3 -3  0  3 -1    0   0   0   0   0   0   0   0   0   0   6   0   0  94   0   0   0   0   0   0  0.97 0.06
   24 L   -2 -3 -4 -4 -2 -3 -3 -4 -3  1  5 -3  2  0 -3 -3 -2 -2 -1  1    0   0   0   0   0   0   0   0   0   0 100   0   0   0   0   0   0   0   0   0  0.61 0.05
   25 S    2 -1  0 -1 -1 -1 -1 -1 -1 -3 -3 -1 -2 -3 -1  5  1 -3 -2 -2    8   0   0   0   0   0   0   0   0   0   0   0   0   0   0  92   0   0   0   0  0.58 0.06
   26 N   -1 -1  6  1 -3 -1 -1  1  0 -4 -4 -1 -3 -3 -2  2  0 -4 -3 -3    0   0  68   0   0   0   0  11   0   0   0   0   0   0   0  21   0   0   0   0  0.63 0.05
   27 D   -2 -2  1  7 -4 -1  1 -2 -2 -4 -4 -1 -4 -4 -2 -1 -2 -5 -4 -4    0   0   0 100   0   0   0   0   0   0   0   0   0   0   0   0   0   0   0   0  1.17 0.06
   28 P   -1 -3 -3 -2 -3 -2 -2 -3 -3 -3 -3 -2 -3 -4  8 -1 -1 -4 -4 -3    4   0   0   0   0   0   0   0   0   0   0   0   0   0  94   0   3   0   0   0  2.03 0.07
   29 A    2 -1  0 -1 -2 -1 -1  4 -2 -3 -3 -1 -2 -3 -2  2  1 -3 -2 -2   24   3   0   0   0   0   0  34   0   0   0   0   0   0   0  28  11   0   0   0  0.39 0.02
   30 R   -2  7 -1 -2 -4  1 -1 -3 -1 -4 -3  2 -2 -4 -3 -1 -2 -3 -2 -3    0 100   0   0   0   0   0   0   0   0   0   0   0   0   0   0   0   0   0   0  1.01 0.07
   31 N   -2  0  6  1 -3  0 -1 -1  0 -3 -4  0 -2 -4 -2  0  1 -4 -3 -3    0   4  82   0   0   0   0   0   0   0   0   2   0   0   0   0  12   0   0   0  0.74 0.06
   32 P   -1 -3 -3 -2 -4 -2 -2 -3 -3 -4 -4 -2 -3 -4  8 -1 -2 -5 -4 -3    0   0   0   0   0   0   0   0   0   0   0   0   0   0 100   0   0   0   0   0  2.24 0.07
   33 G    0 -1  3  0 -3 -1  0  4 -1 -4 -4  0 -3 -3 -2  1 -1 -3 -3 -3    0   0  25   0   0   0   4  49   0   0   0   8   0   0   0  16   0   0   0   0  0.53 0.03
   34 R   -2  6 -1 -2 -4  1  0 -1 -1 -4 -3  2 -2 -3  0 -1 -1 -3 -2 -3    0  80   0   0   0   2   0   3   0   0   0   6   0   0   4   2   2   0   0   0  0.72 0.05
   35 K   -1  3 -1 -1 -4  1  1  0 -1 -3 -3  5 -2 -4 -2 -1 -1 -3 -2 -3    0  14   0   0   0   0   6   9   0   0   0  71   0   0   0   0   0   0   0   0  0.53 0.05
   36 E   -2 -2  1  6 -4  0  3 -2 -1 -4 -4 -1 -3 -4 -2  0 -1 -4 -3 -3    0   0   4  69   0   0  21   0   0   0   0   0   0   0   0   7   0   0   0   0  0.80 0.04
   37 N   -1 -1  2  4 -3  0  3  3 -1 -4 -4  0 -3 -4 -2  0 -1 -4 -3 -3    0   0  14  34   0   0  27  25   0   0   0   0   0   0   0   0   0   0   0   0  0.49 0.00

                      K         Lambda
Standard Ungapped    0.1507     0.3347
Standard Gapped      0.0502     0.2670
PSI Ungapped         0.1641     0.3224
PSI Gapped           0.0502     0.2670
