
Last position-specific scoring matrix computed, weighted observed percentages rounded down, information per position, and relative weight of gapless real matches to pseudocounts
            A   R   N   D   C   Q   E   G   H   I   L   K   M   F   P   S   T   W   Y   V   A   R   N   D   C   Q   E   G   H   I   L   K   M   F   P   S   T   W   Y   V
    1 A     3  -2  -1  -2  -1  -1  -1   4  -2  -2  -2  -1  -2  -3  -1   1  -1  -3  -2  -1   61   0   0   0   0   0   0  39   0   0   0   0   0   0   0   0   0   0   0   0  0.45 0.00
    2 R    -2   7  -1  -2  -4   1   0  -3  -1  -4  -3   2  -2  -3  -3  -1  -2  -3  -2  -3    0 100   0   0   0   0   0   0   0   0   0   0   0   0   0   0   0   0   0   0  0.94 0.05
    3 I     0   1  -2  -3  -2  -1  -2   0  -2   3   0   0   2  -1  -3  -1  -1  -3  -2   2    4  13   0   0   0   0   0   8   0  36   0   5  10   0   0   5   0   0   0  19  0.12 0.02
    4 C    -1  -5  -4  -5  11  -4  -5  -4  -4  -2  -2  -4  -2  -3  -4  -2  -2  -3  -3  -2    0   0   0   0 100   0   0   0   0   0   0   0   0   0   0   0   0   0   0   0  1.90 0.12
    5 P    -2  -3  -3  -2  -4  -2  -2  -3  -3  -4  -4  -2  -3  -5   8  -2  -2  -5  -4  -3    0   0   0   0   0   0   0   0   0   0   0   0   0   0 100   0   0   0   0   0  2.30 0.10
    6 R    -2   6  -1  -2  -4   1   0  -3  -1  -3  -2   3  -2  -3  -3  -1  -2  -3  -2  -3    0  74   0   0   0   0   0   0   0   0   5  21   0   0   0   0   0   0   0   0  0.78 0.07
    7 I    -2  -4  -4  -4  -2  -4  -4  -5  -4   6   1  -3   1  -1  -4  -3  -1  -3  -2   2    0   0   0   0   0   0   0   0   0 100   0   0   0   0   0   0   0   0   0   0  0.70 0.08
    8 L    -2  -3  -4  -4  -2  -3  -3  -4  -3   1   4  -3   1   0  -4  -3  -2   6   2   0    0   0   0   0   0   0   0   0   0   0  79   0   0   0   0   0   0  13   8   0  0.60 0.06
    9 M    -2  -1  -2  -3  -2   1  -2  -3  -2   0   1   1   8  -1  -3  -2  -1  -2  -2   0    0   0   0   0   0   5   0   0   0   0   0  14  81   0   0   0   0   0   0   0  0.63 0.10
   10 K    -1   2  -1   0  -4   2   3  -2  -1  -4  -3   3  -2  -4   3  -1  -1  -3  -2  -3    0  14   0   0   0   7  33   0   0   0   0  32   0   0  14   0   0   0   0   0  0.53 0.04
   11 C    -1  -5  -4  -5  11  -4  -5  -4  -4  -2  -2  -4  -2  -3  -4  -2  -2  -3  -3  -2    0   0   0   0 100   0   0   0   0   0   0   0   0   0   0   0   0   0   0   0  1.90 0.12
   12 K    -1   3  -1  -1  -3   1   0  -2  -1  -3  -3   5  -2  -4  -2   0   0  -4  -2  -3    0  12   0   0   0   0   0   0   0   0   0  78   0   0   0   6   5   0   0   0  0.61 0.07
   13 K    -1   4  -1  -2  -3   2   0  -2   3  -2  -1   2  -1  -3  -2   0   0  -3  -1  -1    3  42   0   0   0  10   0   0  11   0   6  10   0   0   0   6   5   0   0   7  0.32 0.03
   14 D    -2  -2   2   7  -4  -1   1  -2  -2  -4  -5  -1  -4  -4  -2  -1  -2  -5  -4  -4    0   0   7  93   0   0   0   0   0   0   0   0   0   0   0   0   0   0   0   0  1.16 0.08
   15 S     1  -1   0   2  -2  -1   0  -1  -2  -3  -3  -1  -2  -3  -1   5   2  -4  -2  -2    5   0   0  11   0   0   0   0   0   0   0   0   0   0   0  78   6   0   0   0  0.52 0.07
   16 D    -3  -2   1   7  -4  -1   1  -2  -2  -4  -5  -1  -4  -4  -2  -1  -2  -5  -4  -4    0   0   0 100   0   0   0   0   0   0   0   0   0   0   0   0   0   0   0   0  1.26 0.09
   17 C    -1  -5  -4  -5  11  -4  -5  -4  -4  -2  -2  -4  -2  -3  -4  -2  -2  -3  -3  -2    0   0   0   0 100   0   0   0   0   0   0   0   0   0   0   0   0   0   0   0  1.90 0.12
   18 L    -2  -3  -4  -4  -2  -2  -3  -4  -3   1   4  -3   3   1   3  -2  -2  -2  -1   0    0   0   0   0   0   0   0   0   0   0  63   0  13   6  19   0   0   0   0   0  0.47 0.05
   19 A     3   0  -2  -2  -2  -1  -2   2  -2  -2   0  -1  -1  -3   2   0  -1  -3  -2  -1   53   7   0   0   0   0   0  19   0   0  11   0   0   0  11   0   0   0   0   0  0.31 0.04
   20 E     0  -1   0   3  -3   2   3   2  -1  -3  -3   1  -2  -4  -2   0   0  -3  -3  -3    8   0   0  19   0  14  26  17   0   0   0   8   0   0   0   0   6   0   0   0  0.35 0.03
   21 C    -1  -5  -4  -5  11  -4  -5  -4  -4  -2  -2  -4  -2  -3  -4  -2  -2  -3  -3  -2    0   0   0   0 100   0   0   0   0   0   0   0   0   0   0   0   0   0   0   0  1.90 0.12
   22 I    -1  -1  -3  -3  -2  -2  -3  -4  -3   4   1  -1   0  -1  -3  -2   1  -3  -2   3    0   5   0   0   0   0   0   0   0  48   0   7   0   0   0   0   9   0   0  31  0.29 0.04
   23 C    -1  -5  -4  -5  11  -4  -5  -4  -4  -2  -2  -4  -2  -3  -4  -2  -2  -3  -3  -2    0   0   0   0 100   0   0   0   0   0   0   0   0   0   0   0   0   0   0   0  1.90 0.12
   24 Q    -1   2  -2  -2  -2   1  -1  -2  -2   1   3   0   2  -1  -3  -2  -1  -2  -2   1    0  14   0   0   0  11   3   3   0   0  42   7   7   0   0   0   0   0   0  13  0.16 0.03
   25 E     1   0   0   2  -3   1   3   0  -1  -3  -3   1  -2  -4   2   1  -1  -3  -3  -2   11   3   0   8   0   5  37   8   0   0   0   6   0   0   9  11   0   0   0   0  0.35 0.03
   26 H    -1  -1   4   1  -3   1   0  -1   6  -3  -3  -1  -2  -2  -2   1  -1  -3   0  -3    1   1  38   4   0   4   4   1  30   1   1   1   0   0   1  10   1   0   0   1  0.46 0.04
   27 G     0  -3  -1  -2  -3  -2  -1   6  -3  -5  -4  -2  -3  -4  -3  -1  -2  -3  -4  -4    0   0   0   0   0   0   5  95   0   0   0   0   0   0   0   0   0   0   0   0  1.19 0.07
   28 F    -2  -2  -2  -4  -3  -2  -3  -4   4   0  -1  -3  -1   5  -4  -2  -2   1   6  -1    0   0   0   0   0   0   0   0  13   8   0   0   0  34   0   0   0   0  45   0  0.72 0.06
   29 C    -1  -5  -4  -5  11  -4  -5  -4  -4  -2  -2  -4  -2  -3  -4  -2  -2  -3  -3  -2    0   0   0   0 100   0   0   0   0   0   0   0   0   0   0   0   0   0   0   0  1.90 0.12
   30 G     0  -3  -1  -2  -3  -2  -3   7  -3  -5  -5  -2  -3  -4  -3  -1  -2  -3  -4  -4    0   0   0   0   0   0   0 100   0   0   0   0   0   0   0   0   0   0   0   0  1.30 0.08

                      K         Lambda
Standard Ungapped    0.1457     0.3341
Standard Gapped      0.0410     0.2670
PSI Ungapped         0.1457     0.3341
PSI Gapped           0.0410     0.2670
