
Last position-specific scoring matrix computed, weighted observed percentages rounded down, information per position, and relative weight of gapless real matches to pseudocounts
            A   R   N   D   C   Q   E   G   H   I   L   K   M   F   P   S   T   W   Y   V   A   R   N   D   C   Q   E   G   H   I   L   K   M   F   P   S   T   W   Y   V
    1 G     2  -2  -1  -2  -2  -2  -2   5  -2  -3  -3  -1  -2  -3  -2   0  -1  -3  -3  -2   33   0   0   0   0   0   0  67   0   0   0   0   0   0   0   0   0   0   0   0  0.66 0.00
    2 R    -2   6  -1  -2  -4   1  -1   0  -1  -4  -3   2  -2  -3  -3  -1  -2  -3  -2  -3    0  90   0   0   0   0   0  10   0   0   0   0   0   0   0   0   0   0   0   0  0.81 0.05
    3 R     0   2  -2  -2  -2  -1  -2   0  -2   3   0   0   1  -1  -2   0  -1  -3  -2   1    7  17   0   0   0   0   0  11   0  38   0   6   6   0   0   6   0   0   0   8  0.09 0.02
    4 C    -1  -5  -4  -5  10  -4  -5  -4  -4  -2  -2  -4  -2  -3  -4  -2  -2  -3  -3  -2    0   0   0   0 100   0   0   0   0   0   0   0   0   0   0   0   0   0   0   0  1.92 0.13
    5 P    -2  -3  -3  -2  -4  -2  -2  -3  -3  -4  -4  -2  -3  -5   8  -2  -2  -5  -4  -3    0   0   0   0   0   0   0   0   0   0   0   0   0   0 100   0   0   0   0   0  2.31 0.11
    6 R    -2   6  -1  -2  -4   1  -1  -3  -1  -3  -2   3  -2  -3  -3  -1  -2  -3  -2  -3    0  81   0   0   0   0   0   0   0   0   5  14   0   0   0   0   0   0   0   0  0.84 0.08
    7 I    -2  -4  -4  -4  -2  -4  -4  -5  -4   6   1  -4   1  -1  -4  -3  -1  -3  -2   2    0   0   0   0   0   0   0   0   0 100   0   0   0   0   0   0   0   0   0   0  0.71 0.09
    8 Y    -2  -3  -4  -4  -2  -3  -3  -4  -3   1   4  -3   1   0  -4  -3  -2   6   2   0    0   0   0   0   0   0   0   0   0   0  79   0   0   0   0   0   0  13   8   0  0.61 0.06
    9 M    -2  -1  -3  -4  -2  -1  -2  -3  -2   0   1   1   8  -1  -3  -2  -1  -2  -2   0    0   0   0   0   0   0   0   0   0   0   0  14  86   0   0   0   0   0   0   0  0.72 0.11
   10 E    -1   2  -1   0  -4   2   4  -2  -1  -4  -3   3  -2  -4   3  -1  -1  -3  -3  -3    0  11   0   0   0   9  39   0   0   0   0  25   0   0  16   0   0   0   0   0  0.56 0.04
   11 C    -1  -5  -4  -5  10  -4  -5  -4  -4  -2  -2  -4  -2  -3  -4  -2  -2  -3  -3  -2    0   0   0   0 100   0   0   0   0   0   0   0   0   0   0   0   0   0   0   0  1.92 0.13
   12 K    -1   2  -1  -1  -3   1   0  -2  -1  -3  -3   5  -2  -4  -2   1   0  -4  -2  -3    0   5   0   0   0   0   0   0   0   0   0  81   0   0   0   9   5   0   0   0  0.61 0.07
   13 R    -1   4  -1  -2  -3   2   0  -2   3  -2  -1   2  -1  -2  -2   0   0  -3  -1  -1    3  38   0   0   0  12   0   0  10   0   7   8   0   0   0   9   5   0   0   8  0.27 0.03
   14 D    -2  -2   2   7  -4  -1   1  -2  -2  -4  -5  -1  -4  -4  -2  -1  -2  -5  -4  -4    0   0   8  92   0   0   0   0   0   0   0   0   0   0   0   0   0   0   0   0  1.16 0.09
   15 A     1  -1   0   2  -2  -1   0  -1  -2  -3  -3  -1  -2  -3  -1   5   2  -4  -2  -2    4   0   0  13   0   0   0   0   0   0   0   0   0   0   0  75   7   0   0   0  0.51 0.07
   16 D    -3  -2   1   7  -4  -1   1  -2  -2  -4  -5  -1  -4  -4  -2  -1  -2  -5  -4  -4    0   0   0 100   0   0   0   0   0   0   0   0   0   0   0   0   0   0   0   0  1.27 0.10
   17 C    -1  -5  -4  -5  10  -4  -5  -4  -4  -2  -2  -4  -2  -3  -4  -2  -2  -3  -3  -2    0   0   0   0 100   0   0   0   0   0   0   0   0   0   0   0   0   0   0   0  1.92 0.13
   18 L    -2  -3  -4  -4  -2  -2  -3  -4  -3   1   4  -3   3   1   2  -3  -2  -2  -1   0    0   0   0   0   0   0   0   0   0   0  65   0  14   7  14   0   0   0   0   0  0.45 0.05
   19 A     3   0  -2  -2  -1  -1  -2   2  -2  -2   0  -1  -1  -2   2   0  -1  -3  -2  -1   56   8   0   0   0   0   0  14   0   0  13   0   0   0  10   0   0   0   0   0  0.29 0.04
   20 D    -1   0   0   3  -3   2   3   2  -1  -3  -3   1  -2  -4  -2   0   0  -3  -3  -3    0   0   0  20   0  15  31  17   0   0   0   9   0   0   0   0   7   0   0   0  0.41 0.04
   21 C    -1  -5  -4  -5  10  -4  -5  -4  -4  -2  -2  -4  -2  -3  -4  -2  -2  -3  -3  -2    0   0   0   0 100   0   0   0   0   0   0   0   0   0   0   0   0   0   0   0  1.92 0.13
   22 V    -1   0  -3  -3  -2  -2  -2  -4  -3   4   1   0   0  -1  -3  -2   1  -3  -2   3    0   5   0   0   0   0   0   0   0  45   0   8   0   0   0   0  11   0   0  31  0.27 0.04
   23 C    -1  -5  -4  -5  10  -4  -5  -4  -4  -2  -2  -4  -2  -3  -4  -2  -2  -3  -3  -2    0   0   0   0 100   0   0   0   0   0   0   0   0   0   0   0   0   0   0   0  1.92 0.13
   24 L    -1   1  -2  -3  -2   1  -1  -2  -2   1   3   0   2  -1  -3  -2  -1  -2  -2   1    0   7   0   0   0  13   0   4   0   0  45   9   9   0   0   0   0   0   0  13  0.17 0.03
   25 Q     1   0   0   2  -3   2   3  -2  -1  -3  -3   1  -2  -3   2   1  -1  -3  -2  -2   14   4   0   9   0   8  36   0   0   0   0   7   0   0  11  13   0   0   0   0  0.39 0.03
   26 H    -1  -1   4   1  -3   1   1  -1   5  -3  -3   0  -2  -2  -2   1  -1  -3  -1  -3    1   1  34   7   0   4   5   1  28   1   1   1   0   1   1  12   1   0   0   1  0.41 0.04
   27 G     0  -3  -1  -2  -3  -2  -3   7  -3  -5  -4  -2  -3  -4  -3  -1  -2  -3  -4  -4    0   0   0   0   0   0   0 100   0   0   0   0   0   0   0   0   0   0   0   0  1.28 0.07
   28 I    -2  -2  -2  -4  -3  -2  -3  -4   4   0  -1  -3  -1   5  -4  -2  -2   1   6  -1    0   0   0   0   0   0   0   0  14   9   0   0   0  40   0   0   0   0  38   0  0.67 0.05
   29 C    -1  -4  -4  -5  10  -4  -5  -3  -4  -2  -2  -4  -2  -3  -4  -2  -2  -3  -3  -2    0   0   0   0 100   0   0   0   0   0   0   0   0   0   0   0   0   0   0   0  1.84 0.11
   30 G     0  -3  -1  -2  -3  -2  -3   7  -3  -5  -4  -2  -3  -4  -3  -1  -2  -3  -4  -4    0   0   0   0   0   0   0 100   0   0   0   0   0   0   0   0   0   0   0   0  1.28 0.07

                      K         Lambda
Standard Ungapped    0.1505     0.3360
Standard Gapped      0.0410     0.2670
PSI Ungapped         0.1505     0.3360
PSI Gapped           0.0410     0.2670
