
Last position-specific scoring matrix computed, weighted observed percentages rounded down, information per position, and relative weight of gapless real matches to pseudocounts
            A   R   N   D   C   Q   E   G   H   I   L   K   M   F   P   S   T   W   Y   V   A   R   N   D   C   Q   E   G   H   I   L   K   M   F   P   S   T   W   Y   V
    1 M    -1  -2  -3  -4  -2  -1  -2  -3  -2   1   2  -2   7   0  -3  -2  -1  -2  -1   0    0   0   0   0   0   0   0   0   0   0   0   0 100   0   0   0   0   0   0   0  0.65 0.07
    2 A     4  -1  -1  -2  -1  -1  -1  -1  -2  -2  -2   0  -2  -3  -1   2   0  -3  -2  -1   73   0   0   0   0   0   0   0   0   0   0   8   0   0   0  18   0   0   0   0  0.49 0.09
    3 E     4  -2   4  -1  -2   1   0  -2  -2  -1  -3  -1  -2  -4  -1   0  -1  -4  -3  -1   49   0  27   1   0   9   4   0   0   4   0   0   0   0   2   1   0   0   0   3  0.48 0.20
    4 R    -4   8  -3  -4  -6   0  -3  -5  -3  -4  -5   1  -4  -6  -5  -4  -3  -6  -5  -5    0  89   0   0   0   2   0   0   0   1   0   7   0   0   0   0   1   0   0   0  2.05 0.61
    5 V    -2  -1  -3  -1  -3   0   0  -3  -3   4  -1   1  -1  -3   0  -2  -2  -4  -3   3    0   2   1   4   0   4   7   2   0  27   2  12   0   0   6   2   1   0   0  32  0.36 0.23
    6 I    -1   0   1  -2  -2   1  -1   0   0   1  -2   4  -2  -3  -2  -1   1  -4  -3   1    2   4   7   0   0   6   1   6   3  11   2  36   0   0   1   1  10   0   0  10  0.30 0.22
    7 I    -1  -4  -5  -5  -3  -5  -5  -6  -5   6   0  -5  -1  -1  -5  -4  -2  -5  -3   5    3   1   0   0   0   0   0   0   0  52   2   0   0   2   0   0   1   0   0  38  1.15 0.42
    8 T     0  -2  -1  -3  -3  -2  -3  -1  -1   3  -1  -1  -2  -2  -1   1   5  -4  -3  -1    7   2   3   0   0   1   0   3   2  20   2   4   0   1   2   8  43   0   0   1  0.48 0.29
    9 L    -4  -5  -6  -6  -4  -5  -6  -6  -5   0   6  -5   1   0  -6  -5  -4  -4  -3  -1    0   0   0   0   0   0   0   0   0   1  93   0   2   3   0   0   0   0   0   1  1.58 0.52
   10 A     3   0  -1  -2  -4   0   5  -1  -3  -2  -4   1  -3  -4  -3  -1  -2  -5  -4  -1   29   4   2   0   0   3  42   3   0   2   0   7   0   1   0   3   1   0   0   4  0.61 0.32
   11 C    -4  -7  -3  -7  11  -6  -7  -6  -2  -5  -5  -6  -5  -6  -6  -1  -4  -6  -6  -4    0   0   2   0  93   0   0   0   1   0   0   0   0   0   0   4   0   0   0   0  3.50 0.83
   12 S    -1  -2  -1   0  -2   0   1  -2  -3  -1  -3   0  -3  -3  -3   1   5  -5  -4  -1    3   1   2   3   1   4  12   2   0   3   0   5   0   1   0  11  50   0   0   3  0.62 0.33
   13 V    -1  -2   1   1  -3   1   5  -1   0  -2  -3  -1  -3  -4  -3   1  -1  -5  -4   0    3   0   5   8   0   4  46   4   2   2   1   2   0   0   0  11   3   0   0   9  0.54 0.28
   14 C    -2  -6  -5  -4  11  -5  -6  -2   0  -4  -5  -4  -3  -6  -6  -1   0  -6  -5  -4    3   0   0   1  80   0   0   3   2   0   0   1   0   0   0   5   5   0   0   0  2.65 0.69
   15 K     0   1  -1  -2  -4  -1  -2   3   0  -2  -1   3  -3  -4  -2  -1   0  -4  -3  -1    5   8   2   1   0   1   0  30   2   1   5  29   0   0   1   3   5   0   0   6  0.40 0.22
   16 N    -1   1   2   1  -3   2   1  -2   2  -2  -3  -1   0  -4  -3   3  -1  -4  -1  -2    1   8  13   6   0   9  10   2   5   2   1   2   3   0   0  35   0   0   2   2  0.38 0.24
   17 R    -3   7  -1  -4  -6  -1  -1  -3  -3  -2  -4   2  -2  -5  -4  -2  -1  -5  -4  -4    1  72   2   0   0   1   3   1   0   3   1  10   1   0   0   3   3   0   0   0  1.37 0.48
   18 N    -4   0   7  -1  -5  -2  -3  -3   0  -4  -4  -2  -4  -3  -5  -1  -2  -3   5  -5    0   4  60   1   0   1   0   1   1   1   2   1   0   0   0   4   1   0  25   0  1.38 0.51
   19 Y    -4  -4  -5  -6  -5  -4  -5  -6   0   0  -3  -4  -3   0  -5  -3   2  -1   9  -3    1   1   0   0   0   0   0   0   2   6   2   0   0   1   0   2  13   0  74   1  1.88 0.59
   20 Y    -2  -3   0  -3  -3  -3  -3  -3   0   3   0  -1  -1  -2  -3   1   5  -4   1   0    1   0   4   0   0   0   0   1   2  18   6   3   1   1   0  12  43   0   6   3  0.51 0.29
   21 F    -2  -2  -2  -3  -3   1  -1  -4  -3   0  -2  -1  -1  -3  -3   0   6  -4  -2   0    1   1   0   0   0   8   3   0   0   4   2   3   1   1   0   6  61   0   1   6  0.84 0.39
   22 D    -1   1   0   0  -4   1  -1  -2  -2  -3  -3   4   0  -3   0   1   3  -2  -3  -3    4   5   5   3   0   6   2   1   0   0   0  36   4   1   3   7  21   1   0   0  0.44 0.24
   23 R    -2   1   4  -2  -5  -1  -1  -3  -2  -4  -3   6  -3  -5  -3  -2  -3   1  -4  -3    3   5  27   0   0   0   2   0   0   1   2  55   0   0   0   1   0   2   0   2  1.01 0.41
   24 A    -1   3   6  -1  -5   0  -1  -2  -2  -5  -5   1  -4  -5  -3   1  -1  -5  -4  -5    3  21  50   1   0   4   1   1   0   0   0   7   0   0   1  10   1   0   0   0  0.96 0.38
   25 K    -2   5  -2  -3  -5  -1  -1  -3   1  -5  -3   5  -2  -5   0  -1  -2  -5  -4  -4    1  31   0   0   0   1   2   1   3   0   1  49   1   0   4   5   1   0   0   0  1.01 0.39
   26 N    -3  -1   7   0  -5   0  -2  -2  -1  -5  -4   2  -2  -5  -4   0   1  -6  -4  -4    1   2  59   3   0   3   0   2   0   0   1  13   1   0   0   5   9   0   0   1  1.06 0.41
   27 H    -1   1   2   1  -3   0  -1  -3   3  -2  -2   1  -3  -4  -2   0   4  -4  -2  -1    4   6  12  10   0   4   1   0   9   1   2   7   0   0   1   4  35   0   0   3  0.41 0.24
   28 E    -1  -2  -3  -2  -4   0  -1  -3  -4  -3  -2   0  -3  -5   7  -1   3  -5  -4  -2    4   1   0   1   0   4   3   2   0   1   3   7   0   0  52   2  18   0   0   3  1.13 0.38
   29 G    -2  -2   2   4  -4   0   4   0  -2  -2  -4  -1  -3  -3  -2   0   1  -4  -3  -3    2   1  13  22   0   3  30   6   0   2   1   1   0   1   1   7   9   0   0   0  0.52 0.24
   30 K    -4   7  -3  -4  -6  -1  -1  -5  -3  -5  -5   3  -4  -5  -2  -3  -4  -5  -4  -5    0  74   0   0   0   1   2   0   0   0   0  20   0   0   2   0   0   0   0   0  1.70 0.53
   31 L    -3  -4  -5  -6  -3  -4  -5  -6  -5   3   5  -5   2   0  -5  -4  -3  -4  -3   1    0   0   0   0   0   0   0   0   0  13  74   0   4   2   0   1   0   0   0   5  1.14 0.40
   32 A    -2  -2  -3  -1  -5   0   7  -4  -3  -2  -4  -1  -2  -5  -4   0   0  -5  -4  -2    2   1   0   1   0   2  75   0   0   3   1   1   1   0   0   5   5   0   0   3  1.26 0.48
   33 L    -2  -4  -5  -5  -3  -4  -5  -5  -5   2   5  -3   3   0  -5  -3  -2  -4  -3   2    2   0   0   0   0   0   0   0   0   9  63   1   7   3   0   1   1   0   0  13  0.84 0.33
   34 K    -2   3   3  -3  -5   0  -1  -4  -3  -4  -4   6   1  -5  -2  -1  -2  -5  -4  -4    1  13  17   0   0   2   1   0   0   1   1  56   4   0   1   3   1   0   0   0  0.98 0.40
   35 K    -4   0  -3  -4  -6  -2  -2  -5  -4  -6  -6   8  -4  -6  -4  -3  -4  -6  -5  -5    0   3   0   0   0   0   0   0   0   0   0  97   0   0   0   0   0   0   0   0  2.13 0.66
   36 F    -5  -5  -5  -6  -5  -5  -5  -6   1  -3  -3  -5  -3   7  -6  -5  -5  -1   7  -4    0   0   0   0   0   0   0   0   3   0   0   0   0  54   0   0   0   0  44   0  2.10 0.59
   37 C    -4  -6   0  -1  11  -6  -6  -5  -6  -5  -5  -6  -5  -6  -6  -1  -4  -6  -6  -4    0   0   6   4  87   0   0   0   0   0   0   0   0   0   0   4   0   0   0   0  3.06 0.75
   38 K    -2   1  -2  -3  -3  -2  -3  -4  -1  -5  -5   3  -4  -4   7   1  -2  -6  -5  -5    1   8   1   0   0   1   0   0   1   0   0  21   0   1  55  10   1   0   0   0  1.41 0.45
   39 N    -2   3   1  -3  -2   0  -2  -3   4  -1  -2   2  -1   2  -3  -1   0   1   4  -1    2  17   6   0   1   4   0   0  13   3   2  12   1   9   0   2   7   2  16   4  0.34 0.20
   40 C    -3  -6  -5  -1  10  -5  -1  -6  -6  -3   1  -5  -2  -5  -6  -3  -2  -5  -5  -2    0   0   0   3  73   0   5   0   0   0  13   0   1   0   0   1   2   0   0   2  2.30 0.62
   41 G    -3   3   5  -2  -3   0  -2   1   1  -5  -4   2  -3  -3  -4  -1  -2  -4   2  -4    0  20  33   0   1   4   0  13   3   0   1  15   0   0   0   2   0   0   8   0  0.63 0.30
   42 K    -1   3  -2  -3  -5   2   0  -2  -1  -4  -4   6  -2  -5  -3   0  -1  -5  -4  -3    5  12   0   0   0   8   3   2   1   1   0  59   1   0   0   5   4   0   0   1  0.90 0.37
   43 R    -3   0  -2  -4  -5  -1  -3  -5  10  -5  -5   0   0  -4  -4  -1  -3  -5   2   0    1   3   0   0   0   2   0   0  69   0   0   5   2   0   1   3   1   0   5   7  1.84 0.56
   44 T    -2  -2  -3  -4  -2  -1  -2  -4  -4  -3  -4  -2  -1  -5  -4  -1   7  -5  -4   0    2   1   0   0   1   2   2   0   0   1   0   2   2   0   0   1  80   0   0   7  1.41 0.54
   45 D    -1  -3  -3  -3  -3  -2  -2  -4  -4   4   3  -1   1  -1  -3  -3  -1  -4  -3   2    3   0   1   1   0   1   2   0   0  26  34   4   3   1   1   1   4   0   0  18  0.45 0.22
   46 H    -5  -4  -3  -5  -2  -3  -4  -6  11  -6  -6  -4  -5   1  -6  -4  -5  -5   1  -6    0   0   0   0   1   0   0   0  89   0   0   0   0   6   0   0   0   0   4   0  2.97 0.77
   47 K    -2   4  -1  -2  -5   0  -2   0  -2  -3  -3   5  -3  -5  -3  -1  -1  -5  -4  -2    2  28   2   2   0   3   0   8   1   1   2  45   0   0   0   2   2   0   0   3  0.78 0.32
   48 E    -4  -3  -3  -1  -7   0   8  -5  -3  -6  -6  -2  -5  -6  -4  -3  -4  -6  -5  -6    0   0   0   0   0   3  97   0   0   0   0   0   0   0   0   0   0   0   0   0  2.18 0.65
   49 T    -1  -2  -3  -3  -3  -3  -1  -2  -4   4  -2  -1  -1  -3  -3   1   5  -4  -3   1    2   1   0   0   0   0   3   3   0  31   1   3   1   0   0   8  42   0   0   6  0.62 0.32
   50 K    -3   3  -3  -3  -6  -1  -2  -4  -3  -5  -5   7  -4  -6  -4  -3  -3  -6  -4  -5    0  16   0   0   0   0   0   0   0   0   0  84   0   0   0   0   0   0   0   0  1.75 0.53

                      K         Lambda
Standard Ungapped    0.1338     0.3231
Standard Gapped      0.0517     0.2670
PSI Ungapped         0.1689     0.3121
PSI Gapped           0.0517     0.2670
