
Last position-specific scoring matrix computed, weighted observed percentages rounded down, information per position, and relative weight of gapless real matches to pseudocounts
            A   R   N   D   C   Q   E   G   H   I   L   K   M   F   P   S   T   W   Y   V   A   R   N   D   C   Q   E   G   H   I   L   K   M   F   P   S   T   W   Y   V
    1 G     0  -3  -1  -2  -3  -2  -2   6  -2  -4  -4  -2  -3  -4  -3   0  -2  -3  -4  -4    0   0   0   0   0   0   0 100   0   0   0   0   0   0   0   0   0   0   0   0  1.09 0.02
    2 F    -2  -3  -4  -4  -2  -3  -4  -4  -2   2   3  -3   1   5  -4  -3  -2   0   2   0    0   0   0   0   0   0   0   0   0  15  37   0   0  49   0   0   0   0   0   0  0.43 0.02
    3 W    -2  -3  -4  -4  -2  -2  -3  -3  -3   0   2  -3   4   0  -4  -3  -2  10   1  -1    0   0   0   0   0   0   0   0   0   0  21   0  28   0   0   0   0  51   0   0  1.08 0.03
    4 D    -1  -1   2   4  -3   1   3  -1  -1  -3  -4   0  -3  -4  -2   2   0  -4  -3  -3    0   0  13  39   0   0  28   0   0   0   0   0   0   0   0  21   0   0   0   0  0.51 0.02
    5 T     0  -2   0  -1  -1  -1  -1   1  -2  -1  -2  -1  -1  -3  -2   1   5  -3  -2  -1    0   0   0   0   0   0   0  15   0   0   0   0   0   0   0   0  85   0   0   0  0.46 0.03
    6 I     1  -3  -3  -3  -1  -3  -3  -3  -3   4   1  -2   1  -1  -3  -1  -1  -3  -2   3   18   0   0   0   0   0   0   0   0  51   0   0   0   0   0   0   0   0   0  31  0.28 0.02
    7 K    -1   2   0  -1  -4   1   1  -2  -1  -3  -3   6  -2  -4  -1   0  -1  -4  -2  -3    0   0   0   0   0   0   0   0   0   0   0 100   0   0   0   0   0   0   0   0  0.61 0.03
    8 Q    -2   0   6   1  -3   2   2  -1   0  -4  -4   0  -2  -4  -2   0   0  -4  -2  -3    0   0  77   0   0  10  13   0   0   0   0   0   0   0   0   0   0   0   0   0  0.64 0.03
    9 A     2  -2  -3  -3  -1  -2  -2  -2  -2   1   1  -2   0   2  -2  -1  -1  -2   0   2   38   0   0   0   0   0   0   0   0   0  21   0   0  13   0   0   0   0   0  28  0.16 0.01
   10 G     3  -2  -1  -2  -2  -2  -2   5  -2  -3  -3  -1  -2  -3  -2   0  -1  -3  -3  -2   49   0   0   0   0   0   0  51   0   0   0   0   0   0   0   0   0   0   0   0  0.56 0.02
   11 K    -1   2   0  -1  -3   1   0  -2  -1  -3  -3   5  -1  -3  -1   0   2  -3  -2  -2    0   0   0   0   0   0   0   0   0   0   0  79   0   0   0   0  21   0   0   0  0.44 0.03
   12 K    -1   1   5   0  -3   0   0   2   0  -4  -4   3  -2  -4  -2   0  -1  -4  -2  -3    0   0  49   0   0   0   0  15   0   0   0  36   0   0   0   0   0   0   0   0  0.44 0.02
   13 F    -1  -3  -3  -4  -2  -3  -3  -4  -2   1   1  -3   1   5  -3  -2  -1   0   2   2    0   0   0   0   0   0   0   0   0   0  11   0   0  51   0   0   0   0   0  38  0.39 0.02
   14 F     3  -2  -2  -2  -1  -1  -2  -1  -2  -1   0  -1   0   1  -2   1   1  -2  -1   0   62   0   0   0   0   0   0   0   0   0  15   0   0  10   0   0  13   0   0   0  0.21 0.02
   15 L    -1  -3  -2  -3  -2  -2  -3   3  -3   2   2  -2   1  -1  -3  -2  -1  -3  -2   2    0   0   0   0   0   0   0  31   0  13  24   0   0   0   0   0   0   0   0  32  0.23 0.01
   16 N    -1  -1   4   0  -2   0  -1  -1   3  -2  -3  -1  -2  -3  -2   2   3  -3  -1  -2    0   0  36   0   0   0   0   0  11   0   0   0   0   0   0  15  38   0   0   0  0.37 0.02
   17 V    -1  -3  -3  -4  -1  -2  -3  -4  -3   3   2  -3   2   0  -3  -2  -1  -3  -1   3    0   0   0   0   0   0   0   0   0  28  18   0  11   0   0   0   0   0   0  44  0.32 0.01
   18 L    -2  -3  -4  -4  -2  -3  -3  -4  -3   3   4  -3   2   0  -3  -3  -1  -2  -1   1    0   0   0   0   0   0   0   0   0  20  80   0   0   0   0   0   0   0   0   0  0.45 0.02
   19 D    -2  -2   1   6  -4   0   1  -2   3  -4  -4  -1  -3  -4  -2  -1  -1  -5  -2  -4    0   0   0  87   0   0   0   0  13   0   0   0   0   0   0   0   0   0   0   0  0.86 0.03
   20 K    -1   2   0  -1  -3   1   0  -2  -1  -3  -3   5  -1  -3  -1   0   2  -3  -2  -2    0   0   0   0   0   0   0   0   0   0   0  79   0   0   0   0  21   0   0   0  0.44 0.03
   21 I    -1  -3  -4  -4  -1  -3  -3  -4  -3   4   3  -3   2   0  -3  -3  -1  -3  -1   2    0   0   0   0   0   0   0   0   0  44  42   0   0   0   0   0   0   0   0  15  0.37 0.01
   22 R    -1   5   0  -1  -4   1   0  -2  -1  -3  -3   4  -2  -3  -2  -1  -1  -3  -2  -3    0  57   0   0   0   0   0   0   0   0   0  43   0   0   0   0   0   0   0   0  0.62 0.02
   23 C    -1  -4  -3  -4  10  -4  -4  -3  -4  -2  -2  -4  -2  -3  -3  -1  -1  -3  -3  -1    0   0   0   0 100   0   0   0   0   0   0   0   0   0   0   0   0   0   0   0  1.44 0.05
   24 K    -1   2   0  -1  -3   1   0   1  -1  -3  -3   5  -2  -4  -1   0  -1  -3  -2  -3    0   0   0   0   0   0   0  13   0   0   0  87   0   0   0   0   0   0   0   0  0.50 0.03
   25 V    -1  -3  -4  -4  -1  -3  -3  -4  -4   4   1  -3   1  -1  -3  -2   0  -3  -2   4    0   0   0   0   0   0   0   0   0  45   0   0   0   0   0   0   0   0   0  55  0.39 0.02
   26 A     3  -2  -1  -2  -1  -1  -1   2  -2  -1  -2  -1  -1  -3  -1   1   4  -3  -2  -1   38   0   0   0   0   0   0  13   0   0   0   0   0   0   0   0  49   0   0   0  0.32 0.02
   27 G     0  -3  -1  -2  -3  -2  -3   6  -2  -4  -4  -2  -3  -4  -3   0  -2  -3  -4  -4    0   0   0   0   0   0   0 100   0   0   0   0   0   0   0   0   0   0   0   0  1.12 0.03
   28 G     0  -3  -1  -2  -3  -2  -3   6  -2  -4  -4  -2  -3  -4  -3   0  -2  -3  -4  -4    0   0   0   0   0   0   0 100   0   0   0   0   0   0   0   0   0   0   0   0  1.10 0.02
   29 C    -1  -4  -3  -4  10  -3  -4  -3  -4  -2  -2  -4  -2  -3  -3  -1  -1  -3  -3  -1    0   0   0   0 100   0   0   0   0   0   0   0   0   0   0   0   0   0   0   0  1.39 0.04
   30 R    -1   5   0  -2  -4   1   0  -2   0  -3  -3   3  -2  -3  -2  -1  -1  -3  -2  -3    0  72   0   0   0   0   0   0   0   0   0  28   0   0   0   0   0   0   0   0  0.63 0.00
   31 T     0  -1   0  -1  -1  -1  -1  -2  -2  -1  -1  -1  -1  -2  -1   2   5  -3  -2   0    0   0   0   0   0   0   0   0   0   0   0   0   0   0   0   0 100   0   0   0  0.47 0.00

                      K         Lambda
Standard Ungapped    0.1455     0.3297
Standard Gapped      0.0454     0.2670
PSI Ungapped         0.1483     0.3199
PSI Gapped           0.0454     0.2670
