
Last position-specific scoring matrix computed, weighted observed percentages rounded down, information per position, and relative weight of gapless real matches to pseudocounts
            A   R   N   D   C   Q   E   G   H   I   L   K   M   F   P   S   T   W   Y   V   A   R   N   D   C   Q   E   G   H   I   L   K   M   F   P   S   T   W   Y   V
    1 S    -4  -4   7   2  -6  -3  -3  -4  -3  -6  -7  -4  -5  -6  -5   4  -3  -7  -5  -6    0   0  60  10   0   0   0   0   0   0   0   0   0   0   0  30   0   0   0   0  1.72 0.65
    2 L    -5  -4  -7  -7  -5  -5  -6  -7  -6   0   6  -6   2   1  -6  -6  -3  -5  -4   0    0   1   0   0   0   0   0   0   0   3  81   0   3   5   0   0   1   0   0   5  1.49 0.60
    3 F    -2  -5  -3  -4  -2  -3  -5  -4  -4   2   2  -3   1   2  -5  -3  -3   7   4   2    4   0   1   1   1   1   0   1   0  13  20   1   4   7   0   1   1  17  14  14  0.76 0.36
    4 E    -5  -1   2  -2  -7   8   2  -6  -1  -7  -5  -3  -5  -7  -5  -4  -5  -6  -6  -6    0   3   9   1   0  73  12   0   1   0   1   0   0   0   0   0   0   0   0   0  2.02 0.84
    5 L    -6  -7  -7  -8  -6  -7  -7  -7  -5  -4   1  -7  -4   9  -8  -6  -6   1   1  -5    0   0   0   0   0   0   0   0   0   0  14   0   0  82   0   0   0   2   3   0  2.51 0.85
    6 G     0   1   2  -1  -5  -1   1   4  -2  -5  -5   2   0  -1  -4   0  -2   0  -4  -4    6   7   9   2   0   2   9  36   1   0   0  12   2   3   0   8   2   2   0   0  0.51 0.32
    7 K    -2   2   3  -1  -4   1   2  -1  -2  -3  -2   3   0   0  -3  -1   0  -4   1  -3    1  11  18   2   0   5  12   3   0   1   3  21   3   4   0   4   5   0   5   1  0.35 0.27
    8 M    -5  -3  -6  -7  -5  -4  -2  -7  -6  -1   2  -5  10  -4  -6  -5  -5  -5  -5  -1    0   1   0   0   0   0   3   0   0   3  15   0  73   0   0   0   0   0   0   4  2.37 0.94
    9 I    -4  -6  -2  -6  -4  -5  -6  -6  -6   8  -1  -5   1  -4  -6  -5  -2  -6  -5   1    0   0   3   0   0   0   0   0   0  79   3   0   3   0   0   0   3   0   0   7  1.79 0.72
   10 L    -2   1   1  -1   0   3   1  -4  -1  -2   0   3   3   1  -3  -2  -1   0  -2  -2    1   7   6   2   2  18   7   0   1   1   8  21   9   8   0   2   2   1   1   2  0.33 0.28
   11 Q    -1  -1  -1  -2   8   1   0  -3   1  -2  -2   3  -2  -1  -4  -3  -2  -4   1  -2    5   2   2   2  35   7   7   2   3   2   3  17   1   2   0   0   2   0   5   2  0.83 0.43
   12 E    -1  -2   3  -2   0  -2   1  -3  -3   2   0   1   3  -3  -3  -1   2  -4  -2   1    5   1  16   0   2   0  11   0   0  12   6   9  10   0   0   1  15   0   1   8  0.25 0.26
   13 T     1  -1  -2  -4  -3  -1  -3  -2   2   1  -2  -1   1  -4   0  -1   5  -5  -2   0   12   4   1   0   0   2   0   3   6   9   1   4   4   0   6   1  38   0   1   7  0.46 0.38
   14 G    -2  -1   1  -2  -5  -3  -2   6  -2  -3  -4   0  -5  -5   2  -1  -4  -5  -5  -5    1   4   7   1   0   0   2  58   1   2   1   7   0   0  10   4   0   0   0   0  1.02 0.52
   15 K    -1   3  -1  -2  -4   0   0  -3   0  -2  -3   4  -3  -3  -1   2   0  -4  -1  -4    4  16   2   2   0   2   6   1   2   3   1  33   0   1   2  16   6   0   2   0  0.49 0.36
   16 N    -3   4   3  -2   1   0   1  -3   0  -3  -2   0  -2   1  -3   2  -1  -4   0  -4    0  30  13   1   3   3   7   1   2   1   4   4   1   6   1  16   3   0   3   0  0.44 0.35
   17 P     2  -3  -2  -4  -4  -3  -2   2  -1  -4  -3  -3  -2  -5   6   2   0  -6  -5  -1   15   1   1   0   0   0   2  14   1   0   2   0   1   0  35  15   6   0   0   5  0.79 0.47
   18 A     0  -3  -4  -3   0  -3  -3  -1  -4   2   1  -3   0   2   0  -1   0   7   0   2    7   1   0   1   2   0   1   4   0  10  13   0   3   8   5   4   6  18   2  14  0.44 0.28
   19 K    -2  -1  -4  -4  -4  -2  -2  -2  -2   0   2  -1   1   2   1  -2   0   6   0  -1    3   2   0   0   0   1   3   4   1   3  27   5   4  10   7   3   6  14   2   4  0.39 0.29
   20 S     0  -2   1   3  -4   0   2  -2   4  -3  -4   0  -4   0  -4   3  -2   3   1  -4    7   1   6  16   0   2  12   1  11   1   0   6   0   5   0  22   1   4   5   0  0.42 0.34
   21 Y    -6  -6  -2  -7  -7  -6  -6  -7   0  -5  -5  -6  -5   4  -7  -6  -6  -2   9  -2    0   0   2   0   0   0   0   0   2   0   0   0   0  15   0   0   0   0  79   3  2.68 1.00
   22 G     2  -3   0  -1  -3  -2  -1   1  -3   0   0  -3   3  -1  -3   2   0   1  -2   0   18   0   5   3   0   0   3  11   0   5   7   0  13   2   0  16   6   2   1   7  0.20 0.23
   23 A     0  -3   2   4   1  -3  -1   0  -1  -3  -2  -2  -1   2  -2   1  -1  -4   1  -3    7   0  12  27   3   0   1   8   1   1   3   2   1  11   1  13   2   0   4   1  0.39 0.30
   24 Y    -6  -6  -1  -7   1  -6  -6  -4  -3  -6  -5  -2  -5  -1  -7  -6  -6  -2  10  -6    0   0   3   0   3   0   0   1   0   0   0   3   0   0   0   0   0   0  90   0  2.94 0.89
   25 G    -2  -6  -4  -5  -6  -6  -6   7  -6  -8  -7  -5  -6  -7  -1  -4  -5  -6  -2  -7    2   0   0   0   0   0   0  93   0   0   0   0   0   0   3   0   0   0   2   0  2.32 0.72
   26 C    -5  -8   0  -8  12  -7  -8  -7  -7  -6  -6  -8  -6  -7  -7  -5  -5  -7  -7  -5    0   0   5   0  95   0   0   0   0   0   0   0   0   0   0   0   0   0   0   0  4.04 1.03
   27 N    -6  -6   1  -6  -7  -5  -6  -7   3  -6  -5  -6  -5   1  -7  -5  -6   3   9  -5    0   0   7   0   0   0   0   0   7   0   0   0   0   5   0   0   0   4  78   0  2.59 0.80
   28 C    -5  -8  -7  -8  12  -8  -8  -7  -8  -6  -6  -8  -6  -7  -7  -5  -5  -7  -7  -5    0   0   0   0 100   0   0   0   0   0   0   0   0   0   0   0   0   0   0   0  4.30 1.01
   29 G    -3  -6  -4  -2  -6  -5  -6   7  -6  -7  -7  -5  -6  -7  -6  -2  -5  -6  -7  -3    0   0   0   2   0   0   0  95   0   0   0   0   0   0   0   2   0   0   0   2  2.34 0.65
   30 V     0   0  -4  -5  -2  -2  -4  -3  -4  -1   1   1   1  -2   0  -1   0   9   0   0    9   4   0   0   1   1   0   2   0   3  13  10   3   0   5   4   5  31   2   8  0.83 0.33
   31 L    -2  -2  -2  -4  -5  -4  -2   7  -5  -6  -4  -4  -2  -6  -5  -3  -4  -6  -6  -4    1   3   2   0   0   0   3  85   0   0   2   0   1   0   0   1   0   0   0   1  1.80 0.54
   32 G    -3  -3  -1  -1  -6  -5  -3   7  -2  -7  -7  -3  -6  -6  -5  -2  -5  -6  -6  -5    0   1   3   3   0   0   1  86   1   0   0   1   0   0   0   2   0   0   0   1  1.89 0.56
   33 R    -2   5  -2  -3  -4   3  -1  -3   2  -2  -4   2  -3  -5  -4   3  -1  -2  -4  -3    1  29   1   0   0  14   2   1   5   2   1  12   0   0   0  29   2   1   0   1  0.71 0.35
   34 G    -3  -2  -1  -4  -5  -4  -3   7  -1  -6  -6  -4  -5  -3  -5  -3  -4  -5  -5  -6    0   3   3   0   0   0   1  87   2   0   0   0   0   1   0   0   0   0   0   0  1.92 0.55
   35 K    -2   2  -2  -3  -4   2   0  -2  -1  -3  -3   2   1  -4   0  -1   5   2  -4  -3    1  10   1   0   0   8   5   2   2   1   1  15   4   0   4   3  40   3   0   0  0.57 0.32
   36 P    -2  -5  -5  -1  -6  -5  -4  -5  -5  -6  -4  -4  -5  -6   9  -4  -4  -7  -6  -5    3   0   0   3   0   0   0   0   0   0   2   0   0   0  89   0   0   0   0   0  2.70 0.70
   37 K    -2   1  -3  -4  -4   2  -2  -2  -3   1   0   3   0  -3  -4  -3  -2  -4  -3   4    0   6   0   0   0  12   0   2   0   6   6  23   1   0   0   1   1   0   0  40  0.56 0.30
   38 D    -4  -5  -2   8  -6  -3  -1  -4  -4  -6  -6  -4  -6  -5  -4  -3  -2  -6   0  -6    1   0   0  88   0   0   1   0   0   0   0   0   0   0   0   0   3   0   4   0  2.13 0.61
   39 A     4  -3  -2   3  -3  -1   2   0  -3  -4  -4   0  -1  -4  -1  -1   0  -4  -4  -3   45   0   0  15   0   2  15   5   0   0   0   5   2   0   2   3   5   0   0   0  0.57 0.29
   40 T    -2  -3  -3  -1  -3  -3  -3  -4  -4   1   3  -3  -1  -2  -3   0   5  -4   0   0    1   0   0   3   0   0   0   0   0   6  33   0   0   0   0   4  40   0   4   6  0.61 0.30
   41 D    -4  -4  -1   8  -5  -2  -1  -4  -4  -5  -5  -3  -5  -5  -4  -1  -3  -6  -5  -5    1   0   0  88   0   2   0   1   0   0   1   0   0   0   0   5   0   0   0   0  2.03 0.53
   42 R    -4   8  -3  -4  -6  -1  -3  -5   0  -5  -5   0  -4  -5  -5  -2  -3   5  -4  -5    1  79   0   0   0   1   0   0   2   0   0   3   0   0   0   2   1   8   0   0  1.79 0.52
   43 C    -4  -6  -6  -6  11  -6  -7  -6   0  -5  -5  -6  -5  -6  -6  -4  -4  -6  -5  -4    0   0   0   0  94   0   0   0   3   0   0   0   0   0   0   0   0   0   0   0  3.62 0.77
   44 C    -4  -6  -6  -6  11  -6  -7  -6  -6  -5  -5  -6  -5  -6  -6  -2  -4  -6  -6  -4    0   0   0   0  94   0   0   0   0   0   0   0   0   0   0   3   0   0   0   0  3.61 0.77
   45 Y    -3  -1  -3  -4  -4   4  -2  -4   2  -3  -2   1  -2   5  -1  -2  -3   0   4  -2    1   2   0   0   0  20   2   0   5   1   3  10   0  33   3   2   0   1  15   1  0.70 0.30
   46 V     0  -3  -3  -2  -3  -2  -1  -3  -2   1  -2  -3  -1  -3  -4   0   2  -4  -2   5    8   1   0   1   0   1   4   1   1   4   1   1   1   0   0   7  14   0   1  54  0.59 0.29
   47 H    -5  -3  -2  -4  -6   0  -3  -5  11  -6  -6  -4  -5  -5  -5  -2  -5  -5  -2  -6    0   1   1   0   0   4   0   0  89   0   0   0   0   0   0   3   0   0   0   0  2.96 0.71
   48 K    -3  -3   0   7  -3  -2  -1  -4   0  -5  -6   1  -5  -6  -1  -2  -3  -6  -5  -5    2   1   3  74   1   1   0   0   2   0   0  10   0   0   3   2   0   0   0   0  1.52 0.46
   49 C    -3  -2   3   1  10  -1  -1  -4   0  -4  -3  -3  -2  -5  -5  -1  -3   0  -3  -3    1   2  13   8  55   3   5   0   2   0   1   1   1   0   0   3   0   1   1   1  1.53 0.46
   50 C    -4  -6  -5  -6  11  -6  -6  -5  -6  -4  -4  -6  -5  -5  -1  -4  -4  -5  -5  -4    0   0   0   0  90   0   0   0   0   0   0   0   0   0   4   0   0   0   0   0  3.33 0.74
   51 Y    -5  -5  -5  -6  -5  -4  -5  -6  -2  -4  -2  -5  -4   1  -5  -5  -4  -1  10  -4    0   0   0   0   0   0   0   0   0   0   3   0   0   2   0   0   0   0  89   0  2.59 0.66
   52 K     0  -2   1   1  -4  -1   1   4   0  -3  -4   2  -3  -4  -3  -1   0  -4  -3  -3    7   1   5   7   0   1  12  39   2   1   0  14   0   0   0   3   6   0   1   0  0.47 0.21
   53 A    -2   2  -1   0  -4   2   2  -3  -1  -4  -4   5  -3  -4  -3  -1  -1  -4  -3  -3    1  10   2   4   0  11  16   1   1   0   1  44   0   0   0   3   3   0   0   1  0.70 0.28
   54 A     3  -3  -3  -4  -2  -3  -2  -3  -1   1   3  -3   1  -2  -3  -2  -2  -3  -3   3   33   0   0   0   0   0   2   1   2   5  31   0   3   0   0   1   0   0   0  20  0.45 0.23
   55 A    -1   0   1   0  -3   0   3  -1   0  -3  -3   2  -2  -4   0   0   3  -2  -2  -2    2   5   8   2   0   3  19   4   2   0   1  14   0   0   3   4  29   0   1   2  0.36 0.19
   56 A    -1  -1   0   2  -4   0   1   4  -2  -3  -4   2  -3  -4  -3   0  -2  -4  -3  -3    4   2   3  12   0   4  11  39   1   1   1  15   0   0   0   5   2   0   0   1  0.51 0.20
   57 A    -3  -3   0  -3  10  -4  -3  -3  -1  -3  -1  -2  -3  -4  -4  -3  -3  -4  -2  -2    1   2   5   1  68   0   2   2   2   1   7   2   0   0   0   1   1   0   1   2  1.97 0.49
   58 A    -1  -1   3   3  -3   0   0   1   0  -3  -3   0  -2  -1   1   1  -1   1   1  -2    3   2  16  18   0   5   3  11   1   1   1   3   1   2   8  14   1   2   6   2  0.25 0.14
   59 A    -2  -4  -4  -4   4  -3  -3  -3  -3  -3  -4  -1  -4  -5   8  -3   0  -5  -4  -4    2   0   0   0  10   0   1   2   1   1   1   5   0   0  69   1   6   0   0   1  1.82 0.48
   60 A    -3   0  -2  -4   1  -2  -2  -3  -2  -2  -1   6  -3  -1  -4  -2  -1  -2   4  -1    1   2   1   0   3   0   1   1   0   2   6  53   0   2   0   1   3   0  19   4  0.81 0.36
   61 A    -2  -2  -2  -1  -3  -2  -3  -3   0   0   1   0   2   2  -1  -1   3   5   0   0    2   0   1   4   0   0   0   0   3   3  15   8   7   9   2   3  21  10   2   5  0.27 0.19
   62 D    -1  -2   1   4  -4   0   0  -1  -2  -1  -1   2  -1  -4  -3   0   1  -4  -3  -2    4   1   7  30   0   5   4   3   0   3   5  14   2   0   0   5  11   0   1   2  0.33 0.20
   63 R    -1   2   0  -1  -3   0  -1  -2  -1   0   0   0   0   0  -1   2   2  -1  -1  -1    4  16   4   2   0   4   1   1   1   7  10   3   2   4   3  17  15   1   2   3  0.11 0.13
   64 Y    -5  -3  -5  -6  -3  -5  -4  -6  -2  -5  -3  -5  -4   1  -6  -5  -3  -1  10  -5    0   2   0   0   0   0   1   0   0   0   2   0   0   2   0   0   2   0  89   0  2.73 0.78
   65 S    -2   0   0   1  -3   0  -1  -3  -3  -3  -3   1  -3  -3   0   5   2  -4  -2  -3    0   4   4   6   0   4   2   0   0   1   2   9   0   1   3  47  15   0   1   1  0.59 0.33
   66 Y    -5  -5  -5  -6  -5  -2  -5  -4   0  -4  -3  -5  -4   4  -6  -4  -4   6   9  -3    0   0   0   0   0   2   0   2   2   0   2   0   0  16   0   1   1   9  65   1  2.03 0.61
   67 S    -1   0  -1   0  -4   0   1  -3   2  -4  -4   2  -3  -2  -3   4   2  -4   0  -3    1   3   1   4   0   2   7   1   5   1   0  12   0   1   0  45  11   0   4   1  0.56 0.32
   68 W    -3  -1  -4  -5   8  -2  -1  -5   0   0  -1  -2   2   2  -5  -2  -3   7   0  -2    0   3   0   0  32   1   4   0   2   6   5   3   5  10   0   3   1  18   3   1  1.05 0.38
   69 K    -1   0   0  -1  -2   1   3   0  -2  -2  -2   2  -1  -2  -1   1   0  -4  -2  -1    1   3   4   1   1   6  23   7   0   2   3  18   1   2   2  14   6   0   1   6  0.25 0.18
   70 D    -1  -1   5   2  -1   1   2   1  -2  -4  -3   1  -3  -4  -1   0  -1  -3  -3  -4    3   1  30  13   2   6  11   9   0   0   2   7   0   0   2   8   3   0   0   0  0.45 0.23
   71 K    -2   0   0   0   1  -1  -2   5   1  -4  -3   2  -4  -4  -1  -1  -1  -4  -3  -4    0   5   4   4   3   3   2  47   4   1   3  13   0   0   2   3   3   0   0   0  0.61 0.28
   72 T     1  -1   1   2   0   1   1   0  -1  -2  -2   0  -1  -3  -2   0   3  -3  -1  -1   10   2   5  15   2   6   7   7   1   2   1   5   2   1   0   4  22   0   3   5  0.20 0.15
   73 I    -2  -4  -5  -4  -3  -4  -4  -5  -5   6   2  -4  -1  -1   2  -2  -3  -4  -3   2    2   0   0   1   0   0   0   0   0  51  15   0   0   1  11   3   0   0   0  13  0.88 0.36
   74 V    -2  -2  -3  -2  -3   0  -2  -4  -1   2  -1  -1  -2  -1  -3  -2   4  -4   0   4    0   1   1   2   0   4   2   0   1  11   3   4   0   2   0   2  27   0   4  34  0.48 0.28
   75 C    -4  -6  -6  -6  11  -6  -6  -3  -6  -5  -5  -6  -5  -6  -6  -4  -4  -5  -6  -4    0   0   0   0  92   0   0   3   0   0   1   0   0   0   0   0   0   0   0   0  3.60 0.88
   76 G    -1  -3   2   1  -4  -2   0   5  -3  -4  -4   0  -4  -4  -3   1  -2   2  -3  -2    2   1  10   8   0   0   6  47   0   0   1   7   0   0   0   9   2   3   1   3  0.68 0.29
   77 E     1  -1   1   3  -3  -1   2   2  -1  -3  -2   1  -3  -4  -1   0  -1  -4  -3  -3   11   2   5  21   0   0  17  17   1   1   4   8   0   0   2   7   3   0   0   1  0.32 0.18
   78 N    -1   0   4   3  -4   0   1   1  -2  -4  -4   2  -3  -4  -3   0   0  -4  -3  -4    6   3  23  17   0   4   7   9   0   0   1  16   0   0   0   6   6   0   1   0  0.45 0.23
   79 N    -2  -3   4   4   1  -2  -2   0  -1  -4  -4  -1  -4  -4  -2   1   3  -5  -3  -4    1   0  24  28   3   1   1   8   1   0   1   2   0   0   1   9  18   0   1   0  0.66 0.31
   80 P     0   0  -2  -1  -4  -1   1  -1   0  -3  -2   2  -3  -2   5   1   0   3  -2  -3    6   3   1   2   0   2   9   4   2   0   5  13   0   2  27   9   7   4   1   1  0.44 0.21
   81 C    -4  -4  -6  -6  11  -3  -6  -6  -3  -5  -5  -6  -5  -6  -6  -4  -4  -5  -5  -4    0   1   0   0  92   1   0   0   1   0   1   0   0   0   0   0   0   0   0   0  3.59 0.88
   82 L     1   1  -1  -1  -3   2   2   0  -1  -3   0   3  -1  -3  -1  -1  -1  -3  -3  -2   11   6   3   1   0  12  17   8   1   0  14  20   1   0   2   1   2   0   0   1  0.26 0.18
   83 K     1   4   0  -1  -4   0   0  -3  -3  -4  -2   4  -1  -4  -3  -1  -2  -4  -2  -2   13  26   3   2   0   4   5   1   0   0   3  34   1   0   0   2   1   0   2   3  0.62 0.31
   84 E     1   0  -2  -1  -4   4   2  -3  -1  -1  -1   0  -1   4  -3  -1  -1  -3  -1  -2   12   4   1   3   0  20  16   0   1   3   5   4   1  21   0   4   3   0   1   2  0.35 0.24
   85 L    -1  -4  -5  -5  -3  -4  -4  -5  -5   5   2  -4   1  -2  -4  -3  -1  -4  -3   4    4   0   0   0   0   0   1   0   0  31  19   1   3   0   0   1   2   0   0  38  0.84 0.34
   86 C    -4  -6  -6  -6  12  -6  -7  -6  -6  -5  -5  -6  -5  -6  -6  -4  -4  -6  -6  -4    0   0   0   0  95   0   0   0   0   0   0   0   0   0   0   0   0   0   0   0  3.82 0.89
   87 E     1  -2   3   3  -5   0   5  -3  -3  -5  -5  -1  -1  -5  -3  -2  -3  -5  -4  -4   12   2  13  15   0   2  49   1   0   0   0   3   2   0   0   0   0   0   0   0  0.90 0.38
   88 C    -4  -6  -6  -6  12  -6  -7  -6  -6  -5  -5  -6  -5  -6  -6  -4  -4  -6  -6  -3    0   0   0   0  94   0   0   0   0   0   0   0   0   0   0   0   0   0   0   1  3.75 0.88
   89 D    -5  -3  -2   8  -6  -4  -2  -4  -4  -6  -6  -4  -6  -6  -5  -3  -4  -7  -6  -6    0   1   0  94   0   0   0   0   0   0   0   0   0   0   0   0   0   0   0   0  2.49 0.71
   90 K    -1   6  -3  -4  -6   1  -1  -5  -3  -2  -2   5  -3  -3  -4  -3  -3  -5  -4  -2    4  44   0   0   0   4   2   0   0   3   4  35   0   1   0   0   0   0   0   3  1.08 0.44
   91 A     4  -2  -1  -1  -3   0   0  -2  -3  -1  -1   0   0  -4  -3  -1   2  -4  -3   2   37   1   2   3   0   3   6   2   0   2   4   7   2   0   0   1  13   0   0  18  0.33 0.24
   92 V     6  -4  -4  -5   0  -4  -4  -2  -5   0  -2  -4  -2  -4  -4  -1  -2  -5  -4   1   74   0   0   0   2   0   0   1   0   4   3   0   1   0   0   3   0   0   0  11  1.15 0.48
   93 A     6  -4  -5  -5  -3  -4  -4  -2  -5  -3  -4  -4  -4  -5  -4  -2  -1  -6  -5   1   84   1   0   0   0   0   0   2   0   1   0   0   0   0   0   1   3   0   0   9  1.48 0.57
   94 I    -1  -2   0  -2  -3  -1   0  -4   0   4   1   1   0  -1  -4  -2   0  -4   0   1    5   0   6   2   0   2   8   0   2  34  12  10   1   1   0   0   5   0   4   7  0.26 0.20
   95 C    -4  -7  -7  -7  12  -7  -7  -6  -7  -5  -3  -7  -5  -6  -7  -5  -5  -6  -6  -5    0   0   0   0  97   0   0   0   0   0   2   0   0   0   0   0   0   0   0   0  3.93 0.94
   96 L    -5  -6  -6  -6  -5  -6  -6  -4  -5  -2   3  -6   1   8  -6  -5  -5  -3  -1  -3    0   0   0   0   0   0   0   2   0   1  23   0   3  71   0   0   0   0   0   0  1.86 0.58
   97 R     3   5  -1  -3  -1   0  -2   1  -2  -3  -2   1  -1  -4  -1  -1  -2  -4  -3  -3   33  33   2   0   2   2   1   9   1   0   3   6   2   0   2   1   0   0   1   1  0.55 0.28
   98 E    -2   3   0   3  -4   2   3   0  -1  -4  -4   2  -3  -2  -3  -2  -2  -4  -3  -3    3  17   3  17   0   8  24   9   1   1   1  10   0   2   1   1   1   0   0   1  0.48 0.22
   99 N    -1  -2   6  -1  -3  -1  -1  -2   1  -3  -3  -1  -2  -3  -2   2   0  -3  -2  -3    4   1  48   2   1   1   3   2   4   1   2   2   1   1   1  17   5   0   1   2  0.74 0.26
  100 L     0   0  -2  -1  -2  -1  -1  -1  -1   0   2   1   1  -1   0  -1   0  -2  -2   0    5   4   1   4   1   1   4   5   1   3  33  12   4   1   4   4   4   0   1   7  0.10 0.08
  101 G     2   0   1   2  -3  -1   0   0  -1  -2  -3   0  -2  -2   1   0  -1   0   1  -2   24   4   9  16   0   1   3   7   1   2   1   7   0   1   8   4   1   1   8   2  0.21 0.14
  102 T    -2  -3   0   0  -3  -3  -2  -3   1  -1  -3  -3  -3  -4   4   0   6  -4   0  -3    1   1   3   4   0   0   2   1   4   3   1   0   0   0  19   5  50   0   4   1  0.85 0.37
  103 Y    -4  -4  -3  -4  -4  -2  -3  -3  -1  -2  -3  -3  -3   2  -3  -2  -4  -1   9  -3    1   1   1   1   0   1   2   2   0   2   1   1   0   6   2   3   1   0  74   1  1.91 0.56
  104 N    -3   0   7   3  -5  -1   0  -2   0  -5  -5   1  -4  -5  -4  -1  -3  -5  -4  -5    1   3  59  14   0   1   5   1   1   0   1   9   0   0   0   2   0   0   0   0  1.22 0.44
  105 K    -2   2   3   0  -4   0  -1  -3   2  -3  -2   5  -2  -4   0   0  -2  -4   0  -3    3   8  15   5   0   3   2   0   5   2   3  38   0   0   5   6   1   0   3   0  0.49 0.26
  106 K    -2   1   5  -2  -5  -1   1  -2  -3  -4  -4   5  -4  -5  -4   0  -2  -5  -2  -5    2   5  28   0   0   1   7   3   0   0   1  44   0   0   0   5   1   0   1   0  0.90 0.41
  107 Y    -4  -4   0  -5  -5  -3  -3  -5   1  -2  -1  -2  -3   3  -5  -4  -4   3   8  -3    0   0   5   0   0   1   1   0   3   3   6   2   0  10   0   0   0   4  61   1  1.53 0.52
  108 R    -3   2   4  -1  -4   2  -2  -3   0  -1   0   2   3  -2  -4  -2  -2   5  -2  -3    1  11  23   2   0  10   1   1   2   3   7  14  11   1   0   0   1   9   1   0  0.45 0.28
  109 Y    -2  -2   1  -3  -4  -3  -4  -3  -1   4   0  -2  -1   5  -3  -2  -2  -2   3   0    3   2   8   1   0   0   0   2   1  29   5   3   1  27   1   3   1   0  10   4  0.51 0.27
  110 H    -4  -4   2   3  -5  -3  -3  -4   2  -2  -2  -4  -4   3  -1  -1  -3   0   7  -4    0   0   9  19   0   0   0   1   5   3   3   0   0  10   3   4   1   1  41   0  0.97 0.42
  111 L    -2  -1  -1  -1  -3  -3  -3  -2  -3  -1   1  -1  -1  -1   5   1   2  -1  -1  -2    2   2   2   3   0   0   0   2   0   3  15   4   1   2  28  12  18   1   2   0  0.48 0.26
  112 K     0   1   2   1  -4   0   0  -2  -2  -2  -3   4  -3  -4   0   1  -1  -5  -4  -4    9   6  12   6   0   3   3   2   0   2   1  37   0   0   3  12   2   0   0   0  0.47 0.27
  113 P     0   0   1  -1  -3  -1   0  -2  -2  -1  -2   2   0   1   2   2   1  -3  -2  -1    5   3   7   2   0   0   6   0   0   5   2  17   2   9  10  16  10   0   0   4  0.19 0.16
  114 F    -3   4   1  -2  -4  -1  -2  -1   3  -1   0   0  -1   2  -3  -2  -2  -2   1  -3    0  31   9   1   0   2   1   5   9   3  13   5   1  12   0   2   1   0   5   0  0.38 0.24
  115 C    -3  -8  -7  -8  12  -7  -8  -7  -7  -5  -6  -7  -6  -7  -7  -5  -5  -7  -7  -5    2   0   0   0  98   0   0   0   0   0   0   0   0   0   0   0   0   0   0   0  4.04 0.98
  116 K    -3   2  -2  -2  -5   5   0   0  -2  -3  -4   4  -2  -5  -1  -1   1  -5  -4  -3    0  11   1   1   0  32   4   6   0   1   0  31   1   0   2   1   9   0   0   1  0.75 0.35
  117 K    -2   1  -2   0  -5   1   4   3  -2  -5  -4   3  -3  -5  -2  -1  -1  -4  -4  -3    1   5   0   3   0   3  32  24   0   0   0  26   0   0   1   3   2   0   0   1  0.60 0.24
  118 A     1  -1  -1   1  -4   1   4  -3   1  -4  -4   1  -3  -4   4  -1   1  -4  -3  -2   11   1   0   9   0   5  30   0   4   0   0   9   0   0  19   1   9   0   0   2  0.52 0.20
  119 A     0  -2  -1   1  -3  -2   0  -2  -3  -4  -4   1  -3  -4   0   5   2  -5  -4  -3    4   0   0   9   0   0   5   0   0   0   0   7   0   0   4  57  13   0   0   0  0.68 0.28
  120 A     0  -3  -3  -1  -4  -1   5  -4  -3  -4  -4  -2  -4  -5   5  -1  -1  -5  -4  -2    9   0   0   1   0   0  47   0   0   0   0   0   0   0  34   3   4   0   0   3  1.04 0.30
  121 A     3  -2  -1  -2  -1  -1  -1  -1  -2  -2  -2  -1  -1  -3  -1   2   3  -3  -2  -1   52   0   0   0   0   0   0   0   0   0   0   0   0   0   0  14  34   0   0   0  0.42 0.07

                      K         Lambda
Standard Ungapped    0.1347     0.3212
Standard Gapped      0.0505     0.2670
PSI Ungapped         0.1651     0.3171
PSI Gapped           0.0505     0.2670
