
Last position-specific scoring matrix computed, weighted observed percentages rounded down, information per position, and relative weight of gapless real matches to pseudocounts
            A   R   N   D   C   Q   E   G   H   I   L   K   M   F   P   S   T   W   Y   V   A   R   N   D   C   Q   E   G   H   I   L   K   M   F   P   S   T   W   Y   V
    1 P    -1  -2  -2  -2  -3  -1  -1  -2  -2  -3  -3  -1  -3  -4   8  -1  -1  -4  -3  -3    0   0   0   0   0   0   0   0   0   0   0   0   0   0 100   0   0   0   0   0  2.06 0.01
    2 L    -2  -2  -4  -4  -1  -2  -3  -4  -3   2   4  -3   2   0  -3  -3  -1  -2  -1   1    0   0   0   0   0   0   0   0   0   0 100   0   0   0   0   0   0   0   0   0  0.47 0.01
    3 F    -2  -3  -3  -4  -2  -3  -3  -4  -2   0   2  -3   1   6  -4  -3  -2   0   2   0    0   0   0   0   0   0   0   0   0   0  30   0   0  70   0   0   0   0   0   0  0.53 0.01
    4 D    -1  -1   0   4  -4   1   5  -2   0  -3  -3   0  -3  -4  -1   0  -1  -3  -3  -3    0   0   0  32   0   0  68   0   0   0   0   0   0   0   0   0   0   0   0   0  0.68 0.01
    5 K    -1   2   0   0  -3   2   3  -2  -1  -3  -3   4  -2  -3  -1   0  -1  -3  -2  -3    0   0   0   0   0   0  24   0   0   0   0  76   0   0   0   0   0   0   0   0  0.48 0.01
    6 R    -2   6  -1  -2  -4   1   0  -3   0  -3  -2   2  -2  -3  -2  -1  -1  -3  -2  -3    0 100   0   0   0   0   0   0   0   0   0   0   0   0   0   0   0   0   0   0  0.77 0.01
    7 Q    -1   0   0   3  -3   4   2  -2   4  -3  -3   1  -1  -3  -2   0  -1  -3  -1  -3    0   0   0  22   0  47  11   0  20   0   0   0   0   0   0   0   0   0   0   0  0.48 0.01
    8 R    -1   4   1  -1  -3   0  -1   4  -1  -4  -3   1  -2  -3  -2   0  -1  -3  -2  -3    0  48  11   0   0   0   0  40   0   0   0   0   0   0   0   0   0   0   0   0  0.49 0.01
    9 C    -1  -4  -3  -4   9  -3  -4  -3  -3  -1  -1  -3  -2  -3  -3  -1  -1  -3  -3  -1    0   0   0   0 100   0   0   0   0   0   0   0   0   0   0   0   0   0   0   0  1.29 0.02
   10 C    -1  -4  -3  -4   9  -3  -4  -3  -3  -1  -1  -3  -2  -3  -3  -1  -1  -3  -3  -1    0   0   0   0 100   0   0   0   0   0   0   0   0   0   0   0   0   0   0   0  1.29 0.02
   11 N    -1   1   5   1  -3   1   1  -1   0  -3  -3   2  -2  -3  -2   0   0  -4  -2  -3    0   0  59   0   0   0  11   0   0   0   0  29   0   0   0   0   0   0   0   0  0.48 0.01
   12 G     0  -3  -1  -2  -2  -2  -2   6  -2  -2  -3  -2  -2  -3  -2  -1  -1  -3  -3  -1    0   0   0   0   0   0   0  87   0   0   0   0   0   0   0   0   0   0   0  13  0.81 0.01
   13 R    -1   1  -1  -1  -3   0   0  -2  -1  -3  -2   2  -2  -3   6  -1  -1  -3  -2  -2    1   9   1   1   0   0   1   1   0   1   1  29   0   0  52   1   1   0   0   1  0.89 0.01
   14 R    -1   4   3   0  -3   1   2  -1   0  -3  -2   2  -2  -3  -1   0  -1  -3  -2  -2    1  38  25   1   0   0  19   1   0   1   1  10   0   0   1   1   1   0   0   1  0.36 0.00
   15 G     0  -2   0  -1  -3  -1   0   6  -2  -4  -4  -1  -3  -3  -2   0  -2  -3  -3  -3    0   0   0   0   0   0  11  89   0   0   0   0   0   0   0   0   0   0   0   0  0.88 0.01
   16 C    -1  -4  -3  -4   9  -3  -4  -3  -3  -1  -1  -3  -2  -3  -3  -1  -1  -3  -3  -1    0   0   0   0 100   0   0   0   0   0   0   0   0   0   0   0   0   0   0   0  1.29 0.02
   17 S     1  -1   0  -1  -1   0  -1   2  -1  -3  -3  -1  -2  -3  -1   4   1  -3  -2  -2    0   0   0   0   0   0   0  20   0   0   0   0   0   0   0  80   0   0   0   0  0.43 0.01
   18 S     1  -1   0   0  -1   0   0   2  -1  -2  -2   0  -1  -2  -1   3   1  -2  -1  -1    2   1   1   2   1   1   2  15   1   1   3   2   1   1   1  61   2   0   1   2  0.25 0.00
   19 R    -1   6   0  -2  -4   1   0  -2   0  -3  -2   3  -2  -3  -2  -1  -1  -3  -2  -3    0  79   0   0   0   0   0   0   0   0   0  21   0   0   0   0   0   0   0   0  0.67 0.01
   20 W    -2  -2  -3  -2  -3  -1   1  -3  -2  -3  -2  -2  -2   0  -3  -2  -2  11   2  -3    0   0   0   0   0   0  18   0   0   0   0   0   0   0   0   0   0  82   0   0  1.81 0.02
   21 C    -1  -4  -3  -4   9  -3  -4  -3  -3  -1  -1  -3  -2  -3  -3  -1  -1  -3  -3  -1    0   0   0   0 100   0   0   0   0   0   0   0   0   0   0   0   0   0   0   0  1.29 0.02
   22 R    -1   6   0  -2  -4   1   0  -2   0  -3  -2   3  -2  -3  -2  -1  -1  -3  -2  -3    0  89   0   0   0   0   0   0   0   0   0  11   0   0   0   0   0   0   0   0  0.72 0.01
   23 D    -2  -2   1   6  -4  -1   1  -2  -1  -3  -4  -1  -3  -4   3   0  -1  -4  -3  -3    0   0   0  82   0   0   0   0   0   0   0   0   0   0  18   0   0   0   0   0  0.86 0.01
   24 H    -2   0   0  -1  -3   2   0  -2   8  -3  -3   0  -1  -2  -2  -1  -2  -3   1  -3    0   0   0   0   0  18   0   0  82   0   0   0   0   0   0   0   0   0   0   0  0.76 0.02
   25 S     3  -1   0  -1  -1   0   0   0  -1  -2  -2   0  -1  -2  -1   3   1  -2  -1  -1   47   1   1   1   0   1   1   1   0   1   2   1   0   1   1  38   1   0   1   1  0.26 0.00
   26 R    -2   5   0  -1  -4   2   0  -2   4  -3  -2   2  -1  -3  -2  -1  -1  -3  -1  -3    0  69   0   0   0  13   0   0  18   0   0   0   0   0   0   0   0   0   0   0  0.58 0.01
   27 C    -1  -4  -3  -4   9  -3  -4  -3  -3  -1  -1  -3  -2  -3  -3  -1  -1  -3  -3  -1    0   0   0   0 100   0   0   0   0   0   0   0   0   0   0   0   0   0   0   0  1.29 0.02
   28 C    -1  -4  -3  -4   9  -3  -4  -3  -3  -1  -1  -3  -2  -3  -3  -1  -1  -3  -3  -1    0   0   0   0 100   0   0   0   0   0   0   0   0   0   0   0   0   0   0   0  1.29 0.02
   29 G     0  -3   0  -1  -3  -2  -2   6  -2  -4  -4  -2  -3  -3  -2   0  -2  -3  -3  -3    0   0   0   0   0   0   0 100   0   0   0   0   0   0   0   0   0   0   0   0  1.05 0.01
   30 R    -2   6  -1  -2  -4   1   0  -3   0  -3  -2   2  -2  -3  -2  -1  -1  -3  -2  -3    0 100   0   0   0   0   0   0   0   0   0   0   0   0   0   0   0   0   0   0  0.77 0.01
   31 R    -2   6  -1  -2  -4   1   0  -3   0  -3  -2   2  -2  -3  -2  -1  -1  -3  -2  -3    0 100   0   0   0   0   0   0   0   0   0   0   0   0   0   0   0   0   0   0  0.76 0.01

                      K         Lambda
Standard Ungapped    0.1450     0.3356
Standard Gapped      0.0410     0.2670
PSI Ungapped         0.1450     0.3356
PSI Gapped           0.0410     0.2670
