
Last position-specific scoring matrix computed, weighted observed percentages rounded down, information per position, and relative weight of gapless real matches to pseudocounts
           A  R  N  D  C  Q  E  G  H  I  L  K  M  F  P  S  T  W  Y  V   A   R   N   D   C   Q   E   G   H   I   L   K   M   F   P   S   T   W   Y   V
    1 M   -1 -2 -3 -4 -2 -1 -3 -3 -2  1  2 -2  8  0 -3 -2 -1 -2 -1  0    0   0   0   0   0   0   0   0   0   0   0   0 100   0   0   0   0   0   0   0  0.61 0.06
    2 E   -1  0 -1  1 -4  2  6 -3  0 -4 -3  1 -3 -4 -2  0 -1 -3 -3 -3    0   0   0   0   0   0 100   0   0   0   0   0   0   0   0   0   0   0   0   0  0.86 0.04
    3 A    4 -2 -1 -2 -1 -1 -1  0 -2 -2 -2 -1 -1 -3 -1  2  1 -3 -2 -1   75   0   0   0   0   0   0   0   0   0   0   0   0   0   0  19   6   0   0   0  0.39 0.03
    4 L    0 -3 -4 -4 -1 -2 -3 -3 -3  2  4 -3  2  0 -3 -2 -1 -2 -1  1    9   0   0   0   0   0   0   0   0   2  78   0   0   0   0   0   0   0   0  10  0.38 0.02
    5 V    1 -3 -3 -3 -1 -2 -3 -3 -3  2  0 -2  0 -1 -2 -1  0 -3 -2  4   19   0   0   0   0   0   0   0   0   0   0   0   0   0   0   0   0   0   0  81  0.32 0.03
    6 Y   -2 -2 -3 -4 -3 -2 -3 -4  2 -2 -2 -2 -1  3 -4 -2 -2  2  8 -2    0   0   0   0   0   0   0   0   0   0   0   0   0   0   0   0   0   0 100   0  1.09 0.05
    7 T    0 -2 -1 -2 -1 -1 -2 -2 -2  2  0 -1  0 -2 -2  1  5 -3 -2  1    0   0   0   0   0   0   0   0   0  19   0   0   0   0   0   0  72   0   0   9  0.36 0.03
    8 F   -3 -3 -4 -4 -3 -4 -4 -4 -2  0  2 -4  0  7 -4 -3 -2  0  3 -1    0   0   0   0   0   0   0   0   0   0  19   0   0  81   0   0   0   0   0   0  0.70 0.03
    9 L   -2 -3 -4 -4 -2 -3 -3 -4 -3  2  4 -3  2  0 -3 -3 -1 -2 -1  2    0   0   0   0   0   0   0   0   0  10  81   0   0   0   0   0   0   0   0   9  0.45 0.02
   10 L   -2 -3 -4 -4 -2 -3 -3 -4 -3  2  5 -3  2  0 -3 -3 -2 -2 -1  1    0   0   0   0   0   0   0   0   0   0 100   0   0   0   0   0   0   0   0   0  0.54 0.03
   11 I    0 -3 -3 -3 -1 -2 -3 -3 -3  3  1 -2  1 -1 -2 -1  1 -3 -2  3    9   0   0   0   0   0   0   0   0  28   0   0   0   0   0   0  13   0   0  50  0.27 0.02
   12 G    0 -2 -1 -2 -2 -2 -2  4 -2 -2  0 -2 -1 -2 -2  1  0 -3 -3 -2    4   0   0   0   0   0   0  51   0   0  19   0   0   0   0  22   4   0   0   0  0.38 0.02
   13 T    2 -2 -1 -2 -1 -1 -1 -2 -2 -1 -2 -1 -1 -3 -1  1  5 -3 -2  0   19   0   0   0   0   0   0   0   0   0   0   0   0   0   0   0  81   0   0   0  0.46 0.03
   14 L   -2 -3 -4 -4 -2 -3 -3 -4 -3  2  4 -3  2  0 -3 -3 -1 -2 -1  1    0   0   0   0   0   0   0   0   0  10  90   0   0   0   0   0   0   0   0   0  0.50 0.03
   15 M    1 -3 -1 -2 -3 -2 -2  6 -2 -2 -2 -2  1 -3 -3 -1 -2 -3 -3 -1    6   0   0   0   0   0   0  78   0   0   0   0  11   0   0   0   0   0   0   5  0.73 0.03
   16 V   -1 -3 -4 -4 -1 -3 -3 -4 -4  4  1 -3  1 -1 -3 -2 -1 -3 -2  4    0   0   0   0   0   0   0   0   0  58   0   0   0   0   0   0   0   0   0  42  0.42 0.02
   17 I   -2 -3 -4 -4 -2 -3 -4 -4 -4  4  3 -3  1  0 -3 -3 -1 -3 -2  2    0   0   0   0   0   0   0   0   0  74  26   0   0   0   0   0   0   0   0   0  0.43 0.03
   18 F   -3 -3 -4 -4 -3 -4 -4 -4 -2  0  0 -4  0  7 -4 -3 -3  1  3 -1    0   0   0   0   0   0   0   0   0   0   0   0   0 100   0   0   0   0   0   0  0.93 0.04
   19 F   -1 -3 -4 -4 -3 -4 -4 -3 -2  0  0 -3  0  7 -4 -2 -2  1  3 -1    6   0   0   0   0   0   0   0   0   0   0   0   0  94   0   0   0   0   0   0  0.80 0.04
   20 A    4 -2 -1 -2 -1 -1 -1  0 -2 -2 -2 -1 -1 -3 -1  2  0 -3 -2 -1   85   0   0   0   0   0   0   3   0   0   0   0   0   0   0  12   0   0   0   0  0.43 0.03
   21 V   -2 -4 -4 -4 -2 -3 -4 -4 -4  5  1 -3  1  0 -3 -3 -1 -3 -2  3    0   0   0   0   0   0   0   0   0  90   0   0   0   0   0   0   0   0   0  10  0.48 0.03
   22 F    1 -3 -3 -4 -2 -3 -3 -3 -2  0  0 -3  0  6 -3 -2 -2  0  2 -1   19   0   0   0   0   0   0   0   0   4   0   0   0  77   0   0   0   0   0   0  0.56 0.03
   23 F   -3 -3 -4 -4 -3 -4 -4 -4 -2  0  0 -4  0  7 -4 -3 -3  1  3 -1    0   0   0   0   0   0   0   0   0   0   0   0   0 100   0   0   0   0   0   0  0.93 0.04
   24 R   -2  7 -1 -2 -4  1  0 -3 -1 -4 -3  2 -2 -3 -3 -1 -2 -3 -2 -3    0 100   0   0   0   0   0   0   0   0   0   0   0   0   0   0   0   0   0   0  0.90 0.04
   25 D   -2 -1  0  5 -4  1  5 -2 -1 -4 -4  0 -3 -4 -2  0 -1 -4 -3 -3    0   0   0  40   0   0  60   0   0   0   0   0   0   0   0   0   0   0   0   0  0.74 0.03
   26 T   -1 -3 -2 -2 -3 -2 -1 -3 -3 -3 -3 -1 -3 -4  8 -1  0 -4 -3 -3    0   0   0   0   0   0   0   0   0   0   0   0   0   0  93   3   4   0   0   0  1.94 0.04
   27 P   -1 -3 -3 -2 -3 -2 -2 -3 -3 -3 -4 -1 -3 -4  9 -1 -2 -4 -4 -3    0   0   0   0   0   0   0   0   0   0   0   0   0   0 100   0   0   0   0   0  2.16 0.05
   28 R   -2  6 -1 -2 -4  1  0 -3 -1 -3 -3  3 -2 -3 -2 -1 -1 -3 -2 -3    0  73   0   0   0   0   0   0   0   0   0  24   0   0   0   0   3   0   0   0  0.69 0.03
   29 I   -1 -3 -4 -4 -1 -3 -4 -4 -4  4  2 -3  2  0 -3 -3 -1 -3 -2  3    0   0   0   0   0   0   0   0   0  70   7   0   4   0   0   0   0   0   0  18  0.40 0.02
   30 L    1 -1  0 -1 -2  0  1  0 -2  0 -1 -1 -1 -2  4  0  0 -3 -2  0   18   3   7   0   0   2  12   9   0   6   6   0   0   0  22   2   4   0   0  10  0.23 0.01
   31 K   -1  1  1  0 -3  1  1 -2 -1 -2 -2  4 -2 -3  0  0  1 -3 -2 -1    2   2   6   4   0   4   2   0   0   0   0  58   0   0   2   4  11   0   0   5  0.31 0.03
   32 K   -1  3  0 -1 -4  2  1 -2 -1 -3 -3  5 -2 -4 -1  0 -1 -3 -2 -3    0   7   0   0   0   5   4   0   0   0   0  83   0   0   0   0   0   0   0   0  0.55 0.03

                      K         Lambda
Standard Ungapped    0.1561     0.3453
Standard Gapped      0.0468     0.2670
PSI Ungapped         0.1529     0.3133
PSI Gapped           0.0468     0.2670
