
Last position-specific scoring matrix computed, weighted observed percentages rounded down, information per position, and relative weight of gapless real matches to pseudocounts
           A  R  N  D  C  Q  E  G  H  I  L  K  M  F  P  S  T  W  Y  V   A   R   N   D   C   Q   E   G   H   I   L   K   M   F   P   S   T   W   Y   V
    1 M   -2 -2 -3 -4 -2 -1 -3 -4 -2  0  1 -2  8 -1 -3 -2 -1 -2 -2  0    0   0   0   0   0   0   0   0   0   0   0   0 100   0   0   0   0   0   0   0  1.07 0.16
    2 A    5 -2 -2 -2 -1 -1 -1  0 -2 -2 -2 -1 -2 -3 -1  1 -1 -3 -2 -1  100   0   0   0   0   0   0   0   0   0   0   0   0   0   0   0   0   0   0   0  0.70 0.11
    3 R   -2  6 -1 -2 -4  0 -1 -3 -1 -3 -2  2 -2 -3 -3 -1 -2 -3 -2 -3    0  97   0   0   0   0   0   0   0   0   3   0   0   0   0   0   0   0   0   0  1.09 0.12
    4 T    0 -2 -1 -2 -1 -1 -2 -2 -2 -1 -1 -1  2 -2 -2  1  5 -3 -2 -1    3   0   0   0   0   0   0   0   0   0   0   0   9   0   0   0  88   0   0   0  0.68 0.11
    5 K   -1  2 -1 -1 -4  1  0 -2 -1 -3 -3  6 -2 -4 -2 -1 -1 -4 -2 -3    0   0   0   0   0   0   0   0   0   0   0 100   0   0   0   0   0   0   0   0  0.88 0.12
    6 Q   -1  1 -1 -1 -3  6  1 -2  3 -3 -1  1 -1 -3 -2  0 -1 -3 -2 -3    0   7   0   0   0  78   0   0   8   0   5   0   0   0   0   3   0   0   0   0  0.75 0.11
    7 T   -1 -2  1 -1 -2 -1 -1 -2 -2 -1 -2 -1 -1 -3 -2  1  5 -3 -2 -1    0   0   5   0   0   0   0   0   0   0   0   0   0   0   0   7  88   0   0   0  0.71 0.11
    8 A    5 -2 -2 -2 -1 -1 -1  0 -2 -2 -2 -1 -2 -3 -1  1 -1 -3 -2 -1  100   0   0   0   0   0   0   0   0   0   0   0   0   0   0   0   0   0   0   0  0.70 0.11
    9 R   -2  6 -1 -2  0  0 -1 -3 -1 -3 -3  1 -2 -2 -3 -1 -2 -3  1 -3    0  91   0   0   3   0   0   0   0   0   0   0   0   0   0   0   0   0   7   0  0.96 0.11
   10 K   -1  1 -1 -1 -3  1  0 -2 -1 -2 -2  5  1 -3 -2 -1 -1 -3 -2 -2    0   0   0   0   0   0   0   0   0   3   0  88   9   0   0   0   0   0   0   0  0.66 0.10
   11 S    1 -1  2 -1 -2 -1 -1 -1 -1 -3 -3 -1 -2 -3 -2  5  1 -4 -2 -2    6   0  14   0   0   0   0   0   0   0   0   0   0   0   0  75   3   0   0   2  0.59 0.13
   12 T   -1 -2 -1 -2 -2 -1 -2 -3  2 -1 -2 -2 -1  0 -2  0  6 -3 -2  0    0   0   0   0   0   0   0   0   6   0   0   0   0   4   0   0  86   0   0   3  0.74 0.16
   13 G    0 -3 -1 -2 -3 -2 -3  6 -3 -4 -4 -2 -3 -4 -3  0 -2 -3 -4 -4    5   0   0   0   0   0   0  91   0   0   0   0   0   0   0   3   0   0   0   0  1.28 0.15
   14 A    2 -2 -1 -2 -2 -2 -2  5 -3 -2 -3 -2 -2 -3 -2 -1 -2  3 -3 -2   23   2   0   0   0   0   0  65   0   3   0   0   0   0   0   0   0   5   0   2  0.77 0.11
   15 K   -2  1 -1 -1 -4  2  0 -2 -1 -4 -3  6 -2 -4 -2 -1 -2 -4 -3 -3    0   0   0   0   0   5   2   0   0   0   0  92   0   0   0   0   0   0   0   0  0.96 0.17
   16 A    5 -2 -2 -3 -1 -2 -2  0 -3 -1 -2 -2 -1 -3 -2  0 -1 -3 -2  2   77   0   0   0   0   0   0   4   0   0   0   0   0   0   0   0   0   0   0  18  0.54 0.13
   17 P   -2 -3 -3 -3 -4 -2 -2 -3 -3 -4 -4 -2 -4 -5  8 -2 -2 -5 -4 -3    0   0   0   0   0   0   0   0   0   0   0   0   0   0 100   0   0   0   0   0  2.48 0.22
   18 R   -2  7 -1 -3 -4  0 -1 -3 -1 -4 -3  1 -2 -4 -3 -2 -1 -4 -3 -3    0  97   0   0   0   0   0   0   0   0   0   0   0   0   0   0   3   0   0   0  1.29 0.19
   19 K   -2  1 -1 -1 -4  0  0 -2 -2 -4 -3  6 -2 -4 -2 -1 -1 -4 -3 -3    0   0   0   0   0   0   3   0   0   0   0  94   0   0   0   0   3   0   0   0  0.96 0.17
   20 Q    0  0 -1 -1 -3  5  1 -2  5 -3 -2  0 -1 -3  1  0 -1 -3 -1 -3    7   0   0   0   0  58   4   0  20   0   3   0   0   0   5   3   0   0   0   0  0.67 0.14
   21 L   -2 -3 -4 -4 -2 -3 -4 -4 -4  2  5 -3  1  0 -4 -3 -2 -2 -2  1    0   0   0   0   0   0   0   0   0  12  85   0   0   0   0   0   0   0   0   3  0.69 0.12
   22 A    4 -2 -2 -2 -1 -2 -2  1 -2 -1 -2 -1 -2 -3 -2  1 -1 -3 -2  0   72   0   0   0   0   0   0  10   0   0   0   0   0   0   0   8   0   0   0  10  0.49 0.11
   23 S    0 -1  2 -1 -2  0 -1 -2  1  0 -2 -1 -1 -2 -1  2  4 -3  0 -1    8   0  11   0   0   3   0   0   4   6   0   0   0   0   2  17  46   0   3   0  0.32 0.09
   24 K   -2  1 -1 -1 -4  1  1 -2 -2 -4 -3  6 -2 -4 -2 -1 -2 -4 -3 -3    0   0   0   0   0   0   6   0   0   0   0  94   0   0   0   0   0   0   0   0  0.97 0.17
   25 A    4 -2 -2 -2 -1  1 -1 -1 -2 -2 -2 -1 -2 -3 -1  2  0 -3 -2 -1   74   0   0   0   0   7   0   0   0   0   0   0   0   0   0  15   0   0   0   2  0.53 0.12
   26 A    4 -2 -2 -2 -1 -1 -1 -1 -2 -2 -1  0 -1 -3 -2  1  0  2 -2  0   76   0   0   0   0   0   0   0   0   0   3   4   0   0   0   9   1   4   0   3  0.51 0.12
   27 R   -2  6  0 -2 -4  1 -1  0  1 -3 -3  1 -2  0 -3 -1 -2 -3 -2 -3    0  71   4   0   0   3   0   6   5   0   0   2   0   6   0   4   0   0   0   0  0.71 0.13
   28 K   -1  1 -1 -2 -4  1  0 -2 -2 -3 -3  6 -2 -4  1  0  0 -4 -3 -3    0   0   0   0   0   2   0   0   0   0   0  85   0   0   6   4   4   0   0   0  0.80 0.15
   29 S    1  0  0 -1  0  0 -1 -1 -2 -2 -2 -1 -1 -3 -2  4  2 -3 -2 -1   11   5   3   0   2   4   0   0   0   0   4   0   0   0   0  51  17   0   0   3  0.35 0.09
   30 A    4  0 -2 -2 -1 -1 -1 -1 -2 -1 -2  0 -1  0  1  0  0 -3 -2 -1   67   5   0   0   0   0   0   0   0   2   0   6   0   7   6   0   7   0   0   0  0.38 0.10
   31 P    0 -3 -1 -2 -3 -1 -2 -2 -3 -1 -3 -2 -3 -4  7  0  0 -4 -3 -2    8   0   2   0   0   3   0   0   0   5   0   0   0   0  71   8   4   0   0   0  1.43 0.14
   32 A    2 -2 -1 -2 -1 -1 -1 -2 -2  0 -1 -1 -1 -2  3  2  1 -3  0  1   22   0   0   0   0   0   0   0   0   3   0   0   0   0  16  23  10   0   4  20  0.29 0.07
   33 T   -1  0  1  0 -2 -1 -1 -2 -2 -1 -2 -1  0 -3 -2  2  4 -3 -2  0    0   4   9   4   0   0   0   0   0   0   0   0   4   0   0  16  56   0   0   6  0.42 0.10
   34 G    0 -2 -1 -2  0  0  0  5 -2 -2 -3 -1 -3 -3 -2  0 -1 -3 -3 -3    7   0   0   0   2   3   6  67   0   3   0   3   0   0   0   8   0   0   0   0  0.72 0.10
   35 G    0 -3 -1 -2 -3 -1 -3  6 -3 -3 -4 -2 -3 -4 -3 -1 -2 -3 -4 -1    3   0   0   0   0   3   0  87   0   0   0   0   0   0   0   2   0   0   0   6  1.12 0.14
   36 I   -1 -3 -3 -4 -2 -3 -3 -4 -3  3  1 -3  3 -1 -3 -2 -1 -3 -2  4    3   0   0   0   0   0   0   0   0  14   9   0  12   0   0   0   0   0   0  62  0.49 0.10
   37 K   -2  1 -1 -2 -4  0  0 -2 -2 -3 -3  6 -2 -4 -2 -1  0 -4 -3 -3    0   0   0   0   0   0   0   0   0   0   0  94   0   0   0   0   6   0   0   0  0.94 0.17
   38 K   -2  2 -1 -2 -4  1  0 -2 -1 -3 -2  6 -2 -4 -2 -1 -1 -4 -3 -3    0   7   0   0   0   3   0   0   0   0   3  85   0   0   0   0   0   0   0   0  0.81 0.15
   39 P    0 -1 -2 -2 -3 -2 -2 -3 -3 -3 -3 -2 -3 -4  7 -1  1 -4 -3 -1    5   4   0   0   0   0   0   0   0   0   0   0   0   0  76   0  10   0   0   5  1.58 0.15
   40 H   -3  0  1 -2 -4 -1 -1 -3  9 -4 -4 -2 -3 -2 -3 -2 -3 -3  2 -4    0   3   4   0   0   0   0   0  88   0   0   0   0   0   0   0   0   0   4   0  1.49 0.19
   41 R   -2  6 -1 -2 -4  0 -1 -3 -1 -4 -3  2 -2 -4 -3 -1 -2 -3 -2 -3    0  93   0   0   0   0   0   0   0   0   0   7   0   0   0   0   0   0   0   0  1.13 0.14

                      K         Lambda
Standard Ungapped    0.1157     0.3074
Standard Gapped      0.0418     0.2670
PSI Ungapped         0.1364     0.3158
PSI Gapped           0.0418     0.2670
