
Last position-specific scoring matrix computed, weighted observed percentages rounded down, information per position, and relative weight of gapless real matches to pseudocounts
            A   R   N   D   C   Q   E   G   H   I   L   K   M   F   P   S   T   W   Y   V   A   R   N   D   C   Q   E   G   H   I   L   K   M   F   P   S   T   W   Y   V
    1 G     3  -2  -1  -2  -1  -1  -2   4  -2  -3  -3  -1  -2  -3  -2   1  -1  -3  -3  -1   50   0   0   0   0   0   0  50   0   0   0   0   0   0   0   0   0   0   0   0  0.53 0.01
    2 K    -1   5   0  -1  -4   1   0  -2  -1  -3  -3   4  -2  -3  -2  -1  -1  -3  -2  -3    0  50   0   0   0   0   0   0   0   0   0  50   0   0   0   0   0   0   0   0  0.57 0.01
    3 C    -1  -4  -3  -4  10  -3  -4  -3  -3  -1  -1  -3  -2  -3  -3  -1  -1  -3  -3  -1    0   0   0   0 100   0   0   0   0   0   0   0   0   0   0   0   0   0   0   0  1.29 0.02
    4 G     1  -2  -1  -2  -2  -2  -2   6  -2  -4  -4  -2  -3  -3  -2   0  -1  -3  -3  -3   13   0   0   0   0   0   0  87   0   0   0   0   0   0   0   0   0   0   0   0  0.89 0.01
    5 D    -2  -2   1   6  -4   0   2  -2  -1  -3  -4  -1  -3  -4  -2   0  -1  -5  -3  -3    0   0   0 100   0   0   0   0   0   0   0   0   0   0   0   0   0   0   0   0  0.97 0.01
    6 I    -2  -3  -4  -3  -1  -3  -4  -4  -4   5   2  -3   1   0  -3  -3  -1  -3  -2   3    0   0   0   0   0   0   0   0   0 100   0   0   0   0   0   0   0   0   0   0  0.42 0.01
    7 N    -2  -1   6   1  -3   0   0  -1   1  -4  -4   0  -2  -3  -2   1   0  -4  -2  -3    0   0 100   0   0   0   0   0   0   0   0   0   0   0   0   0   0   0   0   0  0.77 0.01
    8 A     4  -2  -2  -2  -1  -1  -1   2  -2  -2  -2  -1  -1  -3  -1   1   0  -3  -2  -1   87   0   0   0   0   0   0  13   0   0   0   0   0   0   0   0   0   0   0   0  0.40 0.01
    9 G     2  -2  -2  -2  -2  -1  -1   1  -2  -2  -2  -1  -2  -3   6   0  -1  -3  -3  -1   41   0   0   0   0   0   0  11   0   0   0   0   0   0  48   0   0   0   0   0  0.84 0.01
   10 C    -1  -4  -3  -4  10  -3  -4  -3  -3  -1  -1  -3  -2  -3  -3  -1  -1  -3  -3  -1    0   0   0   0 100   0   0   0   0   0   0   0   0   0   0   0   0   0   0   0  1.29 0.02
   11 S     0   1   0  -1  -3   3   1  -2  -1  -3  -2   4  -1  -3  -1   1   1  -3  -2  -2    0   0   0   0   0  24   0   0   0   0   0  53   0   0   0  11  12   0   0   0  0.37 0.01
   12 S     2  -1   0   0  -1   0   2  -1  -1  -3  -3   0  -2  -3  -1   4   1  -3  -2  -2   12   0   0   0   0   0  20   0   0   0   0   0   0   0   0  68   0   0   0   0  0.37 0.01
   13 D     0  -2   1   6  -3   0   2  -1  -1  -3  -3  -1  -3  -4  -2   0  -1  -4  -3  -3   12   0   0  76   0   0  12   0   0   0   0   0   0   0   0   0   0   0   0   0  0.69 0.01
   14 C    -1  -4  -3  -4  10  -3  -4  -3  -3  -1  -1  -3  -2  -3  -3  -1  -1  -3  -3  -1    0   0   0   0 100   0   0   0   0   0   0   0   0   0   0   0   0   0   0   0  1.29 0.02
   15 D    -2  -2   1   6  -4   0   2  -2  -1  -3  -4  -1  -3  -4  -2   0  -1  -5  -3  -3    0   0   0 100   0   0   0   0   0   0   0   0   0   0   0   0   0   0   0   0  0.97 0.01
   16 C    -1  -4  -3  -4  10  -3  -4  -3  -3  -1  -1  -3  -2  -3  -3  -1  -1  -3  -3  -1    0   0   0   0 100   0   0   0   0   0   0   0   0   0   0   0   0   0   0   0  1.29 0.02
   17 C    -1  -4  -3  -4  10  -3  -4  -3  -3  -1  -1  -3  -2  -3  -3  -1  -1  -3  -3  -1    0   0   0   0 100   0   0   0   0   0   0   0   0   0   0   0   0   0   0   0  1.29 0.02
   18 G     0  -3  -1  -1  -3  -2  -2   6  -2  -4  -4  -2  -3  -3  -2   0  -2  -3  -3  -3    0   0   0   0   0   0   0 100   0   0   0   0   0   0   0   0   0   0   0   0  1.07 0.01
   19 S    -1  -1   1   1  -3  -1  -1  -2   1  -2  -2   0  -2   2  -2   0  -1   1   6  -2    0   0   9  13   0   0   0   0   0   0   0  12   0   0   0  11   0   0  56   0  0.37 0.01
   20 S     1  -1   0  -1  -1   0   0  -1  -1  -2  -2   0  -1  -3  -1   4   3  -3  -2  -1    0   0   0   0   0   0   0   0   0   0   0   0   0   0   0  68  32   0   0   0  0.41 0.01
   21 V     0  -2  -2  -2  -1  -2  -2  -2  -2   2   0  -2   0  -1  -2  -1   2  -2  -1   3    1   1   1   1   0   1   1   1   0   1   1   1   0   0   1   1  21   0   0  69  0.20 0.00
   22 T     1  -1   0  -1  -1   0   1  -1  -2  -1  -2  -1  -1  -2  -1   1   4  -3  -2   0   20   0   0   0   0   0  12   0   0   0   0   0   0   0   0   0  68   0   0   0  0.33 0.01
   23 C    -1  -4  -3  -4  10  -3  -4  -3  -3  -1  -1  -3  -2  -3  -3  -1  -1  -3  -3  -1    0   0   0   0 100   0   0   0   0   0   0   0   0   0   0   0   0   0   0   0  1.29 0.02
   24 D    -2  -2   1   6  -4   0   2  -2  -1  -3  -4  -1  -3  -4  -2   0  -1  -5  -3  -3    0   0   0 100   0   0   0   0   0   0   0   0   0   0   0   0   0   0   0   0  0.97 0.01
   25 C    -1  -4  -3  -4  10  -3  -4  -3  -3  -1  -1  -3  -2  -3  -3  -1  -1  -3  -3  -1    0   0   0   0 100   0   0   0   0   0   0   0   0   0   0   0   0   0   0   0  1.29 0.02
   26 A     2  -2  -2  -3  -1  -1  -2  -1   1  -1  -1  -1  -1   2  -2   0  -1   1   5  -1   47   0   0   0   0   0   0   0   0   0   0   0   0   0   0   0   0   0  53   0  0.39 0.01
   27 I    -2  -3  -4  -4  -2  -3  -3  -3  -3   3   0  -3   0   0  -4  -3  -2  10   1   1    0   0   0   0   0   0   0   0   0  47   0   0   0   0   0   0   0  53   0   0  1.06 0.01
   28 R     0   4   0  -1  -2   0   0   2  -1  -3  -3   1  -2  -3  -2   2   0  -3  -2  -3    0  47   0   0   0   0   0  18   0   0   0   0   0   0   0  34   0   0   0   0  0.37 0.00
   29 K    -1   2   0  -1  -3   1   1  -2  -1  -3  -3   5  -2  -3  -1   0  -1  -3  -2  -3    0   0   0   0   0   0   0   0   0   0   0 100   0   0   0   0   0   0   0   0  0.54 0.01
   30 K    -1   1   0   0  -3   3   3  -2   0  -3  -3   3  -1  -3  -1   0  -1  -3  -2  -3    0   0   0   0   0  23  30   0   0   0   0  48   0   0   0   0   0   0   0   0  0.47 0.00
   31 F    -2  -3  -3  -4  -3  -3  -3  -3  -1   0   0  -3   0   7  -4  -3  -2   1   3  -1    0   0   0   0   0   0   0   0   0   0   0   0   0 100   0   0   0   0   0   0  0.73 0.00

                      K         Lambda
Standard Ungapped    0.1395     0.3258
Standard Gapped      0.0410     0.2670
PSI Ungapped         0.1395     0.3258
PSI Gapped           0.0410     0.2670
