
Last position-specific scoring matrix computed, weighted observed percentages rounded down, information per position, and relative weight of gapless real matches to pseudocounts
           A  R  N  D  C  Q  E  G  H  I  L  K  M  F  P  S  T  W  Y  V   A   R   N   D   C   Q   E   G   H   I   L   K   M   F   P   S   T   W   Y   V
    1 G    0 -3 -1 -2 -3 -2 -2  6 -2 -4 -4 -2 -3 -3 -2 -1 -2 -3 -3 -3    0   0   0   0   0   0   0 100   0   0   0   0   0   0   0   0   0   0   0   0  1.16 0.05
    2 H    1 -1  0 -2 -3  0 -1 -2  7 -3 -3 -1 -2 -2  4 -1 -1 -3  0 -2   19   0   0   0   0   0   0   0  59   0   0   0   0   0  22   0   0   0   0   0  0.70 0.05
    3 H   -1 -2 -1 -2 -3 -1 -1  4  3 -3 -3 -1 -3 -3  5 -1 -2 -3 -2 -3    0   0   0   0   0   0   0  42  17   0   0   0   0   0  41   0   0   0   0   0  0.89 0.03
    4 H   -2 -1  0 -1 -3  0  0 -2  8 -4 -3 -1 -2 -2 -3 -1 -2 -3  1 -4    0   0   0   0   0   0   0   0 100   0   0   0   0   0   0   0   0   0   0   0  1.18 0.07
    5 A    2 -1  0 -1 -1  0  0  0 -1 -2 -3  0 -2 -3 -1  4  1 -3 -2 -2   17   0   0   0   0   0   0   0   0   0   0   0   0   0   0  83   0   0   0   0  0.48 0.04
    6 H   -2 -1  0 -1 -3  0  0 -2  8 -4 -3 -1 -2 -2 -3 -1 -2 -3  1 -4    0   0   0   0   0   0   0   0 100   0   0   0   0   0   0   0   0   0   0   0  1.18 0.07
    7 S    1 -2 -1 -1 -2 -1 -2  5 -2 -3 -3 -1 -2 -3 -2  1 -1 -3 -3 -2   15   0   0   0   0   0   0  69   0   0   0   0   0   0   0  17   0   0   0   0  0.71 0.03
    8 H    0 -1  2  0 -2  0 -1  1  3 -2 -2 -1 -2 -2  2  1  1 -2 -1 -2    1   1  14   1   0   0   1  16  17   1   1   1   0   0  10  21  15   0   0   1  0.26 0.01
    9 S    0  1  0 -1 -2  0 -1  1 -1 -2 -2  1 -2 -3 -1  3  2 -3 -2 -2    0   9   0   0   0   0   0  15   0   0   0  11   0   0   0  41  24   0   0   0  0.29 0.02
   10 L   -1  2 -1 -1 -2  0 -1  2 -1 -1  1  1  0 -2 -2 -1 -1 -2 -2 -1    1  24   1   1   0   1   1  27   0   1  23  15   0   1   1   1   1   0   0   1  0.18 0.01
   11 P    1 -1  0  1 -2 -1  0  1  3 -2 -2 -1 -2 -2  4  0 -1 -2 -1 -2   27   1   1  14   0   1   1  12  14   1   1   1   0   1  23   1   1   0   0   1  0.35 0.02
   12 S    1 -1  0  2 -2  1  3 -1 -1 -2 -2  0 -2 -2 -1  2  0 -2 -2 -2   12   1   1  14   0   1  41   1   0   1   1   1   0   1   1  23   1   0   0   1  0.33 0.02
   13 N   -1 -1  3  0 -2  0  1 -1  3 -2 -2 -1 -1  0 -2  1  0  0  4 -2    1   1  23   1   0   1  12   1  14   1   1   1   0   1   1  14   1   0  27   1  0.26 0.02
   14 S    2 -1 -1 -1 -1  0 -1 -1 -1 -1 -1 -1  2 -1 -1  2  0 -1  2 -1   27   1   1   1   0   1   1   1   0   1   1   1  14   1   1  36   1   0  11   1  0.17 0.02
   15 P    1 -1 -1 -1 -2  1  0 -1 -1 -2 -2 -1 -2 -3  6  0 -1 -3 -2 -2   23   1   1   1   0  13   1   1   0   1   1   1   0   0  54   1   1   0   0   1  0.90 0.03
   16 T    0  0  0 -1 -2  2  1 -1 -1 -1  0  0  0 -2  2  1  2 -2 -2 -1    1   1   1   1   0  22   9   1   0   1  15   1   0   0   9  20  17   0   0   1  0.19 0.02
   17 T   -1  2 -1  0 -2  2  3 -2 -1 -1  0  1  1 -2 -1  0  0 -2 -2 -1    1  20   1   1   0  11  35   1   0   1   9   1   9   0   1   1   9   0   0   1  0.24 0.02
   18 G    0 -1  3  0 -2  0  2  3  0 -2 -2  0 -2 -2 -1  0 -1 -2 -2 -2    2   2  23   2   1   1  24  28   1   2   3   2   1   1   2   2   2   0   1   2  0.26 0.01
   19 P    0 -1 -1 -1 -1  0  1 -1 -1 -1 -1 -1 -1  1  4  0  0 -1  0  0    3   2   2   2   1   2  10   3   1   2   3   2   1  13  29  11   2   0   1  11  0.31 0.01
   20 R    0  1  0  0 -2  0  1  4 -1 -2 -2  0 -1 -2 -1  1 -1 -2 -2 -2    3  10   1   2   1   1  11  45   1   2   3   2   1   1   2  11   2   0   1   2  0.30 0.01
   21 C    0 -1  0 -1  4  0  1 -1  3 -1 -1 -1 -1  0 -1  1  0 -1  2 -1    3   2   1   2  17   1  11   2  15   2   3   2   1   1   2  19   2   0  12   2  0.16 0.01
   22 G    0 -1  1  0 -2 -1  0  4 -1 -2 -2 -1 -2 -2  1  0 -1 -2 -2 -2    2   2  10   2   1   1  10  48   1   2   3   2   1   1   9   2   2   0   1   2  0.36 0.01
   23 H   -1  1  0 -1 -2  0  1 -1  6 -1 -1  0 -1  0 -1 -1 -1 -1  2 -1    2   9   1   2   1   1   9   2  41   2  10   2   1   1   2   2   2   0   8   2  0.26 0.01
   24 N   -1 -1  4  0 -2  0 -1 -1  0 -3 -3  0 -2 -1  4  1  0 -2  1 -2    1   0  42   0   0   0   1   1   0   0   1   8   0   0  25   9   1   0  10   1  0.46 0.02
   25 Q   -1  0  0  0 -2  2  0 -2  5 -1  0  1  1 -1 -2 -1 -1 -2  0 -1    1   0   0   7   0  22   1   1  34   0  17   9   6   0   0   1   0   0   0   1  0.26 0.02
   26 G    0  0  0  1 -2  2  0  2 -1 -2 -2  1 -1 -3  2  1 -1 -3 -2 -1    1   0   0  11   0  16   1  23   0   0   1  12   0   0  14  12   0   0   0   7  0.27 0.01
   27 Q   -1  0 -1 -1 -2  4  2  1  0 -1  0  0  0 -2 -1  0 -1 -2 -1 -1    1   1   1   1   0  51  10  11   0   1  18   1   0   1   1   1   1   0   0   1  0.28 0.02
   28 D    1  0  0  2 -2  1  1  2 -1 -2 -2  1 -1 -2 -1  0  0 -2 -2 -1   20   1   1  18   0   7  10  17   0   1   1  11   0   1   1   1   9   0   0   1  0.20 0.01
   29 S   -1 -1  5  1 -2  0  0 -1  0 -3 -3  0 -2 -3 -2  2  0 -3 -2 -3    1   0  75   0   0   0   1   1   0   0   1   0   0   0   0  18   0   0   0   1  0.62 0.04
   30 L    2 -2 -1 -2 -1 -1 -1 -1 -2  0  1 -1  0 -1  3  0  2 -2 -2  1   28   0   0   0   0   0   1   1   0   0  18   0   0   0  16   1  22   0   0  11  0.22 0.01
   31 A    2 -1  2  0 -1  0  0  0 -1 -2 -3  0 -2 -3 -1  4  1 -3 -2 -2   17   0  10   0   0   0   0   0   0   0   0   0   0   0   0  73   0   0   0   0  0.43 0.04
   32 V    0 -3 -3 -3 -1 -3 -3 -3 -3  3  1 -3  1 -1 -3 -2  0 -3 -1  4    0   0   0   0   0   0   0   0   0   8   0   0   0   0   0   0   0   0   0  92  0.46 0.04
   33 R   -2  6 -1 -2 -4  1  0 -3 -1 -3 -2  2 -2 -3 -2 -1 -1 -3 -2 -3    0 100   0   0   0   0   0   0   0   0   0   0   0   0   0   0   0   0   0   0  0.93 0.05
   34 A    5 -2 -2 -2 -1 -1 -1  0 -2 -2 -2 -1 -1 -2 -1  1  0 -3 -2  0  100   0   0   0   0   0   0   0   0   0   0   0   0   0   0   0   0   0   0   0  0.53 0.04
   35 A    5 -2 -2 -2 -1 -1 -1  0 -2 -2 -2 -1 -1 -2 -1  1  0 -3 -2  0  100   0   0   0   0   0   0   0   0   0   0   0   0   0   0   0   0   0   0   0  0.53 0.04
   36 F   -2 -3 -3 -4 -3 -3 -3 -3 -2  0  1 -3  0  6 -4 -3 -2  1  3 -1    0   0   0   0   0   0   0   0   0   0  10   0   0  90   0   0   0   0   0   0  0.83 0.05
   37 V   -1 -3 -3 -3 -1 -3 -3 -4 -3  4  1 -3  1 -1 -3 -2  0 -3 -1  4    0   0   0   0   0   0   0   0   0  42   0   0   0   0   0   0   0   0   0  58  0.42 0.03
   38 H   -2 -1  0 -2 -3  0  0 -2  8 -4 -3 -1 -2 -2 -3 -1 -2 -3  1 -4    0   0   0   0   0   0   0   0 100   0   0   0   0   0   0   0   0   0   0   0  1.21 0.07
   39 A    2 -2 -3 -3 -1 -2 -2 -2 -3  2  0 -2  0 -1 -2 -1  0 -3 -2  3   36   0   0   0   0   0   0   0   0   0   0   0   0   0   0   0   0   0   0  64  0.28 0.03
   40 L   -1 -3 -3 -4 -1 -3 -3 -4 -3  3  3 -3  2  0 -3 -3 -1 -2 -1  2    0   0   0   0   0   0   0   0   0  35  58   0   0   0   0   0   0   0   0   7  0.41 0.02
   41 G    0 -3 -1 -2 -3 -2 -2  6 -2 -4 -4 -2 -3 -3 -2 -1 -2 -3 -3 -3    0   0   0   0   0   0   0 100   0   0   0   0   0   0   0   0   0   0   0   0  1.17 0.04
   42 D   -2 -2  1  6 -4 -1  1 -2 -1 -3 -4 -1 -3 -4 -2 -1 -1 -5 -3 -3    0   0   0 100   0   0   0   0   0   0   0   0   0   0   0   0   0   0   0   0  1.10 0.05
   43 L   -1 -2 -3 -4 -1 -2 -3 -4 -3  1  4 -3  2  2 -3 -3 -1 -2 -1  1    0   0   0   0   0   0   0   0   0   0  78   0   0   9   0   0   0   0   0  13  0.43 0.03
   44 V   -1 -2 -3 -4 -2 -2 -3 -3 -2  1  2 -3  2  3 -3 -2 -1 -1  1  2    0   0   0   0   0   0   0   0   0   0  37   0   9  27   0   0   0   0   0  27  0.32 0.02
   45 Q   -1  1  0 -1 -3  6  2 -2  0 -3 -3  1 -1 -4 -2  0 -1 -2 -2 -3    0   0   0   0   0 100   0   0   0   0   0   0   0   0   0   0   0   0   0   0  0.87 0.06
   46 S    1 -1  0 -1 -1  0  0 -1 -1 -3 -3  0 -2 -3 -1  5  1 -3 -2 -2    0   0   0   0   0   0   0   0   0   0   0   0   0   0   0 100   0   0   0   0  0.59 0.05
   47 V   -1 -3 -3 -3 -1 -2 -3 -3 -3  3  2 -2  2  2 -3 -2  0 -2  0  3    0   0   0   0   0   0   0   0   0  31  11   0   9  11   0   0   6   0   0  32  0.26 0.02
   48 G    0 -2  0 -1 -2 -1 -2  5 -2 -4 -4 -1 -3 -3 -2  2 -1 -3 -3 -3    0   0   0   0   0   0   0  73   0   0   0   0   0   0   0  27   0   0   0   0  0.79 0.03
   49 V    0 -3 -3 -3 -1 -2 -3 -3 -3  2  1 -3  0 -1 -3 -2  0 -3 -1  5    0   0   0   0   0   0   0   0   0   0   0   0   0   0   0   0   0   0   0 100  0.48 0.05
   50 L   -2 -2 -4 -4 -2 -2 -3 -4 -3  1  4 -3  2  0 -3 -3 -1 -2 -1  1    0   0   0   0   0   0   0   0   0   0 100   0   0   0   0   0   0   0   0   0  0.56 0.04

                      K         Lambda
Standard Ungapped    0.1307     0.3170
Standard Gapped      0.0376     0.2670
PSI Ungapped         0.1228     0.3179
PSI Gapped           0.0376     0.2670
