
Last position-specific scoring matrix computed, weighted observed percentages rounded down, information per position, and relative weight of gapless real matches to pseudocounts
            A   R   N   D   C   Q   E   G   H   I   L   K   M   F   P   S   T   W   Y   V   A   R   N   D   C   Q   E   G   H   I   L   K   M   F   P   S   T   W   Y   V
    1 M    -1  -2  -2  -3  -2   0  -2  -3  -2   1   2  -2   6   0  -3  -2  -1  -2  -1   1    0   0   0   0   0   0   0   0   0   0   0   0 100   0   0   0   0   0   0   0  0.36 0.01
    2 S     1  -1   1   0  -1   0   0   0  -1  -3  -3   0  -2  -3  -1   4   1  -3  -2  -2    0   0   0   0   0   0   0   0   0   0   0   0   0   0   0 100   0   0   0   0  0.46 0.00
    3 G     0   2   0  -2  -3  -1  -2   5  -2  -4  -3   0  -2  -3  -2   0  -2  -3  -3  -3    0  27   0   0   0   0   0  73   0   0   0   0   0   0   0   0   0   0   0   0  0.69 0.00
    4 L    -2  -2  -4  -4  -1  -2  -3  -4  -3   2   4  -3   2   0  -3  -3  -1  -2  -1   1    0   0   0   0   0   0   0   0   0   0 100   0   0   0   0   0   0   0   0   0  0.46 0.00
    5 E     0  -2   0  -1  -3  -1  -1   6  -2  -4  -4  -1  -3  -3  -2   0  -2  -3  -3  -3    0   0   0   0   0   0   7  93   0   0   0   0   0   0   0   0   0   0   0   0  0.93 0.00
    6 I    -1  -3  -3  -3  -1  -3  -3  -4  -3   4   1  -3   1   0  -3  -2   0  -3  -1   3    0   0   0   0   0   0   0   0   0  91   0   0   0   0   0   0   9   0   0   0  0.33 0.00
    7 M    -1  -2  -2  -3  -2   0  -2  -3  -2   1   2  -2   6   0  -3  -2  -1  -2  -1   1    0   0   0   0   0   0   0   0   0   0   0   0 100   0   0   0   0   0   0   0  0.36 0.01
    8 V     0  -3  -3  -3  -1  -2  -3  -3  -3   3   1  -2   1  -1  -3  -2   0  -3  -1   4    0   0   0   0   0   0   0   0   0   0   0   0   0   0   0   0   0   0   0 100  0.35 0.00
    9 L    -2  -2  -4  -4  -1  -2  -3  -4  -3   2   4  -3   2   0  -3  -3  -1  -2  -1   1    0   0   0   0   0   0   0   0   0   0 100   0   0   0   0   0   0   0   0   0  0.46 0.00
   10 T     1  -1   0  -1  -1  -1  -1  -2  -2  -1  -1  -1  -1  -2  -1   1   5  -3  -2   0    7   0   0   0   0   0   0   0   0   0   0   0   0   0   0   0  93   0   0   0  0.44 0.00
   11 L    -2  -2  -4  -4  -1  -2  -3  -4  -3   2   4  -3   2   0  -3  -3  -1  -2  -1   1    0   0   0   0   0   0   0   0   0   0 100   0   0   0   0   0   0   0   0   0  0.46 0.00
   12 L    -2  -2  -4  -4  -1  -2  -3  -4  -3   2   4  -3   2   0  -3  -3  -1  -2  -1   1    0   0   0   0   0   0   0   0   0   0 100   0   0   0   0   0   0   0   0   0  0.46 0.00
   13 L    -2  -2  -4  -4  -1  -2  -3  -4  -3   2   4  -3   2   0  -3  -3  -1  -2  -1   1    0   0   0   0   0   0   0   0   0   0 100   0   0   0   0   0   0   0   0   0  0.46 0.00
   14 L    -2  -2  -4  -4  -1  -2  -3  -4  -3   2   4  -3   2   0  -3  -3  -1  -2  -1   1    0   0   0   0   0   0   0   0   0   0 100   0   0   0   0   0   0   0   0   0  0.46 0.00
   15 V     0  -3  -3  -3  -1  -2  -3  -3  -3   3   1  -2   1  -1  -3  -2   0  -3  -1   4    0   0   0   0   0   0   0   0   0   0   0   0   0   0   0   0   0   0   0 100  0.35 0.00
   16 S    -1  -2  -2  -2  -2  -2  -2  -2  -1  -1   0  -2   0   6  -3   1  -1   0   3  -1    0   0   0   0   0   0   0   0   0   0   0   0   0  68   0  26   0   0   7   0  0.41 0.00
   17 M    -1  -2  -3  -3  -2  -1  -2  -3  -2   2   2  -2   6   0  -3  -2  -1  -2  -1   1    0   0   0   0   0   0   0   0   0  22   0   0  78   0   0   0   0   0   0   0  0.33 0.01
   18 A     3  -1  -2  -1  -1   0   1  -1  -2   0  -1  -1  -1  -2  -1   0   0  -3  -2   2   49   0   0   0   0   0  20   0   0   0   0   0   0   0   0   0   0   0   0  31  0.18 0.00
   19 T     1  -1   0  -1  -1  -1  -1  -2  -2  -1  -1  -1  -1  -2  -1   1   5  -3  -2   0    8   0   0   0   0   0   0   0   0   0   0   0   0   0   0   0  92   0   0   0  0.44 0.01
   20 S     1  -1   1   0  -1   0   0   0  -1  -3  -3   0  -2  -3  -1   4   1  -3  -2  -2    0   0   0   0   0   0   0   0   0   0   0   0   0   0   0 100   0   0   0   0  0.47 0.01
   21 H    -2   0   1  -1  -3   0   0  -2   8  -4  -3  -1  -2  -1  -2  -1  -2  -3   2  -3    0   0   0   0   0   0   0   0 100   0   0   0   0   0   0   0   0   0   0   0  0.90 0.01
   22 Q    -1   1   0   0  -3   6   2  -2   0  -3  -2   1  -1  -3  -1   0  -1  -2  -2  -2    0   0   0   0   0 100   0   0   0   0   0   0   0   0   0   0   0   0   0   0  0.68 0.01
   23 D    -2  -2   1   6  -4   0   2  -1  -1  -3  -4  -1  -3  -4  -2   0  -1  -5  -3  -3    0   0   0 100   0   0   0   0   0   0   0   0   0   0   0   0   0   0   0   0  0.95 0.01
   24 G     3  -2  -1  -2  -1  -1  -1   4  -2  -2  -2  -1  -2  -3  -1   1  -1  -3  -2  -1   62   0   0   0   0   0   0  38   0   0   0   0   0   0   0   0   0   0   0   0  0.45 0.00
   25 G     0   0   0  -1  -3  -2  -2   6  -2  -4  -4  -1  -3  -3  -2   0  -2  -3  -3  -3    0   8   0   0   0   0   0  92   0   0   0   0   0   0   0   0   0   0   0   0  0.92 0.00
   26 E    -1   0   0   1  -4   1   4   2  -1  -4  -3   1  -2  -3  -1   0  -1  -3  -2  -3    0   0   0   0   0   0  67  24   0   0   0   9   0   0   0   0   0   0   0   0  0.50 0.00
   27 K    -1   2   0  -1  -3   1   1  -2  -1  -3  -3   5  -2  -3  -1   0  -1  -3  -2  -2    0   0   0   0   0   0   0   0   0   0   0 100   0   0   0   0   0   0   0   0  0.53 0.01
   28 Q    -1   1   0   0  -3   6   2  -2   0  -3  -2   1  -1  -3  -1   0  -1  -2  -2  -2    0   0   0   0   0 100   0   0   0   0   0   0   0   0   0   0   0   0   0   0  0.68 0.01
   29 A     4  -2  -2  -2   0  -1  -1   0  -2  -1  -2  -1  -1  -2  -1   1   0  -3  -2   0  100   0   0   0   0   0   0   0   0   0   0   0   0   0   0   0   0   0   0   0  0.42 0.01
   30 T     0  -1   0  -1  -1  -1  -1  -2  -2   0  -1  -1   1  -2  -1   1   5  -3  -2   0    0   0   0   0   0   0   0   0   0   0   0   0  13   0   0   0  87   0   0   0  0.39 0.01
   31 Q    -1   1   0   0  -3   6   2  -2   0  -3  -2   2  -1  -3  -1   0  -1  -2  -2  -2    0   0   0   0   0  91   0   0   0   0   0   9   0   0   0   0   0   0   0   0  0.63 0.01
   32 R    -2   6  -1  -2  -4   1   0  -3   0  -3  -2   2  -2  -3  -2  -1  -1  -3  -2  -3    0 100   0   0   0   0   0   0   0   0   0   0   0   0   0   0   0   0   0   0  0.77 0.01
   33 D     0  -2   2   6  -3   0   1  -1  -1  -3  -3  -1  -3  -3  -2   0  -1  -4  -3  -3   16   0   9  75   0   0   0   0   0   0   0   0   0   0   0   0   0   0   0   0  0.65 0.00
   34 A     4  -2  -2  -2   0  -1  -1   0  -2  -1  -2  -1  -1  -2  -1   1   0  -3  -2   0  100   0   0   0   0   0   0   0   0   0   0   0   0   0   0   0   0   0   0   0  0.42 0.01
   35 I    -1  -3  -3  -3  -1  -3  -3  -4  -3   4   1  -3   1   0  -3  -2  -1  -3  -1   3    0   0   0   0   0   0   0   0   0  76   0   0   0   0   0   0   0   0   0  24  0.37 0.00
   36 N    -2  -1   6   1  -3   0   0  -1   1  -4  -4   0  -2  -3  -2   1   0  -4  -2  -3    0   0 100   0   0   0   0   0   0   0   0   0   0   0   0   0   0   0   0   0  0.75 0.01
   37 V    -1   2  -2  -3  -2  -2  -2  -3  -2   2   0  -1   0   3  -3  -2  -1  -2   0   3    0  23   0   0   0   0   0   0   0   9   0   0   0  24   0   0   0   0   0  45  0.21 0.02
   38 R    -1   6   0  -2  -3   1   0  -2  -1  -3  -3   2  -2  -3  -2   1  -1  -3  -2  -3    0  80   0   0   0   0   0   0   0   0   0   0   0   0   0  20   0   0   0   0  0.67 0.04
   39 R    -1   5  -1  -2  -3   0  -1  -2  -1   0   0   2  -1  -2  -2   0  -1  -3  -2  -1    0  59   0   0   0   0   0   0   0  12   8  11   0   0   0  10   0   0   0   0  0.38 0.03
   40 R     0   5  -1  -2  -3   0  -1  -2  -1   0  -2   1  -1  -3  -2  -1   1  -3  -2  -1    8  70   0   0   0   0   0   0   0  10   0   0   0   0   0   0  12   0   0   0  0.47 0.03
   41 S     0   4   0  -1  -2   0   0  -1  -1  -3  -3   1  -2  -3  -2   3   1  -3  -2  -2    0  40   0   0   0   0   0   0   0   0   0   0   0   0   0  50  10   0   0   0  0.41 0.03
   42 I    -1   3  -1  -2  -2  -1  -1  -3  -2   2   1   0   0   1  -2   1  -1  -2  -1   0    0  30   0   0   0   0   0   0   0  27  16   0   0   8   0  19   0   0   0   0  0.13 0.02
   43 T    -1   1  -1  -2  -1  -1  -2  -3  -2   2   0  -1   0  -2  -2   0   4  -3  -2   1    0  10   0   0   0   0   0   0   0  17   7   0   0   0   0   0  53   0   0  12  0.23 0.02
   44 R    -1   3  -1  -2  -2   1  -1  -3  -1   0  -1   0  -1  -2  -2   0   2  -3  -2   2    0  35   0   0   0   9   0   0   0   0   0   0   0   0   0   0  25   0   0  30  0.23 0.02
   45 T     0   2   0   2  -2   0   0  -2  -2  -2  -2   0  -1  -3  -2   1   4  -3  -2  -1    0  15   0  16   0   0   0   0   0   0   0   0   0   0   0  10  59   0   0   0  0.36 0.03
   46 E     0   1  -1   1  -4   2   5  -2   0  -3  -3   1  -2  -4  -1   0  -1  -3  -2  -3    8   7   0   0   0   0  85   0   0   0   0   0   0   0   0   0   0   0   0   0  0.69 0.04
   47 A     2  -1  -1   0  -2   1   3  -1  -1  -2  -2   1  -1  -3  -1   0   0  -3  -2   0   36   0   0   0   0   0  41   0   0   0   0   9   0   0   0   0   7   0   0   7  0.28 0.02
   48 C     1  -4  -3  -4   9  -3  -4  -2  -3  -2  -2  -3  -2  -3  -3  -1  -1  -3  -3  -1   15   0   0   0  85   0   0   0   0   0   0   0   0   0   0   0   0   0   0   0  1.23 0.06
   49 Y    -1   0   2   2  -4   1   4  -2   0  -3  -3   1  -2  -2  -2   0  -1  -2   2  -3    0   0  16   6   0   0  60   0   0   0   0   7   0   0   0   0   0   0  12   0  0.49 0.03
   50 E    -1   0  -1   1  -4   2   6  -3   0  -4  -3   1  -2  -4  -1   0  -1  -3  -2  -3    0   0   0   0   0   0 100   0   0   0   0   0   0   0   0   0   0   0   0   0  0.89 0.05
   51 Y    -1  -2  -1   0  -2  -1  -1  -2   1  -2  -2  -2  -2   2  -3   1  -1   1   7  -2    0   0   0   8   0   0   0   0   0   0   0   0   0   0   0  23   0   0  69   0  0.61 0.04
   52 C    -1  -4  -3  -4  10  -4  -4  -3  -4  -2  -2  -4  -2  -3  -3  -1  -1  -3  -3  -1    0   0   0   0 100   0   0   0   0   0   0   0   0   0   0   0   0   0   0   0  1.59 0.07
   53 K    -1   0   0   2  -4   2   5  -2  -1  -4  -3   2  -2  -4  -1   0  -1  -3  -2  -3    0   0   0   7   0   0  76   0   0   0   0  17   0   0   0   0   0   0   0   0  0.68 0.04
   54 E    -2  -1   1   5  -4   1   4  -2  -1  -4  -4   0  -3  -4  -2   0  -1  -4  -3  -3    0   0   0  61   0   0  39   0   0   0   0   0   0   0   0   0   0   0   0   0  0.80 0.04
   55 Q    -1   3  -1   0  -4   3   4  -3   0  -3  -1   1  -1  -3  -2  -1  -1  -3  -2  -2    0  28   0   0   0  17  49   0   0   0   6   0   0   0   0   0   0   0   0   0  0.50 0.03
   56 N    -1  -1   4   3  -4   1   4  -2   0  -4  -4   0  -3  -4  -2   0  -1  -4  -3  -3    0   0  30  22   0   0  49   0   0   0   0   0   0   0   0   0   0   0   0   0  0.60 0.03
   57 K    -1   3   0  -1  -4   1   1  -2  -1  -3  -3   5  -2  -4  -1  -1  -1  -3  -2  -3    0   9   0   0   0   0   0   0   0   0   0  91   0   0   0   0   0   0   0   0  0.64 0.04
   58 T    -1  -1   2  -1  -2   0   0  -2   5  -2  -2  -1  -1  -2  -2   1   4  -3  -1  -1    0   0  15   0   0   0   7   0  25   0   0   0   0   0   0   0  53   0   0   0  0.39 0.03
   59 C    -1  -4  -3  -4  10  -4  -4  -3  -4  -2  -2  -4  -2  -3  -3  -1  -1  -3  -3  -1    0   0   0   0 100   0   0   0   0   0   0   0   0   0   0   0   0   0   0   0  1.59 0.07
   60 C    -1  -4  -3  -4  10  -4  -4  -3  -4  -2  -2  -4  -2  -3  -3  -1  -1  -3  -3  -1    0   0   0   0 100   0   0   0   0   0   0   0   0   0   0   0   0   0   0   0  1.59 0.07
   61 G     0  -2   2  -1  -3  -1  -2   5   2  -4  -4  -1  -3  -3  -2   0  -2  -3  -2  -4    0   0  15   0   0   0   0  75  10   0   0   0   0   0   0   0   0   0   0   0  0.80 0.03
   62 I    -1   1  -1  -1  -2   0   2  -3  -1   1   1   1   0  -1  -2  -1   1  -3  -2   0    0   7   0   0   0   0  29   0   0  12  29   9   0   0   0   0  15   0   0   0  0.14 0.01
   63 S     0  -1   3   1  -2   0   3  -1   0  -3  -3   0  -2  -3  -1   2   1  -3  -2  -2    9   0  25   0   0   0  31   0   0   0   0   0   0   0   0  18  12   0   0   0  0.30 0.02
   64 N    -2  -1   6   3  -3   0   0  -1   0  -4  -4  -1  -3  -4  -2   0  -1  -4  -3  -3    0   0  76  24   0   0   0   0   0   0   0   0   0   0   0   0   0   0   0   0  0.78 0.04
   65 G     0  -3  -1  -2  -3  -2  -3   6  -2  -4  -4  -2  -3  -4  -3  -1  -2  -3  -4  -4    0   0   0   0   0   0   0 100   0   0   0   0   0   0   0   0   0   0   0   0  1.18 0.04
   66 R    -1   2   0   0  -3   2   4  -2   2  -1  -2   1  -1  -2  -1   0  -1  -2  -1   0    1  18   1   1   0   7  45   1   7   1   1   1   0   1   1   1   1   0   0  11  0.30 0.02
   67 P    -1  -3  -2  -2  -3  -2  -2  -3  -2  -3  -3  -1  -3  -2   8  -1  -2  -3   1  -3    0   0   0   0   0   0   0   0   0   0   0   0   0   0  90   0   0   0  10   0  1.85 0.05
   68 I    -1   2  -1   0  -2  -1  -1  -2  -2   1   0   0   0   0  -2   1   1  -3  -1   2    0  21   0   7   0   0   0   0   0  12   0   0   0   6   0  15  10   0   0  29  0.09 0.01
   69 C    -1  -4  -3  -4  10  -4  -4  -3  -4  -2  -2  -4  -2  -3  -3  -1  -1  -3  -3  -1    0   0   0   0 100   0   0   0   0   0   0   0   0   0   0   0   0   0   0   0  1.59 0.07
   70 V     4  -2  -2  -2  -1  -1  -2  -1  -2   0   0  -1   0  -2  -1   0   0  -3  -2   1   73   0   0   0   0   0   0   0   0   0  10   0   0   0   0   0   0   0   0  17  0.30 0.03
   71 G    -1   3   2  -1  -3   0   0   2  -1  -3  -3   1  -2  -3   1   0   1  -3  -2  -2    0  38  13   0   0   0   8  17   0   0   0   0   0   0   7   0  17   0   0   0  0.31 0.02
   72 G     0  -2  -2  -3  -2   0  -2   1  -1   0   1  -2   2   3  -3  -1   0  -1   2   1    6   0   0   0   0   7   0  12   0   0  20   0   9  18   0   0   5   0  10  12  0.11 0.01
   73 C    -1  -4  -3  -4  10  -4  -4  -3  -4  -2  -2  -4  -2  -3  -3  -1  -1  -3  -3  -1    0   0   0   0 100   0   0   0   0   0   0   0   0   0   0   0   0   0   0   0  1.59 0.07
   74 I    -2  -3  -4  -4  -2  -3  -3  -4  -2   2   3  -3   1   5  -4  -3  -2   0   1   0    0   0   0   0   0   0   0   0   0  13  40   0   0  47   0   0   0   0   0   0  0.44 0.02
   75 R    -2   6   0  -2  -4   1   0  -2   0  -3  -2   2  -1  -3  -2  -1  -1  -3  -2  -3    0 100   0   0   0   0   0   0   0   0   0   0   0   0   0   0   0   0   0   0  0.74 0.00

                      K         Lambda
Standard Ungapped    0.1348     0.3226
Standard Gapped      0.0410     0.2670
PSI Ungapped         0.1348     0.3226
PSI Gapped           0.0410     0.2670
