
Last position-specific scoring matrix computed, weighted observed percentages rounded down, information per position, and relative weight of gapless real matches to pseudocounts
            A   R   N   D   C   Q   E   G   H   I   L   K   M   F   P   S   T   W   Y   V   A   R   N   D   C   Q   E   G   H   I   L   K   M   F   P   S   T   W   Y   V
    1 M    -1  -2  -2  -3  -2  -1  -2  -3  -2   1   2  -2   7   0  -3  -2  -1  -2  -1   1    0   0   0   0   0   0   0   0   0   0   0   0 100   0   0   0   0   0   0   0  0.51 0.04
    2 A     3  -1  -1  -1  -1  -1  -1  -1  -2  -1   1  -1   0  -2  -1   2   0  -3  -2   0   41   0   0   0   0   0   0   0   0   0  22   0   0   0   0  37   0   0   0   0  0.22 0.01
    3 E    -2  -1   1   5  -4   1   4  -2  -1  -3  -4   0  -3  -4  -2   0  -1  -4  -3  -3    0   0   0  61   0   0  39   0   0   0   0   0   0   0   0   0   0   0   0   0  0.76 0.02
    4 E    -1   0   0   2  -3   3   4  -2  -1  -1  -2   0  -1  -3  -2   0  -1  -3  -2   0    0   0   0  14   0  27  44   0   0   0   0   0   0   0   0   0   0   0   0  16  0.42 0.02
    5 D    -1  -1   0   4  -4   1   5  -2  -1  -4  -3   0  -3  -4  -1   0  -1  -4  -3  -3    0   0   0  29   0   0  71   0   0   0   0   0   0   0   0   0   0   0   0   0  0.75 0.04
    6 I     1   1   2   1  -2  -1  -1  -2  -1   1  -1   0   1  -2  -2   0   1  -3  -2   0   16  14  15  12   0   0   0   0   0  20   0   0   9   0   0   0  15   0   0   0  0.09 0.01
    7 E     0   0  -1   0  -2   3   2  -2  -1  -1  -2   1  -1  -3   3   1   0  -3  -2   0    0   0   0   0   0  28  19   0   0   0   0  10   0   0  15  15   0   0   0  14  0.32 0.02
    8 T    -1  -1   0   2  -2   0   3  -2  -1  -2  -2   0  -1  -2  -1   1   3  -2  -2  -1    1   1   1  15   0   1  29   1   0   1   1   1   0   1   1   1  44   0   0   1  0.31 0.02
    9 K     1   1  -1  -1  -2   1   2  -1  -1  -2  -2   3  -1  -3   2   0  -1  -2  -2  -1   23   1   1   1   0   1  14   1   0   1   1  40   0   1  12   1   1   0   0   1  0.29 0.01
   10 I    -1  -2  -2  -2  -2  -2  -2  -2  -2   2   0  -2   0  -2   6  -1  -1  -3  -2   1    1   1   1   1   0   1   1   1   0  38   1   1   0   1  50   1   1   0   0   1  0.77 0.02
   11 K    -1   1  -1  -1  -3   1   2   1  -1  -2  -2   3  -1   1  -1   0  -1  -2  -1  -2    1   1   0   1   0   0  15  15   0   1   1  51   0  11   1   1   1   0   0   1  0.25 0.02
   12 N    -1   1   2   0  -3   4   2  -2   0  -3  -3   2  -1  -3   2   0  -1  -3  -2  -2    1   0  19   0   0  33   9   1   0   0   1  23   0   0   9   1   0   0   0   1  0.40 0.03
   13 Y    -2  -3  -3  -4  -2  -2  -3  -3  -1   0   2  -3   0   3  -4  -3  -2   7   4  -1    0   0   0   0   0   0   0   0   0   0  39   0   0  17   0   0   0  25  19   0  0.69 0.04
   14 K    -1   0   0  -1  -2   2   1  -2   2  -1  -2   2  -1  -3   1   1   2  -3  -1   0    0   0   0   0   0  13   8   0   9   0   0  27   0   0   6   7  20   0   0   9  0.22 0.02
   15 T     0  -2   0  -1  -1  -1  -1  -2  -2  -1  -2  -1  -1  -3  -2   1   6  -3  -2   0    0   0   0   0   0   0   0   0   0   0   0   0   0   0   0   0 100   0   0   0  0.69 0.07
   16 A     3  -2  -2  -2  -1  -1  -1  -1  -2  -1  -1  -1  -1  -2   3   0   0  -3  -2   1   62   0   0   0   0   0   0   1   0   0   1   0   0   0  20   0   0   0   0  13  0.42 0.05
   17 P     1  -2  -2  -2  -3  -2  -2   2  -2  -3  -3  -1  -3  -4   7  -1  -1  -4  -3  -3   12   0   0   0   0   0   0  19   0   0   0   0   0   0  68   0   0   0   0   0  1.36 0.07
   18 F     0  -3  -3  -4  -2  -3  -3  -3  -1   0   0  -3   0   5  -3  -2  -2   0   3   1   13   0   0   0   0   0   0   0   0   0   0   0   0  57   0   0   0   0  11  19  0.48 0.06
   19 D    -2  -2   2   6  -4   0   2  -2  -1  -4  -4  -1  -3  -4  -2   0  -1  -4  -3  -3    0   0  11  77   0   0  12   0   0   0   0   0   0   0   0   0   0   0   0   0  0.91 0.07
   20 S     2  -2  -1  -1  -2  -1   1  -1  -2  -2  -2  -1  -2   1   4   1  -1  -2  -1  -1   31   0   0   0   0   0  12   0   0   0   0   0   0  13  30  13   0   0   0   0  0.47 0.04
   21 R    -2   6  -1  -2  -3   0  -1  -3  -1  -3  -3   2  -2  -3  -2  -1   1  -3  -2  -3    0  88   0   0   0   0   0   0   0   0   0   0   0   0   0   0  12   0   0   0  0.82 0.08
   22 F    -3  -3  -4  -4  -3  -4  -4  -4  -2  -1   0  -4   0   7  -4  -3  -3   1   3  -1    0   0   0   0   0   0   0   0   0   0   0   0   0 100   0   0   0   0   0   0  1.08 0.10
   23 P    -1  -3  -3  -2  -4  -2  -2  -3  -3  -4  -4  -2  -3  -4   8  -1  -2  -4  -4  -3    0   0   0   0   0   0   0   0   0   0   0   0   0   0 100   0   0   0   0   0  2.32 0.15
   24 N    -1  -1   5   0  -2   2   0  -1   0  -2  -2   0  -2  -3  -2   2   1  -3  -2   0    0   0  46   0   0  14   0   0   0   0   0   0   0   0   0  18  11   0   0   9  0.40 0.07
   25 Q    -1   0  -1  -1  -2   5   0  -2  -1  -1  -1   0   2  -3  -2   0   2  -3  -2   0    0   0   0   0   0  55   0   0   0   0   0   0  13   0   0   0  26   0   0   5  0.45 0.09
   26 N    -2   0   6   1  -3   0  -1  -1   0  -4  -4   1  -3  -4  -2   0  -1  -4  -3  -3    0   0  87   0   0   0   0   0   0   0   0  13   0   0   0   0   0   0   0   0  0.92 0.12
   27 Q    -1   0  -1   0  -4   6   3  -2   0  -4  -3   1  -1  -4  -2  -1  -1  -3  -2  -3    0   0   0   0   0  77  23   0   0   0   0   0   0   0   0   0   0   0   0   0  0.88 0.12
   28 T    -1   1  -1  -2  -2  -1  -1  -2  -2   0  -2  -1  -1  -3  -2   1   5  -3  -2  -1    0  13   0   0   0   0   0   0   0   5   0   0   0   0   0   0  82   0   0   0  0.57 0.10
   29 R    -2   5  -1  -2  -4   2   0  -3  -1  -3  -3   3  -2  -3  -2  -1  -1  -3  -2  -3    0  61   0   0   0  13   0   0   0   0   0  25   0   0   0   0   0   0   0   0  0.73 0.09
   30 N    -2  -1   4   0  -3   0  -1  -2   7  -2  -3  -1  -2  -2  -3  -1  -1  -3   0   0    0   0  41   0   0   0   0   0  46   0   0   0   0   0   0   0   0   0   0  13  0.66 0.10
   31 C    -1  -3  -3  -3  10  -3  -3  -3  -3  -2  -2  -3  -2  -3  -3  -1  -1  -3  -3  -1    1   1   1   1  89   0   1   1   0   1   1   1   0   0   1   1   1   0   0   1  1.52 0.13
   32 W    -2  -3  -3  -3  -2  -2  -3  -3  -1  -2  -1  -3  -1   4  -3  -2  -2   9   4  -2    1   1   1   1   0   0   1   1   0   1   1   1   0  27   1   1   1  45  18   1  1.25 0.09
   33 Q     0   0   1  -1  -2   4   1   1   0  -2  -2   0  -1  -3  -1   0   1  -2  -2  -2   10   1  10   1   0  46   1  14   0   1   1   1   0   0   1   1  12   0   0   1  0.33 0.06
   34 N     1   2   4   0  -2   0   0  -1   0  -3  -3   0  -2  -3  -2   1   0  -3  -2  -2   14  21  45   1   0   0   1   1   0   1   1   1   0   0   1  11   1   0   0   1  0.37 0.05
   35 Y    -2   1  -2  -3  -3  -1  -2  -3   0  -1  -1  -1  -1   4  -3  -2  -2   1   6  -1    1  14   1   1   0   0   1   1   0   1   1   1   0  27   1   1   1   0  49   1  0.60 0.07
   36 L    -1  -2  -2   1  -1  -2  -1  -3  -2   2   2  -2   2  -1  -2  -2  -1  -2  -1   2    1   1   1  14   0   0   1   1   0  11  30   1  10   0   1   1   1   0   0  26  0.18 0.03
   37 D    -2  -1   0   5  -3   2   3  -2  -1  -3  -3   0  -2  -3  -1   0  -1  -3  -2  -3    1   1   1  55   0  10  25   1   0   1   1   1   0   0   1   1   1   0   0   1  0.66 0.06
   38 F    -2  -2  -2  -3  -3  -2  -2  -3   1  -1  -1  -2  -1   4  -3  -2  -2   1   7  -1    1   1   1   1   0   0   1   1   0   1   1   1   0  18   1   1   1   0  71   1  0.89 0.10
   39 H    -2  -1  -1  -2  -3   0  -1  -2   7  -3  -2  -1  -2   1  -2  -1  -2   6   3  -3    1   1   1   1   0   0   1   1  61   1   1   1   0   6   1   1   1  13  10   1  0.84 0.09
   40 R    -1   5  -1  -1  -3   1   0   0  -1  -3  -2   3  -2  -3  -2  -1  -1  -3  -2  -2    1  47   1   1   0   0   1  10   0   1   1  34   0   0   1   1   1   0   0   1  0.49 0.06
   41 C    -1  -3  -3  -3  10  -3  -3  -3  -3  -2  -2  -3  -2  -3  -3  -1  -1  -3  -3  -1    1   1   1   1  89   0   1   1   0   1   1   1   0   0   1   1   1   0   0   1  1.52 0.13
   42 Q     0  -1  -1  -1  -1   1   0  -1  -1   1   1  -1   0  -1  -1  -1   0  -1  -1   2    3   2   2   2   1  10   7   3   1  12   9   3   1   2   2   3   3   1   1  31  0.05 0.01
   43 K     0   1   0   0  -1   1   0  -1   0  -1  -1   3  -1  -1   0   0   0  -1  -1  -1    4   3   3   3   1   2   4   4   1   3   5  47   1   2   3   4   3   1   2   4  0.17 0.02
   44 A     1   0   0   0  -1   0   0   0   2  -1  -1   0   0  -1   0   0   2  -1   0   0   17   3   3   3   1   3   4   5  11   3   6   4   1   2   3   4  21   1   2   4  0.07 0.01
   45 M    -1   0  -1  -2  -1  -1  -1  -2  -1   1   1  -1   3   0  -1  -1   0  -1   2   1    2   7   1   1   1   1   2   2   1  16  16   2  25   1   1   2   7   0  10   2  0.10 0.03
   46 T     0  -1   3   2  -2   0   1  -1  -1  -2  -1   0  -1  -2  -1   0   2  -2  -2  -1    7   1  23  19   0   1  11   1   0   1   7   1   0   1   1   1  24   0   1   1  0.23 0.03
   47 T     2   2  -1  -1  -1   0   1  -1  -1  -2  -1   1   0  -2  -1   0   0  -2  -1  -1   32  18   1   1   0   1  14   2   0   1   2  11   6   1   1   1   6   0   1   1  0.17 0.03
   48 K    -1   3   3   0  -3   1   0  -1  -1  -3  -3   4  -2  -3  -2   0  -1  -3  -2  -3    1  18  23   0   0   0   1   1   0   0   1  51   0   0   0   1   1   0   0   1  0.46 0.06
   49 G     1  -2  -1  -2  -2  -2  -2   5  -2  -2   0  -2  -1  -2  -2  -1  -1  -2  -3  -2   12   0   0   0   0   0   1  67   0   0  14   1   0   0   0   1   1   0   0   1  0.61 0.06
   50 G    -1   1  -1   1  -3   1   3   2  -1  -2  -2   2  -2  -3  -2  -1  -1  -3  -2  -1    0   9   0   6   0   0  35  22   0   0   0  17   0   0   0   0   0   0   0  11  0.30 0.05
   51 N    -2  -2   2   6  -3  -1   1  -2  -1  -4  -4  -1  -3  -4  -2   1  -1  -5  -3  -3    0   0   9  78   0   0   0   0   0   0   0   0   0   0   0  13   0   0   0   0  0.92 0.10
   52 V     2  -2   1  -2  -1  -1  -2  -1  -2   0  -1  -1  -1   2  -2   0   2  -2   0   0   34   0   9   0   0   0   0   0   0   4   0   0   0  16   0   0  28   0   0   8  0.18 0.05
   53 S     2  -1   2  -1  -2   2   0  -1  -1  -2  -2   0  -1  -3   1   3   0  -3  -2  -1   22   0  15   0   0  17   0   0   0   0   0   0   0   0   6  35   0   0   0   6  0.29 0.05
   54 V     0  -1  -1   1  -3   2   1  -2  -2  -2  -2   1  -2  -3   5  -1  -1  -4  -3   0    4   0   0   9   0  13  11   0   0   0   0   9   0   0  40   0   0   0   0  12  0.65 0.06
   55 C    -1  -4  -4  -4  10  -4  -5  -3  -4  -2  -2  -4  -2  -3  -4  -2  -2  -3  -3  -2    0   0   0   0 100   0   0   0   0   0   0   0   0   0   0   0   0   0   0   0  1.93 0.17
   56 E    -1   1   1   2  -4   2   4  -2   0  -3  -3   2  -2  -4  -2   0  -1  -3  -2  -3    0   5   9  10   0   9  42   0   0   0   0  24   0   0   0   0   0   0   0   0  0.50 0.06
   57 W    -2   1   1  -2  -3   1  -1  -2  -1  -2  -2   2  -1   0  -2  -1   0   7   3  -1    0   5   9   0   0  11   0   0   0   0   0  19   0   0   0   0   9  24  17   5  0.48 0.06
   58 Y    -2  -3  -3  -4  -3  -3  -3  -4   0   0   2  -3   0   5  -4  -3  -2   1   5  -1    0   0   0   0   0   0   0   0   0   0  23   0   0  37   0   0   0   0  41   0  0.69 0.08
   59 Q     0   4  -2  -3  -3   1  -1  -2  -1  -2  -1   0  -1   3  -3  -1  -2   6   1  -2   11  38   0   0   0   8   0   0   0   0   0   0   0  26   0   0   0  16   0   0  0.48 0.07
   60 R    -1   4   1   1  -3   0   0  -2   1  -3  -2   2  -2  -3  -2   1  -1  -3  -2  -2    0  41   9   9   0   0   0   0   6   0   5  16   0   0   0  13   0   0   0   0  0.36 0.05
   61 V     1  -2  -2  -2  -1  -2  -2  -2  -1   1  -1  -2   0   1  -2   1   1  -1   3   2   11   0   0   0   0   0   0   0   0   0   0   0   0   6   0  22   5   0  15  41  0.18 0.05
   62 Y    -2  -2  -3  -4  -3  -2  -3  -4   0  -1  -1  -3   2   4  -4  -2  -2   1   6   0    0   0   0   0   0   0   0   0   0   0   0   0   9  21   0   0   0   0  60   9  0.77 0.10
   63 Q    -2   3   2   0  -4   2   2  -2   4  -3  -3   1  -2  -3  -2  -1  -1  -3  -1  -3    0  30  16   0   0  16  14   0  19   0   0   5   0   0   0   0   0   0   0   0  0.47 0.06
   64 S     2  -1   0  -1  -1  -1  -1  -1  -2  -3  -3  -1  -2  -3  -1   5   1  -3  -2  -2   13   0   0   0   0   0   0   0   0   0   0   0   0   0   0  87   0   0   0   0  0.63 0.10
   65 L    -1  -2  -3  -3  -2  -2  -3  -3  -3   2   4  -2   1   0  -3   0  -1  -2  -2   1    0   0   0   0   0   0   0   0   0  11  75   0   0   0   0  14   0   0   0   0  0.41 0.07
   66 C    -1  -4  -4  -4  10  -4  -5  -3  -4  -2  -2  -4  -2  -3  -4  -2  -2  -3  -3  -2    0   0   0   0 100   0   0   0   0   0   0   0   0   0   0   0   0   0   0   0  1.97 0.16
   67 P    -2  -3  -3  -2  -4  -2  -2  -3  -3  -4  -4  -2  -3  -4   8  -2  -2  -5  -4  -3    0   0   0   0   0   0   0   0   0   0   0   0   0   0 100   0   0   0   0   0  2.33 0.14
   68 T     0  -1  -1  -1  -2   2   1   0  -1   1   0  -1   1  -2  -2   1   1  -3  -2   0   10   0   0   0   0  14  11   6   0  19   6   0   6   0   0  13  10   0   0   5  0.09 0.02
   69 S     1  -1   0   1  -2   2   3   0  -1  -3  -3   0  -2  -3  -1   2   0  -3  -2  -2   10   0   0   6   0  14  29   7   0   0   0   0   0   0   0  33   0   0   0   0  0.37 0.05
   70 W    -3  -4  -5  -5  -3  -3  -4  -4  -3  -3   0  -4  -2   0  -5  -4  -3  11   1  -3    0   0   0   0   0   0   0   0   0   0  11   0   0   0   0   0   0  89   0   0  2.59 0.17
   71 V    -1  -3  -3  -4  -1  -3  -3  -4  -3   3   1  -3   0  -1  -3  -2  -1  -2   1   4    0   0   0   0   0   0   0   0   0  31   0   0   0   0   0   0   0   0   7  63  0.47 0.07
   72 T     0   0   0   2  -3   3   2  -2  -1  -3  -3   2  -2  -3  -1   2   1  -3  -2  -2    0   0   0  13   0  20  18   0   0   0   0  14   0   0   0  26  10   0   0   0  0.36 0.04
   73 D    -1   4   0   1  -3   0   1  -2   0  -3  -3   3  -2  -1  -2   0   0  -2   2  -2    0  32   0  10   0   0  10   0   0   0   0  24   0   0   0   6   5   0  14   0  0.35 0.05
   74 W    -3  -3  -4  -5  -3  -3  -4  -3  -3  -3  -2  -4  -2   3  -4  -3  -3  11   2  -3    0   0   0   0   0   0   0   0   0   0   0   0   0  17   0   0   0  83   0   0  2.34 0.13
   75 D    -2  -1   4   5  -4   0   1  -1  -1  -4  -4   0  -3  -4  -2   0  -1  -5  -3  -4    0   0  30  65   0   0   0   0   0   0   0   5   0   0   0   0   0   0   0   0  0.83 0.07
   76 E    -1   0   0   2  -4   1   5  -2  -1  -4  -3   2  -2  -4  -2  -1  -1  -3  -3  -3    0   0   0  13   0   0  70   0   0   0   0  17   0   0   0   0   0   0   0   0  0.70 0.07
   77 Q    -1   3  -1  -1  -4   6   1  -2   0  -3  -3   1  -1  -4  -2  -1  -1  -3  -2  -3    0  23   0   0   0  77   0   0   0   0   0   0   0   0   0   0   0   0   0   0  0.80 0.09
   78 R    -2   5  -1  -2  -3   0  -1  -3  -1   1  -1   2  -1  -2  -3  -1  -1  -3  -2  -1    0  68   0   0   0   0   0   0   0  21   0  11   0   0   0   0   0   0   0   0  0.55 0.06
   79 A     2   0   0   2  -3   1   3  -1  -1  -3  -3   2  -2  -3  -1   0  -1  -3  -2  -2   27   0   0  17   0   0  35   0   0   0   0  21   0   0   0   0   0   0   0   0  0.38 0.04
   80 E     1  -1   2   1  -2   1   2  -1   0  -2  -2   1  -2  -1  -2   0   0  -1   3  -2   18   0  19   5   0  10  16   0   0   0   0   7   0   0   0   0   7   0  17   0  0.22 0.03
   81 G    -1  -3  -1   1  -3  -2  -2   5  -2  -2   0  -2  -2  -3  -3  -1  -2  -3  -3  -2    0   0   0  11   0   0   0  71   0   0  17   0   0   0   0   0   0   0   0   0  0.67 0.06
   82 T    -1  -1   1  -1  -2  -1  -1  -2  -2   1   0   1   0  -2  -2   0   4  -3  -2   0    0   0   7   0   0   0   0   0   0  13  11  17   0   0   0   0  51   0   0   0  0.24 0.05
   83 F    -3  -3  -4  -4  -3  -4  -4  -4  -2  -1   0  -4   0   7  -4  -3  -3   0   3  -1    0   0   0   0   0   0   0   0   0   0   0   0   0 100   0   0   0   0   0   0  1.13 0.10
   84 P     1  -1  -2  -2  -3  -1  -1  -2  -2  -3  -3   1  -2  -4   7  -1  -1  -4  -3  -2   18   0   0   0   0   0   0   0   0   0   0  17   0   0  64   0   0   0   0   0  1.23 0.07
   85 G     1  -2  -1  -1  -2  -1   1   5  -2  -2  -3  -1  -2  -3  -2   1  -1  -3  -3  -1    7   0   0   0   0   0  17  58   0   0   0   0   0   0   0  11   0   0   0   7  0.53 0.04
   86 K    -1   1   0   2  -4   0   0  -2  -1  -3  -3   4  -2  -4   4  -1  -1  -4  -3  -3    0   0   0  18   0   0   0   0   0   0   0  61   0   0  20   0   0   0   0   0  0.60 0.06
   87 I    -2  -3  -4  -4  -1  -3  -3  -4  -3   4   3  -3   1   0  -3  -3  -1  -3  -1   2    0   0   0   0   0   0   0   0   0  70  30   0   0   0   0   0   0   0   0   0  0.44 0.03

                      K         Lambda
Standard Ungapped    0.1310     0.3180
Standard Gapped      0.0400     0.2670
PSI Ungapped         0.1306     0.3185
PSI Gapped           0.0400     0.2670
