
Last position-specific scoring matrix computed, weighted observed percentages rounded down, information per position, and relative weight of gapless real matches to pseudocounts
            A   R   N   D   C   Q   E   G   H   I   L   K   M   F   P   S   T   W   Y   V   A   R   N   D   C   Q   E   G   H   I   L   K   M   F   P   S   T   W   Y   V
    1 M    -2  -2  -3  -4  -2  -1  -3  -4  -2   0   1  -2   8  -1  -3  -2  -2  -2  -2   0    0   0   0   0   0   0   0   0   0   0   0   0 100   0   0   0   0   0   0   0  1.05 0.18
    2 E    -1  -1  -1   1  -4   2   6  -3  -1  -4  -3   0   0  -4  -2  -1  -1  -3  -3  -3    0   0   0   0   0   5  90   0   0   0   0   0   5   0   0   0   0   0   0   0  0.90 0.12
    3 T    -1  -2   0  -1  -2  -1  -1  -2  -2  -2  -2  -1  -1   0  -2   2   5  -3  -2  -1    0   0   4   0   0   0   3   0   0   0   0   0   0   4   0  10  79   0   0   0  0.60 0.12
    4 S     2  -1   0  -1  -1   0   0   0  -1  -1  -1   0  -1  -2   1   3   1  -2  -1  -1   30   2   2   2   1   1   2   2   1   2   3   2   1   1   7  34   4   0   1   2  0.22 0.03
    5 S     1  -1   1   0  -1   0   0  -1  -1  -1  -2   0  -1  -2  -1   3   2  -2  -1  -1   11   2   6   5   1   1   4   2   1   2   3   2   1   1   2  34  19   0   1   2  0.20 0.03
    6 P    -1  -1  -1  -1  -2  -1   0  -2  -2   0   0  -1  -1   0   6  -1   0  -2  -1   0    3   2   1   2   1   1   6   2   1   5  11   2   1   5  45   2   5   0   1   5  0.62 0.05
    7 A     4  -2  -2  -2  -1  -1  -1   0  -2  -1  -1  -1  -1  -1  -1   0   0  -2  -2   0   68   1   1   1   0   1   1   5   0   1   3   1   0   4   1   1   6   0   0   7  0.36 0.10
    8 L    -1  -2  -2  -2  -2  -2  -2  -3  -2   1   2  -2   0   3  -2  -1   3  -1   1   1    3   1   1   1   0   0   1   1   0   8  25   1   0  18   1   1  30   0   3   6  0.20 0.06
    9 S     0  -2  -1  -2  -1  -1  -2  -2  -2   1   1  -2   0   2  -2   2   0  -2  -1   1    1   0   0   0   0   3   1   1   0  11  16   1   0  14   0  32   3   0   0  16  0.13 0.06
   10 V    -1  -3  -3  -4  -2  -3  -3  -4  -3   3   3  -3   1   2  -3  -2  -1  -2   0   3    2   0   0   0   0   0   0   0   0  23  30   0   0  11   0   0   2   0   2  29  0.35 0.07
   11 A     2  -2  -1  -2  -1  -1  -1   0  -2   0  -1  -1  -1   0  -2   2   2  -3  -2   0   31   0   0   0   0   0   0   6   0   6   3   0   0   4   0  23  20   0   0   7  0.22 0.07
   12 I    -2  -4  -4  -4  -2  -3  -4  -5  -4   5   1  -3   1   0  -4  -3  -1  -3  -2   3    0   0   0   0   0   0   0   0   0  72   8   0   0   4   0   0   0   0   0  17  0.63 0.13
   13 G     1  -3  -2  -3  -2  -2  -2   1  -2  -1  -1  -2  -1   5  -3   1   1  -1   1  -1   13   0   0   0   0   0   0  12   0   2   3   0   0  43   0  15  12   0   0   0  0.31 0.09
   14 V    -2  -3  -4  -4   1  -3  -4  -4  -4   4   2  -3   2   0  -3  -3  -1  -3  -2   3    0   0   0   0   3   0   0   0   0  50  13   0   4   3   0   0   0   0   0  26  0.47 0.09
   15 L     2  -2  -2  -2  -2  -1  -2  -1  -2  -1   1  -2   1   0  -2   2   0   5  -1  -1   19   0   0   0   0   0   0   3   0   0  25   0   4   3   0  32   0  10   0   2  0.24 0.07
   16 A     2  -2  -2  -2   6  -2  -2   1  -2  -1  -1  -2  -1   0  -2   1   0  -2  -2   0   28   0   0   0  23   0   0   9   0   3   1   0   0   6   0  14   4   0   0   9  0.28 0.07
   17 V     0  -3  -3  -3  -1  -2  -3  -3  -3   2   3  -3   1   1  -3  -2  -1  -2  -1   2   10   0   0   0   0   0   0   0   0  12  47   0   0   4   0   2   0   0   0  23  0.31 0.07
   18 L    -2  -3  -3  -4   0  -3  -3  -4  -3   1   4  -3   1   0  -3  -2   0  -2  -2   1    0   0   0   0   2   0   0   0   0   2  76   0   0   0   0   0   6   0   0  12  0.49 0.09
   19 F    -1  -3  -4  -4  -2  -3  -3  -4  -3   3   3  -3   1   0  -3  -3  -1  -2  -1   3    0   0   0   0   0   0   0   0   0  20  42   0   2   3   0   0   0   0   0  32  0.41 0.07
   20 G     2  -2  -1  -2   1  -1  -2   4  -2  -3  -3  -1  -2  -3  -2   3   0  -3  -3  -2   18   0   0   0   3   0   0  38   0   0   2   0   0   0   0  39   0   0   0   2  0.48 0.08
   21 L    -2  -3  -4  -4  -2  -3  -4  -4  -3   3   2  -3   1   4  -4  -3  -1  -2   0   2    0   0   0   0   0   0   0   0   0  35  24   0   2  25   0   0   0   0   0  14  0.42 0.07
   22 T    -1  -2  -1  -2  -2  -2  -2  -3  -3  -2  -2  -2  -2  -3  -2   1   7  -4  -3  -1    0   0   0   0   0   0   0   0   0   0   0   0   0   0   0   0 100   0   0   0  1.05 0.17
   23 G     1  -3  -1  -2  -3  -2  -3   5  -3  -1  -3  -2  -2  -3  -3   0  -1  -3  -3  -1   15   0   0   0   0   0   0  69   0   6   0   0   0   0   0   3   2   0   0   5  0.76 0.09
   24 F    -3  -3  -3  -4  -3  -3  -3  -4   0  -1   0  -3  -1   5  -4  -3  -3   1   7  -1    0   0   0   0   0   0   0   0   0   2   8   0   0  23   0   0   0   0  65   2  1.04 0.14
   25 G     3  -2  -1  -2  -2  -1  -1   3  -2  -3  -3  -1  -2  -3  -2   3   0  -3  -3  -2   39   0   0   0   0   0   0  20   0   0   0   0   0   0   0  39   2   0   0   0  0.47 0.09
   26 V    -2  -3  -4  -4  -2  -3  -3  -4  -4   4   3  -3   1  -1   0  -3  -1  -3  -2   3    0   0   0   0   0   0   0   0   0  38  37   0   0   0   6   0   0   0   0  19  0.44 0.07
   27 Y    -3  -3  -3  -2  -4  -3  -3  -4   1  -2  -2  -3  -2   3  -4  -3  -3   5   8  -2    0   0   0   3   0   0   0   0   0   0   0   0   0   4   0   0   0   8  86   0  1.43 0.17
   28 Q    -1  -2  -1  -2  -2   0  -2  -3  -3   1  -1  -2   1  -2  -2   0   5  -3  -2   1    0   0   0   0   0   4   0   0   0   9   2   0   4   0   0   2  68   0   0  12  0.50 0.11
   29 A     4  -2  -1  -2  -1  -1  -1   2  -2  -2  -3  -1  -2  -3  -2   2   0  -3  -3  -1   66   0   0   0   0   0   0  13   0   0   0   0   0   0   0  21   0   0   0   0  0.53 0.10
   30 F    -3  -4  -4  -4  -3  -4  -4  -4  -2  -1  -1  -4  -1   8  -5  -1  -3   0   2  -2    0   0   0   0   0   0   0   0   0   0   0   0   0  94   0   6   0   0   0   0  1.30 0.17
   31 G    -1  -3  -1  -2  -4  -3  -3   7  -3  -5  -5  -3  -4  -4  -3  -1  -3  -4  -4  -4    0   0   0   0   0   0   0 100   0   0   0   0   0   0   0   0   0   0   0   0  1.49 0.15
   32 P    -2   0  -1  -2  -4   3   0  -3  -2  -4  -4   0  -3  -4   7  -1  -2  -4  -3  -3    0   4   3   0   0  18   2   0   0   0   0   2   0   0  70   0   0   0   0   0  1.49 0.14
   33 P     0  -2  -1  -2  -3  -2  -2  -3  -3  -2  -2   0  -1  -4   7  -1  -1  -4  -3  -2    8   0   2   0   0   0   0   0   0   2   3   8   2   0  68   4   2   0   0   1  1.32 0.12
   34 S     2  -2   0  -1  -2  -1  -1  -1  -2  -3  -3  -1  -2  -3  -2   5   0  -4  -3  -2   22   0   3   0   0   0   0   0   0   0   0   0   0   0   0  75   0   0   0   0  0.64 0.12
   35 K     1   3   1  -1  -3   2   1  -2  -1  -3  -3   4  -2  -4  -2   0   0  -3  -2  -2   11  13   7   0   0   7   5   0   0   0   0  49   0   0   0   5   2   0   0   1  0.41 0.07
   36 A     0   1   1   1  -3   3   3   0  -1  -3  -3   2  -2  -4  -2   0   0  -3  -2  -3    8   4   8   4   0  20  33   6   0   0   0  14   0   0   0   0   3   0   0   0  0.39 0.06
   37 L    -2  -3  -4  -5  -2  -3  -4  -5  -4   1   5  -3   1   0  -4  -3  -2  -3  -2   0    0   0   0   0   0   0   0   0   0   0 100   0   0   0   0   0   0   0   0   0  0.85 0.13
   38 D    -1   5   0   1  -3   1   0  -2  -1  -2  -3   2  -2  -3  -2   0   0  -3  -2  -2    5  52   2   7   0   4   3   2   0   3   0   6   0   0   0   6   9   0   0   1  0.43 0.07
   39 D    -3  -3   0   7  -5  -1   1  -2  -2  -4  -5  -2  -4  -5  -2  -1  -2  -5  -4  -4    0   0   0 100   0   0   0   0   0   0   0   0   0   0   0   0   0   0   0   0  1.46 0.15
   40 P    -2  -3  -3  -3  -4  -2  -2  -3  -3  -3  -2  -2  -3  -4   8  -2  -2  -5  -4  -3    0   0   0   0   0   0   0   0   0   0   6   0   0   0  94   0   0   0   0   0  2.18 0.16
   41 F    -3  -4  -4  -5  -3  -4  -4  -4  -2  -1  -1  -4  -1   7  -5  -3  -3   6   3  -2    0   0   0   0   0   0   0   0   0   0   0   0   0  85   0   0   0  11   4   0  1.29 0.14
   42 D    -2  -1   0   4  -5   1   6  -3  -1  -4  -4   0  -3  -4  -2  -1  -2  -4  -3  -4    0   0   0  28   0   0  72   0   0   0   0   0   0   0   0   0   0   0   0   0  0.96 0.12
   43 D    -2  -1   0   4  -4   1   5  -1  -1  -4  -3   0   0  -4  -2  -1  -2  -4  -3  -3    0   0   3  31   0   0  58   2   0   0   0   0   5   0   0   0   0   0   0   0  0.75 0.10
   44 H    -3  -1   0  -2  -4  -1  -1  -3  10  -5  -4  -2  -3  -2  -3  -2  -3  -4   1  -4    0   0   0   0   0   0   0   0 100   0   0   0   0   0   0   0   0   0   0   0  1.85 0.19
   45 E    -2  -1  -1   3  -4   1   6   0  -1  -4  -4   0  -3  -4  -2  -1  -2  -4  -3  -3    0   0   0  11   0   0  82   6   0   0   0   0   0   0   0   0   0   0   0   0  0.90 0.11
   46 D    -3  -2   1   7  -4  -1   2  -2  -2  -4  -5  -1  -4  -4  -2  -1  -2  -5  -4  -4    0   0   3  89   0   0   7   0   0   0   0   0   0   0   0   0   0   0   0   0  1.22 0.12

                      K         Lambda
Standard Ungapped    0.1396     0.3182
Standard Gapped      0.0410     0.2670
PSI Ungapped         0.1396     0.3182
PSI Gapped           0.0410     0.2670
