
Last position-specific scoring matrix computed, weighted observed percentages rounded down, information per position, and relative weight of gapless real matches to pseudocounts
           A  R  N  D  C  Q  E  G  H  I  L  K  M  F  P  S  T  W  Y  V   A   R   N   D   C   Q   E   G   H   I   L   K   M   F   P   S   T   W   Y   V
    1 R   -2  6 -1 -2 -4  1  0 -3  0 -3 -2  2 -2 -3 -2 -1 -1 -3 -2 -3    0 100   0   0   0   0   0   0   0   0   0   0   0   0   0   0   0   0   0   0  0.82 0.02
    2 G    1 -2 -1 -2 -2 -2 -2  6 -2 -2 -3 -2 -2 -3 -2  0 -1 -3 -3 -1   12   0   0   0   0   0   0  79   0   0   0   0   0   0   0   0   0   0   0  10  0.73 0.01
    3 S    1 -1  1  0 -1  0  0  0 -1 -3 -3  0 -2 -3 -1  5  1 -3 -2 -2    0   0   0   0   0   0   0   0   0   0   0   0   0   0   0 100   0   0   0   0  0.50 0.02
    4 N   -2 -1  6  1 -3  0 -1 -1  0 -3 -3  0 -2 -3 -2  0  0 -3 -2 -3    0   0  81   0   0   0   0   0   0   0   0   0   0   0   0   0   0   0   0   0  0.49 0.02
    5 L   -2 -2 -4 -4 -1 -2 -3 -4 -3  2  4 -3  2  0 -3 -3 -1 -2 -1  1    0   0   0   0   0   0   0   0   0   0 100   0   0   0   0   0   0   0   0   0  0.49 0.01
    6 T    0 -1  0 -1 -1 -1 -1 -2 -2  0 -1 -1 -1 -2 -1  1  5 -3 -2  0    0   0   0   0   0   0   0   0   0  10   0   0   0   0   0   0  90   0   0   0  0.43 0.02
    7 I   -1 -2 -2 -2 -1 -2 -2 -3 -3  4  1 -2  1 -1 -2  0  1 -3 -1  2    1   0   0   0   0   0   0   1   0  69   1   0   0   0   0  14  11   0   0   1  0.19 0.01
    8 H   -2 -1  0 -2 -3  0 -1 -3  8 -1  1 -1  0 -1 -3 -1 -2 -2  1 -2    0   0   0   0   0   0   0   0  77   0  23   0   0   0   0   0   0   0   0   0  0.61 0.02
    9 P   -1 -2 -2 -2 -3 -2 -1 -2 -3 -3 -3 -1 -3 -4  8 -1 -1 -4 -3 -3    0   0   0   0   0   0   0   0   0   0   0   0   0   0 100   0   0   0   0   0  2.09 0.02
   10 L   -2 -2 -4 -4 -1 -2 -3 -4 -3  2  4 -3  2  0 -3 -3 -1 -2 -1  1    0   0   0   0   0   0   0   0   0   0 100   0   0   0   0   0   0   0   0   0  0.49 0.01
   11 R   -2  6 -1 -2 -4  2  0 -3  0 -3 -2  2 -1 -3 -2 -1 -1 -3 -2 -3    0  87   0   0   0  13   0   0   0   0   0   0   0   0   0   0   0   0   0   0  0.72 0.02
   12 N   -2 -1  6  1 -3  0  0 -1  1 -4 -4  0 -2 -3 -2  1  0 -4 -2 -3    0   0 100   0   0   0   0   0   0   0   0   0   0   0   0   0   0   0   0   0  0.80 0.02
   13 I   -1 -2 -3 -3 -2 -2 -3 -4 -3  4  1  0  1 -1 -3 -2 -1 -3 -2  3    0   0   0   0   0   0   0   0   0  77   0  10   0   0   0   0   0   0   0  13  0.30 0.01
   14 I   -1  3 -2 -2 -2  0 -1 -3 -2  2  0  2  2 -1 -2 -1 -1 -3 -2  1    0  26   0   0   0   0   0   0   0  38   0  19  17   0   0   0   0   0   0   0  0.17 0.01
   15 D   -2 -2  1  7 -4  0  2 -2 -1 -4 -4 -1 -3 -4 -2  0 -1 -5 -3 -4    0   0   0 100   0   0   0   0   0   0   0   0   0   0   0   0   0   0   0   0  0.99 0.02
   16 L   -1 -2 -3 -3 -1 -2 -3 -4 -3  2  4 -2  3  0 -3 -2  0 -2 -1  1    0   0   0   0   0   0   0   0   0   8  65   0  17   0   0   0  10   0   0   0  0.33 0.01
   17 F   -2  0 -3 -4 -2 -2 -3 -3 -2  1  1 -2  0  5 -3 -2 -2  0  2  1    0   8   0   0   0   0   0   0   0   0  17   0   0  56   0   0   0   0   0  19  0.36 0.01
   18 Y   -2 -2 -2 -4 -3 -2 -2 -3  2 -2 -1 -2 -1  3 -3 -2 -2  2  8 -1    0   0   0   0   0   0   0   0   0   0   0   0   0   0   0   0   0   0 100   0  0.96 0.02
   19 V    0 -3 -3 -4 -1 -2 -3 -4 -3  2  1 -2  2 -1 -3 -2  0 -3 -1  4    0   0   0   0   0   0   0   0   0   0   9   0  10   0   0   0   0   0   0  81  0.33 0.01
   20 G    0 -3 -1 -2 -3 -2 -2  6 -2 -4 -4 -2 -3 -4 -2  0 -2 -3 -3 -4    0   0   0   0   0   0   0 100   0   0   0   0   0   0   0   0   0   0   0   0  1.09 0.02

                      K         Lambda
Standard Ungapped    0.1527     0.3299
Standard Gapped      0.0410     0.2670
PSI Ungapped         0.1527     0.3299
PSI Gapped           0.0410     0.2670
