
Last position-specific scoring matrix computed, weighted observed percentages rounded down, information per position, and relative weight of gapless real matches to pseudocounts
            A   R   N   D   C   Q   E   G   H   I   L   K   M   F   P   S   T   W   Y   V   A   R   N   D   C   Q   E   G   H   I   L   K   M   F   P   S   T   W   Y   V
    1 M    -2  -3  -4  -4  -2  -2  -3  -4  -3   0   3  -3   8  -1  -4  -3  -2  -3  -2   0    0   0   0   0   0   0   0   0   0   0  31   0  69   0   0   0   0   0   0   0  0.97 0.19
    2 R    -1   3   2   0  -3   0   0  -2  -1  -2  -3   4  -2  -3  -2   0   0  -4  -2  -1    0  24  16   4   0   0   0   0   0   0   0  35   0   0   0   6   7   0   0   7  0.39 0.09
    3 F    -3  -3  -4  -4  -3  -3  -4  -4   0   1  -1  -3  -1   5  -4  -3  -3   1   7  -1    0   0   0   0   0   0   0   0   0  10   0   0   0  34   0   0   0   0  56   0  1.10 0.18
    4 A     2  -3  -2  -3   5  -2  -2  -1  -3   0  -1  -2  -1  -3  -2   0   3  -3  -2   2   21   0   0   0  16   0   0   5   0   4   0   0   0   0   0   0  35   0   0  19  0.36 0.11
    5 I    -2  -3  -4  -4  -2  -3  -4  -4  -4   3   3  -3   1   1  -4  -3  -1  -3  -1   3    0   0   0   0   0   0   0   0   0  29  44   0   0   4   0   0   0   0   0  23  0.50 0.10
    6 V     1  -2  -3  -3   1   0  -2  -3  -3   2   2  -2   3  -1  -3  -2  -1  -3  -2   3   14   0   0   0   4   5   0   0   0   7  23   0  11   0   0   0   2   0   0  34  0.25 0.08
    7 V     0  -3  -4  -4  -2  -3  -3  -4  -4   3   1  -3   0  -1  -3  -2  -1  -4  -2   5    9   0   0   0   0   0   0   0   0  24   6   0   0   0   0   0   0   0   0  61  0.54 0.13
    8 T    -1  -1   4  -1  -2  -1  -1  -2  -1  -1  -2   1  -2   0  -2   1   4  -3  -2  -1    0   0  26   0   0   0   0   0   0   5   0  12   0   6   0   7  44   0   0   0  0.40 0.12
    9 G    -1  -2  -1   1  -3   0   2   5  -2  -4  -4  -1  -3  -4  -3   0  -2  -4  -4  -4    0   0   0   6   0   4  19  63   0   0   0   0   0   0   0   8   0   0   0   0  0.78 0.13
   10 P     2  -3  -2  -2  -3  -2  -2   0  -3  -3  -4  -2  -3  -4   7   1  -1  -4  -4  -3   23   0   0   0   0   0   0   5   0   0   0   0   0   0  63   8   0   0   0   0  1.34 0.17
   11 A     3  -3  -3  -3  -2  -1  -2  -2   0  -1  -2  -2  -2  -3   6  -1  -1  -4  -3   0   37   0   0   0   0   2   0   0   2   4   0   0   0   0  43   0   0   0   0  11  0.83 0.14
   12 Y    -3  -3  -3  -4  -4  -3  -3  -5   3  -3  -3  -3  -2   2  -4  -3  -3   1   9  -3    0   0   0   0   0   0   0   0   6   0   0   0   0   0   0   0   0   0  94   0  1.73 0.26
   13 G    -1  -3  -1  -2  -3   0  -2   6  -3  -4  -4  -2  -3  -4  -3   0  -2  -3  -3  -4    0   0   0   0   0   6   0  84   0   0   1   0   0   0   0   6   0   0   0   0  1.12 0.16
   14 T    -1  -1   0  -1  -2   1  -1   0   1  -2  -3   2  -2  -3  -2   2   4  -3  -2  -2    0   0   3   0   0   7   0   4   5   0   0  14   0   0   0  25  42   0   0   0  0.39 0.11
   15 Q    -2   0  -1  -1  -4   6   4  -3  -1  -4  -4   0  -2  -4   1  -1  -2  -3  -3  -3    0   0   0   0   0  69  25   0   0   0   0   0   0   0   6   0   0   0   0   0  1.01 0.20
   16 Q     1   2   2  -1  -3   3   0   1   0  -3  -3   0  -2  -3  -2   1  -1  -3  -2  -3   17  17  13   0   0  24   0  12   2   0   0   0   0   0   0  16   0   0   0   0  0.33 0.09
   17 A     5  -2  -2  -2  -1  -2  -2   0  -2  -2   0  -2  -1  -3  -2   2  -1  -3  -3  -1   70   0   0   0   0   0   0   4   0   0   9   0   0   0   0  17   0   0   0   0  0.52 0.14
   18 S    -1   2  -1   0  -3  -1  -1  -2  -1  -2  -2  -1  -2   3  -3   3   0  -1   4  -2    0  18   0   5   0   0   0   0   0   0   0   0   0  17   0  37   5   0  18   0  0.34 0.11
   19 S     0   0   2  -1  -2  -1  -1  -2  -2  -2   0   0  -1  -3  -2   4   2  -3  -2  -2    0   6  11   0   0   0   0   0   0   0  12   3   0   0   0  51  17   0   0   0  0.37 0.12
   20 A     5  -2  -2  -3  -1  -2  -2  -1  -3  -2  -3  -2  -2  -3  -2   1  -1  -4  -3  -1   91   0   0   0   0   0   0   0   0   0   0   0   0   0   0   9   0   0   0   0  0.83 0.19
   21 F    -3  -3  -4  -4  -3  -3  -4  -4  -1   0   3  -3   0   4  -4  -3  -2   3   5  -1    0   0   0   0   0   0   0   0   0   0  41   0   0  19   0   0   0   4  36   0  0.71 0.14
   22 Q    -2   4  -1  -2  -4   5   0  -3  -1  -2   1   0  -1  -3  -3  -2  -2  -3  -2  -2    0  29   0   0   0  51   0   0   0   0  20   0   0   0   0   0   0   0   0   0  0.65 0.16
   23 F    -3  -4  -4  -5  -3  -4  -4  -4  -3   0   1  -4  -1   7  -5  -4  -3   0   2  -1    0   0   0   0   0   0   0   0   0   4  13   0   0  83   0   0   0   0   0   0  1.20 0.20
   24 A     5  -2  -2  -3   3  -2  -2  -1  -3  -2  -3  -2  -2  -3  -2   2  -1  -4  -3  -1   81   0   0   0   8   0   0   0   0   0   0   0   0   0   0  11   0   0   0   0  0.71 0.17
   25 Q    -2   2  -1  -1  -3   4   2  -3   1   0   1   2  -1  -2  -2  -1  -1  -3  -2  -1    0  10   0   0   0  27  17   0   3   9  16  16   0   0   0   2   0   0   0   0  0.28 0.08
   26 A     5  -2  -2  -2  -1  -1   0  -1  -2  -2  -2  -1  -2  -3  -2   2   2  -4  -3  -1   68   0   0   0   0   0   7   0   0   0   0   0   0   0   0  12  14   0   0   0  0.53 0.14
   27 L     2  -3  -4  -4  -2  -2  -3  -3  -3   1   4  -3   1  -1  -3  -2  -1  -3  -2   2   25   0   0   0   0   0   0   0   0   0  55   0   0   0   0   0   0   0   0  20  0.40 0.11
   28 I    -2   0  -4  -4  -2  -3  -3  -4  -3   3   4  -2   1  -1  -4  -3  -2  -3  -2   1    0   9   0   0   0   0   0   0   0  26  61   0   0   0   0   0   0   0   0   3  0.51 0.12
   29 A     2  -1   0  -1  -2   1   3  -1  -1  -1   0   2  -1  -3  -2   0   0  -3  -2   0   25   0   5   0   0   2  30   2   0   0  12  16   0   0   0   0   2   0   0   7  0.20 0.08
   30 E     0   0   1   0   0   3   3   0  -1  -3  -2   2   1  -3  -2   0   0  -3  -2  -2    6   0   5   0   3  19  28   6   0   0   0  21   6   0   0   2   4   0   0   0  0.33 0.09
   31 G    -1  -2  -1  -2  -4  -1   1   6   1  -5  -4  -1  -3  -4  -3   0  -2  -4  -3  -4    0   0   0   0   0   0  13  74   5   0   0   4   0   0   0   4   0   0   0   0  0.94 0.15
   32 H    -2  -2  -1  -2  -4  -1   1  -3   9  -1  -3  -2  -3  -3  -3   0  -2  -4   0  -3    0   0   0   0   0   0   7   0  77   7   0   0   0   0   0   9   0   0   0   0  1.29 0.23
   33 K    -1   1   1   0  -3   2   4  -2   2   0  -2   1  -2  -3  -2   0   0  -3  -2  -2    0   6   9   0   0  10  37   0   6  10   0  11   0   0   0   7   4   0   0   0  0.33 0.08
   34 L    -2  -3  -4  -4  -2  -3  -4  -4  -4   3   4  -3   1  -1  -4  -3  -2  -3  -2   2    0   0   0   0   0   0   0   0   0  28  55   0   0   0   0   0   0   0   0  16  0.57 0.11
   35 S     0   0   1  -1  -2   0   0  -1   1   0   0   1   0   0  -2   1   0  -2  -1   1    6   0   7   0   0   0   6   3   4   0  15  18   0   6   0  14   4   0   0  14  0.05 0.03
   36 S     0   3   1  -1   0   2   0  -2  -1  -3  -3   1  -2  -3  -2   3   1  -3  -2  -2    1  23   7   0   2  14   0   1   0   0   1   3   0   0   0  40   5   0   0   0  0.38 0.10
   37 V    -1  -3  -4  -4  -2  -3  -4  -4  -4   4   2  -3   0  -1  -3  -3  -1  -3  -2   4    0   0   0   0   0   0   0   0   0  31  15   0   0   0   0   0   0   0   0  54  0.59 0.13
   38 F    -4  -4  -4  -5  -4  -5  -5  -5  -3  -1  -1  -5  -1   8  -5  -4  -4   0   2  -2    0   0   0   0   0   0   0   0   0   0   0   0   0 100   0   0   0   0   0   0  1.65 0.25
   39 F    -3  -4  -4  -5  -3  -4  -4  -4  -3  -1   2  -4   0   7  -5  -4  -3   0   2  -1    0   0   0   0   0   0   0   0   0   0  23   0   0  77   0   0   0   0   0   0  1.12 0.19
   40 Y    -3  -3  -3  -4  -3  -3  -3  -4   0   0   0  -3   2   3  -4  -3  -3   1   7  -1    0   0   0   0   0   0   0   0   0   7   7   0   9  12   0   0   0   0  65   0  1.01 0.18
   41 R    -1   3  -1  -1   4   4   2  -3   2  -3  -3   0  -2  -4  -2   0  -1  -3  -2  -3    0  26   0   0  13  32  14   0   5   0   0   0   0   0   0   9   0   0   0   0  0.53 0.12
   42 E    -2  -2   2   6  -5   0   4  -2  -1  -4  -4  -1  -4  -4  -2  -1  -2  -5  -4  -4    0   0   7  58   0   0  35   0   0   0   0   0   0   0   0   0   0   0   0   0  1.01 0.16
   43 G     1  -3  -2  -2  -3  -3  -3   6  -3  -5  -5  -3  -4  -4  -3  -1  -2  -4  -4  -4    9   0   0   0   0   0   0  91   0   0   0   0   0   0   0   0   0   0   0   0  1.36 0.19
   44 V     0  -4  -4  -4  -2  -3  -4  -4  -4   2   0  -3   0  -2  -3  -3  -1  -4  -2   6    5   0   0   0   0   0   0   0   0   0   0   0   0   0   0   0   0   0   0  95  0.86 0.20
   45 Y    -2  -2   1  -2  -2  -1  -2  -3   3  -1   2  -2   0   2  -3   0   2  -1   3  -1    0   0  10   0   0   2   0   0   9   0  31   0   0   7   0   6  17   0  19   0  0.23 0.08
   46 N     0  -2   6   0  -3  -1  -1  -2   1  -2  -1  -1  -2  -3  -3   1  -1  -4  -3  -1    9   0  67   0   0   0   0   0   4   0   7   0   0   0   0   6   0   0   0   7  0.67 0.16
   47 A     4  -3  -2  -2  -2  -2  -2   4  -3  -3  -3  -2  -2  -3  -2   1  -1  -3  -3  -2   60   0   0   0   0   0   0  35   0   0   0   0   0   0   0   5   0   0   0   0  0.67 0.14
   48 N    -1  -1   5   0  -3  -1  -1  -2  -1  -3  -1   1  -2  -3  -2   2   1  -4  -3  -3    0   0  51   0   0   0   0   0   0   0   9  14   0   0   0  16  10   0   0   0  0.52 0.13
   49 H     1   3   1  -1  -3   3   1  -2   0  -3  -2   2  -2  -3  -2   0  -1  -3  -2  -2   18  21   8   0   0  21   4   0   2   0   2  19   0   0   0   5   0   0   0   0  0.36 0.08
   50 L    -2  -3   0  -2  -2  -2  -1   1  -2   0   3  -2   1   3  -3  -2  -1  -2   0  -1    0   0   6   0   0   0   7  16   0   0  44   0   4  21   0   0   2   0   0   0  0.25 0.09
   51 T    -1  -1   0  -2  -2   3  -1  -3   0   1  -1  -1  -1  -2  -2   0   4  -3  -2   1    0   0   4   0   0  23   0   0   2   8   4   0   0   0   0   5  38   0   0  16  0.29 0.11
   52 S     1  -1   2  -1  -2  -1  -1  -2  -1  -1  -1   1  -1  -2  -2   2   1  -3   1   1   10   0  18   0   0   0   0   0   0   0   3  13   0   0   0  22  11   0   7  15  0.17 0.07
   53 P    -2  -3  -3  -3  -4  -3  -2  -3  -3  -4  -4  -2  -4  -5   8   0  -2  -5  -4  -4    0   0   0   0   0   0   0   0   0   0   0   0   0   0  94   6   0   0   0   0  2.32 0.25
   54 A     4  -2   0  -2  -2  -2  -2   2  -2  -2  -2  -2  -2  -3   1   1  -1  -3  -3   0   56   0   5   0   0   0   0  15   0   0   0   0   0   0   5  11   0   0   0   7  0.41 0.11
   55 S    -1  -1   3   0  -3   2   1   0  -1  -1  -3  -1  -2   0   3   2   0  -3  -2  -1    0   0  22   0   0  11   9   4   0   4   0   0   0   5  14  26   0   0   0   4  0.30 0.08
   56 D    -3  -2   3   6  -4  -1   0   1  -2  -4  -5  -2  -4  -5  -3  -1  -2  -5  -4  -4    0   0  19  72   0   0   0   9   0   0   0   0   0   0   0   0   0   0   0   0  1.08 0.18
   57 E    -2  -1  -1   1  -5   0   6  -3  -1  -4  -4  -1  -3  -1  -3  -1  -2  -2   4  -3    0   0   0   5   0   0  72   0   0   0   0   0   0   0   0   0   0   0  23   0  0.90 0.19
   58 F    -2  -1  -3  -3   2  -3  -3  -3  -2   1   1  -2   0   5  -3  -2  -2  -1   2   1    1   6   0   0   5   0   1   1   0   5  15   1   0  48   0   1   1   0   4  12  0.43 0.09
   59 D    -2  -2   4   5  -4   0   2  -2   2  -4  -4  -1  -3  -4  -3  -1  -2  -5  -3  -4    0   0  32  46   0   0  14   0   8   0   0   0   0   0   0   0   0   0   0   0  0.84 0.15
   60 L    -2  -3  -4  -5  -2  -3  -4  -5  -4   3   5  -3   2   0  -4  -3  -2  -3  -2   1    0   0   0   0   0   0   0   0   0  17  80   0   2   0   0   0   0   0   0   0  0.73 0.15
   61 V    -1  -2  -3  -3  -2   2  -2  -3  -3   1   2  -2   0  -2   1  -2   1  -3  -2   3    0   0   0   0   0  17   0   0   0   4  20   0   0   0   8   0  10   0   0  41  0.28 0.10
   62 R     0   3   1  -1  -3   3   2  -2   1  -3  -3   3  -2  -3  -2   0  -1  -3  -2  -3    8  24   9   0   0  16  12   0   4   0   0  20   0   0   0   6   0   0   0   0  0.40 0.08
   63 G     3   0   1  -1  -2   1   0   1   1  -2  -2   0   1  -3  -2   0  -1  -3  -2  -2   41   5   9   0   0  10   5  12   4   0   0   4   9   0   0   0   0   0   0   0  0.24 0.08
   64 W    -1  -4  -5  -5   3  -3  -4  -4  -4  -3   0  -4  -2  -1  -5  -4  -3  12   0  -3    7   0   0   0   7   0   0   0   0   0   9   0   0   0   0   0   0  77   0   0  2.42 0.28
   65 Q     0   1  -1  -1  -3   5   2  -3   1   1  -2   1  -1  -3  -2  -1   0  -3  -2  -1    5   6   0   0   0  50   9   0   3  16   0   4   0   0   0   0   5   0   0   2  0.44 0.13
   66 Q    -1   0  -1  -1  -3   3   3   0   1   0  -2   0   1  -3  -2   0  -1   3  -2  -2    4   4   0   0   0  24  31   6   4   9   1   2   6   0   0   4   0   5   0   0  0.30 0.09
   67 L    -2  -3  -4  -4  -2  -3  -3  -4  -3   1   5  -3   2   1  -3  -3  -2  -2  -1   0    1   0   0   0   0   0   0   1   0   0  88   0   3   4   0   0   0   0   0   0  0.70 0.14
   68 N     3  -1   2  -1  -1  -1  -1   0   3  -1  -2  -1  -1  -2  -1   1   1  -3  -1   0   36   1  15   1   0   1   1   6  11   1   1   1   0   1   1   7  10   0   0   7  0.21 0.06
   69 A     1   0   1   1  -2   2   2  -1  -1  -1  -1   1  -1  -2  -1   0   0  -2  -2  -1   16   2   7   6   0  12  19   1   0   7   4  13   0   1   1   3   5   0   0   1  0.16 0.04
   70 Q    -1   2   0   0  -3   4   2  -2  -1  -2  -2   2  -1  -3  -1   0   1  -2  -2  -2    1  12   1   5   0  30  12   1   0   1   1  14   0   1   1   8  10   0   0   3  0.33 0.07
   71 H    -2  -1   3  -1  -3   2  -1  -2   7  -3  -3   0  -2  -1  -3  -1  -2  -1   4  -3    1   0  21   0   0  11   0   1  37   0   1   5   0   0   0   0   0   0  21   0  0.66 0.13
   72 G     0   0   1   0  -3   2   0   3   1  -3  -2   1  -2  -3  -2   0  -1  -3  -2  -2    4   3   9   6   0  12   6  36   4   0   6   9   0   0   0   3   1   0   0   1  0.29 0.06
   73 V     1  -3  -4  -4  -2  -3  -3  -3  -4   2   2  -3   0   0  -3  -2  -1  -3  -2   4   14   0   0   0   0   0   0   0   0   9  16   0   0   2   0   0   0   0   0  59  0.43 0.11
   74 A     1   0  -1   2  -3   0   2  -2  -2  -2  -2   1  -2  -3   3   0  -1  -4  -3  -1   22   4   0  11   0   2  15   0   0   2   0  13   0   0  19   2   2   0   0   7  0.32 0.07
   75 L     0  -3  -4  -4  -2  -3  -3  -4  -4   1   4  -3   3  -1  -3  -3  -1  -3  -2   2    6   0   0   0   0   0   0   0   0   0  63   0   8   0   0   0   0   0   0  23  0.52 0.12
   76 N    -2   0   2  -1   1   1   1  -2   5  -2  -3   2  -2  -2  -2  -1  -1  -3   2   0    0   0  17   0   5   5  10   0  22   0   0  23   0   0   0   0   0   0   8  11  0.31 0.10
   77 I     0  -3  -3  -4  -2  -3  -3  -3  -3   3   2  -3   0  -1  -3  -2   1  -3  -2   4    7   0   0   0   0   0   0   0   0  13  21   0   0   0   0   0  12   0   0  47  0.37 0.10
   78 C    -2  -5  -4  -5  11  -5  -5  -4  -5  -3  -3  -5  -3  -4  -4  -2  -2  -4  -4  -2    0   0   0   0 100   0   0   0   0   0   0   0   0   0   0   0   0   0   0   0  2.53 0.31
   79 V    -1  -2  -1  -3  -2  -2  -3   1  -3   2   0   0   0  -2  -3  -2  -1  -4  -2   4    3   0   4   0   0   0   0  14   0  13   0   9   0   0   0   0   0   0   0  58  0.32 0.11
   80 A     4  -2  -2  -2  -2  -1  -2  -1  -2  -2  -3  -1  -2  -3   3   2   1  -4  -3  -1   60   0   0   0   0   0   0   0   0   0   0   0   0   0  14  17   9   0   0   0  0.56 0.13
   81 A     5  -3  -3  -3   6  -2  -2  -1  -3  -2  -2  -2  -2  -3  -2   0  -1  -4  -3  -1   77   0   0   0  23   0   0   0   0   0   0   0   0   0   0   0   0   0   0   0  0.85 0.18
   82 A     5  -2  -2  -2   3  -2  -2  -1  -3  -2  -2  -2  -2  -3  -2   2   1  -4  -3  -1   73   0   0   0   7   0   0   0   0   0   0   0   0   0   0  11   9   0   0   0  0.61 0.15
   83 L    -2  -1  -2   1  -3   2  -1  -3  -2   0   3   1   0  -1  -3  -1  -2  -3  -2  -1    0   0   0   9   0  17   0   0   0   0  56  14   0   0   0   4   0   0   0   0  0.30 0.11
   84 R     1   6  -2  -3  -4   0  -1   0  -2  -4  -3   1  -2  -4  -3  -1  -2  -4  -3  -3   14  77   0   0   0   0   0   9   0   0   0   0   0   0   0   0   0   0   0   0  0.91 0.18
   85 R    -3   7  -2  -3  -5   0  -1  -4  -1  -4  -4   1  -3  -4  -3  -2  -2  -4  -3  -4    0 100   0   0   0   0   0   0   0   0   0   0   0   0   0   0   0   0   0   0  1.49 0.24
   86 G    -1  -4  -2  -2  -4  -3  -3   7  -3  -5  -5  -3  -4  -4  -3  -1  -3  -4  -4  -4    0   0   0   0   0   0   0 100   0   0   0   0   0   0   0   0   0   0   0   0  1.59 0.21
   87 V    -1  -4  -4  -4  -2  -3  -4  -4  -4   4   2  -3   0  -1  -3  -3  -1  -3  -2   4    0   0   0   0   0   0   0   0   0  30  14   0   0   0   0   0   0   0   0  56  0.60 0.13
   88 V     0  -2  -2  -2  -1  -2  -2  -2  -2   3   1   0   0  -1  -2   0   1  -3  -2   3    4   0   0   0   0   0   1   1   0  23   7   7   0   0   0  10  13   0   0  31  0.18 0.06
   89 D    -2  -2   1   5  -3   0   3   0  -1  -3  -4  -1  -3  -4  -2   0  -1  -4  -3  -3    1   0   6  48   0   0  26   6   0   0   1   1   0   0   0   7   1   0   0   1  0.65 0.11
   90 E     1  -1   0   2  -3   2   4  -2  -1  -2  -3   1  -2  -3   0   0  -1  -3  -2  -1   13   0   4   8   0  10  42   1   0   0   1   5   0   0   4   2   1   0   0   6  0.37 0.08
   91 M    -1   0   0   0  -2   3   2   0   1  -1   0   0   0  -2  -1   0   0  -2  -1   0    2   3   3   3   0  22  18   7   4   1  12   1   2   1   1   4   7   0   1   7  0.13 0.04
   92 E    -1   0   0   0  -2   2   4  -2  -1  -2  -2   1  -1  -2  -1   0   1  -2  -2  -2    2   1   1   1   0  11  43   2   1   1   2   9   1   1   1   7  13   0   1   1  0.37 0.07
   93 A     4  -1   0  -1  -1  -1  -1  -1  -1   0  -1  -1  -1  -2  -1   1   0  -2  -2  -1   54   1   6   1   0   1   1   2   1   5   6   1   1   1   1  10   5   0   1   1  0.24 0.07
   94 G     1   0   0  -1  -1   0   1   0  -1  -2  -2   0  -1   0   1   2   2  -2  -1  -1    7   3   1   1   0   3  11   6   1   1   2   7   1   5   5  27  17   0   1   1  0.17 0.04
   95 R    -1   3   2   1  -2   3   1  -1   0  -2  -1   0  -1  -2  -1   0   1  -2  -2  -2    3  20  16   5   0  23   6   2   1   1   5   1   1   1   1   2   9   0   1   1  0.25 0.05
   96 L    -1  -1   1  -1  -1   1  -1  -1   3   0   1   0   1   0  -1  -1   0  -1   1  -1    3   2   9   2   1   7   2   3  10   2  26   7   5   1   2   2   6   0   7   2  0.06 0.02
   97 G     0  -1   3   0  -2   0   0   3  -1  -2  -2   0  -1  -2  -1   0  -1  -2  -2  -2    6   2  20   2   1   4   4  33   1   2   3   9   3   1   2   2   2   0   1   2  0.24 0.04
   98 L    -1   1  -2  -2  -1  -1  -1  -2  -2   1   3   0   1  -1  -2  -1   0  -2  -1   1    2  10   1   1   1   1   2   2   1  11  41   7   1   1   1   2   9   0   1   6  0.12 0.04
   99 A     1   0  -1   0  -2   0   0  -1  -1  -2  -1   2  -1  -2   3   2   0  -3  -2  -1   19   1   1   6   0   4   1   1   0   1   6  17   0   1  16  21   3   0   0   3  0.25 0.05
  100 S     1  -1   0  -1  -2   1  -1   2   1  -1  -2   0  -1  -2  -1   1   1  -2  -2   0   16   1   5   1   0  12   1  18   4   1   1   5   0   1   1  12  14   0   0   8  0.16 0.04
  101 S     2  -1   1   0  -2  -1   0   2   2  -2   0  -1  -1  -2  -1   1   0  -2   0  -1   26   1  11   3   0   1   3  14  10   1  10   1   0   1   1   6   6   0   4   1  0.13 0.04
  102 N    -3  -2   7   3  -4  -1  -1  -2  -1  -4  -5  -1  -3  -4   2  -1  -1  -5  -3  -4    0   0  77  14   0   0   0   0   0   0   0   0   0   0   9   0   0   0   0   0  1.10 0.20
  103 L    -2  -3  -4  -5  -2  -3  -4  -5  -4   1   5  -3   2   2  -4  -3  -2  -2  -1   0    0   0   0   0   0   0   0   0   0   5  81   0   2  11   0   0   0   0   0   0  0.71 0.14
  104 Q     3  -1  -2  -2  -2   3  -1   0   1   2  -1   0  -1  -2  -2  -1  -1  -3  -2   0   38   0   0   0   0  22   0   6   5  23   0   5   0   0   0   0   0   0   0   0  0.24 0.11
  105 Q     0  -2  -1   2  -3   0   3  -2   0  -3  -2  -1  -2  -3   4   1   0  -4  -3  -2    8   0   0  15   0   2  24   0   2   0   4   0   0   0  24  13   5   0   0   3  0.46 0.08
  106 G    -1  -2  -1  -2   1  -2  -2   5   0  -4  -3   0   0  -1   1   0  -2  -3  -3  -3    0   0   0   0   4   0   0  63   2   0   0   8   4   4   6   9   0   0   0   0  0.66 0.12
  107 F    -1  -4  -4  -4  -3  -4  -4  -4  -3  -1  -1  -4  -1   7  -4  -3  -3   4   2   1    7   0   0   0   0   0   0   0   0   0   0   0   0  71   0   0   0   6   0  16  0.94 0.18
  108 T    -1   1  -1  -1  -3   2   3  -3  -1   0  -2   1  -1   0  -2   0   2  -3  -2   0    0   5   0   0   0  15  34   0   0   8   0   7   0   5   0   2  17   0   0   7  0.28 0.09
  109 L    -2  -2  -3  -4  -2   1  -2  -4  -3   2   4  -2   1  -1  -3  -1  -2  -3  -2   0    0   0   0   0   0  12   0   0   0  18  66   0   0   0   0   4   0   0   0   0  0.48 0.12
  110 S     3  -2  -1  -2  -2  -1  -1   1  -2  -3  -3  -1  -2  -3  -2   4   1  -4  -3  -2   33   0   0   0   0   0   0   9   0   0   0   0   0   0   0  50   8   0   0   0  0.51 0.13
  111 G    -1  -3  -1  -2  -3  -2  -3   6  -3  -4  -4  -2  -3  -4  -3  -1   2  -4  -4  -3    0   0   0   0   0   0   0  77   0   0   0   0   0   0   0   0  23   0   0   0  1.07 0.17
  112 L    -2  -3  -4  -5  -2  -3  -4  -5  -4   1   5  -3   4   0  -4  -3  -2  -3  -2   0    0   0   0   0   0   0   0   0   0   0  86   0  14   0   0   0   0   0   0   0  0.82 0.17
  113 G    -1  -3  -1  -2  -3  -2  -3   6   4  -1  -2  -2  -2  -3  -3  -1  -2  -3  -2   0    0   0   0   0   0   0   0  69  14   4   4   0   0   0   0   0   0   0   0   9  0.81 0.14
  114 A     1  -1   0   3  -3   2   3   0  -1  -3  -3   0  -2  -4  -2   1   0  -4  -3  -2   19   0   0  18   0  11  33   5   0   0   0   0   0   0   0  11   2   0   0   0  0.42 0.09
  115 L    -3  -3  -4  -5  -2  -3  -4  -5  -3   1   5  -4   1   3  -4  -3  -2  -2  -1   0    0   0   0   0   0   0   0   0   0   0  83   0   0  17   0   0   0   0   0   0  0.77 0.16
  116 A     4  -2  -2  -3  -1  -2  -2  -1   1   1  -1  -2   1  -2  -2   1  -1  -3  -2   1   55   0   0   0   0   0   0   0   6  11   0   0   4   0   0   9   0   0   0  15  0.33 0.11
  117 E     0   1   2   0  -3   3   4  -2  -1  -3  -3   1  -2  -3  -2   0   0  -3   0  -3   11   4  12   0   0  21  37   0   0   0   0   8   0   0   0   0   3   0   4   0  0.44 0.10
  118 A     4  -2  -2  -3  -2  -2  -2  -1  -2  -2  -2  -2  -2   1  -2   1  -1   6   1  -2   61   0   0   0   0   0   0   0   0   0   0   0   0   7   0  11   0  16   5   0  0.62 0.14
  119 S     2  -2  -2  -3  -1  -2  -2  -2  -3   1   1  -2   2  -2  -2   1   1  -3  -2   2   25   0   0   0   0   0   0   0   0   8  11   0  11   0   0  14  11   0   0  21  0.19 0.07
  120 L    -2  -1  -3  -3  -3   0  -2  -4  -3   1   4   3   1  -1  -3  -2  -2  -3  -2   0    0   0   0   0   0   6   0   0   0   5  61  27   0   0   0   0   0   0   0   0  0.40 0.12
  121 T    -1  -1   0  -1  -2   1   2  -1  -2   1  -2   0  -1  -3  -2   2   3  -3  -2  -1    0   0   4   0   0   5  20   3   0  15   0   3   0   0   0  19  31   0   0   0  0.26 0.09
  122 C     3  -2  -2  -2   7   0  -2  -2  -2  -2  -2  -2  -2  -1  -2   2  -1  -3  -1  -2   35   0   0   0  29   7   0   0   0   0   0   0   0   3   0  25   0   0   2   0  0.54 0.13
  123 D    -3  -3   0   7  -5  -2   0  -3  -2  -5  -5  -2  -4  -5  -3  -1  -2  -6  -4  -5    0   0   0 100   0   0   0   0   0   0   0   0   0   0   0   0   0   0   0   0  1.63 0.24
  124 R    -2   6   2  -2  -4   0  -1  -3  -1  -4  -3   2  -3  -4  -3  -1  -2  -4  -3  -4    0  77  14   0   0   0   0   0   0   0   0   9   0   0   0   0   0   0   0   0  1.04 0.19
  125 V    -1  -3  -4  -4  -2  -3  -3  -4  -4   2   2  -3   2   0  -3  -3  -1  -3  -2   5    0   0   0   0   0   0   0   0   0   8  20   0   7   3   0   0   0   0   0  63  0.54 0.13
  126 V    -1  -4  -4  -4  -2  -3  -4  -4  -4   4   2  -3   0  -1  -3  -3  -1  -3  -2   4    0   0   0   0   0   0   0   0   0  32  13   0   0   0   0   0   0   0   0  55  0.60 0.13
  127 Q    -1  -1  -1  -2   3   5   0  -3  -1  -2  -2  -1  -1   0  -2  -1   3  -3  -2  -1    0   0   0   0  10  52   2   0   0   0   0   0   0   7   0   0  24   0   0   5  0.54 0.16
  128 F    -3  -4  -4  -5  -4  -5  -5  -4  -2  -1  -1  -4  -1   8  -5  -4  -3   0   2  -2    0   0   0   0   0   0   0   0   0   0   0   0   0 100   0   0   0   0   0   0  1.56 0.23

                      K         Lambda
Standard Ungapped    0.1327     0.3215
Standard Gapped      0.0453     0.2670
PSI Ungapped         0.1479     0.3177
PSI Gapped           0.0453     0.2670
