
Last position-specific scoring matrix computed, weighted observed percentages rounded down, information per position, and relative weight of gapless real matches to pseudocounts
            A   R   N   D   C   Q   E   G   H   I   L   K   M   F   P   S   T   W   Y   V   A   R   N   D   C   Q   E   G   H   I   L   K   M   F   P   S   T   W   Y   V
    1 N    -4  -3   7   2  -5  -3  -3  -3   4  -6  -6  -3  -5  -6  -5   3  -3  -6  -4  -6    0   0  61   9   0   0   0   0   8   0   0   0   0   0   0  22   0   0   0   0  1.52 0.59
    2 L    -4  -3  -6  -6  -4  -5  -6  -6  -5   0   6  -5   1   1  -6  -5  -3  -4  -3   0    0   1   0   0   0   0   0   0   0   3  82   0   2   6   0   0   1   0   0   5  1.35 0.55
    3 Y    -1  -4  -3  -5  -3  -2  -4  -4  -3   2   2  -2   1   2  -5  -3  -2   7   4   1    7   0   1   0   0   2   0   1   0  11  17   2   3   8   0   1   2  17  16  13  0.63 0.32
    4 Q    -4  -1   1  -2  -7   8   2  -5  -1  -6  -5  -2  -4  -6  -5  -3  -4  -6  -3  -6    0   2   7   1   0  77   9   0   1   0   1   1   0   0   0   0   0   0   1   0  1.95 0.81
    5 F    -6  -6  -7  -7  -6  -7  -7  -7  -5  -1   0  -7  -3   9  -7  -6  -5   1   1  -4    0   0   0   0   0   0   0   0   0   3   9   0   0  84   0   0   0   1   2   0  2.36 0.80
    6 G     0   1   1  -2  -4   0   1   4  -2  -3  -2   2  -1  -4  -3   0  -1  -2  -4  -4    6   8   6   1   0   2   8  37   1   1   3  12   2   0   0   8   4   1   0   0  0.44 0.26
    7 N    -2   2   3   0  -4   1   2  -1  -2  -2  -2   3  -1  -1  -3   0   0  -4   0  -2    0   9  20   3   0   6  12   4   0   3   3  18   2   2   0   8   5   0   4   2  0.29 0.22
    8 M    -5  -2  -6  -7  -5  -4  -2  -7  -5  -1   1  -5  10  -4  -6  -5  -4  -5  -5  -1    0   2   0   0   0   0   3   0   0   2  11   0  80   0   0   0   0   0   0   2  2.45 0.90
    9 I    -4  -6  -2  -6  -4  -5  -6  -7  -6   8  -1  -3   1  -3  -6  -5  -1  -6  -4   1    0   0   3   0   0   0   0   0   0  83   3   2   3   0   0   0   3   0   0   3  1.74 0.68
   10 K    -2   2   1  -1  -3   4   1  -2  -1  -3  -1   3   2   0  -2  -1  -1  -3  -2  -2    1  11   8   2   0  22   7   2   1   1   4  22   6   6   1   3   3   0   0   1  0.37 0.24
   11 C    -2  -2  -2  -3   9  -2  -1  -2   1  -1   0  -1  -2  -2  -3  -2  -1   0   1  -2    3   2   2   1  44   2   5   3   4   3  11   3   1   1   1   2   4   1   6   2  0.94 0.34
   12 T     3  -1  -1  -1  -3   0   0  -3  -3  -2  -1   3   1  -1  -3  -1   3  -4  -3   0   26   1   2   3   0   4   5   0   0   2   3  19   4   3   0   1  20   0   0   5  0.31 0.31
   13 I    -2  -1   3  -1  -3  -2   1  -3  -2   3  -1   0   3  -3  -3  -1   1  -4  -2   2    2   2  20   2   0   0   9   0   0  18   3   7  10   0   0   2   8   0   1  13  0.30 0.28
   14 P     0   0  -2  -3  -3  -1  -2   0   1  -3  -3   2   0  -4   3   0   4  -4  -2  -2    7   5   0   0   0   2   0   8   4   0   1  12   3   0  18   4  32   0   1   2  0.48 0.35
   15 K    -2   2   0  -2   3  -1  -2   5  -3  -5  -4   2  -1  -4  -1  -2  -3  -4  -1  -4    2  12   4   2   6   2   2  47   0   0   1  11   2   0   3   2   0   0   2   0  0.73 0.43
   16 R    -1   2  -1  -1   1   0   0  -1   1  -3  -4   4  -3  -2  -1   3   0  -5  -3  -4    2  12   1   2   3   2   6   3   4   2   0  25   0   1   2  28   5   0   0   0  0.45 0.37
   17 L    -1   4   2   0  -4   1   1  -2  -1  -2  -1   0  -3   0   0   1  -1  -4  -1  -3    3  29   9   5   0   5   7   2   1   1   6   5   0   6   6  10   2   0   1   0  0.30 0.28
   18 S     1  -2  -2  -1  -3  -3  -1   1  -1  -3  -2  -3   0  -4   5   2   0  -4  -4   0   11   2   2   3   0   0   3  12   1   0   4   0   3   0  31  14   7   0   0   6  0.56 0.36
   19 W    -1  -3  -4  -3   1  -3  -3  -2  -4   1   1  -3   0   2  -1  -2  -1   8   0   2    5   1   0   2   3   0   2   3   0   8  16   0   2   9   3   3   4  23   2  14  0.61 0.34
   20 R    -2  -2  -3  -4  -3  -2  -3  -1  -1   0   3  -1   2   2   1  -2  -1   6   0   0    2   2   0   0   0   2   0   5   2   3  28   3   5  10   6   3   5  14   3   5  0.39 0.29
   21 S     0  -2   0   3  -4  -1   1  -2   4  -4  -4   0  -4   0  -2   3  -2   2   1  -4    8   1   4  21   0   2   9   1  10   0   0   4   0   4   1  24   1   3   4   0  0.42 0.33
   22 F    -6  -6  -1  -7  -6  -5  -6  -7   1  -5  -5  -6  -5   5  -7  -6  -6  -2   9  -5    0   0   3   0   0   0   0   0   3   0   0   0   0  19   0   0   0   0  74   0  2.58 0.98
   23 V     2  -2   1  -2  -3  -2  -1   1  -3   0   0  -2   3  -1  -3   2   0   0  -2   1   21   1   6   2   0   0   4   9   0   5   7   0  11   2   0  16   6   1   1  10  0.18 0.21
   24 D     0  -3   3   4  -4  -3  -1  -1  -3  -2  -3  -1  -2   2  -4   1  -2  -4   2  -4    8   0  16  30   0   0   3   5   0   2   2   3   1  12   0  12   1   0   7   0  0.51 0.35
   25 Y    -3  -6  -2  -7   2  -5  -6  -7  -2  -5  -5  -6  -5  -1  -7  -3  -3  -2  10  -5    2   0   2   0   4   0   0   0   0   0   0   0   0   0   0   2   2   0  88   0  2.79 0.99
   26 G    -2  -6  -4  -5  -6  -5  -5   7  -5  -7  -7  -5  -6  -6  -1  -4  -5  -6  -2  -6    3   0   0   0   0   0   0  92   0   0   0   0   0   0   3   0   0   0   2   0  2.19 0.69
   27 C    -2  -7  -1  -7  11  -7  -8  -7  -7  -5  -3  -7  -5  -6  -7  -5  -5  -7  -7  -5    2   0   4   0  91   0   0   0   0   0   3   0   0   0   0   0   0   0   0   0  3.61 0.96
   28 Y    -6  -5   0  -7  -6  -5  -6  -7   2  -5  -5  -6  -5   1  -7  -5  -5   3  10  -5    0   0   4   0   0   0   0   0   4   0   0   0   0   2   0   0   0   4  86   0  2.77 0.81
   29 C    -4  -7  -6   0  12  -7  -7  -7  -7  -5  -5  -7  -5  -6  -7  -5  -5  -6  -7  -5    0   0   0   5  95   0   0   0   0   0   0   0   0   0   0   0   0   0   0   0  3.78 0.86
   30 G    -3  -6  -4  -2  -6  -5  -5   7  -5  -7  -7  -5  -6  -6  -5  -2  -5  -6  -6  -3    0   0   0   2   0   0   0  94   0   0   0   0   0   0   0   2   0   0   0   2  2.18 0.57
   31 K     0  -2  -4  -5  -4  -1  -4  -4  -4  -1   1   1   0  -2   0  -1   0  10   0  -1   11   2   0   0   0   2   0   1   0   3  12   9   2   0   4   3   5  39   2   4  1.13 0.36
   32 G    -2  -2  -3  -4  -1  -4  -2   7  -5  -6  -5  -4  -5  -6  -5  -2  -4  -6  -6  -4    2   3   0   0   1   0   3  87   0   0   1   0   0   0   0   1   0   0   0   1  1.83 0.50
   33 G    -3  -5  -1  -1  -5  -4  -3   7  -2  -6  -6  -4  -5  -6  -5  -2  -4  -5  -6  -4    0   0   2   4   0   0   1  88   1   0   0   0   0   0   0   2   0   0   0   1  1.89 0.50
   34 S    -2   4  -1  -3  -4   3   0  -3   2  -2  -4   2  -3  -5  -3   4   0  -2  -3  -3    1  23   1   0   0  15   3   0   5   2   1  13   0   0   0  33   3   1   0   1  0.62 0.29
   35 G    -3  -2   0  -4  -6  -5  -5   7   0  -7  -7  -4  -6  -6  -5  -3  -4  -6  -6  -6    0   2   4   0   0   0   0  92   2   0   0   0   0   0   0   0   0   0   0   0  2.08 0.53
   36 T    -2   2  -2  -3  -4   1   0  -3  -1  -2  -3   2  -3  -4  -1  -1   5   3  -3  -3    1  10   1   0   0   7   5   1   1   2   1  15   0   0   3   3  47   5   0   0  0.69 0.32
   37 P    -1  -6  -6  -5  -6  -5  -5  -6  -6  -6  -6  -4  -6  -7   9  -4  -4  -7  -6  -6    4   0   0   0   0   0   0   0   0   0   0   0   0   0  96   0   0   0   0   0  3.03 0.67
   38 V    -2  -4  -5  -5  -3  -4  -4  -5  -5   2   1  -4  -1  -2  -4  -4  -2  -5  -3   6    0   0   0   0   0   0   0   0   0   6  10   0   0   0   0   0   0   0   0  83  1.14 0.31

                      K         Lambda
Standard Ungapped    0.1452     0.3251
Standard Gapped      0.0578     0.2670
PSI Ungapped         0.1887     0.3193
PSI Gapped           0.0578     0.2670
