
Last position-specific scoring matrix computed, weighted observed percentages rounded down, information per position, and relative weight of gapless real matches to pseudocounts
           A  R  N  D  C  Q  E  G  H  I  L  K  M  F  P  S  T  W  Y  V   A   R   N   D   C   Q   E   G   H   I   L   K   M   F   P   S   T   W   Y   V
    1 T    0 -1  0 -1 -1 -1 -1 -2 -2 -1 -1 -1 -1 -2 -1  1  5 -3 -2  0    0   0   0   0   0   0   0   0   0   0   0   0   0   0   0   0 100   0   0   0  0.46 0.00
    2 G    0 -2  0 -1 -3 -2 -2  6 -2 -4 -4 -2 -3 -3 -2  0 -2 -3 -3 -3    0   0   0   0   0   0   0 100   0   0   0   0   0   0   0   0   0   0   0   0  1.05 0.01
    3 P   -1 -2 -2 -2 -3 -1 -1 -2 -2 -3 -3 -1 -3 -4  8 -1 -1 -4 -3 -2    0   0   0   0   0   0   0   0   0   0   0   0   0   0 100   0   0   0   0   0  2.06 0.01
    4 Q   -1  1  0 -1 -3  5  2 -2  0 -3 -2  3 -1 -3 -1  0 -1 -2 -2 -2    0   0   0   0   0  61   0   0   0   0   0  39   0   0   0   0   0   0   0   0  0.52 0.00
    5 T    0 -1  0 -1 -1  0 -1 -1 -1 -1 -2 -1 -1 -2 -1  3  4 -3 -2 -1    0   0   0   0   0   0   0   0   0   0   0   0   0   0   0  39  61   0   0   0  0.40 0.00
    6 T   -1 -1  1  4 -2 -1  0 -2 -2 -1 -2 -1 -1 -3 -1  1  4 -3 -2 -1    0   0   0  39   0   0   0   0   0   0   0   0   0   0   0   0  61   0   0   0  0.42 0.00
    7 C    0 -4 -3 -4  9 -3 -4 -3 -3 -1 -1 -3 -2 -3 -3 -1 -1 -2 -3 -1    0   0   0   0 100   0   0   0   0   0   0   0   0   0   0   0   0   0   0   0  1.25 0.01
    8 Q   -1  1  0 -1 -3  5  2 -2  0 -3 -2  3 -1 -3 -1  0 -1 -2 -2 -2    0   0   0   0   0  61   0   0   0   0   0  39   0   0   0   0   0   0   0   0  0.52 0.00
    9 A    3 -2 -2 -2 -1 -1 -1 -1 -2 -2 -2 -1 -2 -3  5  1  0 -3 -2 -1   61   0   0   0   0   0   0   0   0   0   0   0   0   0  39   0   0   0   0   0  0.70 0.00
   10 S    2 -1  0  4 -1  0  0 -1 -1 -2 -3 -1 -2 -3 -1  2  0 -3 -2 -2   30   0   0  39   0   0   0   0   0   0   0   0   0   0   0  32   0   0   0   0  0.36 0.00
   11 T   -1 -2 -2 -3 -1 -1 -2 -3 -2  1  2 -2  3  0 -2  0  2 -2 -1  1    0   0   0   0   0   0   0   0   0   0  39   0  30   0   0   0  32   0   0   0  0.23 0.00
   12 C    0 -4 -3 -4  9 -3 -4 -3 -3 -1 -1 -3 -2 -3 -3 -1 -1 -2 -3 -1    0   0   0   0 100   0   0   0   0   0   0   0   0   0   0   0   0   0   0   0  1.25 0.01
   13 E   -1  0  0  2 -4  2  5 -2  0 -3 -3  1 -2 -3 -1  0 -1 -3 -2 -3    0   0   0   0   0   0 100   0   0   0   0   0   0   0   0   0   0   0   0   0  0.75 0.01
   14 A    4 -1 -2 -2  0 -1 -1  0 -2 -1 -2 -1 -1 -2 -1  1  0 -3 -2  0  100   0   0   0   0   0   0   0   0   0   0   0   0   0   0   0   0   0   0   0  0.41 0.01
   15 G    2 -2 -1 -2 -2 -1 -2  5 -2 -3 -3 -1 -2 -3 -2  0 -1 -3 -3 -2   39   0   0   0   0   0   0  61   0   0   0   0   0   0   0   0   0   0   0   0  0.61 0.00
   16 C    0 -4 -3 -4  9 -3 -4 -3 -3 -1 -1 -3 -2 -3 -3 -1 -1 -2 -3 -1    0   0   0   0 100   0   0   0   0   0   0   0   0   0   0   0   0   0   0   0  1.25 0.01
   17 K   -1  2  0 -1 -3  1  1 -2 -1 -3 -3  5 -1 -3 -1  0 -1 -3 -2 -2    0   0   0   0   0   0   0   0   0   0   0 100   0   0   0   0   0   0   0   0  0.53 0.01
   18 Q   -1 -1  0  4 -3  3  1  3 -1 -3 -3  0 -2 -3 -2  0 -1 -3 -3 -3    0   0   0  39   0  32   0  30   0   0   0   0   0   0   0   0   0   0   0   0  0.47 0.00
   19 I   -1 -2 -3 -4 -1 -2 -3 -4 -3  3  3 -3  2  0 -3 -3 -1 -2 -1  1    0   0   0   0   0   0   0   0   0  32  68   0   0   0   0   0   0   0   0   0  0.39 0.00
   20 G    0 -2  0 -1 -3 -2 -2  6 -2 -4 -4 -2 -3 -3 -2  0 -2 -3 -3 -3    0   0   0   0   0   0   0 100   0   0   0   0   0   0   0   0   0   0   0   0  1.05 0.01
   21 K   -1  2  0 -1 -3  1  1 -2 -1 -3 -3  5 -1 -3 -1  0 -1 -3 -2 -2    0   0   0   0   0   0   0   0   0   0   0 100   0   0   0   0   0   0   0   0  0.53 0.01
   22 S    1 -1  0 -1 -2 -1 -1 -1 -1 -3 -3 -1 -2 -3  5  3  1 -3 -2 -2    0   0   0   0   0   0   0   0   0   0   0   0   0   0  39  61   0   0   0   0  0.73 0.00
   23 M   -1 -1 -2 -3 -2  0 -2 -3 -2  1  2 -1  6  0 -3 -2 -1 -2 -1  1    0   0   0   0   0   0   0   0   0   0   0   0 100   0   0   0   0   0   0   0  0.38 0.01
   24 K   -1  0  0  4 -3  1  3 -2 -1 -3 -3  2 -2 -3 -1  0 -1 -3 -2 -3    0   0   0  39   0   0  30   0   0   0   0  32   0   0   0   0   0   0   0   0  0.51 0.00
   25 S    0 -1  0 -1 -1 -1 -1 -1 -1 -1 -1 -1 -1  4 -2  3  0 -1  1 -1    0   0   0   0   0   0   0   0   0   0   0   0   0  39   0  61   0   0   0   0  0.27 0.00
   26 C    0 -4 -3 -4  9 -3 -4 -3 -3 -1 -1 -3 -2 -3 -3 -1 -1 -2 -3 -1    0   0   0   0 100   0   0   0   0   0   0   0   0   0   0   0   0   0   0   0  1.25 0.01
   27 Q   -1  1  0 -1 -3  5  2 -2  0 -3 -2  3 -1 -3 -1  0 -1 -2 -2 -2    0   0   0   0   0  61   0   0   0   0   0  39   0   0   0   0   0   0   0   0  0.52 0.00
   28 G    0 -2  0  4 -3 -1  0  4 -2 -4 -4 -1 -3 -3 -2  0 -1 -3 -3 -3    0   0   0  39   0   0   0  61   0   0   0   0   0   0   0   0   0   0   0   0  0.70 0.00
   29 D   -1 -2  1  5 -3 -1  1  3 -2 -3 -4 -1 -3 -3 -2  0 -1 -4 -3 -3    0   0   0  61   0   0   0  39   0   0   0   0   0   0   0   0   0   0   0   0  0.67 0.00
   30 T    0 -1  0 -1 -1 -1 -1 -2 -2 -1 -1 -1 -1 -2 -1  1  5 -3 -2  0    0   0   0   0   0   0   0   0   0   0   0   0   0   0   0   0 100   0   0   0  0.49 0.01
   31 C    0 -4 -3 -4  9 -3 -4 -3 -3 -1 -1 -3 -2 -3 -3 -1 -1 -2 -3 -1    0   0   0   0 100   0   0   0   0   0   0   0   0   0   0   0   0   0   0   0  1.25 0.01
   32 E   -1  2  0  0 -3  1  3 -2 -1 -3 -3  4 -2 -3 -1  0 -1 -3 -2 -2    0   0   0   0   0   0  32   0   0   0   0  68   0   0   0   0   0   0   0   0  0.48 0.00
   33 C    0 -4 -3 -4  9 -3 -4 -3 -3 -1 -1 -3 -2 -3 -3 -1 -1 -2 -3 -1    0   0   0   0 100   0   0   0   0   0   0   0   0   0   0   0   0   0   0   0  1.25 0.01
   34 A    4 -1 -1 -2  0 -1 -1  0 -2 -1 -1 -1 -1 -2 -1  1  0 -2 -2  0    0   0   0   0   0   0   0   0   0   0   0   0   0   0   0   0   0   0   0   0  0.00     0.00

                      K         Lambda
Standard Ungapped    0.1236     0.3148
Standard Gapped      0.0410     0.2670
PSI Ungapped         0.1236     0.3148
PSI Gapped           0.0410     0.2670
