
Last position-specific scoring matrix computed, weighted observed percentages rounded down, information per position, and relative weight of gapless real matches to pseudocounts
           A  R  N  D  C  Q  E  G  H  I  L  K  M  F  P  S  T  W  Y  V   A   R   N   D   C   Q   E   G   H   I   L   K   M   F   P   S   T   W   Y   V
    1 M   -2 -2 -3 -4 -2 -2 -3 -4 -3  2  3 -2  7  0 -3 -2 -1 -2 -2  1    0   0   0   0   0   0   0   0   0  12  16   0  67   0   0   0   0   0   0   4  0.58 0.09
    2 N   -2 -1  7  2 -4 -1 -1 -1  0 -4 -4 -1 -3 -4 -3  0  0 -5 -3 -4    0   0  88   6   0   0   0   0   0   0   0   0   0   0   0   3   3   0   0   0  0.97 0.11
    3 I   -2 -3 -4 -4 -2 -3 -3 -4 -3  2  3 -3  1  2 -4 -1 -1  7  0  0    0   0   0   0   0   0   0   0   0  16  48   0   0  11   0   5   3  17   0   0  0.47 0.05
    4 E   -2 -1 -1  1 -5  3  6 -3 -1 -4 -4  0 -3 -4 -2 -1 -2 -4 -3 -3    0   0   0   0   0  10  90   0   0   0   0   0   0   0   0   0   0   0   0   0  0.96 0.10
    5 V   -1 -3 -3 -4 -2 -3 -3 -4 -4  3  2 -3  1 -1  1 -2  0 -3 -2  4    0   0   0   0   0   0   0   0   0  16  21   0   0   0   8   0   3   0   0  52  0.35 0.05
    6 I   -2 -4 -4 -4 -2 -3 -4 -5 -4  5  2 -3  1 -1 -4 -3 -1 -3 -2  3    0   0   0   0   0   0   0   0   0  76   9   0   0   0   0   0   0   0   0  16  0.56 0.07
    7 A    3 -2 -2 -3 -1 -2 -2  0 -2  0 -1 -2 -1  3 -2  0  0 -2  0  1   48   0   0   0   0   0   0   7   0   5   0   0   0  21   0   0   5   0   0  15  0.21 0.05
    8 Q   -2  0 -1 -1 -4  8  1 -3  0 -4 -3  1 -1 -4 -2 -1 -2 -3 -2 -3    0   0   0   0   0 100   0   0   0   0   0   0   0   0   0   0   0   0   0   0  1.12 0.14
    9 L   -2 -3 -4 -4 -2 -3 -4 -5 -4  1  5 -3  2  0  0 -3 -2 -2 -2  0    0   0   0   0   0   0   0   0   0   0  96   0   0   0   4   0   0   0   0   0  0.64 0.08
   10 T    0 -2 -1 -2 -2 -2 -2  1 -3  0 -1 -2 -1 -2 -2  0  5 -3 -2  0    5   0   0   0   0   0   0  15   0   6   6   0   0   0   0   0  62   0   0   6  0.35 0.06
   11 M    1 -2 -1 -2 -1 -1 -2 -2 -2  0 -1 -2  2  2 -2  3  0 -2 -1  2    9   0   0   0   0   0   0   0   0   0   0   0  12  13   0  42   0   0   0  24  0.19 0.05
   12 L   -1 -3 -4 -4 -2 -3 -3 -4 -4  2  4 -3  2  0 -3 -3 -1 -2 -2  2    3   0   0   0   0   0   0   0   0   5  75   0   0   0   0   0   0   0   0  16  0.48 0.06
   13 T    3 -2 -1 -2 -1 -1 -2  1 -2  0 -1 -1 -1 -2 -2  1  3 -3 -2  0   37   0   0   0   0   0   0  13   0   5   5   0   0   0   0  10  28   0   0   3  0.24 0.04
   14 I   -2 -3 -4 -4 -2 -3 -3 -4 -3  2  4 -3  3  1 -4 -2 -2 -2 -1  1    0   0   0   0   0   0   0   0   0   3  73   0  12   6   0   2   0   0   0   4  0.48 0.06
   15 A   -1 -4 -4 -4 -2 -3 -4 -4 -4  5  1 -3  1 -1 -3 -3 -1 -3 -2  3    3   0   0   0   0   0   0   0   0  83   0   0   3   0   0   0   3   0   0   8  0.55 0.08
   16 V    0 -3 -3 -3 -1 -2 -3 -1 -3  2  1 -2  1 -1 -3 -1  1 -3 -2  3    3   0   0   0   0   0   0   5   0   8  12   0   5   0   0   3  14   0   0  50  0.23 0.04
   17 I    1 -3 -3 -4 -1 -3 -3 -2 -3  3  3 -3  1 -1 -3 -2 -1 -3 -2  2   17   0   0   0   0   0   0   2   0  28  35   0   0   0   0   0   0   0   0  17  0.26 0.04
   18 T    3 -2 -1 -2 -1 -1 -1 -1 -2 -1 -2 -1 -1 -3 -1  3  1 -3 -2  0   47   0   0   0   0   0   0   0   0   0   2   0   0   0   0  36   8   0   0   7  0.35 0.06
   19 G    0 -3 -1 -2 -3 -3 -3  7 -3 -5 -5 -2 -4 -4 -3 -1 -2 -3 -4 -4    0   0   0   0   0   0   0 100   0   0   0   0   0   0   0   0   0   0   0   0  1.33 0.10
   20 P   -2 -3 -3 -2 -4 -2 -2 -3 -3 -4 -4 -2 -4 -5  9 -2 -2 -5 -4 -3    0   0   0   0   0   0   0   0   0   0   0   0   0   0 100   0   0   0   0   0  2.33 0.13
   21 L    1 -3 -4 -4 -1 -2 -3 -3 -3  2  3 -3  2  0 -3 -2 -1 -2 -1  2   15   0   0   0   0   0   0   0   0   9  54   0   5   3   0   0   0   0   0  14  0.31 0.04
   22 V   -1 -3 -4 -4 -1 -3 -3 -4 -4  4  1 -3  0 -1 -3 -3 -1 -4 -2  5    0   0   0   0   0   0   0   0   0  26   0   0   0   0   0   0   0   0   0  74  0.55 0.08
   23 I   -2 -4 -4 -4 -2 -3 -4 -5 -4  5  1 -3  1 -1 -4 -3 -1 -3 -2  3    0   0   0   0   0   0   0   0   0  80   0   0   0   0   0   0   0   0   0  20  0.61 0.08
   24 F    2 -3 -3 -3 -2 -3 -3  1 -2  1  0 -2  0  4 -3 -1 -1 -1  1  2   26   0   0   0   0   0   0  11   0   6   3   0   0  33   0   0   0   0   0  20  0.22 0.04
   25 F   -2 -3 -4 -4 -2 -3 -3 -4 -3  2  4 -3  2  1 -3 -2 -1 -2 -1  2    0   0   0   0   0   0   0   0   0   5  74   0   0   6   0   4   0   0   0  11  0.44 0.06
   26 L   -2 -3 -4 -4 -2 -3 -3 -4 -4  2  5 -3  2  0 -4 -2 -2 -2 -2  0    0   0   0   0   0   0   0   0   0   5  91   0   0   0   0   4   0   0   0   0  0.58 0.08
   27 A    4 -2 -2 -2 -1 -2 -2 -1 -2 -2 -2 -1 -1  2 -2  2  0 -2 -1 -1   69   0   0   0   0   0   0   0   0   0   0   0   0  17   0  15   0   0   0   0  0.39 0.07
   28 I    1 -3 -3 -3 -2 -2 -3 -3 -3  2  2 -2  1  3 -3 -1 -1 -2  0  2   19   0   0   0   0   0   0   0   0  22  21   0   0  19   0   6   0   0   0  14  0.19 0.03
   29 R   -2  6  0 -2 -4  2  0 -3 -1 -4 -3  3 -2 -4 -3 -1 -2 -4 -2 -3    0  74   3   0   0   7   0   0   0   0   0  17   0   0   0   0   0   0   0   0  0.82 0.08
   30 K   -1  3  0 -1 -4  2  0  2 -1 -4 -3  4 -2 -4 -2 -1 -1 -3 -3 -3    0  16   4   0   0  14   0  20   0   0   0  46   0   0   0   0   0   0   0   0  0.45 0.05
   31 G    0 -3 -1 -2 -3 -3 -3  7 -3 -5 -5 -2 -4 -4 -3 -1 -2 -3 -4 -4    0   0   0   0   0   0   0 100   0   0   0   0   0   0   0   0   0   0   0   0  1.33 0.10
   32 N   -2 -1  7  3 -4 -1  0 -1  0 -4 -4 -1 -3 -4 -3  0 -1 -5 -3 -4    0   0  82  18   0   0   0   0   0   0   0   0   0   0   0   0   0   0   0   0  0.97 0.10
   33 L   -2 -3 -4 -5 -2 -3 -4 -5 -4  1  5 -3  2  0 -4 -3 -2 -2 -2  0    0   0   0   0   0   0   0   0   0   0  96   0   4   0   0   0   0   0   0   0  0.67 0.08

                      K         Lambda
Standard Ungapped    0.1485     0.3352
Standard Gapped      0.0410     0.2670
PSI Ungapped         0.1485     0.3352
PSI Gapped           0.0410     0.2670
