
Last position-specific scoring matrix computed, weighted observed percentages rounded down, information per position, and relative weight of gapless real matches to pseudocounts
           A  R  N  D  C  Q  E  G  H  I  L  K  M  F  P  S  T  W  Y  V   A   R   N   D   C   Q   E   G   H   I   L   K   M   F   P   S   T   W   Y   V
    1 M   -1 -2 -3 -4 -2 -1 -2 -3 -2  1  2 -2  7  0 -3 -2 -1 -2 -1  1    0   0   0   0   0   0   0   0   0   0   0   0 100   0   0   0   0   0   0   0  0.48 0.03
    2 I   -2 -3 -4 -4 -1 -3 -4 -4 -4  5  2 -3  1  0 -3 -3 -1 -3 -2  3    0   0   0   0   0   0   0   0   0 100   0   0   0   0   0   0   0   0   0   0  0.45 0.02
    3 I   -2 -3 -4 -4 -1 -3 -4 -4 -4  5  2 -3  1  0 -3 -3 -1 -3 -2  3    0   0   0   0   0   0   0   0   0 100   0   0   0   0   0   0   0   0   0   0  0.45 0.02
    4 N   -2 -1  7  1 -3  0  0 -1  0 -4 -4  0 -3 -3 -2  1  0 -4 -2 -3    0   0 100   0   0   0   0   0   0   0   0   0   0   0   0   0   0   0   0   0  0.81 0.02
    5 H   -2  0  0 -1 -3  0  0 -2  9 -4 -3 -1 -2 -2 -3 -1 -2 -3  2 -4    0   0   0   0   0   0   0   0 100   0   0   0   0   0   0   0   0   0   0   0  1.02 0.03
    6 N   -2 -1  7  1 -3  0  0 -1  0 -4 -4  0 -3 -3 -2  1  0 -4 -2 -3    0   0 100   0   0   0   0   0   0   0   0   0   0   0   0   0   0   0   0   0  0.81 0.02
    7 M   -1 -2 -3 -4 -2 -1 -2 -3 -2  1  2 -2  7  0 -3 -2 -1 -2 -1  1    0   0   0   0   0   0   0   0   0   0   0   0 100   0   0   0   0   0   0   0  0.48 0.03
    8 S    1 -1  1  0 -1  0  0  0 -1 -3 -3  0 -2 -3 -1  5  1 -3 -2 -2    0   0   0   0   0   0   0   0   0   0   0   0   0   0   0 100   0   0   0   0  0.51 0.02
    9 A    4 -2 -1 -2 -1 -1 -1  0 -2 -2 -2 -1 -1 -3 -1  2  0 -3 -2  0   85   0   0   0   0   0   0   0   0   0   0   0   0   0   0  15   0   0   0   0  0.40 0.02
   10 M   -1 -2 -3 -4 -2 -1 -3 -3 -2  2  2 -2  6  0 -3 -2 -1 -2 -1  1    0   0   0   0   0   0   0   0   0  16   0   0  84   0   0   0   0   0   0   0  0.41 0.03
   11 F   -2 -2  1 -2 -3 -2 -2 -3  0 -1  0 -2 -1  5 -3 -2 -2  1  5 -1    0   0  16   0   0   0   0   0   0   0   0   0   0  57   0   0   0   0  28   0  0.53 0.02
   12 A    4 -1 -1 -2 -1 -1 -1  0 -2 -2 -2 -1 -1 -3 -1  2  0 -3 -2 -1   77   0   0   0   0   0   0   0   0   0   0   0   0   0   0  23   0   0   0   0  0.39 0.01
   13 Q   -1  0  4  0 -3  5  1 -1  0 -3 -3  1 -1 -4 -2  0 -1 -3 -2 -3    0   0  43   0   0  57   0   0   0   0   0   0   0   0   0   0   0   0   0   0  0.55 0.02
   14 R   -2  6 -1 -2 -4  1  0 -3  0 -3 -3  2 -2 -3 -2 -1 -1 -3 -2 -3    0 100   0   0   0   0   0   0   0   0   0   0   0   0   0   0   0   0   0   0  0.83 0.02
   15 T    0 -1 -1 -2 -1  1 -1 -2 -2  1  0 -1  2 -2 -2  0  3 -3 -2  2    0   0   0   0   0  14   0   0   0   0   0   0  15   0   0   0  42   0   0  28  0.19 0.01
   16 L   -1 -2 -3 -4 -2 -2 -3  1 -3  1  4 -3  2  0 -3 -2 -1 -2 -1  0    0   0   0   0   0   0   0  14   0   0  86   0   0   0   0   0   0   0   0   0  0.35 0.01
   17 G    0 -3 -1 -2 -3 -2 -2  6 -2 -4 -4 -2 -3 -4 -2  0 -2 -3 -3 -4    0   0   0   0   0   0   0 100   0   0   0   0   0   0   0   0   0   0   0   0  1.10 0.02
   18 V   -1 -2  2  1 -2 -1 -1 -2  4  2  0 -2  0 -1 -3 -1 -1 -3 -1  2    0   0  10   0   0   0   0   0  22  30   0   0   0   0   0   0   0   0   0  23  0.14 0.01
   19 T   -1 -1  3  0 -2 -1 -1 -1 -1 -1 -2 -1 -1 -3 -2  1  4 -3 -2 -1    0   0  30   0   0   0   0   0   0   0   0   0   0   0   0   0  70   0   0   0  0.43 0.02
   20 N   -1 -1  6  1 -3  0 -1  2  0 -4 -4  0 -3 -3 -2  0  0 -4 -3 -3    0   0  86   0   0   0   0  14   0   0   0   0   0   0   0   0   0   0   0   0  0.69 0.02
   21 N    0 -2  1  1 -2 -1 -1 -2 -2  1  2 -2  1 -1 -2 -1 -1 -3 -2  1   16   0  11  15   0   0   0   0   0   0  47   0   0   0   0   0   0   0   0  11  0.12 0.01
   22 A    2 -1  0  2 -2  3  1 -1 -1 -2 -2  0 -1 -3 -1  2  0 -3 -2 -1   37   0   0  16   0  27   0   0   0   0   0   0   0   0   0  20   0   0   0   0  0.29 0.01
   23 I   -1 -2 -3 -3 -1  1 -2 -4 -3  3  1 -2  1 -1 -3 -2  0 -3 -1  3    0   0   0   0   0  12   0   0   0  41   0   0   0   0   0   0   0   0   0  47  0.27 0.01
   24 G    2  0 -1 -1 -2  3  0  2 -1 -2 -2  0 -1 -3 -1  0  1 -3 -2 -1   27   0   0   0   0  36   0  22   0   0   0   0   0   0   0   0  16   0   0   0  0.29 0.01
   25 K   -1  2  0 -1 -3  1  0  1 -1 -3 -3  5 -2 -3 -1  0 -1 -3 -2 -3    0   0   0   0   0   0   0  15   0   0   0  85   0   0   0   0   0   0   0   0  0.47 0.02
   26 D   -2 -1  5  4 -3  0  0  1  0 -4 -4 -1 -3 -4 -2  0 -1 -4 -3 -3    0   0  50  39   0   0   0  11   0   0   0   0   0   0   0   0   0   0   0   0  0.60 0.01
   27 M   -1 -3 -3 -4 -2 -2 -3 -4 -3  3  2 -2  4  0 -3 -2 -1 -2 -1  2    0   0   0   0   0   0   0   0   0  51  16   0  33   0   0   0   0   0   0   0  0.34 0.01
   28 E   -1  0  0  2 -4  2  6 -2  0 -4 -3  1 -2 -4 -1  0 -1 -3 -2 -3    0   0   0   0   0   0 100   0   0   0   0   0   0   0   0   0   0   0   0   0  0.77 0.01

                      K         Lambda
Standard Ungapped    0.1286     0.3209
Standard Gapped      0.0410     0.2670
PSI Ungapped         0.1286     0.3209
PSI Gapped           0.0410     0.2670
