
Last position-specific scoring matrix computed, weighted observed percentages rounded down, information per position, and relative weight of gapless real matches to pseudocounts
            A   R   N   D   C   Q   E   G   H   I   L   K   M   F   P   S   T   W   Y   V   A   R   N   D   C   Q   E   G   H   I   L   K   M   F   P   S   T   W   Y   V
    1 M    -1  -2  -3  -4  -2  -1  -2  -3  -2   1   2  -2   7   0  -3  -2  -1  -2  -1   1    0   0   0   0   0   0   0   0   0   0   0   0 100   0   0   0   0   0   0   0  0.40 0.01
    2 K    -1   2   0  -1  -4   1   1  -2  -1  -3  -3   5  -2  -4  -1   0  -1  -3  -2  -3    0   0   0   0   0   0   0   0   0   0   0 100   0   0   0   0   0   0   0   0  0.54 0.01
    3 K    -1   2   0  -1  -4   1   1  -2  -1  -3  -3   5  -2  -4  -1   0  -1  -3  -2  -3    0   0   0   0   0   0   0   0   0   0   0 100   0   0   0   0   0   0   0   0  0.54 0.01
    4 F    -2  -3  -4  -4  -2  -3  -4  -4  -2   1   2  -3   1   6  -4  -3  -2   0   3   0    0   0   0   0   0   0   0   0   0  14  15   0   0  71   0   0   0   0   0   0  0.52 0.01
    5 R    -1   6  -1  -2  -4   1   0  -2  -1  -3  -3   3  -2  -3  -2  -1  -1  -3  -2  -3    0  73   0   0   0   0   0   0   0   0   0  27   0   0   0   0   0   0   0   0  0.67 0.02
    6 W    -3  -3  -4  -5  -2  -2  -3  -3  -3  -1   1  -3   0   1  -4  -3  -3  11   2  -2    0   0   0   0   0   0   0   0   0   0  27   0   0   0   0   0   0  73   0   0  1.62 0.03
    7 V     1  -3  -3  -4  -1  -2  -3  -3  -3   2   1  -2   1  -1  -3  -2   0  -3  -2   4   10   0   0   0   0   0   0   0   0   0   9   0   0   0   0   0   0   0   0  81  0.30 0.01
    8 A     1  -2  -2  -3  -1  -2  -2  -2  -3   2   1  -2   1  -1  -2   0   2  -3  -2   2   16   0   0   0   0   0   0   0   0  29  10   0   0   0   0   0  27   0   0  17  0.17 0.01
    9 L    -1  -2  -2  -3  -1  -2  -3  -3  -3   1   4  -2   2   0  -3  -1   2  -2  -1   1    0   0   0   0   0   0   0   0   0   0  73   0   0   0   0   0  27   0   0   0  0.31 0.01
   10 V    -1  -3  -3  -3  -1  -3  -3  -1  -4   3   2  -3   1  -1  -3  -2  -1  -3  -2   3    0   0   0   0   0   0   0   8   0  38  10   0   0   0   0   0   0   0   0  43  0.26 0.01
   11 V     1  -3  -3  -3  -1  -3  -3  -3  -3   3   1  -3   1  -1  -3  -2   0  -3  -2   4   10   0   0   0   0   0   0   0   0  27   0   0   0   0   0   0   0   0   0  62  0.30 0.01
   12 V    -1  -3  -4  -4  -1  -3  -3  -4  -4   4   1  -3   1  -1  -3  -2   0  -3  -2   4    0   0   0   0   0   0   0   0   0  37   0   0   0   0   0   0   0   0   0  63  0.37 0.01
   13 V     0  -3  -3  -4  -1  -3  -3  -3  -3   3   2  -3   1   0  -3  -2  -1  -3  -1   3    9   0   0   0   0   0   0   0   0  37  20   0   0   0   0   0   0   0   0  34  0.28 0.01
   14 L     2  -2  -3  -3  -1  -2  -2  -2  -3   2   2  -2   1  -1  -2  -1  -1  -3  -2   2   37   0   0   0   0   0   0   0   0  10  34   0   0   0   0   0   0   0   0  19  0.19 0.01
   15 A     4  -2  -2  -2  -1  -1  -1   1  -2   0  -1  -1  -1  -2  -1   1   0  -3  -2   1   73   0   0   0   0   0   0  10   0   0   0   0   0   0   0   0   0   0   0  17  0.29 0.01
   16 C    -1  -4  -3  -4  10  -4  -4  -3  -4  -2  -2  -4  -2  -3  -3  -1  -1  -3  -3  -1    0   0   0   0 100   0   0   0   0   0   0   0   0   0   0   0   0   0   0   0  1.36 0.03
   17 L    -1  -3  -4  -4   6  -3  -4  -4  -3   1   3  -3   1   0  -3  -2  -1  -2  -2   1    0   0   0   0  27   0   0   0   0   0  63   0   0   0   0   0   0   0   0  10  0.42 0.01
   18 L    -2  -3  -4  -4  -1  -3  -3  -4  -3   2   4  -3   2   0  -3  -3  -1  -2  -1   2    0   0   0   0   0   0   0   0   0  10  81   0   0   0   0   0   0   0   0   9  0.42 0.01
   19 L    -2  -3  -4  -4  -2  -3  -3  -4  -3   1   4  -3   2   4  -4  -3  -2  -1   1   0    0   0   0   0   0   0   0   0   0   0  73   0   0  27   0   0   0   0   0   0  0.42 0.01
   20 W    -3  -3  -4  -5  -3  -2  -3  -3  -1  -3  -2  -3  -2   2  -4  -3  -3  11   5  -3    0   0   0   0   0   0   0   0   0   0   0   0   0   0   0   0   0  73  27   0  1.82 0.03
   21 A     3  -2  -2  -2  -1  -1  -2  -1  -2   0   2  -1   2  -1  -2   0   2  -2  -2   0   42   0   0   0   0   0   0   0   0   0  27   0  10   0   0   0  20   0   0   0  0.17 0.01
   22 Q    -1   0  -1  -1  -3   5   1  -3   0  -1   1   1   0  -2  -2  -1  -1  -2  -2  -1    0   0   0   0   0  73   0   0   0   0  27   0   0   0   0   0   0   0   0   0  0.40 0.02
   23 V     2  -2  -2  -3  -1  -1  -2  -2  -3   1   0  -2   2  -2  -2   0   2  -3  -2   3   27   0   0   0   0   0   0   0   0   0   0   0  10   0   0   0  20   0   0  42  0.18 0.01
   24 F    -2  -3  -4  -4  -2  -3  -4  -4  -3   2   3  -3   1   4  -4  -3  -2  -1   1   1    0   0   0   0   0   0   0   0   0  19  48   0   0  33   0   0   0   0   0   0  0.37 0.01
   25 N    -2  -1   6   4  -3   0   0  -1   0  -4  -4   0  -3  -4  -2   0   0  -5  -3  -3    0   0  73  27   0   0   0   0   0   0   0   0   0   0   0   0   0   0   0   0  0.69 0.02
   26 M     0  -2  -2  -2  -1  -2  -2  -2  -2   3   1  -2   2  -1  -2   1   0  -3  -2   3    0   0   0   0   0   0   0   0   0  26   0   0  16   0   0  27   0   0   0  31  0.16 0.01
   27 M    -1  -2  -3  -4  -2  -1  -2  -3   0   1   2  -2   6   1  -3  -2  -1   0   4   0    0   0   0   0   0   0   0   0   0   0   0   0  73   0   0   0   0   0  27   0  0.38 0.02
   28 C    -1  -4  -3  -4  10  -4  -4  -3  -4  -2  -2  -4  -2  -3  -3  -1  -1  -3  -3  -1    0   0   0   0 100   0   0   0   0   0   0   0   0   0   0   0   0   0   0   0  1.36 0.03
   29 D    -2  -2   1   7  -4   0   2  -2  -1  -4  -4  -1  -4  -4  -2   0  -1  -5  -4  -4    0   0   0 100   0   0   0   0   0   0   0   0   0   0   0   0   0   0   0   0  1.00 0.02
   30 Q    -1   1   0  -1  -3   6   2  -2   0  -3  -3   1  -1  -4  -2   0  -1  -2  -2  -3    0   0   0   0   0 100   0   0   0   0   0   0   0   0   0   0   0   0   0   0  0.74 0.03
   31 D    -1  -2   1   6  -4  -1   1   3  -2  -4  -4  -1  -3  -4  -2   0  -1  -4  -4  -4    0   0   0  73   0   0   0  27   0   0   0   0   0   0   0   0   0   0   0   0  0.73 0.02
   32 V     0  -3  -2  -3  -1  -2  -3   3  -3   2   0  -2   0  -2  -3  -1  -1  -3  -2   4    0   0   0   0   0   0   0  27   0   0   0   0   0   0   0   0   0   0   0  73  0.26 0.01
   33 Q    -1   1   0  -1  -3   5   1  -2   0  -2  -2   1  -1  -3  -2   0   2  -2  -2  -2    0   0   0   0   0  73   0   0   0   0   0   0   0   0   0   0  27   0   0   0  0.50 0.02
   34 F    -3  -3  -4  -4  -3  -4  -4  -4  -2   0   0  -4   0   7  -4  -3  -3   1   3  -1    0   0   0   0   0   0   0   0   0   0   0   0   0 100   0   0   0   0   0   0  0.83 0.02
   35 F    -1  -3  -2  -3  -2  -2  -2  -2  -1  -1   0  -2   0   6  -3   1  -1   0   2  -1    0   0   0   0   0   0   0   0   0   0   0   0   0  73   0  27   0   0   0   0  0.46 0.02
   36 S     1  -1   2   0  -1   0   0  -1  -1  -2  -3   0  -2  -3  -1   4   3  -3  -2  -1    0   0   9   0   0   0   0   0   0   0   0   0   0   0   0  64  27   0   0   0  0.39 0.01
   37 G     0  -3  -1  -2  -3  -2  -3   6  -2  -4  -4  -2  -3  -4  -3   0  -2  -3  -4  -4    0   0   0   0   0   0   0 100   0   0   0   0   0   0   0   0   0   0   0   0  1.09 0.02
   38 I    -2  -4  -4  -4  -2  -3  -4  -4  -4   5   2  -3   1   0  -3  -3  -1  -3  -2   3    0   0   0   0   0   0   0   0   0 100   0   0   0   0   0   0   0   0   0   0  0.45 0.02
   39 C    -1  -4  -3  -4  10  -4  -4  -3  -4  -2  -2  -4  -2  -3  -3  -1  -1  -3  -3  -1    0   0   0   0 100   0   0   0   0   0   0   0   0   0   0   0   0   0   0   0  1.36 0.03
   40 A     4  -2  -1  -2  -1  -1  -1   0  -2  -1  -2  -1  -1  -3  -1   1   2  -3  -2   0   79   0   0   0   0   0   0   0   0   0   0   0   0   0   0   0  21   0   0   0  0.36 0.01
   41 I    -2  -3  -4  -4  -2  -3  -4  -4  -4   5   2  -3   1   0  -3  -3  -1  -3  -2   3    0   0   0   0   0   0   0   0   0  91   9   0   0   0   0   0   0   0   0   0  0.42 0.02
   42 N    -1  -1   6   1  -2   0  -1  -1   0  -3  -3   0  -2  -3  -2   1   2  -4  -2  -2    0   0  73   0   0   0   0   0   0   0   0   0   0   0   0   0  27   0   0   0  0.56 0.02
   43 Q    -1   1   0  -1  -3   3   1  -2  -1  -2  -2   4  -1  -3  -1   0   2  -3  -2  -2    0   0   0   0   0  26   0   0   0   0   0  47   0   0   0   0  27   0   0   0  0.36 0.01
   44 F    -2  -3  -4  -4  -2  -4  -4  -4  -2   2   1  -4   0   6  -4  -3  -2   0   3   0    0   0   0   0   0   0   0   0   0  27   0   0   0  73   0   0   0   0   0   0  0.55 0.02
   45 I    -1  -3  -4  -4  -1  -3  -3  -4  -4   4   1  -3   1   0  -3  -3  -1  -3  -2   3    0   0   0   0   0   0   0   0   0  73   0   0   0   0   0   0   0   0   0  27  0.40 0.01
   46 P    -1  -3  -2  -2  -3  -2  -1  -3  -3  -3  -3  -1  -3  -4   9  -1  -1  -4  -4  -3    0   0   0   0   0   0   0   0   0   0   0   0   0   0 100   0   0   0   0   0  2.10 0.03
   47 W    -3  -3  -4  -5  -3  -2  -3  -3  -3  -3  -2  -4  -2   1  -4  -3  -3  12   2  -3    0   0   0   0   0   0   0   0   0   0   0   0   0   0   0   0   0 100   0   0  2.49 0.04

                      K         Lambda
Standard Ungapped    0.1435     0.3402
Standard Gapped      0.0410     0.2670
PSI Ungapped         0.1435     0.3402
PSI Gapped           0.0410     0.2670
