
Last position-specific scoring matrix computed, weighted observed percentages rounded down, information per position, and relative weight of gapless real matches to pseudocounts
           A  R  N  D  C  Q  E  G  H  I  L  K  M  F  P  S  T  W  Y  V   A   R   N   D   C   Q   E   G   H   I   L   K   M   F   P   S   T   W   Y   V
    1 M   -1 -2 -3 -4 -2 -1 -3 -3 -2  1  2 -2  8  0 -3 -2 -1 -2 -2  0    0   0   0   0   0   0   0   0   0   0   0   0 100   0   0   0   0   0   0   0  0.72 0.08
    2 T    1 -2 -1 -2 -1 -1 -1 -2 -2  0 -1 -1 -1 -2 -2  1  5 -3 -2  0   19   0   0   0   0   0   0   0   0   7   0   0   0   0   0   5  67   0   0   3  0.40 0.05
    3 T    3 -2  0  2 -1 -1 -1  0 -2 -1 -1 -1 -1 -1 -2  1  2 -3 -2 -1   50   0   2  16   0   0   0   4   0   3   6   0   0   2   0   0  18   0   0   0  0.21 0.03
    4 I    1 -2  0 -1 -1  0 -1 -1 -1  0  0 -1  0  2 -2  2  0 -2  0 -1   16   0   5   0   0   3   0   0   0   5  11   0   2  18   0  39   2   0   0   0  0.14 0.02
    5 N   -2 -2  4  1 -3 -1 -1 -2  1 -2 -2 -1 -1  2 -3  0 -1  0  5 -2    0   0  35   6   0   0   0   0   2   2   2   0   0   9   0   4   2   0  38   0  0.39 0.04
    6 F   -2 -3 -3 -4 -2 -3 -3 -4 -3  1  4 -3  2  3 -3 -2 -1 -1  0  0    0   0   0   0   0   0   0   0   0   0  79   0   0  16   0   5   0   0   0   0  0.42 0.04
    7 P   -1 -3 -3 -2 -3 -2 -2 -3 -3 -3 -4 -2 -3 -4  8 -1 -2 -4 -4 -3    0   0   0   0   0   0   0   0   0   0   0   0   0   0 100   0   0   0   0   0  2.21 0.07
    8 S    1 -1  0 -1 -1 -1 -1 -1 -1 -3 -3 -1 -2 -2 -1  5  1  4 -2 -2    3   0   0   0   0   0   0   0   0   0   0   0   0   0   0  89   0   8   0   0  0.54 0.06
    9 L   -2 -3 -4 -4 -2 -3 -4 -4 -4  5  2 -3  1  1 -3 -3 -1 -3 -1  3    0   0   0   0   0   0   0   0   0  85   6   0   0   4   0   0   0   0   0   6  0.48 0.05
   10 F   -2 -3 -3 -4 -2 -3 -3 -4 -2  1  3 -3  1  5 -3 -2 -2 -1  1  0    0   0   0   0   0   0   0   0   0   0  52   0   0  43   0   5   0   0   0   0  0.44 0.04
   11 V   -1 -3 -3 -4 -1 -3 -3 -4 -4  3  1 -3  1 -1 -3 -2  0 -3 -2  5    0   0   0   0   0   0   0   0   0   8   0   0   0   0   0   0   0   0   0  92  0.48 0.05
   12 P   -1 -3 -2 -2 -3 -2 -2 -3 -3 -3 -3 -1 -3 -4  8 -1 -1 -4 -4 -3    0   0   0   0   0   0   0   0   0   0   0   0   0   0  97   0   3   0   0   0  2.10 0.07
   13 L   -2 -3 -4 -4 -2 -2 -3 -4 -3  2  4 -3  3  1 -3 -3 -1 -2 -1  1    0   0   0   0   0   0   0   0   0   7  82   0   8   4   0   0   0   0   0   0  0.48 0.04
   14 V   -1 -3 -3 -4 -1 -3 -3 -4 -4  3  1 -3  1 -1 -3 -2  0 -3 -2  5    0   0   0   0   0   0   0   0   0   9   0   0   0   0   0   0   0   0   0  91  0.48 0.05
   15 G    0 -3 -1 -2 -3 -2 -3  6 -3 -4 -4 -2 -3 -4 -3 -1 -2 -3 -4 -4    0   0   0   0   0   0   0 100   0   0   0   0   0   0   0   0   0   0   0   0  1.20 0.06
   16 L   -2 -3 -4 -4 -2 -3 -3 -4 -3  2  4 -3  2  0 -3 -3 -2  4 -1  1    0   0   0   0   0   0   0   0   0  13  79   0   0   0   0   0   0   8   0   0  0.50 0.04
   17 I   -1 -3 -3 -4 -1 -3 -3 -4 -3  3  2 -3  1  0 -3 -2 -1 -3 -1  4    0   0   0   0   0   0   0   0   0  27  15   0   2   3   0   0   0   0   0  53  0.36 0.03
   18 F   -3 -3 -4 -4 -3 -4 -4 -4 -2  0  1 -4  0  7 -4 -3 -3  1  3 -1    0   0   0   0   0   0   0   0   0   0   8   0   0  92   0   0   0   0   0   0  0.89 0.06
   19 P   -1 -3 -3 -2 -3 -2 -2 -3 -3 -3 -4 -2 -3 -4  8 -1 -2 -4 -4 -3    0   0   0   0   0   0   0   0   0   0   0   0   0   0 100   0   0   0   0   0  2.21 0.07
   20 A    5 -2 -2 -2 -1 -1 -1  2 -2 -2 -2 -1 -1 -3 -1  1  0 -3 -2 -1   90   0   0   0   0   0   0  10   0   0   0   0   0   0   0   0   0   0   0   0  0.49 0.05
   21 I   -1 -3 -4 -4 -2 -3 -3 -4 -3  4  2 -3  2  1 -3 -3 -1 -2 -1  3    0   0   0   0   0   0   0   0   0  60   9   0   6   7   0   0   0   0   0  17  0.37 0.03
   22 A    4 -2 -1 -2 -1 -1 -1  0 -2 -2 -2 -1 -1 -3 -1  2  3 -3 -2 -1   60   0   0   0   0   0   0   3   0   0   0   0   0   0   0   7  29   0   0   0  0.36 0.04
   23 M   -1 -2 -3 -4 -2 -1 -3 -3 -2  1  2 -2  8  0 -3 -2 -1 -2 -2  0    0   0   0   0   0   0   0   0   0   4   3   0  93   0   0   0   0   0   0   0  0.65 0.08
   24 A    4 -2 -2 -2 -1 -1 -1  1 -2 -1 -2 -1 -1 -3 -1  1  0 -3 -2  1   78   0   0   0   0   0   0   8   0   0   0   0   0   0   0   0   3   0   0  10  0.37 0.04
   25 S    0 -1  0 -1 -1 -1 -1 -1 -2 -1  1 -1  0  0 -2  4  1 -2 -1 -1    0   0   0   0   0   0   0   0   0   0  23   0   0   7   0  70   0   0   0   0  0.27 0.04
   26 L    0 -2 -3 -4 -2 -2 -3 -3 -3  1  4 -3  2  1 -3 -1 -1 -2 -1  0    7   0   0   0   0   0   0   0   0   0  82   0   2   4   0   5   0   0   0   0  0.39 0.04
   27 F   -2 -3 -2 -3 -2 -3 -3 -3 -2 -1  0 -3 -1  7 -3  1 -1  0  2 -1    0   0   0   0   0   0   0   0   0   0   0   0   0  79   0  21   0   0   0   0  0.63 0.05
   28 L   -2 -3 -4 -4 -2 -3 -3 -4 -3  3  4 -3  2  1 -3 -3 -1 -2 -1  1    0   0   0   0   0   0   0   0   0  35  62   0   0   3   0   0   0   0   0   0  0.44 0.03
   29 Y   -2 -1 -1 -2 -3 -1 -1 -3  7 -3 -2 -2 -2  1 -3 -2 -2  0  6 -3    0   0   0   0   0   0   0   0  49   0   0   0   0   0   0   0   0   0  51   0  0.87 0.06
   30 V   -1 -3 -3 -3 -1 -3 -3 -4 -4  4  1 -3  1 -1 -3 -2 -1 -3 -2  4    0   0   0   0   0   0   0   0   0  54   2   0   0   0   0   4   0   0   0  40  0.39 0.04
   31 Q   -1  0  0  1 -4  5  4 -2  0 -4 -3  1 -2 -4 -2  0 -1 -3 -2 -3    0   0   0   0   0  49  51   0   0   0   0   0   0   0   0   0   0   0   0   0  0.71 0.05
   32 K   -1  3  1 -1 -3  3  1 -2 -1 -3 -3  4 -2 -3 -1  0 -1 -3 -2 -3    0  12   4   0   0  17   5   0   0   0   0  54   0   0   0   8   0   0   0   0  0.45 0.03
   33 N   -2 -1  5  4 -4  1  2 -1  0 -4 -4  0 -3 -4 -2  0 -1 -4 -3 -3    0   0  47  29   0   4  20   0   0   0   0   0   0   0   0   0   0   0   0   0  0.61 0.04
   34 K   -1  1  1  1 -4  2  3 -2 -1 -3 -3  4 -2 -4 -1  0  0 -3 -2 -3    0   0   4   4   0  12  26   0   0   0   0  50   0   0   0   0   4   0   0   0  0.45 0.03
   35 I   -2 -3 -3 -4 -2 -3 -4 -4 -4  5  1 -3  1 -1 -3 -2  0 -3 -2  3    0   0   0   0   0   0   0   0   0  89   0   0   0   0   0   0   5   0   0   5  0.47 0.05
   36 V   -1 -3 -3 -4 -1 -3 -3 -4 -3  3  2 -3  1 -1 -3 -2  0 -3 -1  4    0   0   0   0   0   0   0   0   0  12  16   0   0   0   0   0   0   0   0  72  0.35 0.01

                      K         Lambda
Standard Ungapped    0.1462     0.3345
Standard Gapped      0.0479     0.2670
PSI Ungapped         0.1564     0.3170
PSI Gapped           0.0479     0.2670
