
Last position-specific scoring matrix computed, weighted observed percentages rounded down, information per position, and relative weight of gapless real matches to pseudocounts
            A   R   N   D   C   Q   E   G   H   I   L   K   M   F   P   S   T   W   Y   V   A   R   N   D   C   Q   E   G   H   I   L   K   M   F   P   S   T   W   Y   V
    1 S     0  -2   0  -1  -2  -1  -1  -1  -2  -3  -3  -1  -2  -3   1   5   1  -4  -3  -2    0   0   0   0   0   0   0   0   0   0   0   0   0   0   5  95   0   0   0   0  0.77 0.14
    2 D    -3  -2   2   7  -4  -1   1  -2  -2  -4  -5  -1  -4  -4  -2  -1  -2  -5  -4  -4    0   0   7  89   0   0   4   0   0   0   0   0   0   0   0   0   0   0   0   0  1.30 0.18
    3 G     0  -3  -1  -1  -3  -2  -3   6  -3  -4  -4  -2  -3  -4  -3   0  -2  -3  -4  -4    5   0   0   2   0   0   0  87   0   0   0   0   0   0   0   6   0   0   0   0  1.21 0.16
    4 R    -2   7  -2  -3  -4   0  -1  -1  -1  -4  -3   1   2  -4  -3  -2  -2  -4  -3  -3    0  86   0   0   0   0   0   6   0   0   0   0   8   0   0   0   0   0   0   0  1.10 0.20
    5 N    -3  -1   7   1  -4  -1  -1  -2  -1  -4  -4   1  -3  -4  -3   0  -1  -5  -3  -4    0   0  85   5   0   0   0   0   0   0   0  10   0   0   0   0   0   0   0   0  1.17 0.20
    6 D     4  -2  -2   0  -1  -1  -1  -1  -2  -2  -2  -1  -2  -3  -2   0   2  -3  -3   0   67   0   0   7   0   0   3   0   0   0   0   0   0   0   0   0  16   0   0   6  0.46 0.13
    7 A     6  -2  -2  -3  -1  -2  -2  -1  -3  -2  -3  -2  -2  -3  -2   1  -1  -4  -3  -1   97   0   0   0   0   0   0   0   0   0   0   0   0   0   0   3   0   0   0   0  0.89 0.19
    8 A     5  -2  -3  -3  -1  -2  -2  -1  -3  -2  -2  -2   0   0  -2   0  -1  -3  -2  -1   93   0   0   0   0   0   0   0   0   0   0   0   3   4   0   0   0   0   0   0  0.79 0.18
    9 K    -1   1   3  -1  -3   0   1  -2  -1  -3  -3   5  -2  -3  -1  -1  -1  -3  -2  -3    1   3  17   1   0   1   8   1   0   1   1  62   0   1   1   1   1   0   0   1  0.54 0.11
   10 A     5  -2  -2   0  -1  -1  -1  -1  -2  -2  -2  -1  -1  -2  -1   0   0  -3  -2   0   75   1   1   7   0   1   1   1   0   1   1   1   0   1   1   1   4   0   0   4  0.47 0.11
   11 F     0  -2  -1  -2  -2  -1  -1  -2  -2  -3  -2   0  -2   2   1   4   2  -3  -1  -2    0   0   0   0   0   0   0   0   0   0   0   6   0  15   6  62  12   0   0   0  0.46 0.14
   12 D    -1  -1   1   6  -4  -1   1   1   0  -4  -4  -1  -3  -4  -2  -1  -2  -5  -3  -4    6   4   2  68   0   0   2  13   3   0   0   2   0   0   0   0   0   0   0   0  0.83 0.14
   13 L    -2  -1  -3  -4  -2  -2  -3  -4  -3   1   4  -3   2  -1  -3   0  -1  -3  -2   1    0   3   0   0   0   0   0   0   0   0  79   0   4   0   0  10   0   0   0   5  0.55 0.13
   14 I    -1  -3  -1  -2  -2  -3  -3  -4  -3   5   1  -3   4  -1  -3  -2  -1  -3  -2   2    3   0   5   3   0   0   0   0   0  56   3   0  17   0   0   0   0   0   0  13  0.46 0.12
   15 S     4  -2  -2  -2  -1  -1  -1   1  -2  -2  -1  -1  -1  -3  -2   1   1  -3  -2  -1   64   0   0   0   0   0   3   7   0   0   6   0   0   0   0  11   9   0   0   0  0.43 0.12
   16 S    -2   0  -3  -4  -2  -1  -3  -4  -3   1   4  -2   3  -1  -1  -2  -2  -3  -2   0    0   8   0   0   0   2   0   0   0   0  76   0   9   0   3   2   0   0   0   0  0.54 0.13
   17 T     2  -2   0  -2  -2  -1  -2  -2  -2   0  -2  -1  -1  -3   1   0   5  -3  -2  -1   26   0   4   0   0   0   0   0   0   5   1   0   0   0   5   0  57   0   0   0  0.46 0.12
   18 V     1  -3  -2   0  -1  -2  -2  -3  -3   2   1  -2   1  -1  -2  -1  -1  -3  -2   3   16   0   0   8   0   0   0   0   0  18  11   0   2   0   0   0   0   0   0  41  0.24 0.07
   19 K    -2   6  -1  -2  -4   0  -1  -3  -1  -4  -3   3  -2  -4  -3  -2  -2  -4  -3  -4    0  76   0   0   0   0   0   0   0   0   0  24   0   0   0   0   0   0   0   0  1.11 0.18
   20 K    -1   3   1   2  -2   1   0   0   0  -2  -1   1  -1  -2  -1   0  -1  -1  -1  -1    3  22   6  18   1  10   3   6   1   2   4   7   1   2   2   3   3   1   1   3  0.17 0.02
   21 G    -1  -2   1   2  -3  -1   1   5  -2  -4  -4  -2  -3  -4  -1  -1  -1  -3  -3  -3    0   0   7  13   0   0  10  61   0   0   0   0   0   0   3   0   4   0   0   0  0.72 0.11
   22 C    -2  -5  -4  -5  10  -4  -5  -4  -4  -3  -3  -5  -3   0  -4  -2  -2  -3  -3  -2    0   0   0   0  95   0   0   0   0   0   0   0   0   5   0   0   0   0   0   0  2.27 0.28
   23 C    -2  -5  -4  -5  11  -4  -5  -4  -5  -3  -3  -5  -3  -4  -4  -2  -2  -4  -4  -2    0   0   0   0 100   0   0   0   0   0   0   0   0   0   0   0   0   0   0   0  2.50 0.29
   24 S     1  -2   1   0  -2  -1  -1  -1   1  -3  -3  -1  -2  -3   2   5   0  -4  -1  -3    6   0   4   2   0   0   0   0   5   0   0   0   0   0  10  69   2   0   2   0  0.58 0.14
   25 H    -2   1   4   3  -3  -1   0  -2   4  -1  -3  -1  -2  -2  -3  -1  -1  -3   2  -1    0   9  29  24   0   0   0   0  19   6   0   0   0   0   0   0   0   0   8   4  0.44 0.11
   26 P    -1  -1  -3  -3  -4  -2  -2  -3  -3  -2  -4  -2  -3  -5   8  -2  -2  -5  -4  -3    4   3   0   0   0   0   0   0   0   3   0   0   0   0  90   0   0   0   0   0  2.11 0.22
   27 A     2   0  -2  -2  -2  -1  -1   0  -2  -2  -2  -1  -2  -1   5   1   1  -3  -2   0   30   4   0   0   0   0   3   4   0   0   0   0   0   3  32  10   7   0   0   7  0.51 0.09
   28 C    -2  -5  -4  -5  11  -4  -5  -4  -5  -3  -3  -5  -3  -4  -4  -2  -2  -4  -4  -2    0   0   0   0 100   0   0   0   0   0   0   0   0   0   0   0   0   0   0   0  2.50 0.29
   29 A     0   3   2  -1  -3   0  -1  -2   2  -1  -2   1   0   0  -2   0  -1   4   0  -2    8  27  13   0   0   0   0   0   6   7   0  10   3   6   0   9   2   7   1   0  0.22 0.07
   30 G     1  -2   0  -2  -2   0  -1   0   1   1   1  -2   1   0  -2   0  -1  -2  -1   2   20   0   5   0   0   4   3   8   4   3  16   0   7   3   0   4   0   0   1  22  0.07 0.04
   31 N    -1  -1   4   1  -3   1   1  -1   1  -2  -3   1  -2  -3  -2   2   0  -4  -2  -3    0   0  41   6   0   3   8   3   3   2   0  13   0   0   0  16   4   0   0   0  0.43 0.09
   32 N    -3  -1   6   0  -4  -1  -1  -2   6  -4  -4  -1  -3  -2  -3  -1  -2  -3   3  -4    0   0  60   0   0   0   0   0  28   0   0   0   0   0   0   0   0   0  12   0  0.98 0.18
   33 Q    -1  -2  -2  -2  -4   1  -1  -2  -3  -4  -4   0  -3  -5   7  -1  -2  -4  -4  -3    3   0   0   0   0   9   0   2   0   0   0   7   0   0  75   4   0   0   0   0  1.64 0.19
   34 H    -1  -1   2   4  -4   1   3  -1   4  -4  -3  -1  -3  -3  -2  -1  -1  -3  -1  -3    5   0  10  32   0   5  27   2  14   0   0   0   0   0   0   0   0   0   2   0  0.52 0.10
   35 I    -1  -3  -3  -4  -2  -2  -3  -4  -2   3   3  -3   1   1  -3  -2  -1  -1   2   1    3   0   0   0   0   2   0   0   0  28  44   0   0   2   0   3   0   0  12   5  0.34 0.08
   36 C    -2  -5  -4  -5  10  -4  -5  -4  -5  -3  -3  -5  -3  -4  -4  -2  -2  -4  -4  -2    0   0   0   0 100   0   0   0   0   0   0   0   0   0   0   0   0   0   0   0  2.49 0.29
   37 G    -1  -1   0   1  -3  -2  -2   6  -2  -4  -4  -2  -3  -4  -1  -1  -2  -3  -2  -4    0   3   2  11   0   0   0  77   0   0   0   0   0   0   2   2   0   0   2   0  0.99 0.15
   38 R    -1   4  -1  -2  -3  -1  -2   4  -2  -4  -3   0  -2  -2  -3  -1  -1   6  -2  -3    0  33   0   0   0   0   0  43   0   0   0   0   0   0   0   4   4  17   0   0  0.71 0.11
   39 R    -2   6  -1  -2  -4   0  -1   0  -1  -4  -3   3  -2  -4  -3  -1  -2  -3  -3  -3    0  79   0   0   0   0   0   7   0   0   0  14   0   0   0   0   0   0   0   0  0.91 0.13
   40 R    -2   7  -1  -2  -4   0  -1  -3  -1  -4  -3   2  -2  -4  -3  -1  -2  -3  -2  -3    0 100   0   0   0   0   0   0   0   0   0   0   0   0   0   0   0   0   0   0  1.14 0.12

                      K         Lambda
Standard Ungapped    0.1322     0.3209
Standard Gapped      0.0430     0.2670
PSI Ungapped         0.1404     0.3166
PSI Gapped           0.0430     0.2670
