
Last position-specific scoring matrix computed, weighted observed percentages rounded down, information per position, and relative weight of gapless real matches to pseudocounts
           A  R  N  D  C  Q  E  G  H  I  L  K  M  F  P  S  T  W  Y  V   A   R   N   D   C   Q   E   G   H   I   L   K   M   F   P   S   T   W   Y   V
    1 M   -2 -3 -4 -4 -2 -3 -3 -4 -3  3  4 -3  2  0 -3 -3 -1  5 -1  1    0   0   0   0   0   0   0   0   0  24  58   0   5   0   0   0   0  12   0   0  0.45 0.03
    2 E   -1  0 -1  1 -4  2  6 -3  0 -4 -4  1 -3 -4 -2 -1 -1 -4 -3 -3    0   0   0   0   0   0 100   0   0   0   0   0   0   0   0   0   0   0   0   0  0.91 0.06
    3 L   -1 -3 -4 -4 -1 -3 -3 -4 -4  3  3 -3  1  0 -3 -2 -1 -3 -1  3    0   0   0   0   0   0   0   0   0  19  39   0   0   0   0   0   0   0   0  42  0.37 0.03
    4 L   -1 -3 -4 -4 -1 -3 -3 -4 -4  4  2 -3  1  0 -3 -3 -1 -3 -2  3    0   0   0   0   0   0   0   0   0  62  15   0   0   0   0   0   0   0   0  23  0.42 0.03
    5 I    2 -2 -3 -3 -1 -2 -2 -2 -2  1  1 -2  0  3 -2 -1  0 -2  0  2   36   0   0   0   0   0   0   0   0   9   7   0   0  20   0   0   4   0   0  24  0.17 0.02
    6 Q   -1  1  0 -1 -4  7  2 -2  0 -4 -3  1 -1 -4 -2 -1 -1 -3 -2 -3    0   0   0   0   0 100   0   0   0   0   0   0   0   0   0   0   0   0   0   0  0.90 0.07
    7 L   -2 -3 -4 -4 -2 -3 -3 -4 -3  1  5 -3  2  0 -3 -3 -2 -2 -1  1    0   0   0   0   0   0   0   0   0   0 100   0   0   0   0   0   0   0   0   0  0.58 0.05
    8 T    1 -2 -1 -2 -2 -1 -2  3 -2 -1 -1 -1 -1 -2 -2  1  4 -3 -2 -1    8   0   0   0   0   0   0  30   0   4   5   0   0   0   0   0  53   0   0   0  0.35 0.03
    9 S    2 -2  0 -1 -1 -1 -1 -1 -2 -1 -2 -1 -1  0 -1  4  1 -3 -1  1   15   0   0   0   0   0   0   0   0   0   0   0   0   5   0  63   0   0   0  17  0.28 0.04
   10 L   -2 -3 -4 -4 -2 -3 -3 -4 -3  2  4 -3  2  0 -3 -3 -1 -2 -1  2    0   0   0   0   0   0   0   0   0   7  83   0   0   0   0   0   0   0   0  10  0.48 0.04
   11 L    3 -2 -2 -2 -1 -1 -2 -1 -2  1  1 -1  0 -1 -2  0  2 -3 -2  1   47   0   0   0   0   0   0   0   0   8  20   0   0   0   0   0  20   0   0   5  0.19 0.02
   12 L   -2 -3 -4 -4 -2 -3 -3 -4 -3  1  4 -3  2  2 -3 -2 -1 -2  0  0    0   0   0   0   0   0   0   0   0   0  84   0   0  11   0   5   0   0   0   0  0.44 0.04
   13 I   -2 -4 -4 -4 -2 -3 -4 -4 -4  5  1 -3  1 -1 -3 -3 -1 -3 -2  3    0   0   0   0   0   0   0   0   0  88   0   0   0   0   0   0   0   0   0  12  0.51 0.05
   14 V    0 -2 -2 -3 -1 -2 -2 -3 -3  3  1 -2  0 -1 -2  0  2 -3 -2  3    0   0   0   0   0   0   0   0   0  16   5   0   0   0   0   4  26   0   0  49  0.26 0.03
   15 I    2 -3 -3 -3 -1 -2 -2 -1 -3  3  2 -2  1 -1 -2 -1 -1 -3 -2  2   27   0   0   0   0   0   0   4   0  26  19   0   0   0   0   0   0   0   0  25  0.19 0.02
   16 A    4 -1 -1 -1 -1 -1 -1  0 -2 -2 -1 -1 -1 -3 -1  3  1 -3 -2 -1   54   0   0   0   0   0   0   0   0   0   4   0   0   0   0  36   6   0   0   0  0.35 0.03
   17 G    0 -3 -1 -2 -3 -2 -3  6 -3 -4 -4 -2 -3 -4 -3 -1 -2 -3 -4 -4    0   0   0   0   0   0   0 100   0   0   0   0   0   0   0   0   0   0   0   0  1.20 0.05
   18 P   -1 -3 -3 -2 -4 -2 -2 -3 -3 -3 -4 -2 -3 -4  8 -1 -2 -4 -4 -3    0   0   0   0   0   0   0   0   0   0   0   0   0   0 100   0   0   0   0   0  2.20 0.07
   19 L    0 -3 -4 -4 -1 -2 -3 -4 -3  2  4 -3  2  0 -3 -2 -1 -2 -1  1    8   0   0   0   0   0   0   0   0  11  75   0   0   0   0   0   0   0   0   5  0.39 0.03
   20 V   -1 -3 -4 -4 -1 -3 -3 -4 -4  4  1 -3  1 -1 -3 -2  0 -3 -2  4    0   0   0   0   0   0   0   0   0  27   0   0   0   0   0   0   0   0   0  73  0.44 0.04
   21 I   -1 -3 -4 -4 -2 -3 -4 -4 -4  5  1 -3  1 -1 -3 -3 -1 -3 -2  3    0   0   0   0   0   0   0   0   0  81   0   0   0   0   0   0   0   0   0  19  0.49 0.04
   22 A    3 -2 -2 -3 -1 -2 -2  2 -2  0 -1 -2 -1  2 -2  0 -1 -2 -1  2   42   0   0   0   0   0   0  17   0   0   0   0   0  14   0   0   0   0   0  27  0.19 0.02
   23 L   -2 -3 -4 -4 -2 -3 -3 -4 -3  2  4 -3  2  1 -3 -3 -1 -2 -1  1    0   0   0   0   0   0   0   0   0   6  85   0   0   4   0   0   0   0   0   5  0.48 0.04
   24 L   -2 -3 -4 -4 -2 -3 -3 -4 -3  2  4 -3  2  0 -3 -2 -1 -2 -1  1    0   0   0   0   0   0   0   0   0   6  90   0   0   0   0   4   0   0   0   0  0.49 0.04
   25 F    3 -2 -2 -2 -1 -2 -2 -1 -2 -1 -1 -2 -1  4 -2  1  0 -1  1 -1   50   0   0   0   0   0   0   0   0   0   0   0   0  33   0  16   0   0   0   0  0.28 0.03
   26 L    1 -2 -3 -3 -1 -2 -2 -2 -3  2  2 -2  1  2 -3 -1 -1 -2  0  2   21   0   0   0   0   0   0   0   0  15  26   0   0  16   0   5   0   0   0  17  0.17 0.01
   27 K   -2  6  1 -1 -4  1  0 -2 -1 -4 -3  3 -2 -3 -2 -1 -1 -3 -2 -3    0  69   7   0   0   0   0   0   0   0   0  24   0   0   0   0   0   0   0   0  0.68 0.04
   28 Q   -1  1  2  0 -3  4  2  1  0 -3 -3  4 -2 -4 -2  0 -1 -3 -2 -3    0   0  10   0   0  31   7  10   0   0   0  42   0   0   0   0   0   0   0   0  0.42 0.03
   29 G    0 -3 -1 -2 -3 -2 -3  6 -3 -4 -4 -2 -3 -4 -3 -1 -2 -3 -4 -4    0   0   0   0   0   0   0 100   0   0   0   0   0   0   0   0   0   0   0   0  1.20 0.05
   30 N   -2 -1  7  1 -3  0 -1 -1  0 -4 -4 -1 -3 -4 -3  0  0 -5 -3 -4    0   0 100   0   0   0   0   0   0   0   0   0   0   0   0   0   0   0   0   0  0.96 0.07
   31 L   -2 -3 -4 -4 -2 -3 -3 -4 -3  1  5 -3  2  0 -3 -3 -2 -2 -1  1    0   0   0   0   0   0   0   0   0   0 100   0   0   0   0   0   0   0   0   0  0.58 0.05

                      K         Lambda
Standard Ungapped    0.1534     0.3340
Standard Gapped      0.0410     0.2670
PSI Ungapped         0.1534     0.3340
PSI Gapped           0.0410     0.2670
