
Last position-specific scoring matrix computed, weighted observed percentages rounded down, information per position, and relative weight of gapless real matches to pseudocounts
            A   R   N   D   C   Q   E   G   H   I   L   K   M   F   P   S   T   W   Y   V   A   R   N   D   C   Q   E   G   H   I   L   K   M   F   P   S   T   W   Y   V
    1 V    -1  -5  -5  -5  -3  -4  -5  -5  -5   7   1  -4   0  -2  -4  -4  -2  -4  -3   2    4   0   0   0   0   0   0   0   0  80   5   0   0   0   0   0   0   0   0  12  1.06 0.25
    2 I    -1  -4  -5  -5  -2  -4  -4  -5  -4   5   1  -4   0   0  -4  -3  -2  -4  -2   4    3   0   0   0   0   0   0   0   0  43  10   0   0   3   0   0   0   0   0  40  0.74 0.19
    3 G    -2  -3   1  -1  -4  -1  -1   6   0  -5  -5  -1  -4  -5  -4  -2  -3  -4  -4  -5    0   0   7   3   0   3   4  78   3   0   0   3   0   0   0   0   0   0   0   0  1.25 0.25
    4 G    -1  -4  -2  -3  -5  -4  -4   7  -4  -6  -6  -4  -5  -5  -4  -2  -4  -5  -5  -5    3   0   0   0   0   0   0  97   0   0   0   0   0   0   0   0   0   0   0   0  1.91 0.34
    5 Q    -1   1  -1  -2   0   1   1  -2   1  -3  -2   0  -1   2  -3   1   0   6   3  -3    1  10   2   0   3   9   9   2   3   0   0   5   2  13   0  11   5  11  13   0  0.32 0.12
    6 E    -2   0   2   2  -4   2   5  -3  -1  -4  -4   1  -3  -4   1  -1  -1  -4  -3  -1    0   2  14  10   0   8  44   0   0   0   0   9   0   0   6   0   4   0   0   5  0.58 0.17
    7 C     1  -5  -4  -5  10  -4  -5  -4  -5  -3  -3  -4  -3  -4  -4   0  -2  -5  -4   1   12   0   0   0  71   0   0   0   0   0   0   0   0   0   0   6   0   0   0  11  1.89 0.34
    8 A     0   1  -1   1   0   1   4  -2   0  -2  -3   2  -2  -2  -1   0  -1  -4  -3  -2    9   5   0   9   3   4  36   2   1   3   1  14   0   1   2   7   2   0   0   2  0.31 0.11
    9 R    -2   3  -2  -2  -4   0   1  -3  -2  -4  -3   4   0  -4   5  -2  -1  -4  -3  -3    0  15   0   0   0   2  10   0   0   0   0  36   3   0  29   0   3   0   0   0  0.78 0.19
   10 D    -2  -2   4   0  -4  -2  -2   3   7  -5  -5  -2  -4  -4  -4  -1  -1  -4  -2  -4    0   0  28   3   0   0   0  26  37   0   0   0   0   0   0   2   2   0   0   0  0.98 0.24
   11 S     0  -3  -1   0   1   0   0  -2  -3  -4  -4  -2  -3  -4  -3   6   0  -5  -4  -3    4   0   0   4   3   3   5   0   0   0   0   0   0   0   0  80   2   0   0   0  0.97 0.28
   12 H    -3   1  -2  -3   2   6  -1  -4   4  -4  -4  -1  -2  -3  -4  -2  -3   7   1  -2    0   7   0   0   5  54   0   0  11   0   0   1   0   0   0   0   0  15   4   3  1.07 0.28
   13 P    -3  -5  -4  -4  -5  -4  -3  -5  -5  -5  -5  -3  -5  -6   9  -3  -3  -6  -5  -5    0   0   0   0   0   0   0   0   0   0   0   0   0   0 100   0   0   0   0   0  2.90 0.43
   14 W    -5  -5  -6  -7  -5  -5  -6  -5  -4  -5  -4  -6  -4   1  -6  -5  -5  12   3  -5    0   0   0   0   0   0   0   0   0   0   0   0   0   5   0   0   0  88   7   0  3.65 0.51
   15 Q    -3  -1  -2  -3  -5   8   0  -4   3  -4  -3  -1   2  -5  -4  -2  -1  -4  -3  -1    0   0   0   0   0  80   0   0   6   0   0   0   7   0   0   0   3   0   0   4  1.42 0.35
   16 A     3  -4  -4  -4  -2  -3  -3  -3  -4   0  -1  -3  -1  -3  -3  -2  -1  -4  -3   5   37   0   0   0   0   0   0   0   0   0   0   0   0   0   0   0   2   0   0  59  0.76 0.24
   17 A     5  -3  -2  -3  -2  -2  -2   1  -3  -3  -1  -2  -2  -4  -2   3  -1  -4  -3  -2   59   0   0   0   0   0   0   8   0   0   6   0   0   0   0  27   0   0   0   0  0.69 0.22
   18 V    -3  -4  -5  -5  -3  -4  -4  -5  -5   2   5  -4   0  -1  -4  -4  -2  -3  -3   3    0   0   0   0   0   0   0   0   0   6  68   0   0   0   0   0   0   0   0  26  0.86 0.22
   19 Y    -2   1  -1  -3  -3   2  -2  -4  -1  -1   0   0   0   4  -4  -2  -2  -1   5  -1    2   7   3   0   0  12   0   0   0   3  11   7   2  17   0   0   2   0  32   2  0.46 0.16
   20 H    -1   2   0  -1  -3   1   0  -2   3  -2  -1   0   0   1  -3   1   0  -2   3  -2    4  18   5   1   0   9   4   0  11   0   5   1   2   5   0  12   4   0  15   2  0.22 0.10
   21 F    -1   0   2   0  -3   0   0   3   1  -3  -1   0  -2   2  -1   0  -1  -2   1  -3    0   6  14   3   0   4   4  24   4   0   5   4   0  15   3   5   2   0   6   0  0.19 0.08
   22 S    -1  -1   3   0  -3   0   0   3   0  -3  -3   0  -3  -3  -3   1   1  -3  -1  -3    1   2  21   3   0   5   5  31   2   0   3   3   0   0   0  12  11   0   3   0  0.38 0.12
   23 D    -1   3  -1   1  -4   2   2  -1   3  -3  -3   2  -2  -4  -2   0   0   0  -2  -2    2  23   0   6   0  10  13   4   9   0   0  15   0   0   0   7   7   1   0   4  0.33 0.11
   24 I    -2  -3  -3  -4  -3  -2  -3  -4   6   0   2  -2  -1   4  -3  -3  -1  -1   4  -2    3   0   0   0   0   0   0   0  24   3  27   2   0  20   1   0   4   0  15   0  0.56 0.18
   25 E    -2  -1  -2  -3  -3   2  -1  -4   4   2   2  -1   0   3  -3  -2  -2  -2   1   1    1   2   2   0   0  14   2   0  13  14  25   2   0  15   0   0   0   0   2   8  0.25 0.11
   26 C    -3  -6  -5  -6  11  -6  -6  -5  -6  -4  -4  -6  -4  -5  -6  -3  -3  -5  -5  -3    0   0   0   0 100   0   0   0   0   0   0   0   0   0   0   0   0   0   0   0  3.28 0.49
   27 G    -1  -4  -2  -3  -4  -4  -4   7  -4  -6  -6  -3  -5  -5  -4  -1  -3  -5  -5  -5    3   0   0   0   0   0   0  93   0   0   0   0   0   0   0   4   0   0   0   0  1.75 0.31
   28 G     1  -4  -2  -3  -4  -4  -4   7  -4  -5  -5  -3  -4  -5  -4  -2  -3  -4  -5  -5   12   0   0   0   0   0   0  88   0   0   0   0   0   0   0   0   0   0   0   0  1.62 0.30
   29 V     0  -3  -3  -4  -2  -3  -3  -3  -4   1  -1  -3  -1  -3  -3   1   2  -4  -3   5    7   0   0   0   0   0   0   0   0   4   0   0   0   0   0  14  16   0   0  59  0.60 0.21
   30 L    -3  -4  -5  -6  -3  -4  -5  -6  -5   2   6  -4   0  -1  -5  -4  -3  -3  -3  -1    0   0   0   0   0   0   0   0   0   9  91   0   0   0   0   0   0   0   0   0  1.17 0.27
   31 V    -2  -4  -5  -5  -2  -4  -4  -5  -5   5   2  -4   0  -2  -4  -3  -2  -4  -3   4    0   0   0   0   0   0   0   0   0  35  21   0   0   0   0   0   0   0   0  44  0.80 0.20

                      K         Lambda
Standard Ungapped    0.1406     0.3238
Standard Gapped      0.0498     0.2670
PSI Ungapped         0.1628     0.3200
PSI Gapped           0.0498     0.2670
