
Last position-specific scoring matrix computed, weighted observed percentages rounded down, information per position, and relative weight of gapless real matches to pseudocounts
            A   R   N   D   C   Q   E   G   H   I   L   K   M   F   P   S   T   W   Y   V   A   R   N   D   C   Q   E   G   H   I   L   K   M   F   P   S   T   W   Y   V
    1 M    -1  -2  -3  -4  -2  -1  -3  -3  -2   1   2  -2   8   0  -3  -2  -1  -2  -1   0    0   0   0   0   0   0   0   0   0   0   0   0 100   0   0   0   0   0   0   0  0.62 0.06
    2 S     2  -1   3  -1  -1  -1  -1  -1  -1  -2  -2  -1  -1   0  -2   2   1  -3  -1  -1   25   0  22   0   0   0   0   0   0   0   0   0   0   9   0  28  12   0   0   4  0.22 0.02
    3 E     1  -1   2   2  -2   0   1   1  -1  -2  -3  -1  -2  -3  -1   2   2  -3  -2  -2   12   0  10  13   0   0  14  12   0   0   0   0   0   0   0  16  23   0   0   0  0.26 0.01
    4 G     0  -1  -1  -1  -2   0   0   2  -2  -1  -2  -1  -1   0   0   1   3  -3  -1   0    0   0   0   0   0   4   9  16   0   0   0   0   0   6   3   7  48   0   0   7  0.22 0.02
    5 G     0  -3  -1  -2  -3  -2  -3   6  -3  -4  -4  -2  -3  -4  -3  -1  -1  -3  -4  -4    2   0   0   0   0   0   0  95   0   0   0   0   0   0   0   0   3   0   0   0  1.15 0.07
    6 K    -1   6  -1  -2  -4   1  -1  -3  -1  -3  -3   2  -2  -3  -1   0   0  -3  -2  -3    3  83   0   0   0   2   0   0   0   0   0   2   0   0   3   4   4   0   0   0  0.77 0.07
    7 I    -2  -3  -4  -4  -2  -3  -4  -4  -4   5   2  -3   1   0  -3  -3  -1  -3  -2   3    0   0   0   0   0   0   0   0   0  74  15   0   0   0   0   0   0   0   0  10  0.50 0.06
    8 P    -1  -3  -3  -2  -4  -2  -2  -3  -3  -4  -4  -2  -3  -5   8  -1  -2  -5  -4  -3    0   0   0   0   0   0   0   0   0   0   0   0   0   0 100   0   0   0   0   0  2.28 0.10
    9 L    -2  -3  -4  -4  -2  -3  -4  -4  -3   1   5  -3   2   0  -4  -3  -2  -2  -2   0    0   0   0   0   0   0   0   0   0   0 100   0   0   0   0   0   0   0   0   0  0.65 0.07
   10 W    -4  -4  -5  -5  -3  -3  -4  -4  -3  -4  -3  -4  -2   0  -5  -4  -3  12   2  -4    0   0   0   0   0   0   0   0   0   0   0   0   0   0   0   0   0 100   0   0  2.97 0.14
   11 I    -2  -3  -4  -4  -2  -3  -3  -4  -3   2   4  -3   3   1  -3  -3  -1  -2  -1   1    0   0   0   0   0   0   0   0   0  16  65   0   8   5   0   0   0   0   0   6  0.43 0.04
   12 V    -1  -3  -4  -4  -1  -3  -3  -4  -4   4   1  -3   1  -1  -3  -2  -1  -3  -2   5    0   0   0   0   0   0   0   0   0  28   0   0   0   0   0   0   0   0   0  72  0.50 0.06
   13 A     3  -2  -1  -2  -2  -2  -2   5  -2  -3  -2  -2  -2  -3  -2   0  -1  -3  -3  -1   41   0   0   0   0   0   0  53   0   0   2   0   0   0   0   2   0   0   0   2  0.58 0.05
   14 V    -1  -2  -1  -2  -1  -1  -2  -2  -2   0   0  -1   0  -1  -2   1   5  -3  -2   1    0   0   0   0   0   0   0   0   0   0   8   0   3   3   0   0  76   0   0  10  0.44 0.06
   15 V     1  -3  -3  -4  -1  -3  -3  -3  -3   3   1  -3   1   0  -3  -2  -1  -3  -1   4   11   0   0   0   0   0   0   0   0  17   3   0   2   5   0   0   0   0   0  62  0.33 0.04
   16 A     3  -2  -1  -2  -1  -2  -2   4  -2  -1  -2  -2  -1  -3  -2   0   1  -3  -2   1   38   0   0   0   0   0   0  34   0   2   0   0   0   0   0   0  10   0   0  16  0.33 0.03
   17 G     0  -3  -1  -2  -3  -2  -3   7  -3  -5  -4  -2  -3  -4  -3  -1  -2  -3  -4  -4    0   0   0   0   0   0   0 100   0   0   0   0   0   0   0   0   0   0   0   0  1.27 0.08
   18 M    -1  -2  -2  -3  -2  -2  -3  -3  -3   3   2  -2   3   0  -3  -1   2  -2  -1   1    0   0   0   0   0   0   0   0   0  35  25   0  14   2   0   4  20   0   0   0  0.25 0.03
   19 G     3  -2  -2  -2  -1  -2  -2   2  -2   0   1  -2   0  -2   0   0  -1  -3  -2   0   46   0   0   0   0   0   0  18   0   1  25   0   0   0   5   0   1   0   0   3  0.22 0.03
   20 V     2  -3  -3  -3  -1  -2  -2  -2  -3   2   0  -2   0  -2  -2  -1   0  -3  -2   4   31   0   0   0   0   0   0   0   0   3   0   0   0   0   0   0   0   0   0  66  0.34 0.05
   21 I    -2  -3  -4  -4  -2  -3  -4  -2  -4   4   3  -3   2   0  -3  -3  -1  -3  -2   2    0   0   0   0   0   0   0   4   0  65  29   0   3   0   0   0   0   0   0   0  0.42 0.05
   22 A     1  -2  -1  -2  -2  -2  -2   4  -2  -2  -2  -2  -2   1  -2   1   2  -2  -1  -1   10   0   0   0   0   0   0  43   0   0   0   0   0  11   0  10  21   0   0   4  0.36 0.03
   23 V    -1  -3  -4  -4  -1  -3  -3  -4  -3   2   3  -3   2   0  -3  -2  -1  -3  -2   3    0   0   0   0   0   0   0   0   0   8  47   0   3   0   0   2   0   0   0  40  0.37 0.04
   24 V    -1  -3  -4  -4  -1  -3  -3  -4  -3   2   4  -3   2   0  -3  -3  -1  -2  -1   3    0   0   0   0   0   0   0   0   0  12  57   0   3   0   0   0   0   0   0  28  0.41 0.04
   25 G     1  -3  -1  -2  -3  -2  -2   6  -2  -2  -3  -2  -3  -3  -2   0  -2  -3  -3  -2   12   0   0   0   0   0   0  78   0   4   0   0   0   0   0   6   0   0   0   0  0.85 0.06
   26 I    -2  -3  -4  -4  -2  -3  -4  -4  -4   4   3  -3   1   0  -3  -3  -1  -3  -2   2    0   0   0   0   0   0   0   0   0  49  42   0   0   0   0   0   0   0   0   9  0.45 0.04
   27 F    -3  -4  -4  -4  -3  -4  -4  -4  -2  -1   0  -4   0   7  -4  -3  -3   0   3  -1    0   0   0   0   0   0   0   0   0   0   3   0   0  95   0   0   0   0   2   0  1.06 0.09
   28 F    -3  -3  -4  -4  -3  -4  -4  -4  -2   1   0  -4   0   7  -4  -2  -2   0   2   0    0   0   0   0   0   0   0   0   0   9   2   0   0  83   0   2   0   0   0   4  0.81 0.07
   29 Y    -3  -3  -3  -4  -3  -2  -3  -4   1  -2  -2  -3  -2   4  -4  -2  -2   2   8  -2    0   0   0   0   0   0   0   0   0   0   0   0   0   8   0   0   0   0  92   0  1.21 0.10
   30 G     0  -3  -1  -2  -3  -2  -3   7  -3  -5  -4  -2  -3  -4  -3  -1  -2  -3  -4  -4    0   0   0   0   0   0   0 100   0   0   0   0   0   0   0   0   0   0   0   0  1.27 0.08
   31 A     2  -1   0  -1  -1  -1  -1   0  -2  -3  -3  -1  -2  -3  -1   4   1  -3  -2  -2   23   0   0   0   0   0   0   2   0   0   0   0   0   0   0  75   0   0   0   0  0.51 0.06
   32 Y    -3  -3  -3  -4  -3  -2  -3  -4   1  -2  -2  -3  -2   3  -4  -2  -2   2   8  -2    0   0   0   0   0   0   0   0   0   0   0   0   0   4   0   0   0   0  96   0  1.27 0.10
   33 A     2  -1   0  -1  -1   0  -1  -1  -1  -1  -2  -1  -1  -2  -1   3   2  -3  -2   1   16   0   0   0   0   2   0   0   2   0   0   0   0   0   0  50  15   0   0  15  0.28 0.04
   34 G     0  -3  -1  -2  -3  -2  -3   7  -3  -5  -4  -2  -3  -4  -3  -1  -2  -3  -4  -4    0   0   0   0   0   0   0 100   0   0   0   0   0   0   0   0   0   0   0   0  1.27 0.08
   35 V    -2  -3  -4  -4  -2  -3  -3  -4  -3   2   4  -3   2   0  -3  -3  -1  -2  -2   2    0   0   0   0   0   0   0   0   0   8  74   0   0   0   0   0   0   0   0  18  0.48 0.05
   36 G     0  -3  -1  -2  -3  -2  -3   7  -3  -5  -4  -2  -3  -4  -3  -1  -2  -3  -4  -4    0   0   0   0   0   0   0 100   0   0   0   0   0   0   0   0   0   0   0   0  1.27 0.08
   37 S     1  -1   1  -1  -1  -1  -1  -1  -1  -3  -3  -1  -2  -3  -1   5   1  -4  -2  -2    5   0   3   0   0   0   0   0   0   0   0   0   0   0   0  92   0   0   0   0  0.62 0.08
   38 A     2  -1   0  -1  -1  -1  -1  -1  -1  -3  -3  -1  -2  -3  -1   5   1  -3  -2  -2   19   0   0   0   0   0   0   0   0   0   0   0   0   0   0  81   0   0   0   0  0.53 0.06
   39 V    -2  -3  -4  -4  -2  -2  -3  -4  -3   2   4  -3   3   0  -3  -3  -1  -2  -1   1    0   0   0   0   0   0   0   0   0   6  82   0   6   0   0   0   0   0   0   6  0.49 0.04

                      K         Lambda
Standard Ungapped    0.1452     0.3265
Standard Gapped      0.0410     0.2670
PSI Ungapped         0.1452     0.3265
PSI Gapped           0.0410     0.2670
