
Last position-specific scoring matrix computed, weighted observed percentages rounded down, information per position, and relative weight of gapless real matches to pseudocounts
            A   R   N   D   C   Q   E   G   H   I   L   K   M   F   P   S   T   W   Y   V   A   R   N   D   C   Q   E   G   H   I   L   K   M   F   P   S   T   W   Y   V
    1 D    -3  -3   3   7  -5  -1   1  -3  -2  -5  -5  -2  -4  -5  -3  -1  -2  -6  -4  -5    0   0  18  75   0   0   7   0   0   0   0   0   0   0   0   0   0   0   0   0  1.31 0.23
    2 C    -4  -7  -6  -7  11  -6  -7  -6  -6  -4  -5  -6  -5  -6  -6  -4  -4  -6  -6  -4    0   0   0   0 100   0   0   0   0   0   0   0   0   0   0   0   0   0   0   0  3.69 0.68
    3 L    -1  -4  -2  -1  -5  -3  -1  -4  -4  -3   1  -3  -3  -5   8  -1  -3  -6  -5  -4    4   0   1   3   0   0   5   0   0   1  14   0   0   0  69   3   0   0   0   0  1.66 0.39
    4 P    -2  -2  -2  -2  -2   0   1  -3  -1  -2  -1  -2  -3   0   5   3  -1   1  -1  -3    0   1   0   1   1   3   9   1   1   3   6   0   0   5  31  33   2   2   1   0  0.64 0.24
    5 G    -2  -3  -2   5  -5  -3  -1   5   0  -5  -5  -3  -1  -2  -4  -2  -2  -5  -4  -5    0   1   0  36   0   0   3  51   2   0   0   0   2   2   0   1   2   0   0   0  1.08 0.31
    6 W    -6  -6  -7  -8  -6  -5  -6  -6  -6  -6  -5  -6  -5  -2  -7  -2  -6  13  -1  -6    0   0   0   0   0   0   0   0   0   0   0   0   0   0   0   3   0  97   0   0  4.37 0.76
    7 S    -1  -2  -1  -1  -3  -1  -2  -2   1  -2   0  -2   0   0  -3   5   1  -4  -1  -2    0   1   1   2   0   1   1   1   4   1  13   0   2   5   0  57   7   0   1   2  0.53 0.27
    8 V     1  -2  -1  -2  -3  -2  -1  -1  -2  -3  -1   0  -2   0   3   4   0  -4   0  -2   13   0   1   0   0   0   2   3   1   0   5   7   0   6  17  38   4   0   3   1  0.41 0.20
    9 Y    -4  -2  -1  -2  -4  -3  -4  -5   3  -3  -2  -1   1   4  -5  -1  -3  -1   7  -3    0   2   3   2   0   0   0   0   8   0   1   3   4  18   0   4   1   0  54   0  1.21 0.35
   10 E    -3   0   3   3  -5   2   4  -1  -2  -4  -4   1  -3  -5  -1  -2  -2  -5  -2  -4    0   5  15  19   0   8  37   4   0   1   0   7   0   0   3   0   0   0   1   0  0.65 0.23
   11 G    -1   0  -2  -3  -4   3   0   5  -3  -3  -3  -1  -3  -4  -4   0  -3  -1  -2  -2    1   6   0   0   0  16   6  55   0   2   3   2   0   0   0   5   0   1   1   4  0.74 0.25
   12 R    -2  -2   1  -3  -4  -1  -3  -3   8  -4  -1  -2  -3   2  -4   0  -3  -3   4  -4    2   1   6   0   0   1   0   1  48   0   7   2   0   7   0   7   0   0  18   0  1.11 0.34
   13 C    -4  -7  -6  -7  11  -6  -7  -6  -6  -4  -4  -6  -5  -6  -6  -4  -4  -6  -6  -4    0   0   0   0 100   0   0   0   0   0   0   0   0   0   0   0   0   0   0   0  3.65 0.68
   14 Y    -5  -5  -5  -6  -6  -4  -5  -6  -1  -4  -4  -5  -4   0  -6  -5  -5  -1  10  -4    0   0   0   0   0   0   0   0   0   0   0   0   0   0   0   0   0   0 100   0  2.89 0.63
   15 K    -3   4  -1  -3  -5   2  -1  -2  -2  -4  -2   6  -1  -4  -3  -2  -3  -4   2  -4    0  22   1   0   0   8   0   2   0   0   3  55   2   0   0   0   0   0   7   0  0.91 0.31
   16 V     0  -3  -4  -4  -3  -3  -3  -3   2   1   1  -3  -1   2   1  -2  -2  -3   2   4   11   0   0   0   0   0   0   1   7   6   9   0   0  10   7   0   1   0   7  40  0.39 0.19
   17 F    -4  -5  -5  -6  -5  -5  -6  -6  -4   0  -2  -5  -2   9  -6  -2  -4  -2   1  -1    0   0   0   0   0   0   0   0   0   5   0   0   0  87   0   4   0   0   1   3  1.97 0.47
   18 N    -1   0   3   2  -4   1   0  -1   2  -4  -4   3  -3  -1  -2   0  -1  -4  -2  -4    2   1  18  15   0   7   3   4   7   0   0  29   0   4   1   7   2   0   0   0  0.42 0.18
   19 Q    -2   1  -1   1  -4   3   4  -3  -1  -2   0   1  -2  -3   0  -2   0   1  -3  -2    1   8   2   5   0  16  34   0   1   2  12   7   0   0   4   0   4   2   0   1  0.39 0.18
   20 K    -2   3  -2  -3  -5   2   0  -3  -3  -4  -3   6   2  -5  -2  -2  -2  -5  -4  -3    1  12   1   0   0   7   4   1   0   0   2  63   5   0   1   0   1   0   0   2  0.93 0.32
   21 T    -1  -1   4  -1  -3  -2  -2  -3  -1  -3  -4  -2  -1  -4  -3   1   5  -5  -4  -3    5   4  27   1   0   0   0   0   1   0   0   0   2   0   0  10  50   0   0   0  0.86 0.32
   22 W    -6  -6  -2  -7  -6  -5  -6  -6  -5  -6  -5  -6  -5  -2  -7  -2  -5  13   1  -6    0   0   2   0   0   0   0   0   0   0   0   0   0   0   0   3   0  92   2   0  4.04 0.72
   23 K     2  -2   0   3  -4   0   4  -2  -2  -3  -3  -1  -2  -2  -2  -1  -1  -4  -2  -1   19   0   3  20   0   1  37   2   0   1   1   2   1   1   1   2   3   0   1   4  0.48 0.21
   24 A    -1  -3   0   7  -5   0   3  -3   1  -5  -5  -2  -5  -5  -3  -2  -3  -6  -4  -5    7   0   2  62   0   3  23   0   3   0   0   0   0   0   0   0   0   0   0   0  1.27 0.35
   25 A     6  -4  -4  -2  -3  -3  -3  -2  -4  -4  -4  -3  -3  -5  -3   0  -2  -5  -4  -3   94   0   0   2   0   0   0   0   0   0   0   0   0   0   0   4   0   0   0   0  1.42 0.41
   26 E    -2  -1  -2   0  -6   2   7  -4  -2  -6  -5  -1  -4  -6  -3  -2  -3  -5  -4  -5    2   2   0   2   0   9  83   0   0   0   0   1   0   0   0   0   0   0   0   0  1.54 0.41
   27 K    -1   4   0  -2  -4   0  -1  -3  -2  -2  -1   4   2  -4  -3   1  -1  -1  -3  -3    4  28   3   0   0   3   2   0   0   1   4  34   9   0   0  10   1   1   0   0  0.54 0.21
   28 F    -4  -2  -4  -4  -5  -1  -2  -5   0  -2  -2  -3  -2   8  -5  -4  -2  -1   3  -3    0   3   0   1   0   3   3   0   2   1   1   1   0  76   0   0   2   0   6   1  1.50 0.37
   29 C    -3  -7  -6  -7  11  -6  -7  -6  -6  -4  -4  -6  -4  -6  -6  -4  -4  -5  -6  -4    0   0   0   0 100   0   0   0   0   0   0   0   0   0   0   0   0   0   0   0  3.58 0.63

                      K         Lambda
Standard Ungapped    0.1389     0.3248
Standard Gapped      0.0517     0.2670
PSI Ungapped         0.1689     0.3174
PSI Gapped           0.0517     0.2670
