
Last position-specific scoring matrix computed, weighted observed percentages rounded down, information per position, and relative weight of gapless real matches to pseudocounts
            A   R   N   D   C   Q   E   G   H   I   L   K   M   F   P   S   T   W   Y   V   A   R   N   D   C   Q   E   G   H   I   L   K   M   F   P   S   T   W   Y   V
    1 A     3  -2  -1  -2  -1  -1  -1   4  -2  -2  -2  -1  -2  -3  -1   1  -1  -3  -2  -1   61   0   0   0   0   0   0  39   0   0   0   0   0   0   0   0   0   0   0   0  0.47 0.01
    2 C    -1  -4  -3  -4  10  -3  -4  -3  -3  -1  -2  -3  -2  -3  -3  -1  -1  -3  -3  -1    0   0   0   0 100   0   0   0   0   0   0   0   0   0   0   0   0   0   0   0  1.36 0.03
    3 L    -1  -1  -3  -3  -2  -2  -2  -3  -3   3   3   0   1   0  -3  -2  -1  -2  -1   1    0   0   0   0   0   0   0   0   0  38  46  16   0   0   0   0   0   0   0   0  0.24 0.01
    4 A     2   0   0   2  -2   0   0  -1  -2  -2  -2   2  -2  -3   3   0  -1  -3  -2  -2   39   0   0  23   0   0   0   0   0   0   0  21   0   0  17   0   0   0   0   0  0.35 0.01
    5 R    -1   4  -1  -1  -3   1   2  -3  -1   1  -1   1  -1  -2  -2  -1  -1  -3  -2   0    0  56   0   0   0   0  21   0   0  23   0   0   0   0   0   0   0   0   0   0  0.34 0.01
    6 G     0  -3  -1  -2  -3  -2  -2   6  -2  -4  -4  -2  -3  -3  -2   0  -2  -3  -3  -3    0   0   0   0   0   0   0 100   0   0   0   0   0   0   0   0   0   0   0   0  1.09 0.02
    7 E    -1   0   0   3  -4   2   4  -2   0  -3  -3   2  -2  -4  -1   0  -1  -3  -2  -3    0   0   0  16   0   0  61   0   0   0   0  23   0   0   0   0   0   0   0   0  0.57 0.01
    8 T     0   0  -1  -1  -1   0  -1  -2  -2   1  -1   1   0  -2  -1   1   4  -3  -2   0    0   0   0   0   0   0   0   0   0  17   0  21   0   0   0   0  62   0   0   0  0.26 0.01
    9 C    -1  -4  -3  -4  10  -3  -4  -3  -3  -1  -2  -3  -2  -3  -3  -1  -1  -3  -3  -1    0   0   0   0 100   0   0   0   0   0   0   0   0   0   0   0   0   0   0   0  1.36 0.03
   10 K     1   1   0  -1  -2   2   0  -1  -1  -2  -2   3  -1  -3  -1   0   1  -3  -2  -1   21   0   0   0   0  16   0   0   0   0   0  46   0   0   0   0  17   0   0   0  0.28 0.01
   11 D    -1  -1   1   5  -3   0   1   2  -1  -3  -4   1  -3  -4  -2   0  -1  -4  -3  -3    0   0   0  62   0   0   0  21   0   0   0  16   0   0   0   0   0   0   0   0  0.58 0.01
   12 D    -2  -2   1   6  -4   0   2  -2  -1  -3  -4  -1  -3  -4  -2   0  -1  -5  -3  -4    0   0   0 100   0   0   0   0   0   0   0   0   0   0   0   0   0   0   0   0  1.00 0.02
   13 C    -1  -4  -3  -4  10  -3  -4  -3  -3  -1  -2  -3  -2  -3  -3  -1  -1  -3  -3  -1    0   0   0   0 100   0   0   0   0   0   0   0   0   0   0   0   0   0   0   0  1.36 0.03
   14 E    -1   0   0   3  -4   3   4  -2   0  -3  -3   1  -2  -4  -1   0  -1  -3  -2  -3    0   0   0  16   0  21  62   0   0   0   0   0   0   0   0   0   0   0   0   0  0.63 0.01
   15 C    -1  -4  -3  -4  10  -3  -4  -3  -3  -1  -2  -3  -2  -3  -3  -1  -1  -3  -3  -1    0   0   0   0 100   0   0   0   0   0   0   0   0   0   0   0   0   0   0   0  1.36 0.03
   16 C    -1  -4  -3  -4  10  -3  -4  -3  -3  -1  -2  -3  -2  -3  -3  -1  -1  -3  -3  -1    0   0   0   0 100   0   0   0   0   0   0   0   0   0   0   0   0   0   0   0  1.36 0.03
   17 D     0  -2   0   2  -3  -2  -1   5  -2  -4  -4  -1  -3  -4  -2   0  -2  -3  -3  -3    0   0   0  23   0   0   0  77   0   0   0   0   0   0   0   0   0   0   0   0  0.81 0.01
   18 C    -1  -1  -2  -3   9  -2  -2  -3  -3  -2  -2   1  -2  -3  -3  -1  -1  -3  -3  -1    0   0   0   0  79   0   0   0   0   0   0  21   0   0   0   0   0   0   0   0  0.92 0.02
   19 D    -2  -2   0   4  -3  -1   0   2  -2  -3  -2  -2  -2   2  -3  -1  -2   7   0  -3    0   0   0  40   0   0   0  23   0   0   0   0   0  16   0   0   0  21   0   0  0.53 0.01
   20 N    -1  -1   5   1  -2   0  -1  -1   1  -3  -3  -1  -2  -1  -2   2   0  -2   2  -3    0   0  62   0   0   0   0   0   0   0   0   0   0   0   0  21   0   0  16   0  0.45 0.02
   21 Q    -1   0  -1  -1  -2   4   0  -2   0   0  -1   2   0   0  -2  -1  -1  -1   3   1    0   0   0   0   0  40   0   0   0   0   0  16   0   0   0   0   0   0  21  23  0.23 0.01
   22 C    -1  -4  -3  -4  10  -3  -4  -3  -3  -1  -2  -3  -2  -3  -3  -1  -1  -3  -3  -1    0   0   0   0 100   0   0   0   0   0   0   0   0   0   0   0   0   0   0   0  1.36 0.03
   23 Y    -1  -1  -1  -2  -2  -1  -1  -2   4  -2  -2  -1  -1   2  -2   1  -1   1   6  -2    0   0   0   0   0   0   0   0  16   0   0   0   0   0   0  21   0   0  62   0  0.54 0.02
   24 C    -1  -4  -3  -4  10  -3  -4  -3  -3  -1  -2  -3  -2  -3  -3  -1  -1  -3  -3  -1    0   0   0   0 100   0   0   0   0   0   0   0   0   0   0   0   0   0   0   0  1.36 0.03
   25 P    -1  -2  -2  -2  -3  -2  -1  -2  -2  -3  -3  -1  -3  -4   8  -1  -1  -4  -3  -3    0   0   0   0   0   0   0   0   0   0   0   0   0   0 100   0   0   0   0   0  2.10 0.03
   26 F    -2  -2  -3  -3  -2  -2  -2  -3  -2   1   2  -2   1   5  -2  -2  -1   0   2   0    1   1   1   1   0   1   1   1   0   1  39   1   0  46   1   1   1   0   1   1  0.31 0.01
   27 D    -1  -1   1   5  -2   0   1  -1  -1  -2  -2   0  -2  -2  -1   0  -1  -2  -2  -2    3   2   2  64   1   2   2   3   1   2   3   2   1   1   2   3   2   1   1   2  0.44 0.01
   28 W    -1  -1  -2  -2  -2  -1  -1  -1  -1  -2  -1  -2  -1   0  -2  -1  -1  10   2  -2    3   2   2   2   1   2   2   3   1   2   3   2   1   1   2   3   2  62   1   2  1.19 0.01
   29 F    -2  -3  -3  -3  -3  -3  -3  -3  -2  -1   0  -3   0   6   3  -2  -2   0   3  -1    0   0   0   0   0   0   0   0   0   0   0   0   0  83  17   0   0   0   0   0  0.69 0.02
   30 G     0  -3  -1  -2  -3  -2  -2   6  -2  -4  -4  -2  -3  -3  -2   0  -2  -3  -3  -3    0   0   0   0   0   0   0 100   0   0   0   0   0   0   0   0   0   0   0   0  1.09 0.02
   31 G     2  -2   0  -1  -2  -1  -2   5  -2  -3  -3  -1  -2  -3  -2   1  -1  -3  -3  -2   21   0   0   0   0   0   0  62   0   0   0   0   0   0   0  17   0   0   0   0  0.61 0.01
   32 K     0   1   0   0  -2   1   0  -1  -1  -2  -2   3  -1  -2  -1   2   0  -2  -1  -2    2   1   1   1   0   1   1   2   0   1   2  52   0   1   1  30   1   0   1   1  0.26 0.01
   33 W    -2  -2  -3  -3  -2  -2  -2  -2  -2  -1   1  -2   0   1  -2  -2  -2  10   1  -1    2   1   1   1   0   1   1   2   0   1  19   1   0   1   1   2   1  62   1   1  1.22 0.02
   34 H    -1   0   0  -1  -2   3   0   2   6  -2  -2   0  -1  -2  -1   0  -1  -2   0  -2    2   1   1   1   0  24   1  18  40   1   2   1   0   1   1   2   1   0   1   1  0.33 0.01
   35 P    -1  -2  -2  -1  -2  -1  -1  -2  -2   0  -1  -1  -1  -2   7  -1  -1  -2  -2   0    2   1   1   1   0   1   1   2   0  18   2   1   0   1  63   2   1   0   1   1  1.01 0.01
   36 V    -2  -3  -3  -4  -2  -3  -3  -4  -2   1   2  -3   1   4  -3  -2  -1  -1   1   2    0   0   0   0   0   0   0   0   0   0  38   0   0  40   0   0   0   0   0  23  0.35 0.01
   37 G     0  -1   0  -1  -3  -1  -2   6  -2  -4  -4   1  -3  -3  -2   0  -2  -3  -3  -3    0   0   0   0   0   0   0  83   0   0   0  17   0   0   0   0   0   0   0   0  0.82 0.02
   38 C    -1  -4  -3  -4  10  -3  -4  -3  -3  -1  -2  -3  -2  -3  -3  -1  -1  -3  -3  -1    0   0   0   0 100   0   0   0   0   0   0   0   0   0   0   0   0   0   0   0  1.36 0.03
   39 S     1  -1   1   0  -1   0   0   0  -1  -3  -3   0  -2  -3  -1   4   1  -3  -2  -2    0   0   0   0   0   0   0   0   0   0   0   0   0   0   0 100   0   0   0   0  0.50 0.02
   40 C    -1  -4  -3  -4  10  -3  -4  -3  -3  -1  -2  -3  -2  -3  -3  -1  -1  -3  -3  -1    0   0   0   0 100   0   0   0   0   0   0   0   0   0   0   0   0   0   0   0  1.36 0.03
   41 A     3  -2  -2  -2  -1  -1  -2  -1  -2   2   0  -1   0  -2  -2   0   0  -3  -2   2   62   0   0   0   0   0   0   0   0  21   0   0   0   0   0   0   0   0   0  16  0.23 0.01
   42 Y    -2  -2  -1  -3  -3  -1  -2  -3   5   1  -1  -2  -1   2  -3  -2  -2   1   6   0    0   0   0   0   0   0   0   0  28  21   0   0   0   0   0   0   0   0  50   0  0.48 0.02
   43 T     2  -2  -1  -2  -2  -1  -2   5  -2  -3  -3  -1  -2  -3  -2   0   1  -3  -3  -2   28   0   0   0   0   0   0  60   0   0   0   0   0   0   0   0  11   0   0   0  0.57 0.01
   44 N    -2  -1   4   4  -3  -1   0  -1  -1  -1   0  -1  -1  -2  -2   0  -1  -4  -2  -2    0   0  40  38   0   0   0   0   0   0  23   0   0   0   0   0   0   0   0   0  0.38 0.01
   45 K     1   2   0  -1  -2   2   1  -1  -1  -3  -2   4  -1  -3  -1   0  -1  -3  -2  -2   21   0   0   0   0  12   0   0   0   0   0  67   0   0   0   0   0   0   0   0  0.38 0.01
   46 Y    -2  -2  -2  -3  -2  -1  -2  -3   1  -1   0  -2   2   3  -3  -2  -2   2   7  -1    0   0   0   0   0   0   0   0   0   0   0   0  21   0   0   0   0   0  79   0  0.68 0.02
   47 V    -1  -3  -3  -4  -1  -3  -3  -4  -3   3   1  -3   1   3  -3  -2  -1  -1   1   3    0   0   0   0   0   0   0   0   0  16   0   0   0  28   0   0   0   0   0  55  0.31 0.01
   48 C    -1  -4  -3  -4  10  -3  -4  -3  -3  -1  -2  -3  -2  -3  -3  -1  -1  -3  -3  -1    0   0   0   0 100   0   0   0   0   0   0   0   0   0   0   0   0   0   0   0  1.36 0.03
   49 D     1  -1   2   3  -2   0   2  -1  -1  -1  -2  -1  -1  -3  -2   0   0  -3  -2   1   23   0  17  23   0   0  16   0   0   0   0   0   0   0   0   0   0   0   0  21  0.20 0.01
   50 H    -2   4   0  -1  -3   1   0  -2   6  -3  -3   2  -2  -2  -2  -1  -1  -3   0  -3    0  38   0   0   0   0   0   0  46   0   0  16   0   0   0   0   0   0   0   0  0.55 0.02
   51 K    -1   2   0  -1  -3   1   1  -2  -1  -3  -3   5  -2  -3  -1   0  -1  -3  -2  -3    0   0   0   0   0   0   0   0   0   0   0 100   0   0   0   0   0   0   0   0  0.58 0.02
   52 K    -1   2   0  -1  -3   3   1  -2  -1  -3  -3   5  -1  -3  -1   0  -1  -3  -2  -3    0   0   0   0   0  23   0   0   0   0   0  77   0   0   0   0   0   0   0   0  0.52 0.02
   53 E    -1   1   0   0  -4   2   3  -2  -1  -3  -3   4  -2  -3  -1   0  -1  -3  -2  -3    0   0   0   0   0   0  40   0   0   0   0  60   0   0   0   0   0   0   0   0  0.51 0.01
   54 K    -1   1   0   0  -4   2   3  -2  -1  -3  -3   4  -2  -3  -1   0  -1  -3  -2  -3    0   0   0   0   0   0  38   0   0   0   0  62   0   0   0   0   0   0   0   0  0.51 0.02
   55 C    -1  -4  -3  -4  10  -3  -4  -3  -3  -1  -2  -3  -2  -3  -3  -1  -1  -3  -3  -1    0   0   0   0 100   0   0   0   0   0   0   0   0   0   0   0   0   0   0   0  1.36 0.03
   56 K    -1   3  -1  -1  -3   1   0  -2  -1  -3  -3   3  -2  -3   5  -1  -1  -3  -2  -3    0  23   0   0   0   0   0   0   0   0   0  43   0   0  34   0   0   0   0   0  0.70 0.01
   57 K    -1   1   4   0  -3   0   0  -1   0  -2  -3   3  -2  -3  -1   0   2  -3  -2  -2    0   0  34   0   0   0   0   0   0   0   0  43   0   0   0   0  23   0   0   0  0.35 0.01
   58 A     3  -2  -1  -2  -1  -1  -1  -1  -2   0  -1  -1   0  -2  -1   2   0  -3  -2   2   43   0   0   0   0   0   0   0   0   0   0   0   0   0   0  23   0   0   0  34  0.21 0.01

                      K         Lambda
Standard Ungapped    0.1418     0.3264
Standard Gapped      0.0410     0.2670
PSI Ungapped         0.1418     0.3264
PSI Gapped           0.0410     0.2670
