
Last position-specific scoring matrix computed, weighted observed percentages rounded down, information per position, and relative weight of gapless real matches to pseudocounts
            A   R   N   D   C   Q   E   G   H   I   L   K   M   F   P   S   T   W   Y   V   A   R   N   D   C   Q   E   G   H   I   L   K   M   F   P   S   T   W   Y   V
    1 V    -2  -4  -4  -4  -2  -4  -4  -5  -4   4   1  -4   0  -2  -4  -3  -1  -4  -2   5    0   0   0   0   0   0   0   0   0  24   6   0   0   0   0   0   0   0   0  70  0.80 0.17
    2 D    -3  -3   4   7  -5  -1   2  -3  -2  -5  -5  -2  -4  -5  -3  -2  -2  -6  -4  -5    0   0  20  67   0   0  12   0   0   0   0   0   0   0   0   0   0   0   0   0  1.31 0.25
    3 C    -3  -6  -5  -6  11  -5  -2  -5  -6  -4  -4  -5  -4  -5  -5  -3  -3  -5  -5  -3    0   0   0   0  96   0   4   0   0   0   0   0   0   0   0   0   0   0   0   0  3.10 0.46
    4 S     0  -1   0   2  -3  -1  -1   1   0  -4  -4   0  -3  -4  -1   4   0  -4   0  -3    5   2   3  11   0   0   0   9   2   0   0   7   0   0   1  52   4   0   3   0  0.50 0.19
    5 E    -2   1   2   3  -4   1   3   2   1  -1  -3   1  -2  -4  -3  -1  -2  -4  -3   0    0   9  10  16   0   4  23  15   4   4   0   6   0   0   0   0   0   0   0   8  0.31 0.12
    6 Y    -4  -4  -4  -5  -5  -4  -4  -5   2  -3  -3  -4  -3   4  -5  -4  -4   4   8  -1    0   0   0   0   0   0   0   0   4   0   0   0   0  14   0   0   0   5  72   5  1.80 0.36
    7 P    -2   1  -2   0  -4   0   0  -3  -3  -4  -4   2  -3  -5   6   0  -1  -5  -4  -2    0   9   0   5   0   4   6   0   0   0   0  18   0   0  44   7   4   0   0   3  0.93 0.22
    8 Q    -2   0  -2   1  -4   3   1  -2  -2  -4  -2   5  -2  -1   0   0   0  -4  -1  -3    0   1   0   7   0  17   8   3   0   0   4  44   0   3   3   4   5   0   2   0  0.51 0.19
    9 P    -2  -1  -1  -3  -4  -1  -2  -3   3  -3  -3   0   1   2   6   0  -2  -3   0  -3    2   2   3   0   0   2   0   0   8   0   1   8   5   9  48   6   1   0   3   0  0.96 0.22
   10 A     2  -2  -1  -1  -2   0  -1   1  -3   0  -1   0   2   0   1  -1  -1  -3  -2   1   28   0   2   3   0   4   2  13   0   6   4   5   7   6   6   2   3   0   0  12  0.13 0.09
   11 C    -4  -7  -6  -7  12  -7  -7  -6  -7  -5  -5  -7  -5  -6  -7  -4  -4  -6  -6  -4    0   0   0   0 100   0   0   0   0   0   0   0   0   0   0   0   0   0   0   0  3.84 0.64
   12 T    -1  -1  -1  -3  -3  -1  -2  -3   0  -3  -2   0   0  -1   5   1   4  -4  -3  -2    3   3   2   0   0   2   0   0   2   0   3   4   2   3  28   8  37   0   0   2  0.70 0.24
   13 T    -1   3   0  -1  -3   1  -1  -1   1  -1   0   2   3  -3   1  -1  -1  -4  -3  -2    5  21   5   3   0   4   0   5   4   2  11  19  10   0   6   2   3   0   0   0  0.23 0.12
   14 E    -2  -1   0   2  -4   0   4  -3   1   0  -1   0   2  -3  -1  -1   0  -4  -1   0    0   2   5  13   0   2  37   0   4   5   4   3   6   0   2   4   4   0   2   7  0.35 0.16
   15 R    -3  -1  -1  -2  -4   0  -2  -4   0  -2   0  -1   0   2  -1  -1  -1   2   7  -2    0   2   2   3   0   5   2   0   2   2   8   3   2   4   3   4   5   2  50   2  0.77 0.25
   16 R     0   1   3   2  -3   0   0  -2  -1  -1  -1   1   2   0  -3  -1  -1  -1   0  -1    8  10  17  16   0   3   4   0   0   2   7   9   7   5   0   3   1   1   3   4  0.16 0.10
   17 P    -2  -1  -4  -3  -5  -1  -3  -4  -4  -4  -3  -2  -4  -5   8  -3  -3  -6  -5  -4    2   3   0   0   0   2   0   0   0   0   3   2   0   0  89   0   0   0   0   0  2.28 0.30
   18 V    -2  -3  -4  -4  -2  -2  -4  -5   0   3   2  -3   0   0  -4  -3  -1  -4  -2   5    0   0   0   0   0   2   0   0   3  17  19   0   0   2   0   0   0   0   0  56  0.59 0.15
   19 C    -3  -6  -5  -6  11  -5  -6  -5  -5  -3  -3  -5  -4  -5  -5  -3  -3  -5  -5  -3    0   0   0   0 100   0   0   0   0   0   0   0   0   0   0   0   0   0   0   0  3.03 0.40
   20 G     1  -4  -2   0  -4  -3  -3   7  -3  -5  -5  -3  -4  -5  -3  -2  -3  -4  -5  -4   10   0   0   6   0   0   0  85   0   0   0   0   0   0   0   0   0   0   0   0  1.38 0.23
   21 S    -1  -2  -1  -2  -2  -2  -2  -2  -3  -3  -2  -2  -2  -4  -2   5   4  -4  -3  -2    0   0   0   0   0   0   0   0   0   0   3   0   0   0   0  65  32   0   0   0  0.87 0.23
   22 N    -1  -3   4   7  -5  -2   0  -3  -2  -5  -5  -2  -4  -5  -3  -1  -2  -6  -4  -4    6   0  22  73   0   0   0   0   0   0   0   0   0   0   0   0   0   0   0   0  1.31 0.24
   23 N     0  -3   3  -1  -3  -1  -2   5  -2  -4  -4  -1  -1  -2  -3   0  -2  -4  -2  -4    7   0  19   2   0   3   0  58   0   0   0   2   3   2   0   4   0   0   1   0  0.75 0.15
   24 K    -2   1   0  -1  -3   1   0  -3   3   1  -1   4  -1  -2  -2  -1  -1  -4  -2   0    0   6   4   2   0   6   4   0  11  10   5  38   0   1   0   2   1   0   0  10  0.26 0.10
   25 T    -2  -3   0  -3  -3  -2  -3  -3  -3  -1  -2  -2  -2  -1  -3   0   7  -4  -3  -1    0   0   3   0   0   0   0   0   0   1   2   0   0   2   0   3  86   0   0   1  1.10 0.26
   26 Y    -4  -4  -4  -5  -5  -4  -4  -5   0  -3  -3  -4  -3   3  -5  -4  -4   0   9  -3    0   0   0   0   0   0   0   0   0   0   0   0   0   5   0   0   0   0  95   0  2.17 0.35
   27 S     1   0   0   1  -3   1   0   2  -1  -3  -3   0  -2  -2   1   2   0  -3  -1  -3   10   5   2   7   0   9   6  15   1   0   1   4   0   1   7  30   1   0   2   0  0.26 0.08
   28 N    -3  -2   8   0  -4   0  -2  -1  -1  -5  -5  -2  -4  -5  -4   0  -2  -5  -4  -5    0   0  85   3   0   3   0   4   0   0   0   0   0   0   0   5   0   0   0   0  1.44 0.27
   29 K    -1   1  -1   0  -4   0   4  -3   1  -2  -3   3  -3  -4   1  -1  -1  -4  -3  -3    2   8   2   2   0   0  41   0   5   3   1  25   0   0   8   2   2   0   0   0  0.52 0.14
   30 C    -2  -6  -5  -6  11  -5  -6  -5  -5  -3  -3  -5  -4  -5  -5  -1  -3  -5  -5  -3    0   0   0   0  96   0   0   0   0   0   0   0   0   0   0   4   0   0   0   0  2.79 0.38
   31 N     0   0   1   0  -2   0   1  -2   2   0  -1   0   0   1  -2   0   1  -2   0   0   10   6  11   4   0   4   8   1   6   9   4   3   2  11   0   4  10   0   3   3  0.06 0.04
   32 F    -3  -4  -5  -5  -3  -4  -5  -5  -4   0   4  -4   0   6  -5  -4  -3  -2   0   0    0   0   0   0   0   0   0   0   0   0  49   0   0  47   0   0   0   0   0   3  1.03 0.23
   33 C    -3   0  -2  -5  10  -1   0  -3   2  -4  -2  -3  -2  -1  -5  -2  -1  -5  -4  -4    0   5   1   0  63   3   6   1   5   0   4   1   1   3   0   1   4   0   0   0  1.75 0.43
   34 N     0   1   4  -2   1  -1  -1  -1  -2  -1  -1   0   1   0  -3   1   0  -4  -1   0    7  10  27   0   3   1   2   3   0   3   5   6   4   4   0  10   5   0   2   8  0.19 0.13
   35 A     4  -3  -3   0  -3   0   3  -1  -3  -3  -4   0  -1  -2  -3   0   1  -5  -4  -3   48   0   0   4   0   4  21   2   0   1   0   5   1   2   0   3   7   0   0   0  0.58 0.25
   36 V     2   2   1  -3  -3   1  -2  -3  -2   1  -2   2  -1  -2  -3   0  -2  -4  -2   2   21  11   8   0   0   7   0   0   0  10   1  14   1   1   0   6   0   0   1  19  0.23 0.15
   37 V     0   2  -4  -4   7  -1  -1  -3  -4   0   0  -1   2  -3  -4  -2  -2   2  -2   2    6  12   0   0  28   2   5   1   0   5  10   3   7   0   0   1   0   3   1  16  0.56 0.22
   38 K    -1   1   1   1  -4   2   3  -2  -1  -3  -1   3  -1  -2  -3  -1  -1  -1  -1  -2    3   8   6   7   0   7  19   2   1   0   7  27   1   1   0   2   3   1   2   2  0.31 0.15
   39 S    -1   1   1  -1  -1   1   0  -2  -1  -3  -1   0  -2   1  -1   4   1  -4  -2  -3    1  10   5   2   1   6   7   2   1   0   7   5   0   8   2  36   6   0   0   0  0.28 0.17
   40 N    -3   0   4   2  -5   2   0   2   2  -3  -4   1  -2  -5  -2  -1  -2  -5  -4  -3    0   5  25  12   0  13   3  19   6   1   1   9   1   0   1   3   0   0   0   1  0.51 0.22
   41 G     0   1  -1  -1  -3   1   0   3  -1  -4  -3   1  -1  -4   2   0   1  -4  -1  -3    5   8   2   2   0   8   4  30   1   0   2   8   2   0  10   7   9   0   3   1  0.32 0.15
   42 T    -1   1   2   2  -3   0   1   0   1  -3  -3   1  -3  -4   0   0   3  -4  -3  -2    2   9   9  13   0   2   7   6   5   0   2  11   0   0   5   5  22   0   0   1  0.30 0.15
   43 L    -4  -5  -6  -6  -4  -5  -6  -6  -6   6   3  -5  -1   0  -5  -5  -3  -5  -3   2    0   0   0   0   0   0   0   0   0  55  30   0   0   3   0   0   0   0   0  12  1.22 0.36
   44 T    -2   2   1   0  -4   2   0  -2   2  -2  -1   1  -2  -1  -3  -1   4  -4  -3  -2    0  10   6   4   0  11   5   2   5   2   7   7   0   3   0   1  35   0   0   2  0.36 0.21
   45 V    -2  -4  -5  -5  -3  -4  -3  -5  -4   3   3  -2  -1   4  -5  -3  -3  -3   0   3    1   0   0   0   0   0   2   0   0  21  32   3   0  17   0   2   0   0   3  19  0.62 0.23
   46 S     0   0   0   0  -2   1   0  -1  -2   0   0   1   1  -2  -3   1  -1  -3   0   1    9   6   5   5   0   8   3   4   0   4  11   8   3   1   0  11   2   0   3  18  0.06 0.07
   47 H    -3   1  -1  -4  -6  -2  -3  -3   9  -6  -5   3  -4  -4  -5  -1  -4  -5   3  -6    2   8   1   0   0   0   0   2  53   0   0  20   0   0   0   4   0   0  10   0  1.61 0.46
   48 F    -2   1   1   2  -4   1   0  -3   0  -2  -2  -1   1   3   0   0  -2   2   2  -2    1   8   6  16   0   6   7   1   2   1   1   3   4  19   4   7   1   3   8   1  0.25 0.15
   49 G    -2  -5  -3  -2  -6  -4  -1   7  -5  -7  -7  -2  -6  -6  -5  -3  -5  -6  -6  -6    2   0   0   2   0   0   5  89   0   0   0   3   0   0   0   0   0   0   0   0  1.99 0.51
   50 K    -1   1  -2   0  -5   1   2  -4   2  -5  -4   4  -2  -5   5  -1  -2  -5  -4  -4    4   6   0   5   0   5  13   0   5   0   1  29   1   0  26   2   2   0   0   1  0.72 0.26
   51 C    -4  -8  -7  -8  12  -7  -8  -7  -7  -5  -5  -7  -6  -7  -7  -5  -5  -7  -7  -5    0   0   0   0 100   0   0   0   0   0   0   0   0   0   0   0   0   0   0   0  4.11 0.82

                      K         Lambda
Standard Ungapped    0.1294     0.3173
Standard Gapped      0.0529     0.2670
PSI Ungapped         0.1728     0.3178
PSI Gapped           0.0529     0.2670
