
Last position-specific scoring matrix computed, weighted observed percentages rounded down, information per position, and relative weight of gapless real matches to pseudocounts
            A   R   N   D   C   Q   E   G   H   I   L   K   M   F   P   S   T   W   Y   V   A   R   N   D   C   Q   E   G   H   I   L   K   M   F   P   S   T   W   Y   V
    1 H    -2   0   1  -1  -3   0   0  -2   8  -3  -3  -1  -2  -1  -2  -1  -2  -2   2  -3    0   0   0   0   0   0   0   0   0   0   0   0   0   0   0   0   0   0   0   0  0.00     0.00
    2 V    -1  -4  -4  -4  -2  -3  -4  -4  -4   5   1  -3   1  -1  -3  -3  -1  -3  -2   3    0   0   0   0   0   0   0   0   0  71   0   0   0   0   0   0   0   0   0  29  0.56 0.07
    3 G     0  -3  -1  -2  -3  -3  -3   7  -3  -5  -5  -2  -4  -4  -3  -1  -2  -3  -4  -4    0   0   0   0   0   0   0 100   0   0   0   0   0   0   0   0   0   0   0   0  1.35 0.10
    4 G     0  -3  -1  -2  -3  -3  -3   7  -3  -5  -5  -2  -4  -4  -3  -1  -2  -3  -4  -4    0   0   0   0   0   0   0 100   0   0   0   0   0   0   0   0   0   0   0   0  1.35 0.10
    5 D     0   0   0   6  -3  -1   0  -1   1  -3  -2  -1  -2   0  -2  -1  -2  -4  -2  -2    8   5   0  65   0   0   0   4   5   0   3   0   0   7   0   0   0   0   0   2  0.55 0.07
    6 E    -1  -1  -1   1  -4   1   6  -3  -1  -4  -4   1  -3  -4   2  -1  -2  -4  -3  -3    0   0   0   0   0   0  84   0   0   0   0   6   0   0  11   0   0   0   0   0  0.88 0.10
    7 C    -1  -5  -4  -5  10  -4  -5  -4  -4  -2  -2  -4  -2  -3  -4  -2  -2  -3  -3  -2    0   0   0   0 100   0   0   0   0   0   0   0   0   0   0   0   0   0   0   0  2.02 0.15
    8 N    -2  -1   7   3  -4  -1  -1  -1   0  -4  -4  -1  -3  -4  -3   0  -1  -5  -3  -4    0   0  87  13   0   0   0   0   0   0   0   0   0   0   0   0   0   0   0   0  1.02 0.11
    9 I    -2  -1  -3  -3  -2  -1  -2  -4  -3   5   1  -2   0  -1   0  -3  -1  -3  -2   2    0   5   0   0   0   3   4   0   0  85   0   0   0   0   4   0   0   0   0   0  0.47 0.08
   10 N    -2  -1   7   0  -3  -1  -1  -1   0  -4  -4  -1  -3  -3  -3   0   0  -3   1  -3    0   0  86   0   0   0   0   0   0   0   0   0   0   0   0   4   3   0   7   0  0.90 0.10
   11 E    -2   0  -1   1  -5   2   6  -3  -1  -4  -4   0  -3  -4  -2  -1  -2  -4  -3  -3    0   4   0   0   0   3  93   0   0   0   0   0   0   0   0   0   0   0   0   0  0.98 0.11
   12 H    -3  -1   0  -2  -4   0  -1  -3  10  -4  -4  -2  -3  -2  -3  -2  -3  -3   1  -4    0   0   0   0   0   0   0   0 100   0   0   0   0   0   0   0   0   0   0   0  1.62 0.15
   13 R    -2   6   0  -2  -4   0  -1  -3   1  -4  -3   1  -2  -4   3  -1  -2  -4  -2  -3    0  79   2   0   0   0   0   0   4   0   0   0   0   0  15   0   0   0   0   0  0.88 0.09
   14 S    -1  -2  -1  -2  -2  -2  -2  -2  -2  -1  -1  -2  -1   5  -3   3   0  -1   1  -2    0   0   0   0   0   0   0   0   0   0   3   0   0  52   0  45   0   0   0   0  0.49 0.08
   15 L    -2  -3  -4  -4  -2  -3  -4  -4  -4   2   5  -3   2   0  -4  -3  -2  -2  -2   1    0   0   0   0   0   0   0   0   0   6  94   0   0   0   0   0   0   0   0   0  0.67 0.08
   16 V     2  -3  -3  -3  -1  -2  -2  -2  -3   1   0  -2   0  -2  -2  -1   0  -3  -2   4   33   0   0   0   0   0   0   0   0   0   0   0   0   0   0   0   0   0   0  67  0.39 0.07
   17 A     2  -2  -3  -3  -2  -2  -1  -2   0   1   2  -2   0   2  -2  -1  -1  -1   1   1   30   0   0   0   0   0   3   0   4   5  30   0   0  16   0   0   0   0   5   8  0.16 0.03
   18 I    -2  -3  -4  -4  -2  -2  -3  -4  -3   2   4  -3   3   1  -3  -3  -1  -2  -1   2    0   0   0   0   0   0   0   0   0  10  62   0   8   4   0   0   2   0   0  14  0.43 0.05
   19 F    -3  -3  -3  -4  -3  -2  -3  -4   2  -2  -1  -3  -1   4  -4  -2  -1   1   7  -2    0   0   0   0   0   0   0   0   4   0   0   0   0  20   0   0   3   0  73   0  1.05 0.10
   20 V     0  -1   4   2  -2   0   0  -1   0  -2  -3   0  -2  -2  -2   1   1  -3   0  -2    4   0  41   9   0   0   5   0   1   1   0   1   0   0   0  10  13   0   6   2  0.30 0.04
   21 F     1  -1   1   1  -2  -1  -1  -1  -1  -2  -2  -1  -2  -1   0   4   1  -3   0  -2    6   2   5   9   0   0   0   1   0   0   2   0   0   3   3  59   5   0   3   1  0.33 0.07
   22 T     0   2   0   1  -2  -1  -1   0   0  -2  -3   0  -2  -3   0   3   2  -3  -2  -2    4  15   2   6   0   0   0   7   2   3   0   0   0   0   2  42  17   0   0   0  0.29 0.06
   23 E     0   0   1  -1  -3  -1  -1   4  -2  -3  -2  -1  -1  -2  -2   2   0  -3  -3  -3    0   8   5   0   0   0   3  48   0   0   6   1   2   2   0  22   2   0   0   0  0.44 0.07
   24 F    -3  -1  -4  -4  -3  -3  -4  -4  -2   0   2  -3   2   6  -4  -3  -1   2   3  -1    0   3   0   0   0   0   0   0   0   0  20   0   6  58   0   0   4   2   5   0  0.70 0.11
   25 F    -2  -3  -4  -4  -2  -3  -4  -4  -2   1   3  -3   2   6  -4  -3  -2   0   1   0    0   0   0   0   0   0   0   0   0   3  37   0   6  54   0   0   0   0   0   0  0.61 0.07

                      K         Lambda
Standard Ungapped    0.1469     0.3315
Standard Gapped      0.0436     0.2670
PSI Ungapped         0.1424     0.3157
PSI Gapped           0.0436     0.2670
