
Last position-specific scoring matrix computed, weighted observed percentages rounded down, information per position, and relative weight of gapless real matches to pseudocounts
            A   R   N   D   C   Q   E   G   H   I   L   K   M   F   P   S   T   W   Y   V   A   R   N   D   C   Q   E   G   H   I   L   K   M   F   P   S   T   W   Y   V
    1 L    -3  -4  -5  -5  -3  -4  -5  -5  -5   2   5  -4   1  -1  -4  -4  -3  -3  -3   1    0   0   0   0   0   0   0   0   0  11  81   0   0   0   0   0   0   0   0   8  0.99 0.27
    2 K    -3   1   4  -2  -4  -1  -1  -3  -2   1  -4   4  -3  -4  -3   0   3  -5  -4  -3    0   7  26   0   0   1   1   0   0   9   0  30   0   0   0   3  22   0   0   0  0.63 0.32
    3 C    -4  -5  -5  -2  11   4  -3  -6  -1  -5  -5  -2  -5  -6  -6  -3  -4  -6  -6  -5    0   0   0   2  71  20   1   0   2   0   0   3   0   0   0   1   0   0   0   0  2.60 0.77
    4 N    -3  -2   4  -1  -5   3   0  -4   0  -4  -2  -2  -3   1   4  -2   0  -3   3  -2    1   2  22   3   0  14   4   0   2   0   4   1   0   6  21   1   4   0  14   2  0.58 0.33
    5 K     0   0  -2  -2  -4   1   2  -2  -3   0  -4   2  -3  -1  -2   3   2  -4  -2  -2    5   3   0   0   0   7  12   3   0   6   0  13   0   2   1  31  13   0   1   2  0.37 0.29
    6 L    -2  -1  -1  -3  -3   1  -2  -2  -3   1   1   0   1  -1   2   1   2   3  -1  -1    1   2   3   0   0   6   1   1   0   9  15   6   4   3  11  13  16   5   1   2  0.20 0.19
    7 V    -1  -2  -2  -2  -3   2  -2  -1  -1   1   0  -2  -2   2   2   0   1  -1   2   1    2   2   1   1   0  12   1   6   1   8   7   0   0   8  10   7  11   1   9  14  0.17 0.18
    8 P    -2  -2  -3   0   7  -4  -3   0  -2  -5  -5  -4  -5  -3   6   1  -3  -6  -4  -5    2   2   1   6  21   0   1   7   1   0   0   0   0   1  44  13   1   0   1   0  1.32 0.55
    9 L    -1   0   0  -1  -3   2   1  -2   0   1   0   1  -1   1   2  -1  -2  -3  -1   0    3   5   4   1   0  11  10   2   2  10  12   9   0   8  12   3   0   0   1   6  0.14 0.15
   10 F    -1   1   1  -1  -4  -1  -1  -4  -3   0  -1   1  -1   0   0   0   5  -5  -3  -2    4   7   7   2   0   2   2   0   0   5   4  11   1   4   4   6  39   0   0   2  0.42 0.32
   11 Y    -1  -2  -2  -4  -4  -3  -3  -3   0  -1  -3  -1  -3   1   0   3   4   1   2   0    3   2   1   0   0   0   0   1   2   4   1   3   0   6   4  26  31   2   8   6  0.49 0.36
   12 K    -2   1  -2  -2  -5   3   4  -4   2  -4  -4   4  -1  -5  -4  -2   2   0  -4  -3    2   6   1   1   0  14  27   0   6   1   0  24   1   0   0   1  13   1   0   2  0.67 0.39
   13 T    -2   0   0   0   1  -2  -1  -3  -1   1  -2  -2  -3  -5   1   0   6  -5  -3  -2    2   4   3   4   3   2   4   1   1   8   2   2   0   0   6   4  51   0   1   1  0.68 0.42
   14 C    -5  -8  -7  -8  11  -7  -8  -7  -7  -2  -5  -7  -6  -7  -7  -5  -1  -7  -7  -1    0   0   0   0  90   0   0   0   0   2   0   0   0   0   0   0   4   0   0   5  3.63 1.05
   15 P     1   2  -2  -4  -5  -1   0  -3  -1  -5  -3  -1  -4  -5   6   0   0  -6  -5  -3   14  10   1   0   0   2   5   1   2   0   3   2   0   0  47   7   5   0   0   1  1.04 0.46
   16 A     0  -1   2   2   2  -1   2   1   0  -2  -4  -1  -3  -4   3   0  -1  -4  -3  -2   10   2  11  12   6   2  17  10   2   3   1   3   0   0  13   6   1   0   0   2  0.30 0.19
   17 G    -1  -4  -2  -1  -5  -4  -1   6   2  -6  -6  -4  -5  -3  -4  -1  -4   1  -2  -5    5   0   1   4   0   0   5  69   5   0   0   0   0   1   0   4   0   2   2   0  1.30 0.51
   18 K    -3  -2  -1  -2  -6   5   5  -3   3  -3  -5   2  -1  -5  -4  -1  -3   0  -4  -2    0   0   2   1   0  30  36   1   6   1   0  12   2   0   0   5   0   1   0   3  0.96 0.49
   19 D    -3  -1   6   2  -4  -2   0  -2  -2  -5  -3   3  -4  -4  -4   0   2  -5   0  -4    0   3  37  10   0   0   4   2   0   0   2  19   0   0   0   7  12   0   4   0  0.72 0.39
   20 L    -2  -1   0  -3  -3   0  -3  -4  -3   3   3  -2   0   1  -4   0   2  -3  -1   1    1   3   5   0   0   5   0   0   0  17  29   1   1   6   0   9  12   0   1   8  0.28 0.22
   21 C    -6  -9  -8  -9  12  -8  -9  -8  -9  -7  -7  -9  -7  -8  -8  -6  -6  -8  -8  -6    0   0   0   0 100   0   0   0   0   0   0   0   0   0   0   0   0   0   0   0  4.59 1.36
   22 Y    -5  -6  -3  -6  -1  -3  -6  -6  -3  -1  -3  -6  -4   6  -7  -5  -5  -2   8  -2    0   0   2   0   1   2   0   0   0   3   2   0   0  34   0   0   0   0  52   3  2.06 0.77
   23 K    -2   0   0  -3  -5   1   0  -4  -4  -5  -2   6  -1  -5  -4  -2   1  -5  -5  -2    2   4   4   0   0   5   6   0   0   0   5  58   1   0   0   2  10   0   0   2  1.04 0.52
   24 M    -2   3  -1  -4  -5  -1  -1  -2  -4  -2  -2   6   5  -2  -4  -2  -1  -5  -2  -4    3  13   2   0   0   1   3   2   0   2   2  47  14   1   0   3   3   0   1   0  0.90 0.48
   25 Y    -2   0   0  -4  -4  -1  -3  -4   0  -2  -2  -1   0   3  -4   1   3   7   2  -3    2   5   4   0   0   3   1   0   2   2   3   4   2  15   0  11  23  14   7   1  0.56 0.34
   26 M    -5  -2  -3  -5  -2   0  -2  -4   1  -1  -1  -1   4   1  -3  -5  -1  10   3  -3    0   2   1   0   1   4   3   1   4   3   6   4  10   5   2   0   5  37   8   2  1.33 0.55
   27 V    -1   2   0  -2   5   0   0  -2  -1   0  -2   2   0  -2  -1   0   1  -4   1   0    3  12   6   1  15   3   5   2   1   5   1  14   3   1   2   5   8   0   5   9  0.23 0.20
   28 A    -1  -1   0   4  -4  -2   0   1  -3  -2  -3   0   0   0  -2   0   0  -4   0  -2    4   3   4  31   0   0   6  11   0   2   2   7   3   5   2   8   5   0   3   3  0.34 0.24
   29 T     0   0   1  -1  -3  -1  -2   1   5  -1  -1  -1  -1   0   0   0   1  -4  -2  -1    8   4   6   4   0   1   1  12  19   5   7   4   1   4   5   7   8   0   0   4  0.20 0.18
   30 P    -4   6  -1  -4  -5  -1  -3  -1  -1  -2   0   0  -1   0   4  -2  -2   1  -4  -4    0  39   3   0   0   2   0   5   1   2   9   4   1   4  23   2   2   2   0   0  0.83 0.45
   31 K    -2   0  -1  -2  -5  -3  -1   6  -3  -5  -3   1  -1  -5  -5  -2  -1  -5  -3  -3    1   6   2   2   0   0   4  59   0   0   3  11   2   0   0   2   4   0   1   2  0.99 0.43
   32 V    -2   0  -2  -3  -2  -2   1  -3   0   1  -1   2   1   0  -1  -1   2   2   2   1    1   4   1   0   1   0   8   1   2   9   5  16   4   3   3   3  14   3   8  11  0.15 0.17
   33 P    -3   5  -2   1  -5  -1   0  -4  -3   2  -2   1  -1  -2   3  -3  -2  -1  -4   0    0  31   1   7   0   2   4   1   0  14   2  10   1   2  14   1   2   1   0   9  0.50 0.29
   34 V    -1  -3  -5  -5  -4  -3  -5  -6  -3   5   0  -4   0   0  -5  -3   1  -4   2   4    4   2   0   0   0   1   0   0   1  38   7   1   1   3   0   1   8   0   8  27  0.76 0.35
   35 K    -2   0  -2   1  -5   0   4  -3  -1   1  -3   3  -3  -3  -3  -1   0  -5  -4   0    2   3   1   7   0   2  36   2   1   9   2  17   0   1   1   4   6   0   0   8  0.47 0.29
   36 R    -5   7  -4  -5  -6   0  -4  -4  -4  -4   0   1   2  -2  -6  -4  -5  -1  -5  -5    0  70   0   0   0   3   0   1   0   1  11   5   4   2   0   0   0   1   0   0  1.62 0.61
   37 G    -2  -3  -4  -5  -6  -6  -4   7  -6  -8  -8  -4  -7  -7  -6  -3  -4  -7  -7  -7    2   1   0   0   0   0   1  93   0   0   0   1   0   0   0   1   1   0   0   0  2.34 0.74
   38 C    -5  -9  -8  -9  12  -8  -9  -8  -8  -6  -6  -8  -6  -7  -8  -6  -6  -7  -7  -6    0   0   0   0 100   0   0   0   0   0   0   0   0   0   0   0   0   0   0   0  4.43 1.14
   39 I     5  -3  -3  -3  -2  -2  -2  -2  -3   2  -2  -2  -2  -3  -2   0   2  -3  -3   1   47   1   1   1   0   1   1   1   0  11   2   1   0   1   1   5  13   0   1  11  0.57 0.27
   40 D     5  -2  -2   3  -2  -2  -1  -2  -1  -3  -2   0  -2  -1  -2  -1  -1  -3  -1  -1   51   1   1  15   0   1   3   1   2   1   4   5   0   2   1   2   3   0   2   3  0.55 0.27
   41 V    -1  -3   0  -4  -4  -4  -4   3  -5  -2  -4  -2  -4  -5  -4   0   6  -6  -5   0    5   1   4   0   0   0   0  20   0   2   0   2   0   0   0   7  51   0   0   8  0.94 0.46
   42 C    -5  -9  -8  -9  12  -8  -9  -8  -8  -6  -6  -8  -6  -7  -8  -6  -6  -7  -7  -6    0   0   0   0 100   0   0   0   0   0   0   0   0   0   0   0   0   0   0   0  4.43 1.14
   43 P    -2  -7  -6  -6  -7  -6  -6  -7  -7  -7  -7  -5  -7  -8   9  -5  -3  -8  -3  -7    3   0   0   0   0   0   0   0   0   0   0   0   0   0  93   0   2   0   1   0  3.05 0.94
   44 K    -2   0   0  -1  -4   0   2  -3  -2  -1  -3   4  -3  -5  -1   0   2  -5  -4  -1    1   4   5   3   0   3  13   1   0   5   1  34   0   0   3   8  16   0   0   4  0.48 0.30
   45 S     1   0   0  -2  -3  -2   0   0  -3  -1  -1   0  -1  -2   3   1   0  -4  -3   3   13   5   5   0   0   0   5   7   0   2   3   4   1   1  13   9   4   0   0  26  0.23 0.19
   46 S    -3  -1  -1  -1  -5   0   1  -1  -3  -2  -4   5  -2  -5  -2   3  -1  -5  -3  -2    0   2   3   3   0   2   9   4   0   2   1  44   1   0   1  22   4   0   1   2  0.68 0.37
   47 L     0  -2   2  -1  -4  -3   0  -2   1  -2  -1   0  -2  -3   6   0  -2  -5   1  -3    7   2   9   3   0   0   5   2   4   2   8   6   1   1  38   5   1   0   5   1  0.67 0.31
   48 L    -3   2   2   1  -4  -2  -2   3   1  -3   1  -1  -3  -1  -3  -2  -2  -3   3  -3    0  11  11   8   0   1   2  28   3   0  14   3   0   2   1   2   1   0  12   1  0.39 0.25
   49 V    -2  -1  -1   0  -4  -1   3  -1  -3   2   0  -1  -1  -2  -4  -2  -1  -2  -3   3    0   3   2   5   0   1  23   6   0  13   6   3   1   1   0   2   4   1   0  29  0.33 0.24
   50 K    -2   1   0   1   0   1   1  -2   1   0  -2   3   0  -3  -2   1   0  -4  -2  -1    1   5   5   8   2   5   9   2   3   7   2  26   2   1   1  10   5   0   1   4  0.21 0.16
   51 Y    -4  -3  -5  -6  -4  -5  -5  -6  -4   4   2  -5   1  -1  -5  -4  -2  -3   4   4    0   1   0   0   0   0   0   0   0  28  16   0   3   2   0   0   2   0  17  31  0.89 0.38
   52 V    -2   0   1  -1  -3   1   1  -3   2   0   0   2   0   0  -3  -1   1  -4  -1   1    1   3   8   1   0   8  10   0   7   6   9  14   2   4   0   3  12   0   2  13  0.16 0.16
   53 C    -5  -8  -8  -9  12  -8  -9  -7  -8  -6  -6  -8  -6  -7  -8  -6  -6  -7   0  -6    0   0   0   0  97   0   0   0   0   0   0   0   0   0   0   0   0   0   3   0  4.22 1.11
   54 C    -5  -9  -8  -9  12  -8  -9  -8  -8  -6  -6  -8  -6  -7  -8  -6  -6  -7  -7  -6    0   0   0   0 100   0   0   0   0   0   0   0   0   0   0   0   0   0   0   0  4.43 1.14
   55 N     0   1   2   0  -4  -1  -1  -2  -1  -4  -3   2  -4  -5  -2   4   2  -5  -4  -3    5   9  12   5   0   1   2   1   1   0   1  12   0   0   2  34  14   0   0   1  0.51 0.31
   56 T    -3   1  -3  -5  -5  -4  -4  -4  -5  -1  -5  -1  -4  -6  -5   0   7  -6  -5  -4    1   8   1   0   0   0   0   1   0   4   0   4   0   0   0   6  76   0   0   0  1.66 0.67
   57 D    -4  -5   2   8  -7  -4   0  -5  -5  -7  -8  -5  -7  -8  -1  -4  -5  -8  -7  -7    1   0   7  85   0   0   3   0   0   0   0   0   0   0   3   0   0   0   0   0  2.33 0.74
   58 R    -3   3   5   0  -6  -2   0  -4  -3  -5  -4   5  -5  -6  -4  -2  -3  -6  -2  -5    1  15  27   6   0   0   4   0   0   0   1  42   0   0   0   1   1   0   1   0  1.06 0.46
   59 C    -5  -8  -8  -8  12  -8  -9  -7  -8  -6  -6  -8  -6  -7  -8  -6  -6  -7  -7  -6    0   0   0   0 100   0   0   0   0   0   0   0   0   0   0   0   0   0   0   0  4.39 1.07
   60 N    -6  -5   9  -1  -7  -4  -4  -5  -4  -8  -8  -4  -6  -7  -6  -4  -4  -8  -6  -7    0   0  97   3   0   0   0   0   0   0   0   0   0   0   0   0   0   0   0   0  2.91 0.83

                      K         Lambda
Standard Ungapped    0.1421     0.3281
Standard Gapped      0.0468     0.2670
PSI Ungapped         0.1530     0.3132
PSI Gapped           0.0468     0.2670
