
Last position-specific scoring matrix computed, weighted observed percentages rounded down, information per position, and relative weight of gapless real matches to pseudocounts
            A   R   N   D   C   Q   E   G   H   I   L   K   M   F   P   S   T   W   Y   V   A   R   N   D   C   Q   E   G   H   I   L   K   M   F   P   S   T   W   Y   V
    1 E    -1   0   0   1  -4   1   4  -2   6  -4  -3   0  -2  -2  -2  -1  -1  -3   0  -3    0   0   0   0   0   0  54   0  46   0   0   0   0   0   0   0   0   0   0   0  0.58 0.00
    2 E    -1   0   0   2  -4   2   6  -2   0  -4  -3   1  -2  -4  -1   0  -1  -3  -2  -3    0   0   0   0   0   0 100   0   0   0   0   0   0   0   0   0   0   0   0   0  0.75 0.01
    3 D    -1   0   0   3  -4   2   5  -2   0  -4  -3   1  -2  -4  -1   0  -1  -3  -3  -3    0   0   0  19   0   0  81   0   0   0   0   0   0   0   0   0   0   0   0   0  0.71 0.01
    4 R    -2   7  -1  -2  -4   1   0  -3  -1  -4  -3   2  -2  -3  -3  -1  -2  -3  -2  -3    0 100   0   0   0   0   0   0   0   0   0   0   0   0   0   0   0   0   0   0  0.94 0.05
    5 K     0   2  -2  -2  -2  -1  -2   1  -2   2   0   0   1  -2  -2   0  -1  -3  -2   1    7  19   0   0   0   0   0  12   0  27   0   7   7   0   0   8   0   0   0  13  0.08 0.01
    6 C    -1  -5  -4  -5  11  -4  -5  -4  -4  -2  -2  -4  -2  -3  -4  -2  -2  -3  -3  -2    0   0   0   0 100   0   0   0   0   0   0   0   0   0   0   0   0   0   0   0  1.90 0.12
    7 P    -2  -3  -3  -2  -4  -2  -2  -3  -3  -4  -4  -2  -3  -5   8  -2  -2  -5  -4  -3    0   0   0   0   0   0   0   0   0   0   0   0   0   0 100   0   0   0   0   0  2.30 0.10
    8 K    -2   6  -1  -2  -4   1   0  -3  -1  -3  -2   3  -2  -3  -3  -1  -2  -3  -2  -3    0  75   0   0   0   0   0   0   0   0   5  21   0   0   0   0   0   0   0   0  0.78 0.07
    9 I    -2  -4  -4  -4  -2  -4  -4  -5  -4   6   1  -3   1  -1  -4  -3  -1  -3  -2   2    0   0   0   0   0   0   0   0   0 100   0   0   0   0   0   0   0   0   0   0  0.70 0.08
   10 L    -2  -3  -4  -4  -2  -3  -3  -4  -3   1   4  -3   1   0  -4  -3  -2   6   2   0    0   0   0   0   0   0   0   0   0   0  79   0   0   0   0   0   0  13   8   0  0.60 0.06
   11 M    -2  -1  -2  -3  -2   1  -2  -3  -2   0   1   1   8  -1  -3  -2  -1  -2  -2   0    0   0   0   0   0   5   0   0   0   0   0  14  81   0   0   0   0   0   0   0  0.62 0.10
   12 R    -1   2  -1   0  -4   2   3  -2  -1  -4  -3   3  -2  -4   3  -1  -1  -3  -2  -3    0  14   0   0   0   7  35   0   0   0   0  29   0   0  14   0   0   0   0   0  0.53 0.04
   13 C    -1  -5  -4  -5  11  -4  -5  -4  -4  -2  -2  -4  -2  -3  -4  -2  -2  -3  -3  -2    0   0   0   0 100   0   0   0   0   0   0   0   0   0   0   0   0   0   0   0  1.90 0.12
   14 K    -1   3  -1  -1  -3   1   0  -2  -1  -3  -3   5  -2  -4  -2   0   0  -4  -2  -3    0  12   0   0   0   0   0   0   0   0   0  77   0   0   0   6   5   0   0   0  0.60 0.07
   15 R    -1   4  -1  -2  -3   2   0  -2   3  -2  -1   2  -1  -3  -2   0   0  -3  -1  -1    3  42   0   0   0  10   0   0  11   0   6  10   0   0   0   6   5   0   0   7  0.32 0.04
   16 D    -2  -2   2   7  -4  -1   1  -2  -2  -4  -5  -1  -4  -4  -2  -1  -2  -5  -4  -4    0   0   7  93   0   0   0   0   0   0   0   0   0   0   0   0   0   0   0   0  1.16 0.08
   17 S     1  -1   0   2  -2  -1   0  -1  -2  -3  -3  -1  -2  -3  -1   5   1  -4  -2  -2    5   0   0  11   0   0   0   0   0   0   0   0   0   0   0  78   6   0   0   0  0.52 0.07
   18 D    -3  -2   1   7  -4  -1   1  -2  -2  -4  -5  -1  -4  -4  -2  -1  -2  -5  -4  -4    0   0   0 100   0   0   0   0   0   0   0   0   0   0   0   0   0   0   0   0  1.26 0.09
   19 C    -1  -5  -4  -5  11  -4  -5  -4  -4  -2  -2  -4  -2  -3  -4  -2  -2  -3  -3  -2    0   0   0   0 100   0   0   0   0   0   0   0   0   0   0   0   0   0   0   0  1.90 0.12
   20 L    -2  -3  -4  -4  -2  -2  -3  -4  -3   1   4  -3   3   1   3  -2  -2  -2  -1   0    0   0   0   0   0   0   0   0   0   0  62   0  13   6  19   0   0   0   0   0  0.47 0.05
   21 A     3   0  -2  -2  -2  -1  -2   2  -2  -2   0  -1  -1  -3   2   0  -1  -3  -2  -1   53   7   0   0   0   0   0  19   0   0  11   0   0   0  11   0   0   0   0   0  0.31 0.04
   22 K     0   0   0   3  -3   2   3   2  -1  -3  -3   1  -2  -4  -2   0   0  -3  -3  -3    8   0   0  19   0  15  26  17   0   0   0   8   0   0   0   0   6   0   0   0  0.35 0.03
   23 C    -1  -5  -4  -5  11  -4  -5  -4  -4  -2  -2  -4  -2  -3  -4  -2  -2  -3  -3  -2    0   0   0   0 100   0   0   0   0   0   0   0   0   0   0   0   0   0   0   0  1.90 0.12
   24 T    -1  -1  -3  -3  -2  -2  -3  -4  -3   4   1  -1   0  -1  -3  -2   1  -3  -2   3    0   5   0   0   0   0   0   0   0  46   0   7   0   0   0   0   9   0   0  33  0.29 0.04
   25 C    -1  -5  -4  -5  11  -4  -5  -4  -4  -2  -2  -4  -2  -3  -4  -2  -2  -3  -3  -2    0   0   0   0 100   0   0   0   0   0   0   0   0   0   0   0   0   0   0   0  1.90 0.12
   26 Q    -1   2  -2  -3  -2   1  -1  -2  -2   1   3   0   2  -1  -3  -2  -1  -2  -2   1    0  14   0   0   0  11   0   3   0   0  44   7   7   0   0   0   0   0   0  13  0.17 0.03
   27 E     0   0   0   2  -3   1   3   0  -1  -3  -3   1  -2  -3   2   1  -1  -3  -2  -2    7   4   0   9   0   5  37   9   0   0   0   6   0   0  10  12   0   0   0   0  0.34 0.03
   28 S     0  -1   4   1  -3   1   0  -1   5  -3  -3  -1  -2  -2  -2   1  -1  -3  -1  -3    6   0  35   4   0   4   4   1  30   0   1   0   0   0   0  13   0   0   0   1  0.43 0.04
   29 G     0  -3  -1  -2  -3  -2  -1   6  -3  -5  -4  -2  -3  -4  -3  -1  -2  -3  -4  -4    0   0   0   0   0   0   5  95   0   0   0   0   0   0   0   0   0   0   0   0  1.19 0.08
   30 Y    -2  -2  -2  -4  -3  -2  -3  -4   4   0  -1  -3  -1   5  -4  -2  -2   1   6  -1    0   0   0   0   0   0   0   0  13   8   0   0   0  31   0   0   0   0  47   0  0.72 0.06
   31 C    -1  -5  -4  -5  11  -4  -5  -4  -4  -2  -2  -4  -2  -3  -4  -2  -2  -3  -3  -2    0   0   0   0 100   0   0   0   0   0   0   0   0   0   0   0   0   0   0   0  1.90 0.12
   32 G     0  -3  -1  -2  -3  -2  -3   7  -3  -5  -5  -2  -3  -4  -3  -1  -2  -3  -4  -4    0   0   0   0   0   0   0 100   0   0   0   0   0   0   0   0   0   0   0   0  1.30 0.08

                      K         Lambda
Standard Ungapped    0.1384     0.3244
Standard Gapped      0.0410     0.2670
PSI Ungapped         0.1384     0.3244
PSI Gapped           0.0410     0.2670
