
Last position-specific scoring matrix computed, weighted observed percentages rounded down, information per position, and relative weight of gapless real matches to pseudocounts
           A  R  N  D  C  Q  E  G  H  I  L  K  M  F  P  S  T  W  Y  V   A   R   N   D   C   Q   E   G   H   I   L   K   M   F   P   S   T   W   Y   V
    1 M   -1 -2 -2 -3 -2  0 -2 -3 -2  1  2 -2  6  0 -3 -2 -1 -2 -1  1    0   0   0   0   0   0   0   0   0   0   0   0 100   0   0   0   0   0   0   0  0.35 0.00
    2 D   -1 -2  1  5 -3 -1  0  4 -2 -4 -4 -1 -3 -4 -2  0 -1 -4 -3 -4    0   0   0  50   0   0   0  50   0   0   0   0   0   0   0   0   0   0   0   0  0.66 0.00
    3 F   -2 -3 -3 -4 -3 -4 -4 -4 -1  0  0 -3  0  7 -4 -3 -2  1  3 -1    0   0   0   0   0   0   0   0   0   0   0   0   0 100   0   0   0   0   0   0  0.74 0.00
    4 I   -2 -3 -4 -4 -1 -3 -3 -4 -3  4  3 -3  2  0 -3 -3 -1 -3 -1  2    0   0   0   0   0   0   0   0   0  68  32   0   0   0   0   0   0   0   0   0  0.37 0.00
    5 T    0 -2 -1 -2 -1 -1 -2 -2 -2  2  0 -1  0 -1 -2  1  4 -3 -2  1    0   0   0   0   0   0   0   0   0  33   0   0   0   0   0   0  67   0   0   0  0.28 0.00
    6 G   -1 -1  0  4 -4  0  3  3 -1 -4 -4  0 -3 -4 -2  0 -1 -3 -3 -3    0   0   0  32   0   0  33  35   0   0   0   0   0   0   0   0   0   0   0   0  0.52 0.00
    7 F   -2 -3 -4 -4 -2 -3 -4 -4 -2  0  2 -3  1  6 -4 -3 -2  0  3  0    0   0   0   0   0   0   0   0   0   0  27   0   0  73   0   0   0   0   0   0  0.56 0.01
    8 F   -2 -3 -3 -4 -2 -3 -3 -4 -2  1  2 -3  3  5 -4 -3 -2  0  2  0    0   0   0   0   0   0   0   0   0   0  28   0  18  54   0   0   0   0   0   0  0.44 0.02
    9 G    3 -2 -1 -1 -1 -1 -1  3 -2 -2 -2 -1 -2 -3 -1  2  1 -3 -2 -1   41   0   0   0   0   0   0  26   0   0   0   0   0   0   0  24  10   0   0   0  0.35 0.01
   10 S    2 -1  4  0 -2  0 -1  0  0 -3 -3  0 -2 -3 -2  2  0 -4 -2 -2   32   0  47   0   0   0   0   0   0   0   0   0   0   0   0  21   0   0   0   0  0.38 0.02
   11 L   -2 -2 -3 -4 -2 -2 -3 -4 -3  3  3 -2  6  0 -3 -2 -1 -2 -2  1    0   0   0   0   0   0   0   0   0  20  28   0  52   0   0   0   0   0   0   0  0.48 0.06
   12 N   -2 -1  7  2 -3 -1 -1 -1  0 -4 -4 -1 -3 -4 -3  0  0 -5 -3 -4    0   0  88   8   0   0   0   0   0   0   0   0   0   0   0   0   4   0   0   0  0.90 0.08
   13 F   -2 -3 -4 -4 -2 -3 -4 -4 -3  1  4 -3  1  3 -4 -3 -2  8  1  0    0   0   0   0   0   0   0   0   0   5  59   0   0  13   0   0   0  23   0   0  0.66 0.05
   14 E   -1  0 -1  1 -4  3  6 -3 -1 -4 -4  0 -2 -4 -2 -1 -1 -4 -3 -3    0   0   0   0   0  13  87   0   0   0   0   0   0   0   0   0   0   0   0   0  0.89 0.08
   15 V   -1 -3 -3 -3 -2 -3 -3 -4 -4  3  1 -3  0 -1  2 -2  0 -3 -2  4    0   0   0   0   0   0   0   0   0  21   3   0   0   0  12   0   4   0   0  61  0.39 0.05
   16 I   -2 -4 -4 -4 -2 -3 -4 -4 -4  5  2 -3  1 -1 -3 -3 -1 -3 -2  3    0   0   0   0   0   0   0   0   0  77   5   0   0   0   0   0   0   0   0  19  0.54 0.06
   17 F    3 -2 -2 -3 -1 -2 -2  0 -2  0 -1 -2 -1  4 -2  0  0 -2  0  1   50   0   0   0   0   0   0   5   0   0   0   0   0  28   0   0   4   0   0  13  0.25 0.04
   18 Q   -2  0 -1 -1 -4  7  1 -3  0 -4 -3  1 -1 -4 -2 -1 -1 -3 -2 -3    0   0   0   0   0 100   0   0   0   0   0   0   0   0   0   0   0   0   0   0  1.05 0.11
   19 L   -2 -3 -4 -4 -2 -3 -4 -4 -4  1  5 -3  2  0 -4 -3 -2 -2 -2  0    0   0   0   0   0   0   0   0   0   0 100   0   0   0   0   0   0   0   0   0  0.67 0.07
   20 T   -1 -2 -1 -2 -1 -1 -2 -1 -3  0 -1 -1 -1 -2 -2  1  5 -3 -2  1    0   0   0   0   0   0   0   5   0   3   3   0   0   0   0   0  77   0   0  12  0.47 0.07
   21 F    1 -2 -2 -3 -2 -2 -2 -2 -2  1  0 -2  2  4 -3  1  0 -1  0  2   11   0   0   0   0   0   0   0   0   0   0   0  15  27   0  19   0   0   0  27  0.19 0.04
   22 V   -2 -3 -4 -4 -2 -3 -3 -4 -4  2  4 -3  2  0 -3 -3 -1 -2 -2  2    0   0   0   0   0   0   0   0   0   7  71   0   0   0   0   0   0   0   0  22  0.47 0.05
   23 S    3 -2 -1 -2 -1 -1 -1  1 -2 -1 -1 -1 -1 -3 -1  2  2 -3 -2  0   51   0   0   0   0   0   0   9   0   0   3   0   0   0   0  13  21   0   0   4  0.30 0.04
   24 L   -2 -3 -4 -4 -2 -2 -3 -4 -3  1  4 -3  4  2 -3 -2 -1 -2 -1  1    0   0   0   0   0   0   0   0   0   4  69   0  16   8   0   3   0   0   0   0  0.44 0.05
   25 I   -1 -3 -4 -4 -2 -3 -4 -4 -4  5  1 -3  1 -1 -3 -2  0 -3 -2  3    4   0   0   0   0   0   0   0   0  78   0   0   3   0   0   0   4   0   0  11  0.47 0.06
   26 L    0 -3 -3 -4 -1 -3 -3 -1 -3  3  2 -3  2 -1 -3 -2 -1 -3 -2  4    4   0   0   0   0   0   0   7   0  16  15   0   6   0   0   0   0   0   0  52  0.29 0.04
   27 I    1 -3 -3 -3 -1 -2 -3 -2 -3  3  2 -2  1 -1 -3 -1  0 -3 -2  2   14   0   0   0   0   0   0   3   0  32  26   0   0   0   0   0   8   0   0  16  0.22 0.03
   28 S    3 -2 -1 -1 -1 -1 -1 -1 -2 -2 -2 -1 -1 -3 -1  3  2 -3 -2  0   44   0   0   0   0   0   0   0   0   0   0   0   0   0   0  39  13   0   0   5  0.36 0.05
   29 G    0 -3 -1 -2 -3 -2 -3  7 -3 -5 -5 -2 -3 -4 -3 -1 -2 -3 -4 -4    0   0   0   0   0   0   0 100   0   0   0   0   0   0   0   0   0   0   0   0  1.29 0.08
   30 P   -2 -3 -3 -2 -4 -2 -2 -3 -3 -4 -4 -2 -3 -5  9 -2 -2 -5 -4 -3    0   0   0   0   0   0   0   0   0   0   0   0   0   0 100   0   0   0   0   0  2.29 0.11
   31 V    0 -3 -3 -4 -1 -2 -3 -3 -3  2  3 -3  2  0 -3 -2 -1 -2 -1  2   11   0   0   0   0   0   0   0   0   8  46   0   7   3   0   0   0   0   0  26  0.29 0.03
   32 V   -1 -3 -4 -4 -1 -3 -3 -4 -4  4  1 -3  1 -1 -3 -2 -1 -3 -2  5    0   0   0   0   0   0   0   0   0  24   0   0   0   0   0   0   0   0   0  76  0.52 0.06
   33 I   -2 -4 -4 -4 -2 -3 -4 -4 -4  5  1 -3  1 -1 -3 -3 -1 -3 -2  3    0   0   0   0   0   0   0   0   0  85   0   0   0   0   0   0   0   0   0  15  0.59 0.07
   34 F    2 -3 -3 -3 -2 -2 -3 -1 -2  1  0 -2  0  4 -3 -1 -1 -1  1  2   28   0   0   0   0   0   0   3   0   4   5   0   0  33   0   0   0   0   0  27  0.24 0.04
   35 L   -2 -3 -4 -4 -2 -3 -3 -4 -3  1  4 -3  2  1 -3 -3 -2 -1  2  2    0   0   0   0   0   0   0   0   0   0  74   0   0   4   0   0   0   0   8  14  0.44 0.05
   36 L   -2 -3 -4 -4 -2 -3 -3 -4 -3  1  5 -3  2  0 -3 -1 -1 -2 -2  0    0   0   0   0   0   0   0   0   0   0  94   0   0   0   0   6   0   0   0   0  0.56 0.07
   37 A    5 -2 -1 -2 -1 -1 -1  0 -2 -2 -2 -1 -2 -3 -1  2  0 -3 -2 -1   79   0   0   0   0   0   0   0   0   0   0   0   0   0   0  21   0   0   0   0  0.51 0.07
   38 I    1 -2 -2 -3 -1 -2 -2 -2 -2  2  1 -2  0  3 -2  0  1 -2  0  2   16   0   0   0   0   0   0   0   0  19  11   0   0  22   0   8   8   0   0  15  0.15 0.02
   39 R   -2  7  0 -2 -4  2  0 -3 -1 -4 -3  2 -2 -4 -3 -1 -2 -3 -2 -3    0  87   4   0   0   9   0   0   0   0   0   0   0   0   0   0   0   0   0   0  0.91 0.08
   40 G   -1  2  1 -1 -4  0  1  3 -1 -4 -3  4 -2 -4 -2 -1 -1 -3 -3 -3    0  11   6   0   0   0   8  26   0   0   0  49   0   0   0   0   0   0   0   0  0.43 0.05
   41 G    0  0 -1 -2 -3 -2 -3  6 -3 -5 -4 -2 -3 -4 -3 -1 -2 -3 -4 -4    0   8   0   0   0   0   0  92   0   0   0   0   0   0   0   0   0   0   0   0  1.10 0.07
   42 D   -2 -1  6  4 -4 -1  0 -1  0 -4 -4 -1 -3 -4 -3  0 -1 -5 -3 -4    0   0  75  25   0   0   0   0   0   0   0   0   0   0   0   0   0   0   0   0  0.89 0.08
   43 M   -2 -3 -4 -4 -2 -3 -4 -4 -3  1  5 -3  2  0 -4 -3 -2 -2 -2  0    0   0   0   0   0   0   0   0   0   0  96   0   4   0   0   0   0   0   0   0  0.64 0.07

                      K         Lambda
Standard Ungapped    0.1579     0.3392
Standard Gapped      0.0410     0.2670
PSI Ungapped         0.1579     0.3392
PSI Gapped           0.0410     0.2670
