
Last position-specific scoring matrix computed, weighted observed percentages rounded down, information per position, and relative weight of gapless real matches to pseudocounts
           A  R  N  D  C  Q  E  G  H  I  L  K  M  F  P  S  T  W  Y  V   A   R   N   D   C   Q   E   G   H   I   L   K   M   F   P   S   T   W   Y   V
    1 Q   -1  1  0  0 -3  6  2 -2  0 -3 -2  1  0 -3 -1  0 -1 -2 -2 -2    0   0   0   0   0 100   0   0   0   0   0   0   0   0   0   0   0   0   0   0  0.67 0.01
    2 A    3 -2 -2 -2 -1 -1 -1  0 -2 -2 -2 -1 -1 -3  5  1  0 -3 -2 -1   67   0   0   0   0   0   0   0   0   0   0   0   0   0  33   0   0   0   0   0  0.62 0.00
    3 V   -1  3 -1 -2 -2  0 -1 -2 -2  1 -1  0  0 -2 -2  0  2 -3 -2  2    0  33   0   0   0   0   0   0   0   0   0   0   0   0   0   0  32   0   0  35  0.20 0.00
    4 M   -1 -2 -2 -3 -2 -1 -2 -3 -2  1  2 -2  6  0 -3 -2 -1 -2 -1  1    0   0   0   0   0   0   0   0   0   0   0   0 100   0   0   0   0   0   0   0  0.37 0.01
    5 N   -1 -1  4  3 -3 -1  0 -1 -1 -3 -4 -1 -3 -4  5  0 -1 -4 -3 -3    0   0  35  32   0   0   0   0   0   0   0   0   0   0  33   0   0   0   0   0  0.74 0.00
    6 P    3 -2 -2 -2 -1 -1 -1 -1 -2 -2 -2 -1 -2 -3  5  1  0 -3 -2 -1   65   0   0   0   0   0   0   0   0   0   0   0   0   0  35   0   0   0   0   0  0.66 0.00
    7 E    0 -1 -1  1 -4  1  5  0 -1 -3 -3  0 -2 -3 -1  0 -1 -3 -2 -3    8   0   0   0   0   0  85   7   0   0   0   0   0   0   0   0   0   0   0   0  0.64 0.03
    8 N   -1 -2  1 -2 -2 -2 -2 -3 -2  4  1 -1  1 -1 -3 -1 -1 -3 -2  2    0   0  12   0   0   0   0   0   0  64  10   7   0   0   0   8   0   0   0   0  0.18 0.02
    9 T    3 -1 -1 -1 -1 -1 -1  0 -2 -1 -1 -1 -1 -2 -1  2  2 -3 -2 -1   52   0   0   0   0   0   0   0   0   0   4   0   0   0   0  27  18   0   0   0  0.31 0.02
   10 F    0 -3 -1 -2 -3 -2 -3  6 -3 -4 -4 -2 -3 -1 -3 -1 -2 -3 -3 -4    0   0   0   0   0   0   0  96   0   0   0   0   0   4   0   0   0   0   0   0  1.22 0.10
   11 Y   -2 -3 -4 -4 -2 -3 -3 -4 -3  2  4 -3  2  1 -3 -3 -2 -2 -1  1    0   0   0   0   0   0   0   0   0   4  87   0   2   3   0   0   0   0   1   3  0.58 0.08
   12 S   -1  0  5  3 -3  0  2 -1  0 -4 -4  0 -3 -4 -2  0  0 -4 -3 -3    1   1  51  15   0   0  21   0   1   0   0   4   0   0   0   2   2   0   0   0  0.58 0.07
   13 V   -1 -3 -4 -4 -1 -3 -3 -4 -4  2  1 -3  0 -1 -3 -2 -1 -4 -2  5    0   0   0   0   0   0   0   0   0   4   2   0   0   0   0   0   0   0   0  94  0.62 0.10
   14 K   -1  0 -2 -1 -2  0  1 -3 -2  1  3  1  2 -1 -2 -2 -1 -2 -2  0    1   3   0   2   0   6  10   0   0   4  48  15   6   0   1   0   0   0   0   4  0.17 0.04
   15 R   -2  7 -1 -2 -4  0 -1 -3 -1 -4 -3  2 -2 -4 -3 -1 -2 -3 -2 -3    0  94   0   0   0   0   0   0   0   0   0   2   0   0   0   3   0   0   0   2  1.02 0.12
   16 I   -2 -3 -4 -4 -2 -3 -4 -4 -4  5  2 -3  1 -1 -3 -3 -1 -3 -2  3    0   0   0   0   0   0   0   0   0  79  13   0   0   0   0   0   0   0   0   9  0.58 0.08
   17 I   -2 -3 -4 -4 -2 -3 -4 -4 -4  5  2 -3  1 -1 -3 -3 -1 -3 -2  3    0   0   0   0   0   0   0   0   0  73  12   0   0   0   0   0   0   0   0  16  0.55 0.08
   18 N   -2 -1  7  1 -3 -1 -1 -1  0 -4 -4 -1 -3 -4 -1  0 -1 -5 -3 -4    0   0  96   0   0   0   0   0   0   0   0   0   0   0   2   2   0   0   0   0  1.09 0.13
   19 E   -1 -1 -1  1 -4  1  6 -1 -1 -4 -4  0 -3 -4 -2 -1 -2 -4 -3 -3    0   0   0   0   0   0  97   3   0   0   0   0   0   0   0   0   0   0   0   0  1.00 0.12
   20 P   -2 -3 -3 -2 -4 -2 -2 -3 -3 -4 -4 -2 -3 -5  8 -2 -2 -5 -4 -3    0   0   0   0   0   0   0   0   0   0   0   0   0   0 100   0   0   0   0   0  2.34 0.14
   21 T   -1 -2  1 -2 -2 -1 -1 -2 -2 -1 -2 -1 -1 -3 -2  1  6 -3 -2 -1    0   0   4   0   0   0   0   0   0   0   0   0   0   0   0   2  94   0   0   0  0.77 0.12
   22 A    5 -1 -2 -2  2 -1 -1  0 -2 -2 -2 -1 -2 -3 -1  1 -1 -3 -2 -1   90   2   0   0   4   0   0   1   0   0   0   0   0   0   0   3   0   0   0   0  0.58 0.10
   23 A    5 -2 -2 -2 -1 -1 -1  0 -2 -2 -2 -1 -2 -3 -1  1  0 -3 -2 -1   93   0   0   0   0   0   0   3   0   0   0   0   0   0   0   3   2   0   0   0  0.62 0.10
   24 S    4 -2 -2 -2  0  0 -1  0 -2 -2 -2 -1 -2 -3 -1  2  0 -3 -2 -1   79   0   0   0   1   4   0   3   0   0   0   0   0   0   0  13   0   0   0   0  0.49 0.08
   25 L   -2 -3 -4 -4 -2 -3 -3 -4 -3  3  4 -3  2  0 -3 -3 -1 -2 -1  2    0   0   0   0   0   0   0   0   0  34  57   0   3   2   0   0   0   0   0   4  0.47 0.06
   26 A    5 -1 -2 -2 -1 -1 -1  0 -2 -2 -2 -1 -2 -3 -1  1 -1 -3 -2 -1   94   2   0   0   0   0   0   0   0   0   0   0   0   0   0   4   0   0   0   0  0.62 0.10
   27 Y   -3 -3 -3 -4 -3 -2 -3 -4  1 -2 -2 -3 -2  3 -4 -3 -2  2  8 -2    0   0   0   0   0   0   0   0   0   0   0   0   0   8   0   0   0   0  92   0  1.33 0.14
   28 G    0 -3 -1 -1 -3 -2 -2  6  0 -4 -4 -2 -3 -4 -3 -1 -2 -3 -3 -4    0   0   0   3   0   0   0  94   2   0   0   0   0   0   0   0   0   0   0   0  1.20 0.10
   29 F   -2 -3 -4 -4 -2 -3 -3 -4 -3  2  4 -3  2  1 -3 -3 -2 -2 -1  1    1   0   0   0   0   0   0   0   0   6  78   0   5   7   0   0   0   0   0   4  0.51 0.07
   30 D   -2 -2  1  6 -4 -1  2 -1  1 -4 -4 -1 -4 -4 -2 -1 -1 -5 -3 -4    1   0   3  78   0   0   9   3   4   0   0   1   0   0   0   0   1   0   0   0  0.96 0.11
   31 K   -1  2  0  0 -4  1  0 -2 -1 -3 -3  5 -2 -4 -2  0 -1 -4 -3 -3    1   8   2   3   0   3   1   0   0   0   0  78   0   0   0   4   1   0   0   0  0.67 0.11
   32 K   -1  2 -1  0 -4  3  3 -2 -1 -3 -3  4 -2 -4 -2 -1 -1 -3 -2 -3    0   5   0   0   0  12  25   0   0   0   0  59   0   0   0   0   0   0   0   0  0.60 0.08

                      K         Lambda
Standard Ungapped    0.1281     0.3140
Standard Gapped      0.0426     0.2670
PSI Ungapped         0.1393     0.3164
PSI Gapped           0.0426     0.2670
