
Last position-specific scoring matrix computed, weighted observed percentages rounded down, information per position, and relative weight of gapless real matches to pseudocounts
            A   R   N   D   C   Q   E   G   H   I   L   K   M   F   P   S   T   W   Y   V   A   R   N   D   C   Q   E   G   H   I   L   K   M   F   P   S   T   W   Y   V
    1 M    -4  -4  -5  -6  -4  -3  -5  -6  -5  -2  -1  -4  11  -3  -6  -5  -4  -4  -4  -2    0   0   0   0   0   0   0   0   0   0   0   0 100   0   0   0   0   0   0   0  2.79 0.69
    2 A     6  -3  -2  -3  -3  -2  -1  -1  -3  -3  -4  -1  -3  -4  -1   1  -1  -5  -4  -2   76   0   1   0   0   0   2   2   0   0   0   4   0   0   2  10   2   0   0   1  0.94 0.36
    3 K    -2   1   1  -1  -4   2   0  -3  -2  -3  -2   5  -3  -2  -3  -1   2  -4  -3  -3    1   5   7   3   0   8   5   1   0   0   4  44   0   2   0   2  17   0   0   0  0.55 0.27
    4 L    -3  -4  -5  -5  -3  -4  -5  -6  -5   4   4  -4   1  -1  -5  -4  -3  -4   0   2    0   0   0   0   0   0   0   0   0  27  49   0   3   1   0   0   0   0   4  15  0.86 0.32
    5 A     1   2  -2  -3  -4   1   0  -2  -3  -2  -3   6  -3  -5  -3  -1   0  -5  -4  -2   12  10   1   0   0   4   4   3   0   2   2  55   0   0   0   1   5   0   0   2  0.74 0.34
    6 I    -3  -5  -6  -6  -4  -5  -6  -6  -6   6   0  -5  -2  -2  -5  -5  -3  -5  -4   6    0   0   0   0   0   0   0   0   0  44   3   0   0   1   0   0   0   0   0  52  1.41 0.48
    7 T    -2  -1  -3  -3  -2  -1   0  -4  -4   1  -3   2  -3  -1  -4  -2   6  -5  -4   0    0   3   0   0   1   2   6   0   0   8   0  14   0   3   0   0  58   0   0   6  0.86 0.42
    8 L    -4   3  -4  -4  -5   5  -2  -5  -3  -2   4  -2  -2  -3  -5  -4  -4   2  -2  -3    0  14   0   0   0  36   0   0   0   0  46   1   0   0   0   0   0   2   1   0  0.99 0.45
    9 T    -2  -1  -4  -4  -3  -3  -3  -5  -2   4   0   0  -1  -2  -4  -3   1  -5  -2   5    1   3   0   1   0   0   1   0   1  29   3   6   1   0   0   1  10   0   1  42  0.67 0.32
   10 R    -2   6  -2  -4  -6  -2  -2   0  -1  -6  -5   5  -4  -6  -4  -3  -4  -6  -4  -4    2  48   1   0   0   0   0   7   1   0   0  40   0   0   0   0   0   0   0   1  1.36 0.50
   11 S    -2  -4  -3  -3  -4  -3  -4   3  -4  -6  -6  -3  -5  -6  -4   6  -2  -6  -5  -5    0   0   0   0   0   0   0  22   0   0   0   0   0   0   0  78   0   0   0   0  1.57 0.61
   12 T     1   0  -2  -3  -2   0  -2  -1  -1   0   1  -1   0  -1   3   0   1   0  -1   0   12   7   1   0   0   3   1   3   1   3  17   3   2   2  14   7  12   2   2   9  0.15 0.12
   13 I     1  -2  -2  -5  -3  -4  -5  -5  -3   6  -1  -3  -2  -3  -3  -3  -1  -5  -2   2   14   2   2   0   0   0   0   0   1  62   0   2   0   0   1   1   3   0   1  12  0.96 0.41
   14 G    -2   2   1  -1  -3  -2  -4   6   2  -6  -6   0  -5  -6  -5  -2  -4  -5  -5  -6    1  11   5   3   1   1   0  67   5   0   0   5   0   0   0   1   0   0   0   0  1.25 0.44
   15 R     0   5  -2  -3   3   0  -1  -2  -2  -1  -2   1  -2  -3  -4  -1   1  -4   0   0    9  39   1   0   8   3   2   3   0   2   2   6   1   0   0   2  10   0   4   9  0.47 0.26
   16 P    -2   2  -1  -1  -4  -1  -1  -3   0  -1   1   3  -2  -4   4   0   0  -4  -3  -2    1  10   3   2   0   2   3   0   2   3  15  21   0   0  23   8   7   0   0   1  0.41 0.22
   17 E    -1   0  -1  -1  -4   2   2  -2   2  -4  -3   2  -2  -2   4  -1  -2   3   1  -3    4   4   1   3   0  11  13   2   5   0   1  15   1   1  23   4   1   5   6   1  0.48 0.24
   18 G     0   0   2   2  -4  -1   1  -1  -1  -3  -4   3  -2  -3  -1   1   0   3   0  -3    7   4  12  15   0   0   6   3   1   1   0  24   1   0   1  11   4   4   3   1  0.33 0.20
   19 Q    -2  -2  -2  -3  -5   6   0  -5   7   1  -4   0  -1  -4  -4  -3  -2  -5  -3  -1    2   0   0   0   0  47   4   0  25  10   0   3   2   0   0   0   1   0   0   4  1.20 0.50
   20 R    -2   6  -2  -3  -3   0   0  -4  -2   0  -3   4  -3  -5  -4  -3  -2  -5  -4  -2    3  45   1   0   1   2   6   0   1   5   2  30   0   0   0   0   1   0   0   3  0.94 0.39
   21 V     3   0  -1   3  -3   0   1  -2  -3  -3  -1   2  -2  -3  -3   0  -1  -4  -3  -2   28   5   1  23   0   3   8   1   0   0   7  17   0   0   0   3   2   0   0   2  0.36 0.22
   22 T    -1  -3  -2  -4   2  -3  -4  -3  -4   1  -2  -3   0  -4  -4   0   6  -5  -4   1    4   1   1   0   5   0   0   1   0   8   1   0   2   0   0   5  63   0   0   9  0.97 0.42
   23 V    -1  -4  -5  -5  -1  -4  -5  -5  -5   3   4  -4   2  -2  -4  -4  -2  -4  -3   3    6   0   0   0   1   0   0   0   0  14  48   0   4   0   0   0   1   0   0  26  0.77 0.31
   24 R    -1   4   0   0  -4   0   1  -3   1   0  -3   4  -2  -4  -3  -1  -2  -4  -2  -1    5  24   4   5   0   3   6   1   4   6   1  33   0   0   0   1   1   0   1   5  0.48 0.24
   25 T     3  -2  -2  -3  -1  -2  -1   4  -3  -3  -1  -3   4  -4  -3   2   0  -4  -4  -2   24   1   0   0   1   1   3  30   0   0   5   0  14   0   0  14   5   0   0   1  0.49 0.26
   26 L    -4  -5  -6  -6  -4  -5  -6  -6  -6  -1   6  -5   2   0  -6  -5  -4  -4  -4  -2    0   0   0   0   0   0   0   0   0   0  93   0   5   2   0   0   0   0   0   0  1.61 0.53
   27 G    -3   2  -1  -3  -5  -4  -4   7  -4  -6  -6  -1  -5  -6  -5  -3  -4  -5  -5  -6    0  13   3   1   0   0   0  79   0   0   0   4   0   0   0   0   0   0   0   0  1.63 0.50
   28 L    -4  -5  -6  -7  -4  -5  -6  -7  -6  -1   6  -5  -1   0  -6  -5  -4  -4  -3  -1    0   0   0   0   0   0   0   0   0   0  95   0   0   3   0   0   0   0   0   2  1.62 0.53
   29 R    -2   4   3  -2  -5   0  -1   1   3  -5  -4   3  -3  -4  -2  -1   0  -5  -3  -4    1  29  15   1   0   2   3  11   8   0   1  20   0   0   1   1   7   0   0   0  0.58 0.27
   30 K    -4   5  -2  -4  -6  -1  -2  -3   1  -5  -5   6  -4  -5  -4  -3  -3  -5  -1  -5    0  39   1   0   0   1   0   2   3   0   0  53   0   0   0   0   0   0   2   0  1.38 0.48
   31 M    -1   1  -3  -4  -3  -3  -4  -3  -4   4   1  -1   3  -1   0  -3  -1  -4  -3   2    4   8   1   0   0   0   0   1   0  39  13   5   8   1   4   0   3   0   0  13  0.44 0.23
   32 H    -3   1   6  -1  -5  -1  -1   3   5  -5  -5  -2  -4  -1  -4  -1  -3  -5  -1  -5    0   7  39   1   0   2   2  25  16   0   0   1   0   3   0   2   0   0   1   0  0.91 0.36
   33 Q    -2   2   0   1  -3   3  -1  -3   6  -4  -4   1  -1  -4  -3   2   0  -1   0  -4    1  11   4   7   1  16   1   0  22   0   0  10   1   0   0  18   4   1   4   0  0.54 0.27
   34 T     0  -1  -2  -3   2   0   0  -3  -2  -1  -1  -1   0  -3   0   2   4  -4  -3   1    5   2   0   0   6   3   5   0   1   2   3   2   2   0   5  20  30   0   0  13  0.33 0.22
   35 V    -2   2  -3  -5  -2   0  -4  -5  -4   0  -2   0   0  -3  -4  -1   0  -5  -4   6    2  10   1   0   0   4   0   0   0   1   1   6   2   0   0   4   4   0   0  65  0.81 0.38
   36 V    -2  -3  -3  -2  -2  -1   3  -4  -3   3   0  -1  -1  -2  -4  -1   0  -4  -1   3    0   0   1   1   0   1  27   0   0  22   7   2   0   1   0   3   5   0   2  28  0.44 0.26
   37 V    -3   2  -3  -4   0   0  -2  -4   4   0   2   2   0   0  -3  -3  -2  -3   0   2    0  11   0   0   2   3   0   0  13   5  27  16   1   3   0   0   0   0   2  16  0.33 0.21
   38 P    -2  -1   0   1  -2   2   4  -4  -1  -3  -3   2  -3  -3   4  -1  -2  -5  -4  -3    2   1   3   8   1   9  31   0   1   1   2  17   0   1  20   1   1   0   0   1  0.63 0.28
   39 D    -1  -3   2   7  -5  -2   1  -2  -3  -4  -3   0  -3  -4  -4  -2  -3  -6  -5  -3    5   0   8  66   0   0   6   2   0   1   2   5   1   0   0   2   0   0   0   2  1.23 0.43
   40 N    -3  -1   4   0   0  -3  -3  -3  -2  -1  -3  -2  -3  -5  -4   1   5  -5  -4  -2    0   3  25   5   2   0   0   0   1   4   1   1   0   0   0   8  50   0   0   1  0.90 0.40
   41 V     1  -4  -3  -1  -5  -3   0  -4  -5  -5  -4  -3  -5  -6   8  -1  -3  -6  -5  -3   14   0   1   3   0   1   6   0   0   0   1   1   0   0  69   3   1   0   0   1  1.78 0.52
   42 A     3  -2  -1  -1   2   3   2  -2  -1  -2  -3  -2  -1  -4  -3   3   0  -4  -3  -1   28   1   2   1   4  15  15   0   1   2   1   0   1   0   0  22   3   0   0   3  0.41 0.25
   43 M    -2  -4   0  -4  -3  -4  -4  -5  -4   5   0  -4   0   0  -4  -2   2  -4   1   3    1   0   7   0   0   0   0   0   0  36   5   0   1   3   0   1  14   0   6  27  0.59 0.28
   44 R    -2   7   1  -3  -3   1  -1  -4  -2  -3  -1   1   0  -4  -4  -3  -2  -2  -4  -2    2  61   6   1   1   5   1   0   1   1   8   7   2   0   0   0   1   1   0   2  1.00 0.39
   45 G    -1  -5  -3  -4  -5  -5  -5   7  -5  -7  -7  -4  -6  -6  -5  -3  -4  -6  -6  -6    4   0   0   0   0   0   0  96   0   0   0   0   0   0   0   0   0   0   0   0  2.23 0.61
   46 M    -2  -2  -1  -5  -5   1  -4  -5  -4  -1   0  -1  10  -3  -5  -3  -4  -5  -2  -1    4   1   3   0   0   6   0   0   0   1   4   4  73   0   0   1   0   0   1   2  1.78 0.61
   47 I    -3  -5  -6  -6  -3  -5  -5  -6  -6   6   3  -5  -1  -2  -5  -4  -2  -5  -4   3    1   0   0   0   0   0   0   0   0  60  22   0   0   0   0   0   1   0   0  16  1.18 0.41
   48 N     0   3   5   0  -4   2  -1  -2   0  -4  -3   2  -1   1  -3  -1  -1  -4  -3  -4    9  15  33   3   0   9   2   0   1   0   1  13   1   7   0   2   3   0   0   0  0.51 0.26
   49 K    -1   0  -2  -3  -5   0  -1  -4   0  -2  -3   6  -3  -5  -3  -1   1  -5  -4   1    3   2   0   0   0   3   2   0   2   1   2  62   0   0   0   3   9   0   0  11  0.87 0.39
   50 V     0  -5  -5  -5  -1  -4  -5  -5  -5   3   0  -5  -2  -3  -5  -3  -1  -5  -4   6    7   0   0   0   1   0   0   0   0  15   5   0   0   0   0   1   3   0   0  69  1.11 0.41
   51 S     1   1   1  -2  -2   2   0  -2   1  -2  -3   3  -2  -3   0   2  -1  -4   0  -3   13   8   5   1   1   8   3   1   4   3   1  22   0   1   5  21   1   0   3   0  0.29 0.19
   52 H    -4  -4  -1   2  -6  -3  -1  -5   9  -6  -5  -4  -4  -1  -1  -2  -4  -4   5  -6    0   0   2  12   0   0   2   0  58   0   0   0   0   1   3   2   0   0  19   0  1.83 0.56
   53 L    -3  -4  -5  -6  -4  -4  -5  -6  -4  -1   5  -5   5   0  -5  -5  -4   2   3  -1    1   0   0   0   0   0   0   0   0   1  67   0  14   1   0   0   0   2  13   1  1.15 0.42
   54 V    -3  -5  -5  -6  -3  -5  -5  -6  -6   3   2  -5  -1  -3  -5  -4  -3  -5  -4   6    0   0   0   0   0   0   0   0   0  18  18   0   0   0   0   0   0   0   0  64  1.19 0.41
   55 T     0   2  -1   0  -2   0   1  -3  -2  -3  -2   3  -1  -4  -3   1   3  -4  -3  -2    5  12   1   3   1   3  10   1   1   0   4  26   2   0   0   8  21   0   0   2  0.36 0.21
   56 V    -3  -5  -5  -6   0  -5  -5  -6  -5   3   0  -5  -1  -1  -5  -4  -2   6   0   6    0   0   0   0   2   0   0   0   0  12   4   0   0   1   0   1   1  13   3  64  1.20 0.42
   57 K    -3  -2  -2  -1  -5   1   6   2  -3  -4  -5   1  -4  -5  -3   0  -2  -5  -4  -2    0   0   0   1   0   4  61  15   0   1   0   8   0   0   0   5   1   0   0   3  0.95 0.38
   58 E    -3  -2   0   0  -6  -1   7  -4  -3  -4  -5  -1  -4  -6  -4  -2  -1  -6  -5  -4    1   1   4   3   0   0  83   0   0   1   1   2   0   0   0   2   3   0   0   1  1.52 0.49
   59 I    -2  -4  -5  -5  -3  -4  -4  -5  -5   4   2  -4   1  -2  -4  -3  -1  -4  -3   5    1   0   0   0   0   0   0   0   0  32  15   0   3   0   0   1   1   0   0  47  0.81 0.27
   60 N     0  -1   2   4  -4   0   2  -2   0  -4  -4   2  -3  -4  -2   1  -1  -4  -3  -3   10   0  12  31   0   2  15   1   1   0   0  14   0   0   1  11   2   0   0   0  0.49 0.17
   61 E    -2   0  -1   3  -4   2   4  -3  -1  -4  -4   3  -3  -4  -2  -1  -2  -4  -3  -3    0   0   0  17   0  10  45   0   0   0   0  27   0   0   0   0   0   0   0   0  0.72 0.16

                      K         Lambda
Standard Ungapped    0.1321     0.3204
Standard Gapped      0.0582     0.2670
PSI Ungapped         0.1901     0.3175
PSI Gapped           0.0582     0.2670
