
Last position-specific scoring matrix computed, weighted observed percentages rounded down, information per position, and relative weight of gapless real matches to pseudocounts
            A   R   N   D   C   Q   E   G   H   I   L   K   M   F   P   S   T   W   Y   V   A   R   N   D   C   Q   E   G   H   I   L   K   M   F   P   S   T   W   Y   V
    1 K    -1   3  -1  -1  -4   1   2  -2  -1  -4  -3   5  -2  -4  -2  -1  -1  -4  -2  -3    0  19   0   0   0   0  13   0   0   0   0  68   0   0   0   0   0   0   0   0  0.68 0.09
    2 L    -2  -3  -4  -4  -2  -3  -3  -4  -3   3   4  -3   3   1  -3  -3  -2  -2  -1   1    0   0   0   0   0   0   0   0   0  28  56   0  12   4   0   0   0   0   0   0  0.49 0.07
    3 C    -1  -5  -4  -5  10  -4  -5  -4  -4  -2  -2  -4  -3  -4  -4  -2  -2  -3  -4  -2    0   0   0   0 100   0   0   0   0   0   0   0   0   0   0   0   0   0   0   0  2.15 0.20
    4 E    -1   0  -1   2  -4   1   5  -2  -1  -4  -4   3  -3  -4  -2  -1  -1  -4  -3  -3    5   0   0   7   0   0  61   0   0   0   0  27   0   0   0   0   0   0   0   0  0.69 0.11
    5 R    -1   5  -1  -2  -3   0  -1  -3  -1  -2  -2   3  -2  -3  -2  -1   2  -3  -2  -1    0  45   0   0   0   0   0   0   0   0   0  28   0   0   0   0  20   0   0   7  0.52 0.09
    6 S     1   1  -2  -2  -3  -1   0  -2  -2  -3  -3  -1  -2  -4   6   0   1  -4  -3  -2   15  14   0   0   0   0   7   0   0   0   0   0   0   0  45   7  13   0   0   0  0.80 0.09
    7 S     0  -2   0  -1  -2  -1  -1  -1  -2  -3  -3  -1  -2  -3  -2   6   1  -4  -3  -3    0   0   0   0   0   0   0   0   0   0   0   0   0   0   0 100   0   0   0   0  0.89 0.17
    8 G     0   0  -1   1  -3   0   1   4  -2  -3  -2   2  -2  -3  -2  -1  -1  -3  -3  -3    6   0   0   9   0   4   7  41   0   0   5  28   0   0   0   0   0   0   0   0  0.40 0.07
    9 T    -1   1  -1  -2  -2  -1  -1  -2  -2  -2  -2   1  -2  -3  -2   0   6  -3  -2  -1    0   9   0   0   0   0   0   0   0   0   0  11   0   0   0   0  80   0   0   0  0.68 0.14
   10 W    -4  -4  -5  -5  -3  -3  -4  -4  -2  -3  -2  -4  -2   4  -5  -4  -3  11   4  -3    0   0   0   0   0   0   0   0   0   0   0   0   0  20   0   0   0  68  13   0  2.16 0.19
   11 S     0  -1   0  -1  -2  -1  -1  -1  -2  -3  -3   2  -2   0  -2   4   2  -3  -2  -2    0   0   0   0   0   0   0   0   0   0   0  18   0   7   0  65  10   0   0   0  0.46 0.11
   12 G    -1  -3  -1  -2  -3  -3  -3   7  -3  -5  -5  -2  -4  -4  -3  -1  -2  -3  -4  -4    0   0   0   0   0   0   0 100   0   0   0   0   0   0   0   0   0   0   0   0  1.45 0.15
   13 V    -1   1   3  -1  -2  -1  -1  -2   2   1  -1   1  -1   1  -3  -1  -1  -2   2   2    0   7  24   0   0   0   0   0   7   6   0  13   0   5   0   0   0   0  11  26  0.16 0.06
   14 C    -2  -5  -4  -5  11  -4  -5  -4  -4  -2  -2  -4  -3  -4  -4  -2  -2  -4  -4  -2    0   0   0   0 100   0   0   0   0   0   0   0   0   0   0   0   0   0   0   0  2.25 0.22
   15 G    -1   0  -1   1  -3  -2  -2   4  -2   1  -1   0  -1  -2  -3  -1  -1  -3  -3   1    0   5   0  13   0   0   0  43   0  15   0   7   0   0   0   0   0   0   0  18  0.30 0.06
   16 N    -1  -1   6   2  -3  -1  -1  -1   2  -4  -4  -1  -3  -4  -2   2   0  -4  -2  -3    0   0  65   7   0   0   0   0   6   0   0   0   0   0   0  22   0   0   0   0  0.77 0.12
   17 N    -1  -1   3   1  -2   0  -1  -1  -1  -3  -3   1  -2  -3  -2   2   3  -4  -2  -2    0   0  23   7   0   0   0   0   0   0   0  13   0   0   0  25  33   0   0   0  0.40 0.08
   18 N     0   1   4   1  -3   0  -1   1  -1  -3  -3   1  -2  -2  -2   1   1  -3   1  -2    4   5  35   7   0   0   0  11   0   0   0  13   0   0   0   7  11   0   7   0  0.30 0.06
   19 A     1  -1   3   1   4   1   0   0   3  -3  -3   1  -2  -3  -2   0  -1  -3  -2  -2   23   0  20   6  13   7   0   5  12   0   0  14   0   0   0   0   0   0   0   0  0.26 0.06
   20 C    -2  -4  -3   1  10  -4  -3  -3  -4  -3  -3  -4  -3  -4  -4  -2  -2  -4  -4  -2    0   0   0  13  87   0   0   0   0   0   0   0   0   0   0   0   0   0   0   0  1.79 0.19
   21 K     0   2   1   3  -3   0   0  -2  -1  -3  -3   4  -2  -4  -2   0  -1  -4  -3  -3    9  12   6  24   0   0   0   0   0   0   0  42   0   0   0   7   0   0   0   0  0.42 0.07
   22 N    -2   0   5   2  -3   1   0  -2  -1  -1  -3   2  -2  -3  -2   0   0  -4  -3  -2    0   0  41  10   0   7   0   0   0   9   0  23   0   0   0   5   5   0   0   0  0.39 0.08
   23 Q    -1   1  -1  -2   4   5   0  -3   2   0  -2   0  -1   0  -3  -1  -1  -3  -1   0    0   7   0   0  13  49   0   0   7   9   0   0   0   5   0   0   0   0   0  11  0.38 0.10
   24 C    -1  -3  -3  -4  10  -3  -4  -3  -3  -2  -2  -3  -2  -3  -3  -2  -2  -3  -3  -2    1   1   1   1  88   1   1   1   0   1   1   1   0   0   1   1   1   0   0   1  1.72 0.16
   25 I    -1   0  -2  -2  -2   2  -1  -3  -2   4   0   1   0  -1  -2  -2  -1  -3  -2   1    1   5   1   1   0  13   1   1   0  50   1  17   0   0   1   1   1   0   0   7  0.21 0.06
   26 N    -2   3   3   3  -4   2   2  -2   0  -4  -3   2  -2  -4  -2   0  -1  -4  -3  -3    0  21  25  18   0   9  13   0   0   0   0  11   0   0   0   4   0   0   0   0  0.46 0.06
   27 L    -3   0   1  -3  -3  -2  -3  -3  -2  -1   1  -2  -1   2  -4  -2   1   9   0  -2    0   6  10   0   0   0   0   0   0   0  23   0   0   9   0   0  12  40   0   0  0.91 0.13
   28 E    -2  -1  -1   2  -5   1   6  -3  -1  -4  -4   0  -3  -4  -2  -1  -2  -4  -3  -4    0   0   0  10   0   0  90   0   0   0   0   0   0   0   0   0   0   0   0   0  1.13 0.18
   29 G    -1   2   1  -1  -3   0  -1   3   4  -4  -4   2  -2  -3  -2   0  -2  -3  -2  -3    0  15   6   0   0   0   0  35  15   0   0  23   0   0   0   5   0   0   0   0  0.46 0.08
   30 A     4  -2  -2  -3  -2  -2  -2   1  -2  -2  -2  -2  -2   3  -2   1  -1  -2  -1  -1   64   0   0   0   0   0   0  10   0   0   0   0   0  21   0   5   0   0   0   0  0.45 0.11
   31 R     0   2   1   1  -3   2   0   0  -1  -3  -3   2  -2  -2   2   1  -1  -3   0  -3    5  15  10   9   0  12   0   6   0   0   0  16   0   0  12  10   0   0   6   0  0.27 0.05
   32 H    -2  -2   0   1  -3  -1  -1   2   8  -4  -4  -2  -3  -3  -3   0   1  -4   0  -3    0   0   0  10   0   0   0  15  57   0   0   0   0   0   0   6  12   0   0   0  0.78 0.14
   33 G    -1  -3  -1  -2  -4  -3  -3   7  -3  -5  -5  -3  -4  -4  -3  -1  -3  -4  -4  -4    0   0   0   0   0   0   0 100   0   0   0   0   0   0   0   0   0   0   0   0  1.52 0.17
   34 S     3  -2  -1  -2  -2  -1  -1  -1   3  -3  -3  -1  -2  -2  -2   3   0  -2   2  -2   40   0   0   0   0   0   0   0   9   0   0   0   0   0   0  41   0   0  10   0  0.43 0.11
   35 C    -2  -5  -4  -5  11  -4  -5  -4  -4  -3  -3  -5  -3  -4  -4  -2  -2  -4  -4  -2    0   0   0   0 100   0   0   0   0   0   0   0   0   0   0   0   0   0   0   0  2.38 0.26
   36 N     0  -1   3   2  -4   0   1  -2   7  -4  -4  -1  -3  -3  -3  -1  -2  -4   0  -3   10   0  23  12   0   0   9   0  47   0   0   0   0   0   0   0   0   0   0   0  0.72 0.13
   37 Y    -1  -1  -2  -3  -3   0  -2   0   0   0  -1   1  -1   4  -3  -2  -2   0   5  -1    5   0   0   0   0   6   0  10   0   5   0  19   0  21   0   0   0   0  30   5  0.31 0.08
   38 V    -1   3  -1   1  -3   2   0   0   3  -1  -2   1  -1  -3   0  -1  -1  -3  -2   0    0  29   0   9   0  18   0  10  12   3   0   3   0   0   5   0   0   0   0  12  0.26 0.07
   39 F    -2  -2   0  -2  -3  -1   1   1  -1   0  -1  -2  -1   5  -3  -2  -2  -1   3   0    0   0   5   0   0   0  19  14   0   6   3   0   0  38   0   0   0   0  10   5  0.29 0.08
   40 P     2  -2   1  -2  -3  -2  -2   0  -2  -3  -3  -2  -3  -4   6   0   0  -4  -3  -2   29   0   9   0   0   0   0   5   0   0   0   0   0   0  51   0   6   0   0   0  0.98 0.12
   41 Y     1  -1   1  -2  -2  -1  -1   2   1  -3  -2   0  -2   1  -2   1  -1   6   1  -2   12   0   6   0   0   0   0  20   4   0   0  10   0   9   0  18   0  15   5   0  0.33 0.07
   42 H    -2   3   0  -2  -3   0  -1  -3   5  -2  -2   1  -2   1  -3  -1  -2   3   3  -1    0  21   5   0   0   0   0   0  28   0   0  10   0   6   0   0   0   4  16   7  0.40 0.08
   43 R     0   4  -1  -2  -3   0   1  -3  -1  -2  -2   4   3  -3  -2  -1  -1  -3  -2  -2    5  27   0   0   0   0   9   0   0   0   0  42  16   0   0   0   0   0   0   0  0.48 0.11
   44 C    -2  -5  -4  -5  11  -4  -5  -4  -4  -2  -3  -4  -3  -4  -4  -2  -2  -4  -4  -2    0   0   0   0 100   0   0   0   0   0   0   0   0   0   0   0   0   0   0   0  2.30 0.23
   45 I    -3  -3  -4  -4  -3  -3  -4  -4  -2   2   0  -3   2   6  -4  -3  -2   0   3   0    0   0   0   0   0   0   0   0   0  23   0   0   9  56   0   0   0   0  12   0  0.71 0.11
   46 C    -2  -5  -4  -5  11  -4  -5  -4  -4  -2  -3  -4  -3  -4  -4  -2  -2  -4  -4  -2    0   0   0   0 100   0   0   0   0   0   0   0   0   0   0   0   0   0   0   0  2.30 0.23
   47 Y    -2  -2  -3  -4  -3  -2  -3  -4   0  -2  -2   0  -2   3  -4  -2   0   1   7  -2    0   0   0   0   0   0   0   0   0   0   0   7   0  10   0   0   9   0  74   0  1.03 0.15
   48 F    -3   1  -3  -3  -3  -2  -2  -4  -2  -1  -1   2  -1   6  -4  -2  -2   0   2  -2    0   7   0   0   0   0   0   0   0   0   0  21   0  68   0   0   0   0   4   0  0.74 0.13
   49 P    -1  -1   3   2  -3   2   1  -2  -1  -4  -4  -1  -3  -4   5   1  -1  -4  -3  -3    0   0  25  14   0  16   4   0   0   0   0   0   0   0  31  10   0   0   0   0  0.68 0.09
   50 C    -2  -5  -4  -5  11  -4  -5  -4  -4  -2  -3  -4  -3  -4  -4  -2  -2  -4  -4  -2    0   0   0   0 100   0   0   0   0   0   0   0   0   0   0   0   0   0   0   0  2.30 0.23

                      K         Lambda
Standard Ungapped    0.1407     0.3268
Standard Gapped      0.0444     0.2670
PSI Ungapped         0.1449     0.3158
PSI Gapped           0.0444     0.2670
