
Last position-specific scoring matrix computed, weighted observed percentages rounded down, information per position, and relative weight of gapless real matches to pseudocounts
            A   R   N   D   C   Q   E   G   H   I   L   K   M   F   P   S   T   W   Y   V   A   R   N   D   C   Q   E   G   H   I   L   K   M   F   P   S   T   W   Y   V
    1 S     1  -1   0   0  -1   0   0   0  -1  -2  -2   0  -1  -2  -1   4   1  -3  -2  -2    8   0   0   0   0   0   0   0   0   0   0   0   0   0   0  92   0   0   0   0  0.44 0.01
    2 Y    -2  -2  -2  -3  -3  -2  -2  -3   2  -1  -1  -2  -1   3  -3  -2  -2   2   7  -1    0   0   0   0   0   0   0   0   0   0   0   0   0   0   0   0   0   0 100   0  0.92 0.01
    3 S     1  -1   1   0  -1   0   0   0  -1  -2  -3   0  -2  -2  -1   4   1  -3  -2  -2    0   0   0   0   0   0   0   0   0   0   0   0   0   0   0 100   0   0   0   0  0.48 0.01
    4 M    -1  -1  -2  -3  -2  -1  -2  -3  -2   1   2  -1   6   0  -3  -2  -1  -2  -1   1    0   0   0   0   0   0   0   0   0   0   0   0 100   0   0   0   0   0   0   0  0.41 0.01
    5 E    -1   0   0   1  -4   2   5  -2   0  -3  -3   1  -2  -3  -1   0  -1  -3  -2  -3    0   0   0   0   0   0 100   0   0   0   0   0   0   0   0   0   0   0   0   0  0.76 0.01
    6 H    -2   0   0  -1  -3   0   0  -2   8  -3  -3  -1  -2  -1  -2  -1  -2  -2   2  -3    0   0   0   0   0   0   0   0 100   0   0   0   0   0   0   0   0   0   0   0  0.93 0.01
    7 F    -2  -3  -3  -4  -2  -3  -3  -3  -1   0   0  -3   0   6  -4  -2  -2   1   3  -1    0   0   0   0   0   0   0   0   0   0   0   0   0 100   0   0   0   0   0   0  0.78 0.01
    8 R    -1   6  -1  -2  -3   1   0  -2   0  -3  -2   2  -1  -3  -2  -1  -1  -3  -2  -3    0 100   0   0   0   0   0   0   0   0   0   0   0   0   0   0   0   0   0   0  0.78 0.01
    9 W    -3  -3  -4  -4  -2  -2  -3  -3  -2  -3  -2  -3  -2   1  -4  -3  -3  11   2  -3    0   0   0   0   0   0   0   0   0   0   0   0   0   0   0   0   0 100   0   0  2.41 0.02
   10 G     0  -2   0  -1  -3  -2  -2   6  -2  -4  -4  -2  -3  -3  -2   0  -2  -3  -3  -3    0   0   0   0   0   0   0 100   0   0   0   0   0   0   0   0   0   0   0   0  1.07 0.01
   11 K    -1   2   0  -1  -3   1   1  -2  -1  -3  -3   5  -1  -3  -1   0  -1  -3  -2  -2    0   0   0   0   0   0   0   0   0   0   0 100   0   0   0   0   0   0   0   0  0.55 0.01
   12 P    -1  -2  -2  -2  -3  -1  -1  -2  -2  -3  -3  -1  -3  -4   7  -1  -1  -4  -3  -2    0   0   0   0   0   0   0   0   0   0   0   0   0   0 100   0   0   0   0   0  2.07 0.01
   13 V     0  -3  -3  -3  -1  -2  -3  -3  -3   3   1  -2   2  -1  -2  -2   0  -3  -1   4    0   0   0   0   0   0   0   0   0  15   0   0   9   0   0   0   0   0   0  76  0.33 0.01
   14 G     0  -2   0  -1  -3  -2  -2   6  -2  -4  -4  -2  -3  -3  -2   0  -2  -3  -3  -3    0   0   0   0   0   0   0 100   0   0   0   0   0   0   0   0   0   0   0   0  1.07 0.01
   15 K    -1   4   0  -1  -3   1   0  -2   3  -3  -2   3  -1  -3  -2  -1  -1  -3  -1  -3    0  55   0   0   0   0   0   0  15   0   0  30   0   0   0   0   0   0   0   0  0.53 0.01
   16 K    -1   2   0  -1  -3   1   1  -2  -1  -3  -3   5  -1  -3  -1   0  -1  -3  -2  -2    0   0   0   0   0   0   0   0   0   0   0 100   0   0   0   0   0   0   0   0  0.55 0.01
   17 R    -1   6  -1  -2  -3   1   0  -2   0  -3  -2   2  -1  -3  -2  -1  -1  -3  -2  -3    0 100   0   0   0   0   0   0   0   0   0   0   0   0   0   0   0   0   0   0  0.78 0.01
   18 R    -1   6  -1  -2  -3   1   0  -2   0  -3  -2   2  -1  -3  -2  -1  -1  -3  -2  -3    0 100   0   0   0   0   0   0   0   0   0   0   0   0   0   0   0   0   0   0  0.78 0.01
   19 P    -1  -2  -2  -2  -3  -1  -1  -2  -2  -3  -3  -1  -3  -4   7  -1  -1  -4  -3  -2    0   0   0   0   0   0   0   0   0   0   0   0   0   0 100   0   0   0   0   0  2.07 0.01
   20 V    -1  -3  -3  -3  -1  -3  -3  -3  -3   3   1  -2   1  -1  -3  -2   0  -3  -1   3    0   0   0   0   0   0   0   0   0  46   0   0   0   0   0   0   0   0   0  54  0.36 0.01
   21 K    -1   2   0  -1  -3   1   1  -2  -1  -3  -3   5  -1  -3  -1   0  -1  -3  -2  -2    0   0   0   0   0   0   0   0   0   0   0 100   0   0   0   0   0   0   0   0  0.55 0.01
   22 V     0  -3  -3  -3  -1  -2  -3  -3  -3   3   1  -2   1  -1  -2  -2   0  -3  -1   4    0   0   0   0   0   0   0   0   0   0   0   0   0   0   0   0   0   0   0 100  0.37 0.01
   23 Y    -2  -2  -2  -3  -2  -2  -2  -3   1  -1  -1  -2  -1   3  -3  -2  -2   2   7  -1    0   0   0   0   0   0   0   0   0   0   0   0   0  10   0   0   0   0  90   0  0.86 0.01
   24 P     1  -2  -2  -1  -2  -1  -1  -2  -2  -2  -2  -1  -2  -3   6   0   1  -3  -3  -1   15   0   0   0   0   0   0   0   0   0   0   0   0   0  66   0  19   0   0   0  1.19 0.01
   25 N    -1  -1   5   1  -2   0   0  -1   0  -3  -3   0  -2  -3  -2   1   1  -3  -2  -2    0   0  76   0   0   0   0   0   0   0   0   0   0   0   0  15  10   0   0   0  0.56 0.01
   26 G     0  -2   0   1  -2  -1  -1   5  -2  -3  -3  -1  -2  -3  -2   1  -1  -3  -3  -3    0   0   0  10   0   0   0  66   0   0   0   0   0   0   0  24   0   0   0   0  0.64 0.00
   27 A     2  -2  -3  -3  -1  -2  -2  -2  -2   1   1  -2   0   1  -2  -1   0  -2  -1   2   30   0   0   0   0   0   0   0   0   0  15   0   0   9   0   0   0   0   0  46  0.17 0.00
   28 E    -1   0   0   1  -4   2   5  -2   0  -3  -3   1  -2  -3  -1   0  -1  -3  -2  -2    0   0   0   0   0   9  91   0   0   0   0   0   0   0   0   0   0   0   0   0  0.72 0.01
   29 D    -1  -1   1   4  -3   1   4   0   0  -3  -3   0  -2  -3  -1   0  -1  -3  -2  -3    0   0   7  30   0   0  56   7   0   0   0   0   0   0   0   0   0   0   0   0  0.57 0.01
   30 E    -1   0   0   1  -3   2   5  -2   0  -3  -3   1  -2  -3  -1   1   0  -3  -2  -2    0   0   0   0   0   0  85   0   0   0   0   0   0   0   0  15   0   0   0   0  0.63 0.01
   31 S     1  -1   0   0  -1   0   0   0  -1  -2  -2   0  -1  -2  -1   4   2  -3  -2  -2    0   0   0   0   0   0   0   0   0   0   0   0   0   0   0  91   9   0   0   0  0.45 0.01
   32 A     3  -1  -1  -1  -1   0   1   0  -1  -1  -2   0  -1  -2  -1   2   0  -3  -2   0   51   0   0   0   0   0  15   0   0   0   0   0   0   0   0  25   0   0   0   9  0.25 0.00
   33 E    -1   0   0   1  -4   1   5   1   0  -3  -3   0  -2  -3  -1   0  -1  -3  -2  -3    0   0   0   0   0   0  85  15   0   0   0   0   0   0   0   0   0   0   0   0  0.61 0.01
   34 A     2  -2  -1  -1  -1  -1  -1   1  -2   0  -1  -1  -1  -2  -1   2   2  -3  -2   0   35   0   0   0   0   0   0   9   0  10   0   0   0   0   0  21  17   0   0   7  0.19 0.00
   35 F    -2  -3  -3  -4  -2  -3  -3  -3  -1   0   1  -3   0   6  -4  -2  -2   1   4  -1    0   0   0   0   0   0   0   0   0   0   8   0   0  79   0   0   0   0  14   0  0.68 0.01
   36 P    -1  -2  -2  -2  -3  -1  -1  -2  -2  -3  -3  -1  -3  -4   7  -1  -1  -4  -3  -2    0   0   0   0   0   0   0   0   0   0   0   0   0   0 100   0   0   0   0   0  2.09 0.02
   37 L     1  -2  -2  -2  -1  -1  -2   0  -2   1   2  -2   2   0  -2   0   0  -2  -1   1   15   0   0   0   0   0   0   7   0   0  50   0   7   0   0   7   7   0   0   7  0.15 0.00
   38 E    -1   0   0   1  -4   3   5  -2   0  -3  -3   1  -2  -3  -1   0  -1  -3  -2  -3    0   0   0   0   0  17  83   0   0   0   0   0   0   0   0   0   0   0   0   0  0.70 0.01
   39 F    -1  -2  -3  -3  -2  -2  -3  -3  -2   1   2  -2   4   3  -3  -2  -1  -1   1   1    0   0   0   0   0   0   0   0   0   9  23   0  37  31   0   0   0   0   0   0  0.31 0.00

                      K         Lambda
Standard Ungapped    0.1349     0.3152
Standard Gapped      0.0410     0.2670
PSI Ungapped         0.1349     0.3152
PSI Gapped           0.0410     0.2670
