
Last position-specific scoring matrix computed, weighted observed percentages rounded down, information per position, and relative weight of gapless real matches to pseudocounts
            A   R   N   D   C   Q   E   G   H   I   L   K   M   F   P   S   T   W   Y   V   A   R   N   D   C   Q   E   G   H   I   L   K   M   F   P   S   T   W   Y   V
    1 M    -3  -4  -5  -5  -4  -3  -4  -5  -4  -1   0  -4  10  -2  -5  -4  -3  -4  -3  -1    0   0   0   0   0   0   0   0   0   0   0   0 100   0   0   0   0   0   0   0  2.32 0.49
    2 A     6  -3  -3  -3  -2  -2  -3   1  -3  -3  -3  -2  -3  -4   1  -1  -2  -4  -4  -2   87   0   0   0   0   0   0   8   0   0   0   0   0   0   5   0   0   0   0   0  1.05 0.31
    3 V    -1  -3   1  -4  -2  -2  -3  -4   0   1   0  -2  -1  -2  -4  -2   0  -4  -3   6    2   0   9   0   0   2   0   0   3   0   3   1   0   0   0   0   4   0   0  76  0.75 0.27
    4 P    -2  -3  -3  -3  -5   3  -2  -4  -3  -2  -4  -2  -4  -5   8  -2  -3  -5  -4  -4    2   0   0   0   0  16   0   0   0   2   0   0   0   0  80   0   0   0   0   0  2.06 0.38
    5 K     0   1  -2  -2  -4   3  -1  -3  -2  -4  -3   5  -2   0  -2   0  -1  -4  -2  -3    9   5   0   1   0  16   0   0   0   0   0  58   0   5   0   4   1   0   0   1  0.67 0.23
    6 R    -1   5   3  -2  -2   2  -1  -3   0  -4  -3   2  -3  -1  -3   0  -2  -4  -1  -3    4  50  16   0   1   8   0   0   2   0   0   9   0   3   0   4   0   0   1   1  0.69 0.23
    7 K    -3   5   0  -3  -5   0  -1  -3   1  -5  -4   6  -3  -5  -3  -2  -2  -5  -3  -4    0  36   2   0   0   0   0   0   3   0   0  59   0   0   0   0   0   0   0   0  1.16 0.33
    8 T    -1   1   0  -2  -3   0  -1  -3   1  -1  -1   2   1  -2   1   0   4   0  -2   0    2   5   2   0   0   3   0   0   4   1   2  17   6   1   7   4  37   1   0   8  0.29 0.16
    9 S    -1  -3  -1  -2  -3  -2  -2  -1  -3  -4  -4  -2  -3  -2  -3   6   2  -5  -3  -3    0   0   0   0   0   0   0   2   0   0   0   0   0   2   0  85  10   0   0   0  1.16 0.38
   10 P    -2   4   0  -2  -4   0  -1  -3   2  -4  -4   5  -3  -4   2  -1  -2  -4  -1  -3    1  27   3   0   0   0   0   0   5   0   0  49   0   0   9   3   0   0   2   2  0.78 0.25
   11 S     2  -1  -1  -2  -2   0  -2  -1  -1  -3  -3  -1   0  -3  -2   4   2  -1  -3  -2   19   2   0   0   0   4   0   3   1   0   0   2   4   0   0  51  12   1   0   0  0.53 0.23
   12 K    -1   6   1  -2  -2   0  -1  -3   0  -4  -4   4  -1  -4  -3  -2  -2  -4  -3  -3    3  53   7   0   1   2   0   0   2   0   0  30   1   0   0   0   1   0   0   2  0.91 0.27
   13 R    -1   5  -1  -2  -4   0  -1  -1  -2  -3  -3   3  -2  -4  -3   0   3  -4  -3  -2    2  36   0   0   0   3   0   3   0   0   0  26   0   0   0   5  23   0   0   2  0.62 0.23
   14 G     0   4   3   2  -4  -1  -1   2   3  -4  -4   0  -3  -4  -3  -1  -2  -4  -3  -4    7  29  16  14   0   0   0  19  11   0   0   2   0   0   0   2   0   0   0   0  0.50 0.19
   15 M    -1   1   1  -2  -3   0  -1  -3   2  -1  -1   3   5  -2  -3   1   0  -3  -2  -1    3   5   6   0   0   4   0   0   6   3   3  23  28   1   0  12   5   0   0   1  0.32 0.19
   16 R    -3   7  -2  -3  -5  -1  -2  -4   3  -5  -4   2  -3  -5  -4  -3  -3  -5  -3  -5    0  86   0   0   0   0   0   0   7   0   0   7   0   0   0   0   0   0   0   0  1.65 0.40
   17 R    -2   7  -1  -3  -5   0  -2  -3  -2  -5  -3   1  -3  -5  -4  -3  -3  -5  -4  -4    2  86   2   0   0   2   0   1   0   0   3   4   0   0   0   0   0   0   0   0  1.52 0.38
   18 S     1  -1  -1  -1  -1  -1  -1   2  -2   0  -1  -1  -1  -2  -1   1   2  -2  -2   1   18   1   1   1   0   1   1  18   0   1   2   1   0   1   1  18  18   0   1  18  0.16 0.03
   19 A    -1  -2   0  -3  -4   2   0  -1   8  -4  -4   1   0  -3  -3  -1  -1   3   1  -2    5   1   4   1   0  10   5   3  40   1   1   9   3   0   1   3   3   4   3   4  0.82 0.36
   20 D    -2  -2   1   1   0  -1  -1  -1   1   0  -1   0   0   1  -3  -1  -2   6   4  -1    3   1   8  11   2   3   3   5   3   8   3   7   3   5   1   3   1  14  15   3  0.33 0.19
   21 A     2   2  -1  -2  -3   1   0  -1   0  -3  -3   4   1  -1  -3  -1  -1  -3  -1  -2   19   9   2   0   0   5   3   4   2   0   1  34   4   3   0   3   3   0   2   3  0.37 0.25
   22 L     1  -1  -2  -4  -3  -3  -3  -4  -4   1   4  -1   2   0   0  -3  -1   0  -3   0   11   3   2   0   0   0   0   0   0   5  51   3   5   3   4   0   3   2   0   5  0.49 0.30
   23 K     0   0   0  -1  -3   0   1  -1  -1   0  -3   3  -2  -2   0   1   2  -4  -2  -1    8   4   5   3   0   3   7   3   1   5   0  25   0   2   4  10  15   0   1   5  0.22 0.21
   24 A     3  -1  -1  -2  -3  -1  -2  -1  -3   1   0   1  -1  -2   0   0   0  -4  -3   1   32   2   2   2   0   2   1   2   0  10   7  10   1   1   5   5   5   0   0  12  0.21 0.21
   25 P     1  -3  -2  -4  -1  -1  -2  -3  -1  -1  -3  -1  -2  -2   7  -1  -2  -6  -5   1   10   1   2   0   1   2   2   2   2   3   1   4   1   2  50   5   2   0   0  11  1.05 0.50
   26 T     1  -2   3  -2  -3   2  -1   1   1  -3  -2   0  -1  -4  -1   0   2  -4  -3  -2   16   0  19   1   0  11   3  10   3   1   2   4   1   0   3   6  17   0   0   3  0.32 0.26
   27 Y    -2  -3  -4  -5  -3  -4  -4  -3   0   2   3  -4   3   2   0  -3   0  -3   1   2    3   1   0   0   0   0   0   1   2  11  38   0   7   7   5   0   5   0   5  15  0.49 0.30
   28 I     1  -2   0  -3  -3   1  -2  -2  -1   1  -2  -2   0  -4  -3   3   1  -5  -3   3   13   2   4   0   0   7   1   2   1   6   0   1   2   0   0  25   8   0   0  28  0.38 0.33
   29 E    -2  -1  -1  -2  -4  -1   3  -4  -3   1  -2   2  -2   0  -1  -1   0  -4  -1   2    2   2   2   1   0   1  26   0   0   8   2  15   0   4   3   4   7   0   2  21  0.32 0.29
   30 D    -3  -6  -2   4  10  -5  -1  -6  -6  -3  -3  -5  -5  -6  -6  -3  -2  -6  -6  -3    1   0   1  28  58   0   5   0   0   1   2   0   0   0   0   1   3   0   0   2  2.12 0.76
   31 K     0  -2   0  -2  -5   0   0  -3  -4  -3  -5   3  -4  -4   6   2  -2  -6  -4  -1    6   1   3   1   0   3   7   1   0   1   0  18   0   1  37  16   1   0   0   4  0.85 0.43
   32 N    -2  -1   5   1  -4   2   1  -2   0  -2  -3  -1  -3  -3  -4  -1   2  -5  -4  -1    2   2  37   6   0  11   9   1   2   2   1   3   0   1   0   2  17   0   0   4  0.63 0.38
   33 S    -2  -2   0  -1  10  -4  -4  -4  -5  -4  -3  -4  -4  -5  -5   1   3  -5  -5  -4    1   2   4   3  55   0   0   0   0   0   1   0   0   0   0  12  18   0   0   0  1.79 0.66
   34 G    -2  -2  -1  -4  -6  -3  -4   7   3  -7  -7   0  -5  -6  -5  -1  -3  -6  -5  -6    1   2   3   0   0   1   0  76   7   0   0   7   0   0   0   3   1   0   0   0  1.63 0.64
   35 E     0  -1   1   0  -5   2   5  -3   0  -5  -5   0  -4  -5  -4   1  -1  -2  -1  -4    6   2   6   4   0   8  51   1   1   0   0   4   0   0   0   9   3   1   2   1  0.82 0.45
   36 L     0  -1  -3  -4  -3  -1  -2  -4  -2  -1   1   0   2   1   3  -2   1   2   4   0    7   2   0   0   0   2   1   0   0   3  15   5   5   6  19   2   8   3  15   5  0.36 0.25
   37 R    -2   3  -3  -4  -5  -1  -2  -4   5   0  -3   4  -1  -1  -4  -1   0  -5  -3   0    2  15   0   0   0   1   0   0  19   5   1  34   2   3   0   4   7   0   0   7  0.67 0.40
   38 R    -3   3  -4  -4  -4  -1  -2  -5  -2   1   4   0   3  -2  -2  -4  -2  -4  -3   0    1  19   0   0   0   2   3   0   1   9  44   4   9   0   2   0   1   0   0   5  0.59 0.35
   39 P    -1   3  -2  -4  -5  -1  -3  -3  -4  -5  -4  -2  -2  -4   6   2  -3  -6  -2  -5    5  20   1   0   0   3   0   1   0   0   1   1   1   1  50  15   0   0   1   0  1.28 0.51
   40 H    -6  -4  -3  -5  -7  -4  -4  -6  11  -7  -7  -5  -6  -5  -6  -5  -6  -7  -2  -7    0   0   0   0   0   0   0   0 100   0   0   0   0   0   0   0   0   0   0   0  3.83 1.07
   41 H    -3   6  -1  -4   0   0  -3  -5   7  -3  -5  -2  -1  -5  -5  -3   0  -5  -2  -1    1  42   3   0   2   4   0   0  34   1   0   0   2   0   0   1   6   0   1   4  1.31 0.55
   42 I     2  -5  -5  -5  -3  -4  -5  -5  -5   4  -1  -4   0  -3  -4  -3  -1  -5  -4   5   17   0   0   0   0   0   0   0   0  22   3   0   2   0   0   1   3   0   0  51  0.95 0.44
   43 D    -2  -5   0  -1  10  -4  -3  -5  -1  -4  -3  -5  -4  -5  -5   2   2  -5  -2  -4    1   0   5   4  56   0   1   0   1   0   2   0   0   0   0  13  15   0   1   0  1.77 0.63
   44 L     0  -1  -1   0  -4  -1  -2  -1  -3  -3   1   1   0  -2   5  -1  -1   1  -2  -2   10   3   3   4   0   1   1   3   0   0  16  11   2   1  32   3   3   2   1   2  0.50 0.26
   45 K     0   0   2   2  -3  -1   1  -2   3  -3  -3   2  -3  -1  -3   2   0  -4   0  -2    6   3   8  12   0   1   6   0   9   1   1  18   0   3   0  20   4   0   2   3  0.30 0.21
   46 T    -1  -3   1  -1   9  -3  -2  -2  -2  -3  -3  -3  -3  -3  -3  -1   1  -3  -2  -3    4   1   9   4  54   1   3   3   1   1   2   1   0   1   1   3   9   0   2   1  1.46 0.45
   47 G    -3  -5  -4  -5  -6  -5  -5   7  -5  -7  -7  -2  -1  -6  -5  -4  -5  -6  -6  -6    0   0   0   0   0   0   0  95   0   0   0   3   2   0   0   0   0   0   0   0  2.28 0.70
   48 M    -3  -3  -3  -3  -4  -1   0  -5   4  -3  -3  -3   2   4  -5   0   2   0   6  -2    1   1   1   0   0   2   7   0  10   0   1   0   6  20   0   6  13   1  31   1  0.83 0.40
   49 Y    -6  -6  -6  -7  -6  -5  -6  -7  -2  -5  -5  -6  -5   1  -7  -6  -6  -2  10  -5    0   0   0   0   0   0   0   0   0   0   0   0   0   2   0   0   0   0  98   0  3.29 0.96
   50 R    -2   5   2   1  -3  -1  -2  -1  -2  -5  -5   5  -4  -5  -4  -2  -3  -5  -4  -5    3  29  11   7   1   1   0   4   0   0   0  42   0   0   0   2   0   0   0   0  0.96 0.43
   51 G    -2  -4   2   1  -5  -4  -3   7  -4  -7  -6  -2  -5  -6  -5  -2  -3  -6  -6  -6    1   1   8   7   0   0   1  79   0   0   0   2   0   0   0   1   1   0   0   0  1.67 0.55
   52 R    -3   6  -2  -4  -6   0  -1  -4  -2  -4  -4   5  -4  -5  -4  -3  -3  -5  -3  -3    0  52   1   0   0   2   2   1   0   1   1  35   0   0   0   1   1   0   0   2  1.34 0.51
   53 S    -1   1  -2  -1  -3   5   2  -4  -2  -3  -2   4  -3  -4  -2  -2  -2  -5  -4  -1    3   6   1   2   0  30  16   0   0   1   3  29   0   0   1   1   2   0   0   5  0.71 0.36
   54 V    -2  -4  -6  -6  -4  -5  -5  -6  -5   3  -1  -5   0  -3  -5  -4  -3  -5   0   6    3   1   0   0   0   0   0   0   0  14   2   0   2   0   0   0   0   0   3  75  1.40 0.53
   55 L     0  -3  -4  -5  -3  -3  -4  -4  -3   4   3  -2   2   0  -4  -3  -1  -4  -3   3    8   1   0   0   0   0   0   0   1  27  26   2   5   3   0   1   4   0   0  23  0.55 0.26
   56 P     1  -1   2   3  -4   0   3  -2  -2  -4  -4   2  -2  -3  -2   1   1  -5  -3  -2   13   0  11  15   0   2  22   0   0   0   0  17   0   1   1   9   7   0   0   1  0.42 0.23
   57 A     1  -2  -1  -3  -3   0  -2  -2  -3   0  -2   3   0  -2   2  -1   0  -4  -3   3   13   0   3   0   0   4   0   1   0   3   1  26   2   1  11   3   6   0   0  26  0.34 0.24
   58 K     2   0  -1   0  -3   1   3   0  -2  -4  -4   4  -3  -4  -2   1  -1  -4  -3  -3   18   1   2   3   0   3  20   6   0   0   0  36   0   0   1   9   2   0   0   0  0.47 0.21
   59 D    -2  -2   3   4  -4   0   5  -3  -2  -5  -4  -1  -4  -5  -3   1  -2  -5  -4  -4    0   0  17  22   0   0  48   0   0   0   0   0   0   0   0  13   0   0   0   0  0.85 0.23

                      K         Lambda
Standard Ungapped    0.1307     0.3147
Standard Gapped      0.0579     0.2670
PSI Ungapped         0.1891     0.3174
PSI Gapped           0.0579     0.2670
