
Last position-specific scoring matrix computed, weighted observed percentages rounded down, information per position, and relative weight of gapless real matches to pseudocounts
            A   R   N   D   C   Q   E   G   H   I   L   K   M   F   P   S   T   W   Y   V   A   R   N   D   C   Q   E   G   H   I   L   K   M   F   P   S   T   W   Y   V
    1 M    -4  -4  -5  -6  -4  -3  -5  -6  -4  -1   1  -4  10  -3  -5  -4  -3  -4  -4  -2    0   0   0   0   0   0   0   0   0   0   5   0  95   0   0   0   0   0   0   0  2.41 0.58
    2 A    -2   8  -4  -5  -6   0  -3  -4  -3  -6  -4   1  -4  -6  -5  -2  -4  -6  -5  -4    3  84   0   0   0   3   0   1   0   0   1   5   0   0   0   2   0   0   0   1  1.91 0.62
    3 D    -2  -2  -2   1  -4   0   2  -3  -3   3  -1   2  -1  -3   1  -2  -2  -5  -3   3    0   1   1   8   0   3  15   2   0  18   1  15   0   0   8   1   1   0   0  25  0.32 0.23
    4 I    -2   0   1  -3  -4   1  -2  -1   0   1  -1   5  -2  -4  -3  -2   1  -5  -4   0    2   2   6   0   0   5   0   4   2  12   5  44   0   0   0   1   9   0   0   8  0.48 0.30
    5 I    -1  -3  -6  -6  -4  -5  -6  -6  -6   6  -1  -5  -2  -1  -5  -5  -3  -5  -4   4    4   2   0   0   0   0   0   0   0  58   1   0   0   1   0   0   1   0   0  33  1.33 0.48
    6 T     0   1  -1  -3  -3  -2  -2  -2  -1   2  -2   3  -2  -2  -1   0   4  -4  -3  -1    6   7   2   0   0   1   0   3   1  15   2  18   0   2   2   7  32   0   1   2  0.37 0.27
    7 L    -5  -5  -7  -7  -4  -5  -6  -7  -6  -1   6  -6   2   0  -6  -6  -4  -5  -4  -2    0   0   0   0   0   0   0   0   0   1  91   0   5   2   0   0   0   0   0   1  1.70 0.59
    8 A     3   0  -1  -2  -4   0   4  -2  -3  -1  -2   0  -3  -3  -3  -1  -2  -5  -4   1   25   4   3   0   0   2  35   3   0   2   2   6   0   1   0   2   1   0   0  14  0.46 0.30
    9 C    -4  -6  -3  -6  11  -6  -6  -6  -2  -5  -5  -6  -5  -6  -6   3  -4  -6  -6  -5    0   0   1   0  72   0   0   0   1   0   0   0   0   0   0  25   0   0   0   0  2.77 0.80
   10 T    -1  -2  -1  -1  -4   0   1  -3  -4  -2  -4  -1  -3  -3  -4   3   6  -5  -4  -1    2   2   2   3   0   3   9   1   0   2   0   3   0   1   0  19  50   0   0   3  0.76 0.40
   11 E     2  -2   0   1  -2   0   4  -1  -1  -2  -4  -1  -3  -5  -3   1  -1  -5  -4   0   22   0   4   7   1   3  37   3   1   2   1   1   0   0   0   9   1   0   0   8  0.50 0.30
   12 C    -1  -6  -3  -1  10  -4  -4   2  -1  -5  -5  -3  -5  -6  -4  -2  -1  -6  -5  -4    3   0   1   4  62   1   1  17   2   0   0   1   0   0   0   3   5   0   0   0  1.93 0.60
   13 K    -1   1  -1  -2  -4  -2  -2   3  -1  -2  -2   3  -3  -4  -3   0   3  -5  -4  -1    2   6   2   1   0   0   1  23   2   1   4  23   0   0   1   4  25   0   0   5  0.43 0.28
   14 Q    -1   1   2   0  -4   2   1   3   0  -3  -4   0  -1  -4  -3   2  -1  -4  -3  -3    4   9  10   5   0  10   8  24   2   1   1   4   2   0   0  20   2   0   1   1  0.36 0.22
   15 R    -3   5   2  -3  -5  -1   0  -3   4  -2  -3   1  -2   1  -4   0  -3  -4   2  -3    0  40  10   0   0   1   4   1  11   3   1   7   1   6   0   5   0   0   9   1  0.66 0.33
   16 N    -4   2   6  -2  -3  -2  -3   0  -2  -4  -4  -3  -3   4  -5  -1   0  -4   0  -4    0  12  49   1   0   0   0   6   0   1   1   0   1  17   0   3   4   0   4   0  0.94 0.41
   17 Y    -6  -5  -6  -7  -6  -5  -6  -7  -1  -5  -4  -3  -5   0  -7  -6  -6   1  10  -5    0   0   0   0   0   0   0   0   1   0   1   2   0   1   0   0   0   1  95   0  3.06 0.86
   18 T    -2  -3   0  -3  -3  -3  -3  -4   0   3   0  -1  -1  -2  -4   1   4  -1   1   2    1   1   4   0   0   0   0   0   2  18   7   3   1   1   0  10  35   1   5  13  0.44 0.28
   19 T    -2  -4  -3  -4  -4  -4  -4  -4  -5  -1  -2  -1  -1  -3  -4   0   7  -5  -2   0    2   0   0   0   0   0   0   1   0   4   2   5   1   1   0   6  72   0   1   7  1.27 0.53
   20 T    -1   1   1   0  -2   2   0  -3  -3  -3  -3   2   1  -3  -1   1   4  -3  -2  -2    3   8   5   5   1  10   3   1   0   1   0  14   4   1   3   8  32   0   1   1  0.38 0.25
   21 K    -2   2  -3  -4  -6  -2  -2  -5  -4  -4  -4   7  -4  -6  -4  -3  -3   1  -5  -3    2   8   0   0   0   0   1   0   0   1   1  81   0   0   0   1   1   2   0   2  1.64 0.60
   22 N    -3  -3   8  -1  -5  -1  -3  -2  -2  -6  -6  -3  -5  -5  -4   1  -2  -6  -5  -5    2   0  76   2   0   3   1   2   0   0   0   0   0   0   0  11   1   0   0   0  1.75 0.58
   23 K    -1   5  -2  -3  -5  -1  -1  -2  -3  -3  -3   5  -2  -5   1   0  -3  -5  -4  -3    3  29   1   1   0   1   2   2   0   1   2  41   1   0   8   6   0   0   0   2  0.80 0.35
   24 K    -2   6  -2  -3  -5   1  -1  -2   2  -4  -3   4  -2  -4  -3  -2  -1  -4  -3  -3    2  42   1   1   0   6   2   2   6   0   2  28   1   0   1   2   3   0   1   1  0.86 0.35
   25 T    -1  -1   7  -1  -4  -1  -2  -2  -1  -4  -3   0  -4  -5   0   0   3  -5  -4  -3    3   2  52   1   0   1   1   1   1   0   3   6   0   0   4   6  18   0   0   1  0.92 0.40
   26 K    -2   0   2   1  -4   1  -2  -3   4  -2  -1   1   2  -3  -2   0   4  -4  -2  -2    2   4  10   9   0   5   0   1  10   1   6   9   7   0   2   3  28   0   0   2  0.33 0.23
   27 P    -1  -3  -3  -2  -4   0  -1  -2  -4  -3  -4  -1  -4  -5   7  -1   3  -5  -5  -3    4   1   1   2   0   4   4   3   0   1   1   3   0   0  50   3  22   0   0   1  1.19 0.42
   28 E    -2  -2   2   4  -5   1   5   0  -2  -2  -4  -1  -4  -3  -3   0   0  -5  -4  -4    2   1   8  22   0   4  38   8   0   2   1   3   0   1   0   4   6   0   0   0  0.63 0.30
   29 R    -4   7  -3  -4  -6  -1  -3  -5  -3  -6  -5   5  -4  -6  -3  -4  -4  -6  -5  -4    0  60   0   0   0   1   0   0   0   0   0  36   0   0   1   0   0   0   0   1  1.72 0.59
   30 L    -4  -5  -6  -6  -4  -4  -5  -6  -5   3   5  -5   5  -1  -5  -4  -4  -4  -2   0    0   0   0   0   0   0   0   0   0  13  65   0  14   2   0   1   0   0   1   5  1.18 0.44
   31 E    -2  -2  -3  -1  -5   0   6  -5  -3  -2  -4  -1  -2  -5  -4   1   0  -6  -5  -1    3   2   0   1   0   2  66   0   0   3   1   2   1   0   0   8   6   0   0   6  1.08 0.47
   32 F    -2  -4  -5  -5  -3  -3  -5  -5  -5   2   5  -2   3   2  -5  -4  -2  -4  -3   2    2   0   0   0   0   0   0   0   0  12  54   3   7   8   0   0   2   0   0  12  0.78 0.33
   33 N    -3   3   3  -3  -5   0  -2  -4  -3  -3  -4   6   2  -5  -3  -1  -2  -6  -4  -5    1  17  15   0   0   2   1   0   0   1   0  53   5   0   1   3   2   0   0   0  1.03 0.44
   34 K    -4   0  -4  -4  -7  -2  -3  -5  -4  -6  -6   8  -1  -7  -5  -4  -4  -7  -5  -6    0   2   0   0   0   0   0   0   0   0   0  97   2   0   0   0   0   0   0   0  2.28 0.74
   35 Y    -5  -6  -6  -7  -6  -6  -6  -7   0  -4  -4  -6  -4   7  -7  -5  -5  -2   8  -4    0   0   0   0   0   0   0   0   2   0   0   0   0  48   0   0   0   0  50   0  2.31 0.68
   36 C    -4  -6   1   4  10  -5  -4  -5  -6  -5  -5  -5  -5  -6  -6  -2  -4  -6  -6  -5    0   0   5  26  65   0   0   0   0   0   0   0   0   0   0   3   0   0   0   0  2.48 0.71
   37 R    -3   1  -3  -4  -4  -2  -3  -5  -2  -6  -6   3  -5  -4   7   0  -3  -6  -5  -5    1   8   1   0   0   1   0   0   1   0   0  18   0   1  62   7   1   0   0   0  1.69 0.55
   38 F    -2   2   0  -3  -3   0  -2  -4   4   0  -2   2  -1   1  -4  -2   0   0   3   2    2  14   5   0   0   3   0   0  11   3   1  15   1   7   0   1   5   1  11  18  0.30 0.22
   39 C     0  -6  -5  -2  10  -5  -2  -5  -6  -1   1  -5  -2  -5  -5  -3  -3  -5  -5   2    7   0   0   2  56   0   3   0   0   3  12   0   0   0   0   1   1   0   0  13  1.62 0.52
   40 R    -3   5   4  -3  -3   0  -2   1   0  -5  -4   2  -4  -4  -4  -2  -3  -5   1  -4    0  37  25   0   1   2   0  11   2   0   1  14   0   0   0   2   0   0   5   0  0.83 0.37
   41 K    -1   2  -3  -3  -5   2  -1  -3  -2  -4  -5   7  -2  -6  -4  -1  -1  -6  -4  -4    4  10   0   0   0   7   2   1   1   1   0  65   1   0   0   4   3   0   0   1  1.14 0.47
   42 H    -4  -1  -3  -5  -6  -1  -4  -6  10  -6  -6  -1  -1  -4  -5  -2  -4  -5   1  -1    1   3   0   0   0   2   0   0  74   0   0   4   2   0   0   3   1   0   5   6  2.24 0.69
   43 T    -2  -3  -4  -4  -2  -2  -3  -5  -5  -2  -3  -2  -1  -5  -4  -2   6  -6  -4   4    1   1   0   0   1   1   1   0   0   1   0   2   1   0   0   1  63   0   0  28  1.26 0.53
   44 P    -1  -3  -3  -1  -3  -1   0  -4  -4   3   3  -1   1  -2  -2  -3  -1  -1  -3   2    4   0   0   3   0   2   7   0   0  22  33   3   3   1   1   1   4   1   0  14  0.35 0.21
   45 H    -5  -4  -4  -5  -2  -4  -4  -6  10  -6  -5  -5  -5   4  -6  -5  -5  -4   4  -6    0   0   0   0   1   0   0   0  69   0   0   0   0  19   0   0   0   0  11   0  2.50 0.73
   46 R    -2   4  -1  -2  -5   0  -2  -1  -2  -3  -3   6  -4  -5  -4  -2  -1  -5  -4  -2    2  25   1   1   0   3   0   5   0   1   2  52   0   0   0   1   3   0   0   2  0.93 0.39
   47 E    -4  -4  -4  -2  -7   0   8  -6  -4  -7  -7  -3  -6  -7  -5  -4  -4  -7  -6  -6    0   0   0   0   0   2  98   0   0   0   0   0   0   0   0   0   0   0   0   0  2.35 0.73
   48 T     1  -2  -3  -3  -3  -2   0  -1  -4   3  -2   0   0  -3  -3   0   4  -4  -3   0   10   1   0   0   0   0   7   5   0  22   1   5   2   0   0   7  36   0   0   4  0.42 0.27
   49 K    -4   3  -3  -4  -6  -2  -2  -5  -4  -6  -6   7  -5  -6  -4  -3  -4  -6  -5  -6    0  15   0   0   0   0   0   0   0   0   0  85   0   0   0   0   0   0   0   0  1.94 0.61

                      K         Lambda
Standard Ungapped    0.1303     0.3216
Standard Gapped      0.0585     0.2670
PSI Ungapped         0.1912     0.3177
PSI Gapped           0.0585     0.2670
