
Last position-specific scoring matrix computed, weighted observed percentages rounded down, information per position, and relative weight of gapless real matches to pseudocounts
           A  R  N  D  C  Q  E  G  H  I  L  K  M  F  P  S  T  W  Y  V   A   R   N   D   C   Q   E   G   H   I   L   K   M   F   P   S   T   W   Y   V
    1 M   -1 -1 -2 -3 -1  0 -2 -3 -1  1  2 -1  5  0 -2 -1 -1 -1 -1  1    0   0   0   0   0   0   0   0   0   0   0   0   0   0   0   0   0   0   0   0  0.00     0.00
    2 L   -2 -2 -3 -4 -2 -1 -3 -4 -3  0  2 -2  8 -1 -4 -3 -2 -2 -2  0    0   0   0   0   0   0   0   0   0   0   6   0  94   0   0   0   0   0   0   0  1.13 0.20
    3 N   -2 -1  4  5 -4  0  2 -2 -1 -4 -4  1 -3 -4 -2  0 -1 -4 -3 -3    0   0  28  51   0   0  13   0   0   0   0   8   0   0   0   0   0   0   0   0  0.75 0.10
    4 T    1 -1 -1 -2 -1 -1 -1 -2 -2  1  0  0  1 -2 -2  1  2 -3 -2  2   16   0   0   0   0   0   0   0   0   9   7  11   7   0   0   8  19   0   0  23  0.14 0.04
    5 Q    0  1  1 -1 -2  3  2 -2 -1 -2  0  2 -1 -3 -2  1  0 -3 -2 -2    8   5   7   0   0  28  14   0   0   0  13  14   0   0   0   8   5   0   0   0  0.24 0.05
    6 R   -2  7 -1 -2 -4  0 -1 -3 -1 -4 -3  1 -2 -4 -3 -2 -2 -4 -3 -3    0 100   0   0   0   0   0   0   0   0   0   0   0   0   0   0   0   0   0   0  1.26 0.16
    7 A    5 -2 -2 -3 -1 -2 -2 -1 -3 -1 -1 -2 -1 -3 -2  0 -1 -3 -2  2   80   0   0   0   0   0   0   0   0   0   0   0   0   0   0   0   0   0   0  20  0.53 0.11
    8 Q   -1  1 -1 -1 -3  4  1 -2 -1 -3 -3  5 -2 -4 -2  0 -1 -3 -2 -3    0   0   0   0   0  33   0   0   0   0   0  59   0   0   0   8   0   0   0   0  0.66 0.12
    9 E   -2  2 -1  1 -4  5  4 -3  0 -4 -3  1 -2 -4 -2 -1 -1 -3 -2 -3    0  13   0   5   0  44  39   0   0   0   0   0   0   0   0   0   0   0   0   0  0.71 0.11
   10 I   -2 -3 -4 -4 -2 -3 -4 -4 -4  5  2 -3  2 -1 -3 -3 -1 -3 -2  2    0   0   0   0   0   0   0   0   0  80  13   0   7   0   0   0   0   0   0   0  0.64 0.11
   11 A    2 -2 -2 -3 -1 -2 -2 -2 -3  3  1 -2  0 -1 -2  1  0 -3 -2  2   23   0   0   0   0   0   0   0   0  30  14   0   0   0   0  14   0   0   0  20  0.21 0.05
   12 A    0 -1  1  2 -2  0  3 -1 -1 -3 -3  0 -2 -3 -2  3  0 -3 -2 -1    6   0   8   8   0   0  38   0   0   0   0   0   0   0   0  36   0   0   0   5  0.40 0.08
   13 S    2 -2  0 -1 -2 -1 -1 -1 -2 -3 -3 -1 -2 -3 -2  5  1 -3 -2 -2   13   0   0   0   0   0   0   0   0   0   0   0   0   0   0  87   0   0   0   0  0.70 0.14
   14 P    1 -1 -1  1 -2 -1 -1  1 -2 -3 -3  1 -2 -3  5  1 -1 -4 -3 -2   14   0   0   8   0   0   0  13   0   0   0  16   0   0  30  19   0   0   0   0  0.53 0.06
   15 I    1 -1  1  1 -2  1  2 -1 -1 -1 -2  1 -1 -3 -2  1  0 -3 -2  0   19   0  10   8   0   8  22   0   0   6   0   8   0   0   0   9   0   0   0  10  0.19 0.04
   16 M   -1  1 -2  0 -2  2 -1 -3 -1  1  0 -1  4 -1 -2 -1 -1 -2  1  1    1   9   0   7   0  15   0   1   0   8   1   0  34   0   0   1   0   0   9  14  0.18 0.07
   17 A    2 -2 -2 -3 -1 -2 -2 -2 -3  3  0 -1  0 -1  0  0 -1 -3 -2  2   25   0   0   0   0   0   0   0   0  42   0   4   0   0   5   8   0   0   0  17  0.22 0.06
   18 N   -1 -1  3  2 -3 -1  1 -2 -1 -3 -3  0 -3 -2  4  0 -1 -2  2 -3    0   0  25  18   0   0   8   0   0   0   0   4   0   0  28   5   0   0  12   0  0.56 0.07
   19 V   -1 -3 -4 -4 -2 -3 -3 -4 -4  2  0 -3  0 -2 -3 -2 -1 -4 -2  5    0   0   0   0   0   0   0   0   0   0   0   0   0   0   0   0   0   0   0 100  0.76 0.14
   20 T   -1 -2 -1 -2 -2 -1 -2 -2 -1 -1  0 -2  2  0 -2  1  4 -1  4 -1    0   0   0   0   0   0   0   0   0   0   8   0  13   0   0  10  47   0  23   0  0.37 0.09
   21 Y   -2 -2 -3 -4  3 -2 -3 -4  3 -2 -1 -3 -1  3 -4 -2 -2  1  7 -2    0   0   0   0   8   0   0   0   8   0   5   0   0  10   0   0   0   0  69   0  0.97 0.13
   22 Q   -1  0  4  0 -4  3  3 -2  0 -4 -3  3 -2 -4 -2  0 -1 -3 -2 -3    0   0  30   0   0  20  26   0   0   0   0  24   0   0   0   0   0   0   0   0  0.54 0.09
   23 E   -1 -3  1 -1 -3 -2 -1  6 -2 -4 -4 -2 -3 -4 -3 -1 -2 -3 -4 -4    0   0   8   0   0   0   6  86   0   0   0   0   0   0   0   0   0   0   0   0  1.10 0.12
   24 V   -1  1 -1 -2 -2  1 -1 -2 -2  0 -1  2  2 -2 -2  0  1 -3 -2  2    0   4   0   0   0   5   0   0   0   0   0  26  10   0   0   8  14   0   0  34  0.17 0.06
   25 P   -1  0 -2 -2 -3  1  0 -3 -2 -3 -3 -1 -3 -4  7  1 -1 -4 -3 -3    0   5   0   0   0   7   5   0   0   0   0   0   0   0  71  12   0   0   0   0  1.45 0.12
   26 I   -1 -3 -4 -4 -2 -3 -3 -4 -4  4  1 -3  0 -1 -3 -2 -1 -3 -2  4    0   0   0   0   0   0   0   0   0  34   0   0   0   0   0   0   0   0   0  66  0.60 0.11
   27 Y   -2 -3 -3 -4 -3 -2 -3 -3  2  1 -1 -3  2  1 -4 -3 -2  8  5  0    0   0   0   0   0   0   0   0   8  13   0   0  10   0   0   0   0  28  34   7  0.85 0.11
   28 I   -2 -4 -4 -4 -2 -4 -4 -5 -4  6  1 -3  0 -1 -4 -3 -1 -3 -2  2    0   0   0   0   0   0   0   0   0 100   0   0   0   0   0   0   0   0   0   0  0.86 0.15
   29 Q   -1  0 -1  1 -4  5  4 -2 -1 -4 -3  1 -2 -4 -2 -1 -1 -3 -2 -3    0   0   0   7   0  40  45   0   0   0   0   8   0   0   0   0   0   0   0   0  0.73 0.11
   30 H   -1  1  1 -1 -3  0 -1  0  6 -3 -3  2 -2 -3 -2  2 -1 -3  0 -3    0   4   5   0   0   0   0   7  41   0   0  16   0   0   0  27   0   0   0   0  0.51 0.09
   31 V   -1 -3 -3 -4  4 -3 -3 -4 -3  2  0 -3  0 -1 -3 -2 -1 -3  1  5    0   0   0   0  14   0   0   0   0   0   0   0   0   0   0   0   0   0   7  80  0.57 0.12
   32 D   -2 -2  3  6 -4 -1  1 -2 -1 -3 -3 -1  1 -4 -2 -1 -1 -5 -3 -3    0   0  19  73   0   0   0   0   0   0   0   0   8   0   0   0   0   0   0   0  0.94 0.12
   33 E   -2 -1  1  3 -4  2  5 -2 -1 -4 -3  0 -3 -4 -2 -1  0 -4 -3 -3    0   0   8  15   0   5  66   0   0   0   0   0   0   0   0   0   5   0   0   0  0.73 0.10
   34 Q   -1  0  3  1 -3  3  3  0  0 -3 -3  1 -2 -3 -2  1 -1 -3 -2 -3    0   0  23   5   0  23  23   5   0   0   0   8   0   0   0  13   0   0   0   0  0.43 0.07
   35 N   -1  2  3  0 -3  1  1 -1 -1 -3 -3  2 -2 -3 -2  2  1 -3 -2 -2    0  12  29   0   0   5   8   0   0   0   0  14   0   0   0  17  15   0   0   0  0.35 0.06
   36 E   -1  0  1  0 -3  2  4  2 -1 -3 -3  1 -2 -3 -2  0 -1 -3 -2 -3    1   0   9   0   0  12  42  23   0   0   1   8   0   0   0   1   0   0   0   1  0.43 0.06
   37 T   -1 -2 -2 -3 -2 -1 -2 -3 -2  2  0 -2  5 -1 -2  0  3 -3 -2  1    0   0   0   0   0   0   0   0   0  13   0   0  35   0   0   4  38   0   0   9  0.37 0.10
   38 A    5 -2 -2 -3 -1 -2 -2 -1 -2 -2 -2 -1 -2 -3 -2  0 -1 -3 -3 -1  100   0   0   0   0   0   0   0   0   0   0   0   0   0   0   0   0   0   0   0  0.78 0.14
   39 R   -2  4  2 -1 -3  2  0 -2  4 -3 -3  1 -2 -3 -2  0  2 -3 -1 -2    0  40  11   0   0  14   0   0  16   0   0   0   0   0   0   0  19   0   0   0  0.47 0.09
   40 I   -1 -3 -4 -4 -2 -3 -3 -4 -4  5  1 -3  0 -1 -3 -3 -1 -3 -2  4    0   0   0   0   0   0   0   0   0  57   0   0   0   0   0   0   0   0   0  43  0.60 0.10
   41 Y   -2 -1 -1 -2 -3  1 -1 -3  5 -2 -2  0 -2  2 -3  0 -2  0  5 -2    0   0   0   0   0   8   0   0  27   0   0   8   0   9   0   8   0   0  40   0  0.60 0.10
   42 P   -1 -2 -1  2 -3 -1  0 -2 -1 -2  0 -1 -1  2  4  1 -1 -2  2 -2    0   0   0  18   0   0   5   0   0   0  12   0   0  18  23  16   0   0   8   0  0.34 0.06
   43 L    0  0 -3 -3 -1 -2 -3 -3 -3  2  3 -2  1 -1 -3 -2  0 -3 -2  2    4   7   0   0   0   0   0   0   0  17  37   0   0   0   0   0   7   0   0  27  0.27 0.05
   44 D    0 -1  1  4 -2  0  0  1 -1 -2 -3  1 -2 -3 -1  1  0 -3 -2 -2    6   1   6  42   0   1   1  10   0   1   1  11   0   1   1  10   6   0   1   1  0.35 0.05
   45 N   -1  1  5  0 -3  1  2 -1  3 -4 -4  1 -2 -3 -2  0 -1 -4 -2 -3    6   7  53   0   0   5  16   0   8   0   0   6   0   0   0   0   0   0   0   0  0.56 0.10
   46 P   -1 -2 -2 -2 -3 -2 -2 -2 -2 -2 -1 -2 -2 -3  7 -1  2 -3 -3 -2    1   1   0   1   0   0   1   1   0   1   8   1   0   0  67   1  17   0   0   1  1.31 0.12
   47 E   -1 -1  1  2 -3  2  3  2  1 -4 -3  1 -2 -3 -2  0 -1 -3 -2 -3    0   0   7  14   0  10  26  24   6   0   0   8   0   0   0   5   0   0   0   0  0.39 0.06
   48 L    0  2  0  0 -3  1  3 -2  2 -2 -1  2 -1  0 -2 -1 -1 -3 -1 -2   10  14   5   0   0   5  34   0   7   0   6  14   0   5   0   0   0   0   0   0  0.29 0.06
   49 E   -1  1 -1  0 -3  1  4 -2 -1 -3 -3  2 -2 -4 -2  1  1 -3 -2 -2    0   7   0   0   0   0  57   0   0   0   0  11   0   0   0   9  15   0   0   0  0.56 0.10
   50 Q   -1  1 -1 -2 -3  4  0 -3  1  1  0  1  2 -2 -2 -1 -1 -3 -2  1    0   7   0   0   0  38   0   0   5   9   9   8  10   0   0   0   0   0   0  15  0.26 0.08
   51 D   -1 -1  0  4 -3  0  3 -2  2  0 -2 -1 -2 -3 -2  0  1 -4 -2  0    0   0   0  32   0   0  26   0   9  10   0   0   0   0   0   5   9   0   0   9  0.34 0.07
   52 V    1 -3 -4 -4 -1 -3 -3 -3 -4  2  0 -3  0 -2 -3 -2 -1 -4 -2  5   10   0   0   0   0   0   0   0   0   0   0   0   0   0   0   0   0   0   0  90  0.66 0.14
   53 P   -2 -2  2  1 -4  0 -1 -3 -2 -3 -2 -1 -3 -4  7 -1 -2 -4 -3 -3    0   0  13  10   0   5   0   0   0   0   5   0   0   0  67   0   0   0   0   0  1.35 0.13
   54 L   -1 -3 -4 -4 -2 -3 -3 -4 -4  2  3 -3  1 -1 -3 -3 -1 -3 -2  4    0   0   0   0   0   0   0   0   0   6  43   0   0   0   0   0   0   0   0  51  0.50 0.09
   55 S    1  1  3 -1 -2  0 -1 -1 -1 -2 -2  1 -2 -2 -2  1  1 -2  1 -2   17  11  25   0   0   0   0   0   0   0   0  13   0   0   0  11  15   0   8   0  0.25 0.06
   56 Q    1 -1  1  2 -2  1  1 -1 -1 -1  0 -1  1 -2 -2  2  1 -3 -2 -1   15   0  10  15   0   6   7   0   0   0  11   0   8   0   0  19   9   0   0   0  0.16 0.04
   57 L   -2 -3 -4 -4 -2 -3 -4 -4 -4  2  5 -3  1  0 -4 -3 -2 -2 -2  0    0   0   0   0   0   0   0   0   0  10  90   0   0   0   0   0   0   0   0   0  0.73 0.12
   58 M   -1  1 -1  0 -3  1  4 -2 -1 -1 -2  1  1 -3 -2  0 -1 -3 -2  0    0  10   0   0   0   5  48   0   0   0   0   9   6   0   0   9   0   0   0  14  0.37 0.08
   59 E   -2 -1 -1  1 -5  1  6 -3 -1 -4 -4  0 -3 -4 -2 -1 -2 -4 -3 -3    0   0   0   0   0   0 100   0   0   0   0   0   0   0   0   0   0   0   0   0  1.22 0.18
   60 H   -2  3  0 -1 -4  2  0 -2  6 -3 -3  3 -2 -3 -2 -1 -2 -3  0 -3    0  15   0   0   0   9   0   0  37   0   0  40   0   0   0   0   0   0   0   0  0.61 0.08

                      K         Lambda
Standard Ungapped    0.1283     0.3129
Standard Gapped      0.0413     0.2670
PSI Ungapped         0.1348     0.3168
PSI Gapped           0.0413     0.2670
