
Last position-specific scoring matrix computed, weighted observed percentages rounded down, information per position, and relative weight of gapless real matches to pseudocounts
            A   R   N   D   C   Q   E   G   H   I   L   K   M   F   P   S   T   W   Y   V   A   R   N   D   C   Q   E   G   H   I   L   K   M   F   P   S   T   W   Y   V
    1 M    -1  -2  -3  -4  -2  -1  -2  -3  -2   1   2  -2   7   0  -3  -2  -1  -2  -1   1    0   0   0   0   0   0   0   0   0   0   0   0 100   0   0   0   0   0   0   0  0.48 0.03
    2 A     2  -1   1  -1  -1  -1  -1  -1  -2  -1  -2  -1  -1  -2  -1   2   4  -3  -2   0   32   0   7   0   0   0   0   0   0   0   0   0   0   0   0   7  48   0   0   6  0.29 0.02
    3 N     0   1   3   0  -2   0  -1  -1  -1  -2  -3   1  -2  -3   1   2   3  -3  -2  -2    0   6  30   0   0   0   0   0   0   0   0   6   0   0   7  19  31   0   0   0  0.33 0.01
    4 P    -1   1   2  -1  -3   1   0   1  -1  -3  -3   1  -2  -3   4   0   0  -3  -2  -2    1  12  15   0   0   9   0  16   0   0   1   8   0   0  28   1   7   0   0   0  0.44 0.01
    5 T    -1  -1   3   0  -2   0  -1  -1  -1  -1  -1   1   0  -2   1   0   3  -3  -2   0    1   0  30   0   0   0   1   1   0   0   1  11   5   0   5   1  34   0   0   9  0.22 0.02
    6 G     2  -1   1  -1  -2  -1  -1   2  -1  -2  -2   0  -2  -3   3   2   1  -3  -2  -2   21   0  12   0   0   0   0  15   0   0   1   4   0   0  15  22   8   0   0   0  0.30 0.01
    7 N     0   2   4   1  -3   1   0  -1   0  -3  -3   1  -2  -3  -2   1   1  -4  -2  -2    6  11  47   3   0   5   3   0   0   0   0  10   0   0   0   3  12   0   0   0  0.38 0.03
    8 Q    -1   1   0   0  -3   4   2  -2   0  -3  -3   2  -1  -3   2   0   1  -3  -2  -2    0   4   0   0   0  48  14   0   0   0   0  12   0   0   9   2  11   0   0   0  0.46 0.03
    9 P     0  -2  -1  -1  -3   0   0  -2  -2  -3  -3  -1  -2  -4   7   1   0  -4  -3  -2    3   0   0   3   0   3   3   0   0   0   0   0   0   0  67  13   5   0   0   3  1.23 0.04
   10 V    -1   0  -2  -1  -2  -1  -1  -3  -2   2   0   0   0   0  -2  -1   0  -2   1   3    0   8   0   4   0   0   5   0   0  21   3   7   0   0   0   0   5   0   9  38  0.11 0.01
   11 S     1  -1   1  -1  -1   0  -1   1  -1  -1  -2  -1  -1  -1  -1   2   2  -3  -2  -1    6   2  10   0   0   2   0  11   0   2   0   0   0   2   0  33  26   0   0   5  0.21 0.01
   12 Y    -2  -2  -2  -3  -3  -2  -2  -3   2  -2  -1  -2  -1   3  -3  -2  -2   2   8  -1    0   0   0   0   0   0   0   0   0   0   0   0   0   0   0   0   0   0 100   0  0.96 0.03
   13 P    -1  -2  -2  -2  -3  -2  -1  -2  -3  -3  -3  -1  -3  -4   8  -1  -1  -4  -3  -3    0   0   0   0   0   0   0   0   0   0   0   0   0   0 100   0   0   0   0   0  2.09 0.02
   14 I    -1  -3  -4  -3  -1  -3  -3  -4  -4   4   1  -3   1   0  -3  -3  -1  -3  -2   3    0   0   0   0   0   0   0   0   0  84   0   0   0   0   0   0   0   0   0  16  0.41 0.01
   15 F    -3  -3  -3  -4  -3  -4  -4  -4  -1   0   0  -3   0   7  -4  -3  -2   1   3  -1    0   0   0   0   0   0   0   0   0   0   0   0   0 100   0   0   0   0   0   0  0.82 0.02
   16 T     0  -1   0  -1  -1  -1  -1  -2  -2  -1  -1  -1  -1  -2  -1   1   5  -3  -2   0    0   0   0   0   0   0   0   0   0   0   0   0   0   0   0   0 100   0   0   0  0.53 0.02
   17 V    -1  -3  -3  -4  -1  -3  -3  -4  -3   2   1  -3   1   3  -3  -2  -1  -2   0   4    0   0   0   0   0   0   0   0   0   3   0   0   0  21   0   0   0   0   0  77  0.31 0.01
   18 R    -2   6  -1  -2  -4   1   0  -3   0  -3  -2   2  -2  -3  -2  -1  -1  -3  -2  -3    0 100   0   0   0   0   0   0   0   0   0   0   0   0   0   0   0   0   0   0  0.82 0.02
   19 W    -3  -3  -3  -4  -2  -2  -3  -3  -3  -3  -2  -3  -2   1  -4  -2   0  11   2  -3    0   0   0   0   0   0   0   0   0   0   0   0   0   0   0   0  11  89   0   0  2.09 0.03
   20 L    -1  -2  -4  -4  -1  -2  -3  -4  -3   2   4  -3   2   0  -3  -2  -1  -2  -1   1    4   0   0   0   0   0   0   0   0   2  91   0   0   0   0   0   0   0   0   3  0.42 0.01
   21 A     4  -2  -1  -2  -1  -1  -1   0  -2  -2  -2  -1  -1  -3  -1   2   0  -3  -2   0   86   0   0   0   0   0   0   0   0   0   0   0   0   0   0  11   3   0   0   0  0.40 0.01
   22 V    -1  -3  -3  -4  -1  -3  -3  -4  -3   3   1  -3   1  -1  -3  -2   0  -3  -1   4    0   0   0   0   0   0   0   0   0  26   7   0   0   0   0   0   0   0   0  68  0.35 0.01
   23 H    -2   0   2  -1  -3   0   0  -2   8  -4  -3  -1  -2  -2  -2  -1  -2  -3   1  -4    0   0  11   0   0   0   0   0  89   0   0   0   0   0   0   0   0   0   0   0  0.87 0.02
   24 T     3  -2  -1  -2  -1  -1  -1   2  -2  -1  -2  -1  -1  -3  -1   1   2  -3  -2   0   48   0   0   0   0   0   0  22   0   0   0   0   0   0   0   0  26   0   0   4  0.30 0.01
   25 L    -2  -2  -4  -4  -1  -2  -3  -4  -3   2   4  -3   2   0  -3  -3  -1  -2  -1   1    0   0   0   0   0   0   0   0   0   8  92   0   0   0   0   0   0   0   0   0  0.46 0.01
   26 A     3  -2  -1  -2  -1  -1  -1   3  -2  -2  -2  -1  -2  -3  -1   1   0  -3  -2  -1   65   0   0   0   0   0   0  31   0   0   0   0   0   0   0   0   3   0   0   0  0.42 0.01
   27 V    -1  -3  -3  -3  -1  -3  -3  -4  -4   4   1  -3   1  -1  -3  -2   0  -3  -1   4    0   0   0   0   0   0   0   0   0  43   0   0   0   0   0   0   0   0   0  57  0.37 0.01
   28 P    -1  -2  -2  -2  -3  -2  -1  -2  -3  -3  -3  -1  -3  -4   8  -1  -1  -4  -3  -3    0   0   0   0   0   0   0   0   0   0   0   0   0   0 100   0   0   0   0   0  2.09 0.02
   29 T     0  -1   0  -1  -1  -1  -1  -1  -2  -1  -2  -1  -1  -2  -1   2   5  -3  -2   0    3   0   0   0   0   0   0   0   0   0   0   0   0   0   0  17  80   0   0   0  0.44 0.02
   30 V     0  -3  -3  -4  -1  -3  -3  -4  -4   3   1  -3   1  -1  -3  -2   0  -3  -1   4    0   0   0   0   0   0   0   0   0  12   0   0   0   0   0   0   0   0   0  88  0.38 0.01
   31 F    -2  -3  -3  -4  -3  -3  -3  -3  -1   0   0  -3   0   7  -4  -2  -2   1   3  -1    0   0   0   0   0   0   0   0   0   0   0   0   0  97   0   3   0   0   0   0  0.76 0.02
   32 F    -3  -3  -3  -4  -3  -4  -4  -4  -1   0   0  -3   0   7  -4  -3  -2   1   3  -1    0   0   0   0   0   0   0   0   0   0   0   0   0 100   0   0   0   0   0   0  0.82 0.02
   33 I    -2  -3  -4  -4  -1  -3  -3  -4  -3   2   4  -3   2   1  -3  -3  -1  -2  -1   1    0   0   0   0   0   0   0   0   0  10  82   0   0   4   0   0   0   0   0   4  0.42 0.01
   34 G     0  -3  -1  -2  -3  -2  -2   6  -2  -4  -4  -2  -3  -3  -2   0  -2  -3  -3  -4    0   0   0   0   0   0   0 100   0   0   0   0   0   0   0   0   0   0   0   0  1.09 0.02
   35 A     4  -1  -1  -2  -1  -1  -1   0  -2  -2  -2  -1  -1  -3  -1   2   0  -3  -2  -1   77   0   0   0   0   0   0   3   0   0   0   0   0   0   0  20   0   0   0   0  0.38 0.01
   36 I    -2  -3  -4  -4  -1  -3  -4  -4  -4   4   2  -3   1   0  -3  -3  -1  -3  -2   3    0   0   0   0   0   0   0   0   0  90  10   0   0   0   0   0   0   0   0   0  0.42 0.02
   37 A     2  -1  -1  -2  -1  -1  -1  -1  -2  -1  -1  -1  -1   0  -1   2   3  -2  -1   0   39   0   0   0   0   0   0   0   0   0   4   0   0   6   0  13  37   0   0   0  0.24 0.01
   38 A     4  -2  -1  -2  -1  -1  -1   0  -2  -2  -2  -1  -1  -3  -1   2   0  -3  -2   0   87   0   0   0   0   0   0   0   0   0   0   0   0   0   0  13   0   0   0   0  0.41 0.01
   39 M    -1  -2  -3  -4  -2  -1  -2  -3  -2   1   2  -2   7   0  -3  -2  -1  -2  -1   1    0   0   0   0   0   0   0   0   0   0   0   0 100   0   0   0   0   0   0   0  0.46 0.03
   40 Q    -1   1   0   0  -3   6   2  -2   0  -3  -2   1  -1  -4  -2   0  -1  -2  -2  -3    0   0   0   0   0 100   0   0   0   0   0   0   0   0   0   0   0   0   0   0  0.73 0.02
   41 F    -3  -3  -3  -4  -3  -4  -4  -4  -2   0   1  -3   0   7  -4  -3  -2   1   3  -1    0   0   0   0   0   0   0   0   0   0   4   0   0  96   0   0   0   0   0   0  0.78 0.02
   42 I    -1  -3  -4  -4  -1  -3  -4  -4  -4   5   2  -3   1   0  -3  -3  -1  -3  -2   3    0   0   0   0   0   0   0   0   0  90   4   0   0   0   0   0   0   0   0   7  0.42 0.02
   43 Q    -1   3   0  -1  -3   5   2  -2   2  -3  -2   1  -1  -3  -2   0  -1  -2  -1  -3    3  24   0   0   0  65   2   0   5   0   0   0   0   0   0   2   0   0   0   0  0.53 0.02
   44 R    -2   6  -1  -2  -4   1   0  -3   0  -3  -2   2  -2  -3  -2  -1  -1  -3  -2  -3    0 100   0   0   0   0   0   0   0   0   0   0   0   0   0   0   0   0   0   0  0.81 0.02

                      K         Lambda
Standard Ungapped    0.1384     0.3310
Standard Gapped      0.0410     0.2670
PSI Ungapped         0.1384     0.3310
PSI Gapped           0.0410     0.2670
