
Last position-specific scoring matrix computed, weighted observed percentages rounded down, information per position, and relative weight of gapless real matches to pseudocounts
            A   R   N   D   C   Q   E   G   H   I   L   K   M   F   P   S   T   W   Y   V   A   R   N   D   C   Q   E   G   H   I   L   K   M   F   P   S   T   W   Y   V
    1 R    -2   7  -1  -2  -4   1   0  -3  -1  -4  -3   2  -2  -3  -3  -1  -2  -3  -2  -3    0 100   0   0   0   0   0   0   0   0   0   0   0   0   0   0   0   0   0   0  0.95 0.05
    2 G     1   2  -2  -2  -2  -1  -2   1  -2   2   0   0   1  -2  -2   0  -1  -3  -2   1   16  16   0   0   0   0   0  14   0  27   0   6   6   0   0   7   0   0   0   8  0.09 0.02
    3 C    -1  -5  -4  -5  11  -4  -5  -4  -4  -2  -2  -4  -2  -3  -4  -2  -2  -3  -3  -2    0   0   0   0 100   0   0   0   0   0   0   0   0   0   0   0   0   0   0   0  1.90 0.12
    4 P    -2  -3  -3  -2  -4  -2  -2  -3  -3  -4  -4  -2  -3  -5   8  -2  -2  -5  -4  -3    0   0   0   0   0   0   0   0   0   0   0   0   0   0 100   0   0   0   0   0  2.30 0.10
    5 R    -2   6  -1  -2  -4   1   0  -3  -1  -3  -2   3  -2  -3  -3  -1  -2  -3  -2  -3    0  75   0   0   0   0   0   0   0   0   5  21   0   0   0   0   0   0   0   0  0.78 0.07
    6 I    -2  -4  -4  -4  -2  -4  -4  -5  -4   6   1  -3   1  -1  -4  -3  -1  -3  -2   2    0   0   0   0   0   0   0   0   0 100   0   0   0   0   0   0   0   0   0   0  0.70 0.08
    7 L    -2  -3  -4  -4  -2  -3  -3  -4  -3   1   4  -3   1   0  -4  -3  -2   6   2   0    0   0   0   0   0   0   0   0   0   0  79   0   0   0   0   0   0  13   8   0  0.60 0.06
    8 M    -2  -1  -2  -3  -2   1  -2  -3  -2   0   1   1   8  -1  -3  -2  -1  -2  -2   0    0   0   0   0   0   5   0   0   0   0   0  14  82   0   0   0   0   0   0   0  0.63 0.10
    9 R    -1   2  -1   0  -4   2   3  -2  -1  -4  -3   3  -2  -4   3  -1  -1  -3  -2  -3    0  14   0   0   0   7  36   0   0   0   0  29   0   0  14   0   0   0   0   0  0.53 0.04
   10 C    -1  -5  -4  -5  11  -4  -5  -4  -4  -2  -2  -4  -2  -3  -4  -2  -2  -3  -3  -2    0   0   0   0 100   0   0   0   0   0   0   0   0   0   0   0   0   0   0   0  1.90 0.12
   11 K    -1   3  -1  -1  -3   1   0  -2  -1  -3  -3   5  -2  -4  -2   1   0  -4  -2  -3    0  12   0   0   0   0   0   0   0   0   0  74   0   0   0   9   5   0   0   0  0.57 0.06
   12 R    -1   4  -1  -2  -3   2   0  -2   3  -2  -1   2  -1  -3  -2   0   0  -3  -1  -1    3  42   0   0   0  10   0   0  11   0   6   8   0   0   0   9   5   0   0   7  0.31 0.04
   13 D    -2  -2   2   7  -4  -1   1  -2  -2  -4  -5  -1  -4  -4  -2  -1  -2  -5  -4  -4    0   0   7  93   0   0   0   0   0   0   0   0   0   0   0   0   0   0   0   0  1.16 0.08
   14 S     1  -1   0   2  -2  -1   0  -1  -2  -3  -3  -1  -2  -3  -1   5   2  -4  -2  -2    4   0   0  11   0   0   0   0   0   0   0   0   0   0   0  78   6   0   0   0  0.52 0.07
   15 D    -3  -2   1   7  -4  -1   1  -2  -2  -4  -5  -1  -4  -4  -2  -1  -2  -5  -4  -4    0   0   0 100   0   0   0   0   0   0   0   0   0   0   0   0   0   0   0   0  1.26 0.09
   16 C    -1  -5  -4  -5  11  -4  -5  -4  -4  -2  -2  -4  -2  -3  -4  -2  -2  -3  -3  -2    0   0   0   0 100   0   0   0   0   0   0   0   0   0   0   0   0   0   0   0  1.90 0.12
   17 L    -2  -3  -4  -4  -2  -2  -3  -4  -3   1   4  -3   3   1   3  -2  -2  -2  -1   0    0   0   0   0   0   0   0   0   0   0  62   0  13   6  18   0   0   0   0   0  0.47 0.05
   18 A     3   0  -2  -2  -2  -1  -2   2  -2  -2   0  -1  -1  -3   2   0  -1  -3  -2  -1   53   7   0   0   0   0   0  18   0   0  11   0   0   0  11   0   0   0   0   0  0.31 0.04
   19 G     0   0   0   3  -3   2   3   2  -1  -3  -3   1  -2  -4  -2   0   0  -3  -3  -3    8   0   0  19   0  14  26  17   0   0   0   9   0   0   0   0   6   0   0   0  0.35 0.03
   20 C    -1  -5  -4  -5  11  -4  -5  -4  -4  -2  -2  -4  -2  -3  -4  -2  -2  -3  -3  -2    0   0   0   0 100   0   0   0   0   0   0   0   0   0   0   0   0   0   0   0  1.90 0.12
   21 V    -1  -1  -3  -3  -2  -2  -3  -4  -3   4   1  -1   0  -1  -3  -2   1  -3  -2   3    0   5   0   0   0   0   0   0   0  49   0   7   0   0   0   0   9   0   0  31  0.29 0.04
   22 C    -1  -5  -4  -5  11  -4  -5  -4  -4  -2  -2  -4  -2  -3  -4  -2  -2  -3  -3  -2    0   0   0   0 100   0   0   0   0   0   0   0   0   0   0   0   0   0   0   0  1.90 0.12
   23 Q    -1   2  -2  -2  -2   1   0  -1  -1   0   2   1   2  -1  -2  -1  -1  -2  -1   0    1  15   0   0   0  12   4   4   0   0  41   7   7   0   0   1   0   0   0   6  0.14 0.02
   24 K     1   0  -1   0  -3   2   3   0  -1  -2  -2   1  -2  -3   2   1  -1  -3  -2  -1   12   3   0   0   0   8  33   8   0   0   0   6   0   0   9  11   0   0   0   8  0.27 0.03
   25 N    -1  -1   4   2  -3   1   1  -1   5  -3  -3  -1  -2  -3  -2   1  -1  -3  -1  -3    0   0  37  15   0   4   4   0  27   0   0   0   0   0   0  10   0   0   0   0  0.50 0.05
   26 G     0  -3  -1  -2  -3  -2  -1   6  -3  -5  -4  -2  -3  -4  -3  -1  -2  -3  -4  -4    0   0   0   0   0   0   5  95   0   0   0   0   0   0   0   0   0   0   0   0  1.19 0.08
   27 Y    -2  -2  -2  -4  -3  -2  -3  -4   4   0  -1  -3  -1   5  -4  -2  -2   1   6  -1    0   0   0   0   0   0   0   0  13   8   0   0   0  34   0   0   0   0  45   0  0.72 0.06
   28 C    -1  -5  -4  -5  11  -4  -5  -4  -4  -2  -2  -4  -2  -3  -4  -2  -2  -3  -3  -2    0   0   0   0 100   0   0   0   0   0   0   0   0   0   0   0   0   0   0   0  1.90 0.12
   29 G     0  -3  -1  -2  -3  -2  -3   7  -3  -5  -5  -2  -3  -4  -3  -1  -2  -3  -4  -4    0   0   0   0   0   0   0 100   0   0   0   0   0   0   0   0   0   0   0   0  1.30 0.08

                      K         Lambda
Standard Ungapped    0.1487     0.3332
Standard Gapped      0.0410     0.2670
PSI Ungapped         0.1487     0.3332
PSI Gapped           0.0410     0.2670
