
Last position-specific scoring matrix computed, weighted observed percentages rounded down, information per position, and relative weight of gapless real matches to pseudocounts
            A   R   N   D   C   Q   E   G   H   I   L   K   M   F   P   S   T   W   Y   V   A   R   N   D   C   Q   E   G   H   I   L   K   M   F   P   S   T   W   Y   V
    1 M    -1  -2  -3  -3  -1  -1  -2  -3  -2   2   2  -2   5   0  -3  -2  -1  -2  -1   3    0   0   0   0   0   0   0   0   0   0   0   0  60   0   0   0   0   0   0  40  0.30 0.01
    2 A     0   4  -1  -2  -3   0   0  -2  -1  -3  -3   4  -2  -3   0   1  -1  -3  -2  -3    9  35   0   0   0   0   0   0   0   0   0  42   0   0   2  12   0   0   0   0  0.52 0.07
    3 F    -3  -3  -4  -4  -3  -4  -4  -4  -2   1   2  -4   0   6  -4  -3  -2   0   2  -1    0   0   0   0   0   0   0   0   0   4  29   0   0  67   0   0   0   0   0   0  0.82 0.10
    4 E     1  -1  -1   0  -3   3   3  -2  -1  -3  -3   0  -2  -4   5   0  -1  -4  -3  -3   13   0   0   4   0  24  28   0   0   0   0   0   0   0  28   2   0   0   0   0  0.67 0.09
    5 E     0  -1  -2   0  -3   1   4  -3  -2   2   0  -1  -1  -2  -2  -1   0  -3  -2   0    6   0   0   0   0   3  50   0   0  24  10   0   0   0   0   0   6   0   0   0  0.34 0.08
    6 A     5  -3  -3  -3  -1  -2  -2  -1  -3   0  -1  -2  -1  -3  -2   0  -1  -4  -2   2   75   0   0   0   0   0   0   0   0   3   0   0   0   0   0   0   0   0   0  22  0.56 0.12
    7 M    -1   0  -1   0  -3   2   4  -3  -1   0   0   0   2  -2  -2   0  -1  -3  -1  -1    0   2   0   0   0  13  40   0   0   7  11   4  12   0   0   9   0   0   2   0  0.31 0.08
    8 N     2   1   2   0  -3   1   2  -2  -1  -3  -3   3  -2  -4  -2   0  -1  -4  -2  -2   23   3  12   4   0   6  14   0   0   0   0  38   0   0   0   0   0   0   0   0  0.37 0.08
    9 R    -2   6  -1  -3  -4   0  -1  -3   4  -4  -3   1  -2  -1  -3  -2  -2  -2   4  -3    0  67   0   0   0   0   0   0  13   0   0   3   0   0   0   0   0   0  18   0  0.89 0.14
   10 V    -1   1   2  -2  -2  -1  -2  -3   0   2   1   1   1  -1  -3  -1   0  -3  -2   2    0   8  19   0   0   0   0   0   3  13  20  10   4   0   0   0   4   0   0  19  0.13 0.05
   11 F    -2  -3  -4  -4   5  -3  -4  -4  -2   0   2  -4   0   5  -4  -3  -2   2   2  -1    0   0   0   0  16   0   0   0   0   0  33   0   0  43   0   0   0   2   6   0  0.65 0.10
   12 H    -2   0   5   2  -3   1   1  -2   1  -2  -2   1   1  -3  -2   0  -1  -4  -2  -2    0   2  41  15   0   8  10   0   2   2   4   8   6   0   0   0   0   0   0   0  0.41 0.07
   13 K    -1   1  -1  -2  -3   0  -1  -3  -1   0  -1   5  -1  -2  -2  -1  -1  -3   2   1    0   2   0   0   0   0   0   0   0   4   2  66   0   0   0   0   0   0  10  16  0.45 0.10
   14 K    -2   1  -1  -2  -3   3   0  -3   0  -2  -1   5   2  -2  -2  -1  -1  -3   1  -2    0   2   0   0   0  15   0   0   2   0   3  57  12   0   0   2   0   0   6   0  0.47 0.10
   15 I    -2  -4  -4  -4  -2  -4  -4  -5  -4   6   1  -3   0  -1  -4  -3  -1  -4  -2   3    0   0   0   0   0   0   0   0   0  77   0   0   0   0   0   0   0   0   0  23  0.77 0.12
   16 C    -2  -5  -4  -5  10  -4  -5  -4  -4  -3  -3  -4  -3  -4  -4  -2  -2  -4  -4  -2    0   0   0   0 100   0   0   0   0   0   0   0   0   0   0   0   0   0   0   0  2.41 0.21
   17 L    -2   5  -2  -3  -3  -1  -2  -4  -2  -1   1   0   6  -2  -3  -2  -2  -3  -2  -1    0  50   0   0   0   0   0   0   0   0  13   0  37   0   0   0   0   0   0   0  0.66 0.12
   18 R    -2   4   0   0  -4   1   1  -2   1  -4  -3   4  -2  -4  -2  -1  -2  -4  -2  -3    0  35   4   4   0   0   8   0   4   0   0  45   0   0   0   0   0   0   0   0  0.63 0.09
   19 C    -2  -5  -4  -5  10  -4  -5  -4  -4  -3  -3  -4  -3  -4  -4  -2  -2  -4  -4  -2    0   0   0   0 100   0   0   0   0   0   0   0   0   0   0   0   0   0   0   0  2.41 0.21
   20 T    -2  -2   5  -1  -3  -1  -2   3   0  -3  -3  -2  -3  -1  -3   0  -1  -2   4  -3    0   0  44   0   0   0   0  28   0   0   0   0   0   0   0   2   2   0  23   0  0.62 0.10
   21 A     5  -2  -2  -3  -1  -2  -2  -1  -3  -2  -2  -2  -2  -3  -2   1  -1  -4  -3  -1   97   0   0   0   0   0   0   0   0   0   0   0   0   0   0   3   0   0   0   0  0.85 0.14
   22 R    -2   6  -1  -3  -4   0  -1  -3  -1  -3   0   1  -1  -3  -3  -2   0  -3  -3  -3    0  79   0   0   0   0   0   0   0   0  12   3   0   0   0   0   6   0   0   0  0.87 0.13
   23 N    -2  -2   7   0  -3  -1  -2  -2  -1  -2   1  -1  -1  -3  -3  -1  -1  -4  -3  -2    0   0  77   0   0   0   0   0   0   0  23   0   0   0   0   0   0   0   0   0  0.85 0.14
   24 P     1  -3  -2  -2  -3  -2  -2  -2   2  -3  -4  -2  -3  -4   7   1  -1  -4  -3  -3   13   0   0   0   0   0   0   0   9   0   0   0   0   0  66  12   0   0   0   0  1.38 0.12
   25 W    -1  -3  -3  -3  -3  -1  -2  -3  -3   1  -1  -1   1  -2   5  -2  -1   7  -1   1    4   0   0   0   0   4   0   0   0  13   2   2   4   0  38   0   2  19   0  11  0.79 0.09
   26 K    -1   5   1   2  -4   0   0   0  -1  -3  -3   2  -2  -4  -2   0   0  -4  -3  -3    2  52   4  14   0   0   0   8   0   0   0  11   0   0   0   2   6   0   0   0  0.52 0.08
   27 A     6  -2  -3  -3  -1  -2  -2  -1  -3  -2  -2  -2  -2  -3  -2   0  -1  -4  -3  -1  100   0   0   0   0   0   0   0   0   0   0   0   0   0   0   0   0   0   0   0  0.89 0.15
   28 T    -1   0  -1   0  -2   0   1  -2  -2  -1  -2   1  -1  -3  -2   1   4  -3  -2   1    0   2   0   4   0   2  14   0   0   0   0  10   0   0   0   5  50   0   0  12  0.34 0.08
   29 K    -1   2   3  -1  -3   1   0  -2  -1  -3  -3   4  -2  -3  -2   1   1  -4  -2  -2    0  14  23   0   0   2   2   0   0   0   0  38   0   0   0  10   8   0   0   2  0.42 0.07
   30 C    -2  -5  -4  -5  10  -4  -5  -4  -4  -3  -3  -4  -3  -4  -4  -2  -2  -4  -4  -2    0   0   0   0 100   0   0   0   0   0   0   0   0   0   0   0   0   0   0   0  2.41 0.21
   31 R    -3   7  -2  -3  -5   0  -1  -3  -1  -4  -3   1  -2  -4  -3  -2  -2  -4  -3  -4    0 100   0   0   0   0   0   0   0   0   0   0   0   0   0   0   0   0   0   0  1.41 0.17
   32 K    -2   4  -1  -2  -4   0   0  -3  -1  -4  -3   6  -2  -4  -2  -1  -2  -4  -3  -3    0  24   0   0   0   0   0   0   0   0   0  76   0   0   0   0   0   0   0   0  0.91 0.13
   33 C    -2  -5  -4  -5  10  -4  -5  -4  -4  -3  -3  -4  -3  -4  -4  -2  -2  -4  -4  -2    0   0   0   0 100   0   0   0   0   0   0   0   0   0   0   0   0   0   0   0  2.41 0.21
   34 G    -1   1  -1  -2  -4  -2  -2   6   2  -4  -4   0  -3  -4  -3  -1  -2  -3  -3  -4    0  11   0   0   0   0   0  74   8   0   0   6   0   0   0   0   0   0   0   0  0.93 0.11
   35 Y    -1  -2  -1  -2  -3  -1  -2  -3   5  -3  -3  -2  -2   1  -3   3  -1   0   6  -3    0   0   0   0   0   0   0   0  17   0   0   0   0   0   0  33   0   0  50   0  0.77 0.13
   36 T    -1   1   0   0  -2   0   0  -1  -1  -2  -3   3  -2  -3  -2   2   3  -3  -2  -1    0   8   2   2   0   2   2   4   0   0   0  30   0   0   0  19  29   0   0   2  0.32 0.07
   37 K    -1   0   6   1  -3   0   0   2   1  -4  -4   0  -3  -4  -3   0  -1  -4  -3  -3    2   4  59   2   0   3   4  17   2   0   0   4   0   0   0   0   2   0   0   0  0.65 0.10
   38 L    -2  -3  -4  -5  -2  -3  -4  -5  -4   1   5  -3   1   0  -4  -3  -2  -3  -2   0    0   0   0   0   0   0   0   0   0   3  97   0   0   0   0   0   0   0   0   0  0.84 0.12
   39 R    -3   7  -2  -3  -5   0  -1  -3  -1  -4  -3   1  -2  -4  -3  -2  -2  -4  -3  -4    0 100   0   0   0   0   0   0   0   0   0   0   0   0   0   0   0   0   0   0  1.41 0.17
   40 P    -1  -3  -3  -3  -3  -2  -2  -3  -3  -1  -1  -2   0   0   7  -2  -1  -4  -1  -1    2   0   0   0   0   0   0   0   0   2   4   0   5   4  74   0   2   0   2   6  1.48 0.13
   41 K    -2   1  -1  -2  -4   0   0  -3  -2  -4  -4   6  -2  -4  -2  -1  -2  -4  -3  -3    0   0   0   0   0   0   0   0   0   0   0 100   0   0   0   0   0   0   0   0  1.12 0.16
   42 A     2   1   1  -1  -2   0   0  -1   0  -3  -3   4  -2  -3  -2   1  -1  -4  -2  -2   31   3   8   0   0   0   0   0   3   0   0  44   0   0   0  12   0   0   0   0  0.38 0.08
   43 K    -2   2  -1  -2  -4   0   0  -3  -1  -3  -3   5  -2   1  -2  -1  -2  -3   1  -3    0   6   0   0   0   0   0   0   0   0   0  76   0   8   0   3   0   0   6   0  0.67 0.12
   44 E    -2   0  -1   2  -4   1   5  -3  -1  -4  -4   2  -3  -4  -2  -1  -2  -4  -3  -3    0   0   0   6   0   0  75   0   0   0   0  19   0   0   0   0   0   0   0   0  0.87 0.11
   45 S     0   3  -1  -2  -3   0  -1  -2  -1  -2  -1   2  -1  -3   4   1   0  -3  -2  -1    6  28   0   0   0   0   0   0   0   0   8  20   0   0  20  10   4   0   0   3  0.38 0.05
   46 R    -2   5  -1  -2  -4   0   0   0  -1  -4  -3   4  -2  -4  -2  -1  -2  -4  -2  -3    0  54   0   0   0   0   0   7   0   0   0  39   0   0   0   0   0   0   0   0  0.74 0.09
   47 G     3  -2  -1  -2  -2  -2  -2   5  -2  -3  -3  -1  -2  -3  -2   1  -1  -3  -3  -2   36   0   0   0   0   0   0  54   0   0   0   0   0   0   0  10   0   0   0   0  0.63 0.05

                      K         Lambda
Standard Ungapped    0.1328     0.3257
Standard Gapped      0.0452     0.2670
PSI Ungapped         0.1476     0.3129
PSI Gapped           0.0452     0.2670
