
Last position-specific scoring matrix computed, weighted observed percentages rounded down, information per position, and relative weight of gapless real matches to pseudocounts
            A   R   N   D   C   Q   E   G   H   I   L   K   M   F   P   S   T   W   Y   V   A   R   N   D   C   Q   E   G   H   I   L   K   M   F   P   S   T   W   Y   V
    1 H    -7  -6  -5  -7  -9  -5  -6  -8  12  -9  -9  -6  -7  -7  -8  -7  -7  -8  -4  -9    0   0   0   0   0   0   0   0 100   0   0   0   0   0   0   0   0   0   0   0  4.39 1.16
    2 L    -4   1  -3  -4  -4   6   0  -5   0   1   0   3   3  -4  -4  -3  -2  -3  -3  -1    0   8   0   0   0  34   6   0   2   7   9  15   8   0   0   1   2   0   1   4  0.74 0.39
    3 R    -6   8  -4  -6  -8  -2  -5  -7  -3  -4  -4   2   0  -4  -7  -5  -5  -7  -3  -5    0  81   0   0   0   1   0   0   0   1   2   9   2   1   0   0   0   0   1   1  2.30 0.76
    4 N    -3  -3   0  -5  -1  -4  -4  -5  -5   5  -2  -3  -1  -3  -5   0   4  -3  -3   1    1   1   5   0   1   0   0   0   0  39   3   1   1   1   0   8  29   0   1   9  0.92 0.42
    5 H    -8  -6  -5  -7  -9  -5  -6  -8  12  -9  -9  -7  -7  -7  -8  -7  -8  -8  -4  -9    0   0   0   0   0   0   0   0 100   0   0   0   0   0   0   0   0   0   0   0  4.42 1.18
    6 F    -4  -3  -2  -6  -6  -5  -6  -6  -6  -5  -4  -4  -5  -2  -6   1   8  -7  -5  -5    1   1   2   0   0   0   0   0   0   0   2   1   0   2   0   7  83   0   0   0  2.14 0.78
    7 G    -5  -3  -4  -3  -7  -3  -4   7  -7  -8  -6  -4  -7  -8  -7  -4  -4  -7  -8  -7    0   2   0   1   0   1   1  91   0   0   1   1   0   0   0   1   1   0   0   0  2.37 0.75
    8 S    -4  -5  -5  -1  -8  -2   8  -4  -3  -6  -6  -2  -3  -7  -5  -2  -4  -3  -4  -4    1   0   0   3   0   1  84   1   1   0   1   2   1   0   0   3   1   0   1   1  2.09 0.75
    9 K    -5   4  -2  -5  -8  -3  -3  -6  -3  -7  -7   8  -6  -8  -6  -4  -5  -8  -6  -7    0  18   2   0   0   0   1   0   1   0   0  78   0   0   0   1   0   0   0   0  2.24 0.75
   10 P    -6  -5  -7  -7  -3  -7  -6  -8  -2  -8  -5  -5  -8  -9   9  -5  -5  -9  -8  -8    0   1   0   0   1   0   0   0   1   0   1   0   0   0  94   1   0   0   0   0  3.27 0.99
   11 H    -7  -7  -4  -8  -1  -7  -7  -8   3  -4  -5  -7  -6   6  -8  -5  -7  -3   9  -6    0   0   1   0   1   0   0   0   7   1   0   0   0  29   0   1   0   0  61   0  2.56 0.80
   12 K     0   0  -3  -2  -3   3   3  -3   0  -3  -4   4  -2  -5  -2   0   0  -6  -4  -1    6   4   0   1   0  11  19   2   2   2   1  32   1   0   2   7   6   0   0   4  0.56 0.31
   13 C    -6  -9  -9 -10  12  -9 -10  -9  -9  -7  -7  -9  -7  -8  -9  -7  -7  -8  -8  -7    0   0   0   0 100   0   0   0   0   0   0   0   0   0   0   0   0   0   0   0  4.73 1.20
   14 R    -1  -1   2   1  -3   0   2  -1   2  -3  -3   2  -3  -4   1   1   1  -5  -2  -3    2   2  11   7   0   3  17   5   6   1   3  12   0   0   8  13   7   0   1   1  0.31 0.20
   15 K    -3  -3  -3   1  -6   2   5  -2   2   0  -2   0  -3  -2  -5  -3  -1  -6   0  -1    1   1   0   7   0   9  46   3   4   6   5   5   0   2   0   0   3   0   3   5  0.75 0.38
   16 C    -6  -9  -9  -9  12  -9 -10  -8  -9  -7  -7  -9  -7  -8  -9  -3  -7  -8  -8  -7    0   0   0   0  98   0   0   0   0   0   0   0   0   0   0   2   0   0   0   0  4.59 1.17
   17 N    -3  -2   0   0  -7  -3  -1   7  -1  -7  -6  -4  -2  -6  -3  -1  -4  -3  -7  -7    1   2   5   4   0   1   4  72   1   0   1   1   1   0   1   4   1   0   0   0  1.55 0.56
   18 Y    -4   2  -4  -5  -8  -1  -3  -6  -4  -7  -6   7  -2  -4  -6  -4  -5   0   2  -5    1  10   0   0   0   2   1   0   0   0   0  75   1   1   0   1   0   2   6   1  1.91 0.69
   19 S     4   2  -3  -4   2  -2  -3  -1  -2  -3  -4  -1  -4  -3  -4   3   1  -1  -3  -2   41  10   1   0   4   1   1   4   1   1   0   3   0   1   0  20   8   1   1   2  0.65 0.36
   20 C    -7  -8  -8  -9   2  -8  -8  -8  -6  -5  -4  -8  -5   9  -9  -3  -7  -4   1  -6    0   0   0   0   5   0   0   0   0   0   1   0   0  89   0   2   0   0   4   0  3.05 0.88
   21 V     1   2   1  -4  -1  -3  -3  -2  -1   0  -3  -1  -3  -3  -3   4   3  -5  -3   0   10  11   6   0   1   0   0   3   2   7   1   3   0   1   0  31  17   0   1   5  0.46 0.30
   22 N    -2   4   1   1   0   6  -1  -4   3  -4  -3  -2  -4  -3  -5  -1  -2   1   0  -2    2  21   6   8   2  33   3   1   6   1   2   1   0   1   0   4   2   2   3   3  0.73 0.38
   23 K    -2   2   0  -3   0   1  -2  -2  -1  -4  -2   4  -3  -3  -1   4  -1  -3  -3  -3    2  13   4   1   2   6   1   3   1   1   3  23   0   1   3  32   2   0   0   1  0.55 0.32
   24 S    -1  -4  -1   0  -3  -2  -2   0   1  -4  -6  -4  -3  -4  -3   6  -1  -1  -1  -5    5   1   2   6   0   1   2   5   3   1   0   0   0   1   1  64   4   1   2   0  1.12 0.52
   25 M     0  -2   4  -1  -2   0  -1  -2   6  -2  -3   0   1  -2  -4   1   1  -5   0  -2    6   2  19   2   1   5   3   3  20   3   2   4   4   1   0  11   9   0   4   3  0.47 0.27
   26 L    -6  -7  -8  -8  -2  -7  -8  -8  -4  -2   7  -7  -2  -1  -8  -6  -6  -6  -4  -3    0   0   0   0   1   0   0   0   0   1  95   0   0   2   0   0   0   0   1   1  2.17 0.72
   27 N    -2   2   2  -2  -3   1  -2  -4  -2   3  -1   1  -1  -3  -4  -1   3  -5  -2   0    3  12   9   1   0   7   1   0   1  17   4  10   1   0   0   4  23   0   1   5  0.38 0.25
   28 S     0   3  -1  -1  -1   2   1  -2  -2   0  -2   2  -2  -3  -3   0   2  -5  -2   0    6  19   2   2   1  11   8   2   1   7   2  10   1   0   0   7  12   0   1   7  0.26 0.19
   29 H    -7  -6  -5  -7  -9  -5  -6  -8  11  -9  -9  -6  -7  -7  -8  -7  -8  -8  -1  -9    0   0   0   0   0   0   0   0  98   0   0   0   0   0   0   0   0   0   2   0  4.31 1.16
   30 M    -4   2  -3  -4  -4   6   1  -5   2   0   0   2   4  -3  -5  -3  -3  -1  -1  -2    1   9   0   0   0  33   7   1   4   5   9  11  12   1   0   1   1   1   2   3  0.71 0.38
   31 K    -5   8  -4  -6  -8  -1  -4  -6  -5  -1  -4   3  -3  -7  -6  -4  -3  -7  -3  -4    0  71   0   0   0   2   0   0   0   4   2  15   1   0   0   1   1   0   1   1  1.92 0.67
   32 S    -4  -3  -3  -5  -3  -3  -5  -5  -6   5  -1  -1  -2  -3  -5   0   4  -6  -5   2    0   1   1   0   0   1   0   1   0  39   4   3   1   1   0   8  29   0   0  12  0.96 0.43
   33 H    -7  -3  -5  -7  -9  -5  -6  -8  11  -9  -9  -6  -7  -7  -8  -7  -8  -8  -4  -9    0   1   0   0   0   0   0   0  99   0   0   0   0   0   0   0   0   0   0   0  4.33 1.16
   34 T    -3  -5  -4  -6  -6  -5  -5  -5  -6  -4  -4  -4  -5  -7  -6   2   8  -7  -6  -4    1   0   0   0   0   0   0   0   0   1   2   1   0   0   0  16  78   0   0   1  2.08 0.77
   35 N    -3  -3   0  -3  -7  -6  -4   7  -3  -8  -8  -3  -7  -8  -5  -4  -5  -4  -7  -8    1   1   4   2   0   0   1  87   1   0   0   2   0   0   0   0   0   0   0   0  2.21 0.71
   36 V    -3  -5  -4  -1  -8   0   7  -5  -3  -2  -5  -3  -5  -4  -6  -5  -3  -7  -3  -1    1   0   0   3   0   3  79   1   0   2   1   0   0   1   0   0   1   0   1   5  1.89 0.71
   37 Y    -6   4  -5  -6  -8  -2  -4  -6  -5  -7  -6   8  -6  -7  -6  -4  -3  -7   0  -7    0  17   0   0   0   1   0   0   0   0   1  76   0   0   0   0   1   0   4   0  2.13 0.74
   38 Q    -4  -4  -5  -6  -8  -1  -5  -7  -3  -8  -6  -2  -7  -6   9  -3  -5  -8  -8  -7    1   1   0   0   0   3   1   0   1   0   1   2   0   0  88   2   0   0   0   0  2.86 0.89
   39 Y    -7  -7  -7  -8  -2  -7  -7  -8   2  -6  -5  -7  -6   5  -8  -5  -4  -2   9  -6    0   0   0   0   1   0   0   0   4   0   0   0   0  20   0   1   1   0  73   0  2.83 0.86
   40 R    -1   2  -2  -3  -5   1   3  -2  -1  -2  -3   4  -1  -4  -1   0   0  -5  -4  -1    4   9   1   0   0   6  20   2   1   2   3  30   1   0   3   7   6   0   0   4  0.50 0.29
   41 C    -6  -9  -9 -10  12  -9 -10  -9  -9  -7  -7  -9  -7  -8  -9  -7  -7  -8  -8  -7    0   0   0   0 100   0   0   0   0   0   0   0   0   0   0   0   0   0   0   0  4.73 1.20
   42 A     0  -1   2   0  -4   1   2  -1   1  -3  -3   2  -3  -3   1   2   1  -5  -2  -3    6   2   9   5   0   5  14   4   3   1   3  14   0   1   8  16   7   0   1   1  0.27 0.18
   43 D    -3  -2  -2   2  -6   2   5  -3   3  -1  -2   0  -3  -2  -5  -3  -2  -3  -1  -1    1   1   2  10   0   8  46   1   6   4   4   4   0   2   0   1   1   0   2   5  0.77 0.38
   44 C    -6  -9  -9  -9  12  -9 -10  -8  -9  -7  -7  -9  -7  -8  -9  -7  -7  -8  -3  -7    0   0   0   0  99   0   0   0   0   0   0   0   0   0   0   0   0   0   1   0  4.63 1.18
   45 T    -3  -3   0   0  -4  -3  -2   7  -2  -5  -7  -3  -6  -7  -3  -1  -2  -3  -6  -7    1   2   4   6   0   1   3  70   1   1   0   1   0   0   2   5   2   0   0   0  1.45 0.52
   46 Y    -4   2  -4  -5  -7  -1  -2  -6  -5  -7  -7   7  -2  -4  -6  -4  -4  -4   2  -7    1  10   0   0   0   1   2   0   0   0   0  75   1   0   0   0   1   0   7   0  1.90 0.67
   47 A     5   0  -2  -3   2  -3  -3   0  -1  -4  -4  -1  -2  -2  -3   2   1  -6  -4  -1   45   5   2   1   4   1   1   7   1   0   0   3   1   2   1  15   8   0   0   4  0.63 0.34
   48 T    -7  -8  -8  -8  -1  -8  -8  -8  -6  -5  -5  -8  -5   9  -8  -3  -1  -4   1  -6    0   0   0   0   1   0   0   0   0   0   0   0   0  89   0   2   4   0   3   0  2.98 0.86
   49 K    -2   5  -1  -4  -3  -2  -4  -4  -3  -4  -4   2  -4  -6  -5   5   0  -6  -5  -4    2  29   2   0   0   0   0   1   0   1   1  14   0   0   0  43   4   0   0   1  1.07 0.48
   50 Y    -6  -5  -5  -7  -7  -5  -5  -7   8  -6  -6  -6  -5   1  -7  -6  -6   9   7  -6    0   0   0   0   0   0   0   0  34   0   0   0   0   5   0   0   0  28  34   0  2.56 0.68

                      K         Lambda
Standard Ungapped    0.1294     0.3240
Standard Gapped      0.0661     0.2670
PSI Ungapped         0.2158     0.3182
PSI Gapped           0.0661     0.2670
