
Last position-specific scoring matrix computed, weighted observed percentages rounded down, information per position, and relative weight of gapless real matches to pseudocounts
            A   R   N   D   C   Q   E   G   H   I   L   K   M   F   P   S   T   W   Y   V   A   R   N   D   C   Q   E   G   H   I   L   K   M   F   P   S   T   W   Y   V
    1 M    -1  -2  -3  -3  -2  -1  -2  -3  -2   1   2  -2   7   0  -3  -2  -1  -2  -1   1    0   0   0   0   0   0   0   0   0   0   0   0 100   0   0   0   0   0   0   0  0.52 0.04
    2 P    -1  -2  -2  -2  -3  -2  -1  -2  -3  -3  -3  -1  -3  -4   8  -1  -1  -4  -3  -3    0   0   0   0   0   0   0   0   0   0   0   0   0   0 100   0   0   0   0   0  2.12 0.04
    3 Q    -1   1   0  -1  -3   6   2  -2   0  -3  -2   1  -1  -4  -2   0  -1  -2  -2  -3    0   0   0   0   0 100   0   0   0   0   0   0   0   0   0   0   0   0   0   0  0.77 0.04
    4 L    -2  -2  -4  -4  -1  -2  -3  -4  -3   2   4  -3   2   0  -3  -3  -1  -2  -1   1    0   0   0   0   0   0   0   0   0   0 100   0   0   0   0   0   0   0   0   0  0.51 0.02
    5 N    -1  -1   3   3  -4   1   4  -2   0  -4  -3   0  -3  -4  -2   0  -1  -4  -3  -3    0   0  26  23   0   0  50   0   0   0   0   0   0   0   0   0   0   0   0   0  0.58 0.02
    6 L    -2  -3  -3  -4  -2  -3  -3  -4  -2   0   2  -3   1   6  -4  -3  -2   0   2   0    0   0   0   0   0   0   0   0   0   0  26   0   0  74   0   0   0   0   0   0  0.60 0.02
    7 A     3  -1  -1  -2  -1  -1  -1  -1  -2  -1  -2  -1  -1  -2  -1   1   3  -3  -2   0   51   0   0   0   0   0   0   0   0   0   0   0   0   0   0   0  49   0   0   0  0.35 0.02
    8 W    -3  -3  -4  -5  -3  -2  -3  -3  -3  -3  -2  -3  -2   1  -4  -3  -3  12   2  -3    0   0   0   0   0   0   0   0   0   0   0   0   0   0   0   0   0 100   0   0  2.55 0.05
    9 W    -3  -3  -4  -5  -3  -2  -3  -3  -3  -3  -2  -3  -2   1  -4  -3  -3  12   2  -3    0   0   0   0   0   0   0   0   0   0   0   0   0   0   0   0   0 100   0   0  2.55 0.05
   10 L    -2  -3  -4  -4  -1  -3  -3  -4  -3   4   3  -3   1   0  -3  -3  -1  -3  -1   2    0   0   0   0   0   0   0   0   0  74  26   0   0   0   0   0   0   0   0   0  0.41 0.02
   11 L    -1  -3  -3  -4  -1  -3  -3  -4  -3   4   2  -3   1   0  -3  -2  -1  -3  -1   3    0   0   0   0   0   0   0   0   0  49  26   0   0   0   0   0   0   0   0  25  0.36 0.01
   12 N    -2  -1   6   1  -3   0   0  -1   0  -4  -4   0  -2  -3  -2   0   0  -4  -2  -3    0   0 100   0   0   0   0   0   0   0   0   0   0   0   0   0   0   0   0   0  0.84 0.03
   13 F    -3  -3  -3  -4  -3  -4  -4  -4  -1   0   0  -3   0   7  -4  -3  -2   1   3  -1    0   0   0   0   0   0   0   0   0   0   0   0   0 100   0   0   0   0   0   0  0.86 0.03
   14 F    -1  -2  -2  -3  -2  -2  -2  -2  -1  -1   0  -2   0   6  -3   1  -1   0   2  -1    0   0   0   0   0   0   0   0   0   0   0   0   0  75   0  25   0   0   0   0  0.50 0.02
   15 L    -2  -3  -4  -4  -1  -3  -3  -4  -3   3   3  -3   2   0  -3  -3  -1  -2  -1   2    0   0   0   0   0   0   0   0   0  49  51   0   0   0   0   0   0   0   0   0  0.40 0.02
   16 G    -1  -3  -2  -3  -2  -3  -3   2  -3   3   1  -2   0  -1  -3  -2  -1  -3  -2   2    0   0   0   0   0   0   0  26   0  48   0   0   0   0   0   0   0   0   0  25  0.25 0.01
   17 W    -3  -3  -4  -5  -3  -2  -3  -3  -3  -3  -2  -3  -2   1  -4  -3  -3  12   2  -3    0   0   0   0   0   0   0   0   0   0   0   0   0   0   0   0   0 100   0   0  2.55 0.05
   18 T     2  -1  -1  -1  -1  -1  -1  -1  -2  -1  -1  -1  -1  -2  -1   1   4  -3  -2   0   25   0   0   0   0   0   0   0   0   0   0   0   0   0   0   0  75   0   0   0  0.41 0.02
   19 S     3  -1   0  -1  -1  -1  -1   0  -1  -2  -2  -1  -1  -3  -1   3   1  -3  -2  -1   49   0   0   0   0   0   0   0   0   0   0   0   0   0   0  51   0   0   0   0  0.38 0.02
   20 L    -1  -2  -1   2  -2  -2  -1  -3  -3   2   2  -2   1  -1  -3  -2  -1  -3  -2   2    0   0   0  25   0   0   0   0   0  23  26   0   0   0   0   0   0   0   0  25  0.20 0.01
   21 L    -2  -3  -4  -4  -2  -3  -3  -4  -3   1   4  -3   2   3  -3  -3  -2  -1   1   0    0   0   0   0   0   0   0   0   0   0  75   0   0  25   0   0   0   0   0   0  0.43 0.02
   22 V    -1  -2  -2  -3  -1  -2  -2  -3  -3   3   2  -2   1  -1  -2  -1   2  -3  -1   2    0   0   0   0   0   0   0   0   0  25  23   0   0   0   0   0  25   0   0  26  0.23 0.01
   23 I    -1  -2  -2  -3  -1  -2  -2  -3  -3   3   2  -2   1  -1  -2  -1   2  -3  -1   2    0   0   0   0   0   0   0   0   0  26  25   0   0   0   0   0  23   0   0  25  0.24 0.01
   24 F    -2  -3  -4  -4  -2  -3  -3  -4  -3   2   3  -3   1   3  -3  -3  -1  -1   1   1    0   0   0   0   0   0   0   0   0  25  49   0   0  26   0   0   0   0   0   0  0.36 0.01
   25 I     0  -2  -2  -2  -1  -2  -2  -3  -3   3   1  -2   1  -1  -2   1   0  -3  -2   3    0   0   0   0   0   0   0   0   0  52   0   0   0   0   0  25   0   0   0  23  0.21 0.01
   26 I    -1  -3  -3  -4  -1  -3  -3  -4  -3   4   2  -3   1   0  -3  -2  -1  -3  -1   3    0   0   0   0   0   0   0   0   0  50  25   0   0   0   0   0   0   0   0  25  0.36 0.01
   27 L    -2  -2  -4  -4  -1  -2  -3  -4  -3   2   4  -3   2   0  -3  -3  -1  -2  -1   1    0   0   0   0   0   0   0   0   0   0 100   0   0   0   0   0   0   0   0   0  0.51 0.02
   28 L     0  -2  -2  -2  -1  -2  -2  -3  -2   1   3  -2   1   0  -2   1   0  -2  -1   2    0   0   0   0   0   0   0   0   0   0  51   0   0   0   0  25   0   0   0  23  0.20 0.01
   29 N    -2  -1   5   1  -3  -1  -1  -1   0   1  -1  -1  -1  -2  -2   0   0  -4  -2   0    0   0  75   0   0   0   0   0   0  25   0   0   0   0   0   0   0   0   0   0  0.44 0.02
   30 T     0  -1   3   0  -2  -1  -1  -1  -1  -2  -3  -1  -2  -3   4   2   2  -3  -2  -2    0   0  23   0   0   0   0   0   0   0   0   0   0   0  25  25  26   0   0   0  0.50 0.01
   31 S    -1   0   3   0  -2   0  -1  -1  -1  -2  -2   2  -1   3  -2   2   0  -2   0  -2    0   0  25   0   0   0   0   0   0   0   0  23   0  25   0  26   0   0   0   0  0.21 0.01
   32 I    -1  -2  -2  -2  -2  -2  -2  -3  -3   2   2  -2   0  -1   4  -1   2  -3  -2   1    0   0   0   0   0   0   0   0   0  26  25   0   0   0  25   0  23   0   0   0  0.36 0.01
   33 T     2  -1  -1  -1  -1  -1  -1  -1  -2  -2  -2  -1  -1  -3   4   2   2  -3  -2  -1   23   0   0   0   0   0   0   0   0   0   0   0   0   0  25  25  26   0   0   0  0.47 0.01
   34 N    -1   0   5   0  -2   3   0  -1   0  -3  -3   0  -1  -3  -2   1   2  -3  -2  -2    0   0  51   0   0  23   0   0   0   0   0   0   0   0   0   0  25   0   0   0  0.44 0.02
   35 N    -1  -1   4   0  -2   0  -1  -1   0  -3  -3  -1  -2  -3   4   2   0  -4  -2  -3    0   0  50   0   0   0   0   0   0   0   0   0   0   0  25  25   0   0   0   0  0.61 0.02
   36 T     2  -2  -1  -2  -1  -1  -1  -2  -2   0   1  -1   0  -1  -2   1   3  -2  -2   0   25   0   0   0   0   0   0   0   0   0  23   0   0   0   0   0  52   0   0   0  0.24 0.02
   37 A     2  -2  -1  -1  -1  -1  -1   3  -2  -2  -2  -1  -1  -3  -1   1   3  -3  -2  -1   26   0   0   0   0   0   0  25   0   0   0   0   0   0   0   0  49   0   0   0  0.34 0.02
   38 N    -1  -1   3  -1  -2   2   0  -2  -1  -1   1   0   0  -2  -2   0   2  -3  -2  -1    0   0  26   0   0  25   0   0   0   0  25   0   0   0   0   0  23   0   0   0  0.19 0.01
   39 T     1  -1   0  -1  -1  -1  -1  -1  -1  -2  -2  -1  -1  -3  -1   3   4  -3  -2  -1    0   0   0   0   0   0   0   0   0   0   0   0   0   0   0  50  50   0   0   0  0.42 0.02
   40 S     0   0   1   3  -2   0   1  -1  -1  -3  -3   2  -2  -3  -1   3   0  -3  -2  -2    0   0   0  23   0   0   0   0   0   0   0  25   0   0   0  51   0   0   0   0  0.36 0.02
   41 T     0   0   0  -1  -1   3   0  -1  -1  -2  -2   0  -1  -3  -1   3   3  -3  -2  -1    0   0   0   0   0  25   0   0   0   0   0   0   0   0   0  48  26   0   0   0  0.36 0.02
   42 T     0  -2  -1  -2  -1  -1  -2  -2  -2   0   2  -1   1  -1  -2   2   2  -2  -2   0    0   0   0   0   0   0   0   0   0   0  49   0   0   0   0  25  26   0   0   0  0.20 0.01
   43 T    -1  -1   0   3  -2   2   1  -2  -1  -2  -2   0  -1  -3  -1   1   3  -3  -2  -1    0   0   0  25   0  23   0   0   0   0   0   0   0   0   0   0  51   0   0   0  0.37 0.02
   44 N    -2  -2   2  -1  -2  -2  -2  -3  -2   3   2  -2   1  -1  -3  -1  -1  -3  -2   1    0   0  26   0   0   0   0   0   0  49  25   0   0   0   0   0   0   0   0   0  0.21 0.01
   45 T    -1  -1   4   1  -2   0   2  -1   0  -3  -3   0  -2  -3  -2   1   2  -3  -2  -2    0   0  50   0   0   0  23   0   0   0   0   0   0   0   0   0  26   0   0   0  0.44 0.02
   46 T    -1   2   0  -1  -3   1   0  -2  -1  -2  -2   4  -1  -3  -1   0   2  -3  -2  -2    0   0   0   0   0   0   0   0   0   0   0  74   0   0   0   0  26   0   0   0  0.41 0.02
   47 P     0  -1   3   0  -2  -1  -1  -1  -1  -2  -3  -1  -2  -3   4   2   2  -3  -2  -2    0   0  23   0   0   0   0   0   0   0   0   0   0   0  26  25  25   0   0   0  0.51 0.01
   48 N     0  -1   3   0  -2   0   0  -1   4  -2  -3  -1  -2  -2  -2   2   2  -3  -1  -2    0   0  26   0   0   0   0   0  25   0   0   0   0   0   0  23  25   0   0   0  0.35 0.02
   49 L    -1  -2  -1  -2  -1  -2  -2  -3  -3   1   2  -2   1  -1  -2   0   3  -3  -2   2    0   0   0   0   0   0   0   0   0   0  26   0   0   0   0   0  48   0   0  25  0.24 0.01
   50 N    -1  -1   6   1  -2   0  -1  -1   0  -3  -3   0  -2  -3  -2   1   2  -4  -2  -2    0   0  75   0   0   0   0   0   0   0   0   0   0   0   0   0  25   0   0   0  0.59 0.03
   51 W    -3  -3  -4  -5  -3  -2  -3  -3  -3  -3  -2  -3  -2   1  -4  -3  -3  12   2  -3    0   0   0   0   0   0   0   0   0   0   0   0   0   0   0   0   0 100   0   0  2.55 0.05
   52 T    -1   0   0  -1  -3   5   1  -2   0  -2  -2   1  -1  -3  -1   0   2  -2  -2  -2    0   0   0   0   0  74   0   0   0   0   0   0   0   0   0   0  26   0   0   0  0.52 0.03
   53 W    -3  -3  -4  -5  -3  -2  -3  -3  -3  -3  -2  -3  -2   1  -4  -3  -3  12   2  -3    0   0   0   0   0   0   0   0   0   0   0   0   0   0   0   0   0 100   0   0  2.55 0.05
   54 N     0  -1   4   1  -2   0   0   0   0  -3  -3   0  -2  -3  -1   3   1  -3  -2  -2    0   0  50   0   0   0   0   0   0   0   0   0   0   0   0  50   0   0   0   0  0.45 0.00

                      K         Lambda
Standard Ungapped    0.1301     0.3208
Standard Gapped      0.0400     0.2670
PSI Ungapped         0.1308     0.3183
PSI Gapped           0.0400     0.2670
