
Last position-specific scoring matrix computed, weighted observed percentages rounded down, information per position, and relative weight of gapless real matches to pseudocounts
           A  R  N  D  C  Q  E  G  H  I  L  K  M  F  P  S  T  W  Y  V   A   R   N   D   C   Q   E   G   H   I   L   K   M   F   P   S   T   W   Y   V
    1 M   -2 -2 -3 -4 -2 -1 -3 -4 -2  1  2 -2  8 -1 -3 -2 -1 -2 -2  0    0   0   0   0   0   0   0   0   0   0   0   0 100   0   0   0   0   0   0   0  0.87 0.11
    2 E   -1 -1 -1  3 -4  1  6 -3 -1 -4 -4  0 -3 -4 -2 -1 -1 -4 -3 -3    0   0   0  10   0   0  90   0   0   0   0   0   0   0   0   0   0   0   0   0  0.89 0.08
    3 A    4 -2 -1 -2 -1 -1 -1  0 -2 -2 -2 -1 -2 -3 -1  3  1 -3 -2 -1   63   0   0   0   0   0   0   0   0   0   0   0   0   0   0  33   4   0   0   0  0.43 0.05
    4 L   -1 -3 -4 -4 -2 -3 -3 -4 -3  2  4 -3  1  1 -3 -3 -1 -2 -1  2    3   0   0   0   0   0   0   0   0   7  61   0   0   7   0   0   0   0   0  22  0.38 0.04
    5 V    3 -3 -3 -3 -1 -2 -2 -2 -3  2  0 -2  0 -2 -2 -1  0 -3 -2  4   37   0   0   0   0   0   0   0   0   0   0   0   0   0   0   0   0   0   0  63  0.33 0.05
    6 Y   -3 -2 -3 -4 -3 -2 -3 -4  1 -2 -2 -3 -2  3 -4 -2 -2  2  8 -2    0   0   0   0   0   0   0   0   0   0   0   0   0   0   0   0   0   0 100   0  1.30 0.10
    7 T   -1 -2 -1 -2 -1 -2 -2 -3 -3  3  0 -2  0 -2 -2  0  4 -3 -2  2    0   0   0   0   0   0   0   0   0  27   0   0   0   0   0   0  61   0   0  12  0.37 0.05
    8 F   -2 -3 -4 -4 -2 -3 -4 -4 -2  1  2 -3  1  6 -4 -3 -2  0  2  0    0   0   0   0   0   0   0   0   0   4  31   0   0  63   0   0   0   0   0   3  0.61 0.06
    9 L   -2 -3 -4 -4 -2 -3 -3 -4 -3  3  4 -3  2  0 -3 -3 -1 -2 -2  2    0   0   0   0   0   0   0   0   0  15  67   0   0   0   0   0   0   0   0  18  0.45 0.04
   10 L   -2 -3 -4 -4 -2 -3 -3 -4 -3  1  4 -3  3  3 -4 -3 -2 -1  0  0    0   0   0   0   0   0   0   0   0   0  78   0   7  15   0   0   0   0   0   0  0.50 0.05
   11 V    1 -2 -2 -3 -1 -2 -2 -3 -3  3  0 -2  0 -1 -2  0  2 -3 -2  3   12   0   0   0   0   0   0   0   0  21   0   0   0   0   0   0  26   0   0  41  0.26 0.04
   12 G    0 -2 -1 -2  2 -2 -2  3 -2 -1  1 -2  2 -2 -2  1  0 -3 -2 -1    3   0   0   0   6   0   0  36   0   0  19   0  13   0   0  18   3   0   0   2  0.24 0.03
   13 T    1 -2 -1 -2  1 -1 -2 -2 -2 -1 -1 -1 -1 -2 -2  1  5 -3 -2  0   18   0   0   0   4   0   0   0   0   0   6   0   0   0   0   0  66   0   0   7  0.38 0.05
   14 L   -2 -3 -4 -4 -2 -3 -3 -4 -3  2  4 -3  2  0 -3 -3 -1 -2 -2  1    0   0   0   0   0   0   0   0   0  15  78   0   0   0   0   0   0   0   0   7  0.50 0.05
   15 G    2 -2 -1 -2 -2 -2 -2  5 -2 -2 -2 -2  0 -3 -2  0 -1 -3 -3 -2   18   0   0   0   0   0   0  65   0   0   0   0   7   0   0   6   0   0   0   3  0.64 0.05
   16 I   -1 -3 -3 -3 -1 -3 -3 -4 -3  4  1 -3  1 -1 -3 -2  1 -3 -2  3    0   0   0   0   0   0   0   0   0  45   6   0   0   0   0   0  14   0   0  36  0.35 0.04
   17 I   -2 -3 -4 -4 -2 -3 -4 -4 -4  4  3 -3  1  1 -3 -3 -1 -2 -1  2    0   0   0   0   0   0   0   0   0  58  37   0   0   6   0   0   0   0   0   0  0.44 0.05
   18 F   -3 -4 -4 -4 -3 -4 -4 -4 -2 -1  0 -4 -1  8 -5 -3 -3  1  3 -1    0   0   0   0   0   0   0   0   0   0   0   0   0 100   0   0   0   0   0   0  1.12 0.09
   19 F   -2 -4 -4 -4 -3 -4 -4 -4 -2 -1  0 -4 -1  7 -4 -3 -3  0  3 -1    4   0   0   0   0   0   0   0   0   0   0   0   0  96   0   0   0   0   0   0  1.01 0.08
   20 A    5 -2 -2 -2 -1 -1 -1  0 -2 -2 -2 -1 -2 -3 -1  2  0 -3 -2 -1   89   0   0   0   0   0   0   2   0   0   0   0   0   0   0   9   0   0   0   0  0.53 0.06
   21 I   -2 -4 -4 -4 -2 -3 -4 -4 -4  5  1 -3  1 -1 -3 -3 -1 -3 -2  3    0   0   0   0   0   0   0   0   0  83   0   0   0   0   0   0   0   0   0  17  0.56 0.06
   22 F    2 -3 -3 -3 -2 -3 -3 -2 -2  0  0 -3 -1  6 -3 -1 -2  0  2 -1   34   0   0   0   0   0   0   0   0   3   0   0   0  63   0   0   0   0   0   0  0.51 0.06
   23 F   -3 -4 -4 -4 -3 -4 -4 -4 -2 -1  0 -4 -1  8 -5 -3 -3  1  3 -1    0   0   0   0   0   0   0   0   0   0   0   0   0 100   0   0   0   0   0   0  1.12 0.09
   24 R   -2  7 -1 -2 -4  1 -1 -3 -1 -4 -3  2 -2 -4 -3 -1 -2 -3 -2 -3    0 100   0   0   0   0   0   0   0   0   0   0   0   0   0   0   0   0   0   0  1.05 0.09
   25 E   -2 -1  0  4 -4  1  5 -2 -1 -4 -4  0 -3 -4 -2 -1 -1 -4 -3 -3    0   0   0  33   0   0  67   0   0   0   0   0   0   0   0   0   0   0   0   0  0.81 0.06
   26 P   -1 -3 -3 -2 -3 -2 -2 -3 -3 -3 -4 -2 -3 -4  8 -1 -1 -5 -4 -3    0   0   0   0   0   0   0   0   0   0   0   0   0   0  95   2   3   0   0   0  2.09 0.09
   27 P   -1 -3 -3 -2 -4 -2 -2 -3 -3 -4 -4 -2 -3 -5  8 -1 -2 -5 -4 -3    0   0   0   0   0   0   0   0   0   0   0   0   0   0 100   0   0   0   0   0  2.27 0.10
   28 K   -2  6 -1 -2 -4  1  0 -3 -1 -4 -3  3 -2 -4 -2 -1 -1 -3 -2 -3    0  72   0   0   0   0   0   0   0   0   0  25   0   0   0   0   2   0   0   0  0.78 0.06
   29 I   -2 -3 -4 -4 -2 -3 -4 -4 -4  5  2 -3  2  1 -3 -3 -1 -3 -1  3    0   0   0   0   0   0   0   0   0  72   6   0   3   4   0   0   0   0   0  15  0.46 0.05
   30 T    1 -1  0 -1 -2  1  1  1 -1 -1 -1  0 -1 -3  3  0  0 -3 -2  0   12   2   6   0   0   8  17  12   0   4   4   0   0   0  17   1   9   0   0   8  0.21 0.01
   31 S   -1  2  0  0 -3  1  0 -2 -1 -2 -3  5 -2 -3 -1  0  1 -4 -2 -1    1   4   4   3   0   3   2   0   0   0   0  64   0   0   2   3   9   0   0   5  0.38 0.05
   32 N   -1  2  0  1 -4  1  1 -2 -1 -3 -3  5 -2 -4  2  0 -1 -4 -2 -3    3   5   2  10   0   4   2   0   0   0   0  66   0   0   8   0   0   0   0   0  0.47 0.04
   33 K    0  0  0  0 -3  0  2  3 -1 -3 -3  2 -2 -3 -2  1  0 -3 -2 -3    0   0   0   3   0   0  19  26   0   0   0  29   0   0   0  16   7   0   0   0  0.31 0.02
   34 K   -1  3  0  0 -4  1  2 -2 -1 -3 -3  5 -2 -4 -1  0 -1 -3 -2 -3    0   9   0   0   0   0  16   0   0   0   0  75   0   0   0   0   0   0   0   0  0.51 0.02

                      K         Lambda
Standard Ungapped    0.1497     0.3336
Standard Gapped      0.0466     0.2670
PSI Ungapped         0.1522     0.3187
PSI Gapped           0.0466     0.2670
