
Last position-specific scoring matrix computed, weighted observed percentages rounded down, information per position, and relative weight of gapless real matches to pseudocounts
            A   R   N   D   C   Q   E   G   H   I   L   K   M   F   P   S   T   W   Y   V   A   R   N   D   C   Q   E   G   H   I   L   K   M   F   P   S   T   W   Y   V
    1 M    -1  -2  -3  -4  -2  -1  -2  -3  -2   1   2  -2   6   0  -3  -2  -1  -2  -1   1    0   0   0   0   0   0   0   0   0   0   0   0  88   0   0   0   0   0   0  12  0.42 0.03
    2 N     0   1   3   0  -2   1   0   2  -1  -2  -2   1  -2  -3  -2   1   1  -3  -2  -2    3   8  29   0   0   5   0  14   0   4   0   8   0   0   0  14  15   0   0   0  0.24 0.01
    3 N    -1   0   5   0  -3   0   0   1   0  -3  -3   2  -2  -3  -2   0   2  -4  -2  -2    0   0  55   0   0   0   0   8   0   0   0  20   0   0   0   0  17   0   0   0  0.44 0.03
    4 P     1  -2  -1  -1  -2  -1  -1  -2  -2   0  -2   0  -1  -3   5   2   1  -3  -2  -1    6   0   0   0   0   0   0   0   0  11   0   4   0   0  37  34   8   0   0   0  0.58 0.02
    5 N     0   0   5   1  -3   2   0  -1   0  -3  -2   1  -2  -3  -2   1   1  -4  -2  -2    6   2  49   4   0  12   2   0   0   0   2   9   0   0   0   5   8   0   0   0  0.39 0.03
    6 Q     0   2   0   0  -3   5   2  -2   0  -3  -3   2  -1  -3  -2   0   0  -3  -2  -2    9   7   0   0   0  48  13   0   0   0   0  12   0   0   0   4   7   0   0   0  0.43 0.03
    7 P    -1  -2  -2  -1  -3  -1  -1  -2  -2  -3  -3  -1  -3  -4   8   0   0  -4  -3  -2    3   0   0   3   0   3   3   0   0   0   0   0   0   0  77   4   5   0   0   3  1.49 0.05
    8 V    -1   0  -2  -3  -2  -1  -2  -3  -2   2   1   0   2   0  -3  -2   0  -2   1   3    0   4   0   0   0   0   0   0   0  20   5   9   9   0   0   0   5   0  10  38  0.17 0.02
    9 S     1  -1   1  -1  -1   1  -1   1  -1  -1  -2   0  -1  -1  -1   2   2  -3  -2  -1    6   2   6   0   0   8   0  11   0   2   0   0   0   4   0  32  25   0   0   5  0.19 0.01
   10 Y    -2  -2  -2  -4  -3  -2  -2  -4   2  -2  -1  -2  -1   3  -3  -2  -2   2   8  -1    0   0   0   0   0   0   0   0   0   0   0   0   0   0   0   0   0   0 100   0  0.96 0.03
   11 P    -1  -2  -2  -2  -3  -2  -1  -2  -3  -3  -3  -1  -3  -4   8  -1  -1  -4  -3  -3    0   0   0   0   0   0   0   0   0   0   0   0   0   0 100   0   0   0   0   0  2.09 0.02
   12 I    -1  -3  -4  -4  -1  -3  -3  -4  -4   4   1  -3   1   0  -3  -3  -1  -3  -2   3    0   0   0   0   0   0   0   0   0  82   0   0   0   0   0   0   0   0   0  18  0.41 0.01
   13 F    -3  -3  -3  -4  -3  -4  -4  -4  -1   0   0  -4   0   7  -4  -3  -2   1   3  -1    0   0   0   0   0   0   0   0   0   0   0   0   0 100   0   0   0   0   0   0  0.82 0.02
   14 T     0  -1   0  -1  -1  -1  -1  -2  -2  -1  -1  -1  -1  -2  -1   1   5  -3  -2   0    0   0   0   0   0   0   0   0   0   0   0   0   0   0   0   0 100   0   0   0  0.53 0.02
   15 V    -1  -3  -3  -4  -1  -3  -3  -4  -3   2   1  -3   1   3  -3  -2  -1  -2   0   4    0   0   0   0   0   0   0   0   0   3   0   0   0  21   0   0   0   0   0  76  0.31 0.01
   16 R    -2   6  -1  -2  -4   1   0  -3   0  -3  -3   2  -2  -3  -2  -1  -1  -3  -2  -3    0 100   0   0   0   0   0   0   0   0   0   0   0   0   0   0   0   0   0   0  0.82 0.02
   17 W    -3  -3  -4  -4  -3  -2  -3  -3  -3  -3  -2  -3  -2   1  -4  -2   0  11   2  -3    0   0   0   0   0   0   0   0   0   0   0   0   0   0   0   0  11  89   0   0  2.09 0.03
   18 L    -1  -2  -4  -4  -1  -2  -3  -4  -3   2   4  -3   2   0  -3  -2  -1  -2  -1   1    4   0   0   0   0   0   0   0   0   2  91   0   0   0   0   0   0   0   0   3  0.42 0.01
   19 A     4  -2  -1  -2  -1  -1  -1   0  -2  -2  -2  -1  -1  -3  -1   2   0  -3  -2   0   86   0   0   0   0   0   0   0   0   0   0   0   0   0   0  11   3   0   0   0  0.39 0.01
   20 I    -1  -3  -3  -4  -1  -3  -3  -4  -4   3   1  -3   1  -1  -3  -2   0  -3  -1   4    0   0   0   0   0   0   0   0   0  29   3   0   0   0   0   0   0   0   0  68  0.36 0.01
   21 H    -2   0   2  -1  -3   0   0  -2   8  -4  -3  -1  -2  -2  -3  -1  -2  -3   1  -4    0   0  11   0   0   0   0   0  89   0   0   0   0   0   0   0   0   0   0   0  0.87 0.02
   22 A     3  -2  -1  -2  -1  -1  -1   2  -2  -1  -2  -1  -1  -3  -1   1   2  -3  -2   0   50   0   0   0   0   0   0  21   0   0   0   0   0   0   0   0  26   0   0   4  0.29 0.01
   23 I    -2  -3  -4  -4  -1  -2  -3  -4  -3   2   4  -3   2   0  -3  -3  -1  -2  -1   1    0   0   0   0   0   0   0   0   0   8  92   0   0   0   0   0   0   0   0   0  0.46 0.01
   24 G     4  -2  -1  -2  -1  -1  -1   3  -2  -2  -2  -1  -2  -3  -1   1   0  -3  -2  -1   68   0   0   0   0   0   0  29   0   0   0   0   0   0   0   0   4   0   0   0  0.41 0.01
   25 I    -1  -3  -3  -4  -1  -3  -3  -4  -4   4   1  -3   1  -1  -3  -2   0  -3  -1   4    0   0   0   0   0   0   0   0   0  45   0   0   0   0   0   0   0   0   0  55  0.37 0.01
   26 P    -1  -2  -2  -2  -3  -2  -1  -2  -3  -3  -3  -1  -3  -4   8  -1  -1  -4  -3  -3    0   0   0   0   0   0   0   0   0   0   0   0   0   0 100   0   0   0   0   0  2.09 0.02
   27 A     0  -1   0  -1  -1  -1  -1  -1  -2  -1  -2  -1  -1  -2  -1   2   5  -3  -2   0    3   0   0   0   0   0   0   0   0   0   0   0   0   0   0  17  79   0   0   0  0.44 0.02
   28 V     0  -3  -3  -4  -1  -3  -3  -4  -4   3   1  -3   1  -1  -3  -2   0  -3  -1   4    0   0   0   0   0   0   0   0   0  13   0   0   0   0   0   0   0   0   0  87  0.38 0.01
   29 F    -2  -3  -3  -4  -3  -3  -3  -3  -1   0   0  -3   0   7  -4  -2  -2   1   3  -1    0   0   0   0   0   0   0   0   0   0   0   0   0  97   0   3   0   0   0   0  0.76 0.02
   30 F    -3  -3  -3  -4  -3  -4  -4  -4  -1   0   0  -4   0   7  -4  -3  -2   1   3  -1    0   0   0   0   0   0   0   0   0   0   0   0   0 100   0   0   0   0   0   0  0.82 0.02
   31 I    -2  -3  -4  -4  -1  -3  -3  -4  -3   2   4  -3   2   1  -3  -3  -1  -2  -1   1    0   0   0   0   0   0   0   0   0  11  81   0   0   4   0   0   0   0   0   4  0.41 0.01
   32 G     0  -3  -1  -2  -3  -2  -2   6  -2  -4  -4  -2  -3  -4  -2   0  -2  -3  -3  -4    0   0   0   0   0   0   0 100   0   0   0   0   0   0   0   0   0   0   0   0  1.09 0.02
   33 S     4  -1  -1  -2  -1  -1  -1   0  -2  -2  -2  -1  -1  -3  -1   2   0  -3  -2  -1   76   0   0   0   0   0   0   3   0   0   0   0   0   0   0  21   0   0   0   0  0.38 0.01
   34 I    -2  -3  -4  -4  -1  -3  -4  -4  -4   5   2  -3   1   0  -3  -3  -1  -3  -2   3    0   0   0   0   0   0   0   0   0  93   7   0   0   0   0   0   0   0   0   0  0.42 0.02
   35 T     2  -1  -1  -2  -1  -1  -1  -1  -2  -1  -1  -1  -1   0  -1   2   3  -2  -1   0   39   0   0   0   0   0   0   0   0   0   4   0   0   6   0  12  38   0   0   0  0.24 0.01
   36 A     4  -2  -1  -2  -1  -1  -1   0  -2  -2  -2  -1  -1  -3  -1   2   0  -3  -2   0   87   0   0   0   0   0   0   0   0   0   0   0   0   0   0  13   0   0   0   0  0.40 0.01
   37 M    -1  -2  -3  -4  -2  -1  -2  -3  -2   1   2  -2   7   0  -3  -2  -1  -2  -1   1    0   0   0   0   0   0   0   0   0   0   0   0 100   0   0   0   0   0   0   0  0.46 0.03
   38 Q    -1   1   0   0  -3   6   2  -2   0  -3  -3   1  -1  -4  -2   0  -1  -2  -2  -3    0   0   0   0   0 100   0   0   0   0   0   0   0   0   0   0   0   0   0   0  0.73 0.02
   39 F    -3  -3  -3  -4  -3  -4  -4  -4  -2   0   1  -3   0   7  -4  -3  -2   1   3  -1    0   0   0   0   0   0   0   0   0   0   4   0   0  96   0   0   0   0   0   0  0.78 0.02
   40 I    -1  -3  -4  -4  -1  -3  -4  -4  -4   5   2  -3   1   0  -3  -3  -1  -3  -2   3    0   0   0   0   0   0   0   0   0  89   4   0   0   0   0   0   0   0   0   7  0.42 0.02
   41 Q    -1   3   0  -1  -3   5   2  -2   2  -3  -2   1  -1  -3  -2   0  -1  -2  -1  -3    3  21   0   0   0  68   2   0   5   0   0   0   0   0   0   2   0   0   0   0  0.54 0.02
   42 R    -2   6  -1  -2  -4   1   0  -3   0  -3  -2   2  -2  -3  -2  -1  -1  -3  -2  -3    0 100   0   0   0   0   0   0   0   0   0   0   0   0   0   0   0   0   0   0  0.81 0.02

                      K         Lambda
Standard Ungapped    0.1424     0.3321
Standard Gapped      0.0410     0.2670
PSI Ungapped         0.1424     0.3321
PSI Gapped           0.0410     0.2670
