
Last position-specific scoring matrix computed, weighted observed percentages rounded down, information per position, and relative weight of gapless real matches to pseudocounts
            A   R   N   D   C   Q   E   G   H   I   L   K   M   F   P   S   T   W   Y   V   A   R   N   D   C   Q   E   G   H   I   L   K   M   F   P   S   T   W   Y   V
    1 M    -2  -2  -3  -4  -2  -1  -3  -4  -2   2   2  -2   8   0  -3  -2  -1  -2  -2   1    0   0   0   0   0   0   0   0   0   8   8   0  84   0   0   0   0   0   0   0  0.64 0.08
    2 D    -2  -2   1   6  -4   0   2  -2  -1  -3  -4  -1  -1  -4  -2   0  -1  -5  -4  -3    0   0   2  83   0   0   7   0   0   0   0   0   4   0   0   4   0   0   0   0  0.90 0.06
    3 I    -2  -3  -4  -4  -2  -3  -4  -4  -4   5   3  -3   2   0  -3  -3  -1  -3  -2   2    0   0   0   0   0   0   0   0   0  73  22   0   2   0   0   0   2   0   0   0  0.48 0.05
    4 I    -1  -3  -3  -2  -2  -3  -3  -4  -3   3   2  -3   1   2  -3  -2  -1  -2  -1   3    0   0   0   2   0   0   0   0   0  29  25   0   0  11   0   0   2   0   0  30  0.30 0.03
    5 S     0  -1   1   0  -2   1   0  -1  -1  -2  -2  -1  -2  -3  -1   3   3  -3  -2  -1    2   0   6   5   0   6   0   2   0   0   0   0   0   0   0  46  31   0   0   2  0.35 0.04
    6 L    -1  -3  -4  -4  -2  -3  -3  -4  -3   3   4  -3   2   2  -3  -3  -1  -2  -1   1    2   0   0   0   0   0   0   0   0  31  54   0   3   8   0   0   0   0   0   2  0.39 0.04
    7 G     2  -2  -1  -2  -2  -2  -2   5  -2  -3  -3  -2  -2  -3  -2   0   0  -3  -3  -2   29   0   0   0   0   0   0  60   0   0   0   0   0   0   0   2  10   0   0   0  0.64 0.05
    8 W    -4  -4  -5  -6  -3  -3  -4  -4  -3  -4  -3  -4  -2   0  -5  -4  -4  12   2  -4    0   0   0   0   0   0   0   0   0   0   0   0   0   0   0   0   0 100   0   0  2.96 0.14
    9 A     4  -2  -2  -2  -1  -2  -2   1  -2   0  -1  -2  -1  -2  -2   1   0  -3  -2   2   62   0   0   0   0   0   0   8   0   0   0   0   0   0   0   5   0   0   0  26  0.31 0.04
   10 G     3  -2  -1  -2   3  -1  -1   1  -2  -2  -2  -1  -2   0  -2   2   0  -3  -1  -1   46   0   0   0   7   0   0  11   0   0   0   0   0   8   0  28   0   0   0   0  0.29 0.04
   11 L    -2  -3  -4  -4  -2  -3  -3  -4  -3   2   4  -3   2   0  -3  -3  -1  -2  -2   2    0   0   0   0   0   0   0   0   0   2  77   0   0   0   0   0   3   0   0  17  0.46 0.05
   12 M     1  -2  -3  -4   1  -1  -3  -3  -2   1   3  -2   6  -1  -3  -1  -1  -2  -2   0   18   0   0   0   3   0   0   0   0   0  23   0  55   0   0   0   0   0   0   0  0.38 0.06
   13 T     2  -2  -2  -3  -1  -2  -2  -1  -3   1   0  -2   0  -2  -2   0   1  -3  -2   3   32   0   0   0   0   0   0   3   0   0   0   0   0   0   0   4   9   0   0  52  0.24 0.04
   14 M     0  -2  -3  -3  -1  -2  -3  -3  -3   2   2  -2   3   1  -3  -1   0  -2  -1   3    2   0   0   0   0   0   0   0   0  11  13   0  17   6   0   6   6   0   0  39  0.22 0.03
   15 F    -3  -4  -4  -4  -3  -4  -4  -4  -2  -1   0  -4  -1   8  -4  -2  -3   0   3  -2    0   0   0   0   0   0   0   0   0   0   0   0   0  95   0   5   0   0   0   0  1.01 0.09
   16 T     0  -2   0  -1  -1  -1  -1  -2  -2  -2  -2  -1  -1  -3  -2   2   5  -3  -2  -1    4   0   0   0   0   0   0   0   0   0   0   0   0   0   0  18  78   0   0   0  0.57 0.07
   17 F    -2  -3  -4  -4  -3  -3  -4  -4  -2   0   1  -4   0   7  -4  -3  -2   5   3  -1    4   0   0   0   0   0   0   0   0   0   7   0   0  70   0   0   0  10   5   3  0.76 0.06
   18 S     1  -1   0  -1  -1  -1  -1  -1  -2  -3  -3  -1  -2  -3  -1   5   1  -4  -2  -2    0   0   0   0   0   0   0   0   0   0   0   0   0   0   0 100   0   0   0   0  0.69 0.08
   19 L    -2  -3  -4  -4  -2  -3  -4  -4  -4   4   4  -3   2   0  -3  -3  -1  -3  -2   2    0   0   0   0   0   0   0   0   0  43  57   0   0   0   0   0   0   0   0   0  0.48 0.05
   20 A     4  -2  -1  -2  -1  -1  -1   0  -2  -2  -2  -1  -2  -3  -1   3   1  -3  -2  -1   57   0   0   0   0   0   0   0   0   0   0   0   0   0   0  39   5   0   0   0  0.43 0.05
   21 L    -2  -2  -4  -4  -2  -2  -3  -4  -3   1   4  -3   5   2  -3  -3  -2  -2  -1   0    0   0   0   0   0   0   0   0   0   0  61   0  32   7   0   0   0   0   0   0  0.48 0.05
   22 V    -1  -3  -4  -4  -1  -3  -3  -4  -4   2   0  -3   0  -1  -3  -2   0  -4  -2   5    0   0   0   0   0   0   0   0   0   0   0   0   0   0   0   0   4   0   0  96  0.55 0.07
   23 V    -1  -3  -4  -4  -1  -3  -3  -4  -4   3   1  -3   0  -1  -3  -2  -1  -4  -2   5    0   0   0   0   0   0   0   0   0   7   0   0   0   0   0   0   0   0   0  93  0.55 0.07
   24 W    -4  -4  -5  -6  -3  -3  -4  -4  -3  -4  -3  -4  -2   0  -5  -4  -4  12   2  -4    0   0   0   0   0   0   0   0   0   0   0   0   0   0   0   0   0 100   0   0  2.96 0.14
   25 A     1  -3  -1  -2  -3  -2  -3   6  -3  -4  -4  -2  -3  -4  -3   0  -2  -3  -4  -3   15   0   0   0   0   0   0  85   0   0   0   0   0   0   0   0   0   0   0   0  1.01 0.06
   26 R    -2   7  -1  -2  -4   1  -1  -3  -1  -4  -3   2  -2  -4  -3  -1  -2  -4  -2  -3    0 100   0   0   0   0   0   0   0   0   0   0   0   0   0   0   0   0   0   0  1.06 0.09
   27 N    -1  -1   6   0  -3   0  -1  -1   3  -4  -4  -1  -2  -3  -2   3   0  -4  -2  -3    0   0  58   0   0   0   0   0   9   0   0   0   0   0   0  33   0   0   0   0  0.60 0.06
   28 G     0  -3  -1  -2  -3  -2  -3   7  -3  -5  -5  -2  -3  -4  -3  -1  -2  -3  -4  -4    0   0   0   0   0   0   0 100   0   0   0   0   0   0   0   0   0   0   0   0  1.27 0.08
   29 F    -2  -3  -4  -4  -2  -3  -4  -4  -2   1   3  -3   1   5  -4  -3  -2   0   1   0    0   0   0   0   0   0   0   0   0   0  58   0   0  42   0   0   0   0   0   0  0.48 0.03

                      K         Lambda
Standard Ungapped    0.1414     0.3352
Standard Gapped      0.0410     0.2670
PSI Ungapped         0.1414     0.3352
PSI Gapped           0.0410     0.2670
