
Last position-specific scoring matrix computed, weighted observed percentages rounded down, information per position, and relative weight of gapless real matches to pseudocounts
           A  R  N  D  C  Q  E  G  H  I  L  K  M  F  P  S  T  W  Y  V   A   R   N   D   C   Q   E   G   H   I   L   K   M   F   P   S   T   W   Y   V
    1 M   -2 -2 -3 -4 -2 -1 -3 -4 -2  1  2 -2  8 -1 -3 -2 -1 -2 -2  0    0   0   0   0   0   0   0   0   0   0   0   0 100   0   0   0   0   0   0   0  0.94 0.13
    2 E   -2 -1 -1  2 -4  1  6 -3 -1 -4 -4  0 -3 -4 -2 -1 -1 -4 -3 -3    0   0   0   9   0   0  91   0   0   0   0   0   0   0   0   0   0   0   0   0  0.93 0.09
    3 A    4 -2 -1 -2 -1 -1 -1  0 -2 -2 -2 -1 -2 -3 -1  3  1 -3 -2 -1   59   0   0   0   0   0   0   0   0   0   0   0   0   0   0  37   4   0   0   0  0.45 0.06
    4 L   -1 -3 -4 -4 -2 -3 -3 -4 -3  2  4 -3  1  2 -3 -3 -1 -2  0  2    2   0   0   0   0   0   0   0   0   6  59   0   0  14   0   0   0   0   0  18  0.38 0.04
    5 V    3 -3 -3 -3 -1 -2 -2 -2 -3  1  0 -2  0 -2 -2 -1  0 -3 -2  4   40   0   0   0   0   0   0   0   0   0   0   0   0   0   0   0   0   0   0  60  0.34 0.06
    6 Y   -3 -3 -3 -4 -3 -2 -3 -4  1 -2 -2 -3 -2  3 -4 -3 -2  2  8 -2    0   0   0   0   0   0   0   0   0   0   0   0   0   0   0   0   0   0 100   0  1.35 0.12
    7 T   -1 -2 -1 -2 -1 -2 -2 -3 -3  3  0 -2  0 -2 -2  0  4 -3 -2  2    0   0   0   0   0   0   0   0   0  30   0   0   0   0   0   0  58   0   0  12  0.38 0.06
    8 F   -2 -3 -4 -4 -2 -3 -4 -4 -2  1  3 -3  1  6 -4 -3 -2  0  2  0    0   0   0   0   0   0   0   0   0   3  34   0   0  60   0   0   0   0   0   2  0.62 0.06
    9 L   -2 -3 -4 -4 -2 -3 -3 -4 -4  3  4 -3  2  0 -3 -3 -1 -2 -2  2    0   0   0   0   0   0   0   0   0  21  63   0   0   0   0   0   0   0   0  15  0.45 0.04
   10 L   -2 -3 -4 -4 -2 -3 -3 -4 -3  1  4 -3  2  2 -4 -3 -2 -2 -1  0    0   0   0   0   0   0   0   0   0   0  82   0   5  12   0   0   0   0   0   0  0.54 0.06
   11 V    1 -2 -2 -3 -1 -2 -2 -1 -3  3  0 -2  0 -1 -2  0  2 -3 -2  3   15   0   0   0   0   0   0   3   0  22   0   0   0   0   0   0  24   0   0  36  0.23 0.04
   12 G    0 -2 -1 -2  1 -2 -2  3 -2 -1  1 -2  2  0 -2  1  0 -2 -2 -1    2   0   0   0   5   0   0  35   0   0  20   0  11   4   0  18   3   0   0   2  0.21 0.03
   13 T    2 -2 -1 -2  1 -1 -1 -2 -2 -1 -1 -1 -1 -2 -2  1  4 -3 -2  0   20   0   0   0   3   0   0   0   0   0   5   0   0   0   0   4  62   0   0   5  0.37 0.06
   14 L   -2 -3 -4 -4 -2 -3 -4 -4 -4  3  4 -3  2  0 -3 -3 -1 -2 -2  1    0   0   0   0   0   0   0   0   0  21  73   0   0   0   0   0   0   0   0   5  0.50 0.05
   15 G    2 -2 -1 -2 -2 -2 -2  5 -2 -2 -2 -2  0 -3 -2  0 -1 -3 -3 -1   20   0   0   0   0   0   0  63   0   2   0   0   7   0   0   5   0   0   0   3  0.60 0.05
   16 I   -1 -3 -3 -3 -1 -2 -3 -4 -3  4  1 -2  1 -1 -3 -1  2 -3 -2  3    0   0   0   0   0   0   0   0   0  41   5   0   0   0   0   0  20   0   0  34  0.34 0.04
   17 I   -2 -3 -4 -4 -2 -3 -4 -4 -4  4  3 -3  1  1 -3 -3 -1 -2 -1  2    0   0   0   0   0   0   0   0   0  55  40   0   0   5   0   0   0   0   0   0  0.46 0.05
   18 F   -3 -4 -4 -4 -3 -4 -4 -4 -2 -1  0 -4 -1  8 -5 -3 -3  0  3 -2    0   0   0   0   0   0   0   0   0   0   0   0   0 100   0   0   0   0   0   0  1.16 0.10
   19 F   -2 -4 -4 -4 -3 -4 -4 -4 -2 -1  0 -4 -1  8 -4 -3 -3  0  3 -1    4   0   0   0   0   0   0   0   0   0   0   0   0  96   0   0   0   0   0   0  1.05 0.10
   20 A    5 -2 -2 -2 -1 -1 -1  0 -2 -2 -2 -1 -2 -3 -1  1  0 -3 -2 -1   91   0   0   0   0   0   0   2   0   0   0   0   0   0   0   7   0   0   0   0  0.56 0.07
   21 I   -2 -4 -4 -4 -2 -3 -4 -4 -4  5  1 -3  1 -1 -3 -3 -1 -3 -2  3    0   0   0   0   0   0   0   0   0  83   0   0   0   0   0   0   0   0   0  17  0.58 0.07
   22 F    2 -3 -3 -3 -2 -3 -3 -2 -2  0  0 -3 -1  6 -3 -1 -2  0  2 -1   37   0   0   0   0   0   0   0   0   3   0   0   0  60   0   0   0   0   0   0  0.50 0.07
   23 F   -3 -4 -4 -4 -3 -4 -4 -4 -2 -1  0 -4  0  7 -4 -3 -3  0  3 -1    0   0   0   0   0   0   0   0   0   0   4   0   0  96   0   0   0   0   0   0  1.07 0.09
   24 R   -2  7 -1 -2 -4  1 -1 -3 -1 -4 -3  2 -2 -4 -3 -1 -2 -4 -2 -3    0 100   0   0   0   0   0   0   0   0   0   0   0   0   0   0   0   0   0   0  1.09 0.10
   25 E   -2 -1  0  5 -4  1  5 -2 -1 -4 -4  0 -3 -4 -2 -1 -1 -4 -3 -3    0   0   0  37   0   0  63   0   0   0   0   0   0   0   0   0   0   0   0   0  0.83 0.07
   26 P   -1 -3 -3 -2 -3 -2 -2 -3 -3 -3 -4 -2 -3 -4  8 -1  0 -4 -4 -3    0   0   0   0   0   0   0   0   0   0   0   0   0   0  92   2   6   0   0   0  2.03 0.10
   27 P   -2 -3 -3 -2 -4 -2 -2 -3 -3 -4 -4 -2 -3 -5  8 -2 -2 -5 -4 -3    0   0   0   0   0   0   0   0   0   0   0   0   0   0 100   0   0   0   0   0  2.29 0.11
   28 K   -2  6 -1 -2 -4  1  0 -3 -1 -4 -3  4 -2 -4 -2 -1 -1 -3 -2 -3    0  65   0   0   0   0   0   0   0   0   0  32   0   0   0   0   2   0   0   0  0.76 0.07
   29 L   -2 -3 -4 -4 -2 -3 -4 -4 -4  5  1 -3  1  0 -3 -3 -1 -3 -1  3    0   0   0   0   0   0   0   0   0  75   4   0   3   3   0   0   0   0   0  15  0.50 0.06
   30 P    0 -1  0 -1 -2  1  1  2 -2 -1 -1 -1 -1 -3  3  0  0 -3 -2  0   10   2   5   0   0   7  13  19   0   5   5   0   0   0  16   3   7   0   0   7  0.21 0.02
   31 E   -1  2  1 -1 -3  1  0 -2 -1 -2 -3  5 -2 -3 -1  0  1 -3 -2 -1    1   5   5   1   0   3   1   0   0   0   0  65   0   0   1   3  10   0   0   4  0.40 0.05
   32 A   -1  2  0  1 -4  1  1 -2 -1 -3 -3  5 -2 -4  2  0 -1 -4 -2 -3    3   2   2   9   0   4   2   0   0   0   0  70   0   0   8   0   0   0   0   0  0.50 0.05
   33 S    0  0  0  0 -3  1  2  2 -1 -3 -3  3 -2 -3 -1  1  0 -3 -2 -3    0   0   0   3   0   0  18  23   0   0   0  35   0   0   0  16   6   0   0   0  0.31 0.02
   34 K   -1  1  0  1 -3  0  1  2 -1 -2 -2  3  0 -3 -2  0  0 -3 -2 -2    0   4   0   9   0   0   8  23   0   0   0  41   8   0   0   0   4   0   0   4  0.25 0.02
   35 S   -1  2  0 -1 -3  1  1 -2 -1 -3 -3  5 -2 -4  1  0 -1 -4 -2 -3    0   0   0   0   0   0   0   0   0   0   0  89   0   0   5   6   0   0   0   0  0.56 0.04
   36 K    2  0  0  0 -2  1  2 -1 -1 -3 -3  2 -2 -3 -1  2  0 -3 -2 -2   24   0   0   0   0   0  25   0   0   0   0  26   0   0   0  25   0   0   0   0  0.28 0.00
   37 K   -1  2  0 -1 -3  1  1 -2 -1 -3 -3  5 -2 -3 -1  0 -1 -3 -2 -3    0   0   0   0   0   0   0   0   0   0   0 100   0   0   0   0   0   0   0   0  0.52 0.00

                      K         Lambda
Standard Ungapped    0.1461     0.3291
Standard Gapped      0.0448     0.2670
PSI Ungapped         0.1465     0.3183
PSI Gapped           0.0448     0.2670
