
Last position-specific scoring matrix computed, weighted observed percentages rounded down, information per position, and relative weight of gapless real matches to pseudocounts
            A   R   N   D   C   Q   E   G   H   I   L   K   M   F   P   S   T   W   Y   V   A   R   N   D   C   Q   E   G   H   I   L   K   M   F   P   S   T   W   Y   V
    1 M    -3  -3  -4  -5  -3  -2  -4  -5  -4  -1   0  -3  10  -2  -5  -4  -3  -3  -3  -1    0   0   0   0   0   0   0   0   0   0   0   0 100   0   0   0   0   0   0   0  1.97 0.35
    2 K    -2   1  -2  -2  -5   0  -1  -3  -2  -5  -4   7  -3  -5  -3  -2  -2  -5  -4  -4    0   3   0   0   0   0   0   0   0   0   0  97   0   0   0   0   0   0   0   0  1.42 0.29
    3 V    -2  -4  -2  -4  -2  -3  -4  -5  -4   2   0  -3  -1  -2  -4  -3   0  -4  -3   6    0   0   2   0   0   0   0   0   0   6   1   1   0   0   0   0   6   0   0  83  0.87 0.22
    4 R    -2   7  -1  -3  -5   1  -1  -4  -2  -4  -3   3  -2  -4  -3  -1  -2  -4   0  -4    1  70   1   0   0   6   0   0   0   0   1  14   1   0   0   3   0   0   3   0  1.03 0.21
    5 A     4  -3  -2  -3  -2  -2  -2   0  -3  -3  -3  -2  -2  -4   3   2   1  -4  -3  -1   57   0   0   0   0   0   0   3   0   0   0   0   0   0  17  16   6   0   0   1  0.64 0.16
    6 S     0  -2  -1  -2  -3  -2  -2  -1  -3  -4  -4  -2  -3  -4  -3   6   0  -5  -3  -1    2   0   0   0   0   0   0   1   0   0   0   0   0   0   0  92   0   0   0   4  1.08 0.27
    7 V    -2  -4  -5  -5  -2  -4  -4  -5  -5   3   1  -4   0  -2  -4  -3  -2  -4  -3   6    0   0   0   0   0   0   0   0   0   9  10   0   0   0   0   0   0   0   0  81  0.92 0.21
    8 K    -2   4  -2  -2  -5   0  -1  -2  -2  -4  -4   7  -3  -5  -3  -2  -2  -5  -3  -4    0  17   0   0   0   0   0   2   0   0   0  80   0   0   0   0   0   0   0   0  1.14 0.24
    9 P    -2   2  -2  -2  -3   0  -1  -3  -2  -4  -4   6  -3  -4   2  -1   0  -4  -3  -3    2  10   0   0   1   1   0   0   0   0   0  69   0   0  11   1   4   0   0   2  0.83 0.20
   10 I    -3   3  -4  -4  -3  -2  -3  -5  -3   5   1  -2   4  -1  -4  -3  -2  -4  -2   1    0  23   0   0   0   0   0   0   0  55   5   0  14   1   0   0   0   0   0   1  0.62 0.18
   11 C    -2  -6  -5  -6  11  -5  -6  -5  -5  -3  -3  -5  -3  -5  -5  -3   0  -5  -5  -3    0   0   0   0  95   0   0   0   0   0   0   0   0   0   0   0   5   0   0   0  2.71 0.37
   12 E    -1   3   0   3  -4   0   3  -1  -1  -3  -4   2  -3  -4   1   1  -1  -4  -3  -3    2  18   4  17   0   1  25   2   0   0   0  13   0   0   6   9   1   0   0   1  0.41 0.10
   13 K    -2   0   4   2  -4   0   1  -2   2  -4  -4   4  -3  -4  -2   0  -1  -4  -1  -3    1   2  22  13   0   0   8   1   6   0   0  37   0   0   0   7   0   0   2   1  0.48 0.13
   14 C    -3  -6  -5  -6  11  -5  -6  -5  -5  -3  -3  -5  -4  -5  -5  -3  -3  -5  -5  -3    0   0   0   0 100   0   0   0   0   0   0   0   0   0   0   0   0   0   0   0  2.97 0.39
   15 K    -2   4  -2  -2  -3   1  -1  -2  -1  -4  -3   5  -2   0  -3  -2  -1  -3   2  -3    0  21   0   0   1   4   1   1   0   0   0  57   0   4   0   0   1   0   9   1  0.69 0.18
   16 V    -1  -3  -3  -4  -2  -3  -4  -4  -4   4   2  -3   1   1  -3  -3  -1  -3  -1   3    1   0   1   0   0   0   0   0   0  39  20   1   2   4   1   0   1   0   1  29  0.49 0.12
   17 I    -2  -4  -5  -5  -2  -4  -4  -5  -5   6   0  -3   0  -2  -4  -4  -2  -4  -1   4    0   0   0   0   0   0   0   0   0  66   2   1   0   0   0   0   0   0   1  29  0.89 0.20
   18 K    -3   6  -2  -3  -5   0  -1  -4  -1  -4  -4   5  -3  -4  -3  -2  -2   0  -3  -4    0  57   0   0   0   0   0   0   1   0   0  40   0   0   0   0   0   1   0   0  1.12 0.23
   19 R    -3   8  -2  -4  -5  -1  -2  -4  -2  -5  -4   1  -3  -5  -4  -3  -3  -5  -4  -5    0 100   0   0   0   0   0   0   0   0   0   0   0   0   0   0   0   0   0   0  1.79 0.31
   20 K    -2   3   3  -1  -4   0   0  -1   5  -4  -4   4  -3  -3  -3  -1  -2  -4  -1  -4    0  20  19   0   0   1   2   5  17   0   0  34   0   1   0   1   0   0   1   0  0.57 0.15
   21 G    -1   0   0  -3  -4  -2  -3   6  -3  -5  -5   0  -4  -5  -4  -1  -3  -4  -4  -5    0   6   4   0   0   1   0  83   0   0   0   5   0   0   0   1   0   0   0   0  1.27 0.21
   22 V    -1   5  -1  -3  -3  -1  -2  -4  -1   1  -2   2  -1  -3  -3  -2  -1  -4  -3   3    1  42   1   0   0   0   0   0   1   9   0  14   0   0   0   1   2   0   0  28  0.47 0.15
   23 L    -2  -2  -1  -4  -2  -3  -4  -4  -4   3   2  -3   0  -1  -4  -3  -1   3  -2   4    0   3   4   0   0   0   0   0   0  15  22   0   0   0   0   0   1   4   0  50  0.49 0.14
   24 R    -2   5  -3  -4  -4  -1  -2  -3  -1  -1   0  -1   5   2  -4  -2  -2  -1   3  -2    1  42   0   0   0   0   0   1   1   2   7   0  21   8   0   1   0   1  15   1  0.55 0.17
   25 I    -2  -4  -3  -5  -2  -4  -4  -5  -5   3   0  -4  -1  -2  -4  -3  -2  -4  -3   6    0   0   1   0   0   0   0   0   0  12   0   0   0   0   0   0   0   0   0  87  1.03 0.23
   26 I    -3  -3  -4  -5  -3  -4  -4  -5  -4   6   1  -4   0   1  -4  -3  -2  -3   0   2    0   1   0   0   0   0   0   0   0  74   8   0   0   4   0   1   0   0   3   8  0.81 0.19
   27 C    -2  -5   0  -5  11  -5  -6  -5  -5  -3  -3  -5  -4  -5  -5  -3  -3  -5  -5  -3    0   0   5   0  95   0   0   0   0   0   0   0   0   0   0   0   0   0   0   0  2.70 0.37
   28 D     0   0  -1   0  -3   0   2  -2  -2   0  -2   3  -2  -2  -2   2   1  -4  -2   0    3   0   0   4   0   1  13   0   0   6   1  26   0   1   0  27  11   0   1   7  0.24 0.10
   29 N    -3  -2   6   2  -4   0   1  -2   2  -2  -4  -1  -3  -4  -3  -1   1  -5  -3  -2    0   0  62  11   0   2   6   0   4   3   0   0   0   0   0   1   9   0   0   2  0.83 0.19
   30 L    -1  -3  -2  -3  -4  -2  -2  -3  -4  -4  -4   0  -4  -4   8  -1  -2  -5  -4  -3    6   0   1   0   0   1   0   0   0   0   1   5   0   1  81   3   0   0   0   1  1.94 0.27
   31 K    -2   5  -1  -2  -5   0  -1  -3  -2  -4  -4   6  -3  -5  -3  -1  -2  -4  -3  -4    0  34   2   0   0   0   0   0   0   0   0  63   0   0   0   2   0   0   0   0  1.04 0.22
   32 H    -4  -2  -1  -3  -5  -2  -2  -4  11  -5  -5  -3  -4  -3  -4  -3  -4  -4   2  -5    0   0   0   0   0   0   0   0  95   0   0   0   0   0   0   0   0   0   5   0  2.38 0.37
   33 K    -2   1   0  -2  -5   0  -1  -3  -2  -5  -4   7  -3  -5  -3  -1  -2  -5  -4  -4    0   0   4   0   0   0   0   0   0   0   0  94   0   0   0   1   1   0   0   0  1.30 0.27
   34 Q    -3  -1  -2  -2  -5   8   0  -4  -1  -5  -4   0  -2  -5  -3  -2  -1  -4  -3  -4    0   0   0   0   0  98   0   0   0   0   0   0   0   0   0   0   2   0   0   0  1.77 0.35
   35 R    -3   7  -2  -3  -3   0  -2  -3  -2  -4  -4   2  -3  -5  -4  -2  -3  -4  -3  -3    1  85   0   0   1   0   0   1   0   0   0  11   0   0   0   0   0   0   0   2  1.37 0.26
   36 Q    -3  -1  -2  -2  -5   8   0  -4  -1  -5  -4   0  -2  -5  -3  -2  -3  -4  -3  -4    0   0   0   0   0 100   0   0   0   0   0   0   0   0   0   0   0   0   0   0  1.80 0.34
   37 K    -1   4   0  -1  -4   1   0  -2  -1  -3  -3   4  -2  -3  -2  -1  -1  -3  -2  -3    0  41   0   0   0   0   0   0   0   0   0  59   0   0   0   0   0   0   0   0  0.55 0.00

                      K         Lambda
Standard Ungapped    0.1384     0.3276
Standard Gapped      0.0575     0.2670
PSI Ungapped         0.1880     0.3180
PSI Gapped           0.0575     0.2670
