
Last position-specific scoring matrix computed, weighted observed percentages rounded down, information per position, and relative weight of gapless real matches to pseudocounts
            A   R   N   D   C   Q   E   G   H   I   L   K   M   F   P   S   T   W   Y   V   A   R   N   D   C   Q   E   G   H   I   L   K   M   F   P   S   T   W   Y   V
    1 A     3  -2  -1  -2  -2  -1  -1   1  -2  -3  -3  -1  -2  -3  -2   4   2  -4  -3  -2   31   0   0   0   0   0   0  10   0   0   0   0   0   0   0  47  12   0   0   0  0.53 0.14
    2 V    -1  -4  -5  -5  -3  -4  -4  -5  -4   3   4  -4   0  -1  -4  -3  -2  -4  -3   3    6   0   0   0   0   0   0   0   0  15  53   0   0   0   0   0   0   0   0  27  0.72 0.22
    3 P    -4  -5  -5  -4  -6  -4  -4  -5  -5  -5  -6  -4  -5  -7   9  -4  -4  -7  -6  -2    0   0   0   0   0   0   0   0   0   0   0   0   0   0  97   0   0   0   0   3  2.92 0.58
    4 Q     0  -1   0   3  -4   1   3  -2  -2  -3  -1   2  -2  -2   1   0  -1  -4  -3  -2    7   1   4  19   0   6  24   1   0   0   7  13   0   1   7   6   3   0   0   2  0.34 0.15
    5 S    -1  -1   2   0  -3   1   2  -2  -1  -2  -3  -1  -2   1  -3   3   2  -3   0  -3    3   2  10   3   0   4  13   0   1   3   0   2   0   7   0  37  11   0   4   0  0.36 0.20
    6 I    -2  -1  -4  -5   1  -3  -4  -5  -3   2   1  -1   0   4  -4  -3  -2   3   0   3    0   5   0   0   3   0   0   0   0  15  12   4   2  23   0   0   0   4   1  33  0.50 0.20
    7 D    -4  -4   2   8  -6  -3  -1  -4  -3  -6  -6  -3  -6  -6  -4  -3  -3  -7  -6  -6    0   0   9  91   0   0   0   0   0   0   0   0   0   0   0   0   0   0   0   0  2.08 0.49
    8 W    -5  -6  -7  -7  -5  -5  -6  -6  -5  -5  -1  -6  -4   2  -7  -6  -5  12   3  -5    0   0   0   0   0   0   0   0   0   0   5   0   0   8   0   0   0  79   8   0  3.35 0.62
    9 R    -1   7  -3  -4  -5  -1  -2  -4  -3  -5  -4   1  -4  -5  -4  -3   0   1  -4  -5    4  83   0   0   0   0   0   0   0   0   0   5   0   0   0   0   6   2   0   0  1.64 0.44
   10 D    -1   1   1   2  -4   2   3  -2  -2  -4  -4   3  -2  -4  -2   2   0  -4  -3  -2    4   6   5  14   0   8  19   0   0   0   0  21   1   0   0  17   4   0   0   2  0.41 0.16
   11 Y    -1   2   0   0  -3   0   2  -2   0  -3  -1   4   0  -2  -2  -1   0  -3  -1  -2    2   9   4   4   0   2  13   2   2   0   6  38   2   1   0   2   7   0   2   3  0.32 0.15
   12 G    -1   0   2   0  -4   0  -2   5   2  -4  -4  -1  -3   0  -3   0  -2  -4  -3  -4    4   4  11   5   0   5   0  51   7   0   0   2   0   5   0   4   0   0   0   0  0.66 0.21
   13 A     3  -1   0  -3   4  -2  -2  -1  -2   0  -2   1  -2   0  -2  -1   0  -2   3   0   29   3   5   0  12   0   0   2   0   8   1   9   0   2   1   2   4   0  16   5  0.26 0.16
   14 V    -2  -4  -5  -5  -3  -2  -4  -5  -5   2   0  -4   1   1  -5  -4  -2  -4  -3   6    0   0   0   0   0   2   0   0   0   9   4   0   4   5   0   0   0   0   0  76  1.10 0.35
   15 N     0  -2   1  -3  -3  -2  -2  -2   0  -2  -1   0  -2  -4   0   2   5  -4  -3  -1    4   0   5   0   0   0   0   1   2   0   6   6   0   0   4  13  55   0   0   3  0.64 0.27
   16 E    -1  -1  -2  -1  -4  -1   1  -2  -1  -5  -5  -1  -4  -5   7   1  -2  -5  -4  -4    5   3   1   3   0   2  12   2   1   0   0   2   0   0  58  10   0   0   0   0  1.29 0.32
   17 V     0  -4  -5  -5  -3  -4  -4  -5  -5   4  -1  -4  -1  -3   1  -3  -2  -5  -3   6    6   0   0   0   0   0   0   0   0  24   0   0   0   0   7   0   0   0   0  62  0.97 0.32
   18 K    -3   4  -2  -3  -5   1  -1  -4  -3  -4  -2   6  -3  -5  -3  -2  -3  -5  -4  -1    0  21   0   0   0   5   0   0   0   0   4  66   0   0   0   0   0   0   0   4  1.13 0.36
   19 N    -3  -2   5   5  -5   0   0  -2   0  -4  -4  -1   1  -4  -3  -1   0  -5  -1  -4    1   1  31  44   0   3   1   1   1   0   0   2   5   0   0   2   5   0   3   1  0.88 0.29
   20 Q    -4  -2  -3  -3  -6   9  -1  -5  -2  -6  -5  -2  -3  -6  -4  -3  -4  -5  -4  -5    0   0   0   0   0 100   0   0   0   0   0   0   0   0   0   0   0   0   0   0  2.46 0.62
   21 N     0  -2  -1  -3   0  -2  -1   6  -4  -5  -4  -1  -2  -5  -4  -2  -3  -5  -5  -3    4   2   2   0   2   1   3  77   0   0   2   3   1   0   0   1   0   0   0   1  1.28 0.33
   22 P     0   1   2  -1  -3   3   0   1   2  -2  -2   0   1  -3  -1   2  -1  -3   0  -2    5   6   9   2   0  16   4  11   6   2   2   2   5   0   2  19   2   0   3   2  0.17 0.12
   23 C    -4  -7  -6  -7  11  -6  -7  -6  -6  -4  -4  -6  -5  -5  -6  -4  -4   2  -5  -4    0   0   0   0  95   0   0   0   0   0   0   0   0   0   0   0   0   2   0   0  3.42 0.65
   24 G    -1  -3   1  -2  -5  -4  -3   7  -4  -6  -5  -3  -5  -5  -4  -1  -4  -5  -5  -5    2   1   6   1   0   0   1  85   0   0   1   1   0   0   0   2   0   0   0   0  1.62 0.39
   25 S     1  -2  -2  -3   3  -3  -3   0  -3  -5  -5  -3  -4  -5  -3   6  -1  -5  -4  -4    7   2   0   0   7   0   0   6   0   0   0   0   0   0   0  79   0   0   0   0  1.20 0.39
   26 C    -3  -6  -5  -6  11  -6  -6  -2  -6  -4  -4  -6  -4  -5  -6  -2  -4  -5  -5  -4    0   0   0   0  94   0   0   3   0   0   0   0   0   0   0   3   0   0   0   0  3.13 0.55
   27 W    -6  -6  -7  -7  -5  -5  -6  -6  -5  -6  -5  -6  -4  -2  -7  -6  -5  12   3  -6    0   0   0   0   0   0   0   0   0   0   0   0   0   0   0   0   0  92   8   0  4.04 0.60

                      K         Lambda
Standard Ungapped    0.1332     0.3160
Standard Gapped      0.0544     0.2670
PSI Ungapped         0.1776     0.3177
PSI Gapped           0.0544     0.2670
