
Last position-specific scoring matrix computed, weighted observed percentages rounded down, information per position, and relative weight of gapless real matches to pseudocounts
            A   R   N   D   C   Q   E   G   H   I   L   K   M   F   P   S   T   W   Y   V   A   R   N   D   C   Q   E   G   H   I   L   K   M   F   P   S   T   W   Y   V
    1 S     3  -1   0  -1  -1  -1  -1   0  -1  -2  -2  -1  -1  -3  -1   3   1  -3  -2  -1   49   0   0   0   0   0   0   0   0   0   0   0   0   0   0  51   0   0   0   0  0.37 0.01
    2 C    -1  -4  -3  -4  10  -3  -4  -3  -4  -2  -2  -4  -2  -3  -3  -1  -1  -3  -3  -1    0   0   0   0 100   0   0   0   0   0   0   0   0   0   0   0   0   0   0   0  1.50 0.05
    3 A     4  -2  -1  -2  -1  -1  -1   0  -2  -2  -2  -1  -1  -3  -1   2   0  -3  -2  -1   79   0   0   0   0   0   0   0   0   0   0   0   0   0   0  21   0   0   0   0  0.42 0.03
    4 D     0  -1   0   2  -3  -1   0   5  -2  -4  -4   2  -3  -4  -2   0  -1  -3  -3  -3    0   0   0  18   0   0   0  60   0   0   0  22   0   0   0   0   0   0   0   0  0.58 0.02
    5 A     3  -1  -2  -1  -1   0   2  -1  -2  -1   1  -1   0  -2  -1   0  -1  -3  -2   0   58   0   0   0   0   0  22   0   0   0  20   0   0   0   0   0   0   0   0   0  0.22 0.02
    6 Y    -2  -2  -3  -4  -3  -2  -2  -4   2  -2  -1  -2  -1   3  -3  -2  -2   2   8  -2    0   0   0   0   0   0   0   0   0   0   0   0   0   0   0   0   0   0 100   0  1.07 0.05
    7 K    -1   2   0  -1  -3   3   1  -2  -1  -3  -3   5  -1  -4  -1   0  -1  -3  -2  -3    0   0   0   0   0  22   0   0   0   0   0  78   0   0   0   0   0   0   0   0  0.56 0.03
    8 S     0   3  -1  -1  -2   0   0  -2  -1  -3  -2   2  -2  -2  -2   2   0   7   0  -2    0  21   0   0   0   0   0   0   0   0   0  20   0   0   0  37   0  22   0   0  0.48 0.02
    9 C    -1  -4  -3  -4  10  -3  -4  -3  -4  -2  -2  -4  -2  -3  -3  -1  -1  -3  -3  -1    0   0   0   0 100   0   0   0   0   0   0   0   0   0   0   0   0   0   0   0  1.50 0.05
   10 D    -1  -2   1   5  -3  -1   1   2  -1  -3  -4  -1  -3  -3  -2   1  -1  -4  -3  -3    0   0   0  59   0   0   0  20   0   0   0   0   0   0   0  21   0   0   0   0  0.58 0.02
   11 S     0   1   0  -1  -2   0   0  -1  -1  -2  -2   3  -1  -3  -1   3   2  -3  -2  -2    0   0   0   0   0   0   0   0   0   0   0  38   0   0   0  39  22   0   0   0  0.33 0.02
   12 L     0   2  -1  -2  -2   2   0  -2  -1   0   1   0   0  -2  -2   1   0  -3  -2   1    0  22   0   0   0  21   0   0   0   0  18   0   0   0   0  20   0   0   0  19  0.14 0.01
   13 K    -1   3  -1  -1  -3   0   0  -2  -1  -3  -3   3  -2  -4   5  -1  -1  -4  -2  -3    0  21   0   0   0   0   0   0   0   0   0  37   0   0  42   0   0   0   0   0  0.82 0.02
   14 C    -1  -4  -3  -4  10  -3  -4  -3  -4  -2  -2  -4  -2  -3  -3  -1  -1  -3  -3  -1    0   0   0   0 100   0   0   0   0   0   0   0   0   0   0   0   0   0   0   0  1.50 0.05
   15 C    -1  -4  -3  -4  10  -3  -4  -3  -4  -2  -2  -4  -2  -3  -3  -1  -1  -3  -3  -1    0   0   0   0 100   0   0   0   0   0   0   0   0   0   0   0   0   0   0   0  1.50 0.05
   16 N    -2  -1   3   3  -4   1   3  -2   4  -4  -3   0  -2  -3  -2   0  -1  -3  -1  -3    0   0  18  22   0   0  41   0  19   0   0   0   0   0   0   0   0   0   0   0  0.52 0.02
   17 N    -1  -1   4   4  -3  -1   0   2  -1  -4  -4  -1  -3  -4  -2   0  -1  -4  -3  -3    0   0  40  38   0   0   0  21   0   0   0   0   0   0   0   0   0   0   0   0  0.59 0.02
   18 R    -2   5  -1  -2  -3   0  -1  -3  -1   1  -1   1  -1  -2  -3  -1  -1  -3  -2  -1    0  78   0   0   0   0   0   0   0  22   0   0   0   0   0   0   0   0   0   0  0.53 0.03
   19 T     0   2  -1  -1  -2   0  -1  -2  -2  -2  -3   0  -2  -3   5   2   2  -3  -2  -2    0  19   0   0   0   0   0   0   0   0   0   0   0   0  41  22  18   0   0   0  0.70 0.02
   20 C    -1  -4  -3  -4  10  -3  -4  -3  -4  -2  -2  -4  -2  -3  -3  -1  -1  -3  -3  -1    0   0   0   0 100   0   0   0   0   0   0   0   0   0   0   0   0   0   0   0  1.50 0.05
   21 M    -1   2  -2  -2  -2   0  -1  -3  -2   2   0   2   2  -1  -2  -1  -1  -3  -2   2    0  19   0   0   0   0   0   0   0  22   0  20  18   0   0   0   0   0   0  21  0.16 0.01
   22 C    -1  -4  -3  -4  10  -3  -4  -3  -4  -2  -2  -4  -2  -3  -3  -1  -1  -3  -3  -1    0   0   0   0 100   0   0   0   0   0   0   0   0   0   0   0   0   0   0   0  1.50 0.05
   23 S     0  -1   3   3  -2   0   0  -1  -1  -3  -3   0  -2  -3  -1   3   1  -4  -2  -2    0   0  19  20   0   0   0   0   0   0   0   0   0   0   0  62   0   0   0   0  0.43 0.02
   24 M     1  -2  -3  -3  -1  -2  -2  -2  -3   2   2  -2   3   0  -3  -1  -1   7   0   1   21   0   0   0   0   0   0   0   0  19  20   0  18   0   0   0   0  22   0   0  0.39 0.02
   25 I     2  -3  -3  -3  -1  -2  -2  -2  -3   3   1  -2   0  -1  -2  -1  -1  -3  -2   2   38   0   0   0   0   0   0   0   0  62   0   0   0   0   0   0   0   0   0   0  0.24 0.02
   26 G    -1  -2   2  -1  -2  -1  -2   4  -1  -1   0  -1   4  -2  -3  -1  -1  -3  -2  -1    0   0  21   0   0   0   0  40   0   0   0   0  38   0   0   0   0   0   0   0  0.33 0.02
   27 T     0  -2   0   2  -2  -1   0   2  -2  -2  -2  -1  -2  -3  -1   2   3  -3  -2  -1    0   0   0  19   0   0   0  20   0   0   0   0   0   0   0  21  40   0   0   0  0.33 0.02
   28 N    -2  -1   7   1  -3   0  -1  -1   0  -4  -4   0  -3  -3  -2   0   0  -4  -2  -3    0   0 100   0   0   0   0   0   0   0   0   0   0   0   0   0   0   0   0   0  0.88 0.04
   29 C    -1  -4  -3  -4  10  -3  -4  -3  -4  -2  -2  -4  -2  -3  -3  -1  -1  -3  -3  -1    0   0   0   0 100   0   0   0   0   0   0   0   0   0   0   0   0   0   0   0  1.50 0.05
   30 T    -1   0  -1  -1  -2   0   2  -3  -2   1   0   2   0  -2  -2   0   1  -3  -2   1    0   0   0   0   0   0  22   0   0  20   0  21   0   0   0   0  18   0   0  19  0.14 0.01
   31 C    -1  -4  -3  -4  10  -3  -4  -3  -4  -2  -2  -4  -2  -3  -3  -1  -1  -3  -3  -1    0   0   0   0 100   0   0   0   0   0   0   0   0   0   0   0   0   0   0   0  1.50 0.05
   32 R    -1   4   0  -1  -4   1   0  -2  -1  -3  -3   4  -2  -3  -2  -1  -1  -3  -2  -3    0  39   0   0   0   0   0   0   0   0   0  61   0   0   0   0   0   0   0   0  0.60 0.03
   33 K    -1   2   0  -1  -3   1   1  -2  -1  -3  -3   5  -2  -3  -1   0  -1  -3  -2  -3    0   0   0   0   0   0   0   0   0   0   0 100   0   0   0   0   0   0   0   0  0.59 0.02
   34 K    -1   2   0  -1  -3   1   1  -2  -1  -3  -3   5  -1  -3  -1   0  -1  -3  -2  -2    0   0   0   0   0   0   0   0   0   0   0 100   0   0   0   0   0   0   0   0  0.52 0.00

                      K         Lambda
Standard Ungapped    0.1289     0.3275
Standard Gapped      0.0389     0.2670
PSI Ungapped         0.1270     0.3174
PSI Gapped           0.0389     0.2670
