
Last position-specific scoring matrix computed, weighted observed percentages rounded down, information per position, and relative weight of gapless real matches to pseudocounts
           A  R  N  D  C  Q  E  G  H  I  L  K  M  F  P  S  T  W  Y  V   A   R   N   D   C   Q   E   G   H   I   L   K   M   F   P   S   T   W   Y   V
    1 M   -1 -2 -3 -4 -2 -1 -2 -3 -2  1  2 -2  7  0 -3 -2 -1 -2 -1  0    0   0   0   0   0   0   0   0   0   0   0   0 100   0   0   0   0   0   0   0  0.55 0.05
    2 E    2 -1 -1  0 -2  0  3  2 -1 -3 -3  0 -2 -3 -1  0  0 -3 -2 -2   26   0   0   0   0   0  42  23   0   0   0   0   0   0   0   0   9   0   0   0  0.33 0.01
    3 L   -2 -3 -4 -4 -1 -3 -4 -4 -4  4  3 -3  1  0 -3 -3 -1 -3 -2  2    0   0   0   0   0   0   0   0   0  71  29   0   0   0   0   0   0   0   0   0  0.41 0.02
    4 T    0 -1  0  1 -1 -1 -1 -2 -2 -1 -2 -1 -1 -3 -1  2  5 -3 -2 -1    0   0   0  11   0   0   0   0   0   0   0   0   0   0   0  13  76   0   0   0  0.44 0.03
    5 T    0 -1  2  2 -2  0  1 -1 -1 -2 -2  0 -2 -3 -1  2  3 -3 -2 -1    0   0  11  15   0   0  13   0   0   0   0   0   0   0   0  19  42   0   0   0  0.33 0.01
    6 T    0 -1  2 -1 -1 -1 -1 -2 -2  0 -1 -1 -1 -2 -2  1  5 -3 -2  1    0   0  13   0   0   0   0   0   0   0   0   0   0   0   0   0  73   0   0  13  0.37 0.02
    7 Q   -1  1  0 -1 -3  6  2 -2  0 -3 -3  1 -1 -4 -2  0 -1 -2 -2 -3    0   0   0   0   0 100   0   0   0   0   0   0   0   0   0   0   0   0   0   0  0.79 0.04
    8 I   -1 -3 -3 -4 -1 -3 -3 -4 -4  4  1 -3  1 -1 -3 -2  0 -3 -1  4    0   0   0   0   0   0   0   0   0  34   0   0   0   0   0   0   0   0   0  66  0.39 0.02
    9 F   -2 -2 -3 -4 -3 -2 -3 -4  0  0  1 -3  0  5 -4 -2 -2  1  6 -1    0   0   0   0   0   0   0   0   0   0  14   0   0  38   0   0   0   0  48   0  0.64 0.02
   10 V   -1 -3 -3 -3 -1 -3 -3  1 -3  3  2 -3  1 -1 -3 -2 -1 -3 -2  3    0   0   0   0   0   0   0  14   0  43  13   0   0   0   0   0   0   0   0  29  0.24 0.01
   11 E    4 -2 -2 -1 -1 -1  1 -1 -2  0 -1 -1 -1 -2 -1  1  0 -3 -2  0   72   0   0   0   0   0  14   0   0  14   0   0   0   0   0   0   0   0   0   0  0.26 0.02
   12 L   -2 -3 -4 -4 -2 -2 -3 -4 -3  2  5 -3  2  0 -3 -3 -1 -2 -1  1    0   0   0   0   0   0   0   0   0   0 100   0   0   0   0   0   0   0   0   0  0.52 0.02
   13 I   -1 -3 -4 -4 -1 -3 -3 -4 -3  3  3 -3  2  0 -3 -3 -1 -2 -1  2    0   0   0   0   0   0   0   0   0  27  58   0   0   0   0   0   0   0   0  15  0.38 0.01
   14 L    1 -2 -2 -3 -1 -2 -2 -2 -3  3  1 -2  1 -1 -2  0  2 -3 -2  1   13   0   0   0   0   0   0   0   0  43  14   0   0   0   0   0  30   0   0   0  0.19 0.01
   15 S    4 -1 -1 -2 -1 -1 -1  0 -2 -2 -2 -1 -1 -3 -1  2  0 -3 -2 -1   73   0   0   0   0   0   0   0   0   0   0   0   0   0   0  27   0   0   0   0  0.40 0.02
   16 L   -2 -3 -4 -4 -2 -2 -3 -4 -3  2  5 -3  2  0 -3 -3 -1 -2 -1  1    0   0   0   0   0   0   0   0   0   0 100   0   0   0   0   0   0   0   0   0  0.52 0.02
   17 I   -2 -3 -4 -4 -2 -3 -4 -4 -4  5  2 -3  1  0 -3 -3 -1 -3 -2  2    0   0   0   0   0   0   0   0   0  85  15   0   0   0   0   0   0   0   0   0  0.44 0.02
   18 P   -1 -3 -2 -2 -3 -2 -1 -3 -3 -3 -3 -1 -3 -4  8 -1 -1 -4 -3 -3    0   0   0   0   0   0   0   0   0   0   0   0   0   0 100   0   0   0   0   0  2.13 0.04
   19 A    4 -2 -1 -2 -1 -1 -1  3 -2 -2 -2 -1 -2 -3 -1  1 -1 -3 -2 -1   72   0   0   0   0   0   0  28   0   0   0   0   0   0   0   0   0   0   0   0  0.45 0.02
   20 T   -1 -3 -3 -3 -2 -3 -3 -3 -2  2  1 -3  0  5 -3 -2  1 -1  1  2    0   0   0   0   0   0   0   0   0  28   0   0   0  43   0   0  14   0   0  15  0.30 0.02
   21 L   -2 -3 -4 -4 -2 -3 -3 -4 -2  1  3 -3  1  5 -4 -3 -2  0  1  0    0   0   0   0   0   0   0   0   0   0  57   0   0  43   0   0   0   0   0   0  0.46 0.02
   22 A    5 -2 -2 -2 -1 -1 -1  0 -2 -2 -2 -1 -1 -3 -1  1  0 -3 -2  0  100   0   0   0   0   0   0   0   0   0   0   0   0   0   0   0   0   0   0   0  0.48 0.03
   23 F   -2 -3 -2  1 -2 -2 -2 -3 -1  0  2 -3  0  5 -3 -2 -2  0  3 -1    0   0   0  13   0   0   0   0   0   0  30   0   0  42   0   0   0   0  14   0  0.35 0.02
   24 N   -1  4  2 -1 -4  1  0 -2  0 -3 -3  4 -2 -3 -2  0 -1 -3 -2 -3    0  43  14   0   0   0   0   0   0   0   0  43   0   0   0   0   0   0   0   0  0.52 0.02
   25 L   -2 -3 -4 -4 -2 -2 -3 -4 -3  2  5 -3  2  0 -3 -3 -1 -2 -1  1    0   0   0   0   0   0   0   0   0   0 100   0   0   0   0   0   0   0   0   0  0.52 0.02
   26 G    1 -2 -1 -1 -2 -2 -2  5 -2 -3 -3 -1 -2 -3 -2  1 -1 -3 -3 -3   14   0   0   0   0   0   0  71   0   0   0   0   0   0   0  15   0   0   0   0  0.72 0.02
   27 K   -1  2  2 -1 -3  1  0 -2 -1 -3 -3  4 -2 -3 -1  0  1 -3 -2 -2    0  10  14   0   0   0   0   0   0   0   0  61   0   0   0   0  15   0   0   0  0.39 0.02
   28 E   -1  0  0  1 -4  2  5 -2  0 -4 -3  1 -2 -4 -1  1 -1 -3 -2 -3    0   0   0   0   0   0  87   0   0   0   0   0   0   0   0  13   0   0   0   0  0.69 0.03
   29 L   -2 -3 -4 -4 -2 -2 -3 -4 -3  2  5 -3  2  0 -3 -3 -1 -2 -1  1    0   0   0   0   0   0   0   0   0   0 100   0   0   0   0   0   0   0   0   0  0.52 0.02
   30 T    1 -1  4  0 -2 -1 -1 -1  0 -2 -2 -1 -2 -1 -2  2  2 -2  2 -2   14   0  37   0   0   0   0   0   0   0   0   0   0   0   0  20  14   0  15   0  0.28 0.01
   31 K   -1  2  0 -1 -3  3  1 -2 -1 -3 -3  5 -2 -4 -1  0 -1 -3 -2 -3    0   0   0   0   0  13   0   0   0   0   0  87   0   0   0   0   0   0   0   0  0.56 0.03

                      K         Lambda
Standard Ungapped    0.1372     0.3223
Standard Gapped      0.0410     0.2670
PSI Ungapped         0.1372     0.3223
PSI Gapped           0.0410     0.2670
