
Last position-specific scoring matrix computed, weighted observed percentages rounded down, information per position, and relative weight of gapless real matches to pseudocounts
           A  R  N  D  C  Q  E  G  H  I  L  K  M  F  P  S  T  W  Y  V   A   R   N   D   C   Q   E   G   H   I   L   K   M   F   P   S   T   W   Y   V
    1 M   -2 -2 -3 -4 -2 -1 -3 -4 -3  0  1 -2  9 -1 -4 -2 -2 -2 -2  0    0   0   0   0   0   0   0   0   0   0   0   0 100   0   0   0   0   0   0   0  1.08 0.16
    2 S    4 -1 -1 -2 -1 -1 -1  1 -2 -2 -2  0 -1 -3 -1  1  2 -3 -2 -1   64   0   0   0   0   0   0   5   0   0   0   8   0   0   0   7  16   0   0   0  0.38 0.06
    3 S    1  0  2  1 -2  0  2 -1 -1 -3 -3  2 -2 -3 -1  3  0 -4 -2 -2    6   0   9   8   0   0  12   0   0   0   0  18   0   0   0  47   0   0   0   0  0.36 0.06
    4 V   -1 -3 -4 -4 -2 -3 -3 -4 -4  3  2 -3  1 -1 -3 -3 -1 -3 -2  4    0   0   0   0   0   0   0   0   0  25  12   0   0   0   0   0   0   0   0  63  0.53 0.09
    5 T    0  0  0 -1 -2  1  2 -2 -1 -2 -3  0 -2 -3 -2  3  4 -3 -2 -2    0   5   0   0   0   8  16   0   0   0   0   0   0   0   0  34  37   0   0   0  0.41 0.09
    6 L   -2 -3 -4 -4 -2 -3 -4 -4 -3  2  5 -3  1  2 -4 -3 -2 -2 -1  0    0   0   0   0   0   0   0   0   0   6  81   0   0  13   0   0   0   0   0   0  0.63 0.10
    7 R   -2  5 -1  0 -4  2  1 -3  1 -4 -3  3 -2 -4 -2  0 -1 -3 -2 -3    0  59   0   5   0   8   7   0   3   0   0  15   0   0   0   4   0   0   0   0  0.66 0.09
    8 N   -2 -1  6  2 -3  1 -1  0  2 -4 -4 -1 -3 -4 -2  1 -1 -4 -2 -4    0   0  62   8   0   7   0   5   6   0   0   0   0   0   0  11   0   0   0   0  0.69 0.11
    9 V   -1 -3 -4 -4 -2 -3 -3 -4 -4  3  1 -3  0 -1 -3 -3 -1 -4 -2  5    0   0   0   0   0   0   0   0   0  13   9   0   0   0   0   0   0   0   0  78  0.60 0.11
   10 S   -1  0 -1 -2  3  2 -1  0 -2 -1 -2 -1 -1 -2 -2  1  4 -3  0  0    0   4   0   0  10  13   0   9   0   0   0   0   0   0   0  10  41   0   4   9  0.26 0.07
   11 K   -2  1 -1 -2 -4  1  0 -3 -2 -4 -4  6 -2 -4 -2 -1 -2 -4 -3 -3    0   0   0   0   0   0   0   0   0   0   0 100   0   0   0   0   0   0   0   0  1.02 0.16
   12 A    2  2 -1 -1 -2  1 -1 -1  1 -3 -2  0 -2 -3 -2  2  1 -3 -2 -2   29  21   0   0   0   7   0   0   4   0   0   0   0   0   0  29  11   0   0   0  0.31 0.07
   13 Y   -3 -3 -3 -4 -3 -3 -3 -4  0 -2 -1 -3 -2  5 -4 -3 -3  5  7 -2    0   0   0   0   0   0   0   0   0   0   0   0   0  30   0   0   0   8  63   0  1.19 0.14
   14 G    1 -3 -1  0 -3 -2 -2  6 -3 -4 -4 -2 -3 -4 -3 -1 -2 -3 -4 -4    8   0   0   7   0   0   0  85   0   0   0   0   0   0   0   0   0   0   0   0  1.10 0.12
   15 E    0 -2  1  5 -3  1  2  0 -1 -4 -4 -1 -3 -4 -2  0 -1 -4 -3 -3    6   0   3  56   0   5  15   8   0   0   0   0   0   0   0   7   0   0   0   0  0.64 0.08
   16 T    0 -1  0 -2 -2 -1 -2 -2 -2  1  1  0  0  1 -2 -1  2 -2  1  2    7   0   6   0   0   0   0   0   0   4  16  12   0   5   0   0  20   0   7  23  0.10 0.04
   17 I   -1 -1 -1 -1 -2  2  1 -3  0  1  0  0  0 -2  1  0  2 -3 -2  2    0   0   0   0   0  13  13   0   2   5   7   6   0   0   6   0  26   0   0  22  0.16 0.05
   18 I    1 -3 -4 -4 -1 -3 -3 -3 -4  4  0 -3  0 -1 -3 -2 -1 -3 -2  4   12   0   0   0   0   0   0   0   0  31   0   0   0   0   0   0   0   0   0  57  0.48 0.09
   19 S   -1 -2 -2 -3 -1 -2 -2 -3 -3  3  2 -2  1 -1 -3  2  0 -3 -2  2    0   0   0   0   0   0   0   0   0  22  28   0   0   0   0  28   0   0   0  22  0.24 0.06
   20 K   -2  2  1  0 -4  0  1 -2  5 -4 -3  3 -2 -3  2 -1 -1 -4 -1 -3    0   9   7   5   0   0   9   0  23   0   0  37   0   0  10   0   0   0   0   0  0.47 0.08
   21 N   -1  0  4  4 -3  1  0  2  2 -4 -4 -1 -3 -4 -2  0 -1 -4 -2 -4    0   5  26  31   0   6   0  20   9   0   0   0   0   0   0   3   0   0   0   0  0.49 0.07
   22 I   -2 -3 -4 -4 -2 -3 -4 -4 -4  4  2 -3  1  1 -3 -3 -1 -3 -1  3    0   0   0   0   0   0   0   0   0  49  24   0   0   8   0   0   0   0   0  19  0.46 0.08
   23 N   -1 -2  5  5 -3 -1  0 -1 -1 -4 -4 -1 -3 -4 -2  1 -1 -5 -3 -3    5   0  42  42   0   0   0   0   0   0   0   0   0   0   0  11   0   0   0   0  0.73 0.10
   24 L   -2 -3 -3 -4 -2 -3 -3  0 -3  1  4 -3  3  1 -3 -3 -2 -2 -1  0    0   0   0   0   0   0   0   9   0   6  68   0  10   6   0   0   0   0   0   0  0.44 0.08
   25 E   -2  1  0  3 -4  2  5 -3 -1 -4 -3  0 -2 -4 -2 -1  1 -4 -3 -3    0   6   0  21   0   8  54   0   0   0   0   0   0   0   0   0  10   0   0   0  0.64 0.09
   26 I   -2 -4 -4 -4 -2 -4 -4 -5 -4  6  1 -4  0 -1 -4 -3 -1 -4 -2  2    0   0   0   0   0   0   0   0   0  94   0   0   0   0   0   0   0   0   0   6  0.83 0.14
   27 Q    0  1  3  1 -3  2  3  0  4 -3 -3  0 -2 -3 -2  0 -1 -3 -1 -3   12   6  19   6   0  10  28   4  15   0   0   0   0   0   0   0   0   0   0   0  0.37 0.06
   28 E   -2 -1  2  5 -4  1  3 -2 -1 -4 -4 -1 -3 -4 -2  0 -1 -4 -3 -3    0   0   8  51   0   6  28   0   0   0   0   0   0   0   0   8   0   0   0   0  0.74 0.09
   29 G   -1 -3 -1 -2 -3 -3 -3  7 -3 -5 -5 -2 -4 -4 -3 -1 -2 -3 -4 -4    0   0   0   0   0   0   0 100   0   0   0   0   0   0   0   0   0   0   0   0  1.45 0.15
   30 E   -2 -1 -1  1 -5  1  6 -3 -1 -4 -4  1 -3 -4 -2 -1 -2 -4 -3 -3    0   0   0   0   0   0  94   0   0   0   0   6   0   0   0   0   0   0   0   0  1.09 0.15
   31 F   -3 -4 -4 -5 -3 -4 -4 -4 -2 -1  0 -4 -1  8 -5 -3 -3  0  2 -2    0   0   0   0   0   0   0   0   0   0   0   0   0 100   0   0   0   0   0   0  1.43 0.17

                      K         Lambda
Standard Ungapped    0.1267     0.3087
Standard Gapped      0.0468     0.2670
PSI Ungapped         0.1530     0.3183
PSI Gapped           0.0468     0.2670
