
Last position-specific scoring matrix computed, weighted observed percentages rounded down, information per position, and relative weight of gapless real matches to pseudocounts
            A   R   N   D   C   Q   E   G   H   I   L   K   M   F   P   S   T   W   Y   V   A   R   N   D   C   Q   E   G   H   I   L   K   M   F   P   S   T   W   Y   V
    1 M    -5  -5  -6  -7  -5  -4  -6  -7  -5  -3  -2  -5  11  -4  -6  -5  -4  -5  -5  -3    0   0   0   0   0   0   0   0   0   0   0   0 100   0   0   0   0   0   0   0  3.33 0.83
    2 K    -4   1  -3  -4  -6   2  -2  -5  -4  -6  -6   8  -5  -6  -3  -3  -4  -6  -5  -6    0   5   0   0   0   6   0   0   0   0   0  88   0   0   1   0   0   0   0   0  1.98 0.61
    3 E     1  -1  -1  -1  -4   2   1  -3  -2  -4  -4   5  -3  -5   2   1  -1  -5  -4  -3   13   1   2   2   0   9  10   0   0   0   0  38   0   0  12   9   3   0   0   0  0.60 0.28
    4 G    -2  -3   3   5  -5  -2   1   4  -2  -6  -6  -1  -5  -6  -4  -1  -3  -6  -5  -5    2   0  15  31   0   1   8  38   0   0   0   4   0   0   0   2   0   0   0   0  0.97 0.35
    5 I    -4  -6  -6  -6  -4  -6  -6  -7  -6   8   0  -4  -1  -2  -6  -5   0  -6  -4   0    0   0   0   0   0   0   0   0   0  86   5   1   1   1   0   0   5   0   0   1  1.82 0.55
    6 H    -6  -4  -3  -5  -7  -1  -4  -6  11  -7  -7  -5  -6  -5  -6  -5  -6  -6  -2  -7    0   0   0   0   0   2   0   0  98   0   0   0   0   0   0   0   0   0   0   0  3.64 0.88
    7 P    -5  -6  -6  -5  -7  -5  -5  -6  -6  -6  -4  -5  -6  -2   9  -5  -5  -7  -6  -6    0   0   0   0   0   0   0   0   0   0   2   0   0   2  96   0   0   0   0   0  3.10 0.77
    8 M    -1  -1   2   4  -5   1   4  -4  -3  -3  -4   2  -2  -5  -1  -2  -1   4  -4  -3    3   1   9  22   0   4  30   0   0   1   0  15   1   0   2   1   4   5   0   2  0.63 0.28
    9 Y    -4  -5  -4  -6  -6  -5  -5  -6  -2  -4  -2  -5   1   2  -6  -2  -3   2   9  -3    1   0   1   0   0   0   0   0   0   0   3   0   3   6   0   3   1   2  78   2  2.18 0.63
   10 N    -2   3   1  -1  -4   1   1  -2   5  -3  -3   2  -2  -1   0  -1  -1  -4   0  -1    2  20   6   1   0   7   7   2  19   1   0  16   0   3   4   3   2   0   2   6  0.42 0.22
   11 E    -1  -1  -1   1  -4   1   4  -4  -2  -3  -2   2  -1  -2   3  -1   1  -4  -3  -2    3   1   3   5   0   7  29   0   0   1   5  15   1   2  15   2   9   0   1   2  0.44 0.23
   12 V     1  -4  -4  -5   2  -4  -4  -4  -2   3  -1  -4  -1   0  -4  -2   1  -5  -3   5   14   0   0   0   5   0   0   0   1  20   3   0   1   3   0   1   9   0   0  43  0.68 0.30
   13 T    -1  -1   0  -2  -2  -1  -1  -4  -3   0   1   2  -1  -3  -1  -1   3  -4  -3   2    2   2   3   2   0   1   3   0   0   2  13  18   1   0   3   3  22   0   0  23  0.27 0.20
   14 V     0  -5  -5  -6  -4  -5  -5  -5  -4   2  -1  -5  -1   6  -5  -4  -3  -3   0   4   10   0   0   0   0   0   0   0   0  13   2   0   1  34   0   0   0   0   2  39  0.99 0.37
   15 K    -2   1   0  -2  -3   1  -1  -3   3   0  -1   2   0  -2  -3   0   2  -3   2   1    0   6   4   0   0   7   2   0   8   5   4  15   3   0   0   4  20   0   7  15  0.24 0.18
   16 C    -4  -5  -4   5   9  -4  -4  -5  -5  -4  -3  -5   4  -5  -5  -3  -4  -5  -1  -3    0   0   0  29  53   0   0   0   0   0   2   0  10   0   0   1   0   0   2   1  1.95 0.55
   17 A     2  -2   1   0  -3  -1  -1  -1  -2  -3  -3  -2  -1  -4  -3   3   4  -5  -4   0   19   1   5   4   0   1   2   4   1   0   1   1   1   0   0  25  28   0   0   6  0.47 0.26
   18 C    -1  -5   0   1   9  -4  -4   2  -5  -5  -5  -4  -4  -5  -5   2   0  -5  -5  -4    4   0   5   9  45   0   0  14   0   0   0   0   0   0   0  17   6   0   0   0  1.33 0.44
   19 G     1  -4  -1  -1  -4  -2   0   6  -4  -5  -5   0  -4  -3  -4   0  -3  -5  -5  -3    9   0   2   4   0   2   5  63   0   0   0   6   0   1   0   5   1   0   0   2  1.04 0.35
   20 N     0  -2   5   2  -4  -1  -1  -3   1  -3  -2   0  -3   1  -1   0   1  -4   2  -1    8   0  32  12   0   2   2   0   3   1   2   7   0   6   2   3  10   0   7   3  0.40 0.23
   21 S     0  -1  -1  -2  -3   1   2  -3  -2   0  -1   2   0  -3  -3   1   2  -4  -3   2    5   1   1   0   0   7  16   0   0   4   3  14   2   0   0   9  13   0   0  23  0.26 0.19
   22 F    -3  -5  -5  -6   1  -5  -5  -6   2   2  -2  -4   3   7  -6  -4  -3   1   3  -1    1   0   0   0   3   0   0   0   5  12   1   1   7  55   0   0   1   1   9   3  1.28 0.42
   23 L    -2  -2  -2  -1  -3   1   2  -4  -2   1   2   2  -1  -2  -2  -1   2  -4  -1   1    0   0   1   1   0   5  19   0   0   8  20  14   0   1   2   1  16   0   1   9  0.24 0.19
   24 T    -2  -4  -3  -4   1  -4  -4  -4  -4   3  -2  -4   0   0  -4   0   6  -5  -4   1    2   0   1   0   4   0   0   0   0  18   2   0   2   4   0   5  53   0   0  11  0.87 0.38
   25 R    -2   5  -1  -2  -5  -2  -2   4  -2  -4  -2   1   1  -2  -4  -3  -2   0  -1  -3    1  38   2   2   0   0   2  32   1   0   4   6   5   1   0   0   1   1   2   1  0.73 0.32
   26 S    -2  -4  -3  -4  -4  -2  -3  -3  -4  -6  -6  -2  -5  -6  -4   7   0  -6  -5  -5    1   0   0   0   0   1   0   1   0   0   0   2   0   0   0  91   5   0   0   0  1.81 0.63
   27 T    -2  -4  -1  -4   0  -3  -3  -5  -5  -3  -4  -4  -2  -5  -4  -1   8  -6  -5  -2    2   0   2   0   2   1   1   0   0   1   0   0   1   0   0   1  88   0   0   2  1.87 0.63
   28 R     0   1  -1  -3  -4   0  -2  -2   1   0  -1   4   0  -2  -3  -2  -2   4   3   0   10   7   2   0   0   4   0   1   4   5   7  31   3   0   0   1   0   7  11   8  0.35 0.22
   29 K    -1  -1  -1   0  -4   1   1   2  -1  -4  -4   3  -2  -5   4   0   1  -5  -3  -4    2   1   2   4   0   5  11  17   2   0   0  20   1   0  21   6   8   0   0   0  0.50 0.23
   30 E    -2  -2   1   2  -4   0   4  -3  -2  -4  -3  -1  -3  -3  -1   2   2  -4   0  -3    1   0   7  11   0   3  27   0   0   0   1   2   0   1   2  21  17   0   4   1  0.48 0.26
   31 I    -2  -4  -5  -2  -3  -4  -4  -5  -4   5   3  -4   3   1  -5  -4  -2  -4   0   2    1   0   0   3   0   0   0   0   0  38  27   0   7   4   0   1   1   0   3  15  0.73 0.29
   32 F     0   2   2   0  -4   1  -1  -3   4  -3  -2   3  -2  -3  -1   0   1  -4  -1  -1    6  13  14   3   0   5   1   0  12   0   4  20   0   0   2   5   8   0   1   4  0.31 0.18
   33 T    -2  -5  -5  -5  -2  -4  -5  -5  -5   4   3  -4   2  -2  -5  -4   0  -5  -3   4    3   0   0   0   1   0   0   0   0  21  26   0   4   0   0   0   6   0   0  40  0.82 0.31
   34 E    -4  -4  -2   7  -7  -1   5  -4  -4  -6  -6  -3  -6  -7  -4  -3  -4  -7  -6  -6    1   0   0  58   0   1  40   1   0   0   0   0   0   0   0   0   0   0   0   0  1.77 0.55
   35 I    -3  -5  -6  -6  -4  -5  -5  -6  -6   6  -1  -5   0  -3  -5  -4  -1  -5  -4   5    0   0   0   0   0   0   0   0   0  44   2   0   1   0   0   0   4   0   0  49  1.37 0.45
   36 C    -3  -5  -4   2   9  -4  -4  -5  -5  -5  -5  -5  -4  -3  -5   3   0   6  -1  -4    0   0   0  13  44   0   0   0   0   0   0   0   0   1   0  24   5  11   2   0  1.61 0.51
   37 S     0  -4   1  -2  -4  -3  -2  -1  -2  -5  -3  -3  -4   0   2   6  -2  -5  -4  -4    4   0   5   2   0   0   1   4   1   0   3   0   0   4  10  67   0   0   0   0  1.00 0.44
   38 A     2   1   2   1  -3   1   2   1  -2  -3  -3   2  -2  -3  -3   0   0  -4  -3  -2   20   6  11   7   0   6  12   9   0   0   1  16   0   1   0   6   3   0   1   2  0.27 0.16
   39 C    -2  -4   2  -4   9  -4  -4  -4  -4  -3  -5  -1  -4  -5  -5   4  -1  -6  -5  -2    2   0   9   0  46   0   0   0   0   1   0   4   0   0   0  33   3   0   0   2  1.58 0.51
   40 H    -6  -4  -3  -5  -7  -4  -4  -6  11  -7  -7  -5  -6  -5  -6  -5  -6  -7  -2  -7    0   0   0   0   0   0   0   0 100   0   0   0   0   0   0   0   0   0   0   0  3.78 0.90
   41 P    -4  -6  -6  -5  -7  -5  -5  -6  -6  -6  -7  -5  -6  -7   9  -4  -3  -8  -7  -5    1   0   0   0   0   0   0   0   0   0   0   0   0   0  97   1   1   0   0   1  3.12 0.78
   42 F     1  -6  -6  -6  -5  -6  -6  -6  -4  -3  -2  -6  -2   8  -6  -5  -5  -2   1  -2   13   0   0   0   0   0   0   0   0   1   1   0   0  78   0   0   0   0   3   3  2.01 0.58
   43 F    -5  -6  -6  -7  -6  -5  -6  -7  -2  -4  -4  -6  -4   4  -7  -5  -5   8   9  -5    0   0   0   0   0   0   0   0   0   1   0   0   0  18   0   0   0  18  64   0  2.47 0.66
   44 T    -3  -4   0  -4  -4  -4  -4  -5  -5  -1  -3  -2  -4  -5  -4  -1   7  -6  -5  -3    0   0   4   0   0   0   0   0   0   4   1   2   0   0   0   1  87   0   0   1  1.83 0.62
   45 G    -3  -5  -1  -3  -6  -5  -5   7  -5  -7  -7  -1  -6  -6  -5  -3  -5  -6  -6  -6    0   0   3   1   0   0   0  93   0   0   0   4   0   0   0   0   0   0   0   0  2.17 0.59
   46 K    -1   1  -1   1  -4   1   0  -2  -3  -4  -4   5  -3  -5  -3   2   1  -5  -4  -3    4   6   2   7   0   7   5   2   0   0   0  42   0   0   0  15   8   0   0   2  0.61 0.29
   47 Q    -1   1  -2  -2  -5   7   0  -4   0  -5  -3   0  -3  -6  -4   1  -3  -5  -3  -4    3   6   1   1   0  65   3   1   2   0   3   4   0   0   0   9   1   0   0   1  1.31 0.50
   48 K    -2   5  -1  -3  -5   1  -2  -2  -2  -4  -3   5  -2  -5  -4  -2   1  -5  -4  -2    1  31   2   0   0   4   0   3   1   0   2  41   1   0   0   2   9   0   0   3  0.85 0.35
   49 L    -2  -2   0  -2  -3  -1  -1  -4  -3   3   2  -1   1   3  -4  -3   0  -3  -1   1    2   1   5   2   0   3   3   0   0  24  23   4   4  13   0   0   4   0   0  10  0.30 0.17
   50 V     0  -4  -2  -4  -3  -1  -4  -4  -3   2   2  -3   3   0  -4  -3   0  -4  -2   4    8   0   2   0   0   3   0   0   0  11  18   0   9   3   0   0   5   0   0  39  0.50 0.24
   51 D    -1  -3   0   7  -5   2   0  -4  -2  -5  -4  -1  -4  -6  -4   0   0  -6  -5  -2    5   1   3  63   0   8   4   0   0   0   1   3   0   0   0   5   5   0   0   3  1.16 0.40
   52 T     1   0  -1  -2  -3  -2  -2  -3  -2  -2  -4   0  -3  -4  -3   2   5  -5  -4   0   14   5   1   2   0   1   1   0   1   1   0   6   0   0   0  16  47   0   0   5  0.67 0.33
   53 A     3  -1   0   0  -4  -1   3   3   0  -4  -4  -2  -4  -5  -3  -1   0  -5  -4  -4   26   3   4   5   0   0  27  27   2   0   0   0   0   0   0   1   5   0   0   0  0.59 0.28
   54 G    -3  -5  -3  -2  -6  -5  -5   7  -5  -7  -7  -1  -6  -6  -5  -3  -5  -6  -6  -6    0   0   0   2   0   0   0  93   0   0   0   4   0   0   0   1   0   0   0   0  2.13 0.58
   55 R    -3   8  -2  -4  -6   2  -3  -5  -3  -6  -5  -1  -3  -6  -3   0  -3  -6  -5  -5    1  81   1   0   0   7   0   0   0   0   0   0   1   0   1   8   0   0   0   0  1.84 0.57
   56 V     0  -5  -5  -6  -3  -5  -5  -5  -6   4  -1  -5  -2  -3  -5  -4  -2  -5  -4   6    8   0   0   0   0   0   0   0   0  20   2   0   0   0   0   0   2   0   0  69  1.29 0.44
   57 E     1  -3  -1   5  -5   0   4  -3  -3  -5  -5  -2  -4  -5  -3   2  -2  -6  -5  -4   14   0   1  33   0   4  35   0   0   0   0   0   0   0   0  14   0   0   0   0  0.93 0.36
   58 R    -4   5  -2   0  -6   0  -2  -3  -3  -4  -5   6  -4  -6  -4  -2  -3  -6  -4  -5    0  37   1   5   0   2   0   2   0   1   0  50   0   0   0   1   0   0   0   0  1.29 0.44
   59 F    -6  -6  -7  -7  -6  -7  -7  -7  -5  -3  -1  -7  -3   9  -7  -6  -6  -2   0  -4    0   0   0   0   0   0   0   0   0   0   3   0   0  97   0   0   0   0   0   0  2.77 0.68
   60 K    -2   3   5  -2  -5   1   0  -3   0  -3  -2   3   2  -4  -4  -1  -2  -5  -3  -3    1  15  36   0   0   6   5   0   1   1   4  19   7   0   0   3   1   0   0   1  0.66 0.30
   61 K    -1   3   1  -2  -5   2  -1  -2  -3  -5  -5   6  -4  -5  -4  -1  -3  -5  -4  -5    4  15   6   2   0  11   2   2   0   0   0  57   0   0   0   2   0   0   0   0  1.03 0.38
   62 R    -4   7  -3  -4  -6  -2  -2  -5  -3  -6  -5   5  -4  -6  -4  -3  -4  -6  -5  -5    0  57   0   0   0   0   0   0   0   0   0  43   0   0   0   0   0   0   0   0  1.75 0.53
   63 Y    -5  -5  -6  -6  -5  -5  -6  -6  -2  -4  -2  -5  -3   7  -6  -5  -5  -1   8  -4    0   0   0   0   0   0   0   0   0   0   2   0   0  49   0   0   0   0  49   0  2.19 0.57
   64 G     2  -4   3  -2  -4  -3  -3   6  -4  -5  -5  -2  -4  -5  -4   0  -2  -5  -5  -4   22   0  13   1   0   0   0  57   0   0   0   1   0   0   0   4   2   0   0   0  1.08 0.34
   65 Q    -2   3   3   0  -4   1  -1  -3  -2  -2  -1   3   4  -2  -3  -2  -2  -4  -3  -2    1  16  17   6   0   5   0   0   0   2   6  26  18   1   0   0   1   0   0   1  0.45 0.21
   66 A     3  -2  -1  -2  -2  -1  -2   2  -2  -3  -3  -1  -2  -3  -2   4   0  -4  -3  -2   33   0   0   0   0   0   0  15   0   0   0   0   0   0   0  52   0   0   0   0  0.61 0.16

                      K         Lambda
Standard Ungapped    0.1357     0.3243
Standard Gapped      0.0586     0.2670
PSI Ungapped         0.1914     0.3182
PSI Gapped           0.0586     0.2670
