
Last position-specific scoring matrix computed, weighted observed percentages rounded down, information per position, and relative weight of gapless real matches to pseudocounts
            A   R   N   D   C   Q   E   G   H   I   L   K   M   F   P   S   T   W   Y   V   A   R   N   D   C   Q   E   G   H   I   L   K   M   F   P   S   T   W   Y   V
    1 H    -2  -1  -1  -2  -3   0  -1  -3   6  -2  -2  -1  -1   2  -3  -1  -2   1   6  -2    0   0   0   0   0   0   0   0  50   0   0   0   0   0   0   0   0   0  50   0  0.66 0.00
    2 T     0  -2  -1  -2  -1  -2  -2  -2  -3   1  -1  -2  -1  -2  -2   1   4  -3  -2   3    0   0   0   0   0   0   0   0   0   0   0   0   0   0   0  11  52   0   0  38  0.37 0.08
    3 P    -1  -2  -2  -2  -2   0  -1  -3  -2   1  -1  -1  -1  -2   5   0   2  -3  -2   1    0   0   0   0   0   7   0   0   0  18   0   0   0   0  36   5  24   0   0   9  0.56 0.07
    4 T     3  -3  -3  -3  -1  -2  -2  -2  -3   1   0  -2  -1  -2  -2  -1   2  -4  -2   4   33   0   0   0   0   0   0   0   0   0   5   0   0   0   0   0  18   0   0  44  0.37 0.13
    5 P    -2  -1  -1   1  -5   2   6  -3  -1  -4  -4   1  -3  -5   1  -1  -2  -4  -3  -4    0   0   0   5   0   4  77   0   0   0   0   9   0   0   6   0   0   0   0   0  0.99 0.21
    6 T     5  -2   0  -2  -2  -2  -2   2  -2  -3  -3  -2  -2  -3  -2   1   0  -3  -3  -1   66   0   4   0   0   0   0  17   0   0   0   0   0   0   0   4   5   0   0   0  0.55 0.15
    7 P    -1   6  -2  -2  -5   1   1  -1  -2  -4  -4   3  -3  -4   0  -2  -2  -4  -3  -4    4  56   0   0   0   5   7   3   0   0   0  21   0   0   4   0   0   0   0   0  0.83 0.22
    8 I    -2  -2  -2   0  -2  -2  -1  -3   0   2   2  -1   2  -2  -3  -1   3  -3  -2   1    0   0   0   6   0   0   4   0   3  18  21   2   5   0   0   0  30   0   0   9  0.25 0.13
    9 C    -3  -6  -5  -6  11  -5  -6  -5  -6  -4  -4  -6  -4  -5  -5  -3  -3  -5  -5  -3    0   0   0   0 100   0   0   0   0   0   0   0   0   0   0   0   0   0   0   0  3.13 0.49
   10 K    -2   2  -1  -1  -5   2   5  -3  -2  -4  -3   4  -1  -4  -2  -1  -1  -4  -3  -3    2  12   0   0   0   5  42   0   0   0   2  33   2   0   0   0   2   0   0   0  0.70 0.20
   11 S     1   3   0  -2  -2   0  -1  -1  -2  -3  -3   0  -2  -4  -2   3   2  -4  -3  -1   12  24   4   0   0   1   0   2   0   0   0   2   0   0   0  37  14   0   0   4  0.42 0.16
   12 R    -1   3  -1   0  -4   3   3  -3  -1  -3  -1   2  -2  -4   2   0  -2  -4  -3  -3    3  20   0   3   0  21  19   0   0   0   6  10   0   0  11   5   0   0   0   0  0.45 0.14
   13 S    -1  -3  -1  -2   3  -2  -2  -1  -3  -4  -4  -2  -3  -4  -3   6   0  -5  -4  -3    0   0   0   0   7   0   0   4   0   0   0   0   0   0   0  89   0   0   0   0  1.17 0.33
   14 H     0  -1   1   1  -3   0   1   1   6  -3  -2   0  -2  -3   1  -1  -1  -4  -1  -3   10   0   8   6   0   3   7  14  30   0   5   7   0   0   7   0   4   0   0   0  0.37 0.13
   15 E    -1   3   1  -1  -3  -1   0   1   0  -3  -3   2  -2  -4  -2   0   4  -4  -3  -2    0  19   5   2   0   0   3  11   2   0   1  18   0   0   0   4  35   0   0   0  0.38 0.15
   16 Y    -4  -4  -5  -5  -4  -4  -4  -4  -3  -2  -2  -4  -2   7  -5  -4  -4   9   3  -3    0   0   0   0   0   0   0   0   0   0   0   0   0  60   0   0   0  29   8   0  1.74 0.31
   17 K    -1   1   0   0  -3   0   0  -2   2  -3  -3   5  -2  -4   0   2   0  -4  -2  -1    0   3   2   4   0   2   3   0   7   0   0  48   0   0   5  17   3   0   0   4  0.44 0.16
   18 G    -1  -4  -2  -3  -4  -3  -4   7  -4  -6  -5  -3  -4  -5  -4  -1  -3  -4  -2  -5    0   0   0   0   0   0   0  94   0   0   0   0   0   0   0   4   0   0   2   0  1.67 0.31
   19 R     0   1  -3  -3  -2  -2  -2  -3   0   1   1  -1   2   0   3  -2   0  -3   0   1    9  10   0   0   0   0   0   0   4  11  17   2   6   3  15   0   4   0   3  16  0.19 0.08
   20 C    -3  -6  -5  -6  11  -5  -6  -5  -6  -4  -4  -6  -4  -5  -5  -3  -3  -5  -5  -3    0   0   0   0 100   0   0   0   0   0   0   0   0   0   0   0   0   0   0   0  3.13 0.49
   21 I    -2  -3  -2  -4  -2  -3  -3   0  -3   3   2  -3   2   2  -3  -2   0  -3  -1   3    0   0   2   0   0   0   0  10   0  24  15   0   5  11   0   0   7   0   0  26  0.29 0.11
   22 Q    -1   1   5  -1  -3   0  -1  -1   2  -4  -4   0  -3  -4   0   3   0  -4  -3  -3    0   8  32   0   0   3   0   2   5   0   0   5   0   0   4  37   5   0   0   0  0.55 0.19
   23 D    -2  -2   2   5  -4  -1   0  -2  -2  -4  -4   1  -3  -4  -3   1   0   3  -3  -4    1   0  12  45   0   0   3   0   0   0   0  13   0   0   0  14   7   5   0   0  0.66 0.18
   24 M    -1   2   2  -1  -3   1  -1  -1   3  -3  -3   1   0  -2   0   1   2  -3   1  -2    3  12  15   2   0   4   0   4  12   0   0   9   3   0   5  10  16   0   7   0  0.24 0.10
   25 D     0  -2   6   2  -4   1  -1   0  -1  -4  -5  -2  -3  -5   2   0  -1  -5  -4  -4    7   0  54   8   0   7   0   7   0   0   0   0   0   0  11   5   0   0   0   0  0.77 0.22
   26 C    -3  -6  -5  -6  11  -5  -6  -5  -6  -4  -4  -6  -4  -5  -5  -3  -3  -5  -5  -3    0   0   0   0 100   0   0   0   0   0   0   0   0   0   0   0   0   0   0   0  3.13 0.49
   27 N     3   2   1   1  -2  -1  -1  -1  -2  -2  -3   2  -2  -4  -2   0  -1  -4  -3   0   43  13  10   9   0   0   2   3   0   0   0  14   0   0   0   0   0   0   0   7  0.32 0.15
   28 A     0   0   4   1  -3   2  -1  -2  -1  -1  -2   2  -2  -3  -2   2   0  -4  -3  -2    7   3  29   7   0  10   0   0   0   5   4  17   0   0   0  15   4   0   0   0  0.33 0.13
   29 A     1  -3  -3  -3   3   2  -2  -4   3   1  -1  -2  -1  -3  -3  -1  -1  -4  -2   5   10   0   0   0   7  13   0   0  10   2   0   0   0   0   0   2   0   0   0  55  0.48 0.20
   30 C    -3  -6  -5  -6  11  -5  -6  -5  -6  -4  -4  -6  -4  -5  -5  -3  -3  -5  -5  -3    0   0   0   0 100   0   0   0   0   0   0   0   0   0   0   0   0   0   0   0  3.13 0.49
   31 V    -1  -1  -1  -1  -1  -1  -1  -1  -1   2   1   0   1  -1   0  -1   0  -1  -1   1    4   2   2   3   1   2   3   3   1  24  15  10   3   2   5   3   7   1   2   9  0.05 0.02
   32 K     0   1   1   0  -1   2   0  -1   0  -1  -1   2  -1  -1   0   0   0  -1  -1  -1    7   8  10   3   1  11   4   4   1   3   5  20   1   2   3   4   3   1   2   4  0.11 0.02
   33 E    -1   3   2  -1  -2   3   1  -2   3  -2  -2   0  -1  -2  -2  -1  -1   2  -1  -2    6  25  14   1   0  15  10   2  10   1   2   1   1   1   1   2   2   3   1   2  0.30 0.09
   34 S    -1  -1   2   1  -2   0  -1  -2  -1  -2   0   0  -1  -1   0   1   3   2   0  -1    1   3  12   8   0   2   1   1   0   1   9   5   0   3   4  16  25   3   3   1  0.16 0.07
   35 E    -3   1  -2   0  -5   0   7  -4  -2  -5  -4  -1  -4  -5  -3  -2  -2  -4  -4  -4    0   7   0   0   0   0  89   0   0   0   0   0   0   0   0   0   0   0   0   0  1.39 0.32
   36 S    -1   1   1  -2  -4  -2  -2   5   2  -5  -5   1  -3  -4  -3   0  -2  -4  -1  -4    0   6   6   0   0   0   0  60   7   0   0  13   0   0   0   5   0   0   2   0  0.80 0.20
   37 Y     1  -4   0  -4  -4  -4  -4  -4  -2  -2  -1  -4  -2   7  -5  -3  -3   5   3  -2   13   0   7   0   0   0   0   0   0   0   4   0   0  63   0   0   0   8   5   0  1.04 0.26
   38 T    -1  -1  -1   1  -3  -1  -1   1  -2  -2  -2  -1  -2  -3   4   2   2  -4  -3  -1    0   3   1   9   0   2   0  12   0   1   4   2   0   0  20  20  20   0   0   5  0.36 0.12
   39 G     0   1  -1   3  -4  -2  -1   4   3  -4  -4  -2  -3  -4  -3   0  -1  -4  -3  -4    5   9   0  23   0   0   0  43  10   0   0   0   0   0   0   7   3   0   0   0  0.61 0.17
   40 G    -2  -4  -2  -3  -4  -4  -4   7  -3  -5  -5  -3  -4  -4  -4  -2  -3  -4   1  -5    0   0   0   0   0   0   0  93   0   0   0   0   0   0   0   0   0   0   7   0  1.67 0.32
   41 F    -1   2   2   1   2   0   0  -2   4  -4  -3   2  -2  -1  -2   1  -1  -4  -2  -3    3  15  13   8   7   3   2   0  14   0   0  16   0   3   0  15   0   0   0   0  0.32 0.12
   42 C     0  -6  -5  -6  11  -5  -6  -5  -5  -3  -4  -5  -4  -5  -5  -3  -3  -5  -5  -3    7   0   0   0  93   0   0   0   0   0   0   0   0   0   0   0   0   0   0   0  2.77 0.45
   43 N    -1   2   3   3  -3   0   0   0   3  -2  -3   1  -2  -3  -2   1  -1  -4  -2  -2    0  14  18  19   0   0   3   7  10   2   0  10   0   0   0  14   0   0   0   3  0.33 0.11
   44 G     0  -2  -1   0  -3  -1  -2   5   0  -3  -3  -2  -2   1  -2   0  -2  -2   2  -3    5   1   1   4   0   4   1  54   2   1   1   1   0   6   1   5   1   0  11   1  0.58 0.14
   45 R    -1   0  -1   0  -2   1  -1  -2   3   0   0  -1  -1   3  -2  -1  -1  -1   2   0    4   5   1   8   1   7   2   2   9   7   5   2   1  23   2   2   2   0   8   8  0.12 0.05
   46 P    -1   3  -1  -2  -2   0  -1   0   2  -1  -1   2  -1   3   2  -1  -1  -2   0  -1    2  20   1   1   0   1   2   6   8   3   2  15   1  18  11   2   3   0   1   3  0.20 0.07
   47 P     0  -1  -2  -2  -2  -1  -1  -1  -2   2   0  -1   0   0   4  -1  -1   4  -1   1    7   3   1   2   1   1   2   4   1  17   8   2   1   4  23   2   4   7   1  10  0.27 0.06
   48 F     0  -1   0  -1  -2   0   0   0  -1   0   1  -1   1   2  -1   0  -1  -1   2  -1    8   2   7   2   1   3   7   7   1   2  21   2   4  10   2   6   2   0  12   2  0.06 0.03
   49 K    -2   7   0  -2  -4   0  -1  -3   3  -4  -3   1  -2  -1  -3  -2  -2  -3   0  -3    1  70   3   1   0   0   1   1   8   1   1   4   0   3   1   1   1   0   3   1  0.97 0.23
   50 Q    -1   6  -2  -2  -4   2  -1  -3   0  -4  -3   3   0  -4  -3   0  -2  -4  -3  -3    3  56   0   0   0   8   0   0   2   0   0  19   3   0   0   7   0   0   0   0  0.84 0.22
   51 C    -3  -6  -5  -6  11  -5  -6  -5  -6  -4  -4  -6  -4  -5  -5  -3  -3  -5  -5  -3    0   0   0   0 100   0   0   0   0   0   0   0   0   0   0   0   0   0   0   0  3.13 0.49
   52 F    -3  -3  -4  -4  -3  -3  -3  -4   1   2   1   0   1   5  -4  -3  -2   3   4   0    0   0   0   0   0   0   0   0   3  14  11   8   5  37   0   0   0   4  14   5  0.53 0.16
   53 C    -3  -6  -5  -6  11  -5  -6  -5  -6  -4  -4  -6  -4  -5  -5  -3  -3  -5  -5  -3    0   0   0   0 100   0   0   0   0   0   0   0   0   0   0   0   0   0   0   0  3.13 0.49
   54 T    -2  -1  -1  -1  -3  -2  -1  -3  -2   0  -2  -1   0   1  -3   0   4  -2   4  -1    0   3   2   4   0   0   3   0   0   8   0   2   2   7   0   6  44   0  18   1  0.41 0.18
   55 K    -3   4  -2  -3  -4  -1  -1  -4  -2  -3  -2   5  -2   4  -3  -2  -1  -3  -1  -3    0  30   0   0   0   0   0   0   0   0   2  45   0  20   0   0   3   0   0   0  0.75 0.23
   56 P    -1  -1   2   1  -4   2   0  -2   2  -2  -3  -1  -3  -4   5   0  -1  -4  -3  -2    2   2  13   7   0  12   4   2   8   2   2   2   0   0  34   8   0   0   0   2  0.60 0.15
   57 C    -3  -6  -5  -6  11  -5  -6  -5  -6  -4  -4  -6  -4  -5  -5  -3  -3  -5  -5  -3    0   0   0   0 100   0   0   0   0   0   0   0   0   0   0   0   0   0   0   0  3.13 0.49
   58 K     3  -1  -2  -2  -1  -1  -1  -1  -2   0  -1   1  -1  -2  -1   0   0  -3  -2   2   50   0   0   0   0   0   0   0   0   0   0  20   0   0   0   0   0   0   0  30  0.19 0.02
   59 R    -2   3  -1  -2  -3  -1  -2  -3  -1  -1  -1   0  -1   4  -3  -1   1  -1   1  -1    0  33   0   0   0   0   0   0   0   0   0   0   0  46   0   0  21   0   0   0  0.29 0.01
   60 E    -1   0   0   4  -4   2   5  -2   0  -4  -3   0  -2  -4  -1   0  -1  -3  -3  -3    0   0   0  23   0   0  77   0   0   0   0   0   0   0   0   0   0   0   0   0  0.69 0.01
   61 R    -1   4   0   0  -4   2   4  -2   0  -3  -3   3  -2  -3  -2   0  -1  -3  -2  -3    0  33   0   0   0   0  44   0   0   0   0  23   0   0   0   0   0   0   0   0  0.51 0.01
   62 A     4  -1  -1  -2  -1  -1  -1   0  -2  -1  -2  -1  -1  -2  -1   1   2  -3  -2   0   69   0   0   0   0   0   0   0   0   0   0   0   0   0   0   0  31   0   0   0  0.32 0.01
   63 A     2  -1  -1   0  -1   0   3  -1  -1  -2  -2   0  -1  -3  -1   1   2  -3  -2  -1   40   0   0   0   0   0  31   0   0   0   0   0   0   0   0   0  29   0   0   0  0.27 0.00
   64 A     4  -2  -2  -2   0  -1  -1   0  -2  -1  -2  -1  -1  -2  -1   1   0  -3  -2   0  100   0   0   0   0   0   0   0   0   0   0   0   0   0   0   0   0   0   0   0  0.42 0.01
   65 T     0  -1   0  -1  -1  -1  -1  -2  -2  -1  -1  -1  -1  -2  -1   1   5  -3  -2   0    0   0   0   0   0   0   0   0   0   0   0   0   0   0   0   0 100   0   0   0  0.49 0.01
   66 L    -2  -2  -4  -4  -1  -2  -3  -4  -3   2   4  -3   2   0  -3  -3  -1  -2  -1   1    0   0   0   0   0   0   0   0   0   0 100   0   0   0   0   0   0   0   0   0  0.46 0.00
   67 R    -1   6   0  -2  -3   1   0  -2   0  -3  -2   2  -1  -3  -2  -1  -1  -3  -2  -3    0   0   0   0   0   0   0   0   0   0   0   0   0   0   0   0   0   0   0   0  0.00     0.00
   68 W    -3  -3  -4  -4  -2  -2  -3  -3  -2  -3  -2  -3  -1   1  -4  -3  -2  11   2  -3    0   0   0   0   0   0   0   0   0   0   0   0   0   0   0   0   0   0   0   0  0.00     0.00
   69 P    -1  -2  -2  -1  -3  -1  -1  -2  -2  -3  -3  -1  -2  -4   7  -1  -1  -4  -3  -2    0   0   0   0   0   0   0   0   0   0   0   0   0   0   0   0   0   0   0   0  0.00     0.00
   70 G     0  -2   0  -1  -3  -2  -2   6  -2  -4  -4  -2  -3  -3  -2   0  -2  -3  -3  -3    0   0   0   0   0   0   0   0   0   0   0   0   0   0   0   0   0   0   0   0  0.00     0.00
   71 L    -1  -2  -3  -4  -1  -2  -3  -4  -3   2   4  -2   2   0  -3  -2  -1  -2  -1   1    0   0   0   0   0   0   0   0   0   0   0   0   0   0   0   0   0   0   0   0  0.00     0.00

                      K         Lambda
Standard Ungapped    0.1362     0.3226
Standard Gapped      0.0408     0.2670
PSI Ungapped         0.1332     0.3169
PSI Gapped           0.0408     0.2670
