
Last position-specific scoring matrix computed, weighted observed percentages rounded down, information per position, and relative weight of gapless real matches to pseudocounts
            A   R   N   D   C   Q   E   G   H   I   L   K   M   F   P   S   T   W   Y   V   A   R   N   D   C   Q   E   G   H   I   L   K   M   F   P   S   T   W   Y   V
    1 M    -3  -3  -4  -5  -3  -2  -4  -5  -3  -1   0  -3  10  -2  -4  -3  -2  -3  -3  -1    0   0   0   0   0   0   0   0   0   0   0   0 100   0   0   0   0   0   0   0  1.93 0.35
    2 S     0  -2  -1  -2  -2  -2  -2  -2  -2  -4  -4  -2  -3   1  -2   6   0  -4  -2  -3    0   0   0   0   0   0   0   0   0   0   0   0   0   8   0  92   0   0   0   0  1.00 0.24
    3 D    -3  -3   0   8  -5  -2   0  -3  -3  -5  -5  -2  -5  -5  -3  -2  -3  -6  -5  -5    0   0   0 100   0   0   0   0   0   0   0   0   0   0   0   0   0   0   0   0  1.80 0.27
    4 I    -3  -4  -4  -4  -3  -4  -4  -5  -5   7   0  -4   0  -2  -4  -3   1  -4  -3   1    0   0   0   0   0   0   0   0   0  92   0   0   0   0   0   0   8   0   0   0  1.07 0.23
    5 N    -3  -2   8   0  -4  -2  -2  -2  -1  -5  -5  -2  -4  -5  -4  -1  -2  -5  -4  -5    0   0 100   0   0   0   0   0   0   0   0   0   0   0   0   0   0   0   0   0  1.75 0.29
    6 A     5  -3  -2  -3  -2  -2  -2   0  -3  -2  -2  -2  -2  -3  -2   0   2  -4  -3   0   73   0   0   0   0   0   0   5   0   0   0   0   0   0   0   0  15   0   0   7  0.65 0.17
    7 T     1  -3  -2  -2  -2  -2  -2  -3  -3   0  -2  -2  -2  -3  -2   0   6  -4  -3  -1   15   0   0   0   0   0   0   0   0   6   0   0   0   0   0   2  77   0   0   0  0.85 0.21
    8 R    -3   7  -2  -3   1   0  -2  -4  -2  -5  -4   1  -3  -4  -4  -2  -3  -4  -3  -4    0  96   0   0   4   0   0   0   0   0   0   0   0   0   0   0   0   0   0   0  1.54 0.26
    9 L    -1  -3  -4  -5  -2  -3  -4  -4  -4   0   5  -4   1  -1  -4  -3  -2  -3  -2   0    6   0   0   0   0   0   0   0   0   0  91   0   0   0   0   0   0   0   0   3  0.87 0.19
   10 P    -3  -4  -4  -4  -5  -3  -3  -4  -4  -5  -5  -3  -5  -6   9  -3  -3  -6  -5  -5    0   0   0   0   0   0   0   0   0   0   0   0   0   0 100   0   0   0   0   0  2.86 0.47
   11 I     1  -3  -3  -3   0  -2  -3  -1   2   3   1  -3   0   1  -3  -1  -1  -3  -1   2   14   0   0   0   2   0   0   6   8  33  14   0   0   6   0   3   0   0   0  11  0.22 0.12
   12 W    -3  -4  -4  -4  -3  -3  -4  -4  -3   2   0  -4   0   4  -2  -2  -3   9   2   0    0   0   0   0   0   0   0   0   0  18   5   0   3  24   2   3   0  34   5   4  1.09 0.25
   13 G    -1  -2  -2  -3  -2   0  -1   3  -2   0   2  -2   1   1   1  -1  -2   4  -1  -1    0   0   0   0   0   4   3  26   0   3  28   0   5   7   6   6   0   7   0   4  0.23 0.11
   14 I     1  -3  -3  -3  -2  -3  -3  -3  -3   3   2  -3   0   2   3  -1  -1  -3  -1   1   14   0   0   0   0   0   0   0   0  23  22   0   0  12  15   3   0   0   0  11  0.34 0.13
   15 G     0  -1  -2   0  -3  -2  -1   2  -3   1  -1  -2   0  -1   3  -1   0  -3  -2  -1   10   5   0   5   0   0   2  23   0  13   6   0   3   3  19   2   6   0   0   3  0.26 0.10
   16 C     0  -1  -3  -4   7  -3  -3  -1  -2   2   0  -2  -1  -1   0  -1  -2  -2   2   1    6   3   0   0  30   0   0   4   0  15  10   2   0   0   5   5   0   0  12   8  0.43 0.17
   17 N    -1  -2   1   0  -2   0  -1  -2  -1   0   1  -1   0   2   4   0  -1  -2   0  -1    1   1  12   5   0   4   1   1   0   5  18   1   3  10  23   6   1   0   3   4  0.25 0.08
   18 P    -3  -4  -4  -4  -5  -3  -3   0  -4  -5  -2  -3  -4  -5   8  -3  -3  -6  -5  -4    0   0   0   0   0   0   0   6   0   0   4   0   0   0  90   0   0   0   0   0  2.38 0.43
   19 C    -3  -5  -5  -5  10  -5  -5  -5  -4   0  -3  -5  -3  -1  -5  -1  -3   4   1  -3    0   0   0   0  77   0   0   0   0   6   0   0   0   3   0   4   0   6   5   0  2.10 0.43
   20 V     0  -4  -4  -4  -2  -3  -4  -4  -4   3  -1  -3  -1  -2   1  -2   1  -4  -3   5    5   0   0   0   0   0   0   0   0  12   0   0   0   0   6   0   8   0   0  69  0.76 0.26
   21 G     0  -3   1  -2  -3  -3  -3   6  -3  -5  -5  -2  -4  -4  -3   2  -2  -4  -4  -4    6   0   5   0   0   0   0  67   0   0   0   0   0   0   0  22   0   0   0   0  1.07 0.27
   22 D    -4  -3  -1   7  -6  -2   2  -3  -3  -5  -6  -2  -5  -6  -3  -2  -3  -6  -5  -5    0   0   0  91   0   0   9   0   0   0   0   0   0   0   0   0   0   0   0   0  1.81 0.40
   23 E     0  -3   0   6  -4  -1   1   0   2  -4  -4  -2  -4  -4  -3  -1  -2  -5  -3  -2    8   0   3  67   0   0   4   5   6   0   1   0   0   0   0   0   0   0   0   4  0.96 0.25
   24 V     0  -3  -1   1   1  -3  -3  -4  -4   4   0  -3  -1  -2  -3  -2   0  -4  -3   4    8   0   3  10   3   0   0   0   0  33   0   0   0   0   0   0   5   0   0  38  0.44 0.19
   25 A    -1  -2   4   4  -4   1   2  -2  -1  -2  -2  -1  -3  -4  -3   0   1  -4  -3  -2    4   0  30  24   0   6  18   0   0   3   3   0   0   0   0   2   8   0   0   2  0.51 0.18
   26 A     1  -1  -1  -2  -2   0  -2  -2   0  -1   0  -1   4   1   2   1   0  -2  -1   0   15   3   2   0   0   6   0   0   2   1   9   0  19   9   9  15   3   0   0   5  0.16 0.11
   27 L    -1  -3  -3  -3  -2  -3  -3  -4  -4   1   2  -3  -1  -2  -3  -1   4  -4  -3   3    3   0   0   0   0   0   0   0   0   5  22   0   0   0   0   0  45   0   0  25  0.54 0.22
   28 L    -3  -4  -5  -5  -3  -4  -4  -5  -4   1   6  -4   1  -1  -4  -4  -1  -3  -2   0    0   0   0   0   0   0   0   0   0   2  95   0   0   0   0   0   2   0   0   0  1.06 0.26
   29 T     1   0   1  -2  -2  -2  -2  -3  -3  -2  -3  -2  -2  -4  -3   1   6  -4  -3  -2    9   6   7   0   0   0   0   0   0   0   0   0   0   0   0   4  73   0   0   0  0.84 0.25
   30 R    -2   7  -2  -3   0   0  -2  -4   2  -4  -4   1  -3  -4  -3   0  -2  -4  -3  -4    0  80   0   0   2   0   0   0   5   0   0   4   0   0   0   9   0   0   0   0  1.21 0.28
   31 G    -1  -4  -2  -3  -4  -3  -4   7  -4  -6  -5  -3  -4  -5  -4  -2  -3  -4  -5  -5    0   0   0   0   0   0   0 100   0   0   0   0   0   0   0   0   0   0   0   0  1.82 0.32
   32 E    -2  -1   1   0  -5   2   7  -3  -1  -5  -4  -1  -3  -5  -3  -2  -2  -4  -4  -4    0   0   7   0   0   5  88   0   0   0   0   0   0   0   0   0   0   0   0   0  1.31 0.29
   33 A     2  -2   2   2  -2  -1  -1   3  -1  -3  -3  -1  -2  -3  -2   2   0  -4  -3  -2   21   0  15  17   0   0   0  24   0   0   0   0   0   0   0  23   0   0   0   0  0.39 0.07
   34 L    -2  -3  -4  -4  -2  -3  -3  -4  -3   2   4  -3   2   0  -3  -3  -2  -2  -2   1    0   0   0   0   0   0   0   0   0  16  84   0   0   0   0   0   0   0   0   0  0.56 0.06
   35 C    -1  -4  -3  -4  10  -4  -4  -3  -4  -2  -2  -4  -2  -3  -4  -1  -1  -3  -3  -1    0   0   0   0 100   0   0   0   0   0   0   0   0   0   0   0   0   0   0   0  1.75 0.10

                      K         Lambda
Standard Ungapped    0.1410     0.3236
Standard Gapped      0.0526     0.2670
PSI Ungapped         0.1719     0.3172
PSI Gapped           0.0526     0.2670
