
Last position-specific scoring matrix computed, weighted observed percentages rounded down, information per position, and relative weight of gapless real matches to pseudocounts
           A  R  N  D  C  Q  E  G  H  I  L  K  M  F  P  S  T  W  Y  V   A   R   N   D   C   Q   E   G   H   I   L   K   M   F   P   S   T   W   Y   V
    1 M   -1 -2 -3 -4 -2 -1 -3 -3 -2  1  2 -2  8  0 -3 -2 -1 -2 -1  0    0   0   0   0   0   0   0   0   0   0   0   0 100   0   0   0   0   0   0   0  0.65 0.07
    2 E   -1 -1  0  3 -4  2  6 -2  0 -4 -3  0 -3 -4 -2  0 -1 -4 -3 -3    0   0   0  13   0   0  87   0   0   0   0   0   0   0   0   0   0   0   0   0  0.80 0.04
    3 A    4 -1 -1 -1 -1 -1 -1  0 -2 -2 -2 -1 -1 -3 -1  3  1 -3 -2 -1   56   0   0   0   0   0   0   0   0   0   0   0   0   0   0  39   5   0   0   0  0.38 0.03
    4 L   -1 -3 -4 -4 -1 -3 -3 -4 -3  2  3 -3  1  1 -3 -2 -1 -2 -1  2    3   0   0   0   0   0   0   0   0   9  54   0   0   8   0   0   0   0   0  26  0.32 0.02
    5 V    3 -2 -3 -3 -1 -2 -2 -2 -3  1  0 -2  0 -2 -2  0  0 -3 -2  3   44   0   0   0   0   0   0   0   0   0   0   0   0   0   0   0   0   0   0  56  0.27 0.03
    6 Y   -2 -2 -3 -4 -3 -2 -3 -4  2 -2 -2 -2 -1  3 -4 -2 -2  2  8 -2    0   0   0   0   0   0   0   0   0   0   0   0   0   0   0   0   0   0 100   0  1.12 0.06
    7 T   -1 -2 -1 -2 -1 -2 -2 -3 -3  3  0 -2  0 -1 -2  0  4 -3 -2  2    0   0   0   0   0   0   0   0   0  32   0   0   0   0   0   0  54   0   0  14  0.30 0.03
    8 F   -2 -3 -4 -4 -2 -3 -4 -4 -2  1  3 -3  1  5 -4 -3 -2  0  2  0    0   0   0   0   0   0   0   0   0   5  36   0   0  56   0   0   0   0   0   3  0.50 0.03
    9 L   -1 -3 -4 -4 -1 -3 -3 -4 -3  3  4 -3  2  0 -3 -3 -1 -2 -1  2    0   0   0   0   0   0   0   0   0  20  61   0   0   0   0   0   0   0   0  19  0.40 0.02
   10 L   -2 -3 -4 -4 -2 -2 -3 -4 -3  1  4 -3  3  3 -3 -3 -2 -1  0  0    0   0   0   0   0   0   0   0   0   0  75   0   8  17   0   0   0   0   0   0  0.44 0.03
   11 V    1 -2 -2 -2 -1 -2 -2 -2 -3  2  0 -2  0 -1 -2  0  3 -3 -2  3   15   0   0   0   0   0   0   0   0  26   0   0   0   0   0   0  31   0   0  29  0.21 0.02
   12 G    0 -2 -1 -2  2 -2 -2  4 -2  0  1 -2  2 -1 -2  0  0 -2 -2 -1    0   0   0   0   7   0   0  41   0   0  21   0  16   0   0   9   4   0   0   3  0.26 0.02
   13 T    2 -2 -1 -2  1 -1 -1 -2 -2  0  0 -1 -1 -2 -2  1  4 -3 -2  1   22   0   0   0   4   0   0   0   0   0   7   0   0   0   0   0  59   0   0   8  0.30 0.03
   14 L   -2 -3 -4 -4 -2 -3 -3 -4 -3  3  4 -3  2  0 -3 -3 -1 -2 -1  2    0   0   0   0   0   0   0   0   0  17  75   0   0   0   0   0   0   0   0   8  0.44 0.03
   15 G    2 -2 -1 -2 -2 -2 -2  5 -2 -1 -2 -2  1 -3 -2  1 -1 -3 -3 -1   21   0   0   0   0   0   0  56   0   2   0   0   9   0   0   7   0   0   0   4  0.47 0.02
   16 I   -1 -3 -3 -3 -1 -2 -3 -3 -3  3  1 -2  1 -1 -3 -1  1 -3 -2  3    0   0   0   0   0   0   0   0   0  33   7   0   0   0   0   0  15   0   0  45  0.30 0.02
   17 I   -2 -3 -4 -4 -2 -3 -4 -4 -3  4  3 -3  1  1 -3 -3 -1 -2 -1  2    0   0   0   0   0   0   0   0   0  53  41   0   0   7   0   0   0   0   0   0  0.39 0.03
   18 F   -3 -3 -4 -4 -3 -4 -4 -4 -2  0  0 -4  0  7 -4 -3 -3  1  3 -1    0   0   0   0   0   0   0   0   0   0   0   0   0 100   0   0   0   0   0   0  0.96 0.06
   19 F   -1 -3 -3 -4 -3 -4 -4 -3 -2 -1  0 -3  0  7 -4 -3 -2  1  3 -1    5   0   0   0   0   0   0   0   0   0   0   0   0  95   0   0   0   0   0   0  0.85 0.05
   20 A    5 -2 -2 -2 -1 -1 -1  0 -2 -2 -2 -1 -1 -3 -1  1  0 -3 -2 -1   90   0   0   0   0   0   0   3   0   0   0   0   0   0   0   8   0   0   0   0  0.46 0.04
   21 I   -1 -3 -4 -4 -1 -3 -4 -4 -4  5  1 -3  1 -1 -3 -3 -1 -3 -2  3    0   0   0   0   0   0   0   0   0  77   0   0   0   0   0   0   0   0   0  23  0.46 0.04
   22 F    2 -3 -3 -3 -2 -2 -2 -2 -2  0  0 -2  0  5 -3 -1 -1  0  2 -1   40   0   0   0   0   0   0   0   0   4   0   0   0  56   0   0   0   0   0   0  0.38 0.03
   23 F   -3 -3 -4 -4 -3 -4 -4 -4 -2  0  0 -4  0  7 -4 -3 -3  1  3 -1    0   0   0   0   0   0   0   0   0   0   0   0   0 100   0   0   0   0   0   0  0.96 0.06
   24 R   -2  7 -1 -2 -4  1  0 -3 -1 -4 -3  2 -2 -3 -3 -1 -2 -3 -2 -3    0 100   0   0   0   0   0   0   0   0   0   0   0   0   0   0   0   0   0   0  0.92 0.05
   25 E   -1 -1  0  4 -4  1  5 -2 -1 -4 -4  0 -3 -4 -2  0 -1 -4 -3 -3    0   0   0  32   0   0  68   0   0   0   0   0   0   0   0   0   0   0   0   0  0.75 0.04
   26 P   -1 -2 -2 -2 -3 -2 -1 -3 -3 -3 -3 -1 -3 -4  8 -1  0 -4 -3 -3    0   0   0   0   0   0   0   0   0   0   0   0   0   0  90   3   7   0   0   0  1.88 0.05
   27 P   -1 -3 -3 -2 -3 -2 -2 -3 -3 -3 -3 -1 -3 -4  8 -1 -2 -4 -4 -3    0   0   0   0   0   0   0   0   0   0   0   0   0   0 100   0   0   0   0   0  2.17 0.06
   28 R   -2  6 -1 -2 -4  1  0 -3 -1 -3 -3  3 -2 -3 -2 -1 -1 -3 -2 -3    0  85   0   0   0   0   0   0   0   0   0  15   0   0   0   0   0   0   0   0  0.80 0.04
   29 I   -2 -3 -4 -4 -2 -3 -4 -4 -3  5  2 -3  2  1 -3 -3 -1 -3 -1  3    0   0   0   0   0   0   0   0   0  80   4   0   4   4   0   0   0   0   0   7  0.43 0.03
   30 V    1 -1  0 -1 -2  1  1  1 -1  0  0 -1 -1 -2 -2  0  1 -3 -2  0   15   0   7   0   0   9  17  14   0   7   8   0   0   0   0   0  12   0   0  11  0.09 0.01
   31 K   -1  3  0 -1 -4  2  1 -2 -1 -3 -3  5 -2 -4 -1  0 -1 -3 -2 -3    0   8   0   0   0   5   0   0   0   0   0  84   0   0   0   3   0   0   0   0  0.59 0.05

                      K         Lambda
Standard Ungapped    0.1591     0.3423
Standard Gapped      0.0410     0.2670
PSI Ungapped         0.1591     0.3423
PSI Gapped           0.0410     0.2670
