
Last position-specific scoring matrix computed, weighted observed percentages rounded down, information per position, and relative weight of gapless real matches to pseudocounts
            A   R   N   D   C   Q   E   G   H   I   L   K   M   F   P   S   T   W   Y   V   A   R   N   D   C   Q   E   G   H   I   L   K   M   F   P   S   T   W   Y   V
    1 N     0  -1   4   2  -2   0   0  -1   4  -3  -3  -1  -2  -3  -2   3   0  -4  -1  -3    0   0  31  11   0   0   0   0  15   0   0   0   0   0   0  43   0   0   0   0  0.43 0.04
    2 L    -2  -3  -4  -4  -2  -3  -3  -4  -3   1   5  -3   2   0  -3  -3  -2  -2  -1   1    0   0   0   0   0   0   0   0   0   0 100   0   0   0   0   0   0   0   0   0  0.61 0.06
    3 M    -1  -2  -3  -4  -2  -2  -3  -4  -3   2   2  -2   4   1  -3  -2  -1  -2  -1   3    0   0   0   0   0   0   0   0   0   8  21   0  33   5   0   0   0   0   0  33  0.33 0.04
    4 Q    -1   1   0  -1  -4   7   2  -2   0  -4  -3   1  -1  -4  -2  -1  -1  -3  -2  -3    0   0   0   0   0  94   6   0   0   0   0   0   0   0   0   0   0   0   0   0  0.89 0.09
    5 F    -3  -4  -4  -4  -3  -4  -4  -4  -2  -1   0  -4   0   7  -4  -3  -3   1   3  -1    0   0   0   0   0   0   0   0   0   0   0   0   0 100   0   0   0   0   0   0  1.05 0.08
    6 E    -1   0  -1   1  -4   2   6  -1  -1  -4  -3   1  -3  -4  -2  -1  -1  -3  -3  -3    0   0   0   0   0   0  86   6   0   0   0   8   0   0   0   0   0   0   0   0  0.75 0.06
    7 T    -1  -1   1   0  -2  -1  -1  -2  -2  -1   0   0   2  -2  -2   0   4  -3  -2   0    0   0   8   6   0   0   0   0   0   0   9   5  16   0   0   0  56   0   0   0  0.27 0.04
    8 L    -2  -2  -4  -4  -2  -2  -3  -4  -3   1   4  -3   4   0  -3  -3  -1  -2  -1   1    0   0   0   0   0   0   0   0   0   0  75   0  25   0   0   0   0   0   0   0  0.51 0.05
    9 I    -2  -4  -4  -4  -2  -3  -4  -4  -4   6   1  -3   1  -1  -3  -3  -1  -3  -2   2    0   0   0   0   0   0   0   0   0 100   0   0   0   0   0   0   0   0   0   0  0.61 0.07
   10 M    -1   0  -2  -1  -2   0  -2  -3  -2   1   1   1   6  -1  -3  -2  -1  -2  -2   0    0   5   0   6   0   0   0   0   0   3   4  14  68   0   0   0   0   0   0   0  0.35 0.07
   11 K    -1   2   1  -1  -4   1   1  -2  -1  -3  -3   6  -2  -4  -2  -1  -1  -4  -2  -3    0   0   5   0   0   0   4   0   0   0   0  91   0   0   0   0   0   0   0   0  0.64 0.07
   12 V    -1  -3  -3  -3  -1  -2  -3  -3  -3   3   2  -2   3  -1  -3  -2  -1  -3  -1   3    1   0   0   0   0   0   0   1   0  36   7   0  13   0   0   0   0   0   0  39  0.31 0.03
   13 A     4  -2  -2  -2  -1  -1  -1   0  -2  -1  -2  -1  -1  -2  -1   1   1  -3  -2   0   78   0   0   0   0   0   0   1   0   0   1   0   0   0   0   5   8   0   0   4  0.38 0.04
   14 G     0   0  -1  -1  -3  -1  -1   5  -2  -3  -3   3  -2  -3  -2   0  -1  -3  -3  -3    1   0   0   0   0   0   0  61   0   0   1  33   0   0   0   0   0   0   0   0  0.60 0.04
   15 R    -1   6  -1  -2  -3   1   0  -2  -1  -3  -2   3  -2  -3  -2   0  -1  -3  -2  -3    1  75   0   0   0   0   0   1   0   0   1  15   0   0   0   4   0   0   0   0  0.69 0.05
   16 S     1  -1   0  -1  -1  -1  -1  -1  -1  -3  -3  -1  -2  -3  -1   5   1  -3  -2  -2    0   0   0   0   0   0   0   0   0   0   0   0   0   0   0 100   0   0   0   0  0.64 0.08
   17 G     0  -3  -1  -2  -3  -2  -3   6  -3  -3  -4  -2  -3  -4  -3  -1  -2  -3  -4  -2    0   0   0   0   0   0   0  94   0   0   0   0   0   0   0   0   0   0   0   6  1.07 0.06
   18 V    -1  -3  -3  -4  -2  -2  -3  -4  -3   3   2  -3   3   1  -3  -2  -1  -2  -1   3    0   0   0   0   0   0   0   0   0  26  15   0  21   8   0   0   0   0   0  30  0.31 0.03
   19 W    -2   0  -3  -4  -3  -2  -3  -3  -2  -1   1  -2  -1   3  -4  -2  -2   9   3  -1    0   8   0   0   0   0   0   0   0   0  15   0   0  21   0   4   0  42   6   5  0.93 0.05
   20 Y    -2  -2  -3  -4  -3  -2  -3  -3  -1  -2  -2  -1  -2   2  -4  -1  -2  10   5  -2    0   0   0   0   0   0   0   0   0   3   0   7   0   4   0   7   0  53  26   0  1.32 0.07
   21 Y    -2  -2  -3  -4  -3  -2  -3  -4   1  -2  -2  -3  -2   3  -4  -2  -2   2   8  -2    0   0   0   0   0   0   0   0   0   0   0   0   0   0   0   0   0   0 100   0  1.26 0.10
   22 G     1  -2   0  -1  -2  -1  -1   4  -2  -3  -3  -1  -2  -3  -2   4   0  -3  -3  -3    0   0   0   0   0   0   0  40   0   0   0   0   0   0   0  60   0   0   0   0  0.56 0.05
   23 S     3  -1   1   2  -1  -1   0   0  -1  -2  -3  -1  -2  -3  -1   3   0  -3  -2  -2   37   0   6  17   0   0   0   0   0   0   0   0   0   0   0  39   0   0   0   0  0.33 0.03

                      K         Lambda
Standard Ungapped    0.1369     0.3238
Standard Gapped      0.0449     0.2670
PSI Ungapped         0.1467     0.3204
PSI Gapped           0.0449     0.2670
