
Last position-specific scoring matrix computed, weighted observed percentages rounded down, information per position, and relative weight of gapless real matches to pseudocounts
            A   R   N   D   C   Q   E   G   H   I   L   K   M   F   P   S   T   W   Y   V   A   R   N   D   C   Q   E   G   H   I   L   K   M   F   P   S   T   W   Y   V
    1 M    -3  -3  -4  -5  -3  -2  -4  -5  -3   0   1  -3  10  -2  -4  -3  -2  -3  -3  -1    0   0   0   0   0   0   0   0   0   0   2   0  98   0   0   0   0   0   0   0  1.81 0.33
    2 K    -2   1  -2  -2  -5   1  -1  -3  -2  -4  -3   7  -3  -3  -3  -2  -2  -4  -3  -4    0   2   0   0   0   4   0   0   0   0   2  91   0   1   0   0   0   0   0   0  1.17 0.26
    3 R    -3   7  -2  -3  -5   0  -2  -3  -2  -4  -3   1   0  -4   1  -2  -3  -4  -3  -4    0  87   0   0   0   2   0   2   0   0   0   1   3   0   6   0   0   0   0   0  1.32 0.26
    4 T    -2  -3  -1  -3  -3  -2  -3  -3  -3  -2  -3  -2  -2  -4  -3   0   7  -4  -3  -2    0   0   1   0   0   0   0   0   0   0   0   0   0   0   0   2  97   0   0   0  1.39 0.32
    5 F    -3  -4  -4  -5  -4  -4  -4  -5  -1  -2   1  -4  -1   6  -5  -4  -3   2   7  -2    0   0   0   0   0   0   0   0   0   0  12   0   0  36   0   0   0   2  50   0  1.28 0.26
    6 Q    -3   0  -1  -2  -5   8   1  -1   0  -5  -4   0  -2  -5  -3  -2  -2  -4  -3  -4    0   3   1   0   0  83   3   5   2   0   0   3   0   0   0   0   0   0   0   0  1.38 0.34
    7 P    -2  -4  -4  -3  -5  -3  -3   1  -4  -5  -5  -3  -4  -5   8  -2  -3  -5  -5  -4    2   0   0   0   0   0   0  12   0   0   0   0   0   0  87   0   0   0   0   0  2.25 0.35
    8 S    -1  -1   3  -1  -3  -1  -1  -2   2  -4  -4   1   0  -4  -2   4   1  -4  -3  -3    0   1  15   0   0   0   0   0   7   0   0  11   3   0   0  55   8   0   0   0  0.60 0.22
    9 V    -2   2   4  -1  -2   0   0  -2  -1  -2  -3   4  -2  -4  -3  -1   0  -4  -3   0    0  10  31   0   1   1   3   1   0   2   1  35   0   0   0   2   4   0   0  10  0.47 0.17
   10 L    -2   4  -2  -3  -3  -1  -2  -4  -1   2   2   1  -1  -2  -3  -2   0  -3  -2   0    1  39   0   0   0   1   0   0   1  15  23   5   0   0   0   0   8   0   0   6  0.39 0.15
   11 K    -2   3  -2  -2  -4   1  -1  -3   1  -2  -3   5  -2  -4   0   0  -2  -4  -3   0    0  20   0   0   0   3   0   0   4   1   0  56   0   0   3   5   0   0   0   9  0.68 0.21
   12 R    -3   7  -2  -3  -5   0  -2  -4   1  -5  -2   1  -3  -4  -4  -2  -3  -4  -3  -4    0  86   0   0   0   3   0   0   3   0   3   5   0   0   0   1   0   0   0   0  1.43 0.32
   13 K     1   1   1  -2  -3   0  -1  -2   0   0  -2   4  -2  -3  -2   0  -1  -4  -3  -1   19   5   6   0   0   2   1   0   2   6   1  49   0   0   0   4   1   0   0   4  0.40 0.16
   14 R    -3   6   2  -2  -5   0  -1  -3  -1  -4  -4   3  -1  -4  -3  -1  -2  -4  -3  -4    0  68  13   0   0   0   0   0   1   0   0  14   1   0   0   2   1   0   0   0  1.10 0.27
   15 T    -1   2  -1  -1  -3  -1   0  -3  -2  -1  -2   2  -2  -3  -2   1   4  -4  -3   1    1  13   2   1   0   0   3   0   0   1   1  19   0   0   0   7  36   0   0  17  0.34 0.16
   16 H    -3  -2  -1  -3  -2  -2  -2  -4  10  -2  -3  -3  -3   0  -4   1  -3  -4   0  -3    0   0   0   0   1   0   0   0  78   3   1   0   0   5   0  10   0   0   0   2  1.69 0.37
   17 G    -2  -4  -2  -3  -4  -4  -4   7  -4  -6  -6  -3  -5  -5  -4  -2  -3  -4  -5  -5    0   0   0   0   0   0   0 100   0   0   0   0   0   0   0   0   0   0   0   0  1.89 0.34
   18 F    -4  -5  -5  -6  -4  -5  -5  -5  -3  -2  -1  -5  -2   8  -6  -4  -4   5   2  -3    0   0   0   0   0   0   0   0   0   0   0   0   0  91   0   0   0   7   2   0  1.93 0.37
   19 R    -3   7  -1  -3  -5  -1  -2  -4  -2  -2   0   0   0  -4  -4  -3  -3  -4  -3  -2    0  78   3   0   0   0   0   0   0   2  13   0   2   0   0   0   0   0   0   2  1.13 0.29
   20 A     4   0  -1  -2  -2  -1  -1  -2  -2  -1   0   0  -1  -3  -2   1   0  -4  -2   1   49   5   1   0   0   2   2   0   1   1   8   8   0   0   0   9   4   0   0  11  0.28 0.14
   21 R    -3   8  -2  -4  -5  -1  -2  -4  -2  -5  -3   0  -3  -5  -4  -3  -3  -5  -4  -4    0  97   0   0   0   0   0   0   0   0   3   0   0   0   0   0   0   0   0   0  1.79 0.38
   22 M    -2  -3  -4  -5  -3  -2  -4  -5  -4   0   1  -2   9  -2  -4  -2  -2  -4  -3  -1    2   0   0   0   0   0   0   0   0   2   5   2  87   0   0   2   1   0   0   0  1.70 0.41
   23 A     3   3  -1  -1  -2   0   0  -1  -2  -3  -3   2  -2  -4  -2   3  -1  -4  -3  -2   30  18   0   1   0   2   2   1   0   0   0  17   0   0   0  29   0   0   0   0  0.44 0.17
   24 T    -2  -2  -1  -3  -3  -2  -3  -3  -3  -3  -3  -2  -2  -4  -3   1   7  -4  -3  -2    0   1   2   0   0   0   0   0   0   0   0   1   0   0   0   7  89   0   0   0  1.29 0.34
   25 A     1   3  -2  -2  -3   0  -1  -2   0  -2  -2   4  -2  -4   3   0  -1  -4  -3  -1   13  16   0   0   0   1   0   0   2   2   1  38   0   0  13   6   3   0   0   6  0.42 0.14
   26 N     1  -2   5   0  -2   0  -1   3  -1  -4  -3  -1  -2  -4  -3   1   0  -2  -3  -3   13   0  35   2   1   4   3  23   0   0   1   1   1   0   0  13   4   1   0   0  0.47 0.15
   27 G    -2  -4  -2  -3  -4  -4  -4   7  -4  -6  -6  -3  -5  -5  -4  -2  -3  -4  -5  -5    0   0   0   0   0   0   0 100   0   0   0   0   0   0   0   0   0   0   0   0  1.89 0.34
   28 R    -3   7  -2  -3  -2   0  -2  -4  -2  -4  -4   1  -3  -5  -4  -2  -3  -5  -3  -2    1  88   0   0   1   3   0   0   0   0   0   2   0   0   0   2   0   0   0   4  1.46 0.33
   29 K     2   3   1  -2  -3   2   0  -2  -1  -3  -2   4  -2  -4  -2   0  -1  -4  -2  -3   21  18   9   0   0   8   2   1   1   0   3  36   0   0   0   3   0   0   1   0  0.43 0.15
   30 V    -2  -4  -4  -5  -2  -4  -4  -5  -5   4   0  -4   0  -2  -4  -3  -1  -4  -3   5    0   0   0   0   0   0   0   0   0  30   4   0   0   0   0   0   2   0   0  65  0.89 0.24
   31 L    -3  -4  -5  -5  -2  -4  -4  -5  -4   4   4  -4   1  -1  -4  -4  -2  -3  -2   1    0   0   0   0   0   0   0   0   0  35  59   0   0   0   0   0   0   0   0   6  0.81 0.21
   32 S     3   2   2  -1  -2   0  -1  -1  -2  -3  -1   2   0  -3  -2   2  -1  -4  -3  -2   30  11  16   0   0   2   0   0   0   0   4  15   3   0   0  17   1   0   0   0  0.30 0.13
   33 R     3   5   1  -2  -2   0  -1  -1  -1  -3  -3   0  -2  -4  -3   0  -1  -4  -3  -3   32  43   8   1   1   1   1   2   1   0   1   3   0   0   0   6   1   0   0   0  0.54 0.18
   34 R    -3   8  -2  -4  -6  -1  -2  -4  -2  -5  -4   0  -3  -5  -4  -3  -3  -5  -4  -5    0 100   0   0   0   0   0   0   0   0   0   0   0   0   0   0   0   0   0   0  1.93 0.39
   35 R    -3   7  -2  -4  -5  -1  -2  -4  -2  -2  -3   1   1  -4  -4  -3  -3  -5  -4  -4    0  90   0   0   0   0   0   0   0   3   0   2   4   0   0   0   0   0   0   0  1.57 0.34
   36 A     3   3  -1  -2  -2   1  -1  -1   0  -2   0   0  -1  -2  -2   1  -1  -3  -2  -2   45  18   1   0   0   5   0   1   2   0   9   5   1   1   0   9   1   0   0   1  0.33 0.15
   37 K    -2   2  -2  -2  -5   0  -1  -3   1  -4  -3   7  -3  -5  -3  -2  -2  -5  -3  -4    0   7   0   0   0   2   0   0   3   0   2  85   0   0   0   0   1   0   0   0  1.22 0.31
   38 G    -2  -4  -1  -3  -4  -3  -4   7  -4  -5  -4  -2  -4  -3  -4  -2  -3  -4  -5  -5    0   0   3   0   0   1   0  93   0   0   1   1   0   1   0   0   0   0   0   0  1.63 0.31
   39 R    -3   8  -2  -4   1  -1  -2  -4  -2  -5  -4   0  -3  -5  -4  -3  -3  -5  -4  -5    0  97   0   0   3   0   0   0   0   0   0   0   0   0   0   0   0   0   0   0  1.86 0.39
   40 A     0   2   0  -2  -2   0   0  -3   4  -3  -3   4  -2  -3  -3   0  -1   3  -1  -1    9   7   2   0   1   1   2   0  13   0   1  45   1   0   0   4   3   5   1   4  0.44 0.16
   41 R    -1   4   0  -2  -3   1   0  -3  -2  -2  -2   3  -2  -2  -3   1   0  -4  -2   0    2  36   5   0   0   6   2   0   0   2   2  18   0   2   0  14   3   0   1   8  0.39 0.14
   42 L    -3  -4  -3  -5  -3  -4  -5  -5  -4   1   6  -4   0  -1  -5  -4  -3  -3  -3  -1    0   0   2   0   0   0   0   0   0   5  93   0   0   0   0   0   0   0   0   0  1.16 0.29
   43 S     1  -3  -1  -2   3  -2  -2  -2  -3  -2  -3  -2  -1  -4  -2   4   4  -4  -3  -1   13   0   0   0   8   0   0   1   0   1   0   0   2   0   0  43  30   0   0   2  0.61 0.21
   44 A     4  -3  -3  -4  -2  -3  -3  -2  -4   0  -1  -3  -1  -3  -3  -1  -1  -4  -3   4   52   0   0   0   0   0   0   0   0   0   0   0   0   0   0   0   0   0   0  48  0.66 0.20

                      K         Lambda
Standard Ungapped    0.1308     0.3276
Standard Gapped      0.0547     0.2670
PSI Ungapped         0.1787     0.3183
PSI Gapped           0.0547     0.2670
