
Last position-specific scoring matrix computed, weighted observed percentages rounded down, information per position, and relative weight of gapless real matches to pseudocounts
            A   R   N   D   C   Q   E   G   H   I   L   K   M   F   P   S   T   W   Y   V   A   R   N   D   C   Q   E   G   H   I   L   K   M   F   P   S   T   W   Y   V
    1 E    -2  -1  -1   3  -5   1   6  -3  -1  -4  -4   0  -3  -4  -2  -1  -2  -4  -3  -4    0   0   0  19   0   0  81   0   0   0   0   0   0   0   0   0   0   0   0   0  1.04 0.14
    2 C    -2  -5  -4  -5  11  -5  -5  -4  -5  -3  -3  -5  -3  -4  -5  -2  -2  -4  -4  -2    0   0   0   0 100   0   0   0   0   0   0   0   0   0   0   0   0   0   0   0  2.62 0.29
    3 R    -2   6  -1  -3  -4   0  -1  -3  -1  -3  -3   3  -2  -4  -3  -2   0  -4  -3  -2    0  75   0   0   0   0   0   0   0   0   0  15   0   0   0   0   7   0   0   3  1.00 0.17
    4 K    -1   1  -3  -3  -4  -1  -1  -3  -1  -3  -3   2  -2   0  -3  -2  -2   8   6  -3    4   6   0   0   0   0   4   0   0   0   0  22   0   0   0   0   0  27  37   0  0.98 0.16
    5 M    -2  -3  -4  -4  -3  -3  -4  -4  -2   0   3  -3   5   4  -4  -3  -2   5   3  -1    0   0   0   0   0   0   0   0   0   0  30   0  26  23   0   0   0   9  12   0  0.62 0.12
    6 F    -3  -3  -4  -5  -3  -3  -4  -4  -3   0   3  -4   2   5  -4  -3  -3   6   1  -1    0   0   0   0   0   0   0   0   0   0  42   0   4  40   0   0   0  11   2   0  0.77 0.13
    7 G    -1  -4  -2  -3  -4  -3  -3   7  -3  -5  -5  -3  -4  -4  -3  -1  -3  -4  -4  -5    0   0   0   0   0   0   0 100   0   0   0   0   0   0   0   0   0   0   0   0  1.63 0.20
    8 G     1  -2  -1   0  -3  -2  -1   5  -3  -4  -4  -1  -3  -4  -3   0   0  -4  -4  -3    8   0   0   6   0   0   4  67   0   0   0   3   0   0   0   5   7   0   0   0  0.80 0.12
    9 C    -2  -5  -4  -5  11  -5  -5  -4  -5  -3  -3  -5  -3  -4  -5  -2  -2  -4  -4  -2    0   0   0   0 100   0   0   0   0   0   0   0   0   0   0   0   0   0   0   0  2.62 0.29
   10 S     0   0   0   0  -2   0   1   0  -2  -2  -3   2  -2  -3  -2   3   2   1  -2  -1    0   3   0   3   0   0  11   5   0   0   0  18   0   0   0  41  13   2   0   4  0.31 0.09
   11 V     0   1   0  -1  -3   2   1   0  -1  -1  -2   3  -1  -3  -2   1   1  -3  -2   0    5   3   4   0   0  14  10   6   0   4   0  28   0   0   0   9   9   0   0   8  0.21 0.06
   12 D    -2  -2   1   5  -3  -1   0   0   2  -3  -4  -2  -3  -4  -2   0   3  -4  -3  -3    0   0   3  55   0   0   0   5   8   0   0   0   0   0   0   5  24   0   0   0  0.70 0.13
   13 S     0  -2   0   2  -2   1   1   2  -2  -3  -3  -1  -2  -3  -2   3   0  -4  -3  -3    5   0   2  13   0   5  12  20   0   0   3   0   0   0   0  39   0   0   0   0  0.38 0.09
   14 D    -3  -2   0   7  -4   0   2  -3   0  -4  -5  -1  -4  -5  -3  -1   0  -5  -4  -4    0   0   0  78   0   4  10   0   3   0   0   0   0   0   0   0   5   0   0   0  1.15 0.17
   15 C    -2  -5  -4  -5  11  -5  -5  -4  -5  -3  -3  -5  -3  -4  -5  -2  -2  -4  -4  -2    0   0   0   0 100   0   0   0   0   0   0   0   0   0   0   0   0   0   0   0  2.62 0.29
   16 C    -2  -5  -4  -5  11  -5  -5  -4  -5  -3  -3  -5  -3  -4  -5  -2  -2  -4  -4  -2    0   0   0   0 100   0   0   0   0   0   0   0   0   0   0   0   0   0   0   0  2.62 0.29
   17 A     1   0  -2  -1  -3   0   2  -2  -2  -2   0   3  -2  -3   4   0  -1  -4  -3  -2   14   3   0   0   0   0  23   0   0   0  12  24   0   0  21   2   0   0   0   0  0.40 0.08
   18 H    -3   0  -1  -3  -5  -1  -2  -4  10  -5  -4  -1  -3  -2  -4  -2  -3  -4   2  -5    0   3   0   0   0   0   0   0  90   0   0   3   0   0   0   0   0   0   3   0  1.86 0.25
   19 L    -3  -3  -5  -5  -2  -3  -4  -5  -4   1   5  -4   1  -1  -4  -4  -2  -3  -2   0    0   0   0   0   0   0   0   0   0   0 100   0   0   0   0   0   0   0   0   0  0.99 0.18
   20 G     1   0  -1  -2  -3   1  -1   4  -2  -3  -3  -1  -2  -1  -2   1  -1  -3  -2  -1   13   4   0   0   0  10   4  49   0   0   0   0   0   4   0  10   0   0   0   7  0.46 0.09
   21 C    -2  -2  -4  -5  11  -4  -5  -4  -5  -3  -3  -4  -3  -4  -4  -2  -2  -4  -4  -2    0   4   0   0  96   0   0   0   0   0   0   0   0   0   0   0   0   0   0   0  2.44 0.28
   22 K    -2   3   2  -1  -4   0   0  -2   5  -4  -3   4  -2  -3  -2   0  -1  -4  -2  -3    0  20   9   0   0   0   0   0  19   0   0  45   0   0   0   7   0   0   0   0  0.62 0.12
   23 P    -1   3  -1   0  -3   0   0  -2  -1  -3  -2   2   1  -2   3   2   1  -3  -2  -2    0  26   0   4   0   2   2   0   0   0   0  12   6   2  16  21   9   0   0   0  0.37 0.08
   24 T    -1   2   1   0  -3   0  -1   0  -1  -2  -2   4  -2  -1  -2  -1   2  -3  -1  -2    0  10   7   4   0   0   0   6   0   0   3  42   0   4   0   0  18   0   2   2  0.29 0.09
   25 L    -2  -2   0  -2  -3  -2  -2  -1   4  -2   1  -1   0   2  -1  -1  -2   7   3  -2    2   0   6   2   0   0   0   5  14   0  17   5   2   8   3   3   0  23  12   0  0.50 0.09
   26 K    -1  -1   1   1  -3   0   1   1   2  -3  -2   1  -2  -2   4   0  -1   1   1  -3    0   0   6   6   0   3  10  10   6   0   3  16   0   0  27   6   0   2   6   0  0.40 0.07
   27 Y    -3  -3  -4  -5  -4  -3  -4  -4   2   0  -2  -3  -2   2  -4  -3  -3   9   7  -2    0   0   0   0   0   0   0   0   4   7   0   0   0   4   0   0   0  32  53   0  1.52 0.20
   28 C    -2  -5  -4  -5  11  -5  -5  -4  -5  -3  -3  -5  -3  -4  -5  -2  -2  -4  -4  -2    0   0   0   0 100   0   0   0   0   0   0   0   0   0   0   0   0   0   0   0  2.62 0.29
   29 A     4  -3  -2  -3  -2  -2  -2   2  -3   1   0  -2  -1  -2  -2   0  -1  -3  -2   2   52   0   0   0   0   0   0  15   0   8   6   0   0   0   0   0   0   0   0  20  0.35 0.10
   30 W    -4  -5  -6  -6  -4  -4  -5  -4  -4  -5  -4  -5  -3  -1  -6  -5  -4  12   1  -5    0   0   0   0   0   0   0   0   0   0   0   0   0   0   0   0   0 100   0   0  3.70 0.34
   31 D    -3  -3   0   7  -5  -2   0  -3  -2  -5  -5  -2  -5  -5  -3  -1  -2  -6  -5  -5    0   0   0 100   0   0   0   0   0   0   0   0   0   0   0   0   0   0   0   0  1.65 0.21
   32 G    -1  -3  -2  -3  -3  -3  -3   5  -3  -3   0  -3  -2   1  -3  -2  -3   7   0  -3    2   0   0   0   0   0   0  60   0   0  11   0   0   7   0   0   0  18   2   0  0.89 0.12
   33 T    -1  -2  -1  -2  -2  -2  -2  -2  -3  -2  -3  -2  -2  -3  -2   3   6  -4  -3  -1    0   0   0   0   0   0   0   0   0   0   0   0   0   0   0  22  78   0   0   0  0.89 0.17

                      K         Lambda
Standard Ungapped    0.1419     0.3272
Standard Gapped      0.0509     0.2670
PSI Ungapped         0.1662     0.3183
PSI Gapped           0.0509     0.2670
