
Last position-specific scoring matrix computed, weighted observed percentages rounded down, information per position, and relative weight of gapless real matches to pseudocounts
            A   R   N   D   C   Q   E   G   H   I   L   K   M   F   P   S   T   W   Y   V   A   R   N   D   C   Q   E   G   H   I   L   K   M   F   P   S   T   W   Y   V
    1 M    -3  -3  -4  -5  -3  -2  -4  -5  -3   0   1  -3  10  -2  -4  -3  -2  -3  -3  -1    0   0   0   0   0   0   0   0   0   0   2   0  98   0   0   0   0   0   0   0  1.81 0.33
    2 K    -2   1  -2  -2  -5   1  -1  -3  -2  -4  -3   7  -3  -2  -3  -2  -2  -1  -3  -4    0   2   0   0   0   4   0   0   0   0   2  89   0   2   0   0   0   1   0   0  1.12 0.26
    3 R    -3   7  -2  -3  -5   0  -2  -2  -2  -4  -3   1   1  -4   0  -2  -3  -4  -3  -4    0  86   0   0   0   1   0   2   0   0   0   1   4   0   6   0   0   0   0   0  1.28 0.26
    4 T    -2  -3  -1  -3  -3  -2  -2  -3  -3  -2  -3  -2  -2  -4  -3   0   7  -4  -3  -2    0   0   1   0   0   0   0   0   0   0   0   0   0   0   0   2  97   0   0   0  1.38 0.31
    5 Y    -3  -4  -4  -5  -4  -4  -4  -5  -1  -2   1  -4  -2   6  -5  -4  -3   2   7  -2    0   0   0   0   0   0   0   0   0   0  11   0   0  35   0   0   0   2  51   0  1.29 0.26
    6 Q    -3   0  -1  -2  -5   8   1  -1   0  -5  -4   0  -2  -5  -3  -2  -2  -4  -3  -4    0   3   1   0   0  86   2   6   2   0   0   0   0   0   0   0   0   0   0   0  1.44 0.33
    7 P    -2  -4  -4  -3  -5  -3  -3   0  -4  -5  -5  -3  -4  -6   8  -3  -3  -6  -5  -4    2   0   0   0   0   0   0   9   0   0   0   0   0   0  89   0   0   0   0   0  2.35 0.36
    8 S    -1  -1   3  -1  -3  -1  -1  -2   2  -4  -4   1   0  -4  -2   4   1  -4  -3  -3    0   1  15   0   0   0   0   0   7   0   0  12   3   0   0  55   7   0   0   0  0.59 0.21
    9 K    -2   2   4  -1  -2   0   0  -2  -1  -2  -3   4  -2  -4  -3  -1   0  -4  -3   0    0  11  31   0   1   1   3   1   0   2   1  35   0   0   0   2   4   0   0  10  0.46 0.17
   10 L    -2   4  -2  -3  -3  -1  -2  -4  -1   2   2   1   0  -2  -3  -2   0  -3  -2   0    1  39   0   0   0   1   0   0   1  15  23   5   0   0   0   0   8   0   0   6  0.38 0.15
   11 V    -2   3  -2  -2  -4   1  -1  -3   1  -2  -3   5  -2  -4   0   0  -2  -4  -3   0    0  21   0   0   0   3   0   0   4   1   0  55   0   0   3   5   0   0   0  10  0.65 0.21
   12 R    -3   7  -2  -3  -5   1  -2  -4   1  -4  -2   1  -3  -4  -4  -2  -3  -4  -3  -4    0  86   0   0   0   3   0   0   3   0   3   5   0   0   0   0   0   0   0   0  1.45 0.32
   13 K     2   1   1  -2  -3   0  -1  -2   0  -1  -2   5  -2  -3  -2   0  -1  -4  -3  -1   19   5   6   0   0   2   1   0   2   5   1  50   0   0   0   4   1   0   0   4  0.41 0.16
   14 R    -3   6   2  -2  -5   0  -1  -3  -1  -4  -4   3  -1  -4  -3  -1  -2  -4  -3  -4    0  68  13   0   0   0   0   0   1   0   0  14   1   0   0   2   1   0   0   0  1.09 0.26
   15 R    -1   2  -1  -1  -2  -1   0  -3  -2  -1  -2   2  -2  -3  -2   1   4  -4  -3   1    1  13   2   1   0   0   4   0   0   1   1  17   0   0   0   7  36   0   0  17  0.34 0.15
   16 H    -3  -2  -1  -3  -2  -2  -2  -4  10  -2  -3  -3  -3   0  -4   0  -3  -4   0  -3    0   0   0   0   1   0   0   0  79   3   1   0   0   5   0   9   0   0   0   2  1.71 0.36
   17 G    -1  -4  -2  -3  -4  -4  -4   7  -4  -6  -6  -3  -5  -5  -4  -2  -3  -4  -5  -5    0   0   0   0   0   0   0 100   0   0   0   0   0   0   0   0   0   0   0   0  1.88 0.34
   18 F    -4  -5  -5  -6  -4  -5  -5  -5  -3  -2  -1  -5  -2   8  -6  -4  -4   4   2  -3    0   0   0   0   0   0   0   0   0   0   0   0   0  91   0   0   0   6   2   0  1.92 0.37
   19 R    -3   7  -1  -3  -4  -1  -2  -4  -2  -2   0   0   0  -4  -4  -2  -3  -4  -3  -2    0  78   3   0   0   0   0   0   0   2  13   0   2   0   0   0   0   0   0   2  1.12 0.29
   20 A     4   0  -1  -2  -2  -1  -1  -2  -2  -1   0   1  -1  -3  -2   1   0  -3  -2   1   48   5   1   0   0   2   2   0   1   1   8   9   0   0   0   9   4   0   0  11  0.27 0.13
   21 R    -3   8  -2  -4  -5  -1  -2  -4  -2  -5  -3   0  -3  -5  -4  -3  -3  -5  -4  -4    0  97   0   0   0   0   0   0   0   0   3   0   0   0   0   0   0   0   0   0  1.78 0.37
   22 L    -2  -3  -4  -5  -3  -2  -4  -5  -4   0   1  -2   9  -2  -4  -2  -2  -4  -3  -1    2   0   0   0   0   0   0   0   0   2   5   2  86   0   0   2   1   0   0   0  1.67 0.40
   23 A     3   3  -1  -1  -2   0   0  -1  -2  -3  -3   2  -2  -4  -2   3  -1  -4  -3  -2   29  19   0   1   0   2   2   1   0   0   0  18   0   0   0  29   0   0   0   0  0.43 0.16
   24 T    -2  -2  -1  -3  -3  -2  -2  -3  -3  -3  -3  -2  -2  -4  -3   1   7  -4  -3  -2    0   1   2   0   0   0   0   0   0   0   0   1   0   0   0   7  89   0   0   0  1.27 0.34
   25 T     1   3  -1  -2  -3   0  -1  -2   0  -2  -2   4  -2  -3   3   0   0  -4  -3  -1   13  15   0   0   0   1   0   0   2   2   1  37   0   0  14   6   3   0   0   6  0.40 0.14
   26 G     1  -2   4   0  -2   0  -1   3  -1  -4  -4  -1  -2  -4  -3   1   0  -2  -3  -3   13   0  35   2   1   4   3  23   0   0   0   1   1   0   0  14   4   1   0   0  0.49 0.15
   27 G    -1  -4  -2  -3  -4  -4  -4   7  -4  -6  -6  -3  -5  -5  -4  -2  -3  -4  -5  -5    0   0   0   0   0   0   0 100   0   0   0   0   0   0   0   0   0   0   0   0  1.88 0.34
   28 R    -3   7  -2  -3  -2   0  -2  -4  -2  -4  -4   1  -3  -4  -4  -2  -3  -4  -3  -2    1  88   0   0   1   3   0   0   0   0   0   2   0   0   0   2   0   0   0   4  1.45 0.33
   29 K     2   3   1  -2  -3   2   0  -2  -1  -3  -2   4  -2  -4  -2   0  -1  -4  -2  -3   21  17  10   0   0   8   2   1   1   0   3  35   0   0   0   3   0   0   1   0  0.42 0.15
   30 I    -2  -4  -4  -5  -2  -4  -4  -5  -5   4   0  -4   0  -2  -4  -3  -1  -4  -3   5    0   0   0   0   0   0   0   0   0  30   4   0   0   0   0   0   2   0   0  65  0.88 0.24
   31 L    -3  -4  -5  -5  -2  -4  -4  -5  -4   4   4  -4   1  -1  -4  -4  -2  -3  -2   1    0   0   0   0   0   0   0   0   0  35  58   0   0   0   0   0   0   0   0   6  0.80 0.20
   32 A     3   2   2  -2  -2   0  -1  -1  -2  -3  -2   2   0  -3  -2   2  -1  -4  -3  -2   30  11  16   0   0   2   0   0   0   0   4  16   3   0   0  16   1   0   0   0  0.31 0.14
   33 A     3   5   1  -2  -2   0  -1  -1  -1  -3  -3   0  -2  -4  -3   0  -1  -4  -3  -3   32  43   7   1   1   1   1   2   1   0   1   3   0   0   0   6   1   0   0   0  0.56 0.19
   34 R    -4   8  -2  -4  -6  -1  -2  -4  -2  -5  -4   0  -3  -5  -4  -3  -3  -5  -4  -5    0 100   0   0   0   0   0   0   0   0   0   0   0   0   0   0   0   0   0   0  1.98 0.40
   35 R    -3   7  -2  -4  -5  -1  -2  -4  -2  -2  -4   1   1  -4  -4  -3  -3  -5  -4  -4    0  91   0   0   0   0   0   0   0   3   0   2   4   0   0   0   0   0   0   0  1.63 0.36
   36 A     4   2  -1  -2  -2   1  -1  -1   0  -2   0   0  -1  -2  -2   1  -1  -4  -2  -2   45  18   1   0   0   5   0   1   2   0   9   5   1   1   0  11   1   0   0   1  0.34 0.15
   37 R    -3   2  -2  -3  -5   0  -1  -3   1  -4  -2   7  -3  -5  -3  -2  -2  -5  -3  -4    0   7   0   0   0   2   0   0   3   0   3  84   0   0   0   0   1   0   0   0  1.20 0.31
   38 G    -2  -4  -1  -3  -4  -3  -4   7  -4  -5  -4  -3  -4  -3  -4  -2  -3  -4  -5  -5    0   0   3   0   0   1   0  93   0   0   1   1   0   1   0   0   0   0   0   0  1.67 0.32
   39 R    -3   8  -2  -4   1  -1  -2  -4  -2  -5  -4   0  -3  -5  -4  -3  -3  -5  -4  -5    0  97   0   0   3   0   0   0   0   0   0   0   0   0   0   0   0   0   0   0  1.86 0.39
   40 K     0   2   0  -2  -2   0   0  -3   4  -3  -3   4  -2  -3  -3   0  -1   3  -1  -1    9   7   2   0   1   1   2   0  13   0   1  45   1   0   0   4   3   5   1   4  0.45 0.17
   41 R    -1   4   0  -2  -3   1  -1  -3  -2  -2  -2   3  -2  -2  -3   1   0  -4  -2   0    2  37   5   0   0   6   2   0   0   2   2  18   0   2   0  14   3   0   1   8  0.40 0.14
   42 L    -3  -4  -3  -5  -3  -4  -5  -5  -4   1   6  -4   0  -1  -5  -4  -3  -3  -3  -1    0   0   2   0   0   0   0   0   0   5  93   0   0   0   0   0   0   0   0   0  1.17 0.29
   43 S     1  -3  -1  -2   3  -2  -2  -2  -3  -2  -3  -2  -1  -4  -2   4   4  -4  -3  -1   12   0   0   0   8   0   0   1   0   1   0   0   2   0   0  43  30   0   0   2  0.62 0.21
   44 A     4  -3  -3  -4  -2  -3  -3  -2  -4   0  -1  -3  -1  -3  -3  -1  -1  -4  -3   4   52   0   0   0   0   0   0   0   0   0   0   0   0   0   0   0   0   0   0  48  0.66 0.20

                      K         Lambda
Standard Ungapped    0.1356     0.3286
Standard Gapped      0.0550     0.2670
PSI Ungapped         0.1796     0.3170
PSI Gapped           0.0550     0.2670
