
Last position-specific scoring matrix computed, weighted observed percentages rounded down, information per position, and relative weight of gapless real matches to pseudocounts
            A   R   N   D   C   Q   E   G   H   I   L   K   M   F   P   S   T   W   Y   V   A   R   N   D   C   Q   E   G   H   I   L   K   M   F   P   S   T   W   Y   V
    1 K    -2   4  -1  -1  -4   3   2  -3  -1  -4  -3   4  -2  -4  -2  -1  -2  -4  -3  -3    0  24   0   0   0  17  17   0   0   0   0  42   0   0   0   0   0   0   0   0  0.67 0.12
    2 P    -3  -5  -5  -4   2  -4  -4  -5  -5  -6  -6  -4  -5  -6   9  -4  -4  -6  -6  -5    0   0   0   0   4   0   0   0   0   0   0   0   0   0  96   0   0   0   0   0  2.87 0.49
    3 D    -2  -2   2   5  -4   1   2  -1   3  -4  -4  -1  -3  -4  -1   0  -1  -5  -3  -2    2   0  11  39   0   4  16   3   8   0   0   2   0   0   3   6   2   0   0   4  0.62 0.20
    4 C    -2  -6  -6  -6  10  -2  -6  -6  -5  -4  -3  -5  -4  -4   3  -4  -3  -5   2  -1    2   0   0   0  69   2   0   0   0   0   2   0   0   0  13   0   1   0   7   3  2.28 0.53
    5 P    -1  -2   2   0  -4   3   1  -2  -1  -3  -1   1   2  -4   3   2  -2  -4  -3  -3    3   0  12   4   0  19   6   1   1   0   6   7   7   0  17  17   0   0   0   0  0.43 0.22
    6 L     0   1   0   0   5  -1   0  -3   0   0   0  -1   0   1   0   0   0  -3  -2   0    7   9   7   4  15   3   7   0   3   6   7   1   2   7   5   6   4   0   0   9  0.13 0.10
    7 I     0  -3   0   0   0   0  -1  -2   0   2   0  -2   1   1  -1  -2   0  -3   1   3    8   0   5   5   3   4   2   3   3  12   4   1   6   5   3   0   5   0   5  26  0.11 0.11
    8 C    -4  -6  -6  -2  11  -6  -6  -6  -6  -5  -5  -6  -5  -6  -6  -2  -4  -6  -6  -4    0   0   0   3  92   0   0   0   0   0   0   0   0   0   0   3   0   0   0   0  3.48 0.69
    9 T    -1  -1   0  -3  -3  -1  -2  -1   0  -3  -2  -1  -1  -2   5   1   4  -4  -3  -3    4   4   5   0   0   2   0   5   2   0   3   3   2   2  30   8  29   0   0   0  0.64 0.24
   10 M    -1   2  -1   1   0   0  -1   0   0  -1   0   2   2  -3   0   0   0  -4  -3  -1    4  15   1   8   2   3   1   6   2   2  12  14   8   0   3   9   7   0   0   2  0.11 0.10
   11 Q    -2  -1   1   2  -4   2   4  -3   1   0  -1  -1  -1  -3  -1   0  -1   2  -2   0    1   1   6  10   0   8  34   0   4   6   4   1   2   0   2   4   3   4   1   9  0.35 0.18
   12 Y    -3  -2  -2  -2  -4  -2  -1  -2   0  -2  -1   0  -1   1   1  -1  -1   3   7  -3    0   1   2   2   0   1   4   4   1   1   7   8   1   4   7   5   3   3  45   0  0.73 0.27
   13 D    -1   1   2   2  -3   0   1  -1  -2  -1  -1   2   2  -1  -3   0  -1  -1  -2  -1    5  10  11  12   0   3   8   4   0   2   6  16   7   3   0   5   2   1   1   6  0.15 0.10
   14 P    -3  -2  -4  -4  -5  -1  -3  -5  -4  -5  -3  -2  -4  -3   8  -3  -3  -6  -2  -5    1   2   0   0   0   3   0   0   0   0   3   1   0   1  87   0   0   0   2   0  2.34 0.41
   15 V    -2  -4  -4  -5  -3  -2  -4  -5  -1   3   2  -4   0  -1  -4  -3  -2  -4  -2   5    1   0   0   0   0   1   0   0   2  16  21   0   0   2   0   0   0   0   0  56  0.74 0.22
   16 C    -3  -6  -6  -6  11  -6  -7  -5  -6  -4  -4  -6  -4  -5  -6  -4  -4  -5  -5  -4    0   0   0   0 100   0   0   0   0   0   0   0   0   0   0   0   0   0   0   0  3.48 0.55
   17 G     1  -4  -2  -1  -4  -4  -4   7  -4  -6  -5  -3  -5  -5  -4  -2  -3  -5  -5  -5   10   0   0   4   0   0   0  86   0   0   0   0   0   0   0   0   0   0   0   0  1.63 0.33
   18 S    -1  -3   0  -2  -3  -2  -2  -3  -3  -4  -3  -2  -3  -4  -3   6   4  -5  -4  -3    0   0   3   0   0   0   0   0   0   0   2   0   0   0   0  71  24   0   0   0  1.08 0.32
   19 D    -1  -3   3   7  -5  -2  -1  -3  -3  -5  -5  -3  -5  -5  -4  -2  -3  -6  -1  -5    5   0  16  75   0   0   0   0   0   0   0   0   0   0   0   0   0   0   3   0  1.50 0.33
   20 G     0  -2   3  -1  -4  -1  -3   6  -3  -5  -4  -2  -1  -2  -4   0  -2  -4  -2  -4    5   2  20   1   0   2   0  61   0   0   0   0   2   2   0   4   0   0   1   0  0.95 0.23
   21 I    -2   2   0  -1  -3   1   0  -3   3   1  -1   4  -1  -2  -3  -1  -1  -4  -2   0    1  12   4   1   0   7   4   0   9  12   3  32   0   1   0   1   1   0   0  10  0.30 0.14
   22 T    -2  -2   0  -3  -3  -3  -2  -4  -4  -1  -2  -3  -3  -1  -3   1   7  -4  -3  -1    0   2   3   0   0   0   1   0   0   4   1   0   0   3   0   7  78   0   0   1  1.12 0.32
   23 Y    -4  -4  -5  -6  -5  -4  -5  -6  -1  -4  -3  -5  -3   3  -6  -4  -4   0   9  -4    0   0   0   0   0   0   0   0   0   0   0   0   0   9   0   0   0   0  91   0  2.44 0.46
   24 G     1   0   0   1  -3   0   1   2  -1  -3  -2   0  -2  -2   1   2  -1  -4  -3  -2   10   5   2   7   0   4   8  19   1   0   5   3   0   1   8  24   1   0   0   1  0.24 0.09
   25 N    -3  -3   7   0  -4  -1  -2  -1  -2  -5  -5  -2  -4  -2  -4   2  -2  -5  -4  -5    0   0  73   3   0   2   0   3   0   0   0   0   0   2   0  17   0   0   0   0  1.39 0.34
   26 A    -1   2  -1   0  -4   1   3  -3   1  -2  -2   3   0  -4   2  -1  -1  -4  -3  -2    3   9   1   2   0   4  29   0   4   3   3  23   3   0  10   3   1   0   0   1  0.38 0.14
   27 C    -3  -6  -5  -6  11  -6  -6  -5  -6  -4  -4  -6  -4  -5  -6  -1  -3  -5  -5  -4    0   0   0   0  96   0   0   0   0   0   0   0   0   0   0   4   0   0   0   0  3.26 0.52
   28 M     0   0   1   0  -3   1   2  -2   2   0   0   0   0   0  -2   0   0  -3   0  -1    6   6  10   3   0   5  18   1   8   8   8   5   1   6   0   5   7   0   2   2  0.10 0.06
   29 L    -3  -4  -5  -5  -3  -4  -4  -5  -3  -1   4  -4   0   6  -5  -4  -3  -2   1  -1    0   0   0   0   0   0   0   0   0   0  51   0   0  41   0   0   0   0   3   2  0.99 0.25
   30 L    -3   1  -1  -4   9   2   0  -3   1  -4  -2   0  -1   0  -4  -2  -1  -4  -4  -3    0  10   3   0  48   9   6   2   3   0   3   6   1   4   0   1   3   0   0   0  1.20 0.37
   31 G     1   2   3  -2   1   0   0  -1  -2  -1  -1   0   0  -1  -3   1   0  -3  -1  -1   12  14  23   0   3   2   4   2   0   4   4   5   4   4   0   9   4   0   2   5  0.18 0.13
   32 A     5  -3  -3  -1  -3   1   2  -2   0  -3  -4   0  -1  -5  -3  -1   1  -5  -4  -3   54   0   0   3   0   6  17   2   2   1   0   4   1   0   0   2   8   0   0   0  0.70 0.32
   33 S     2   1   2  -2  -3   0  -1  -1  -2   0  -2   2  -2  -2  -3   0  -1  -4  -2   2   22   9  10   0   0   4   1   3   0   7   1  15   0   1   0   8   1   0   1  18  0.21 0.16
   34 C    -1   1  -4  -5   8  -2  -2  -4  -4   0   0  -1   2  -4  -5  -2  -3   1  -3   2    4   9   0   0  41   1   3   1   0   4   8   5   6   0   0   2   0   2   1  15  0.96 0.33
   35 R    -1   2   0   1  -4   1   2  -3  -1  -3   0   3  -1  -2  -3  -1  -1   0  -1  -1    3  12   3   6   0   4  18   1   1   0  10  26   1   1   0   2   3   1   2   5  0.30 0.17
   36 S    -1   1   2  -1  -1   1   0  -1  -1  -3   0   0  -2   1  -3   3   0  -3  -2  -2    2   9   9   2   1   6   5   3   1   0  12   5   0   7   0  33   5   0   0   1  0.24 0.17
   37 D    -2   0   3   3  -4   2   0   2   2  -4  -4   1  -2  -5  -2   0  -2  -5  -3  -3    1   5  19  15   0  11   5  20   5   1   0   8   1   0   1   7   0   0   0   1  0.45 0.20
   38 T     0   0  -2  -2  -4   0  -1   4  -1  -4  -3   1  -1  -4   3   0   1  -4  -2  -3    6   6   1   1   0   5   3  32   2   0   1   8   1   0  17   6   8   0   2   1  0.47 0.20
   39 P    -1   1   2   2  -3   1   0   0   1  -3  -3   1  -3  -4   1   0   3  -4  -3  -2    3   6   9  11   0   6   4   6   4   0   1   9   0   0   8   5  26   0   0   1  0.32 0.18
   40 I    -4  -5  -6  -6  -4  -5  -6  -6  -5   6   4  -5  -1   0  -5  -5  -3  -4   0   2    0   0   0   0   0   0   0   0   0  47  36   0   0   2   0   0   0   0   3  12  1.12 0.36
   41 E    -1   1   0   0  -3   1   1  -1   2  -1  -1   0  -2  -1  -3   0   3  -4  -2  -2    2   7   4   6   0   9   9   4   5   5   6   5   0   3   0   5  29   0   0   1  0.23 0.17
   42 L    -2  -4  -5  -5  -3  -3  -3  -5  -4   3   3  -1  -1   3  -2  -3  -3  -3   0   3    1   0   0   0   0   1   1   0   0  20  32   5   0  13   2   1   0   0   2  21  0.56 0.24
   43 V     1   0   0   0  -2   1  -1  -1  -2   1   0   0   1  -2  -3   1  -1  -3  -1   1   12   5   4   6   0   6   2   3   0   7  12   8   4   1   0  10   1   0   3  16  0.06 0.08
   44 H    -3   1  -2  -4   1   1  -3  -3   9  -6  -5   3  -4  -3  -5  -2  -4  -4   4  -5    2   6   1   0   3   5   0   1  49   0   0  16   0   0   0   3   0   0  13   0  1.48 0.46
   45 K    -3   3   0   2  -4   0   1  -3   0  -2  -2   0   0   3   0   0  -2   1   1  -3    0  18   5  15   0   3   9   1   2   2   1   3   3  18   4   6   1   2   6   1  0.30 0.18
   46 G    -2  -5  -4  -2  -6  -5  -1   7  -5  -7  -7  -2  -6  -7  -5  -3  -5  -6  -6  -6    1   0   0   1   0   0   4  91   0   0   0   2   0   0   0   0   0   0   0   0  2.11 0.56
   47 R     0   2  -1   0  -5   1   2  -4   2  -4  -4   4  -2  -5   4  -1  -2  -5  -4  -4    8  10   2   6   0   5  13   0   5   0   1  26   1   0  20   2   1   0   0   1  0.59 0.24
   48 C    -5  -8  -7  -8  12  -7  -8  -7  -7  -5  -6  -7  -6  -7  -7  -5  -5  -7  -7  -5    0   0   0   0 100   0   0   0   0   0   0   0   0   0   0   0   0   0   0   0  4.18 0.88

                      K         Lambda
Standard Ungapped    0.1427     0.3245
Standard Gapped      0.0502     0.2670
PSI Ungapped         0.1641     0.3185
PSI Gapped           0.0502     0.2670
