
Last position-specific scoring matrix computed, weighted observed percentages rounded down, information per position, and relative weight of gapless real matches to pseudocounts
            A   R   N   D   C   Q   E   G   H   I   L   K   M   F   P   S   T   W   Y   V   A   R   N   D   C   Q   E   G   H   I   L   K   M   F   P   S   T   W   Y   V
    1 M    -4  -5  -6  -7  -5  -4  -5  -6  -5  -2  -1  -5  11  -3  -6  -5  -4  -5  -4  -3    0   0   0   0   0   0   0   0   0   0   0   0 100   0   0   0   0   0   0   0  3.04 0.70
    2 R    -4   8  -1  -4  -6   0  -3  -5  -2  -6  -5   2  -4  -5  -5  -3  -4  -5  -1  -5    0  86   2   0   0   2   0   0   0   0   0   7   0   0   0   0   0   0   2   0  1.89 0.48
    3 H    -5  -3  -3  -4  -6  -3  -3  -5  11  -7  -6   0  -5  -5  -5  -4  -2  -6  -1  -6    0   0   0   0   0   0   0   0  93   0   0   5   0   0   0   0   2   0   0   0  3.01 0.65
    4 R    -1   6   1  -3  -5   1  -2   2  -2  -4  -3   2  -3  -5  -4  -1  -3  -5  -4  -2    5  46   7   0   0   6   0  17   0   0   1  13   0   0   0   2   0   0   0   3  0.73 0.27
    5 H    -2   1   2  -3   2   0  -2  -4   5  -1  -2   4   0  -3  -3  -2  -2  -4  -1   1    0   7  10   0   5   2   0   0  15   4   3  33   3   0   0   1   1   0   1  14  0.43 0.22
    6 G     1   2  -1  -2  -2  -1  -2   3  -1  -3  -4   2  -3  -4  -1   2  -1  -4  -3  -2   12  10   1   1   1   1   0  29   1   1   0  17   0   0   2  20   1   0   0   2  0.43 0.20
    7 L    -1  -1  -1  -3  -2  -1  -3   4   2   0  -1  -1  -2   1  -4  -2  -1  -2   3   0    2   3   2   0   1   2   0  34   6   8   6   5   0   6   0   0   3   0  14   9  0.32 0.17
    8 R    -3   6   2  -3  -4   1  -2  -4   2  -5  -4   2  -3  -2   0  -2  -3  -3  -2  -4    1  60  11   0   0   4   0   0   5   0   1   8   0   2   5   0   0   0   1   1  1.00 0.33
    9 K    -3   4  -2  -3  -5   2  -1  -4   3  -5  -3   6  -3  -5  -2  -2  -3  -5  -2  -4    0  22   0   0   0   7   0   0   7   0   1  58   0   0   2   1   0   0   1   1  1.06 0.36
   10 L    -4  -3  -5  -5  -4  -3  -4  -6  -5   0   5  -3   1   3  -2  -4  -3  -3  -2  -1    0   1   0   0   0   1   1   0   0   2  77   1   2  12   2   0   0   0   0   1  1.02 0.34
   11 N    -2  -2   4  -1  -4  -2  -3   5  -1  -6  -6  -2  -4  -5  -4   1  -3  -5  -5  -5    1   1  25   3   0   1   0  54   1   0   0   1   0   0   0  12   0   0   0   0  1.06 0.33
   12 R    -4   7  -3  -4  -1  -1  -3  -1  -3  -4  -1   2  -3  -5  -5  -3  -3  -3  -4  -3    0  75   0   0   1   1   0   6   0   1   6   8   0   0   0   0   0   0   0   2  1.38 0.43
   13 T    -1  -1   2   1  -2  -1  -1  -1  -2  -3  -3   0  -2  -4   2   1   4  -4   0  -2    1   3  12   7   1   1   1   5   1   0   1   4   1   0  11  10  38   0   4   0  0.45 0.23
   14 S     2  -2  -1  -2  -3  -2  -2   0   0  -3  -4   0  -3  -4   2   4   3  -3  -3  -2   17   1   1   0   0   0   0   5   2   0   0   5   0   0   9  38  19   0   0   1  0.53 0.25
   15 S     3  -3  -1   2  -3  -1   2   0  -2  -4  -4  -1  -3  -4  -2   4   0  -5  -4  -3   23   0   2  12   0   0  12   4   0   0   0   1   0   0   1  42   2   0   0   0  0.61 0.28
   16 H    -2  -3  -2  -4  -5   4  -2  -4   9  -6  -5  -3  -4  -4  -2  -1  -4   4  -1  -5    3   0   0   0   0  18   0   1  66   0   0   0   0   0   2   4   0   7   0   0  1.89 0.50
   17 R    -4   8  -2  -4  -6   0  -1  -5  -3  -6  -4   0  -4  -6  -5  -3  -4  -5  -4  -4    0  90   1   0   0   4   4   0   0   0   1   0   0   0   0   0   0   0   0   1  1.92 0.51
   18 L    -1   3   0   0  -4   1   0  -3  -1  -1  -1   5   0  -4  -3  -1  -1  -4  -3  -1    3  16   3   4   0   4   2   1   1   5   8  45   3   0   0   1   3   0   0   3  0.47 0.21
   19 A     6  -3  -2  -4   0  -3  -3  -1   1  -3  -1  -2   1  -4  -3   1  -2  -5  -4  -2   74   0   1   0   1   0   0   1   4   1   5   1   4   0   0   8   0   0   0   0  0.90 0.35
   20 M    -3  -4  -5  -5  -3  -3  -5  -5  -4   1   4  -4   7  -2  -5  -4   0  -4  -3   0    0   0   0   0   0   0   0   0   0   3  47   0  39   0   0   0   6   0   0   5  1.12 0.36
   21 L    -3  -3  -5  -5  -3  -4  -5  -5  -2   1   5  -4   2   4  -5  -3  -3  -2   0   0    1   1   0   0   0   0   0   0   1   3  63   0   6  19   0   1   0   0   3   2  0.86 0.29
   22 R     1   6  -1  -3  -2   0  -2  -3  -2  -4  -4   3  -2  -5  -4   0  -2  -5  -4  -4   12  58   2   0   1   3   0   1   0   0   1  16   1   0   0   5   0   0   0   0  1.00 0.33
   23 N    -1  -3   8   1  -5   0  -2  -1  -2  -6  -6  -3  -4  -5  -4   0  -1  -6  -5  -5    4   0  74   5   0   3   1   4   0   0   0   0   0   0   0   7   2   0   0   0  1.46 0.43
   24 M    -3  -4  -5  -5  -4   0  -4  -6  -4   0   5  -4   7  -2  -5  -4  -3  -4  -3  -1    0   0   0   0   0   5   0   0   0   1  58   0  35   0   0   1   0   0   0   1  1.22 0.39
   25 S     4  -3  -3  -3   0  -3  -3  -2  -3  -1   0  -3   0  -3  -3   1   2  -4  -3   3   38   0   0   0   2   0   0   0   0   1   6   0   3   0   0  13  14   0   0  23  0.45 0.23
   26 N     0   0   0  -3   2  -2  -2  -2  -3   1  -2   0  -2  -3  -3   1   4  -4  -3   0    9   7   5   0   4   1   0   2   0  12   0   4   0   0   0   8  41   0   0   7  0.40 0.22
   27 S     2  -2  -1   1  -2   2   1  -1  -3  -4  -4  -2  -3  -4  -3   4  -1  -5  -4  -3   21   0   1   8   0  10  10   4   0   0   0   0   0   0   0  46   0   0   0   0  0.63 0.28
   28 L    -4  -5  -6  -6  -3  -4  -5  -6  -5   2   6  -5   0   0  -5  -5  -3  -4  -3   0    0   0   0   0   0   0   0   0   0   8  86   0   0   3   0   0   0   0   0   3  1.27 0.38
   29 F    -3  -5  -5  -5  -3  -5  -5  -6  -5   5   2  -5  -1   4  -5  -4  -2  -3  -2   2    0   0   0   0   0   0   0   0   0  44  20   0   0  21   0   0   1   0   0  14  0.90 0.29
   30 Q    -2   3  -1  -1  -4   1   3  -3  -1   0   0   3  -1  -2  -3  -1   0  -4  -3  -1    1  17   2   1   0   5  25   0   1   8   9  19   1   1   0   2   4   0   0   4  0.31 0.17
   31 H    -3  -2   3  -1  -5  -1   0  -4   9  -6  -5  -2  -4  -2  -5  -2  -3  -4   3  -5    1   0  13   2   0   1   6   0  61   0   0   1   0   1   0   3   1   0   9   0  1.63 0.45
   32 E    -3  -2  -1  -1  -5   0   5   4  -1  -6  -5   1  -4  -5  -4  -2  -3  -5  -4  -5    0   1   2   1   0   2  52  34   1   0   0   7   0   0   0   1   0   0   0   0  1.04 0.35
   33 L    -1   5  -2  -3  -4   2  -1  -3   0  -1  -2   3  -1  -4  -3   1  -1  -4  -3  -2    3  40   0   0   0  10   2   1   2   4   2  21   1   0   0  10   2   0   0   3  0.63 0.25
   34 I    -4  -6  -6  -6  -4  -5  -6  -7  -6   8   0  -5   0  -3  -6  -5  -3  -5  -4   1    0   0   0   0   0   0   0   0   0  90   3   0   1   0   0   0   0   0   0   6  1.78 0.48
   35 K    -2   0  -1  -2  -3   1   3  -3  -2   0  -2   2  -1  -1  -3  -1   2  -4  -3   1    0   4   2   0   0   4  27   0   1   6   0  18   2   2   0   2  18   0   0  12  0.34 0.20
   36 T    -1  -4  -3  -4  -4  -3  -4  -4  -4  -1  -4  -3  -3  -5  -4   0   7  -5  -4  -2    4   0   0   0   0   0   0   0   0   2   0   0   0   0   0   5  86   0   0   1  1.62 0.51
   37 T    -3  -4  -3  -4  -4  -4  -4  -2  -5  -4  -4  -4  -4  -5  -1   0   8  -5  -5  -3    0   0   0   0   0   0   0   3   0   0   0   0   0   0   2   4  91   0   0   0  1.79 0.54
   38 L    -2  -2  -3  -1  -3   0   3  -4  -1   0   3   1  -1  -2  -3  -2   0   3  -2   1    0   1   0   2   0   2  24   1   2   3  33   9   0   0   0   0   6   5   0  14  0.32 0.19
   39 P     4  -3  -3  -2  -3  -1  -1  -3  -2  -2  -3  -1  -3  -3   5   0   1  -4  -1  -2   40   0   0   1   0   2   3   0   1   1   0   2   0   1  29   4  12   0   2   2  0.72 0.27
   40 K    -4   5  -3  -4  -6  -1  -2  -4  -3  -6  -5   7  -4  -6  -4  -3  -3  -6  -4  -5    0  28   0   0   0   0   0   0   0   0   0  72   0   0   0   0   0   0   0   0  1.64 0.47
   41 A     6  -4  -4  -5   0  -3  -4  -2  -4  -3  -2  -3  -3  -5  -4  -1  -3  -5  -4  -1   90   0   0   0   2   0   0   1   0   0   4   0   0   0   0   0   0   0   0   4  1.42 0.46
   42 K    -3   1  -3   0  -6  -1  -2  -4  -3  -5  -5   7  -2  -4  -4  -2  -3  -6  -4  -5    1   3   0   4   0   0   0   0   0   0   0  88   1   1   0   2   0   0   0   0  1.66 0.49
   43 E     2   0  -2   0  -5  -1   6  -4  -3  -3  -4  -2  -4  -4  -3  -1  -2  -5  -4  -2   19   5   1   3   0   0  64   0   0   1   1   0   0   1   0   2   1   0   0   3  0.98 0.36
   44 L    -1  -4  -5  -5  -3  -4  -4  -4  -4   1   4  -4   2  -1  -4  -3  -1  -4  -3   3    5   0   0   0   0   0   0   1   0   6  57   0   5   1   0   1   4   0   0  20  0.71 0.26
   45 R    -3   7  -2  -4  -2   2  -2  -4  -3  -5  -5   3  -4  -5  -3  -2  -3  -5  -4  -4    1  72   0   0   1   8   0   0   0   0   0  13   0   0   1   2   1   0   0   1  1.49 0.43
   46 K    -1   4  -1  -1  -4  -1  -1   0  -2  -2  -4   2  -3  -4   4   2  -1  -5  -4  -3    2  26   3   2   0   1   2   8   0   2   0  12   0   0  21  19   1   0   0   1  0.54 0.22
   47 V    -2  -2  -3  -4  -2  -2  -1  -4   2   2   0  -2   0   3  -4  -2  -1   0   5   2    1   1   0   0   0   1   5   0   7  11   7   1   2  14   0   1   4   1  25  20  0.44 0.20
   48 V     4  -4  -4  -4  -1  -3  -4  -3  -4   2  -1  -3   0   0  -4  -2  -1  -4  -2   4   40   0   0   0   1   0   0   0   0  11   3   0   2   4   0   1   2   0   1  37  0.61 0.27
   49 E    -4  -3  -3   3  -7  -1   7  -5  -3  -6  -6  -2  -5  -6  -4  -3  -4  -6  -5  -5    0   0   0  17   0   0  83   0   0   0   0   0   0   0   0   0   0   0   0   0  1.80 0.51
   50 P    -3   3  -2  -3  -5   0  -1  -4   1  -5  -5   6  -4  -5   4  -2  -3  -2  -4  -4    1  15   0   0   0   2   1   0   3   0   0  58   0   0  18   1   0   1   0   0  1.12 0.37
   51 L    -3  -4  -5  -6  -1  -4  -5  -6  -5   2   5  -4   6  -1  -5  -4  -3  -4  -3   0    1   0   0   0   1   0   0   0   0   9  62   0  24   1   0   0   0   0   0   3  1.12 0.35
   52 I    -3  -5  -6  -6  -4  -5  -6  -6  -6   7   0  -5   1  -3  -5  -5  -2  -5  -4   3    0   0   0   0   0   0   0   0   0  77   3   0   2   0   0   0   2   0   0  16  1.46 0.42
   53 T    -3  -4  -2   0  -4  -3  -3  -3  -2  -4  -4  -3  -4  -5  -4   0   7  -5  -4  -3    0   0   1   4   0   0   1   1   1   0   0   0   0   0   0   5  88   0   0   0  1.66 0.52
   54 L    -2   1  -3  -4  -2  -2  -3  -4  -1   0   4   2   0   0  -4  -3  -2   1   1   0    1   8   1   0   0   1   0   0   2   4  51  17   1   2   0   0   1   2   4   4  0.44 0.22
   55 A     6  -4  -3  -4  -1  -3  -3   3  -4  -4  -4  -3  -3  -5  -3   0  -1  -5  -4  -3   68   0   0   0   1   0   0  22   0   0   0   0   0   0   0   6   3   0   0   0  1.06 0.37
   56 K    -3   2  -3  -3  -6  -1  -2  -4  -3  -3  -3   7  -4  -6  -4  -2  -3  -6  -4  -3    1  10   0   0   0   1   0   1   0   1   2  82   0   0   0   1   0   0   0   1  1.52 0.46
   57 K    -1   4   1   0  -4   0   1  -2  -1  -1  -1   3  -2  -4  -2   0   0  -4  -3   0    3  23   5   5   0   2  10   1   1   3   5  26   0   0   1   5   4   0   0   7  0.33 0.16
   58 D     0  -3   2   4  -5  -2  -1   5  -3  -5  -5  -2  -4  -5  -1  -1  -3  -5  -5  -5    7   1  10  25   0   1   3  49   0   0   0   2   0   0   2   1   0   0   0   0  0.90 0.29
   59 T    -2  -3   1   5  -4  -3  -1  -1  -3  -3  -3  -1  -4  -5  -2   3   4  -5  -3  -4    1   0   5  38   0   0   1   3   0   1   2   2   0   0   1  20  26   0   1   0  0.78 0.34
   60 V    -3  -3  -3  -3  -3  -3  -4  -5  -3   0   4  -4   0   1  -2  -2   1  -4  -3   3    0   1   1   1   0   0   0   0   0   3  54   0   0   5   2   3   8   0   0  22  0.64 0.28
   61 A     4  -3   2  -3   0  -1  -3  -2   8  -5  -4  -2  -4  -4  -4   0  -2  -5  -1  -4   36   1  10   0   2   2   0   1  39   0   1   1   0   0   0   5   2   0   1   0  1.10 0.41
   62 N     3  -3   4  -1  -3  -2   0   0   1  -4  -2  -1  -3  -4  -3   2  -1  -5  -3  -2   35   0  23   3   0   0   4   5   3   0   4   2   0   0   0  17   3   0   0   1  0.50 0.26
   63 R    -4   8  -1  -4  -6   1  -2  -4   2  -4  -5   0  -2  -5  -5  -3  -2  -5  -3  -4    0  78   2   0   0   4   1   1   5   1   0   3   1   0   0   0   2   0   0   1  1.68 0.52
   64 R    -3   8  -4  -5  -6  -1  -3  -5  -3  -6  -5   0  -5  -6  -5  -2  -4  -6  -3  -6    2  91   0   0   0   1   0   0   0   0   0   2   0   0   0   2   0   0   1   0  2.21 0.62
   65 L    -1   1  -1  -3  -4   4   1  -4   0  -1   3   0   2  -2  -4  -2  -2  -1  -1  -1    6   8   3   0   0  27   8   0   2   2  29   3   5   1   0   1   0   1   2   3  0.37 0.23
   66 A     5  -4  -4  -4  -2  -4  -4  -2  -3   1   0  -4  -2  -4  -4  -2  -2  -5  -3   3   55   0   0   0   1   0   0   1   1   8   7   0   0   0   0   1   0   0   1  25  0.80 0.35
   67 F     1  -3  -1  -1  -3  -2  -3  -3  -1   1   2  -3   2   5  -4  -2  -2  -1   2  -1   14   0   4   4   0   2   1   0   1   6  22   1   5  28   0   2   1   1   5   3  0.36 0.19
   68 A     3   1  -1   0  -3  -1  -1   1  -3  -3  -3   2  -3  -1  -3   3  -1  -4  -3  -2   33   6   2   4   0   2   2   8   0   0   1  14   0   3   0  22   2   0   0   3  0.36 0.22
   69 R    -1   3  -2  -1  -3   0   0  -4   1  -1  -2   1  -2   2  -3  -2  -1   4   4   0    4  21   1   3   0   4   6   0   4   3   2   9   1  10   0   1   3   5  17   7  0.33 0.18
   70 L    -3  -4  -5  -5  -3  -4  -3  -6  -5   4   4  -4   1   0  -5  -3   0  -4  -3   2    0   0   0   0   0   0   2   0   0  26  50   0   3   3   0   1   5   0   0  11  0.80 0.30
   71 R    -2   5  -1  -3  -3   2  -1   0   1  -3  -2   2  -1  -1  -1  -2   0  -1   2  -3    2  34   2   0   1   9   3   8   4   1   2  11   1   2   3   1   6   1   8   0  0.42 0.22
   72 D    -3  -3   4   6  -4  -2   2  -3  -2  -5  -6  -1  -5  -6  -4   0  -2  -6  -5  -5    1   0  17  56   0   0  11   1   1   1   0   3   0   0   0   6   2   0   0   0  1.19 0.40
   73 R    -2   3   1   0  -5   1   1  -3   1  -2  -3   5  -3  -4  -1  -2  -1  -5  -2  -1    1  17   5   4   0   4  10   1   3   2   1  40   0   0   2   1   3   0   1   4  0.56 0.26
   74 D     0   0   0   4  -4   1   3  -1  -2  -3  -3   1  -3  -3  -2   0   0  -4  -2  -2    8   4   2  25   0   7  23   3   0   1   1  10   0   1   0   6   6   0   1   2  0.41 0.19
   75 M     2  -3  -3  -3  -2  -1  -2  -3  -3   2   2  -3   1  -2  -3  -1  -1  -2  -2   3   26   0   1   1   0   3   2   1   0  12  20   1   3   0   1   4   3   0   0  24  0.32 0.18
   76 V     0  -5  -5  -5  -3  -4  -4  -5  -5   2   1  -4   0  -3  -5  -3   0  -5  -2   6    6   0   0   0   0   0   0   0   0  10  10   0   2   0   0   1   5   0   1  65  1.00 0.35
   77 T     0   1   1  -1  -4   2  -1   0   4  -3  -3   2  -3  -3   0  -1   2  -4  -1  -1    9   7   8   3   0   8   2   6  13   1   0  19   0   1   4   2  13   0   1   4  0.27 0.16
   78 K    -1   1  -1  -3  -5  -1   0  -4   1  -3  -4   6  -2  -4  -4  -2  -1  -5  -1  -3    4   6   2   1   0   1   4   0   3   1   1  68   1   0   0   2   3   0   2   1  1.06 0.38
   79 L    -4  -5  -6  -7  -4  -5  -6  -7  -6   1   6  -5  -1  -2  -6  -5  -4  -5  -4   0    0   0   0   0   0   0   0   0   0   4  90   0   0   0   0   0   0   0   0   6  1.58 0.46
   80 F    -5  -6  -6  -7  -2  -6  -6  -6  -5  -1  -1  -5   0   9  -7  -5  -4  -2   0  -1    0   0   0   0   1   0   0   0   0   3   2   0   2  85   0   0   1   0   1   4  2.20 0.56
   81 T     0  -1   3   4  -4   0   2  -1  -2  -4  -4   1  -3  -5  -3   1   2  -5  -4  -3    7   2  14  27   0   3  13   3   0   0   0   8   0   0   0   8  13   0   0   1  0.49 0.21
   82 E    -2  -2  -1   3  -5   0   5  -4  -3  -1  -3   0  -3  -4  -3  -2   1  -5  -4   2    2   0   3  16   0   3  43   0   0   2   0   6   0   0   0   1   8   0   0  15  0.65 0.28
   83 L    -1  -5  -5  -5  -3  -4  -5  -5  -5   5   4  -5   0  -2  -5  -4  -2  -4  -2   2    6   0   0   0   0   0   0   0   0  39  38   0   0   1   0   0   1   0   1  14  0.89 0.30
   84 G     5  -3  -3  -4  -3  -1  -3   3  -4  -3  -4  -2  -4  -5   0   0  -3  -5  -3  -1   54   1   0   0   0   3   0  26   0   0   0   1   0   0   3   6   0   0   1   5  0.84 0.33
   85 P    -1  -3  -2  -1  -5  -2   1  -3  -4  -4  -5   0  -5  -6   7  -1  -1  -6  -5  -3    4   1   1   3   0   1   8   2   0   0   1   6   0   0  64   5   3   0   0   2  1.55 0.43
   86 R    -2   7  -2  -3  -3   0  -2  -5   0  -4  -2   3  -4  -3  -4  -3  -3  -5  -3  -4    2  62   1   1   1   2   1   0   2   1   4  19   0   1   0   0   1   0   0   1  1.22 0.40
   87 Y    -5  -5  -4  -6  -3  -5  -5  -6  -1  -1  -2  -5   0   5  -6  -4  -5  -1   8  -2    0   0   0   0   1   0   0   0   1   3   2   0   2  25   0   0   0   0  63   3  1.93 0.52
   88 N     3  -1  -1  -1  -3   2   1   1  -2  -2  -2   2  -2  -3  -3   0   0  -4  -2  -1   31   2   2   1   0   9  10  13   0   1   4  16   0   1   0   3   4   0   1   4  0.28 0.17
   89 A    -1  -2   2   5  -5   0   3   1  -3  -5  -5   0  -4  -5  -3   1   0  -5  -4  -4    4   1   8  31   0   3  22  13   0   0   0   4   0   0   0   8   6   0   0   0  0.62 0.24
   90 R    -5   8  -4  -5  -2   1  -3  -4  -3  -6  -5   0  -5  -6  -5  -4  -3  -6  -5  -2    0  89   0   0   1   4   0   1   0   0   0   2   0   0   0   0   1   0   0   3  2.12 0.58
   91 P    -1  -1   5  -1  -5   3   0  -3   0  -4  -4   0  -4  -4   5  -1   0  -5  -4  -4    3   2  34   2   0  13   4   1   1   0   1   5   0   1  26   3   4   0   0   1  0.83 0.31
   92 G    -3  -6  -4  -5  -1  -5  -5   7  -5  -7  -7  -5  -6  -6  -5  -2  -5  -6  -6  -4    0   0   0   0   1   0   0  96   0   0   0   0   0   0   0   1   0   0   0   2  2.24 0.56
   93 G    -3  -3  -2  -4  -6  -5  -5   7  -5  -7  -7  -5  -6  -6  -5  -3  -5  -6  -6  -7    0   2   2   0   0   0   0  97   0   0   0   0   0   0   0   0   0   0   0   0  2.30 0.57
   94 Y    -6  -6  -6  -7  -6  -5  -6  -7  -2  -5  -5  -6  -5   1  -7  -6  -5  -1  10  -5    0   0   0   0   0   0   0   0   0   0   0   0   0   2   0   0   0   0  98   0  3.18 0.75
   95 T    -3  -4  -3  -4  -1  -4  -4  -5  -5  -1   0  -4  -2  -5  -4  -1   7  -6  -5   0    0   0   0   0   1   0   0   0   0   3   7   0   1   0   0   3  81   0   0   4  1.56 0.52
   96 R    -4   8  -4  -5  -7  -2  -3  -6  -4  -7  -6  -1  -5  -6  -6  -3  -3  -6  -5  -6    1  96   0   0   0   1   0   0   0   0   0   0   0   0   0   1   1   0   0   0  2.44 0.64
   97 I    -4  -6  -6  -6  -4  -5  -6  -7  -6   7   0  -5   2  -3  -6  -5  -3  -5  -4   3    0   0   0   0   0   0   0   0   0  75   3   0   5   0   0   0   1   0   0  17  1.59 0.46
   98 L    -3  -4  -5  -5  -3  -3  -5  -5  -4   4   4  -4   3  -1  -5  -4   0  -3   2   2    0   0   0   0   0   1   0   0   0  24  42   0   6   0   0   0   5   0   7  14  0.72 0.27
   99 K    -4   4  -3  -4  -6   0  -2  -5  -2  -6  -6   7  -4  -6  -4  -3  -4  -6  -5  -5    0  17   0   0   0   3   0   0   1   0   0  79   0   0   0   0   0   0   0   0  1.77 0.52
  100 F     1  -3  -2  -4   4  -3  -3  -4  -4   2   2  -2   1  -1  -3  -1   2  -3  -1   1   14   0   2   0   9   0   0   0   0  10  27   1   4   2   0   3  19   0   1   8  0.33 0.18
  101 G     0  -1  -3  -2  -3  -2  -1   6  -4  -4  -3  -3  -2  -5   1  -2  -3  -5  -4  -1    5   3   0   1   1   1   5  65   0   1   2   0   1   0   6   1   1   0   0   6  1.01 0.33
  102 F    -2   0   2  -3  -3  -1  -2  -4  -1  -2  -1  -1  -1   5   4  -2  -1  -3   1  -2    2   5  12   0   0   3   1   0   1   2   4   3   1  29  25   2   4   0   4   2  0.59 0.25
  103 R    -5   8  -4  -5  -7  -1  -4  -6  -4  -7  -6  -1  -5  -6  -6  -4  -5  -6  -5  -6    0  99   0   0   0   1   0   0   0   0   0   0   0   0   0   0   0   0   0   0  2.58 0.66
  104 Q     0   4  -2  -2  -4   1  -1  -3   0  -2  -1   3  -2  -1   0   0  -1  -3   2  -1    8  31   1   1   0   6   2   0   2   2   6  17   0   2   5   5   2   0   9   3  0.38 0.19
  105 G    -3  -5  -3  -4  -6  -2  -5   7  -5  -7  -5  -4  -6  -6  -5  -1  -2  -6  -6  -6    0   0   1   0   0   2   0  91   0   0   1   1   0   0   0   3   2   0   0   0  2.00 0.52
  106 D    -5  -5  -2   8  -7  -4  -2  -5  -5  -7  -7  -4  -7  -7  -5  -4  -5  -8  -7  -7    0   0   0 100   0   0   0   0   0   0   0   0   0   0   0   0   0   0   0   0  2.70 0.66
  107 N     2  -1   5  -2   2  -2  -3   2  -3  -5  -4  -1  -1  -5  -4   0  -2  -5  -4  -4   23   4  38   0   4   1   0  17   0   0   1   3   2   0   0   7   0   0   0   0  0.70 0.29
  108 A     7  -4  -4  -5  -3  -4  -4  -2  -5  -4  -4  -4  -4  -5  -4   0  -1  -6  -5  -2   88   0   0   0   0   0   0   2   0   0   0   0   0   0   0   5   4   0   0   2  1.56 0.51
  109 P    -2  -2  -3  -1  -5   0   4  -4  -3  -5  -4   1  -3  -6   7  -2  -2  -6  -3  -5    3   1   0   2   0   4  25   0   0   0   1   9   1   0  48   2   2   0   1   0  1.25 0.38
  110 M    -3  -3  -5  -6  -5  -1  -4  -6  -5   0   1  -1  10  -3  -6  -4  -2  -5  -4   0    1   1   0   0   0   3   1   0   0   3   8   4  72   0   0   0   2   0   0   6  1.88 0.56
  111 A     6  -4  -4  -4   3  -4  -4  -1  -4  -3  -4  -4  -3  -5  -4   1  -2  -5  -4   1   74   0   0   0   5   0   0   2   0   0   0   0   0   0   0   7   1   0   0  11  1.17 0.42
  112 L    -3  -3  -5  -5  -3  -2  -5  -6  -4   5   1  -4   1   2  -5  -4  -2  -3   3   3    0   1   0   0   0   1   0   0   0  40  12   1   2   7   0   0   1   0  13  22  0.77 0.28
  113 V    -4  -5  -6  -6  -4  -5  -6  -6  -6   7   2  -5   0  -3  -5  -5  -3  -5  -4   2    0   0   0   0   0   0   0   0   0  68  17   0   2   0   0   0   0   0   0  13  1.41 0.42
  114 E    -3  -3  -3  -2  -7   2   7  -5  -3  -6  -6   0  -5  -6  -4  -2  -3  -6  -5  -6    1   0   0   0   0   6  86   0   0   0   0   4   0   0   0   2   1   0   0   0  1.86 0.54
  115 L    -4  -5  -6  -6  -2  -5  -6  -6  -5  -1   6  -5   0   4  -6  -5  -4   0   0  -2    0   0   0   0   1   0   0   0   0   1  75   0   1  19   0   0   0   1   2   0  1.31 0.40
  116 V    -3  -5  -5  -6  -3  -5  -5  -6  -6   2   0  -5   0  -3  -5  -4   0  -5  -4   7    0   0   0   0   0   0   0   0   0   7   6   0   1   0   0   0   5   0   0  81  1.41 0.43
  117 D    -3  -2   1   6  -5  -2   2  -1  -1  -5  -3  -1  -3  -5  -2  -2  -2  -5  -4  -4    0   2   5  62   0   0  15   4   1   0   3   3   1   0   1   1   2   0   0   0  1.07 0.30
  118 R    -1   6  -2  -2  -4   0   1  -1  -1  -4  -2   1  -3  -2  -3  -1  -2  -3   2  -3    3  54   0   0   0   2  10   4   1   0   3   7   0   1   0   4   0   0   9   0  0.71 0.22
  119 P    -1  -2   1   2  -4   0   1  -3  -1  -3  -3   1  -3  -4   6   0  -1  -4  -3  -3    4   0   6  13   0   4   6   0   1   0   2  10   0   0  44   4   3   0   0   0  0.84 0.17
  120 E     0  -1  -1   1  -3   0   4  -1  -2  -1  -2   1  -2  -3   0  -1   2  -3  -2   1    6   2   0   4   0   2  38   3   0   3   1   7   0   0   4   1  14   0   0  13  0.29 0.11
  121 I     0  -2  -1   0  -2   0  -1  -2  -2   1   1  -1   2  -1   0   0   0  -2  -1   2    9   1   2   6   0   5   1   1   0  10   9   3   8   1   4   6   7   0   2  26  0.08 0.05
  122 T     2  -1  -1   0  -2  -1   0  -1  -2  -1  -2   0   0  -2   0   1   2  -3  -1   0   27   2   1   7   0   0   5   3   0   3   1   3   2   0   3  11  19   0   2   9  0.16 0.07
  123 E     0   0   0   2  -3   2   4  -2  -1  -3  -2   2  -2  -4   0   0   0  -3  -3  -2    9   1   2   9   0   8  42   0   0   0   3  14   0   0   4   2   4   0   0   2  0.44 0.12
  124 A     3  -2   0  -1  -2   0   0   2  -2  -2  -1  -1  -2  -3   0   1   1  -3  -3  -1   45   0   3   1   0   3   5  14   0   2   5   2   0   0   3   8   7   0   0   2  0.28 0.10
  125 P     2  -1  -1  -1  -2   0   1   0  -2  -2  -2   1  -2  -3   4   0   0  -4  -3   0   26   1   2   2   0   4   8   6   0   1   0  13   0   0  19   6   5   0   0   7  0.31 0.08
  126 A     3  -1  -1   0  -2   0   0   0  -2  -2  -2   0  -2  -3  -1   2   1  -4  -3   0   46   2   1   4   0   4   5   4   0   1   0   6   0   0   1  14   6   0   0   6  0.29 0.11
  127 E    -1  -1   0   3  -4   2   4  -2   1  -3  -3   1  -3  -4  -2   0  -1  -4  -3  -2    4   0   1  21   0   9  41   2   3   0   0   8   0   0   0   4   3   0   0   4  0.53 0.13
  128 E     0   1   0   2  -4   2   4  -1  -1  -4  -3   2  -2  -4  -2   0  -1  -4  -3  -3   11   6   2   9   0  11  39   3   0   0   0  12   0   0   0   5   0   0   0   1  0.46 0.11
  129 A     3  -1   0  -1  -2  -1  -1   2  -2  -3  -3   2  -2  -3  -2   2   0  -4  -3  -1   46   0   4   1   0   0   1  12   0   0   0  15   0   0   0  16   3   0   0   2  0.36 0.11
  130 A     5  -1  -2  -2  -1  -1  -2   1  -2  -2  -2  -1  -2  -3  -2   1  -1  -3  -3   0   73   2   0   0   0   0   0   7   0   0   0   2   0   0   0   9   0   0   0   7  0.50 0.12
  131 E    -2   0  -1   2  -4   1   5  -3  -1  -4  -4   3  -3  -4  -2  -1  -1  -4  -3  -3    0   0   0   7   0   0  63   0   0   0   0  31   0   0   0   0   0   0   0   0  0.74 0.11

                      K         Lambda
Standard Ungapped    0.1349     0.3213
Standard Gapped      0.0410     0.2670
PSI Ungapped         0.1349     0.3213
PSI Gapped           0.0410     0.2670
