
Last position-specific scoring matrix computed, weighted observed percentages rounded down, information per position, and relative weight of gapless real matches to pseudocounts
            A   R   N   D   C   Q   E   G   H   I   L   K   M   F   P   S   T   W   Y   V   A   R   N   D   C   Q   E   G   H   I   L   K   M   F   P   S   T   W   Y   V
    1 M    -1  -2  -3  -4  -2  -1  -3  -3  -2   1   2  -2   8   0  -3  -2  -1  -2  -2   0    0   0   0   0   0   0   0   0   0   0   0   0 100   0   0   0   0   0   0   0  0.75 0.09
    2 A     2  -3  -2  -3  -3  -2  -3   6  -3  -4  -4   0  -3  -4  -3   0  -2  -4  -4  -3   25   0   0   0   0   0   0  63   0   0   0   8   0   0   0   4   0   0   0   0  0.97 0.23
    3 N     3  -2   3  -1  -2   0  -1   0  -2  -1  -3  -2  -2  -3   2   1   0  -4  -3   0   35   0  20   1   0   4   3   4   0   4   0   0   0   0  10   7   3   0   0  10  0.33 0.17
    4 K    -4   8  -3  -4  -6   1  -3  -5  -3  -6  -5   2  -4  -6  -5  -4  -2  -6  -5  -5    0  87   0   0   0   4   0   0   0   0   0   7   0   0   0   0   2   0   0   0  2.04 0.59
    5 K    -2   0  -2   0  -3   0   1  -3  -3   3  -1   2  -1  -3   0  -2  -2  -4  -3   3    0   3   1   4   0   4  11   1   0  21   1  16   0   0   5   2   1   0   0  30  0.33 0.23
    6 K    -1   0   1  -3  -3   1  -2   0   0   1  -2   5  -2  -4  -3  -1   1  -5  -3   0    2   3   6   0   0   7   0   6   2  10   1  43   0   0   0   1   9   0   0   7  0.44 0.26
    7 V    -1  -3  -5  -6  -3  -5  -5  -6  -5   6  -1  -5  -1  -1  -5  -4  -2  -5  -4   4    4   2   0   0   0   0   0   0   0  57   2   0   0   2   0   0   1   0   0  33  1.20 0.42
    8 A     0  -1   0  -3  -3  -2  -3  -1  -1   3  -2   0  -2  -1  -1   1   4  -4  -3   0    7   3   3   0   0   1   0   3   1  19   2   8   0   2   2   7  39   0   0   3  0.39 0.26
    9 L    -4  -5  -6  -6  -4  -5  -6  -6  -6  -1   6  -5   1   0  -4  -5  -4  -4  -4  -2    0   0   0   0   0   0   0   0   0   1  93   0   2   3   1   0   0   0   0   0  1.59 0.52
   10 A     3   0  -1  -2  -4   0   5  -1  -3  -2  -4   0  -3  -3  -3  -1  -2  -5  -4   0   29   3   2   0   0   2  40   4   0   1   0   6   0   1   0   3   1   0   0   8  0.58 0.31
   11 C    -4  -7  -2  -6  11  -6  -7  -6  -2  -5  -5  -6  -5  -6  -6   0  -4  -6  -6  -4    0   0   2   0  89   0   0   0   1   0   0   0   0   0   0   8   0   0   0   0  3.30 0.80
   12 S    -1  -1  -1  -1  -3   0   2  -2  -3  -1  -3  -1  -3  -3  -3   2   5  -5  -4  -1    3   2   2   3   0   4  12   1   0   3   0   3   0   1   0  14  48   0   0   4  0.61 0.32
   13 E     0  -2   0   2  -3   1   5  -1   0  -2  -3  -1  -3  -4  -3   1  -1  -5  -4   0    8   0   5   9   0   4  44   3   2   2   1   2   0   0   0   9   2   0   0  10  0.53 0.27
   14 C    -1  -6  -5  -6  11  -4  -4   0  -2  -5  -4  -5  -5  -6  -3  -1   0  -6  -5  -4    4   0   0   0  74   1   1   7   1   0   0   0   0   0   2   5   6   0   0   0  2.40 0.64
   15 G    -1  -1  -1  -3  -4  -2  -2   5   0  -3  -1   4  -3  -5  -3  -1   0  -5  -4  -3    2   3   1   0   0   0   0  46   2   1   6  27   0   0   0   2   7   0   0   1  0.72 0.32
   16 S    -1   0   2   0  -3   1   1   0   1   1  -2  -1   0  -3  -3   2  -1  -4  -1   0    2   4  11   5   0   8   9   6   4   9   0   1   3   0   0  26   1   0   1   9  0.19 0.17
   17 R    -3   6  -1  -3  -5  -1  -1  -3   2  -2  -4   1  -2  -2  -4   2  -2  -5  -1  -4    1  54   1   0   0   1   3   1   6   3   0   7   1   1   0  17   1   0   2   0  0.91 0.38
   18 N    -4   4   7  -2  -5  -2  -3  -4  -1  -4  -4  -2  -4   1  -5  -2  -2  -5   2  -5    0  22  58   1   0   0   0   0   1   1   1   0   0   5   0   1   1   0   7   0  1.28 0.48
   19 Y    -5  -5  -5  -6  -6  -5  -5  -7   0  -3  -4  -5  -4   0  -6  -5  -1  -1  10  -5    0   0   0   0   0   0   0   0   1   1   0   0   0   1   0   0   4   0  93   0  2.80 0.75
   20 T    -2  -3   0  -3  -3  -3  -3  -3   0   3   0  -1  -1  -2  -3   1   4  -4   1   0    1   0   4   0   0   0   0   0   2  20   7   3   1   1   0  11  38   0   6   5  0.45 0.27
   21 I    -2  -4  -3  -4  -4  -3  -4  -4  -4  -1  -2  -1  -1  -3  -4   0   7  -5  -2   0    1   0   0   0   0   0   0   0   0   4   3   3   1   1   0   6  74   0   1   7  1.23 0.48
   22 T    -1   1   0   0  -3   2   0  -2  -2  -3  -3   2   1  -3  -1   1   3  -2  -2  -3    4   6   4   4   0  12   4   1   0   1   0  16   5   1   3  10  28   0   1   0  0.34 0.21
   23 E    -2   1   1  -3  -5  -1  -1  -4  -3  -4  -3   7  -4  -5  -4  -2  -2   2  -4  -3    3   5   7   0   0   0   2   0   0   1   2  73   0   0   0   1   1   3   0   2  1.23 0.45
   24 N    -2   0   7  -1  -5   0  -2  -2  -2  -6  -6   0  -4  -6  -4   1  -1  -6  -5  -5    3   4  68   1   0   3   1   1   0   0   0   5   0   0   0  11   2   0   0   0  1.37 0.47
   25 P    -3   5  -3  -3  -5  -1  -1  -3  -3  -5  -4   6  -2  -5   0  -1  -2  -5  -4  -5    1  30   0   0   0   1   2   1   0   0   1  53   1   0   5   4   1   0   0   0  1.11 0.41
   26 N    -3   1   6   0  -5   1  -2  -1  -1  -5  -4   2  -2  -5  -4   0   1  -5  -4  -4    1   6  53   4   0   6   0   3   0   0   1  12   1   0   0   4   8   0   0   1  0.94 0.37
   27 R    -1   1   2   1  -3   0  -1  -2   3  -2  -2   0  -2  -4  -1   0   4  -4  -2  -1    4   6  11   8   0   4   1   1   9   1   2   7   1   0   2   3  38   0   0   3  0.42 0.25
   28 T    -1  -2  -3  -2  -4  -1  -1  -3  -4  -3  -2   0  -2  -5   7  -1   3  -5  -4  -1    4   1   0   1   0   3   3   2   0   1   4   7   1   0  50   2  19   0   0   3  1.09 0.37
   29 E    -2  -2   2   3  -4   1   4   0  -1  -2  -4  -1  -3  -3  -2   0   1  -5  -4  -4    2   1  11  20   0   4  34   6   1   2   0   1   0   1   1   6   8   0   0   0  0.55 0.25
   30 R    -4   7  -3  -4  -6  -1  -1  -5  -3  -6  -5   4  -4  -6  -3  -3  -4  -5  -4  -5    0  70   0   0   0   1   2   0   0   0   0  24   0   0   1   0   0   0   0   0  1.68 0.52
   31 L    -4  -5  -6  -6  -4  -4  -5  -6  -5   3   5  -5   3  -1  -5  -4  -3  -4  -3   0    0   0   0   0   0   0   0   0   0  13  73   0   7   2   0   1   0   0   0   5  1.16 0.40
   32 E    -2  -1  -3  -1  -5   0   7  -5  -3  -1  -4  -1  -2  -5  -4   0   0  -5  -4  -2    2   2   0   1   0   2  73   0   0   4   0   1   1   0   0   6   5   0   0   3  1.22 0.46
   33 V    -2  -4  -5  -5  -3  -4  -5  -5  -5   2   5  -3   3   1  -5  -4  -2  -4  -3   2    2   0   0   0   0   0   0   0   0  13  58   1   7   5   0   1   1   0   0  13  0.81 0.31
   34 Q    -3   2   3  -3  -5   0  -1  -4  -3  -3  -4   6   1  -5  -2  -1  -2  -5  -4  -4    1  11  17   0   0   2   1   0   0   1   1  57   5   0   1   4   1   0   0   0  1.00 0.40
   35 K    -4   0  -3  -4  -6  -2  -2  -5  -4  -6  -6   8  -5  -6  -4  -3  -4  -6  -5  -6    0   2   0   0   0   0   0   0   0   0   0  98   0   0   0   0   0   0   0   0  2.19 0.66
   36 F    -5  -5  -5  -6  -5  -5  -6  -6   1  -4  -3  -5  -3   7  -6  -5  -5  -1   7  -4    0   0   0   0   0   0   0   0   2   0   0   0   0  52   0   0   0   0  46   0  2.16 0.60
   37 C    -4  -6   1   1  11  -5  -6  -5  -6  -5  -5  -6  -5  -6  -6  -1  -4  -6  -6  -4    0   0   7   8  80   0   0   0   0   0   0   0   0   0   0   4   0   0   0   0  2.81 0.70
   38 K    -2   1  -2  -4  -3  -1  -3  -4  -1  -5  -5   3  -4  -4   7   0  -2  -6  -5  -5    1   8   1   0   0   1   0   0   1   0   0  21   0   1  55   9   1   0   0   0  1.44 0.45
   39 Y    -2   2   1  -3  -3   0  -2  -3   4  -1  -2   2  -1   2  -3  -1   0   1   3   0    2  15   8   0   0   4   0   0  13   2   1  13   1   9   0   2   7   2  13   8  0.31 0.19
   40 C    -2  -6  -5  -2  10  -5  -1  -5  -6  -3   1  -5  -2  -5  -6  -3  -2  -5  -5  -1    2   0   0   3  69   0   4   0   0   1  14   0   1   0   0   1   2   0   0   4  2.12 0.58
   41 G    -3   4   5  -2  -3   0  -2   1   1  -5  -4   2  -4  -3  -4  -1  -2  -4   1  -4    0  24  32   0   1   3   0  13   3   0   1  15   0   0   0   2   0   0   6   0  0.69 0.31
   42 K    -1   2  -2  -3  -5   2   0  -2  -1  -4  -4   6  -2  -5  -3   0  -1  -5  -4  -4    4  10   0   0   0  10   2   2   1   1   0  60   1   0   0   5   3   0   0   1  0.97 0.39
   43 H    -3   0  -3  -4  -6  -1  -3  -5  10  -5  -5   0   0  -4  -4  -2  -3  -5   2  -1    1   4   0   0   0   2   0   0  70   0   0   6   2   0   0   3   1   0   5   6  1.93 0.57
   44 T    -2  -3  -3  -4  -2  -1  -2  -4  -4  -2  -4  -2  -1  -5  -4  -1   7  -5  -4   1    2   1   0   0   1   2   2   0   0   0   0   2   1   0   0   1  77   0   0  11  1.38 0.52
   45 L    -1  -3  -3  -3  -3  -2  -2  -4  -4   3   3  -1   1  -1  -3  -2   0   0  -3   2    5   0   1   1   0   1   2   0   0  24  32   5   3   1   1   1   4   1   0  18  0.40 0.20
   46 H    -5  -4  -3  -5  -2  -3  -4  -6  11  -6  -6  -4  -5   1  -6  -4  -5  -5   3  -6    0   0   0   0   1   0   0   0  85   0   0   0   0   6   0   0   0   0   8   0  2.88 0.74
   47 R    -1   4  -2  -2  -5   0  -2   0  -2  -3  -2   5  -3  -5  -4  -2  -1  -5  -4  -2    3  25   1   2   0   3   0   6   1   1   5  48   0   0   0   2   2   0   0   2  0.77 0.33
   48 E    -4  -3  -3   0  -7   0   8  -5  -3  -6  -6  -2  -5  -7  -4  -3  -4  -6  -5  -6    0   0   0   3   0   2  95   0   0   0   0   0   0   0   0   0   0   0   0   0  2.14 0.65
   49 T    -1  -2  -3  -3  -3  -3  -1  -2  -4   4  -2  -1   0  -3  -3   1   5  -4  -3   0    3   1   0   0   0   0   3   3   0  27   1   4   2   0   0  11  40   0   0   5  0.57 0.30
   50 K    -4   3  -3  -4  -6  -1  -2  -4  -3  -6  -5   7  -4  -6  -4  -3  -3  -6  -5  -5    0  15   0   0   0   0   0   0   0   0   0  85   0   0   0   0   0   0   0   0  1.81 0.55

                      K         Lambda
Standard Ungapped    0.1277     0.3171
Standard Gapped      0.0546     0.2670
PSI Ungapped         0.1782     0.3166
PSI Gapped           0.0546     0.2670
