
Last position-specific scoring matrix computed, weighted observed percentages rounded down, information per position, and relative weight of gapless real matches to pseudocounts
            A   R   N   D   C   Q   E   G   H   I   L   K   M   F   P   S   T   W   Y   V   A   R   N   D   C   Q   E   G   H   I   L   K   M   F   P   S   T   W   Y   V
    1 M    -3  -3  -4  -5  -3  -2  -4  -5  -3   0   1  -3  10  -2  -4  -3  -2  -3  -3  -1    0   0   0   0   0   0   0   0   0   0   2   0  98   0   0   0   0   0   0   0  1.84 0.34
    2 K    -2   1  -2  -2  -5   1  -1  -3  -2  -4  -3   7  -3  -2  -3  -2  -2  -1  -3  -4    0   2   0   0   0   5   0   0   0   0   2  89   0   2   0   0   0   1   0   0  1.15 0.27
    3 R    -3   7  -2  -3  -5   0  -2  -3  -2  -4  -3   1   1  -4   0  -2  -3  -4  -3  -4    0  86   0   0   0   1   0   2   0   0   0   1   4   0   6   0   0   0   0   0  1.32 0.27
    4 T    -2  -3  -1  -3  -3  -2  -3  -3  -3  -2  -3  -2  -2  -4  -3   0   7  -4  -3  -2    0   0   1   0   0   0   0   0   0   0   0   0   0   0   0   2  97   0   0   0  1.43 0.33
    5 Y    -3  -4  -4  -5  -4  -4  -4  -5  -1  -2   1  -4  -2   6  -5  -4  -3   2   7  -2    0   0   0   0   0   0   0   0   0   0  12   0   0  35   0   0   0   2  51   0  1.31 0.27
    6 Q    -3   0  -1  -2  -5   8   1  -1   0  -5  -4  -1  -2  -5  -3  -2  -3  -4  -3  -4    0   3   1   0   0  85   3   6   2   0   0   0   0   0   0   0   0   0   0   0  1.46 0.35
    7 P    -2  -4  -4  -3  -5  -3  -3   1  -4  -5  -5  -3  -4  -6   8  -3  -3  -6  -5  -4    2   0   0   0   0   0   0  10   0   0   0   0   0   0  88   0   0   0   0   0  2.34 0.38
    8 S    -1  -1   3  -1  -3  -1  -1  -2   2  -4  -4   1   0  -4  -2   4   1  -4  -3  -3    0   1  15   0   0   0   0   0   7   0   0  11   3   0   0  55   8   0   0   0  0.61 0.23
    9 R    -2   2   4  -1  -2   0   0  -2  -1  -2  -3   4  -2  -4  -3  -1   0  -4  -3   0    0  10  31   0   1   1   3   1   0   2   1  36   0   0   0   2   4   0   0   9  0.49 0.18
   10 V    -2   4  -2  -3  -3  -1  -2  -4  -1   2   2   1  -1  -2  -3  -2   0  -3  -2   1    1  39   0   0   0   1   0   0   1  14  23   5   0   0   0   0   9   0   0   7  0.39 0.16
   11 K    -2   4  -2  -2  -4   1  -1  -3   1  -2  -3   5  -2  -4   0   0  -2  -4  -3   0    0  21   0   0   0   3   0   0   3   1   0  54   0   0   3   5   0   0   0   9  0.68 0.22
   12 R    -3   7  -2  -3  -5   0  -2  -4   1  -5  -3   1  -3  -4  -4  -2  -3  -4  -3  -4    0  86   0   0   0   3   0   0   3   0   3   4   0   0   0   1   0   0   0   0  1.47 0.34
   13 N     1   1   1  -2  -3   0  -1  -2   0   0  -2   4  -2  -3  -2   0  -1  -4  -3  -1   18   5   7   0   0   2   1   0   2   6   1  48   0   0   0   4   1   0   0   4  0.41 0.17
   14 R    -3   6   2  -2  -5  -1  -1  -3  -1  -4  -4   3  -1  -4  -3  -1  -2  -4  -3  -4    0  69  13   0   0   0   0   0   1   0   0  14   1   0   0   2   1   0   0   0  1.13 0.28
   15 K    -1   2  -1  -1  -3  -1   0  -3  -2  -1  -2   2  -2  -3  -2   1   4  -4  -3   1    2  13   2   1   0   0   4   0   0   1   1  19   0   0   0   7  35   0   0  16  0.34 0.16
   16 F    -3  -2  -1  -3  -2  -2  -2  -4   9  -2  -3  -3  -3   0  -4   1  -3  -4   0  -3    0   0   0   0   1   0   0   0  78   3   1   0   0   5   0  10   0   0   0   2  1.74 0.38
   17 G    -2  -4  -2  -3  -4  -4  -4   7  -4  -6  -6  -3  -5  -5  -4  -2  -3  -4  -5  -5    0   0   0   0   0   0   0 100   0   0   0   0   0   0   0   0   0   0   0   0  1.92 0.36
   18 F    -4  -5  -5  -6  -4  -5  -5  -5  -3  -2  -2  -5  -2   8  -6  -4  -4   4   2  -3    0   0   0   0   0   0   0   0   0   0   0   0   0  91   0   0   0   6   2   0  1.98 0.39
   19 R    -3   7  -1  -3  -5  -1  -2  -4  -2  -2   0   0   0  -4  -4  -3  -3  -4  -3  -2    0  78   3   0   0   0   0   0   0   2  13   0   2   0   0   0   0   0   0   2  1.17 0.30
   20 A     4   0  -1  -2  -2  -1  -1  -2  -2  -1   0   1  -1  -3  -2   1   0  -4  -3   1   48   5   1   0   0   2   2   0   1   1   7   9   0   0   0   9   4   0   0  11  0.29 0.14
   21 R    -3   8  -2  -4  -5  -1  -2  -4  -2  -5  -3   0  -3  -5  -4  -3  -3  -5  -4  -4    0  98   0   0   0   0   0   0   0   0   2   0   0   0   0   0   0   0   0   0  1.83 0.39
   22 M    -2  -3  -3  -5  -3  -2  -4  -5  -4   0   1  -2   9  -2  -4  -2  -2  -4  -3  -1    2   0   1   0   0   1   0   0   0   2   4   1  86   0   0   2   1   0   0   0  1.71 0.42
   23 K     3   3  -1  -1  -2   0   0  -1  -2  -3  -3   2  -2  -4  -2   3  -1  -4  -3  -2   31  18   0   1   0   2   2   1   0   0   0  17   0   0   0  27   0   0   0   0  0.45 0.17
   24 T    -2  -2  -1  -3  -3  -2  -3  -3  -3  -3  -3  -2  -3  -4  -3   1   7  -4  -3  -2    0   1   2   0   0   0   0   0   0   0   0   1   0   0   0   6  90   0   0   0  1.33 0.36
   25 K     1   3  -2  -2  -3   0  -1  -2   0  -2  -2   4  -2  -4   3   0   0  -4  -3  -1   12  15   0   0   0   1   0   0   2   2   1  39   0   0  13   6   3   0   0   6  0.43 0.15
   26 G     1  -2   4   0  -2   0  -1   3  -1  -4  -3  -1  -2  -4  -3   1   0  -2  -3  -3   13   0  34   3   1   3   3  24   0   0   1   1   1   0   0  13   4   1   0   0  0.48 0.16
   27 G    -2  -4  -2  -3  -4  -4  -4   7  -4  -6  -6  -3  -5  -5  -4  -2  -3  -4  -5  -5    0   0   0   0   0   0   0 100   0   0   0   0   0   0   0   0   0   0   0   0  1.92 0.36
   28 R    -3   7  -2  -3  -2   0  -2  -4  -2  -4  -4   1  -3  -5  -4  -2  -3  -5  -3  -2    1  89   0   0   1   3   0   0   0   0   0   2   0   0   0   2   0   0   0   4  1.51 0.35
   29 L     2   3   1  -1  -3   2   0  -2  -1  -3  -2   4  -2  -4  -2   0  -1  -4  -2  -3   20  17   9   1   0   7   2   0   1   0   4  35   0   0   0   3   0   0   1   0  0.41 0.15
   30 I    -2  -4  -4  -5  -2  -4  -4  -5  -5   4   0  -4   0  -2  -4  -3  -1  -4  -3   5    0   0   0   0   0   0   0   0   0  29   4   0   0   0   0   0   2   0   0  66  0.93 0.25
   31 L    -3  -4  -5  -5  -3  -4  -4  -5  -4   4   4  -4   1  -1  -4  -4  -2  -3  -2   1    0   0   0   0   0   0   0   0   0  35  59   0   0   0   0   0   0   0   0   6  0.83 0.22
   32 A     2   2   2  -2  -2   0  -1  -1  -2  -3  -1   2   0  -3  -2   2  -1  -4  -3  -2   30  11  15   0   0   2   0   0   0   0   4  17   3   0   0  16   1   0   0   0  0.30 0.14
   33 R     3   5   1  -2  -2   0  -1  -1  -1  -3  -3   1  -2  -4  -3   0  -1  -4  -3  -3   32  43   7   1   1   1   1   2   1   0   1   3   0   0   0   6   1   0   0   0  0.56 0.19
   34 R    -3   8  -2  -4  -6  -1  -2  -4  -2  -5  -4   0  -3  -5  -4  -3  -3  -5  -4  -5    0 100   0   0   0   0   0   0   0   0   0   0   0   0   0   0   0   0   0   0  1.97 0.40
   35 R    -3   7  -2  -4  -5  -1  -2  -4  -2  -2  -3   1   1  -4  -4  -3  -3  -5  -4  -4    0  90   0   0   0   0   0   0   0   3   0   2   4   0   0   0   0   0   0   0  1.61 0.36
   36 A     4   2  -1  -2  -2   1  -1  -1   0  -2   0   0  -1  -2  -2   1  -1  -3  -2  -2   46  17   1   0   0   6   0   1   2   0   9   5   1   1   0   9   1   0   0   1  0.34 0.15
   37 K    -3   2  -2  -2  -5   0  -1  -3   1  -4  -3   7  -3  -5  -3  -2  -2  -5  -3  -4    0   7   0   0   0   2   0   0   3   0   2  85   0   0   0   0   1   0   0   0  1.24 0.32
   38 G    -2  -4  -1  -3  -4  -3  -4   7  -4  -5  -4  -2  -4  -3  -4  -2  -3  -4  -5  -5    0   0   3   0   0   1   0  93   0   0   1   1   0   1   0   0   0   0   0   0  1.66 0.32
   39 R    -3   8  -3  -4   1  -1  -2  -4  -2  -5  -4   0  -3  -5  -4  -3  -3  -5  -4  -5    0  97   0   0   3   0   0   0   0   0   0   0   0   0   0   0   0   0   0   0  1.89 0.39
   40 M     0   2   0  -2  -2   0   0  -3   4  -3  -3   4  -1  -3  -3   0  -1   3  -1  -1    9   7   2   0   1   1   2   0  13   0   1  45   1   0   0   4   3   5   1   4  0.46 0.17
   41 K    -1   4   0  -2  -3   1  -1  -3  -2  -2  -3   3  -2  -2  -3   1   0  -4  -2   0    2  38   5   0   0   6   2   0   0   2   1  18   0   2   0  14   3   0   1   8  0.44 0.15
   42 L    -3  -4  -5  -5  -3  -4  -5  -6  -5   1   6  -4   0  -1  -5  -4  -3  -3  -3  -1    0   0   0   0   0   0   0   0   0   5  95   0   0   0   0   0   0   0   0   0  1.24 0.30
   43 T     1  -3  -1  -2   3  -2  -2  -2  -3  -2  -3  -2  -1  -4  -2   4   4  -4  -3  -1   12   0   0   0   8   0   0   1   0   1   0   0   2   0   0  42  31   0   0   3  0.61 0.21
   44 V     4  -3  -3  -4  -2  -3  -3  -2  -4   0  -1  -3  -1  -3  -2  -1  -1  -4  -3   4   48   0   0   0   0   0   0   0   0   1   1   0   0   0   1   0   1   0   0  48  0.61 0.19
   45 S     1   0   0  -1  -2   0  -1  -1  -2  -3  -3  -1  -2  -3  -2   5   2  -4  -3  -2    5   4   0   0   0   2   0   0   0   0   0   0   0   0   0  81   7   0   0   0  0.66 0.13
   46 D     0  -2   1   4  -1  -1   1  -2  -2   0  -2  -1  -2  -3  -2   2   0  -4  -3   0    6   0   3  36   1   0   7   0   0  13   0   0   0   0   0  28   0   0   0   5  0.31 0.06
   47 E     0   1   0   1  -3   1   4  -2  -1  -3  -3   2  -2  -3   2   0  -1  -3  -1  -3   11   7   3   6   0   3  43   0   0   0   0  14   0   0  11   0   0   0   3   0  0.43 0.05
   48 K     0   2   0  -1  -3   0   0  -1  -1  -2  -2   4  -1  -3   0   1   1  -3  -2  -1    5  10   4   0   0   0   0   4   0   0   0  50   0   0   4   8  10   0   0   6  0.28 0.03
   49 K    -1   4  -1  -1  -4   1   0  -2  -1  -3  -3   5  -2  -3  -2  -1  -1  -3  -2  -3    0  28   0   0   0   0   0   0   0   0   0  72   0   0   0   0   0   0   0   0  0.64 0.04
   50 K    -1   1  -1  -1  -3   0   0  -2  -1  -3  -3   3  -2  -4   6  -1  -1  -4  -3  -2    0   0   0   0   0   0   0   0   0   0   0  47   0   0  53   0   0   0   0   0  0.98 0.00
   51 Y    -2  -2  -2  -3  -3  -2  -2  -3   1  -1  -1  -2  -1   4  -3  -2  -2   2   6  -1    0   0   0   0   0   0   0   0   0   0   0   0   0  28   0   0   0   0  72   0  0.74 0.00

                      K         Lambda
Standard Ungapped    0.1355     0.3248
Standard Gapped      0.0530     0.2670
PSI Ungapped         0.1730     0.3174
PSI Gapped           0.0530     0.2670
