
Last position-specific scoring matrix computed, weighted observed percentages rounded down, information per position, and relative weight of gapless real matches to pseudocounts
           A  R  N  D  C  Q  E  G  H  I  L  K  M  F  P  S  T  W  Y  V   A   R   N   D   C   Q   E   G   H   I   L   K   M   F   P   S   T   W   Y   V
    1 M   -1 -2 -3 -4 -2 -1 -3 -3 -2  1  2 -2  7  0 -3 -2 -1 -2 -1  0    0   0   0   0   0   0   0   0   0   0   0   0 100   0   0   0   0   0   0   0  0.59 0.06
    2 L   -1 -2 -3 -3 -2 -2 -2 -3 -3  1  3 -2  1  1  5 -1 -1 -2 -1  0    0   0   0   0   0   0   0   0   0   4  50   0   0   6  34   6   0   0   0   0  0.53 0.02
    3 T    0 -2  0 -2 -1 -1 -1 -2 -2  0 -1 -1 -1 -2 -2  1  6 -3 -2  0    0   0   0   0   0   0   0   0   0   5   0   0   0   0   0   0  95   0   0   0  0.55 0.04
    4 I   -2 -3 -4 -4 -2 -3 -4 -4 -4  5  3 -3  1  0 -3 -3 -1 -3 -2  2    0   0   0   0   0   0   0   0   0  77  23   0   0   0   0   0   0   0   0   0  0.44 0.03
    5 T   -1 -2 -1 -2 -1 -2 -2 -3 -2  2  0 -2  0  0 -2  0  4 -3 -1  1    0   0   0   0   0   0   0   0   0  20   9   0   0   3   0   0  66   0   0   3  0.30 0.03
    6 S    1 -1  0 -1 -1  0  0 -1 -1 -3 -3  0 -2 -3 -1  5  1 -3 -2 -2    0   0   0   0   0   0   0   0   0   0   0   0   0   0   0 100   0   0   0   0  0.57 0.04
    7 Y   -2 -2 -3 -4 -3 -2 -3 -4  2 -2 -1 -2 -1  3 -4 -2 -2  2  8 -2    0   0   0   0   0   0   0   0   0   0   0   0   0   4   0   0   0   0  96   0  1.06 0.05
    8 F   -3 -3 -4 -4 -3 -4 -4 -4 -2  0  0 -4  0  7 -4 -3 -3  1  3 -1    0   0   0   0   0   0   0   0   0   0   0   0   0 100   0   0   0   0   0   0  0.94 0.05
    9 G    0 -3 -1 -2 -3 -2 -3  6 -3 -4 -2 -2 -3 -3 -3 -1 -2 -3 -3 -3    0   0   0   0   0   0   0  95   0   0   5   0   0   0   0   0   0   0   0   0  1.03 0.04
   10 F   -3 -3 -4 -4 -3 -4 -4 -4 -2  0  1 -4  0  7 -4 -3 -2  1  3 -1    0   0   0   0   0   0   0   0   0   0  11   0   0  89   0   0   0   0   0   0  0.80 0.04
   11 L   -2 -3 -4 -4 -2 -3 -3 -4 -3  2  5 -3  2  0 -3 -3 -2 -2 -1  1    0   0   0   0   0   0   0   0   0   0 100   0   0   0   0   0   0   0   0   0  0.55 0.03
   12 L   -2 -3 -4 -4 -2 -3 -3 -4 -3  2  4 -3  2  2 -3 -3 -2 -2 -1  1    0   0   0   0   0   0   0   0   0   5  83   0   0   9   0   0   0   0   0   3  0.45 0.03
   13 A    4 -2 -2 -2 -1 -1 -1  1 -2 -1 -2 -1 -1 -3 -1  1  0 -3 -2  0   79   0   0   0   0   0   0   8   0   0   0   0   0   0   0   0   6   0   0   8  0.36 0.03
   14 V    4 -2 -2 -2 -1 -1 -1  0 -2  0 -1 -1 -1 -2 -1  2  1 -3 -2  1   68   0   0   0   0   0   0   0   0   3   0   0   0   0   0  12   5   0   0  12  0.30 0.02
   15 L   -1 -2 -3 -3 -2 -2 -3 -3 -3  2  4 -2  2  1 -3  0 -1 -2 -1  1    0   0   0   0   0   0   0   0   0   7  76   0   0   3   0  14   0   0   0   0  0.33 0.02
   16 I   -1 -2 -1 -2 -1 -1 -2 -2 -2  2 -1 -1  0 -2 -2  1  5 -3 -2  1    0   0   0   0   0   0   0   0   0  22   0   0   0   0   0   0  78   0   0   0  0.40 0.04
   17 I   -2 -3 -3 -3 -2 -3 -3 -4 -3  4  2 -3  1  3 -3 -1 -1 -2  0  2    0   0   0   0   0   0   0   0   0  61  16   0   0  17   0   6   0   0   0   0  0.31 0.02
   18 T    1 -2  0 -2 -1 -1 -1 -2 -2 -1 -2 -1 -1 -3 -1  1  5 -3 -2  0   14   0   0   0   0   0   0   0   0   0   0   0   0   0   0   0  86   0   0   0  0.50 0.04
   19 S    0 -2 -1 -2 -2 -1 -1 -2 -2  0  2 -1  0 -1  3  2  0 -3 -2 -1    0   0   0   0   0   0   0   0   0   5  33   0   0   2  18  42   0   0   0   0  0.25 0.02
   20 S    3 -2 -2 -3 -1 -2 -2  0 -3  1  0 -2  0 -2 -2  0  0 -3 -2  3   47   0   0   0   0   0   0   4   0   7   0   0   0   0   0   4   0   0   0  38  0.21 0.02
   21 L   -2 -3 -4 -4 -2 -3 -3 -4 -3  2  5 -3  2  0 -3 -3 -2 -2 -1  1    0   0   0   0   0   0   0   0   0   3  97   0   0   0   0   0   0   0   0   0  0.53 0.03
   22 F   -3 -3 -4 -4 -3 -4 -4 -4 -2  0  1 -4  0  7 -4 -3 -3  1  3 -1    0   0   0   0   0   0   0   0   0   0   9   0   0  91   0   0   0   0   0   0  0.81 0.04
   23 I   -2 -3 -4 -4 -2 -3 -4 -4 -4  5  1 -3  2  0 -3 -3 -1 -3 -2  3    0   0   0   0   0   0   0   0   0  92   0   0   3   0   0   0   0   0   0   5  0.48 0.04
   24 G    0 -2  0 -1 -3 -2 -2  6 -2 -4 -4 -2 -3 -4 -2  1 -1 -3 -3 -3    0   0   0   0   0   0   0  84   0   0   0   0   0   0   0  16   0   0   0   0  0.91 0.03
   25 L   -2 -3 -4 -4 -2 -2 -3 -4 -3  1  4 -3  2  0 -3 -2 -1 -2 -1  1    0   0   0   0   0   0   0   0   0   0  95   0   0   0   0   5   0   0   0   0  0.47 0.03
   26 S    0  0  5  0 -2  0  0 -1  0 -3 -3  0 -2 -3 -2  3  1 -4 -2 -3    0   4  46   0   0   0   0   0   0   0   0   0   0   0   0  46   4   0   0   0  0.47 0.03
   27 K   -1  2  0 -1 -4  1  1 -2 -1 -3 -3  6 -2 -4 -1  0 -1 -4 -2 -3    0   0   0   0   0   0   0   0   0   0   0 100   0   0   0   0   0   0   0   0  0.65 0.04
   28 I   -2 -3 -4 -4 -2 -3 -4 -4 -4  5  2 -3  1  0 -3 -3 -1 -3 -2  3    0   0   0   0   0   0   0   0   0  90   4   0   0   0   0   0   0   0   0   6  0.48 0.04
   29 Q   -1  5 -1 -1 -4  4  1 -1  0 -3 -3  2 -1 -3 -2 -1 -1 -3 -2 -3    0  60   0   0   0  30   0   4   0   0   0   6   0   0   0   0   0   0   0   0  0.61 0.03
   30 L   -2 -3 -4 -4 -2 -3 -3 -4 -3  2  5 -3  2  0 -3 -3 -2 -2 -1  1    0   0   0   0   0   0   0   0   0   0 100   0   0   0   0   0   0   0   0   0  0.55 0.03
   31 I   -2 -4 -4 -4 -2 -3 -4 -4 -4  5  2 -3  1  0 -3 -3 -1 -3 -2  3    0   0   0   0   0   0   0   0   0  95   5   0   0   0   0   0   0   0   0   0  0.50 0.04

                      K         Lambda
Standard Ungapped    0.1516     0.3384
Standard Gapped      0.0410     0.2670
PSI Ungapped         0.1516     0.3384
PSI Gapped           0.0410     0.2670
