
Last position-specific scoring matrix computed, weighted observed percentages rounded down, information per position, and relative weight of gapless real matches to pseudocounts
            A   R   N   D   C   Q   E   G   H   I   L   K   M   F   P   S   T   W   Y   V   A   R   N   D   C   Q   E   G   H   I   L   K   M   F   P   S   T   W   Y   V
    1 Q    -1   1   0   0  -3   6   2  -2   0  -3  -2   1   0  -3  -1   0  -1  -2  -2  -2    0   0   0   0   0 100   0   0   0   0   0   0   0   0   0   0   0   0   0   0  0.66 0.00
    2 G     0   3   0  -2  -3  -1  -1   5  -1  -4  -3   0  -2  -3  -2   0  -2  -3  -3  -3    0  34   0   0   0   0   0  66   0   0   0   0   0   0   0   0   0   0   0   0  0.63 0.00
    3 C    -1  -4  -3  -4   9  -3  -4  -3  -3  -1  -1  -3  -2  -3  -3  -1  -1  -3  -3  -1    0   0   0   0 100   0   0   0   0   0   0   0   0   0   0   0   0   0   0   0  1.25 0.01
    4 C    -1  -4  -3  -4   9  -3  -4  -3  -3  -1  -1  -3  -2  -3  -3  -1  -1  -3  -3  -1    0   0   0   0 100   0   0   0   0   0   0   0   0   0   0   0   0   0   0   0  1.25 0.01
    5 N    -2  -1   5   3  -3   0   2  -1   0  -4  -4   0  -3  -3  -2   0   0  -4  -2  -3    0   0  59  21   0   0  20   0   0   0   0   0   0   0   0   0   0   0   0   0  0.57 0.00
    6 V     0  -3  -1  -2  -2  -2  -2   5  -3   0  -1  -2  -1  -2  -2  -1  -1  -3  -2   2    0   0   0   0   0   0   0  61   0   0   0   0   0   0   0   0   0   0   0  39  0.44 0.00
    7 P    -1   2  -2  -2  -3  -1  -1  -2  -2  -3  -3   0  -2  -4   7  -1  -1  -4  -3  -3    0  22   0   0   0   0   0   0   0   0   0   0   0   0  78   0   0   0   0   0  1.50 0.00
    8 N    -1   3   5   1  -3   1   0  -1   0  -3  -3   2  -2  -3  -2   0   0  -4  -2  -3    0  22  59   0   0   0   0   0   0   0   0  20   0   0   0   0   0   0   0   0  0.48 0.00
    9 G     2  -2  -1  -2  -2  -2  -2   6  -2  -3  -3  -1  -2  -3  -2   0  -1  -3  -3  -2   21   0   0   0   0   0   0  79   0   0   0   0   0   0   0   0   0   0   0   0  0.78 0.00
   10 C    -1  -4  -3  -4   9  -3  -4  -3  -3  -1  -1  -3  -2  -3  -3  -1  -1  -3  -3  -1    0   0   0   0 100   0   0   0   0   0   0   0   0   0   0   0   0   0   0   0  1.25 0.01
   11 S     1  -1   1   0  -1   0   0   0  -1  -3  -3   0  -2  -3  -1   4   1  -3  -2  -2    0   0   0   0   0   0   0   0   0   0   0   0   0   0   0 100   0   0   0   0  0.46 0.01
   12 G     1  -1   0  -1  -2  -1  -1   4  -1  -3  -3  -1  -2  -3  -1   3   1  -3  -2  -2    0   0   0   0   0   0   0  39   0   0   0   0   0   0   0  61   0   0   0   0  0.47 0.00
   13 R    -1   6   0  -2  -4   1   0  -2   0  -3  -2   3  -2  -3  -2  -1  -1  -3  -2  -3    0  80   0   0   0   0   0   0   0   0   0  20   0   0   0   0   0   0   0   0  0.66 0.00
   14 W    -3  -3  -4  -5  -3  -2  -3  -3  -3  -3  -2  -3  -2   1  -4  -3  -3  12   2  -3    0   0   0   0   0   0   0   0   0   0   0   0   0   0   0   0   0 100   0   0  2.36 0.01
   15 C    -1  -4  -3  -4   9  -3  -4  -3  -3  -1  -1  -3  -2  -3  -3  -1  -1  -3  -3  -1    0   0   0   0 100   0   0   0   0   0   0   0   0   0   0   0   0   0   0   0  1.25 0.01
   16 R    -1   6   0  -2  -4   1   0  -2   0  -3  -2   3  -2  -3  -2  -1  -1  -3  -2  -3    0  80   0   0   0   0   0   0   0   0   0  20   0   0   0   0   0   0   0   0  0.66 0.00
   17 D    -2  -2   1   6  -4   0   2  -1  -1  -3  -4  -1  -3  -4  -2   0  -1  -5  -3  -3    0   0   0 100   0   0   0   0   0   0   0   0   0   0   0   0   0   0   0   0  0.94 0.01
   18 H    -2   0   1  -1  -3   0   0  -2   8  -4  -3  -1  -2  -1  -2  -1  -2  -3   2  -3    0   0   0   0   0   0   0   0 100   0   0   0   0   0   0   0   0   0   0   0  0.89 0.01
   19 A     4  -1  -1  -2  -1  -1  -1   0  -2  -2  -2  -1  -1  -2  -1   2   0  -3  -2  -1   78   0   0   0   0   0   0   0   0   0   0   0   0   0   0  22   0   0   0   0  0.37 0.00
   20 Q    -1   5   0  -1  -4   4   1  -2   0  -3  -2   2  -1  -3  -2  -1  -1  -3  -2  -3    0  61   0   0   0  39   0   0   0   0   0   0   0   0   0   0   0   0   0   0  0.59 0.00
   21 C    -1  -4  -3  -4   9  -3  -4  -3  -3  -1  -1  -3  -2  -3  -3  -1  -1  -3  -3  -1    0   0   0   0 100   0   0   0   0   0   0   0   0   0   0   0   0   0   0   0  1.25 0.01
   22 C    -1  -4  -3  -4   9  -3  -4  -3  -3  -1  -1  -3  -2  -3  -3  -1  -1  -3  -3  -1    0   0   0   0 100   0   0   0   0   0   0   0   0   0   0   0   0   0   0   0  1.25 0.01

                      K         Lambda
Standard Ungapped    0.1437     0.3304
Standard Gapped      0.0410     0.2670
PSI Ungapped         0.1437     0.3304
PSI Gapped           0.0410     0.2670
