
Last position-specific scoring matrix computed, weighted observed percentages rounded down, information per position, and relative weight of gapless real matches to pseudocounts
            A   R   N   D   C   Q   E   G   H   I   L   K   M   F   P   S   T   W   Y   V   A   R   N   D   C   Q   E   G   H   I   L   K   M   F   P   S   T   W   Y   V
    1 N    -1   0   6   1  -3   0   0   0   1  -3  -3   0  -2  -3  -2   1   0  -4  -2  -3    0   0   0   0   0   0   0   0   0   0   0   0   0   0   0   0   0   0   0   0  0.00     0.00
    2 I    -2  -3  -4  -4  -1  -3  -3  -4  -3   3   3  -3   2   0  -3  -3  -1  -2  -1   2    0   0   0   0   0   0   0   0   0  39  61   0   0   0   0   0   0   0   0   0  0.38 0.00
    3 F    -1  -3  -3  -4  -1  -3  -3  -3  -2   2   1  -3   0   4  -3  -2  -1  -1   1   3    0   0   0   0   0   0   0   0   0   0   0   0   0  39   0   0   0   0   0  61  0.32 0.00
    4 D     2  -2   0   4  -2  -1   0  -1  -2  -2  -2  -1  -2  -3  -1   1   2  -3  -2  -1   30   0   0  39   0   0   0   0   0   0   0   0   0   0   0   0  30   0   0   0  0.33 0.00
    5 D     0  -1   1   4  -2   0   1  -1  -1  -3  -3   0  -2  -3  -1   3   1  -3  -2  -2    0   0   0  39   0   0   0   0   0   0   0   0   0   0   0  61   0   0   0   0  0.45 0.01
    6 I    -1  -3  -3  -3  -1  -3  -3  -4  -3   4   2  -3   1   0  -3  -3  -1  -3  -1   3    0   0   0   0   0   0   0   0   0 100   0   0   0   0   0   0   0   0   0   0  0.41 0.01
    7 F    -2  -3  -3  -4  -2  -3  -3  -4  -2   1   3  -3   1   4  -3  -3  -2   0   1   0    0   0   0   0   0   0   0   0   0   0  61   0   0  39   0   0   0   0   0   0  0.41 0.00
    8 G     0  -2   0  -1  -3  -2  -2   6  -2  -4  -4  -2  -3  -3  -2   0  -2  -3  -3  -3    0   0   0   0   0   0   0 100   0   0   0   0   0   0   0   0   0   0   0   0  1.06 0.01
    9 K    -1   2   0  -1  -3   1   1  -2  -1  -3  -3   5  -1  -3  -1   0  -1  -3  -2  -2    0   0   0   0   0   0   0   0   0   0   0 100   0   0   0   0   0   0   0   0  0.54 0.01
   10 V    -1  -2  -3  -4  -1  -2  -3  -4  -3   2   3  -3   2   0  -3  -2  -1  -2  -1   3    0   0   0   0   0   0   0   0   0   0  61   0   0   0   0   0   0   0   0  39  0.34 0.00
   11 T     0  -1   0  -1  -1  -1  -1  -1  -2  -1  -2  -1  -1  -2  -1   3   4  -3  -2  -1    0   0   0   0   0   0   0   0   0   0   0   0   0   0   0  30  70   0   0   0  0.41 0.01
   12 E     0   0   0   1  -1   1   3  -1   0  -1  -1   0  -1  -1   0   0   0  -1  -1  -1    5   3   3   3   1   3  43   4   1   3   5   3   1   2   3   4   4   1   2   4  0.18 0.00
   13 T     0  -2   0  -1  -2  -1  -1   3  -2  -2  -2  -1  -1  -3  -2   1   4  -3  -2  -1    0   0   0   0   0   0   0  38   0   0   0   0   0   0   0   0  62   0   0   0  0.45 0.02
   14 L    -2  -2  -4  -4  -1  -2  -3  -4  -3   2   4  -3   2   0  -3  -3  -1  -2  -1   1    0   0   0   0   0   0   0   0   0   0 100   0   0   0   0   0   0   0   0   0  0.51 0.02
   15 V    -2  -3  -4  -4  -2  -2  -3  -3  -3   0  -1  -3  -1   0  -4  -3  -2  10   2   1    0   0   0   0   0   0   0   0   0   0   0   0   0   0   0   0   0  74   0  26  1.64 0.04
   16 D    -2   0   1   3  -3   3   1  -2   6  -3  -3   0  -2  -3  -2  -1  -1  -3   0  -3    0   0   0  26   0  36   0   0  38   0   0   0   0   0   0   0   0   0   0   0  0.53 0.02
   17 F     0  -1   4   0  -2  -1  -1  -1   0  -2  -2  -1  -2   2  -2   3   0  -2   0  -2    0   0  38   0   0   0   0   0   0   0   0   0   0  20   0  42   0   0   0   0  0.32 0.03
   18 G     1  -2   0   3  -2  -1   0   4  -2  -3  -3  -1  -3  -3  -2   0  -1  -3  -3  -2   23   0   0  29   0   0   0  48   0   0   0   0   0   0   0   0   0   0   0   0  0.52 0.02
   19 T     0  -2   0   3  -2  -1   0   2  -2  -2  -3  -1  -2  -3  -2   1   3  -3  -3  -2    0   0   0  27   0   0   0  23   0   0   0   0   0   0   0  15  35   0   0   0  0.36 0.02
   20 T    -1  -2  -2  -3  -1  -2  -2  -3  -2   1   0  -2   0   3  -3  -1   2  -1   0   3    0   0   0   0   0   0   0   0   0   0   0   0   0  27   0   0  20   0   0  52  0.25 0.02
   21 D    -1  -1   1   4  -3   3   1  -2  -1  -3  -3   0  -2  -3  -2   0   2  -3  -2  -2    0   0   0  49   0  27   0   0   0   0   0   0   0   0   0   0  23   0   0   0  0.50 0.03
   22 I    -2  -3  -3  -4  -2  -3  -4  -4  -2   2   1  -3   0   6  -4  -3  -2   0   2   0    0   0   0   0   0   0   0   0   0  20   0   0   0  80   0   0   0   0   0   0  0.66 0.04
   23 A     1  -2  -3  -3  -1  -1  -2  -2  -2   1   3  -2   4   0  -2  -1  -1  -2  -1   1   20   0   0   0   0   0   0   0   0   0  51   0  29   0   0   0   0   0   0   0  0.28 0.02
   24 G     0  -3   0   1  -3  -2  -2   6  -2  -4  -4  -2  -3  -4  -2   0  -2  -3  -3  -4    0   0   0  14   0   0   0  86   0   0   0   0   0   0   0   0   0   0   0   0  0.94 0.03
   25 N    -2  -1   3  -1  -3   0   0  -2   8  -4  -3  -1  -2  -2  -3  -1  -2  -3   1  -4    0   0  20   0   0   0   0   0  80   0   0   0   0   0   0   0   0   0   0   0  0.88 0.05
   26 P    -1  -1  -1   0  -3   3   3  -2  -1   0  -1   0  -1  -3   4   0   1  -3  -2  -1    0   0   0   0   0  23  27   0   0  15   0   0   0   0  20   0  14   0   0   0  0.37 0.02
   27 C    -1  -4  -3  -4  10  -3  -4  -3  -3  -2  -2  -4  -2  -3  -3  -1  -1  -3  -3  -1    0   0   0   0 100   0   0   0   0   0   0   0   0   0   0   0   0   0   0   0  1.51 0.07
   28 N    -1  -1   3   0  -2   0   0  -1   6  -2  -2  -1  -1   0  -2   0  -1  -1   3  -2    2   1  21   1   0   1   1   2  42   1   2   1   1   1   1   2   1   0  15   1  0.38 0.02
   29 Y    -1  -2  -2  -2  -2  -1  -2  -2   1   1   0  -2   0   3  -2  -1  -1   1   5   0    2   1   1   1   0   1   1   2   1  16   2   1   1  16   1   2   1   0  48   1  0.37 0.02
   30 R    -1   5   0  -1  -3   1   0  -2   0  -2  -2   2  -1  -2  -1  -1  -1  -2  -1  -2    2  78   1   1   0   1   1   2   1   1   2   1   1   1   1   2   1   0   1   1  0.55 0.03
   31 L    -1   3  -2  -3  -2  -1  -2  -3  -2   2   3   0   1  -1  -3  -2  -1  -2  -1   1    0  29   0   0   0   0   0   0   0  14  44   0   0   0   0   0   0   0   0  14  0.23 0.02
   32 S     0   2   2  -1  -2   0   0  -2  -1  -1  -2   2  -1  -2  -2   1   0  -3  -2   1    0  15  14   0   0   0   0   0   0   0   0  28   0   0   0  20   0   0   0  23  0.17 0.02
   33 P    -1  -2  -2  -1  -3   0   2  -2  -2  -3  -3  -1  -3  -4   7  -1  -1  -4  -3  -3    0   0   0   0   0   0  23   0   0   0   0   0   0   0  77   0   0   0   0   0  1.54 0.04
   34 R     0   3   0  -1  -2   0   0  -2  -1  -2  -2   3  -1  -3  -1   2   2  -3  -2  -2    0  20   0   0   0   0   0   0   0   0   0  29   0   0   0  23  27   0   0   0  0.32 0.02
   35 L    -1  -2  -2  -3  -2  -2  -3  -3  -2   2   2  -2   1   3  -3  -1   2  -1   1   1    0   0   0   0   0   0   0   0   0  15  20   0   0  28   0   0  23   0   0  14  0.22 0.01
   36 I    -2   5  -1  -2  -3   0  -1  -3  -1   1  -1   2  -1  -2  -2  -1  -1  -3  -2  -1    0  66   0   0   0   0   0   0   0  20   0  14   0   0   0   0   0   0   0   0  0.46 0.03
   37 K    -1   4   0  -1  -3   3   1  -2   0  -3  -3   3  -1  -3  -2  -1  -1  -3  -2  -3    0  42   0   0   0  23   0   0   0   0   0  35   0   0   0   0   0   0   0   0  0.56 0.03
   38 F    -2  -3  -3  -3  -2  -3  -3  -3  -2   0   2  -3   0   5   4  -2  -2   0   1  -1    0   0   0   0   0   0   0   0   0   0  27   0   0  49  23   0   0   0   0   0  0.52 0.03
   39 E    -1   1   0   3  -4   1   3  -2  -1  -3  -3   4  -2  -4  -1   0  -1  -4  -2  -3    0   0   0  23   0   0  20   0   0   0   0  56   0   0   0   0   0   0   0   0  0.48 0.03
   40 L    -1  -3  -3  -3  -2  -2  -3   2  -3   0   2  -3   1   0  -3  -2  -2   7   0  -1    0   0   0   0   0   0   0  23   0   0  49   0   0   0   0   0   0  27   0   0  0.56 0.03
   41 Y    -2   0  -2  -3  -3  -1  -1  -3   1  -2  -1   2  -1   4  -3  -2  -2   1   6  -2    0   0   0   0   0   0   0   0   0   0   0  27   0  23   0   0   0   0  49   0  0.50 0.03
   42 F    -2  -2  -1  -3  -3  -1  -2  -3   5  -2  -1  -2  -1   4  -3  -2  -2   1   6  -2    0   0   0   0   0   0   0   0  29   0   0   0   0  20   0   0   0   0  51   0  0.68 0.04
   43 V    -1   0  -1   0  -2   1   3  -2  -1   0  -1   2  -1  -3  -1   0   2  -3  -2   1    0   0   0   0   0   0  29   0   0   0   0  27   0   0   0   0  23   0   0  20  0.22 0.02
   44 G     2  -2  -1  -2  -2  -2  -2   5  -2  -3  -3  -2  -2  -3  -2   0  -1  -3  -3  -2   23   0   0   0   0   0   0  77   0   0   0   0   0   0   0   0   0   0   0   0  0.81 0.03
   45 L    -1   2  -1  -1  -3   1   0  -2  -1  -1   0   5   0  -2  -2  -1  -1  -3  -2  -2    0   0   0   0   0   0   0   0   0   0  20  80   0   0   0   0   0   0   0   0  0.38 0.04
   46 V    -2  -3  -3  -4  -2  -2  -3  -3  -2   1   1  -3   3   5  -3  -2  -1   0   2   1    0   0   0   0   0   0   0   0   0   0   0   0  23  56   0   0   0   0   0  20  0.43 0.03
   47 W    -3  -3  -4  -5  -3  -2  -3  -3  -3  -3  -2  -4  -2   1  -4  -3  -3  11   2  -3    0   0   0   0   0   0   0   0   0   0   0   0   0   0   0   0   0 100   0   0  2.64 0.08
   48 C    -1  -4  -3  -4  10  -3  -4  -3  -3  -2  -2  -4  -2  -3  -3  -1  -1  -3  -3  -1    0   0   0   0 100   0   0   0   0   0   0   0   0   0   0   0   0   0   0   0  1.51 0.07
   49 P    -1  -2  -2  -2  -3  -1  -1  -2  -2  -2  -3  -1  -2  -4   7   0   2  -4  -3  -2    0   0   0   0   0   0   0   0   0   0   0   0   0   0  77   0  23   0   0   0  1.51 0.04
   50 G     1  -2   0  -1  -2  -1  -1   4  -2  -3  -3  -1  -2  -3  -2   3   0  -3  -3  -3    0   0   0   0   0   0   0  49   0   0   0   0   0   0   0  51   0   0   0   0  0.57 0.03
   51 W    -3  -3  -4  -5  -3  -2  -3  -3  -3  -3  -2  -4  -2   1  -4  -3  -3  11   2  -3    0   0   0   0   0   0   0   0   0   0   0   0   0   0   0   0   0 100   0   0  2.64 0.08
   52 T     1  -1   0  -1  -1  -1  -1  -2  -2  -1  -2  -1  -1  -2  -1   1   5  -3  -2   0   15   0   0   0   0   0   0   0   0   0   0   0   0   0   0   0  85   0   0   0  0.48 0.04
   53 T     0  -1   0  -1  -2  -1  -1  -2   3  -2  -3  -1  -2  -3   5   2   2  -3  -1  -2    0   0   0   0   0   0   0   0  14   0   0   0   0   0  38  27  20   0   0   0  0.67 0.03
   54 I    -2  -3  -4  -4  -2  -3  -3  -4  -3   4   2  -3   1   2  -3  -3  -1  -2   0   2    0   0   0   0   0   0   0   0   0  71  14   0   0  15   0   0   0   0   0   0  0.38 0.03
   55 Q    -1  -1  -1   0  -2   2   3  -2  -1   0  -1   0  -1  -2  -2   0   2  -3  -2   1    0   0   0   0   0  20  29   0   0   0   0   0   0   0   0   0  27   0   0  23  0.24 0.02
   56 G     0  -3  -1  -2  -3  -2  -2   6  -2  -4  -4  -2  -3  -4  -2  -1  -2  -3  -3  -4    0   0   0   0   0   0   0 100   0   0   0   0   0   0   0   0   0   0   0   0  1.14 0.04
   57 E    -1   4   2   0  -4   1   3  -2   0  -3  -3   1  -2  -3  -2   0  -1  -3  -2  -3    0  42  14   0   0   0  44   0   0   0   0   0   0   0   0   0   0   0   0   0  0.52 0.03
   58 S     2  -1   0  -1  -1  -1  -1   3  -2  -3  -3  -1  -2  -3  -1   3   0  -3  -2  -2   27   0   0   0   0   0   0  23   0   0   0   0   0   0   0  49   0   0   0   0  0.39 0.02
   59 L    -1   4  -1  -2  -2   0  -1  -3  -1  -1   1   1   0  -2  -2   0   2  -3  -2  -1    0  52   0   0   0   0   0   0   0   0  20   0   0   0   0   0  27   0   0   0  0.32 0.03
   60 T     0   0   0  -1  -2   0   0  -1  -1  -2  -2   2  -1  -3  -1   2   4  -3  -2  -1    0   0   0   0   0   0   0   0   0   0   0  27   0   0   0  23  49   0   0   0  0.34 0.03
   61 R     0   4   0  -1  -3   1   0  -2  -1  -3  -3   3  -2  -3  -2   2   0  -3  -2  -2    0  44   0   0   0   0   0   0   0   0   0  29   0   0   0  27   0   0   0   0  0.45 0.03
   62 S     1  -1   0  -1  -1  -1  -1  -1  -2   0  -2  -1  -1  -2  -1   4   1  -3  -2   1    0   0   0   0   0   0   0   0   0   0   0   0   0   0   0  77   0   0   0  23  0.32 0.04
   63 R    -2   5  -1  -1  -4   1   2  -3   0  -3  -3   2  -2  -3  -2  -1  -1  -3  -2  -3    0  77   0   0   0   0  23   0   0   0   0   0   0   0   0   0   0   0   0   0  0.69 0.04
   64 T     0  -1   0  -1  -1  -1  -1  -1  -2  -1   1  -1   0  -2  -1   3   2  -3  -2  -1    0   0   0   0   0   0   0   0   0   0  23   0   0   0   0  56  20   0   0   0  0.25 0.03
   65 R     0   2  -1  -1  -3   0   2   4  -1  -4  -3   0  -2  -3  -2   0  -2  -3  -3  -3    0  20   0   0   0   0  23  56   0   0   0   0   0   0   0   0   0   0   0   0  0.55 0.02
   66 V     3  -2  -1  -2  -1  -1  -1  -1  -2   0  -1  -1  -1  -2  -1   2   0  -3  -2   1   51   0   0   0   0   0   0   0   0   0   0   0   0   0   0  29   0   0   0  20  0.26 0.02
   67 V     0  -2  -2  -2  -1  -2  -2  -3  -3   2   2  -2   1  -1  -2   1   1  -3  -1   3    0   0   0   0   0   0   0   0   0   0  23   0   0   0   0  15  14   0   0  48  0.19 0.02
   68 N    -1   3   2   0  -4   1   3  -2   0  -3  -3   3  -2  -3  -2   0  -1  -3  -2  -3    0  29  20   0   0   0  27   0   0   0   0  23   0   0   0   0   0   0   0   0  0.44 0.02
   69 K    -1   0   0   0  -3   1   3   2   5  -4  -3   2  -2  -3  -2  -1  -1  -3  -1  -3    0   0   0   0   0   0  29  23  27   0   0  20   0   0   0   0   0   0   0   0  0.39 0.02
   70 A     3  -1   0  -1  -1  -1  -1   0  -1  -2  -2  -1  -1  -3  -1   3   1  -3  -2  -1   49   0   0   0   0   0   0   0   0   0   0   0   0   0   0  51   0   0   0   0  0.40 0.03
   71 V    -1  -2  -2  -3  -1  -2  -2  -3  -3   3   0  -2   0  -1  -2  -1   2  -3  -2   3    0   0   0   0   0   0   0   0   0  23   0   0   0   0   0   0  29   0   0  48  0.28 0.02
   72 E    -1   5   0  -1  -4   1   2  -2  -1  -3  -3   3  -2  -3  -2  -1  -1  -3  -2  -3    0  51   0   0   0   0  20   0   0   0   0  29   0   0   0   0   0   0   0   0  0.56 0.03
   73 D    -2  -1   4   5  -4   0   1  -1  -1  -4  -4  -1  -3  -4  -2   0  -1  -4  -3  -3    0   0  37  63   0   0   0   0   0   0   0   0   0   0   0   0   0   0   0   0  0.78 0.04
   74 F    -3  -3  -3  -4  -3  -4  -4  -4  -2   0   0  -4   0   7  -4  -3  -2   1   3  -1    0   0   0   0   0   0   0   0   0   0   0   0   0 100   0   0   0   0   0   0  0.92 0.05
   75 A     1  -3  -3  -3  -1  -2  -2  -2  -3   2   0  -2   0  -1  -2  -1   0  -3  -2   4   20   0   0   0   0   0   0   0   0   0   0   0   0   0   0   0   0   0   0  80  0.31 0.03
   76 K    -1   2   0  -1  -3   3   0   1   3  -3  -3   2  -1  -3  -2   1  -1  -3  -1  -3    0  15   0   0   0  23   0  14  14   0   0  20   0   0   0  14   0   0   0   0  0.31 0.02
   77 K    -1   1   0  -1  -3   3   1  -2  -1  -2  -2   4  -1  -3  -1   0   2  -3  -2  -2    0   0   0   0   0  27   0   0   0   0   0  49   0   0   0   0  23   0   0   0  0.39 0.03
   78 A     5  -2  -2  -2  -1  -1  -1   0  -2  -2  -2  -1  -1  -3  -1   1   0  -3  -2   0  100   0   0   0   0   0   0   0   0   0   0   0   0   0   0   0   0   0   0   0  0.50 0.04
   79 V     0   0  -1  -2  -2   0  -1  -2  -2   0   1   2   0  -1  -2   1   0  -3  -2   1    0   0   0   0   0   0   0   0   0   0  29  27   0   0   0  23   0   0   0  20  0.11 0.02
   80 A     1  -1   0   3  -2   3   1  -1  -1  -3  -3   0  -1  -3  -1   2   0  -3  -2  -2   20   0   0  23   0  29   0   0   0   0   0   0   0   0   0  27   0   0   0   0  0.33 0.02
   81 A     1  -1   3   0  -2  -1  -1  -1   0  -2  -2  -1  -2   0  -2   2   0  -1   3  -2   20   0  29   0   0   0   0   0   0   0   0   0   0   0   0  27   0   0  23   0  0.28 0.02
   82 G     0   0   0  -1  -3   0  -1   5  -2  -4  -3   3  -2  -3  -2   0  -1  -3  -3  -3    0   0   0   0   0   0   0  62   0   0   0  38   0   0   0   0   0   0   0   0  0.63 0.03
   83 I    -1  -1  -2  -3  -2  -1  -2  -3  -2   2   3   1   1   0  -3  -2  -1  -2  -1   1    0   0   0   0   0   0   0   0   0  20  56  23   0   0   0   0   0   0   0   0  0.23 0.02
   84 M    -1  -3  -3  -4  -2  -2  -3  -4  -3   3   1  -3   3   3  -3  -2  -1  -1   0   2    0   0   0   0   0   0   0   0   0  42   0   0  20  23   0   0   0   0   0  15  0.31 0.02
   85 T     0  -1   0  -1  -1  -1  -1  -2  -2  -1  -2  -1  -1  -2  -1   1   5  -3  -2   0    0   0   0   0   0   0   0   0   0   0   0   0   0   0   0   0 100   0   0   0  0.60 0.05
   86 Q    -1   0  -1  -1  -3   4   2  -2   0   1  -1   2   0  -2  -2  -1  -1  -3  -2   0    0   0   0   0   0  49  14   0   0  23   0  14   0   0   0   0   0   0   0   0  0.32 0.03
   87 E    -1   2   2   1  -4   3   4  -2   0  -3  -3   2  -2  -3  -2   0  -1  -3  -2  -3    0  14  14   0   0  15  44   0   0   0   0  14   0   0   0   0   0   0   0   0  0.47 0.02
   88 D    -1  -1   0   4  -3   2   3  -2  -1  -3  -3   0  -2  -3  -1   1  -1  -3  -2  -3    0   0   0  35   0  14  37   0   0   0   0   0   0   0   0  14   0   0   0   0  0.54 0.02
   89 A     4  -2  -2  -2  -1  -1  -1  -1  -2   0  -1  -1  -1  -2  -1   1   0  -3  -2   2   77   0   0   0   0   0   0   0   0   0   0   0   0   0   0   0   0   0   0  23  0.33 0.03
   90 D    -1  -1   0   4  -3   2   3  -2  -1  -3  -3   0  -2  -3  -1   1  -1  -3  -2  -3    0   0   0  35   0  14  37   0   0   0   0   0   0   0   0  15   0   0   0   0  0.54 0.02
   91 P     1  -1  -1   2  -2   1   0  -2  -2  -1   0  -1  -1  -2   3   0   1  -3  -2  -1   14   0   0  23   0  14   0   0   0   0  15   0   0   0  20   0  14   0   0   0  0.30 0.01
   92 L    -3  -3  -4  -4  -2  -3  -3  -3  -2  -1   1  -3   0   4  -4  -3  -2   9   2  -1    0   0   0   0   0   0   0   0   0   0  20   0   0  27   0   0   0  52   0   0  1.24 0.04
   93 L    -2  -3  -4  -4  -1  -3  -3  -4  -3   4   3  -3   2   0  -3  -3  -1  -2  -1   2    0   0   0   0   0   0   0   0   0  51  49   0   0   0   0   0   0   0   0   0  0.41 0.03
   94 N     2   0   4   0  -2   0   0   0  -1  -3  -3   1  -2  -3  -1   2   0  -3  -2  -2   23   0  35   0   0   0   0   0   0   0   0  14   0   0   0  27   0   0   0   0  0.32 0.02
   95 A     2  -2   0  -1  -1  -1  -1   3  -2  -2  -3  -1  -2  -3  -1   2   0  -3  -2  -2   32   0   0   0   0   0   0  31   0   0   0   0   0   0   0  36   0   0   0   0  0.39 0.01

                      K         Lambda
Standard Ungapped    0.1382     0.3215
Standard Gapped      0.0414     0.2670
PSI Ungapped         0.1351     0.3192
PSI Gapped           0.0414     0.2670
