
Last position-specific scoring matrix computed, weighted observed percentages rounded down, information per position, and relative weight of gapless real matches to pseudocounts
            A   R   N   D   C   Q   E   G   H   I   L   K   M   F   P   S   T   W   Y   V   A   R   N   D   C   Q   E   G   H   I   L   K   M   F   P   S   T   W   Y   V
    1 M    -3  -4  -5  -6  -4  -3  -5  -5  -4   0   1  -4  10  -2  -5  -4  -3  -4  -3  -1    0   0   0   0   0   0   0   0   0   3   5   0  90   0   0   0   0   0   0   2  2.10 0.52
    2 S    -2  -3   4  -2  -4  -2  -2   0  -3  -5  -5  -1  -4  -3  -4   6   0  -5  -3  -4    0   1  21   0   0   0   1   5   0   0   0   3   0   1   0  61   5   0   1   0  1.05 0.47
    3 R    -1   3   2  -3  -4   4  -1  -3   4   0  -2   1  -1  -1  -3  -2  -2  -3   2  -1    5  16  10   0   0  20   1   0  11   8   1   9   2   2   0   1   1   0   7   5  0.39 0.25
    4 R    -5   8  -4  -6  -8  -3  -4  -6  -1  -7  -6   0  -5  -7  -6  -3  -4  -7  -4  -7    0  95   0   0   0   0   0   0   1   0   0   2   0   0   0   1   0   0   1   0  2.64 0.88
    5 T     1  -1   0  -3  -3   3  -2  -1  -2   0   0   0   1  -3  -1   1   2  -4  -3   1   15   2   4   0   0  15   0   3   0   5   7   5   3   0   3   9  17   0   0  11  0.21 0.21
    6 E     0   2  -1   2  -4   2   2  -1  -1  -3   1   1  -1  -1  -3  -1  -1  -4  -3  -2    9  11   1  12   0  13  17   4   1   0  18   7   0   3   0   2   2   0   0   1  0.24 0.20
    7 K    -4   7  -4  -5  -7   0  -3  -4  -4  -6  -6   4  -1  -6  -5  -3  -4  -6  -5  -4    1  70   0   0   0   2   0   1   0   0   0  22   2   0   0   1   0   0   0   1  1.86 0.69
    8 V    -2  -5  -6  -6  -4  -5  -5  -6  -4   4   3  -4   1  -3  -5  -5  -2  -5  -4   5    2   0   0   0   0   0   0   0   0  20  23   1   3   0   0   0   1   0   0  50  1.10 0.47
    9 A     4  -3   1  -3  -4  -2   2   3  -4  -5  -5  -1  -4  -5  -4   1  -3  -5  -5  -4   43   0   7   0   0   1  14  23   0   0   0   2   0   0   0  10   0   0   0   0  0.78 0.42
   10 S     0  -1   0   2  -5   2   4  -1   0  -5  -4   0  -1  -5  -3   2  -2  -5  -4  -3    7   1   3  13   0  10  33   4   2   0   0   5   2   0   0  17   0   0   0   1  0.59 0.34
   11 L    -1   1  -3  -2  -4   4   3  -5  -2  -1   3  -2   0  -2  -4  -2  -1  -4  -3  -2    5   8   0   1   0  24  21   0   1   3  28   0   2   1   0   1   3   0   0   2  0.53 0.35
   12 L    -3  -6  -6  -6  -4  -5  -6  -7  -6   6   2  -6   3  -1  -6  -5  -4  -5  -4   2    1   0   0   0   0   0   0   0   0  58  19   0   7   2   0   0   0   0   0  13  1.35 0.53
   13 Q    -3   5   0  -4  -4   5  -1  -4   1  -3  -3   3   0  -5  -2  -2  -3  -5  -1  -3    1  29   4   0   0  31   1   1   3   2   2  19   2   0   1   2   0   0   2   1  0.94 0.47
   14 Q    -2   5  -2  -2  -6   1   2  -4   4  -5  -5   4  -3  -5  -4  -3  -1  -5  -2  -3    3  34   1   1   0   6  14   0  11   0   0  23   0   0   0   0   3   0   1   2  0.90 0.43
   15 E     2  -3  -3   1  -4  -1   5  -3  -3   1  -1  -1  -2  -3  -4  -1   0  -5  -4   1   16   0   0   8   0   1  41   1   0   7   5   2   0   1   0   2   5   0   0  10  0.54 0.35
   16 L    -4  -5  -6  -6  -4  -5  -6  -6  -6   5   4  -5   1  -3  -6  -5  -3  -5  -4   3    0   0   0   0   0   0   0   0   0  30  45   0   2   0   0   0   1   0   0  22  1.16 0.48
   17 G     4  -4   0  -3  -3  -3  -3   1  -4  -1  -4  -3  -1  -5  -2   4   1  -5  -4  -2   41   0   5   1   0   0   0   8   0   4   0   0   1   0   1  28   9   0   0   2  0.72 0.42
   18 A     0   0   1   2  -4   2   3  -2   0  -2  -1   0   0  -3  -3   0   0  -2  -3  -1    7   3   6  14   0   9  27   2   2   2   5   3   3   1   0   7   5   0   0   4  0.30 0.21
   19 I     0  -4  -5  -5  -3  -3  -3  -4  -5   5   3  -3   2  -1  -5  -3  -1  -4  -3   2   10   0   0   0   0   0   1   1   0  37  27   1   5   1   0   2   3   0   0  12  0.70 0.34
   20 L    -3  -5  -4  -6  -4  -5  -6  -6  -5   5   5  -5   0   1  -5  -5  -3  -4  -3   0    1   0   1   0   0   0   0   0   0  34  52   0   1   6   0   0   0   0   0   3  1.16 0.47
   21 E     0   2  -1  -1  -4   5   1  -3   0  -1   0  -1   0  -4  -2   0  -1  -4  -1  -1    8  14   2   2   0  28  10   1   2   4  10   2   3   0   1   6   2   0   2   3  0.36 0.26
   22 K    -3   5   2  -1  -5   1   0  -2   1  -4  -2   3  -1  -2  -4  -1   0  -4  -1  -3    1  37  10   3   0   5   5   2   3   1   4  15   1   1   0   3   6   0   2   1  0.57 0.31
   23 E    -2   1  -2   3  -4  -1   5   1  -2  -5  -5   3  -4  -6  -4  -1  -2  -5  -5  -5    2   6   1  16   0   1  37  11   1   0   0  21   0   0   0   3   1   0   0   0  0.79 0.40
   24 Y    -3  -4  -3   5  -4  -2   0  -5  -3   3   0  -2  -3  -1  -3  -3  -2  -5  -1   3    0   0   0  38   0   1   6   0   0  16   8   2   0   2   1   1   2   0   2  20  0.66 0.36
   25 P    -3   1  -3   0  -5  -2   0  -4  -2  -2  -3  -1  -1  -2   7  -4  -2  -6  -2   0    1   8   1   5   0   1   5   1   1   2   2   3   2   2  57   0   2   0   1   6  1.27 0.51
   26 R    -4   7   1   0  -6  -1  -2  -5   1  -4  -1   1  -3  -3  -5  -3  -3  -5  -2  -1    0  62   6   5   0   1   1   0   3   1   6   7   0   1   0   1   1   0   1   5  1.17 0.52
   27 G    -1  -3  -2   2  -3  -2  -2  -2   0   3   3  -3  -1  -2  -1  -1  -2  -4  -2   2    3   1   2  13   0   1   2   3   2  19  27   0   0   1   3   4   2   0   1  18  0.31 0.22
   28 G     0  -1   1   1  -4   0  -1   4   0  -4  -3   0  -3  -4   1   1  -1  -4  -4  -4    7   3   7   7   0   4   2  36   2   0   3   7   0   0   6  11   4   0   0   0  0.44 0.24
   29 P     0   0   1   0  -1   0   0   2   2  -1  -1   0  -1  -2   1   0   0  -2  -1  -1    7   5   7   6   1   2   8  16   7   4   4   6   1   2   7   7   7   0   1   4  0.10 0.06
   30 L    -2  -3  -2  -4  -3  -3  -4  -3  -3   1   3  -3   6   4  -3  -2  -2   1   0   0    2   1   2   1   0   1   1   1   0   6  28   1  22  18   1   3   1   2   2   6  0.60 0.29
   31 L     0  -5  -5  -5  -1  -4  -4  -5  -5   4   1  -4   0  -3  -2  -3  -1  -5  -3   5    6   0   0   0   1   0   0   0   0  23  11   0   1   0   2   2   3   0   0  48  0.85 0.37
   32 T    -2  -3   0  -3  -4  -3  -2  -3  -4  -4  -4  -3  -4  -5  -4   3   7  -5  -4  -3    1   1   3   1   0   0   2   2   0   0   0   0   0   0   0  24  63   0   0   1  1.35 0.58
   33 V    -4  -6  -6  -6  -4  -6  -6  -7  -6   6   0  -6  -2  -2  -6  -5  -3  -6  -4   6    0   0   0   0   0   0   0   0   0  41   6   0   0   1   0   0   0   0   0  52  1.50 0.56
   34 V    -2  -4   1  -4  -4   0  -3  -3   0  -2  -4  -3  -4  -5  -1   3   6  -6  -4   1    1   0   5   0   0   5   0   2   2   2   0   0   0   0   2  22  51   0   0   8  0.93 0.48
   35 D     0   1  -1   4  -5  -1   4   1   0  -5  -5   1  -2  -5  -3   0  -3   0  -3  -4    8   9   1  22   0   1  26  13   2   0   0   9   1   0   0   5   0   1   0   1  0.55 0.30
   36 V    -1  -6  -6  -7  -3  -6  -6  -6  -7   1  -2  -6  -3  -4  -6  -4  -2  -6  -5   7    4   0   0   0   0   0   0   0   0   6   1   0   0   0   0   0   2   0   0  87  1.84 0.68
   37 K    -3   4  -1   2  -2   1   4  -4  -1  -2  -3   2  -2  -5  -4  -1  -1  -5  -4  -3    0  22   1  12   1   5  30   0   1   2   1  15   1   0   0   4   3   0   0   2  0.64 0.34
   38 V    -2  -5  -6  -6   2  -5  -5  -6  -6   2   2  -5   5  -2  -4  -4  -2  -5  -4   5    1   0   0   0   5   0   0   0   0   9  20   0  13   1   0   0   1   0   0  49  1.04 0.45
   39 T    -1  -4  -2  -4  -4  -3  -4  -4  -4  -5  -4  -2  -3  -6  -3   6   5  -6  -5  -4    3   0   0   0   0   0   0   0   0   0   1   1   0   0   1  57  35   0   0   0  1.36 0.62
   40 A     0   2   1   0  -4  -1  -1   2  -2  -5  -5   2  -4  -5   4  -1  -1  -5  -3  -4    9  15   7   6   0   1   4  15   1   0   0  13   0   0  24   3   3   0   0   0  0.54 0.28
   41 D    -6  -6  -1   8  -8  -4  -2  -1  -5  -7  -8  -5  -7  -8  -5  -4  -5  -8  -7  -7    0   0   1  94   0   0   0   4   0   0   0   0   0   0   0   0   0   0   0   0  2.64 0.85
   42 L    -4  -2  -6  -6  -4  -3  -5  -3  -5  -1   6  -1   2   0  -6  -4  -3  -4   2  -2    0   2   0   0   0   1   0   2   0   1  72   5   5   4   0   1   1   0   7   1  1.12 0.49
   43 G     1   3  -2  -3  -4   3  -2   0   3  -3  -3   3  -3  -3  -3   2  -2  -4  -1  -3   13  16   0   0   0  12   0   7   7   1   1  18   0   1   0  20   1   0   2   1  0.44 0.29
   44 L    -2  -3   0   0  -2   0  -1  -5   7   2  -1  -3  -2   0  -5  -1  -2  -3   4   0    2   0   5   6   1   4   3   0  30  14   4   0   1   4   0   5   2   0  16   6  0.67 0.35
   45 A     7  -5  -5  -5   2  -4  -5  -3  -5  -5  -4  -4  -2  -6  -4  -2  -3  -6  -5  -1   89   0   0   0   4   0   0   1   0   0   1   0   1   0   0   0   1   0   0   3  1.80 0.71
   46 R    -3   2   0  -1  -5  -1  -2  -4  -3  -3  -5   5  -4  -2  -4  -2   4  -5  -1  -3    0  10   5   4   0   1   1   0   0   1   0  46   0   2   0   1  26   0   2   1  0.91 0.46
   47 A     0  -6  -6  -6   2  -5  -6  -6  -6   4  -1  -5  -2  -4  -5  -4  -3  -6  -4   6    7   0   0   0   5   0   0   0   0  19   2   0   0   0   0   0   1   0   0  66  1.39 0.55
   48 Y    -6  -4  -5  -7  -6  -6  -6  -7  -1  -4  -3  -4  -4   7  -7  -5  -6   0   8  -5    0   1   0   0   0   0   0   0   1   0   1   1   0  40   0   0   0   1  55   0  2.33 0.76
   49 V    -3  -5  -5  -6  -4  -5  -5  -6  -4   2   0  -5  -1   3  -5  -4  -3   2   4   5    1   0   0   0   0   0   0   0   0  11   8   0   1  14   0   0   0   2  17  45  1.01 0.44
   50 S    -1  -3  -3  -1  -2  -3  -3  -2  -4  -3  -2  -1   1  -3  -4   4   5  -5  -4  -2    4   0   0   3   1   0   1   2   0   1   4   3   4   1   0  36  38   0   0   2  0.80 0.44
   51 I    -1  -2  -4  -4   2  -3  -3  -4  -2   3   0  -3   0   2   2  -1  -1  -4  -1   3    5   2   0   0   4   1   1   0   1  20   5   0   1  12  12   5   4   0   1  27  0.42 0.25
   52 I    -3  -2  -4  -5  -4  -4  -5  -4  -1   1   4  -4   4   3  -4  -4  -2  -3   3  -1    1   2   1   0   0   0   0   1   1   9  43   0  13  15   1   0   2   0   9   2  0.74 0.34
   53 G     0  -3   2  -1   0  -2  -1   5  -2  -3  -2  -2  -2  -3   0   0  -1  -4  -4  -2    6   0   9   2   3   1   3  51   1   1   3   2   1   1   4   6   3   0   0   2  0.68 0.29
   54 S    -1  -2   2   3  -3   0   1   2   0  -3  -4  -1  -2  -3  -2   1   2  -4  -3  -2    4   1   8  20   0   3  10  15   2   1   0   3   1   1   1  12  12   0   1   3  0.32 0.20
   55 E     0   0   0   3  -4   0   4  -1   1  -4  -3   1  -4  -5   1   0  -2  -5  -4  -4    7   5   3  20   0   2  29   5   3   1   2  10   0   0   7   4   1   0   0   0  0.49 0.26
   56 E     0  -2   0   3  -4   1   4  -2  -1  -3  -2   1  -2  -4   1   0  -1  -4  -3  -3   10   1   5  17   0   5  27   2   1   1   4  10   1   0   7   6   2   0   1   1  0.39 0.23
   57 Q     1  -1   0   1  -3   3   3  -2   1  -3  -3   1  -2  -4  -2   1   0  -4  -3  -2   10   2   2   9   0  13  25   3   3   1   1   9   1   0   1  10   7   0   0   2  0.36 0.22
   58 R     0   3   0   0  -2   1   0  -2   0   1  -1   2  -1  -2   0  -1  -1  -3  -1   0    6  17   3   5   0   8   3   2   2  10   4  16   2   1   4   4   3   0   1   8  0.14 0.12
   59 T     2   0   1   2  -3   1   2  -2  -1  -2  -3   3  -2  -3   0  -1  -1  -4  -3  -2   18   3   5  13   0   6  15   1   1   2   1  20   0   1   3   3   3   0   0   2  0.30 0.20
   60 A     1  -1   0   2  -4   2   4  -2   0  -2  -2   1  -3  -3  -1   0   0  -4  -2  -2   14   3   4   9   0   7  30   2   2   2   4   8   0   1   2   4   5   0   1   2  0.33 0.21
   61 A     2  -3  -2  -4   0  -3  -3  -1  -4   2  -1  -1  -1  -3  -3   0   3  -4  -3   2   22   1   1   0   1   0   0   5   0  15   4   3   1   0   0   5  21   0   0  19  0.36 0.25
   62 M     0  -2  -4  -3  -3   0  -1  -4  -3   2   3  -3   4   0  -4  -3  -1  -4  -3   2    9   1   0   1   0   6   5   0   0  13  34   0  11   3   0   0   3   0   0  12  0.41 0.25
   63 E     2   0   0   1  -4   1   3  -2  -2  -3  -3   3  -2  -4  -1   0  -1  -4  -3  -3   21   4   4   6   0   7  23   2   0   1   1  18   1   0   2   6   3   0   0   0  0.39 0.24
   64 F     4  -3  -2  -3  -3  -2  -2   4  -1   0  -2  -1  -3  -2  -3  -1  -2  -1  -2   0   38   1   2   0   0   2   2  28   1   7   3   3   0   1   0   3   1   1   1   6  0.52 0.30
   65 L    -5  -6  -7  -7  -5  -5  -6  -7  -6   0   6  -6   0   1  -6  -6  -4  -3  -3  -2    0   0   0   0   0   0   0   0   0   3  90   0   1   4   0   0   0   0   1   1  1.72 0.63
   66 R    -1   1   5   0  -5   3   3  -3   0  -4  -4   3  -4  -5  -4  -1  -1  -5  -4  -4    5   5  27   4   0  13  19   1   2   0   1  18   0   0   0   2   3   0   0   1  0.68 0.35
   67 D     1   3   1   0  -4   1   1  -2   1  -4  -3   3  -3  -5  -3   2  -1  -5  -4  -3   11  14   7   5   0   5   9   1   3   0   1  25   0   0   0  16   3   0   0   1  0.43 0.26
   68 E     5  -2   1  -4  -1  -3  -2  -3   3  -2  -3  -1  -4  -4  -4   1  -2  -5  -2  -1   61   1   7   0   1   0   2   0   6   1   2   3   0   0   0  10   0   0   1   3  0.85 0.45
   69 T     3   1  -2  -3  -4  -1   0  -2  -1  -4  -4   4  -2  -5  -3   2   2  -5  -4  -3   28   6   1   0   0   2   5   1   2   0   0  25   0   0   0  18  12   0   0   1  0.56 0.34
   70 K    -1  -1  -1  -3  -5  -4  -4   6  -2  -6  -6   1  -5  -3   0  -1  -3  -5  -3  -4    4   4   2   1   0   0   0  68   1   0   0   8   0   1   4   4   1   0   1   1  1.27 0.49
   71 N    -1  -2  -3  -5  -5  -1  -1  -5   1  -2   0  -4   0   6  -4  -3  -1   0   5   0    4   2   1   0   0   3   5   0   3   1   8   0   2  41   1   1   3   1  19   5  0.88 0.39
   72 I    -4  -5  -6  -6  -4  -5  -6  -6  -6   5   4  -5   1   3  -6  -5  -4  -4  -3   1    0   0   0   0   0   0   0   0   0  42  40   0   3  10   0   0   0   0   0   5  1.17 0.46
   73 R    -3   8  -4  -5  -7   2  -3  -6   0  -7  -6   1  -5  -6  -5  -2  -4  -6  -4  -6    2  78   0   0   0   8   0   0   2   0   0   7   0   0   0   3   0   0   0   0  1.94 0.70
   74 H    -1   3   2  -3  -3   1  -2   1   3  -3  -3   2   0  -3  -3   3   1  -4  -1  -3    2  16   8   0   0   5   0   9   9   1   1  12   3   1   0  23   9   0   2   0  0.38 0.26
   75 I    -1   1  -2  -1  -2   2   4  -2   0  -1   1   0   0   0  -3  -1  -1  -3   0  -1    5   7   1   2   1   8  31   2   2   4  17   4   2   5   0   2   2   0   3   3  0.25 0.21
   76 L    -2  -5  -6  -6  -1  -5  -6  -6  -6   3   5  -5   0  -3  -5  -5  -3  -5  -4   4    2   0   0   0   1   0   0   0   0  14  56   0   1   0   0   0   0   0   0  26  1.10 0.45
   77 S     3  -4  -2  -4  -2  -4  -4   4  -4  -3  -3  -3  -1   0  -4   2  -1  -5  -3  -3   31   0   1   0   1   0   0  37   0   1   2   0   2   5   0  16   3   0   1   0  0.78 0.39
   78 T     0   3   0  -2  -5   3   0  -1   2  -5  -5   5  -4  -5  -2   0  -2  -5  -3  -4    7  17   5   1   0  11   3   4   5   0   0  35   0   0   2   8   1   0   1   0  0.63 0.34
   79 R     0   5   2  -2  -4   1   1  -2   0  -4  -3   2  -2  -4  -3   0   0  -4  -3  -3    9  37   9   1   0   6   7   3   1   1   1  10   1   0   0   6   6   0   1   1  0.54 0.28
   80 I    -3  -4  -4  -4  -3  -3  -4  -4  -4   4   4  -4   5  -2  -4  -4  -2  -3  -3   2    1   1   0   1   0   0   1   1   0  23  40   1  15   1   1   1   2   0   0  13  0.80 0.33
   81 R    -1   4   2  -1  -2   0  -1  -1  -1  -2  -2   3  -1  -2  -1  -1  -1  -2  -2  -2    4  30  13   3   1   2   3   5   1   2   4  17   2   2   2   4   3   1   1   3  0.36 0.14
   82 H     0   0   0   0  -1   0   0   0   1   0   0   0   0  -1   0   0   1   2   0   0    8   4   4   4   1   6   5   5   6   5   9   5   2   3   4   7  12   3   3   6  0.03 0.01
   83 Q    -1   0   0   0  -1   2   0   1   3  -1  -1   0  -1  -1  -1   0   1  -1   0  -1    3   3   2   5   1  11   6  15   9   3   4   4   1   2   2   6  11   1   4   6  0.10 0.06
   84 F    -3  -4  -5  -5  -3  -4  -4  -5  -4   2   4  -4   5   1  -4  -3  -2   3  -3   1    1   0   0   0   0   0   0   1   0  11  48   0  17   4   0   2   1   4   0   9  0.84 0.35
   85 R    -3   7  -3  -5  -6  -2  -3  -5   2  -5  -5   3  -4   0  -5  -3  -4  -5   2  -5    2  62   0   0   0   0   0   0   5   0   0  17   0   5   0   1   0   0   7   0  1.47 0.57
   86 R    -2   2   0  -3  -4  -1  -2  -4   2   1  -1   2  -2   3  -4  -1   1  -2   4   0    1  11   4   0   0   1   1   0   5   9   3  15   0  13   0   3  10   0  17   7  0.35 0.24
   87 I     1  -4  -3  -4   2  -4  -4  -4  -4   2  -1  -4   3  -1  -4  -1   3  -5  -3   4   12   0   1   0   5   0   0   0   0  12   3   0   8   2   0   4  25   0   0  29  0.58 0.33
   88 P    -4  -6  -6  -6  -7  -6  -5  -6  -6  -7  -7  -5  -7  -8   9  -5  -5  -8  -7  -3    1   0   0   0   0   0   0   0   0   0   0   0   0   0  97   0   0   0   0   2  3.23 0.96
   89 E    -2   0   0   2  -5   1   5  -4  -1  -4  -5   2  -4  -5  -1  -2   2  -5  -4  -3    2   5   3  11   0   5  44   0   1   1   0  10   0   0   2   1  13   0   0   1  0.76 0.38
   90 L    -4  -5  -6  -7  -4  -5  -6  -7  -6   3   5  -5   0   1  -6  -5  -4  -5  -4   1    0   0   0   0   0   0   0   0   0  19  68   0   2   5   0   0   0   0   0   7  1.29 0.50
   91 E    -2   4  -1  -3  -4   0   0  -4   6   0  -2   0  -2  -2  -4   0   1  -3  -2   0    1  25   1   0   0   3   7   0  21   6   3   5   0   2   0   5  12   0   0   7  0.51 0.30
   92 F    -6  -7  -7  -8  -6  -7  -7  -7  -5  -3  -3  -7  -4   9  -8  -6  -6  -3   0  -4    0   0   0   0   0   0   0   0   0   1   1   0   0  96   0   0   0   0   1   1  2.99 0.89
   93 F    -2   1  -2  -3  -1   0   1  -4   4   1  -1   2  -1   0  -4  -2  -1  -3   2   2    2   8   1   0   1   4   9   0  12   9   5  13   0   4   0   1   2   0   8  21  0.26 0.21
   94 E    -1   0  -3  -2  -4   0   0  -4   2   0   1   0  -1   2  -1  -2  -3   2   5  -1    4   5   1   2   0   3   7   0   5   6  17   5   1   8   3   1   0   2  27   2  0.39 0.25
   95 D    -6  -6  -3   8  -8  -4  -1  -5  -5  -7  -8  -5  -7  -8  -6  -4  -5  -9  -7  -7    0   0   0  98   0   0   2   0   0   0   0   0   0   0   0   0   0   0   0   0  2.85 0.90
   96 R    -1   1   2   3  -4   1   3  -2   1  -3  -4   1  -3  -4  -1   0   2  -4  -2  -3    4   8   8  15   0   7  20   1   4   1   1   7   0   0   2   5  13   0   1   1  0.36 0.22
   97 L     0  -1  -2  -3  -4  -2  -3   0  -4  -1  -2  -3  -3  -4  -4   5   2  -5  -4   0    6   4   1   0   0   1   1   8   0   4   4   0   0   0   0  51  14   0   0   7  0.68 0.40
   98 F    -2  -4  -3  -3  -3  -2  -3  -5  -4   3   2  -4   0   4   1  -2  -1  -3   0   2    3   0   1   1   0   1   2   0   0  21  21   0   2  21   8   2   4   0   3  11  0.46 0.25
   99 E    -1  -1  -1   5  -5   0   5  -3  -3  -2  -4  -1  -4  -4  -4   0  -3  -6  -5  -1    6   2   2  29   0   2  39   2   0   3   1   2   0   0   0   5   0   0   0   6  0.81 0.40
  100 Q    -1   3   2  -1  -5   0   2  -4   2  -4  -4   2  -4  -2  -1  -2  -1  -3   5  -3    4  18  11   2   0   3  13   0   4   0   0  14   0   0   2   1   4   0  22   2  0.55 0.32
  101 A     3  -4  -3  -4  -4   0  -3   5  -3  -2  -3  -4  -1  -2  -4   0  -3  -5  -2  -2   28   0   0   0   0   5   1  47   0   3   1   0   1   2   0   7   1   0   1   3  0.86 0.41
  102 N     1   0   2   1  -3   0   0  -2   0   1   0  -1   3  -1  -3   1   0  -4  -2   0   15   4  11   8   0   4   5   1   2   9   7   2  11   2   0  10   4   0   0   5  0.12 0.14
  103 R    -2   5  -1  -1  -6   0   2  -4   5  -5  -5   3  -4  -4  -4  -1  -3  -5   1  -5    2  35   2   3   0   2  11   0  16   0   0  18   0   0   0   4   1   0   4   0  0.88 0.41
  104 I    -4  -6  -6  -6  -4  -5  -6  -7  -6   6   2  -5   6  -3  -6  -5  -2  -5  -4   2    0   0   0   0   0   0   0   0   0  51  13   0  22   0   0   0   2   0   0  12  1.39 0.54
  105 E    -2  -2   2   5  -2  -1   4  -3  -1  -4  -2  -2  -2  -4  -4   2  -2  -6  -4  -3    2   1   8  29   1   1  27   1   1   1   5   0   1   0   0  18   1   0   0   1  0.70 0.38
  106 E     1   2   2   1  -3   2   3  -2  -1  -5  -4   2  -3  -3  -3   0  -1  -5  -4  -4   12  12  12   5   0  11  20   2   1   0   1  11   0   1   0   8   2   0   0   0  0.44 0.26
  107 L    -3  -5  -6  -6  -4  -5  -6  -7  -6   3   6  -3   1  -3  -6  -3  -3  -5  -4   0    1   0   0   0   0   0   0   0   0  13  76   1   3   0   0   2   1   0   0   3  1.36 0.53
  108 L    -4  -5  -6  -6  -4  -5  -6  -7  -6   4   5  -5   0   2  -6  -5  -4  -4  -3   1    0   0   0   0   0   0   0   0   0  27  58   0   1   7   0   0   0   0   0   7  1.21 0.47
  109 R     1   3   2   2  -4   0   1  -2   1  -4  -4   2  -3  -5  -3   1  -1   0  -3  -3   12  21  13  13   0   3  10   1   3   0   1  10   0   0   0   8   3   2   0   0  0.42 0.25
  110 S    -1   2   1   1  -5   3   3  -2  -1  -4  -3   2  -3  -5  -3   1  -1  -5  -4  -3    3  12   7   8   0  13  25   2   1   0   2  16   0   0   0   8   2   0   0   1  0.50 0.28
  111 V     3  -4  -5  -5  -3  -4  -4  -4  -5   4   2  -4  -1  -3  -3  -2   0  -5  -4   3   25   0   0   0   0   0   0   0   0  23  24   0   0   0   0   1   5   0   0  21  0.63 0.33
  112 R     0   3   2   0  -4   1   0  -2   1   0  -2   3  -2  -4  -3   0  -1  -4  -3   1    6  18  10   4   0   6   6   1   3   5   2  20   0   0   0   4   3   0   0  11  0.27 0.19
  113 K     1   3   1  -1  -4   2   2  -2   0  -3  -3   4  -3  -3  -3   0  -1  -5  -3  -4   12  18   7   1   0   8  13   1   2   1   1  27   0   1   1   4   2   0   0   0  0.45 0.26
  114 D    -1   1   1   3  -5   2   3  -2   0  -5  -4   2  -3  -5  -1   0  -1  -5  -4  -4    5   8   6  19   0   9  23   2   2   0   0  15   0   0   3   6   3   0   0   0  0.49 0.25
  115 D    -3   2   0   6  -5  -1   2  -3  -2  -5  -1   2  -4  -5  -1  -2  -2  -6  -5  -5    0  10   4  48   0   1  12   1   1   0   6  11   0   0   3   1   2   0   0   0  0.85 0.36
  116 G     1   0   1   1  -4   2   2   1   0  -4  -3   2  -2  -4  -1   0  -1  -4  -3  -2   14   3   7   7   0   8  17  13   2   0   1  18   1   0   2   4   1   0   0   2  0.31 0.18
  117 D    -2  -1   3   4  -5   1   4  -3   0  -5  -4   1  -4  -5  -1  -1  -1  -5  -4  -4    2   1  13  27   0   6  31   1   2   0   1   8   0   0   3   2   3   0   0   0  0.69 0.28
  118 N    -2   1   4   5  -4  -1   0  -1   2  -4  -1  -1  -3  -4  -3   0  -2  -5  -4  -4    1   9  20  43   0   1   3   3   5   0   8   2   0   0   0   6   0   0   0   0  0.69 0.28
  119 A     4  -3  -2  -2  -2  -2  -2   3  -3  -3  -4  -2  -3  -4  -2   4  -1  -4  -3  -2   46   0   0   0   0   0   0  19   0   0   0   0   0   0   0  35   0   0   0   0  0.70 0.24

                      K         Lambda
Standard Ungapped    0.1366     0.3199
Standard Gapped      0.0571     0.2670
PSI Ungapped         0.1865     0.3175
PSI Gapped           0.0571     0.2670
