
Last position-specific scoring matrix computed, weighted observed percentages rounded down, information per position, and relative weight of gapless real matches to pseudocounts
           A  R  N  D  C  Q  E  G  H  I  L  K  M  F  P  S  T  W  Y  V   A   R   N   D   C   Q   E   G   H   I   L   K   M   F   P   S   T   W   Y   V
    1 M   -1 -2 -3 -4 -2 -1 -3 -3 -2  1  2 -2  8  0 -3 -2 -1 -2 -1  0    0   0   0   0   0   0   0   0   0   0   0   0 100   0   0   0   0   0   0   0  0.65 0.07
    2 E   -1 -1  0  3 -4  2  6 -2  0 -4 -3  0 -3 -4 -2  0 -1 -4 -3 -3    0   0   0  12   0   0  88   0   0   0   0   0   0   0   0   0   0   0   0   0  0.80 0.04
    3 A    4 -1 -1 -1 -1 -1 -1  0 -2 -2 -2 -1 -1 -3 -1  3  1 -3 -2 -1   57   0   0   0   0   0   0   0   0   0   0   0   0   0   0  37   5   0   0   0  0.38 0.03
    4 L   -1 -3 -4 -4 -1 -3 -3 -4 -3  2  3 -3  2  1 -3 -2 -1 -2 -1  2    3   0   0   0   0   0   0   0   0   7  57   0   0   8   0   0   0   0   0  25  0.33 0.02
    5 V    3 -2 -3 -3 -1 -2 -2 -2 -3  1  0 -2  0 -2 -2  0  0 -3 -2  3   43   0   0   0   0   0   0   0   0   0   0   0   0   0   0   0   0   0   0  57  0.27 0.03
    6 Y   -2 -2 -3 -4 -3 -2 -3 -4  2 -2 -2 -2 -1  3 -4 -2 -2  2  8 -2    0   0   0   0   0   0   0   0   0   0   0   0   0   0   0   0   0   0 100   0  1.12 0.06
    7 T   -1 -2 -1 -2 -1 -2 -2 -3 -3  2  0 -2  0 -2 -2  0  4 -3 -2  2    0   0   0   0   0   0   0   0   0  30   0   0   0   0   0   0  56   0   0  14  0.30 0.03
    8 F   -2 -3 -4 -4 -2 -3 -4 -4 -2  1  3 -3  1  6 -4 -3 -2  0  2  0    0   0   0   0   0   0   0   0   0   5  35   0   0  57   0   0   0   0   0   3  0.51 0.03
    9 L   -1 -3 -4 -4 -1 -3 -3 -4 -3  3  4 -3  2  0 -3 -3 -1 -2 -1  2    0   0   0   0   0   0   0   0   0  19  63   0   0   0   0   0   0   0   0  18  0.40 0.02
   10 L   -2 -3 -4 -4 -2 -2 -3 -4 -3  1  4 -3  3  3 -3 -3 -2 -1  0  0    0   0   0   0   0   0   0   0   0   0  76   0   8  17   0   0   0   0   0   0  0.44 0.03
   11 V    1 -2 -2 -3 -1 -2 -2 -2 -3  2  0 -2  0 -1 -2  0  2 -3 -2  3   15   0   0   0   0   0   0   0   0  18   0   0   0   0   0   0  29   0   0  38  0.22 0.02
   12 G    0 -2 -1 -2  2 -1 -2  3 -2  0  1 -2  2 -1 -2  1  0 -2 -2  0    3   0   0   0   7   0   0  29   0   0  21   0  15   0   0  19   3   0   0   3  0.18 0.02
   13 T    2 -2 -1 -2  1 -1 -1 -2 -2  0  0 -1 -1 -2 -2  1  4 -3 -2  1   21   0   0   0   4   0   0   0   0   0   7   0   0   0   0   0  61   0   0   8  0.30 0.03
   14 L   -2 -3 -4 -4 -2 -3 -3 -4 -3  2  4 -3  2  0 -3 -3 -1 -2 -1  2    0   0   0   0   0   0   0   0   0  17  76   0   0   0   0   0   0   0   0   8  0.44 0.03
   15 G    2 -2 -1 -2 -2 -2 -2  5 -2 -2 -2 -2  0 -3 -2  1 -1 -3 -3 -1   21   0   0   0   0   0   0  62   0   0   0   0   7   0   0   7   0   0   0   4  0.56 0.03
   16 I   -1 -3 -3 -3 -1 -2 -3 -4 -3  3  1 -2  1 -1 -3 -1  1 -3 -2  3    0   0   0   0   0   0   0   0   0  40   7   0   0   0   0   0  15   0   0  38  0.30 0.02
   17 I   -2 -3 -4 -4 -2 -3 -4 -4 -3  4  3 -3  1  1 -3 -3 -1 -2 -1  2    0   0   0   0   0   0   0   0   0  53  40   0   0   7   0   0   0   0   0   0  0.39 0.03
   18 F   -3 -3 -4 -4 -3 -4 -4 -4 -2  0  0 -4  0  7 -4 -3 -3  1  3 -1    0   0   0   0   0   0   0   0   0   0   0   0   0 100   0   0   0   0   0   0  0.96 0.06
   19 F   -1 -3 -3 -4 -3 -4 -4 -3 -2 -1  0 -3  0  7 -4 -3 -2  1  3 -1    5   0   0   0   0   0   0   0   0   0   0   0   0  95   0   0   0   0   0   0  0.85 0.05
   20 A    5 -2 -2 -2 -1 -1 -1  0 -2 -2 -2 -1 -1 -3 -1  1  0 -3 -2 -1   91   0   0   0   0   0   0   2   0   0   0   0   0   0   0   7   0   0   0   0  0.47 0.04
   21 I   -1 -3 -4 -4 -1 -3 -4 -4 -4  5  1 -3  1 -1 -3 -3 -1 -3 -2  3    0   0   0   0   0   0   0   0   0  82   0   0   0   0   0   0   0   0   0  18  0.47 0.04
   22 F    2 -3 -3 -3 -2 -2 -2 -2 -2  0  0 -2  0  5 -3 -1 -1  0  2 -1   38   0   0   0   0   0   0   0   0   3   0   0   0  59   0   0   0   0   0   0  0.40 0.03
   23 F   -3 -3 -4 -4 -3 -4 -4 -4 -2  0  0 -4  0  7 -4 -3 -3  1  3 -1    0   0   0   0   0   0   0   0   0   0   0   0   0 100   0   0   0   0   0   0  0.96 0.06
   24 R   -2  7 -1 -2 -4  1  0 -3 -1 -4 -3  2 -2 -3 -3 -1 -2 -3 -2 -3    0 100   0   0   0   0   0   0   0   0   0   0   0   0   0   0   0   0   0   0  0.92 0.05
   25 E   -1 -1  0  4 -4  1  5 -2 -1 -4 -4  0 -3 -4 -2  0 -1 -4 -3 -3    0   0   0  31   0   0  69   0   0   0   0   0   0   0   0   0   0   0   0   0  0.75 0.04
   26 P   -1 -3 -2 -2 -3 -2 -1 -3 -3 -3 -3 -1 -3 -4  8 -1 -1 -4 -3 -3    0   0   0   0   0   0   0   0   0   0   0   0   0   0  95   2   3   0   0   0  2.01 0.06
   27 P   -1 -3 -3 -2 -3 -2 -2 -3 -3 -3 -3 -1 -3 -4  8 -1 -2 -4 -4 -3    0   0   0   0   0   0   0   0   0   0   0   0   0   0 100   0   0   0   0   0  2.17 0.06
   28 K   -2  6 -1 -2 -4  1  0 -2 -1 -3 -3  3 -2 -3 -2 -1 -1 -3 -2 -3    0  70   0   0   0   0   0   0   0   0   0  28   0   0   0   0   2   0   0   0  0.69 0.04
   29 I   -1 -3 -4 -4 -2 -3 -3 -4 -3  4  2 -3  2  1 -3 -3 -1 -3 -1  3    0   0   0   0   0   0   0   0   0  72   5   0   3   4   0   0   0   0   0  15  0.40 0.03
   30 E    0  0  1  0 -2  1  2  0 -1 -2 -3  0 -2 -3  4  0  1 -3 -2 -2   11   3   7   0   0  10  20   8   0   2   0   0   0   0  24   5  10   0   0   0  0.39 0.02
   31 V    0  1  1  0 -2  0  0 -2 -1 -2 -2  3 -1 -3  0  1  2 -3 -2 -1    2   6   9   2   0   0   3   0   0   0   0  42   0   0   2   6  20   0   0   8  0.24 0.02
   32 K   -1  2  0  1 -4  1  1 -2 -1 -3 -3  4 -2 -4  2  0 -1 -4 -2 -3    3   4   2  10   0   4   2   0   0   0   0  66   0   0   8   0   0   0   0   0  0.47 0.04
   33 E    0  0  0  0 -3  1  2  2 -1 -3 -3  3 -2 -3 -1  1  0 -3 -2 -3    0   0   3   3   0   0  18  21   0   0   0  34   0   0   0  16   6   0   0   0  0.30 0.02
   34 K   -1  1  1  1 -3  0  1  2 -1 -2 -2  3 -1 -3 -2  0  0 -3 -2 -2    0   4   7   8   0   0   8  19   0   3   0  37   3   0   0   3   6   0   0   0  0.24 0.02
   35 K   -1  2  0 -1 -3  1  1 -2 -1 -3 -3  5 -2 -4 -1  0 -1 -4 -2 -3    0   0   0   0   0   0   0   0   0   0   0  94   0   0   0   6   0   0   0   0  0.61 0.04

                      K         Lambda
Standard Ungapped    0.1519     0.3329
Standard Gapped      0.0410     0.2670
PSI Ungapped         0.1519     0.3329
PSI Gapped           0.0410     0.2670
