
Last position-specific scoring matrix computed, weighted observed percentages rounded down, information per position, and relative weight of gapless real matches to pseudocounts
            A   R   N   D   C   Q   E   G   H   I   L   K   M   F   P   S   T   W   Y   V   A   R   N   D   C   Q   E   G   H   I   L   K   M   F   P   S   T   W   Y   V
    1 L    -2  -4  -5  -5  -3  -3  -4  -5  -4   2   4  -4   2  -1  -4  -4  -2  -3   1   2    0   0   0   0   0   0   0   0   0   8  62   0   5   0   0   0   0   0   6  19  0.71 0.18
    2 P    -1  -5  -5  -4  -5  -4  -4  -5  -5  -5  -5  -4  -5  -6   9  -3  -4  -6  -6  -5    4   0   0   0   0   0   0   0   0   0   0   0   0   0  96   0   0   0   0   0  2.79 0.45
    3 A     0   0   0   3  -3   1   3  -2  -2  -3  -1   2  -2  -3   0   0  -1  -4  -3  -2   10   1   3  17   0   7  20   1   0   0   8  20   0   0   4   4   3   0   0   3  0.29 0.11
    4 S     0   0   1   0  -3   0   1  -2  -1  -3  -3  -1  -2   2  -2   4   1  -3   1  -3    4   3   8   4   0   2   9   0   1   0   0   2   0  11   0  41  11   0   5   0  0.35 0.15
    5 V    -2  -3  -4  -4  -3  -3  -4  -5  -4   3   0  -1   1   4  -4  -3  -2   3   0   4    0   0   0   0   0   0   0   0   0  18   3   5   2  22   0   0   0   4   1  44  0.60 0.19
    6 D    -4  -4   2   8  -6  -2  -1  -3  -3  -5  -6  -3  -5  -6  -4  -2  -3  -7  -5  -5    0   0   8  92   0   0   0   0   0   0   0   0   0   0   0   0   0   0   0   0  1.95 0.37
    7 W    -5  -6  -7  -7  -5  -5  -6  -5  -5  -5  -5  -6  -4  -2  -7  -6  -5  13   2  -6    0   0   0   0   0   0   0   0   0   0   0   0   0   0   0   0   0  96   4   0  4.14 0.57
    8 R    -3   8  -2  -4  -6  -1  -2  -4  -2  -5  -4   2  -3  -5  -4  -3  -2   1  -4  -5    0  89   0   0   0   0   0   0   0   0   0   8   0   0   0   0   2   2   0   0  1.72 0.35
    9 K    -1   0   1   2  -4   2   2  -2  -2  -3  -3   3  -2  -4  -2   1   0  -4  -3  -2    4   2   5  13   0   9  16   0   0   0   0  31   1   0   0  10   6   0   0   2  0.41 0.13
   10 E    -1   2   0   0  -4   1   1  -2   0  -3  -2   5  -1  -2  -2  -1   0  -3  -1  -2    2  12   3   3   0   4   8   2   2   0   4  47   1   2   0   2   4   0   2   1  0.43 0.14
   11 G     0  -3   3  -1  -4  -1  -3   6   1  -5  -5  -2  -4  -4  -3  -1  -3  -4  -4  -4    4   0  16   2   0   2   0  70   3   0   0   0   0   0   0   0   0   0   0   0  1.12 0.23
   12 A     3  -1  -3  -3   1  -2  -2  -2  -2   1  -1   1  -2   0  -3  -1  -2  -2   4   0   36   3   0   0   4   0   0   2   0   8   2  12   0   2   0   1   0   0  22   7  0.32 0.15
   13 V    -2  -4  -5  -5  -3  -4  -4  -5  -5   2   0  -4   2  -2  -4  -4  -2  -5  -3   6    0   0   0   0   0   0   0   0   0   4   4   0   7   0   0   0   0   0   0  85  1.19 0.30
   14 L     0  -3   2  -3  -3  -2  -3  -2  -3  -2  -2  -2  -2  -4  -3   1   6  -4  -3   0    6   0   8   0   0   0   0   1   0   0   2   0   0   0   0   6  72   0   0   5  0.95 0.28
   15 P    -1   0  -2   0  -4   0   1  -2  -1  -4  -4  -1  -4  -5   7   1  -2  -5  -4  -4    4   4   0   4   0   4   8   3   1   0   0   2   0   0  58  12   0   0   0   0  1.24 0.24
   16 I    -1  -4  -5  -5  -3  -4  -4  -5  -5   3  -1  -4  -1  -3  -4  -3  -2  -5  -3   6    5   0   0   0   0   0   0   0   0  16   0   0   0   0   0   0   0   0   0  80  1.13 0.28
   17 R    -3   3  -2  -3  -5   2  -1  -4  -2  -5  -4   6  -3  -5  -3  -2  -3  -5  -4  -4    0  17   0   0   0   8   0   0   0   0   0  75   0   0   0   0   0   0   0   0  1.29 0.30
   18 H    -2  -1   5   4  -4   0   0  -2   0  -4  -4  -1  -2  -4  -3   0   1  -5  -1  -3    1   2  42  31   0   3   2   1   2   0   0   1   1   0   0   2   8   0   3   1  0.77 0.21
   19 Q    -3  -1  -2  -3  -6   9   0  -4  -2  -5  -5  -1  -3  -6  -4  -3  -3  -5  -4  -5    0   0   0   0   0 100   0   0   0   0   0   0   0   0   0   0   0   0   0   0  2.19 0.46
   20 G    -1  -1  -1  -3  -4  -1  -2   6  -4  -5  -4  -1  -1  -5  -4  -2  -3  -4  -5  -5    2   3   2   0   0   3   3  82   0   0   2   3   2   0   0   0   0   0   0   0  1.37 0.29
   21 Q     0   1   0  -1  -3   3   1   0   1  -2  -2   0   2  -3  -1   1   0  -3  -1  -1    7   9   2   1   0  23   7   7   4   1   1   3   9   0   2  14   3   0   2   3  0.20 0.11
   22 C    -3  -6  -6  -6  11  -6  -7  -5  -6  -4  -4  -6  -4  -5  -6  -4  -4  -5  -5  -4    0   0   0   0 100   0   0   0   0   0   0   0   0   0   0   0   0   0   0   0  3.45 0.54
   23 G    -2  -4  -2  -3  -5  -4  -4   7  -4  -6  -6  -4  -5  -5  -4  -2  -4  -5  -5  -5    0   0   0   0   0   0   0 100   0   0   0   0   0   0   0   0   0   0   0   0  2.03 0.34

                      K         Lambda
Standard Ungapped    0.1399     0.3208
Standard Gapped      0.0507     0.2670
PSI Ungapped         0.1657     0.3155
PSI Gapped           0.0507     0.2670
