
Last position-specific scoring matrix computed, weighted observed percentages rounded down, information per position, and relative weight of gapless real matches to pseudocounts
            A   R   N   D   C   Q   E   G   H   I   L   K   M   F   P   S   T   W   Y   V   A   R   N   D   C   Q   E   G   H   I   L   K   M   F   P   S   T   W   Y   V
    1 K    -1   1  -1  -1  -4   1   2  -2  -1  -4  -3   6  -2  -4  -2  -1  -1  -4  -3  -3    0   0   0   0   0   0  12   0   0   0   0  88   0   0   0   0   0   0   0   0  0.80 0.11
    2 E    -2  -1   0   3  -4   1   5  -3  -1  -4  -4   1  -3  -4  -2  -1  -2  -4  -3  -3    0   0   0  18   0   0  73   0   0   0   0   9   0   0   0   0   0   0   0   0  0.83 0.09
    3 G     0  -3  -1  -2  -3  -3  -3   7  -3  -5  -5  -2  -4  -4  -3  -1  -2  -3  -4  -4    0   0   0   0   0   0   0 100   0   0   0   0   0   0   0   0   0   0   0   0  1.39 0.11
    4 Y    -3  -3  -3  -4  -4  -2  -3  -4   1  -2  -2  -3  -2   2  -4  -3  -3   1   9  -2    0   0   0   0   0   0   0   0   0   0   0   0   0   0   0   0   0   0 100   0  1.54 0.15
    5 I    -2  -3  -4  -4  -2  -3  -4  -4  -3   2   4  -3   3   0  -4  -3  -2  -2  -2   1    0   0   0   0   0   0   0   0   0  14  78   0   8   0   0   0   0   0   0   0  0.59 0.07
    6 V    -1  -3  -4  -4  -2  -3  -3  -4  -4   2   0  -3   0  -2  -3  -2  -1  -4  -2   6    0   0   0   0   0   0   0   0   0   0   0   0   0   0   0   0   0   0   0 100  0.73 0.11
    7 N    -2  -1   5   3  -3   0   1  -1   3  -2  -4   0  -3  -3  -2   0  -1  -4  -2  -3    0   0  56  18   0   0   5   0   9   3   0   6   0   0   0   4   0   0   0   0  0.60 0.07
    8 Y    -1   0  -1  -1  -3   0   1  -2   1   0   0   3   0  -1  -2   0   0  -2   2   0    2   0   0   0   0   0   9   0   3   6   6  38   5   0   0   7   3   0  15   7  0.15 0.04
    9 H    -1  -1   0   1  -2   0   0  -1   3  -3  -2   1  -2   0  -2   2   0  -1   4  -2    1   0   2   9   0   0   0   3  11   0   1  15   0   0   0  33   0   0  22   0  0.26 0.05
   10 T    -1  -2   0   1  -2  -1  -1  -2  -2  -2  -2  -1  -1  -3  -2   1   5  -3  -2  -1    1   0   3  11   0   0   0   1   0   0   1   0   0   0   0   0  80   0   0   0  0.61 0.09
   11 G     0  -3  -1  -2  -3  -3  -3   7  -3  -5  -5  -2  -4  -4  -3  -1  -2  -3  -4  -4    0   0   0   0   0   0   0 100   0   0   0   0   0   0   0   0   0   0   0   0  1.39 0.11
   12 C    -1  -5  -4  -5  10  -4  -5  -4  -4  -2  -2  -4  -2  -4  -4  -2  -2  -3  -4  -2    0   0   0   0 100   0   0   0   0   0   0   0   0   0   0   0   0   0   0   0  2.11 0.16
   13 K    -1   3  -1  -1  -4   1   0  -2  -1  -4  -3   6  -2  -4  -2   0  -1  -4  -3  -3    0   9   0   0   0   0   0   0   0   0   0  83   0   0   0   8   0   0   0   0  0.74 0.10
   14 Y    -2  -2  -3  -4  -3  -2  -2  -4   1  -2  -2   1  -2   3  -4  -2  -2   1   8  -1    0   0   0   0   0   0   0   0   0   0   0  14   0   6   0   0   0   0  77   3  1.00 0.11
   15 T     0  -1   2   1  -3   0   3   1  -1  -2  -3   1  -2  -3   0   1   1  -3  -2  -2    6   0  15   3   0   0  27  11   0   3   0   9   0   0   2  16   8   0   0   0  0.26 0.03
   16 C    -1  -5  -4  -5  10  -4  -5  -4  -4  -2  -2  -4  -2  -4  -4  -2  -2  -3  -4  -2    0   0   0   0 100   0   0   0   0   0   0   0   0   0   0   0   0   0   0   0  2.11 0.16
   17 A    -1  -3  -3  -3  -2  -2  -3  -3  -1  -1   1  -2   0   4   1  -2   0   5   5   0    6   0   0   0   0   0   0   0   0   0  13   0   0  23   8   0   9   8  27   6  0.40 0.05
   18 K    -2   1  -1  -2  -3   0   0  -1  -2  -1  -1   5  -1   1  -2  -1  -2   5  -1  -2    0   0   0   0   0   0   5   2   0   6   5  64   0   9   0   0   0   9   0   0  0.41 0.07
   19 L    -2  -3  -3  -4  -2  -2  -3  -4  -3   1   4  -3   1   0  -3   0   0  -2  -2   0    0   0   0   0   0   0   0   0   0   0  83   0   0   0   0   9   8   0   0   0  0.49 0.08
   20 G     0  -3  -1  -2  -3  -3  -3   7  -3  -5  -5  -2  -4  -4  -3  -1  -2  -3  -4  -4    0   0   0   0   0   0   0 100   0   0   0   0   0   0   0   0   0   0   0   0  1.39 0.11
   21 D    -2   0   0   5  -4   1   4  -2  -1  -4  -4   2  -3  -4  -2  -1  -1  -4  -3  -3    0   0   0  39   0   0  44   0   0   0   0  17   0   0   0   0   0   0   0   0  0.72 0.08
   22 N    -2  -1   7   1  -3  -1  -1  -1   0  -4  -4  -1  -3  -4  -3   1  -1  -5  -3  -4    0   0  92   0   0   0   0   0   0   0   0   0   0   0   0   8   0   0   0   0  1.10 0.12
   23 D    -1  -1   0   5  -3   0   3   0  -1  -2  -3   1  -2  -4  -2   0  -1  -4  -3  -1    0   0   0  46   0   0  19   5   0   0   0  14   0   0   0   9   0   0   0   8  0.48 0.06
   24 Y    -2  -2   0  -3  -3  -2  -3  -1   3  -2  -2  -3  -2   3  -4  -2  -2   1   7  -2    0   0   5   0   0   0   0   6   6   0   0   0   0   9   0   0   0   0  74   0  0.97 0.11
   25 C    -1  -5  -4  -5  10  -4  -5  -4  -4  -2  -2  -4  -2  -4  -4  -2  -2  -3  -4  -2    0   0   0   0 100   0   0   0   0   0   0   0   0   0   0   0   0   0   0   0  2.11 0.16
   26 L    -2  -2   3   4  -3  -1   0  -2  -2   0   1  -1  -1  -2  -3  -1  -1  -4  -3   0    0   0  20  40   0   0   0   0   0   6  28   2   0   0   0   0   0   0   0   4  0.34 0.05
   27 R    -1   5  -1  -1  -3   0   0  -2  -1  -3  -3   3  -1  -3  -2   0   0  -3  -2  -3    3  56   0   3   0   0   0   0   0   0   0  27   3   0   0   3   6   0   0   0  0.59 0.07
   28 E    -2  -1  -1   1  -5   1   6  -3  -1  -4  -4   1  -3  -4  -2  -1  -2  -4  -3  -3    0   0   0   0   0   0  95   0   0   0   0   5   0   0   0   0   0   0   0   0  1.05 0.12
   29 C    -1  -5  -4  -5  10  -4  -5  -4  -4  -2  -2  -4  -2  -3  -4  -2  -2  -3  -3  -2    0   0   0   0 100   0   0   0   0   0   0   0   0   0   0   0   0   0   0   0  2.03 0.15
   30 K    -1   3  -1  -1  -4   1   0  -2  -1  -4  -3   6  -2  -4  -2  -1  -1  -4  -3  -3    0  15   0   0   0   0   0   0   0   0   0  85   0   0   0   0   0   0   0   0  0.79 0.09

                      K         Lambda
Standard Ungapped    0.1427     0.3227
Standard Gapped      0.0496     0.2670
PSI Ungapped         0.1620     0.3184
PSI Gapped           0.0496     0.2670
