
Last position-specific scoring matrix computed, weighted observed percentages rounded down, information per position, and relative weight of gapless real matches to pseudocounts
            A   R   N   D   C   Q   E   G   H   I   L   K   M   F   P   S   T   W   Y   V   A   R   N   D   C   Q   E   G   H   I   L   K   M   F   P   S   T   W   Y   V
    1 N    -2  -1   6   2  -3   0   0  -1   0  -4  -4  -1  -3  -4  -2   0   0  -4  -3  -3    0   0  90  10   0   0   0   0   0   0   0   0   0   0   0   0   0   0   0   0  0.89 0.07
    2 T    -1   0  -1  -2  -1  -1  -1  -2  -2  -1  -1  -1   1  -2  -2   1   5  -3  -2  -1    0   7   0   0   0   0   0   0   0   0   0   0   6   0   0   0  87   0   0   0  0.56 0.08
    3 A     4  -2  -2  -2  -1  -1  -1   0  -2  -1  -2  -1  -1  -3  -1   1   0  -3  -2   0   88   0   0   0   0   0   0   0   0   0   0   0   0   0   0   7   0   0   0   5  0.49 0.06
    4 T     0  -2   0  -1  -1  -1  -1  -2  -2   0  -1  -1  -1  -2  -2   2   5  -3  -2   0    0   0   0   0   0   0   0   0   0   6   0   0   0   0   0  12  82   0   0   0  0.55 0.07
    5 C    -1  -4  -3  -4  10  -4  -4  -3  -4  -2  -2  -4  -2  -3  -3  -1  -1  -3  -3  -1    0   0   0   0 100   0   0   0   0   0   0   0   0   0   0   0   0   0   0   0  1.77 0.12
    6 S     2  -2  -2  -2  -1  -1  -1  -1  -2   1   0  -1   1  -1  -2   0   0  -3  -2   2   40   0   0   0   0   0   5   0   0   0   7   0   8   0   0   5   0   0   0  35  0.19 0.03
    7 M    -1  -2  -1  -2  -1  -1  -1  -2  -2  -1  -1  -1   1  -2  -2   1   5  -3  -2   0    0   0   0   0   0   0   0   0   0   0   0   0   5   0   0   0  95   0   0   0  0.66 0.08
    8 H    -2   0   0  -1  -3   4   1  -2   7  -4  -3   0  -1  -2  -2  -1  -2  -3   0  -3    0   0   0   0   0  45   0   0  55   0   0   0   0   0   0   0   0   0   0   0  0.84 0.08
    9 R    -2   6  -1  -2  -4   1   0  -3   2  -3  -3   3  -2  -3  -2  -1  -1  -3  -2  -3    0  76   0   0   0   0   0   0   6   0   0  18   0   0   0   0   0   0   0   0  0.78 0.07
   10 L    -2  -2  -4  -4  -2  -2  -3  -4  -3   1   4  -3   4   0  -3  -3  -1  -2  -1   1    0   0   0   0   0   0   0   0   0   0  82   0  18   0   0   0   0   0   0   0  0.54 0.06
   11 A     4  -2  -2  -2  -1  -1  -1   0  -2  -1  -2  -1  -1  -3  -1   1   1  -3  -2   0   84   0   0   0   0   0   0   0   0   0   0   0   0   0   0   0  12   0   0   4  0.45 0.06
   12 D    -1  -2   4   3  -3  -1  -1   4  -1  -4  -4  -1  -3  -4  -2   0  -1  -4  -3  -3    0   0  39  19   0   0   0  42   0   0   0   0   0   0   0   0   0   0   0   0  0.64 0.05
   13 F    -2  -3  -3  -4  -2  -3  -3  -3  -2   0   2  -3   0   5  -4  -1  -2   6   2  -1    0   0   0   0   0   0   0   0   0   0  23   0   0  55   0   7   0  14   0   0  0.62 0.05
   14 L    -2  -3  -4  -4  -2  -3  -3  -4  -3   1   5  -3   2   0  -3  -3  -2  -2  -1   0    0   0   0   0   0   0   0   0   0   0 100   0   0   0   0   0   0   0   0   0  0.63 0.07
   15 G     1  -1   0   0  -1  -1  -1   0  -2   0  -1  -1  -1  -2  -2   3   0  -3  -2   1    5   3   0   6   0   0   0   5   0   8   0   0   0   0   0  54   0   0   0  20  0.20 0.04
   16 R    -2   5  -1  -2  -4   0   0  -2   3  -3  -3   1  -2  -3   0   0  -1  -3  -1  -3    0  76   0   0   0   0   0   0  12   0   0   0   0   0   5   7   0   0   0   0  0.70 0.07
   17 S     1  -1   0  -1  -1  -1  -1  -1  -1  -3  -3  -1  -2  -3  -1   5   1  -3  -2  -2    7   0   0   0   0   0   0   0   0   0   0   0   0   0   0  90   3   0   0   0  0.58 0.07
   18 S     0   0   0  -1  -2  -1  -1   5  -2  -3  -3  -1  -2  -3  -2   2   0  -3  -3  -3    0   6   4   0   0   0   0  56   0   0   0   0   0   0   0  34   0   0   0   0  0.61 0.05
   19 N     0  -1   4   0  -2  -1  -1   3   2  -3  -3  -1  -2  -3  -2   2   0  -3  -2  -3    0   0  37   0   0   0   0  24   7   0   0   0   0   0   0  33   0   0   0   0  0.45 0.04
   20 N    -1  -1   4   0  -2  -1   0  -2  -1   1   0   0   3  -2  -2  -1  -1  -3  -2   1    0   0  39   0   0   0   7   0   0   7   0   5  19   0   0   0   0   0   0  24  0.21 0.04
   21 F     1  -2  -3  -3  -1  -2  -3   0  -3   1   2  -2   1   2  -3  -1  -1  -2   0   2   15   0   0   0   0   0   0   9   0   7  32   0   0  14   0   0   0   0   0  23  0.17 0.02
   22 G     0   1   1  -1  -3   0  -1   4  -1  -3  -3   3  -2  -3  -2   0  -1  -3  -3  -3    0   8   7   0   0   0   0  44   0   0   0  35   0   0   0   7   0   0   0   0  0.47 0.04
   23 A     2   0   2   0  -2  -1  -1  -1  -1  -2  -2   0  -2  -3   2   2   1  -3  -2  -2   31   7  18   5   0   0   0   0   0   0   0   0   0   0  13  19   6   0   0   0  0.30 0.03
   24 I     0  -2   4   1  -2  -1  -1  -2  -1   2  -1  -1  -1  -2  -2   0  -1  -4  -2   1    7   0  50   7   0   0   0   0   0  30   0   0   0   0   0   0   0   0   0   6  0.29 0.05
   25 L    -2  -3  -4  -4  -2  -3  -3  -4  -2   0   3  -3   1   5  -4  -3  -2   0   2   0    0   0   0   0   0   0   0   0   0   0  42   0   0  58   0   0   0   0   0   0  0.61 0.06
   26 S     0  -2  -1  -2  -1  -1  -2  -2  -2   1   1  -1   3  -1   1   2   0  -3  -2   2    0   0   0   0   0   0   0   0   0   0  18   0  18   0   6  34   0   0   0  24  0.17 0.04
   27 P    -1  -2  -2  -2  -3  -2  -1  -2  -3  -3  -3  -1  -3  -4   8   0  -1  -4  -3  -3    0   0   0   0   0   0   0   0   0   0   0   0   0   0  90  10   0   0   0   0  1.92 0.09
   28 T    -1  -2  -1  -2  -1  -1  -1  -2  -2   0  -1  -1  -1  -2   1   1   5  -3  -2   0    0   0   0   0   0   0   0   0   0   6   0   0   0   0   5   0  89   0   0   0  0.59 0.08
   29 N    -1   0   5   2  -3   0   1  -1   0  -3  -3   2  -2  -3  -2   1  -1  -4  -2  -3    0   0  51  15   0   0   7   0   0   0   0  22   0   0   0   5   0   0   0   0  0.52 0.05
   30 V    -1  -3  -3  -4  -1  -2  -3  -3  -3   2   1  -2   4  -1  -3  -2  -1  -3  -2   4    0   0   0   0   0   0   0   0   0   0   0   0  25   0   0   0   0   0   0  75  0.44 0.07
   31 G     0  -3  -1   0  -3  -2  -2   6  -2  -4  -4  -2  -3  -4  -2   0  -2  -3  -3  -3    0   0   0   5   0   0   0  88   0   0   0   0   0   0   0   7   0   0   0   0  1.02 0.06
   32 S     1  -1   0  -1  -1   0  -1  -1  -1  -3  -3  -1  -2  -3  -1   5   1  -3  -2  -2    9   0   0   0   0   0   0   0   0   0   0   0   0   0   0  91   0   0   0   0  0.55 0.06

                      K         Lambda
Standard Ungapped    0.1274     0.3168
Standard Gapped      0.0386     0.2670
PSI Ungapped         0.1261     0.3173
PSI Gapped           0.0386     0.2670
