
Last position-specific scoring matrix computed, weighted observed percentages rounded down, information per position, and relative weight of gapless real matches to pseudocounts
            A   R   N   D   C   Q   E   G   H   I   L   K   M   F   P   S   T   W   Y   V   A   R   N   D   C   Q   E   G   H   I   L   K   M   F   P   S   T   W   Y   V
    1 M    -3  -3  -4  -5  -3  -2  -4  -5  -3   0   1  -3  10  -2  -4  -3  -2  -3  -3  -1    0   0   0   0   0   0   0   0   0   0   2   0  98   0   0   0   0   0   0   0  1.81 0.33
    2 K    -2   1  -2  -2  -5   1  -1  -3  -2  -4  -3   7  -3  -2  -3  -2  -2  -4  -3  -4    0   2   0   0   0   4   0   0   0   0   2  90   0   2   0   0   0   0   0   0  1.18 0.27
    3 R    -3   7  -2  -3  -5   0  -2  -3  -2  -4  -3   1   0  -4   0  -2  -3  -4  -3  -4    0  87   0   0   0   2   0   2   0   0   0   1   3   0   6   0   0   0   0   0  1.33 0.27
    4 T    -2  -3  -1  -3  -3  -2  -3  -3  -3  -2  -3  -2  -2  -4  -3   0   7  -4  -3  -2    0   0   1   0   0   0   0   0   0   0   0   0   0   0   0   2  97   0   0   0  1.41 0.32
    5 F    -3  -4  -4  -5  -4  -4  -4  -5  -1  -2   1  -4  -2   6  -5  -4  -3   2   7  -2    0   0   0   0   0   0   0   0   0   0  11   0   0  36   0   0   0   2  51   0  1.32 0.27
    6 Q    -3   0  -1  -2  -5   8   1  -1   0  -5  -4  -1  -2  -5  -3  -2  -3  -4  -3  -4    0   3   1   0   0  87   2   5   2   0   0   0   0   0   0   0   0   0   0   0  1.48 0.35
    7 P    -2  -4  -4  -3  -5  -3  -3   0  -4  -5  -5  -3  -4  -6   8  -3  -3  -6  -5  -4    2   0   0   0   0   0   0   9   0   0   0   0   0   0  89   0   0   0   0   0  2.37 0.38
    8 S    -1  -1   3  -1  -3  -1  -1  -2   2  -4  -4   1   0  -4  -2   4   1  -4  -3  -3    0   1  15   0   0   0   0   0   7   0   0  11   3   0   0  56   7   0   0   0  0.62 0.22
    9 I    -2   2   4  -1  -2   0   0  -2  -1  -2  -3   4  -2  -4  -3  -1   0  -4  -3   0    0  11  31   0   1   1   3   1   0   2   1  35   0   0   0   2   4   0   0  10  0.48 0.18
   10 L    -2   4  -2  -3  -3  -1  -2  -4  -1   2   2   1  -1  -2  -3  -2   1  -3  -2   1    1  39   0   0   0   1   0   0   1  15  23   5   0   0   0   0   9   0   0   7  0.39 0.15
   11 K    -2   4  -2  -2  -4   1  -1  -3   1  -2  -3   5  -2  -4   0   0  -2  -4  -3   0    0  22   0   0   0   3   0   0   4   1   0  54   0   0   3   5   0   0   0   9  0.68 0.21
   12 R    -3   7  -2  -3  -5   0  -2  -4   1  -5  -2   1  -3  -4  -4  -2  -3  -4  -3  -4    0  87   0   0   0   3   0   0   3   0   3   5   0   0   0   0   0   0   0   0  1.49 0.33
   13 N     2   1   1  -2  -3   0  -1  -2   0  -1  -2   4  -2  -3  -2   0  -1  -4  -3  -1   19   5   7   0   0   3   1   0   2   5   1  48   0   0   0   4   1   0   0   4  0.41 0.17
   14 R    -3   6   2  -2  -5   0  -1  -3  -1  -4  -4   3  -1  -4  -3  -1  -2  -4  -3  -4    0  68  13   0   0   0   0   0   1   0   0  14   1   0   0   2   1   0   0   0  1.11 0.27
   15 T    -1   2  -1  -1  -2  -1   0  -3  -2  -1  -2   2  -2  -3  -2   1   4  -4  -3   1    2  12   2   1   0   0   3   0   0   1   1  17   0   0   0   7  37   0   0  17  0.34 0.16
   16 H    -3  -2  -1  -3  -2  -2  -2  -4  10  -2  -3  -3  -3   0  -4   0  -3  -4   0  -3    0   0   0   0   1   0   0   0  79   3   1   0   0   5   0   9   0   0   0   2  1.77 0.38
   17 G    -2  -4  -2  -3  -4  -4  -4   7  -4  -6  -6  -3  -5  -5  -4  -2  -3  -4  -5  -5    0   0   0   0   0   0   0 100   0   0   0   0   0   0   0   0   0   0   0   0  1.91 0.35
   18 F    -4  -5  -5  -6  -4  -5  -5  -5  -3  -2  -2  -5  -2   8  -6  -4  -4   4   2  -3    0   0   0   0   0   0   0   0   0   0   0   0   0  91   0   0   0   7   2   0  1.96 0.38
   19 R    -3   7  -1  -3  -5  -1  -2  -4  -2  -2   0   0   0  -4  -4  -3  -3  -4  -3  -2    0  78   3   0   0   0   0   0   0   2  13   0   2   0   0   0   0   0   0   2  1.16 0.30
   20 V     4   0  -1  -2  -2  -1  -1  -2  -2  -1   0   1  -1  -3  -2   1   0  -3  -2   1   47   5   1   0   0   2   2   0   1   1   8   9   0   0   0   9   4   0   0  11  0.27 0.13
   21 R    -3   8  -2  -4  -5  -1  -2  -4  -2  -5  -3   0  -3  -5  -4  -3  -3  -5  -4  -4    0  97   0   0   0   0   0   0   0   0   3   0   0   0   0   0   0   0   0   0  1.82 0.39
   22 M    -2  -3  -3  -5  -3  -2  -4  -5  -4   0   1  -2   9  -2  -4  -2  -2  -4  -3  -1    2   0   1   0   0   0   0   0   0   2   4   2  86   0   0   2   1   0   0   0  1.70 0.41
   23 S     3   3  -1  -1  -2   0   0  -1  -2  -3  -3   2  -2  -4  -2   3  -1  -4  -3  -2   30  18   0   1   0   2   2   1   0   0   0  17   0   0   0  28   0   0   0   0  0.44 0.17
   24 R    -2  -2  -1  -3  -3  -2  -2  -3  -3  -3  -3  -2  -2  -4  -3   1   7  -4  -3  -2    0   1   1   0   0   0   0   0   0   0   0   1   0   0   0   7  89   0   0   0  1.30 0.34
   25 R     1   3  -1  -2  -3   0  -1  -2   0  -2  -3   4  -2  -4   3   0  -1  -4  -3  -1   12  15   1   0   0   1   0   0   2   2   1  38   0   0  14   6   3   0   0   6  0.42 0.15
   26 Q     1  -2   5   0  -2   0  -1   3  -1  -4  -4  -1  -2  -4  -3   1   0  -2  -3  -3   13   0  36   2   1   3   3  23   0   0   0   1   1   0   0  13   3   1   0   0  0.51 0.16
   27 G    -2  -4  -2  -3  -4  -4  -4   7  -4  -6  -6  -3  -5  -5  -4  -2  -3  -4  -5  -5    0   0   0   0   0   0   0 100   0   0   0   0   0   0   0   0   0   0   0   0  1.91 0.35
   28 R    -3   7  -2  -3  -2   0  -2  -4  -2  -4  -4   1  -3  -5  -4  -2  -3  -5  -3  -2    1  88   0   0   1   3   0   0   0   0   0   2   0   0   0   2   0   0   0   4  1.49 0.34
   29 K     2   3   1  -1  -3   2   0  -2  -1  -3  -2   4  -2  -3  -2   0  -1  -4  -2  -3   21  17   9   1   0   8   2   0   1   0   3  34   0   0   0   3   0   0   1   0  0.41 0.15
   30 I    -2  -4  -4  -5  -2  -4  -4  -5  -5   4   0  -4   0  -2  -4  -3  -1  -4  -3   5    0   0   0   0   0   0   0   0   0  29   4   0   0   0   0   0   2   0   0  65  0.91 0.25
   31 L    -3  -4  -5  -5  -2  -4  -4  -5  -4   4   4  -4   1  -1  -4  -4  -2  -3  -2   1    0   0   0   0   0   0   0   0   0  35  58   0   0   0   0   0   0   0   0   6  0.82 0.21
   32 S     2   2   2  -2  -2   0  -1  -1  -2  -3  -2   2   0  -3  -2   2  -1  -4  -3  -2   29  11  16   0   0   2   0   0   0   0   4  17   3   0   0  17   1   0   0   0  0.32 0.14
   33 R     3   5   1  -2  -2   0  -1  -1  -1  -4  -3   0  -2  -4  -3   0  -1  -4  -3  -3   31  44   7   1   1   1   1   2   1   0   1   3   0   0   0   6   1   0   0   0  0.57 0.19
   34 R    -4   8  -3  -4  -6  -1  -2  -5  -2  -5  -4   0  -4  -5  -4  -3  -3  -5  -4  -5    0 100   0   0   0   0   0   0   0   0   0   0   0   0   0   0   0   0   0   0  2.01 0.41
   35 R    -3   7  -2  -4  -5  -1  -2  -4  -2  -2  -4   1   1  -5  -4  -3  -3  -5  -4  -4    0  91   0   0   0   0   0   0   0   3   0   2   4   0   0   0   0   0   0   0  1.66 0.36
   36 S     4   3  -1  -2  -2   1  -1  -1   0  -2   0   0  -1  -2  -2   1  -1  -4  -2  -2   45  18   1   0   0   5   0   1   2   0   9   5   1   1   0  11   1   0   0   1  0.35 0.16
   37 K    -3   2  -2  -3  -5   0  -1  -3   1  -4  -2   7  -3  -5  -3  -2  -2  -5  -3  -4    0   6   0   0   0   2   0   0   3   0   3  84   0   0   0   0   1   0   0   0  1.23 0.32
   38 G    -2  -4  -1  -3  -4  -3  -4   7  -4  -5  -4  -3  -4  -3  -4  -2  -3  -4  -5  -5    0   0   3   0   0   1   0  93   0   0   1   1   0   1   0   0   0   0   0   0  1.69 0.33
   39 R    -3   8  -3  -4   1  -1  -2  -4  -2  -5  -4   0  -3  -5  -4  -3  -3  -5  -4  -5    0  97   0   0   3   0   0   0   0   0   0   0   0   0   0   0   0   0   0   0  1.88 0.39
   40 V     0   2  -1  -2  -2   0   0  -3   4  -3  -3   4  -2  -3  -3   0  -1   3  -1  -1   10   7   2   0   1   1   2   0  13   0   1  46   1   0   0   4   2   5   1   4  0.46 0.17
   41 R    -1   4   0  -2  -3   1  -1  -3  -2  -2  -2   3  -2  -2  -3   1   0  -4  -2   0    2  37   5   0   0   6   2   0   0   2   1  18   0   2   0  14   3   0   1   9  0.42 0.15
   42 L    -3  -4  -5  -5  -3  -4  -5  -6  -5   1   6  -4   0  -1  -5  -4  -3  -3  -3  -1    0   0   0   0   0   0   0   0   0   5  95   0   0   0   0   0   0   0   0   0  1.24 0.30
   43 V     1  -3  -1  -2   3  -2  -2  -2  -3  -2  -3  -2  -1  -4  -2   4   4  -4  -3  -1   12   0   0   0   8   0   0   1   0   1   0   0   2   0   0  42  31   0   0   2  0.61 0.21
   44 V     4  -3  -3  -4  -2  -3  -3  -2  -4   0  -1  -3  -1  -3  -1  -1  -1  -4  -3   4   49   0   0   0   0   0   0   0   0   2   0   0   0   0   2   0   0   0   0  48  0.61 0.19
   45 S     1   0   0  -1  -2   0  -1  -1  -2  -3  -3   0  -2  -3  -2   5   2  -4  -2  -2    5   3   0   0   0   2   0   0   0   0   0   2   0   0   0  80   8   0   0   0  0.64 0.12
   46 V     1  -2  -1   1   1  -1  -1  -2  -2   2   0  -2   0  -2  -2   2   0  -3  -2   2   10   0   0  10   4   0   0   0   0  25   0   0   0   0   0  28   0   0   0  23  0.13 0.02
   47 L    -1   1  -1   0  -3   1   4  -3   2  -2  -1   0  -1  -1  -2  -1  -1  -2   2  -2    0   8   0   0   0   0  64   0   8   0  10   0   0   0   0   0   0   0  11   0  0.42 0.03
   48 N     1   0   3   0  -3   0   0  -1  -1  -3  -3   3  -2  -3   3   0   0  -4  -2  -2   16   0  34   0   0   0   0   0   0   0   0  35   0   0  15   0   0   0   0   0  0.38 0.01
   49 I    -1   5  -1  -2  -3   1   0  -3  -1   0  -1   3  -1  -2  -2  -1  -1  -3  -2  -1    0  62   0   0   0   0   0   0   0  19   0  19   0   0   0   0   0   0   0   0  0.44 0.02
   50 H    -2   0   1  -1  -3   0   0  -2   8  -3  -3  -1  -2  -1  -2  -1  -2  -3   2  -3    0   0   0   0   0   0   0   0 100   0   0   0   0   0   0   0   0   0   0   0  0.89 0.01

                      K         Lambda
Standard Ungapped    0.1401     0.3329
Standard Gapped      0.0522     0.2670
PSI Ungapped         0.1706     0.3175
PSI Gapped           0.0522     0.2670
