
Last position-specific scoring matrix computed, weighted observed percentages rounded down, information per position, and relative weight of gapless real matches to pseudocounts
            A   R   N   D   C   Q   E   G   H   I   L   K   M   F   P   S   T   W   Y   V   A   R   N   D   C   Q   E   G   H   I   L   K   M   F   P   S   T   W   Y   V
    1 M    -1  -2  -3  -4  -1  -1  -3  -3  -2   1   3  -2   5   0  -3  -2  -1  -2  -1   1    0   0   0   0   0   0   0   0   0   0  50   0  50   0   0   0   0   0   0   0  0.35 0.00
    2 A    -1  -3  -2  -2  -4  -1   2  -3  -3  -4  -4  -1  -3  -5   8   0  -2  -5  -4  -3    3   0   0   0   0   0  17   0   0   0   0   0   0   0  76   4   0   0   0   0  1.66 0.15
    3 R    -2   6  -1  -2  -5   0  -1  -3  -1  -4  -3   4  -3  -4  -3  -2  -2  -4  -3  -4    0  61   0   0   0   0   0   0   0   0   0  39   0   0   0   0   0   0   0   0  1.04 0.18
    4 K    -2   2   1  -1  -3   0   0  -3   1  -1  -2   4  -2   0   1  -1   0  -3   0  -2    0   9   9   0   0   0   2   0   3   4   0  49   0   6   7   0   7   0   3   2  0.34 0.10
    5 Y    -1  -3   0  -3  -3  -3  -3  -3   0  -2  -1  -3   0   5  -4   1  -2   0   6  -2    3   0   4   0   0   0   0   0   0   0   0   0   2  35   0  12   0   0  43   0  0.80 0.16
    6 G    -1  -3  -1  -2  -3  -3  -3   6  -3  -4  -4  -3  -3  -1  -3  -1   1  -3  -3  -4    0   0   0   0   0   0   0  83   0   0   0   0   0   4   0   0  12   0   0   0  1.16 0.18
    7 K    -1   4  -1  -2  -4   2   0  -1   1  -4  -3   5  -2  -3   1  -1  -2  -3  -1  -3    2  23   0   0   0  11   0   3   3   0   0  49   0   0   7   0   0   0   3   0  0.57 0.13
    8 A     1  -3  -1  -2  -3  -3  -3   6   0  -2  -4  -2  -3  -4  -3   0  -2  -4  -4  -3   10   0   0   0   0   0   0  81   3   3   0   0   0   0   0   3   0   0   0   0  1.10 0.17
    9 A     2  -2  -1  -1  -2  -1  -1  -1   0  -1  -2   0  -2  -2  -2   4   1  -2   2   0   19   0   0   2   0   0   0   0   3   2   0   4   0   0   0  47   4   0  12   7  0.32 0.11
   10 R    -2   6   2  -2  -4   1   0  -3   3  -2  -3   1  -2  -3  -3  -1   1  -4  -2  -3    0  58  10   0   0   6   2   0  10   2   0   2   0   0   0   0   9   0   0   0  0.67 0.14
   11 K    -1   3  -1  -1  -3   2   1   0  -1  -2  -2   1  -1  -1  -1   1   0  -3  -1  -1    0  28   0   0   0  13  10   6   0   0   3   3   0   2   2  19   3   0   2   8  0.23 0.07
   12 C    -2  -5  -4  -5  11  -5  -5  -4  -5  -3  -3  -5  -3  -4  -5  -2  -2  -4  -4  -2    0   0   0   0 100   0   0   0   0   0   0   0   0   0   0   0   0   0   0   0  2.53 0.29
   13 S    -1   5  -1  -2  -3   2   1  -3  -1  -2  -1   2   1  -3  -2  -1  -1  -3  -2   0    4  44   0   0   0  11   6   0   0   0   5  13   5   0   0   3   2   0   0   8  0.40 0.09
   14 R    -1   4  -2  -1  -3  -1  -1  -3   1   1   0   1  -1  -2  -3   0  -1  -3  -2   1    3  45   0   3   0   0   0   0   4  15   6   3   0   0   0   7   0   0   0  16  0.30 0.09
   15 C    -2  -5  -4  -5  10  -4  -5  -4  -4  -3  -3  -4  -3  -4  -4  -1   0  -4  -4  -2    0   0   0   0  89   0   0   0   0   0   0   0   0   0   0   4   7   0   0   0  2.07 0.25
   16 G     0  -3  -1  -2  -3  -2  -3   6  -3  -4  -4  -2  -3  -3  -3   1  -1  -3   0  -4    4   0   0   0   0   0   0  78   0   0   0   0   0   0   0  10   3   0   4   0  1.02 0.14
   17 D    -2   5   3   0  -3   1  -1  -2   2  -4  -3   1  -2  -4  -3   1   1  -4  -2  -3    0  45  20   5   0   5   0   0   5   0   0   0   0   0   0  13   7   0   0   0  0.52 0.11
   18 H    -2   3   0  -2  -3   0   0  -2   4  -3  -3   2  -2   0   3   0  -1  -2   2  -3    0  19   3   0   0   0   4   2  17   0   0  20   0   4  14   5   2   0  10   0  0.37 0.08
   19 S    -1   2   0   1  -3   2   0   0   5  -3  -2   0  -2  -3  -1   1   0  -3  -1  -3    3  15   0  11   0  15   2   6  27   0   4   0   0   0   2  11   3   0   0   0  0.34 0.09
   20 A     1  -3  -1  -2  -3  -2  -3   6  -3  -4  -4  -2  -3  -4   0   1  -2  -4  -4  -3   12   0   0   0   0   0   0  74   0   0   0   0   0   0   5   9   0   0   0   0  0.98 0.14
   21 I    -2  -3  -4  -4  -2  -3  -4  -4  -3   3   4  -3   2   0  -4  -3  -2  -2   0   2    0   0   0   0   0   0   0   0   0  23  53   0   2   0   0   0   0   0   5  18  0.50 0.10
   22 V    -2  -4  -4  -4  -2  -3  -4  -5  -4   5   1  -3   2   0  -4  -3  -1  -3  -2   3    0   0   0   0   0   0   0   0   0  63   6   0   5   3   0   0   0   0   0  23  0.63 0.13
   23 R    -2   7  -1  -3  -5   2  -1   0  -1  -4  -3   2  -2  -4  -3  -2  -2  -4  -3  -4    0  80   0   0   0   7   0   9   0   0   0   4   0   0   0   0   0   0   0   0  1.04 0.17
   24 R    -2   3  -1  -2  -4   0   0  -3  -2  -1  -3   6  -1  -4  -2  -1  -2  -4  -3  -3    0  14   0   0   0   0   0   0   0   5   0  80   2   0   0   0   0   0   0   0  0.85 0.17
   25 Y    -3  -3  -3  -4  -4  -2  -3  -4   3  -2  -2  -3  -2   3  -4  -3  -3   1   8  -2    0   0   0   0   0   0   0   0   5   0   0   0   0   8   0   0   0   0  83   0  1.43 0.20
   26 G    -1  -3   0   2  -3  -2  -2   6  -2  -4  -4  -2  -3  -4  -3   0  -2  -4  -4  -4    0   0   3  17   0   0   0  73   0   0   0   0   0   0   0   3   0   0   0   0  0.97 0.13
   27 L    -2  -3  -3  -4  -2  -3  -3  -4  -3   3   4  -3   2   0  -3  -3  -2  -2  -2   1    1   1   0   1   0   0   1   1   0  21  68   1   3   0   1   1   1   0   0   1  0.52 0.10
   28 N    -2  -1   4   0  -3  -1  -1  -2   1  -2  -1  -1   3   1  -2   0  -1   4   4  -2    1   2  35   3   0   1   1   1   2   1   1   1  14   4   1   3   1   8  19   1  0.37 0.09
   29 L    -2  -3  -4  -4   1  -3  -4  -4  -3   4   3  -3   3   1  -3  -3  -2  -2  -2   1    0   0   0   0   4   0   0   0   0  39  40   0  10   3   0   0   0   0   0   0  0.47 0.10
   30 C    -2  -5  -4  -1  11  -4  -5  -4  -4  -3  -3  -4  -3  -4  -4  -1  -2  -4  -4  -2    0   0   0   4  92   0   0   0   0   0   0   0   0   0   0   4   0   0   0   0  2.16 0.26
   31 R    -3   7  -2  -3  -5   0  -1  -4  -1  -4  -4   2  -3  -4  -3  -2  -2  -4  -3  -4    0  94   0   0   0   0   0   0   0   0   0   6   0   0   0   0   0   0   0   0  1.38 0.21
   32 Q    -2   2  -1   0  -4   6   0  -3   3   0  -2   0  -1  -3  -3  -1  -2  -3  -2  -1    0  11   0   6   0  62   0   0   8  10   0   0   0   0   0   0   0   0   0   3  0.66 0.16
   33 C    -2  -5  -4  -4  10  -4  -5  -4  -4  -3  -3  -4  -3  -4  -4   1  -2  -4  -4  -2    0   0   0   0  89   0   0   0   0   0   0   0   0   0   0  11   0   0   0   0  2.08 0.25
   34 F    -4  -4  -5  -5  -4  -5  -5  -5  -3  -1  -1  -5  -1   8  -5  -4  -4   0   2  -2    0   0   0   0   0   0   0   0   0   0   0   0   0 100   0   0   0   0   0   0  1.65 0.23
   35 R    -3   7  -2  -3  -5   0  -1  -4  -1  -4  -4   2  -3  -4  -3  -2  -2  -4  -3  -4    0  94   0   0   0   0   0   0   0   0   0   6   0   0   0   0   0   0   0   0  1.38 0.21
   36 E    -2  -1  -1   0  -5   2   6  -3  -1  -4  -4   0  -3  -4  -2   0  -1  -4  -3  -4    0   0   0   0   0   3  90   0   0   0   0   0   0   0   0   4   3   0   0   0  1.14 0.19
   37 I    -1  -1  -1  -1  -2  -1  -2  -3  -1   2   1   1   1   0  -3  -2  -1   2   3   2    0   2   2   5   0   0   0   0   0  11  13  13   6   0   0   0   3   3  19  22  0.16 0.06
   38 A     6  -3  -3  -3  -1  -2  -2  -1  -3  -3  -3  -2  -2  -3  -2   1  -1  -4  -3  -1   95   0   0   0   0   0   0   0   0   0   0   0   0   0   0   5   0   0   0   0  0.88 0.18
   39 P    -1   1   2  -1  -3   0   0  -1   4  -3  -3   1  -2  -2   3   0  -1  -2   2  -3    4  10  16   0   0   2   4   4  15   0   0  10   0   0  15   8   0   0  12   0  0.33 0.07
   40 K    -1   0   1   5  -4   2   2  -1  -1  -4  -4   2  -3  -4  -1   0  -1  -4  -3  -3    3   0   3  41   0   9  13   4   0   0   0  22   0   0   2   2   2   0   0   0  0.53 0.10
   41 I    -2  -3  -4  -4  -2  -3  -4  -4  -4   5   3  -3   5  -1  -4  -3  -2  -3  -2   1    0   0   0   0   0   0   0   0   0  49  26   0  24   0   0   0   0   0   0   0  0.61 0.11
   42 G    -1  -4  -1  -2  -4  -3  -3   7  -3  -5  -5  -3  -4  -4  -3  -1  -3  -4  -4  -4    0   0   0   0   0   0   0 100   0   0   0   0   0   0   0   0   0   0   0   0  1.56 0.17
   43 F    -4  -4  -4  -5  -4  -5  -5  -5  -3  -1  -1  -5  -1   8  -5  -4  -3   0   2  -2    0   0   0   0   0   0   0   0   0   0   0   0   0 100   0   0   0   0   0   0  1.61 0.20
   44 K     0   2   1   0  -3   0   1  -2   0   0  -2   3  -1   0  -2  -1  -1  -3   0   0    6  13   7   3   0   0   6   0   3   7   0  36   0   6   0   0   2   0   4   8  0.19 0.05
   45 K    -2   1  -1  -2  -4   0   0  -3  -2  -1  -3   7  -2  -4  -2  -1  -2  -4  -3  -3    0   0   0   0   0   0   0   0   0   6   0  94   0   0   0   0   0   0   0   0  0.98 0.17
   46 Y    -3  -3  -3  -4  -3  -3  -3  -4   2  -2   1  -3  -1   2  -4  -3  -3   5   8  -2    0   0   0   0   0   0   0   0   4   0  16   0   0   3   0   0   0   6  71   0  1.10 0.15
   47 N    -1  -1   3   4  -3   0   1   1  -1  -4  -4  -1  -3  -4  -2   2   0  -4  -3  -3    0   0  17  42   0   0   7   9   0   0   0   0   0   0   0  26   0   0   0   0  0.52 0.05

                      K         Lambda
Standard Ungapped    0.1412     0.3304
Standard Gapped      0.0521     0.2670
PSI Ungapped         0.1701     0.3184
PSI Gapped           0.0521     0.2670
