
Last position-specific scoring matrix computed, weighted observed percentages rounded down, information per position, and relative weight of gapless real matches to pseudocounts
           A  R  N  D  C  Q  E  G  H  I  L  K  M  F  P  S  T  W  Y  V   A   R   N   D   C   Q   E   G   H   I   L   K   M   F   P   S   T   W   Y   V
    1 M   -2 -3 -3 -4 -3 -2 -3 -4 -3  0  2 -3  9 -1 -4 -3 -2 -3 -2  0    0   0   0   0   0   0   0   0   0   0   6   0  94   0   0   0   0   0   0   0  1.21 0.21
    2 K   -2  3 -1 -2 -4  2  0 -2 -1 -4 -3  6 -2 -4 -2 -1 -1 -4 -3 -3    0  15   0   0   0   5   0   0   0   0   0  79   0   0   0   0   0   0   0   0  0.82 0.13
    3 L   -2 -3 -3 -4 -3 -2 -3 -4  3 -1 -1 -3 -1  2 -4 -3 -2  1  7  1    0   0   0   0   0   0   0   0   8   0   3   0   0   2   0   0   0   0  72  15  0.97 0.15
    4 I   -1 -3 -4 -4 -2 -3 -3 -4 -4  2  3 -3  1 -1 -3 -2 -1 -3 -2  3    4   0   0   0   0   0   0   0   0  10  50   0   0   0   0   0   0   0   0  36  0.44 0.08
    5 A    5 -2 -2 -2 -1 -2 -2  0 -2 -2 -2 -1 -2 -3 -2  1 -1 -3 -3 -1   91   0   0   0   0   0   0   4   0   0   0   0   0   0   0   6   0   0   0   0  0.69 0.13
    6 A    5 -2 -2 -2 -1 -1 -2 -1 -2 -2 -2 -1 -2 -3 -2  1 -1 -3 -3 -1   91   0   0   0   0   0   0   0   0   0   0   0   0   0   0   9   0   0   0   0  0.71 0.14
    7 Y   -3 -3 -3 -4 -4 -3 -3 -4  1 -2 -2 -3 -2  4 -4 -3 -3  1  8 -2    0   0   0   0   0   0   0   0   0   0   0   0   0  12   0   0   0   0  88   0  1.44 0.18
    8 L    1 -3 -4 -4 -2 -2 -3 -3 -3  1  4 -3  2  0 -3 -2 -2 -2 -2  0   18   0   0   0   0   0   0   0   0   0  79   0   3   0   0   0   0   0   0   0  0.51 0.10
    9 L   -2 -3 -4 -4 -2 -3 -4 -4 -4  1  5 -3  3  0 -4 -3 -2 -2 -2  0    0   0   0   0   0   0   0   0   0   0  92   0   8   0   0   0   0   0   0   0  0.74 0.12
   10 A    4 -2 -2 -3  2 -2 -2 -1 -3  0  1 -2  0 -2 -2  0  0 -3 -2  1   55   0   0   0   4   0   0   0   0   2  23   0   0   0   0   3   4   0   0   9  0.28 0.08
   11 Y    1 -2 -1 -2 -1  0 -2  0 -2  1  0 -1  0 -2 -2  1  2 -3 -1  3   12   0   0   0   0   4   0   8   0   0   3   4   0   0   0  12  16   0   3  39  0.15 0.05
   12 L   -1 -2 -2 -4 -2 -1 -3 -4 -3  1  4 -2  2  0 -3 -2 -1 -2 -2  1    6   0   2   0   0   4   0   0   0   0  78   0   3   0   0   2   0   0   0   5  0.45 0.09
   13 G    2 -2  1 -1 -2 -2 -2  5 -2 -4 -4 -1 -3 -3 -2  2 -1 -3 -3 -3   16   0   6   0   0   0   0  53   0   0   0   0   0   0   0  25   0   0   0   0  0.64 0.09
   14 G   -1 -3 -1 -2 -3 -2 -3  6 -3 -4 -4 -2 -3 -4 -3 -1 -2 -3 -4 -4    0   0   0   0   0   0   0  94   0   0   1   0   0   0   0   0   0   0   0   0  1.28 0.13
   15 N   -2  0  6  0 -3  0 -1 -1  0 -4 -4  3 -3 -4 -2  0  0 -4 -3 -3    0   0  67   0   0   0   0   0   0   0   0  26   0   0   0   0   4   0   0   0  0.77 0.13
   16 S    2 -1  0  0 -2  0  2  0 -1 -2 -2  0 -2 -3  1  1  2 -3 -2 -1   26   0   2   4   0   2  21   7   0   0   0   3   0   0   6   8  22   0   0   0  0.26 0.05
   17 S    1  0  3  0 -2  0 -1 -1 -1 -3 -3  0 -2 -3 -1  3  2 -3 -2 -2    6   4  25   2   0   0   0   1   0   0   1   3   0   0   0  41  13   0   0   0  0.37 0.07
   18 P   -2 -3 -3 -2 -4 -2 -2 -3 -3 -4 -4 -2 -3 -4  8 -2 -2 -4 -4 -3    0   0   0   0   0   0   0   0   0   0   0   0   0   0  96   0   0   0   0   0  2.27 0.18
   19 S    1 -1  0 -1  1  0 -1  0 -2 -3 -3 -1 -2 -3 -2  4  2 -3 -2 -2    3   0   0   0   3   4   0   6   0   0   0   0   0   0   0  68  14   0   0   0  0.49 0.10
   20 A    4 -1 -1 -1 -1 -1  0 -1 -2 -1 -2  1 -1 -3 -1  1  1 -3 -2  0   57   0   2   3   0   0   6   0   0   0   0  11   0   0   0   5   8   0   0   7  0.29 0.07
   21 A    3 -1  0  2 -2  1  1  0 -1 -3 -3  1 -2 -3 -1  2  0 -3 -2 -2   38   0   2  14   0   4   8   3   0   0   0  11   0   0   0  20   0   0   0   0  0.29 0.06
   22 D   -1 -2  1  7 -4 -1  1 -2 -2 -4 -4 -1 -4 -4 -2  0 -2 -5 -4 -4    3   0   4  85   0   0   4   0   0   0   0   0   0   0   0   4   0   0   0   0  1.11 0.14
   23 V   -1 -3 -4 -4 -2 -3 -3 -4 -4  4  2 -3  1 -1 -3 -3 -1 -3 -2  4    0   0   0   0   0   0   0   0   0  31  20   0   0   0   0   0   0   0   0  49  0.50 0.09
   24 K   -1  1 -1 -1 -3  2  3 -2 -1 -3 -2  4 -2 -3 -2  0  1 -3 -2 -2    0   0   0   0   0   5  23   0   0   0   4  54   0   0   0   4   9   0   0   0  0.48 0.09
   25 D    2  1  1  1 -2  0  0 -1 -1 -3 -3  3 -2 -3 -2  1  0 -4 -2 -2   31   4   8  11   0   0   0   0   0   0   0  34   0   0   0   9   3   0   0   0  0.29 0.07
   26 I   -1 -4 -4 -4 -2 -3 -4 -4 -4  5  1 -3  0 -1 -3 -3 -1 -3 -2  4    0   0   0   0   0   0   0   0   0  51   2   0   0   0   0   0   0   0   0  46  0.60 0.11
   27 L   -2 -3 -4 -4  2 -3 -4 -4 -4  1  5 -3  1  0 -4 -3 -2 -2 -2  1    0   0   0   0   6   0   0   0   0   4  87   0   0   0   0   0   0   0   0   4  0.65 0.11
   28 N    0  0  0  2 -3  1  2  2 -1 -3 -3  2 -2 -3 -2  1  0 -3 -3 -3    5   0   3  12   0   4  23  15   0   0   0  18   0   0   0  18   1   0   0   0  0.32 0.05
   29 A    3 -2 -1 -1 -1 -1 -1 -1 -2 -2 -3 -1 -2 -3  0  4  1 -3 -2 -1   41   0   0   0   0   0   0   0   0   0   0   0   0   0   4  49   5   0   0   0  0.49 0.10
   30 V    1 -3 -3 -4  2 -3 -3 -1 -4  1  0 -3  0 -2 -3 -2 -1 -4 -2  5   16   0   0   0   6   0   0   4   0   0   0   0   0   0   0   0   0   0   0  75  0.45 0.11
   31 G   -1 -3  0  0 -3 -2 -3  6 -3 -5 -5 -2 -4 -4 -3 -1 -2 -4 -4 -4    0   0   4   5   0   0   0  91   0   0   0   0   0   0   0   0   0   0   0   0  1.24 0.13
   32 A    2 -3 -3 -3  1 -2 -2 -2 -3  3  1 -2  0 -1 -2  0 -1 -3 -2  3   28   0   0   0   2   0   0   0   0  33   7   0   0   0   0   6   0   0   0  25  0.26 0.06
   33 E    0 -1  0  4 -4  1  5 -2 -1 -4 -4  0 -3 -4  1 -1 -2 -4 -3 -3    6   0   0  29   0   3  55   0   0   0   0   0   0   0   6   0   0   0   0   0  0.73 0.11
   34 A    2 -3 -3 -3  3 -2 -2 -2 -3  2  0 -2  0 -2 -2  0  0 -3 -2  3   28   0   0   0   9   0   0   0   0   8   0   0   0   0   0   4   4   0   0  47  0.31 0.08
   35 N   -2 -2  2  6 -4  0  4 -2 -1 -4 -4 -1 -3 -4 -2 -1 -2 -5 -3 -4    0   0   9  57   0   0  34   0   0   0   0   0   0   0   0   0   0   0   0   0  0.91 0.12
   36 E    1 -1  0  2 -3  1  3 -1 -1 -2 -2  0  0 -3  2  1 -1 -3 -2 -2   11   0   3  15   0   7  24   4   0   0   3   3   6   0  10  14   0   0   0   0  0.27 0.05
   37 E    0 -1  0  3 -3  1  4 -2 -1 -3 -3  0 -3 -4 -2  2  0 -4 -3 -3    6   0   0  18   0   0  53   0   0   0   0   0   0   0   0  20   3   0   0   0  0.59 0.10
   38 K    0  5 -1 -2  2  2  0 -2 -1 -2 -2  2 -2 -3 -2  0 -1 -3 -2 -1    6  50   0   0   6  10   0   0   0   0   0  17   0   0   0   4   0   0   0   8  0.46 0.08
   39 L   -1 -3 -4 -4 -2 -3 -3 -4 -3  3  3 -3  2  0 -3 -2 -1 -3 -2  2    4   0   0   0   0   0   0   0   0  20  52   0   3   0   0   0   0   0   0  21  0.42 0.07
   40 E   -1  0  2  3 -3  2  3 -2 -1 -4 -3  1 -2 -4 -2  1 -1 -4 -3 -3    0   0  13  22   0  11  32   0   0   0   0   9   0   0   0  12   0   0   0   0  0.49 0.06
   41 F    1 -1 -1 -2 -2 -1  0  0 -2  0  1  1  0  1 -2  0  0 -2 -1  0   17   0   0   0   0   0   5   6   0   0  25  15   0  10   0   9   8   0   0   4  0.06 0.03
   42 L   -2 -3 -4 -4 -2 -3 -3 -4 -3  1  4 -3  1  1 -3 -3 -1 -2 -1  2    0   0   0   0   0   0   0   0   0   0  73   0   0   3   0   0   0   0   0  24  0.52 0.08

                      K         Lambda
Standard Ungapped    0.1302     0.3115
Standard Gapped      0.0470     0.2670
PSI Ungapped         0.1534     0.3179
PSI Gapped           0.0470     0.2670
