
Last position-specific scoring matrix computed, weighted observed percentages rounded down, information per position, and relative weight of gapless real matches to pseudocounts
           A  R  N  D  C  Q  E  G  H  I  L  K  M  F  P  S  T  W  Y  V   A   R   N   D   C   Q   E   G   H   I   L   K   M   F   P   S   T   W   Y   V
    1 F   -2 -3 -3 -4 -2 -3 -3 -3 -2  1  2 -3  1  5 -3 -2 -2  0  2  0    0   0   0   0   0   0   0   0   0   0  40   0   0  60   0   0   0   0   0   0  0.47 0.00
    2 T    0 -1  0 -1 -1 -1 -1 -2 -2 -1 -1 -1 -1 -2 -1  1  5 -3 -2  0    0   0   0   0   0   0   0   0   0   0   0   0   0   0   0   0 100   0   0   0  0.50 0.01
    3 P   -1 -2 -2 -2 -3 -1 -1 -2 -2 -3 -3 -1 -3 -4  7 -1 -1 -4 -3 -2    0   0   0   0   0   0   0   0   0   0   0   0   0   0 100   0   0   0   0   0  2.09 0.02
    4 E   -1  0  0  1 -4  2  5 -2  0 -3 -3  1 -2 -3 -1  0 -1 -3 -2 -3    0   0   0   0   0   0 100   0   0   0   0   0   0   0   0   0   0   0   0   0  0.78 0.02
    5 D   -1  0  0  3 -3  4  1  1  0 -3 -3  1 -1 -3 -1  0 -1 -3 -2 -3    0   0   0  25   0  51   0  11   0   0   0  13   0   0   0   0   0   0   0   0  0.44 0.01
    6 F   -1 -2 -3 -3 -2 -2 -3 -3 -2  1  3 -2  4  3 -3 -2 -1 -1  1  0    0   0   0   0   0   0   0   0   0   0  34   0  41  25   0   0   0   0   0   0  0.34 0.01
    7 I   -1 -3 -3 -3 -1 -3 -3 -4 -3  4  2 -3  1  0 -3 -2 -1 -3 -1  2    0   0   0   0   0   0   0   0   0  87  13   0   0   0   0   0   0   0   0   0  0.41 0.01
    8 S    1 -1  0 -1 -1  0 -1  2 -1 -2 -2  0 -2 -3 -1  3  2 -3 -2 -2    0   0   0   0   0   0   0  15   0   0   0   0   0   0   0  73  12   0   0   0  0.40 0.01
    9 A    4 -2 -2 -2  0 -1 -1  0 -2 -1 -2 -1 -1 -2 -1  1  0 -3 -2  0  100   0   0   0   0   0   0   0   0   0   0   0   0   0   0   0   0   0   0   0  0.44 0.01
   10 P   -1 -2 -2 -2 -3 -1 -1 -2 -2 -3 -3 -1 -3 -4  7 -1 -1 -4 -3 -2    0   0   0   0   0   0   0   0   0   0   0   0   0   0 100   0   0   0   0   0  2.09 0.02
   11 R   -2  6 -1 -2 -4  1  0 -2  0 -3 -2  2 -1 -3 -2 -1 -1 -3 -2 -3    0 100   0   0   0   0   0   0   0   0   0   0   0   0   0   0   0   0   0   0  0.81 0.02
   12 R   -2  6 -1 -2 -4  1  0 -2  0 -3 -2  2 -1 -3 -2 -1 -1 -3 -2 -3    0 100   0   0   0   0   0   0   0   0   0   0   0   0   0   0   0   0   0   0  0.81 0.02
   13 G    1 -1  0 -1 -1 -1 -1  3 -1 -3 -3 -1 -2 -3 -1  3  2 -3 -2 -2    0   0   0   0   0   0   0  38   0   0   0   0   0   0   0  46  15   0   0   0  0.43 0.01
   14 E   -1  0  0  1 -4  2  5 -2  0 -3 -3  1 -2 -3 -1  0 -1 -3 -2 -3    0   0   0   0   0   0 100   0   0   0   0   0   0   0   0   0   0   0   0   0  0.78 0.02
   15 A    3 -2 -2 -2 -1 -1 -1 -1 -2  0 -1 -1  0 -2 -1  1  0 -3 -2  2   72   0   0   0   0   0   0   0   0   0   0   0   0   0   0   0   0   0   0  28  0.28 0.01
   16 I   -1 -3 -3 -3 -1 -3 -3 -4 -3  4  1 -3  1  0 -3 -2 -1 -3 -1  2    0   0   0   0   0   0   0   0   0 100   0   0   0   0   0   0   0   0   0   0  0.44 0.01
   17 P   -1 -2 -2 -2 -3 -1 -1 -2 -2 -3 -3 -1 -3 -4  7 -1 -1 -4 -3 -2    0   0   0   0   0   0   0   0   0   0   0   0   0   0 100   0   0   0   0   0  2.09 0.02
   18 D   -2 -1  5  4 -3  0  0 -1  0 -3 -4  0 -3 -3 -2  0  0 -4 -3 -3    0   0  62  38   0   0   0   0   0   0   0   0   0   0   0   0   0   0   0   0  0.68 0.01
   19 P   -1 -2 -2 -2 -3 -1 -1 -2 -2 -3 -3 -1 -3 -4  7 -1 -1 -4 -3 -2    0   0   0   0   0   0   0   0   0   0   0   0   0   0 100   0   0   0   0   0  2.09 0.02
   20 K    1  0  0  0 -1  0  0 -1 -1 -3 -3  2 -2 -3 -1  3  1 -3 -2 -2    0   0   0   0   0   0   0   0   0   0   0  25   0   0   0  75   0   0   0   0  0.38 0.01
   21 G    0 -2 -1 -1 -3 -2 -2  6 -2 -4 -4 -2 -3 -3 -2  0 -2 -3 -3 -3    0   0   0   0   0   0   0 100   0   0   0   0   0   0   0   0   0   0   0   0  1.08 0.01
   22 E   -1  0  3  3 -3  2  3 -1  0 -3 -3  1 -2 -3 -1  0 -1 -3 -2 -3    0   0  23  26   0  13  25   0   0   0   0  12   0   0   0   0   0   0   0   0  0.47 0.01
   23 L   -1 -2 -2 -3 -1 -2 -2 -3 -3  2  1 -2  1  2 -2 -1  1 -2  0  2    0   0   0   0   0   0   0   0   0  23  12   0   0  13   0   0  15   0   0  36  0.22 0.00
   24 A    3 -2 -1 -2 -1 -1 -1  3 -2 -2 -2 -1 -1 -3 -1  1  0 -3 -2 -1   72   0   0   0   0   0   0  28   0   0   0   0   0   0   0   0   0   0   0   0  0.42 0.01
   25 V   -1 -2 -3 -3 -1 -2 -3 -3 -3  2  2 -2  1  0 -3 -2  0 -3 -1  3    0   0   0   0   0   0   0   0   0   0  28   0   0   0   0   0   0   0   0  72  0.33 0.01
   26 F   -2 -3 -3 -4 -3 -3 -3 -3 -1  0  0 -3  0  6 -4 -3 -2  1  3 -1    0   0   0   0   0   0   0   0   0   0   0   0   0 100   0   0   0   0   0   0  0.82 0.02

                      K         Lambda
Standard Ungapped    0.1436     0.3193
Standard Gapped      0.0402     0.2670
PSI Ungapped         0.1314     0.3032
PSI Gapped           0.0402     0.2670
