
Last position-specific scoring matrix computed, weighted observed percentages rounded down, information per position, and relative weight of gapless real matches to pseudocounts
            A   R   N   D   C   Q   E   G   H   I   L   K   M   F   P   S   T   W   Y   V   A   R   N   D   C   Q   E   G   H   I   L   K   M   F   P   S   T   W   Y   V
    1 F    -3  -4  -4  -5  -3  -4  -4  -4  -2  -1   0  -4  -1   8  -5  -3  -3   0   2  -2    0   0   0   0   0   0   0   0   0   0   0   0   0 100   0   0   0   0   0   0  1.32 0.14
    2 N    -3  -1   7   0  -4  -1  -1  -2   4  -5  -5  -1  -3  -4  -3  -1  -1  -5  -2  -4    0   0  85   0   0   0   0   0  12   0   0   2   0   0   0   0   0   0   0   0  1.26 0.20
    3 A     0  -3  -2  -2  -3  -3  -3   6  -3  -3  -1  -3  -2  -3  -3  -1  -1   1  -3  -3    3   0   0   0   0   0   0  81   0   0  11   0   0   0   0   0   4   2   0   0  1.02 0.14
    4 G     0  -3  -1  -2   2  -3  -3   6  -3  -5  -5  -3  -4  -4  -3   0  -2  -4  -4  -4    4   0   0   0   5   0   0  88   0   0   0   0   0   0   0   4   0   0   0   0  1.27 0.16
    5 G    -1  -3  -1  -2  -4  -3  -3   7  -3  -5  -5  -3  -4  -4  -3   0  -3  -4  -4  -4    0   0   0   0   0   0   0  96   0   0   0   0   0   0   0   4   0   0   0   0  1.51 0.20
    6 H    -3  -2  -1  -3  -5  -1  -2  -4  10  -5  -4  -2  -3   0  -4  -2  -3  -3   2  -5    0   0   0   0   0   0   0   0  93   0   0   0   0   4   0   0   0   0   3   0  1.94 0.27
    7 I     1  -3  -3  -4  -2  -3  -3  -3  -3   4   2  -3   0   0  -3  -2   0  -2   1   2   16   0   0   0   0   0   0   0   0  38  15   0   0   3   0   0   5   0   6  17  0.30 0.08
    8 N    -3  -2   7   0   1  -1  -2  -2  -1  -4  -1  -2  -3  -4  -3  -1  -1  -5  -3  -4    0   0  90   0   3   0   0   0   0   0   7   0   0   0   0   0   0   0   0   0  1.25 0.22
    9 H    -3  -2  -1  -3  -5  -1  -2  -4  10  -5  -5  -2  -3  -3  -4  -2  -3  -4   0  -5    0   0   0   0   0   0   0   0 100   0   0   0   0   0   0   0   0   0   0   0  2.21 0.30
   10 S     1  -2  -1   0   3  -1  -1  -2  -2  -2  -3  -1  -2  -3  -2   4   3   2  -2  -1    7   0   0   3   7   0   0   0   0   0   0   1   0   0   0  54  23   3   0   2  0.49 0.13
   11 L    -2  -3  -4  -4  -2  -3  -4  -5  -4   4   4  -3   2   0  -4  -3  -2  -3  -2   1    0   0   0   0   0   0   0   0   0  30  62   0   2   3   0   0   0   0   0   3  0.63 0.12
   12 F    -4  -4  -4  -5  -4  -4  -5  -4  -2  -1   0  -4  -1   8  -5  -4  -3   5   3  -2    0   0   0   0   0   0   0   0   0   0   2   0   0  86   0   0   0   7   5   0  1.45 0.21
   13 W    -4  -5  -6  -6  -4  -4  -5  -4  -4  -5  -4  -5  -3  -1  -6  -5  -4  13   1  -5    0   0   0   0   0   0   0   0   0   0   0   0   0   0   0   0   0 100   0   0  3.69 0.35
   14 Q    -1   1   0   0  -4   3   3  -2  -1  -3  -3   3  -2  -4  -2   0   2  -4  -3  -3    0   3   3   3   0  15  32   0   0   0   0  27   0   0   0   2  16   0   0   0  0.48 0.10
   15 N    -2  -2   5  -1  -3  -1  -2  -1  -1   1   0  -2   1  -2  -3   0   0  -4  -3   1    0   0  52   0   0   0   0   3   0   9  11   0   6   0   0   5   2   0   0  12  0.42 0.12
   16 L    -2  -3  -4  -5  -2  -3  -4  -5  -4   1   5  -3   5  -1  -4  -3  -2  -3  -2   0    0   0   0   0   0   0   0   0   0   3  72   0  25   0   0   0   0   0   0   0  0.79 0.16
   17 A     3  -2  -1  -1   0  -1  -1  -1  -2  -3  -3   0  -2  -3  -2   3   1  -4  -3  -2   43   0   0   2   2   0   0   0   0   0   0   4   0   0   0  39  10   0   0   0  0.47 0.12
   18 P    -1  -1  -3  -3  -4  -2  -2  -3  -3  -4  -4  -2  -4  -5   8  -2  -2  -5  -4  -4    3   3   0   0   0   0   0   0   0   0   0   0   0   0  92   0   0   0   0   0  2.23 0.23
   19 A     0   0   3   0  -2   1   1   0   0   0  -2   1  -1  -2  -1   0   0  -3  -1   0    6   3  22   2   0  10  11   5   2   6   0   7   0   0   1   7   3   0   3  12  0.14 0.04
   20 S     0   0   0   1  -3  -1  -1   4  -1  -4  -4   1  -3  -4  -2   1  -1  -4  -3  -3    6   3   3   7   0   0   2  47   1   0   0  14   0   0   0  16   0   0   0   0  0.51 0.09
   21 S     0  -1  -1  -1  -3   2   1   4  -2  -4  -4   0  -2  -4  -2   2   0  -3  -3  -3    2   0   0   0   0  11  13  43   0   0   0   6   0   0   0  17   7   0   0   0  0.49 0.09
   22 N    -1  -3   1   2  -4  -2   0   5  -2  -5  -4  -1  -4  -4   1  -1  -2  -4  -4  -4    2   0   6  11   0   0   5  66   0   0   0   3   0   0   7   0   0   0   0   0  0.84 0.13
   23 E     0   0  -1  -1  -3   1   3   3  -2  -3  -3   1  -2  -4  -2  -1   0  -3  -3  -2    6   4   0   0   0   5  33  33   0   0   0   9   0   0   0   0   6   0   0   4  0.41 0.09
   24 A    -1  -3  -2  -2  -4  -2  -2   4  -3  -4  -4  -2  -3  -4   6  -1   0  -4  -4  -3    2   0   0   0   0   0   0  36   0   0   0   0   0   0  53   0   9   0   0   0  1.27 0.16
   25 K    -1   1  -1   0  -4   3   4  -2  -1  -4  -3   4  -2  -4  -2  -1  -1  -3  -2  -3    0   0   0   0   0  15  45   0   0   0   0  40   0   0   0   0   0   0   0   0  0.61 0.07

                      K         Lambda
Standard Ungapped    0.1257     0.3135
Standard Gapped      0.0427     0.2670
PSI Ungapped         0.1395     0.3194
PSI Gapped           0.0427     0.2670
