
Last position-specific scoring matrix computed, weighted observed percentages rounded down, information per position, and relative weight of gapless real matches to pseudocounts
           A  R  N  D  C  Q  E  G  H  I  L  K  M  F  P  S  T  W  Y  V   A   R   N   D   C   Q   E   G   H   I   L   K   M   F   P   S   T   W   Y   V
    1 M   -1 -2 -3 -4 -2 -1 -3 -3 -2  1  2 -2  8  0 -3 -2 -1 -2 -1  0    0   0   0   0   0   0   0   0   0   0   0   0 100   0   0   0   0   0   0   0  0.65 0.07
    2 D   -1 -1  0  3 -4  2  6 -2  0 -4 -3  0 -3 -4 -2  0 -1 -3 -3 -3    0   0   0  10   0   0  90   0   0   0   0   0   0   0   0   0   0   0   0   0  0.81 0.04
    3 S    4 -1 -1 -1 -1 -1 -1  0 -2 -2 -2 -1 -1 -3 -1  3  0 -3 -2 -1   60   0   0   0   0   0   0   0   0   0   0   0   0   0   0  40   0   0   0   0  0.41 0.03
    4 V   -1 -3 -3 -4 -2 -3 -3 -4 -3  2  3 -3  1  4 -3 -2 -1 -1  1  2    3   0   0   0   0   0   0   0   0   2  42   0   0  28   0   0   0   0   0  25  0.31 0.02
    5 A    3 -2 -2 -2 -1 -2 -2 -1 -2  1  0 -2  0 -2 -2  1  1 -3 -2  3   45   0   0   0   0   0   0   0   0   0   0   0   0   0   0   5   6   0   0  44  0.23 0.02
    6 Y   -2 -2 -3 -4 -3 -2 -3 -4  2 -2 -2 -2 -1  3 -4 -2 -2  2  8 -2    0   0   0   0   0   0   0   0   0   0   0   0   0   0   0   0   0   0 100   0  1.12 0.06
    7 I   -1 -2 -1 -2 -1 -2 -2 -3 -3  3  0 -2  0 -1 -2  0  4 -3 -2  2    0   0   0   0   0   0   0   0   0  37   0   0   0   0   0   0  55   0   0   8  0.30 0.03
    8 I   -2 -3 -4 -4 -2 -3 -3 -4 -2  1  3 -3  1  5 -4 -3 -2  0  1  0    0   0   0   0   0   0   0   0   0   5  48   0   0  44   0   0   0   0   0   3  0.45 0.03
    9 V   -1 -3 -4 -4 -1 -3 -3 -4 -3  3  3 -3  2  0 -3 -3 -1 -2 -1  2    0   0   0   0   0   0   0   0   0  27  55   0   0   0   0   0   0   0   0  19  0.39 0.02
   10 L   -2 -2 -4 -4 -2 -2 -3 -4 -3  1  4 -3  3  2 -3 -3 -1 -2 -1  1    0   0   0   0   0   0   0   0   0   0  82   0  11   7   0   0   0   0   0   0  0.46 0.03
   11 A    1 -2 -1 -2 -1 -2 -2 -1 -3  2  0 -2  0 -2 -2  0  3 -3 -2  2   13   0   0   0   0   0   0   3   0  10   0   0   0   0   0   0  39   0   0  34  0.21 0.02
   12 M    0 -2 -1 -2 -2 -2 -2  2 -2  0  2 -2  2  1 -2  1  0 -2 -1  0    0   0   0   0   0   0   0  23   0   0  35   0  16   5   0  17   4   0   0   0  0.16 0.02
   13 A    2 -2 -1 -2  1 -1 -1  0 -2 -1 -2 -1 -1 -2 -1  1  4 -3 -2  0   30   0   0   0   4   0   0   6   0   0   0   0   0   0   0   5  50   0   0   5  0.29 0.02
   14 L   -2 -3 -4 -4 -1 -3 -3 -4 -3  3  4 -3  2  0 -3 -3 -1 -2 -1  2    0   0   0   0   0   0   0   0   0  22  68   0   0   0   0   0   0   0   0  11  0.42 0.02
   15 S    2 -2 -1 -2 -2 -2 -2  5 -2 -2 -3 -2 -2 -3 -2  1 -1 -3 -3  0   20   0   0   0   0   0   0  62   0   0   0   0   0   0   0   7   0   0   0  11  0.57 0.02
   16 V   -1 -2 -2 -3 -1 -2 -2 -3 -3  3  1 -2  0 -1 -2 -1  3 -3 -2  3    0   0   0   0   0   0   0   0   0  40   0   0   0   0   0   0  35   0   0  25  0.28 0.02
   17 L   -2 -3 -4 -4 -2 -3 -3 -4 -3  4  3 -3  2  0 -3 -3 -1 -2 -1  2    0   0   0   0   0   0   0   0   0  46  54   0   0   0   0   0   0   0   0   0  0.43 0.03
   18 F   -3 -3 -4 -4 -3 -4 -4 -4 -2  0  0 -4  0  7 -4 -3 -3  1  3 -1    0   0   0   0   0   0   0   0   0   0   0   0   0 100   0   0   0   0   0   0  0.96 0.05
   19 F   -3 -3 -4 -4 -3 -4 -4 -4 -2  0  0 -4  0  7 -4 -3 -3  1  3 -1    0   0   0   0   0   0   0   0   0   0   0   0   0 100   0   0   0   0   0   0  0.96 0.05
   20 A    5 -2 -2 -2 -1 -1 -1  0 -2 -2 -2 -1 -1 -3 -1  2  0 -3 -2 -1   89   0   0   0   0   0   0   0   0   0   0   0   0   0   0  11   0   0   0   0  0.46 0.04
   21 I   -1 -3 -4 -4 -1 -3 -4 -4 -4  5  1 -3  1 -1 -3 -3 -1 -3 -2  3    0   0   0   0   0   0   0   0   0  81   0   0   0   0   0   0   0   0   0  19  0.47 0.03
   22 A    3 -2 -2 -3 -1 -2 -2 -1 -2  0 -1 -2 -1  4 -2  0 -1 -1  1  0   56   0   0   0   0   0   0   0   0   4   0   0   0  40   0   0   0   0   0   0  0.31 0.03
   23 F   -3 -3 -4 -4 -3 -4 -4 -4 -2  0  1 -4  0  7 -4 -3 -3  1  3 -1    0   0   0   0   0   0   0   0   0   0   5   0   0  95   0   0   0   0   0   0  0.88 0.05
   24 R   -2  7 -1 -2 -4  1  0 -3 -1 -4 -3  2 -2 -3 -3 -1 -2 -3 -2 -3    0 100   0   0   0   0   0   0   0   0   0   0   0   0   0   0   0   0   0   0  0.92 0.05
   25 E   -2 -1  0  5 -4  1  5 -2 -1 -4 -4  0 -3 -4 -2  0 -1 -4 -3 -3    0   0   0  42   0   0  58   0   0   0   0   0   0   0   0   0   0   0   0   0  0.75 0.03
   26 P   -1 -3 -2 -2 -3 -2 -1 -3 -3 -3 -3 -1 -3 -4  8 -1 -1 -4 -3 -3    0   0   0   0   0   0   0   0   0   0   0   0   0   0  96   4   0   0   0   0  2.06 0.05
   27 P   -1 -3 -3 -2 -3 -2 -2 -3 -3 -3 -3 -1 -3 -4  8 -1 -2 -4 -4 -3    0   0   0   0   0   0   0   0   0   0   0   0   0   0 100   0   0   0   0   0  2.17 0.06
   28 R   -1  5 -1 -2 -4  1  0 -2 -1 -3 -3  4 -2 -3 -2 -1 -1 -3 -2 -3    0  57   0   0   0   0   0   0   0   0   0  40   0   0   0   0   3   0   0   0  0.63 0.03
   29 I   -2 -3 -4 -4 -2 -3 -3 -4 -3  4  2 -3  1  2 -3 -3 -1 -2  1  2    0   0   0   0   0   0   0   0   0  66   7   0   3   9   0   0   0   0   5  10  0.35 0.03
   30 E    0 -1  1  2 -3  2  2  2 -1 -1 -2  0 -1 -3 -2  0  0 -3 -2 -1    3   0   9  11   0  12  21  22   0   6   4   0   0   0   0   6   3   0   0   3  0.21 0.01
   31 K   -1  2  0 -1 -4  2  1 -2 -1 -3 -3  5 -2 -4 -1 -1 -1 -3 -2 -3    0   5   0   0   0   6   0   0   0   0   0  89   0   0   0   0   0   0   0   0  0.62 0.05

                      K         Lambda
Standard Ungapped    0.1451     0.3364
Standard Gapped      0.0485     0.2670
PSI Ungapped         0.1583     0.3169
PSI Gapped           0.0485     0.2670
