
Last position-specific scoring matrix computed, weighted observed percentages rounded down, information per position, and relative weight of gapless real matches to pseudocounts
           A  R  N  D  C  Q  E  G  H  I  L  K  M  F  P  S  T  W  Y  V   A   R   N   D   C   Q   E   G   H   I   L   K   M   F   P   S   T   W   Y   V
    1 M   -1 -2 -3 -4 -2 -1 -2 -3 -2  1  2 -2  7  0 -3 -2 -1 -2 -1  0    0   0   0   0   0   0   0   0   0   0   7   0  93   0   0   0   0   0   0   0  0.53 0.04
    2 K   -1  3  2  0 -3  0  0 -2  1 -1 -2  3 -1 -3 -2  0  2 -3 -2 -1    0  21  13   4   0   0   0   0   4   8   0  29   0   0   0   0  21   0   0   0  0.24 0.01
    3 V   -1 -3 -3 -3 -1 -3 -3 -4 -4  4  1 -3  1 -1 -3 -2 -1 -3 -1  3    0   0   0   0   0   0   0   0   0  66   0   0   0   0   0   0   0   0   0  34  0.40 0.02
    4 F   -2 -2 -1 -3 -2  0 -2 -3 -2  1  3 -2  2  2 -3 -2 -1 -1  1  1    0   0   4   0   0   9   0   0   0   0  64   0   6   8   0   0   0   0   4   5  0.26 0.01
    5 V    0 -3 -3 -4 -1 -3 -3 -4 -3  3  1 -3  1 -1 -3 -2  0 -3 -1  4    0   0   0   0   0   0   0   0   0   8   4   0   0   0   0   0   0   0   0  87  0.40 0.02
    6 L   -2 -3 -4 -4 -1 -3 -3 -4 -3  3  4 -3  2  0 -3 -3 -1 -2 -1  2    0   0   0   0   0   0   0   0   0  21  74   0   0   0   0   0   0   0   0   5  0.43 0.02
    7 N   -2 -1  6  1 -3  0  0 -1  5 -4 -4  0 -2 -3 -2  0 -1 -4 -1 -3    0   0  77   0   0   0   0   0  23   0   0   0   0   0   0   0   0   0   0   0  0.70 0.03
    8 G    0 -3 -1 -2 -3 -2 -2  6 -2 -4 -4 -2 -3 -4 -2  0 -2 -3 -3 -4    0   0   0   0   0   0   0 100   0   0   0   0   0   0   0   0   0   0   0   0  1.13 0.03
    9 P   -1 -2 -2 -2 -3 -2 -1 -3 -3 -3 -3 -1 -3 -4  8 -1 -1 -4 -3 -3    0   0   0   0   0   0   0   0   0   0   0   0   0   0 100   0   0   0   0   0  2.14 0.04
   10 N   -2 -1  6  1 -3  0 -1 -1  0 -4 -4  0 -3 -3 -2  0  0 -4 -2 -3    0   0 100   0   0   0   0   0   0   0   0   0   0   0   0   0   0   0   0   0  0.86 0.03
   11 L   -2 -2 -4 -4 -2 -2 -3 -4 -3  1  4 -3  2  0 -3 -3 -1 -2 -1  1    0   0   0   0   0   0   0   0   0   0 100   0   0   0   0   0   0   0   0   0  0.53 0.02
   12 G   -1 -1  5  2 -3 -1 -1  3  0 -4 -4 -1 -3 -3 -2  1 -1 -4 -3 -3    0   0  63   9   0   0   0  25   0   0   0   0   0   0   0   4   0   0   0   0  0.59 0.02
   13 R   -2  4 -2 -3 -2  0 -1 -3 -1  0  2  1  3 -1 -3 -1 -1 -2 -2 -1    0  51   0   0   0   0   0   0   0   0  24   0  26   0   0   0   0   0   0   0  0.33 0.02
   14 L   -2 -2 -4 -4 -2 -2 -3 -4 -3  1  4 -3  2  0 -3 -3 -1 -2 -1  1    0   0   0   0   0   0   0   0   0   0 100   0   0   0   0   0   0   0   0   0  0.53 0.02
   15 G    0 -3 -1 -2 -3 -2 -2  6 -2 -4 -4 -2 -3 -4 -2  0 -2 -3 -3 -4    0   0   0   0   0   0   0 100   0   0   0   0   0   0   0   0   0   0   0   0  1.13 0.03
   16 K   -1  3  0 -1 -3  1  0 -2 -1 -2 -2  4 -1 -3 -1  0  1 -3 -2 -2    0  15   0   0   0   0   0   0   0   4   0  63   0   0   0   4  14   0   0   0  0.38 0.02
   17 R   -2  6 -1 -2 -4  1  0 -3  0 -3 -3  2 -2 -3 -2 -1 -1 -3 -2 -3    0 100   0   0   0   0   0   0   0   0   0   0   0   0   0   0   0   0   0   0  0.87 0.03
   18 E   -1  0  0  1 -4  3  5 -2  0 -3 -3  1 -2 -4 -1  0 -1 -3 -2 -3    0   0   0   0   0  21  79   0   0   0   0   0   0   0   0   0   0   0   0   0  0.72 0.03
   19 P    0 -2 -2 -2 -3 -2 -1 -2 -3 -3 -3 -1 -3 -4  8 -1 -1 -4 -3 -3    6   0   0   0   0   0   0   0   0   0   0   0   0   0  94   0   0   0   0   0  1.96 0.03
   20 A    3 -2 -1 -2 -1 -1 -1  4 -2 -2 -2 -1 -2 -3 -1  1  0 -3 -2 -1   54   0   0   0   0   0   0  37   0   0   0   0   0   0   0   9   0   0   0   0  0.43 0.01

                      K         Lambda
Standard Ungapped    0.1453     0.3208
Standard Gapped      0.0445     0.2670
PSI Ungapped         0.1454     0.3151
PSI Gapped           0.0445     0.2670
