
Last position-specific scoring matrix computed, weighted observed percentages rounded down, information per position, and relative weight of gapless real matches to pseudocounts
           A  R  N  D  C  Q  E  G  H  I  L  K  M  F  P  S  T  W  Y  V   A   R   N   D   C   Q   E   G   H   I   L   K   M   F   P   S   T   W   Y   V
    1 A    4 -2 -1 -2 -1 -1 -1  0 -2 -2 -2 -1 -2 -3 -1  2  0 -3 -2 -1   78   0   0   0   0   0   0   0   0   0   0   0   0   0   0  22   0   0   0   0  0.50 0.07
    2 F   -2 -3 -3 -4 -3 -3 -3 -4 -2  0  1 -2  0  6 -4 -3 -1  0  3  0    0   0   0   0   0   0   0   0   0   4   8   3   0  67   0   0   4   0   5   8  0.64 0.08
    3 N   -2 -1  7  1 -4 -1 -1 -1  0 -4 -4 -1 -3 -4 -3  1 -1 -5 -3 -4    0   0  95   0   0   0   0   0   0   0   0   0   0   0   0   5   0   0   0   0  1.18 0.16
    4 L   -2 -3 -4 -5 -2 -3 -4 -5 -4  2  5 -3  3  0 -4 -3 -2 -2 -2  0    0   0   0   0   0   0   0   0   0   5  88   0   7   0   0   0   0   0   0   0  0.71 0.12
    5 R   -2  5 -1 -2 -4  1  0 -3  3 -4 -3  5 -2 -4 -2 -1 -1 -4 -2 -3    0  36   0   0   0   0   0   0  12   0   0  49   0   0   0   0   3   0   0   0  0.68 0.11
    6 N   -2 -2  6  0 -4 -1 -2  4  2 -4 -5 -1 -3 -4 -3  0 -1 -4 -3 -4    0   0  62   0   0   0   0  31   7   0   0   0   0   0   0   0   0   0   0   0  0.88 0.14
    7 R   -2  7 -1 -3 -5  0 -1 -3 -1 -4 -3  2 -3 -4 -3 -2 -2 -4 -3 -4    0  92   0   0   0   0   0   0   0   0   0   8   0   0   0   0   0   0   0   0  1.28 0.19
    8 N   -1 -1  4  1 -3 -1 -1 -2  5 -4 -4 -1 -3 -3 -2  3  0 -4 -1 -3    0   0  26   8   0   0   0   0  23   0   0   0   0   0   0  43   0   0   0   0  0.59 0.13
    9 F   -3 -3 -4 -5 -3 -4 -4 -4 -2  0  3 -4  0  6 -4 -3 -3  0  2 -1    0   0   0   0   0   0   0   0   0   0  39   0   0  58   0   0   0   0   4   0  0.82 0.14
   10 L   -2 -3 -4  0 -2 -3 -3 -4 -4  1  5 -3  1 -1 -4 -3 -2 -3 -2  1    0   0   0   7   0   0   0   0   0   0  89   0   0   0   0   0   0   0   0   4  0.68 0.14
   11 K    0  1  0 -1 -2  0 -1 -2 -2 -3 -3  3 -2 -3 -2  3  3 -4 -2 -2    6   5   3   0   0   0   0   0   0   0   0  26   0   0   0  29  31   0   0   0  0.38 0.10
   12 L   -1 -3 -4 -3 -2 -2  0 -4 -3  1  5 -3  2 -1 -3 -3 -2 -3 -2  0    5   0   0   0   0   0  10   0   0   0  80   0   2   0   0   0   0   0   0   4  0.53 0.12
   13 L    0 -1 -3 -3 -2  0 -1 -3 -2  1  3  1  2 -1 -3 -1 -1 -3 -2  1   11   0   0   0   0   4   3   0   0   3  48  12   9   0   0   2   0   0   0   7  0.22 0.07
   14 D   -3 -2  3  6 -4 -1  1 -2  4 -4 -5 -1 -4 -4 -3 -1 -2 -5 -2 -4    0   0  14  67   0   0   4   0  16   0   0   0   0   0   0   0   0   0   0   0  0.99 0.15
   15 F   -3 -3 -3 -4 -4 -3 -3 -4  5 -2 -1 -3 -1  7 -4 -3 -3  0  4 -2    0   0   0   0   0   0   0   0  20   0   0   0   0  65   0   0   0   0  15   0  1.04 0.17
   16 T   -1 -2  1 -2 -2 -1 -2 -2 -2 -2 -3 -1 -2 -3 -2  3  5 -4 -3 -1    0   0   5   0   0   0   0   0   0   0   0   0   0   0   0  27  68   0   0   0  0.71 0.16
   17 P   -1 -1 -1 -1 -3  0  0 -1 -2 -3 -3  0 -2 -4  6  0  2 -4 -3 -2    3   2   2   0   0   3   8   4   0   0   0   5   0   0  46   5  22   0   0   0  0.83 0.11
   18 R    1  4 -1  0 -3  2  3 -2 -1 -3 -3  2 -2 -4 -2  0 -1 -3 -2 -3   16  28   0   3   0  11  26   0   0   0   0  14   0   0   0   0   2   0   0   0  0.44 0.08
   19 E   -2 -1 -1  2 -5  2  6 -3 -1 -4 -4  0 -3 -4 -2 -1 -2 -4 -3 -4    0   0   0   7   0   5  89   0   0   0   0   0   0   0   0   0   0   0   0   0  1.12 0.18
   20 I   -2 -4 -4 -4 -2 -3 -4 -5 -4  5  2 -3  2  0 -4 -3 -1 -3 -2  2    0   0   0   0   0   0   0   0   0  65  17   0   6   4   0   0   0   0   0   9  0.58 0.12
   21 Q   -1  3  2 -1 -3  3  2 -2  0 -2 -1  2  0 -3 -2  0  0 -3 -2 -2    3  23  13   0   0  16  15   0   1   2   6  11   4   0   0   2   4   0   0   0  0.29 0.06
   22 Y   -1 -3 -3 -4 -3 -2 -3 -4  4 -2 -2 -3 -2  5 -4 -1 -1  1  7 -2    4   0   0   0   0   0   0   0  10   0   0   0   0  24   0   3   2   0  57   0  0.94 0.15
   23 M   -2 -3 -4 -5 -2 -3 -4 -5 -3  1  5 -3  3  1 -4 -3 -2 -2  1  0    0   0   0   0   0   0   0   0   0   0  81   0  10   4   0   0   0   0   4   0  0.68 0.13
   24 I   -2 -3 -4 -5 -2 -3 -4 -5 -4  3  5 -3  1  0 -4 -3 -2 -3 -2  1    0   0   0   0   0   0   0   0   0  19  77   0   0   0   0   0   0   0   0   4  0.67 0.12
   25 D   -1 -2  1  6 -4  0  1 -1  0 -4 -4 -1 -3 -4 -2 -1  0  1 -3 -3    4   0   5  66   0   4   3   4   3   0   0   2   0   0   0   0   6   2   0   0  0.76 0.13
   26 L   -2 -3 -5 -5 -2 -3 -4 -5 -4  2  5 -4  1  0 -4 -4 -2 -3 -2  0    0   0   0   0   0   0   0   0   0   6  94   0   0   0   0   0   0   0   0   0  0.83 0.15
   27 A    4 -2 -1 -2 -1 -1 -1 -1 -2 -3 -3 -1 -2 -3 -2  4  1 -4 -3 -2   56   0   0   0   0   0   0   0   0   0   0   0   0   0   0  41   3   0   0   0  0.59 0.14
   28 I    2  3 -1  0 -2  1  1 -2 -1  0 -2  1 -1 -3 -2  0  0 -3 -2  0   26  24   0   3   0   5  10   0   1  13   0  10   0   0   0   0   4   0   0   3  0.19 0.06
   29 D   -2 -1  1  6 -4  2  3 -2 -1 -4 -4  1 -3 -4 -2 -1 -2 -4 -1 -4    0   0   6  55   0   8  18   0   0   0   0  10   0   0   0   0   0   0   3   0  0.75 0.12
   30 L   -2 -3 -4 -5 -2 -3 -4 -5 -4  1  5 -3  1  0 -4 -3 -2 -3 -2  1    0   0   0   0   0   0   0   0   0   0  90   0   0   0   0   0   0   0   0  10  0.77 0.14

                      K         Lambda
Standard Ungapped    0.1506     0.3346
Standard Gapped      0.0521     0.2670
PSI Ungapped         0.1702     0.3206
PSI Gapped           0.0521     0.2670
