
Last position-specific scoring matrix computed, weighted observed percentages rounded down, information per position, and relative weight of gapless real matches to pseudocounts
            A   R   N   D   C   Q   E   G   H   I   L   K   M   F   P   S   T   W   Y   V   A   R   N   D   C   Q   E   G   H   I   L   K   M   F   P   S   T   W   Y   V
    1 Q    -1   0   0   1  -4   4   5  -2   0  -3  -3   1  -2  -4  -1   0  -1  -3  -2  -3    0   0   0   0   0  41  59   0   0   0   0   0   0   0   0   0   0   0   0   0  0.65 0.02
    2 R    -2   7  -1  -2  -4   1   0  -3  -1  -4  -3   2  -2  -3  -3  -1  -2  -3  -2  -3    0 100   0   0   0   0   0   0   0   0   0   0   0   0   0   0   0   0   0   0  0.94 0.05
    3 M     0   1  -2  -3  -2  -1  -2   0  -2   3   0   0   2  -1  -3  -1  -1  -3  -2   2    4  13   0   0   0   0   0   8   0  33   0   5  10   0   0   6   0   0   0  22  0.12 0.02
    4 C    -1  -4  -4  -5  10  -4  -5  -3  -4  -2  -2  -4  -2  -3  -4  -2  -2  -3  -3  -2    0   0   0   0 100   0   0   0   0   0   0   0   0   0   0   0   0   0   0   0  1.86 0.11
    5 P    -2  -3  -3  -2  -4  -2  -2  -3  -3  -4  -4  -2  -3  -5   9  -2  -2  -5  -4  -3    0   0   0   0   0   0   0   0   0   0   0   0   0   0 100   0   0   0   0   0  2.29 0.10
    6 K    -2   6  -1  -2  -4   1   0  -3  -1  -3  -2   3  -2  -3  -3  -1  -2  -3  -2  -3    0  75   0   0   0   0   0   0   0   0   5  21   0   0   0   0   0   0   0   0  0.77 0.07
    7 I    -2  -4  -4  -4  -2  -4  -4  -5  -4   6   1  -3   1  -1  -4  -3  -1  -3  -2   2    0   0   0   0   0   0   0   0   0 100   0   0   0   0   0   0   0   0   0   0  0.68 0.08
    8 L    -2  -3  -4  -4  -2  -3  -3  -4  -3   1   4  -3   1   1  -4  -3  -2   6   2   0    0   0   0   0   0   0   0   0   0   0  79   0   0   0   0   0   0  13   8   0  0.59 0.06
    9 M    -2  -1  -2  -3  -2   1  -2  -3  -2   0   1   1   8  -1  -3  -2  -1  -2  -2   0    0   0   0   0   0   5   0   0   0   0   0  14  81   0   0   0   0   0   0   0  0.60 0.09
   10 K    -1   2  -1   0  -4   2   3  -2  -1  -4  -3   3  -2  -4   3  -1  -1  -3  -2  -3    0  14   0   0   0   7  35   0   0   0   0  29   0   0  14   0   0   0   0   0  0.53 0.04
   11 C    -1  -4  -4  -5  10  -4  -5  -3  -4  -2  -2  -4  -2  -3  -4  -2  -2  -3  -3  -2    0   0   0   0 100   0   0   0   0   0   0   0   0   0   0   0   0   0   0   0  1.86 0.11
   12 K    -1   3  -1  -1  -3   1   0  -2  -1  -3  -3   5  -2  -4  -2   0   0  -4  -2  -3    0  12   0   0   0   0   0   0   0   0   0  77   0   0   0   6   5   0   0   0  0.59 0.06
   13 Q    -1   4  -1  -2  -3   2   0  -2   3  -2  -1   2  -1  -3  -2   0   0  -3  -1  -1    3  42   0   0   0  10   0   0  11   0   6  10   0   0   0   6   5   0   0   7  0.32 0.03
   14 D    -2  -2   2   7  -4  -1   1  -2  -2  -4  -5  -1  -4  -4  -2  -1  -2  -5  -4  -4    0   0   7  93   0   0   0   0   0   0   0   0   0   0   0   0   0   0   0   0  1.14 0.08
   15 S     1  -1   0   2  -2  -1   0  -1  -1  -3  -3  -1  -2  -3  -1   5   2  -4  -2  -2    5   0   0  11   0   0   0   0   0   0   0   0   0   0   0  78   6   0   0   0  0.51 0.06
   16 D    -3  -2   1   7  -4  -1   1  -2  -2  -4  -5  -1  -4  -4  -2  -1  -2  -5  -4  -4    0   0   0 100   0   0   0   0   0   0   0   0   0   0   0   0   0   0   0   0  1.24 0.09
   17 C    -1  -4  -4  -5  10  -4  -5  -3  -4  -2  -2  -4  -2  -3  -4  -2  -2  -3  -3  -2    0   0   0   0 100   0   0   0   0   0   0   0   0   0   0   0   0   0   0   0  1.86 0.11
   18 L    -2  -3  -3  -4  -2  -2  -3  -4  -3   1   4  -3   3   1   3  -2  -2  -2  -1   0    0   0   0   0   0   0   0   0   0   0  62   0  13   6  19   0   0   0   0   0  0.46 0.04
   19 L     3   0  -2  -2  -2  -1  -2   2  -2  -2   0  -1  -1  -3   2   0  -1  -3  -2  -1   53   7   0   0   0   0   0  19   0   0  11   0   0   0  11   0   0   0   0   0  0.31 0.04
   20 D     0   0   0   3  -3   2   3   2  -1  -3  -3   1  -2  -4  -2   0   0  -3  -3  -3    8   0   0  19   0  14  26  17   0   0   0   8   0   0   0   0   6   0   0   0  0.35 0.03
   21 C    -1  -4  -4  -5  10  -4  -5  -3  -4  -2  -2  -4  -2  -3  -4  -2  -2  -3  -3  -2    0   0   0   0 100   0   0   0   0   0   0   0   0   0   0   0   0   0   0   0  1.86 0.11
   22 V    -1  -1  -3  -3  -2  -2  -3  -4  -3   4   1  -1   0  -1  -3  -2   1  -3  -2   3    0   5   0   0   0   0   0   0   0  46   0   7   0   0   0   0   9   0   0  33  0.28 0.04
   23 C    -1  -4  -4  -5  10  -4  -5  -3  -4  -2  -2  -4  -2  -3  -4  -2  -2  -3  -3  -2    0   0   0   0 100   0   0   0   0   0   0   0   0   0   0   0   0   0   0   0  1.86 0.11
   24 L    -1   2  -2  -3  -2   1  -1  -2  -2   1   3   0   2  -1  -3  -2  -1  -2  -2   1    0  15   0   0   0  12   0   3   0   0  44   7   7   0   0   0   0   0   0  13  0.17 0.03
   25 K     1   0  -1   0  -2   1   3   1  -1  -3  -3   1  -2  -3   2   1  -1  -3  -2  -2   13   4   0   0   0   5  37   9   0   0   1   7   0   0  10  12   0   0   0   1  0.31 0.02
   26 E    -1  -1   4   2  -3   1   1  -1   5  -3  -3  -1  -2  -3  -2   1  -1  -3  -1  -3    0   0  33  11   0   7   4   0  30   0   0   0   0   0   0  13   0   0   0   0  0.46 0.04
   27 G     0  -3  -1  -2  -3  -2  -1   6  -3  -5  -4  -2  -3  -4  -3  -1  -2  -3  -4  -4    0   0   0   0   0   0   5  95   0   0   0   0   0   0   0   0   0   0   0   0  1.18 0.07
   28 F    -2  -2  -2  -4  -3  -2  -3  -4   4   0  -1  -3  -1   5  -4  -2  -2   1   6  -1    0   0   0   0   0   0   0   0  13   8   0   0   0  32   0   0   0   0  47   0  0.71 0.06
   29 C    -1  -4  -4  -5  10  -4  -5  -3  -4  -2  -2  -4  -2  -3  -4  -2  -2  -3  -3  -2    0   0   0   0 100   0   0   0   0   0   0   0   0   0   0   0   0   0   0   0  1.86 0.11
   30 G     0  -3  -1  -2  -3  -2  -3   7  -3  -5  -5  -2  -3  -4  -3  -1  -2  -3  -4  -4    0   0   0   0   0   0   0 100   0   0   0   0   0   0   0   0   0   0   0   0  1.28 0.08

                      K         Lambda
Standard Ungapped    0.1469     0.3337
Standard Gapped      0.0410     0.2670
PSI Ungapped         0.1469     0.3337
PSI Gapped           0.0410     0.2670
