
Last position-specific scoring matrix computed, weighted observed percentages rounded down, information per position, and relative weight of gapless real matches to pseudocounts
           A  R  N  D  C  Q  E  G  H  I  L  K  M  F  P  S  T  W  Y  V   A   R   N   D   C   Q   E   G   H   I   L   K   M   F   P   S   T   W   Y   V
    1 M   -2 -2 -3 -4 -2 -1 -3 -4 -2  2  2 -2  8  0 -3 -2 -1 -2 -2  1    0   0   0   0   0   0   0   0   0   8   0   0  92   0   0   0   0   0   0   0  0.64 0.08
    2 S   -2 -1  7  2 -3  0  0 -1  0 -4 -4 -1 -3 -4 -2  1  0 -4 -3 -3    0   0  83   6   0   0   0   0   0   0   0   0   0   0   0  11   0   0   0   0  0.80 0.06
    3 L   -1 -3 -4 -4 -2 -3 -3 -4 -3  2  4 -3  1  1 -3 -2 -1  3 -1  1    4   0   0   0   0   0   0   0   0  20  63   0   0   4   0   0   4   6   0   0  0.37 0.03
    4 E   -1 -1 -1  1 -4  2  6 -3 -1 -4 -4  0 -3 -4 -2 -1 -1 -4 -3 -3    0   0   0   0   0   0 100   0   0   0   0   0   0   0   0   0   0   0   0   0  0.94 0.07
    5 V   -1 -3 -4 -4 -1 -3 -3 -4 -4  3  2 -3  1 -1 -3 -2 -1 -3 -2  4    0   0   0   0   0   0   0   0   0  21  26   0   0   0   0   0   0   0   0  53  0.38 0.03
    6 I   -1 -3 -4 -4 -1 -3 -4 -4 -4  4  2 -3  1 -1 -3 -3 -1 -3 -2  3    0   0   0   0   0   0   0   0   0  61  10   0   0   0   0   0   0   0   0  29  0.43 0.04
    7 L    2 -2 -2 -3 -1 -2 -2 -2 -2  1  0 -2  0  3 -2  0  1 -2  0  2   34   0   0   0   0   0   0   0   0   0   5   0   0  23   0   0   8   0   0  29  0.18 0.03
    8 Q   -1  1  0 -1 -4  7  2 -2  0 -4 -3  1 -1 -4 -2 -1 -1 -3 -2 -3    0   0   0   0   0 100   0   0   0   0   0   0   0   0   0   0   0   0   0   0  0.93 0.08
    9 L   -2 -3 -4 -4 -2 -3 -4 -4 -3  1  5 -3  2  0 -4 -3 -2 -2 -1  1    0   0   0   0   0   0   0   0   0   0 100   0   0   0   0   0   0   0   0   0  0.60 0.05
   10 G    1 -2 -1 -2 -2 -1 -2  3 -2  0  0 -1  1 -2 -2  0  3 -3 -2  0    9   0   0   0   0   0   0  27   0   4   6   0   7   0   0   0  44   0   0   4  0.26 0.03
   11 S    2 -2 -1 -1 -1 -1 -1 -1 -2  0 -1 -1 -1 -2 -1  3  1 -3 -2  1   24   0   0   0   0   0   0   0   0   0   0   0   0   0   0  53   0   0   0  24  0.27 0.04
   12 I   -2 -3 -4 -4 -2 -3 -3 -4 -3  2  5 -3  2  0 -3 -3 -1 -2 -1  1    0   0   0   0   0   0   0   0   0   5  89   0   0   0   0   0   0   0   0   6  0.52 0.04
   13 L    2 -2 -2 -2 -1 -1 -2 -1 -2  1  1 -1  0  0 -2  1  2 -2 -1  1   37   0   0   0   0   0   0   0   0  11  14   0   0   7   0   7  19   0   0   4  0.15 0.02
   14 L   -2 -3 -4 -4 -2 -3 -4 -4 -3  1  4 -3  2  3 -4 -3 -2 -1  0  0    0   0   0   0   0   0   0   0   0   0  80   0   0  20   0   0   0   0   0   0  0.50 0.04
   15 V   -1 -3 -4 -4 -2 -3 -4 -4 -4  5  1 -3  2 -1 -3 -3 -1 -3 -2  3    0   0   0   0   0   0   0   0   0  71   0   0   5   0   0   0   0   0   0  23  0.46 0.04
   16 V    0 -2 -2 -3 -1 -2 -2 -3 -3  2  1 -2  0 -1 -2  0  2 -3 -2  3    4   0   0   0   0   0   0   0   0   7  11   0   0   0   0   4  21   0   0  53  0.24 0.03
   17 A    2 -2 -3 -3 -1 -2 -2 -1 -3  2  1 -2  0 -1 -2 -1 -1 -3 -2  2   37   0   0   0   0   0   0   4   0  16  19   0   0   0   0   0   0   0   0  25  0.18 0.02
   18 A    4 -2 -1 -2 -1 -1 -1  0 -2 -2 -1 -1 -1 -3 -1  3  0 -3 -2 -1   58   0   0   0   0   0   0   0   0   0   5   0   0   0   0  38   0   0   0   0  0.38 0.04
   19 G    0 -3 -1 -2 -3 -2 -3  7 -3 -5 -4 -2 -3 -4 -3 -1 -2 -3 -4 -4    0   0   0   0   0   0   0 100   0   0   0   0   0   0   0   0   0   0   0   0  1.21 0.06
   20 P   -1 -3 -3 -2 -4 -2 -2 -3 -3 -4 -4 -2 -3 -4  8 -1 -2 -5 -4 -3    0   0   0   0   0   0   0   0   0   0   0   0   0   0 100   0   0   0   0   0  2.22 0.08
   21 L    0 -3 -4 -4 -1 -2 -3 -3 -3  2  4 -3  2  0 -3 -2 -1 -2 -2  1   10   0   0   0   0   0   0   0   0  15  69   0   0   0   0   0   0   0   0   6  0.37 0.03
   22 V   -1 -3 -4 -4 -1 -3 -3 -4 -4  4  1 -3  1 -1 -3 -2 -1 -3 -2  4    0   0   0   0   0   0   0   0   0  26   0   0   0   0   0   0   0   0   0  74  0.46 0.05
   23 I   -1 -3 -4 -4 -1 -3 -4 -4 -4  5  1 -3  1 -1 -3 -3 -1 -3 -2  3    0   0   0   0   0   0   0   0   0  70   0   0   0   0   0   0   0   0   0  30  0.48 0.05
   24 V    2 -2 -3 -3 -1 -2 -2  0 -3  1  0 -2  0  1 -2 -1 -1 -2 -1  2   35   0   0   0   0   0   0   9   0   3   4   0   0  11   0   0   0   0   0  37  0.16 0.03
   25 L   -2 -3 -4 -4 -2 -3 -4 -4 -3  1  5 -3  2  1 -4 -3 -2 -2 -1  1    0   0   0   0   0   0   0   0   0   0  94   0   0   6   0   0   0   0   0   0  0.55 0.05
   26 L   -2 -3 -4 -4 -2 -2 -3 -4 -3  1  4 -3  2  0 -3 -2 -1 -2 -1  1    0   0   0   0   0   0   0   0   0   0  88   0   0   0   0   5   0   0   0   7  0.47 0.04
   27 S    4 -2 -2 -2 -1 -1 -2 -1 -2 -1 -1 -1 -1  3 -2  1  0 -2  0 -1   62   0   0   0   0   0   0   0   0   0   0   0   0  25   0  13   0   0   0   0  0.31 0.04
   28 V    1 -2 -2 -3 -1 -2 -2 -2 -2  2  1 -2  0  2 -2  1  0 -2  0  2   22   0   0   0   0   0   0   0   0  15  20   0   0  13   0  15   0   0   0  16  0.13 0.02
   29 N   -2  5  1 -1 -4  2  0 -2  0 -4 -3  3 -2 -4 -2 -1 -1 -3 -2 -3    0  58  10   0   0  11   0   0   0   0   0  21   0   0   0   0   0   0   0   0  0.61 0.04
   30 E   -1  2  1 -1 -4  4  1  0 -1 -3 -3  4 -2 -4 -2  0 -1 -3 -2 -3    0   4   6   0   0  29   6   8   0   0   0  47   0   0   0   0   0   0   0   0  0.44 0.04
   31 G    0 -3 -1 -2 -3 -2 -3  7 -3 -5 -4 -2 -3 -4 -3 -1 -2 -3 -4 -4    0   0   0   0   0   0   0 100   0   0   0   0   0   0   0   0   0   0   0   0  1.23 0.06
   32 N   -2 -1  7  1 -3  0 -1 -1  0 -4 -4 -1 -3 -4 -3  0 -1 -5 -3 -4    0   0 100   0   0   0   0   0   0   0   0   0   0   0   0   0   0   0   0   0  1.01 0.08
   33 L   -2 -3 -4 -4 -2 -3 -4 -4 -3  1  5 -3  2  0 -4 -3 -2 -2 -2  1    0   0   0   0   0   0   0   0   0   0 100   0   0   0   0   0   0   0   0   0  0.61 0.05

                      K         Lambda
Standard Ungapped    0.1441     0.3231
Standard Gapped      0.0410     0.2670
PSI Ungapped         0.1441     0.3231
PSI Gapped           0.0410     0.2670
