
Last position-specific scoring matrix computed, weighted observed percentages rounded down, information per position, and relative weight of gapless real matches to pseudocounts
            A   R   N   D   C   Q   E   G   H   I   L   K   M   F   P   S   T   W   Y   V   A   R   N   D   C   Q   E   G   H   I   L   K   M   F   P   S   T   W   Y   V
    1 I    -1  -3  -2  -3  -1  -2  -3  -3  -3   3   0  -2   0  -2  -2  -1   3  -3  -2   4    0   0   0   0   0   0   0   0   0  18   0   0   0   0   0   0  31   0   0  51  0.41 0.09
    2 F    -2  -2  -2  -1  -3  -2  -1  -2   1   1   1  -2  -1   4   3  -1  -1  -2   0   0    0   2   0   4   0   0   3   3   4  13  11   0   0  31  17   4   2   0   0   6  0.28 0.08
    3 I    -2  -3  -3  -3  -2  -3  -3  -4  -4   5   0  -3   0  -2  -3  -1   4  -4  -2   1    0   0   0   0   0   0   0   0   0  59   4   0   0   0   0   0  37   0   0   0  0.64 0.17
    4 N    -3  -2   5   5  -4   0   0  -2  -1  -4  -5  -1  -4  -4   0  -1  -2  -5  -4  -4    0   0  48  41   0   3   3   0   0   0   0   0   0   0   5   0   0   0   0   0  0.98 0.19
    5 V    -1  -3  -4  -3  -2  -3  -1  -4  -4   3   0  -2   0  -2  -3  -2  -1  -4  -2   5    2   0   0   0   0   0   5   0   0  17   3   3   0   0   0   0   0   0   0  70  0.61 0.16
    6 K    -2   2  -1   0  -4   0   0  -3  -2  -4  -4   6  -3  -4   1   1  -1  -4  -3  -3    0   6   0   4   0   0   3   0   0   0   0  71   0   0   5  11   0   0   0   0  0.79 0.19
    7 C    -2  -5  -5  -5  11  -5  -6  -4  -5  -3  -3  -5  -3  -4  -5  -3  -3  -4  -4  -3    0   0   0   0 100   0   0   0   0   0   0   0   0   0   0   0   0   0   0   0  2.85 0.37
    8 S    -1   2  -1  -2  -2  -1  -1  -1  -2  -2  -2   1  -2   0  -2   3   3  -3   1  -2    0  13   0   0   0   0   0   3   0   2   0   8   0   4   0  33  32   0   5   0  0.37 0.13
    9 S     2  -2   0  -1  -2  -1  -2   3   1  -2  -2  -1  -2  -2  -2   2   0  -3  -1   0   23   0   3   2   0   0   0  27   5   1   1   0   0   0   0  24   5   0   3   7  0.30 0.09
   10 P     0  -2  -1  -2  -2  -2  -2  -2  -2  -3  -4  -2  -3  -4   4   5   2  -4  -3  -3    0   0   0   0   0   0   0   0   0   0   0   0   0   0  21  67  12   0   0   0  0.87 0.21
   11 Q     0   2   1  -1  -3   1   0   0   0  -3  -3   3  -2  -3   1   2  -1  -3   0  -3    3  16   5   0   0   6   0   5   1   0   0  32   0   0   8  19   0   0   5   0  0.36 0.10
   12 Q    -2   0  -1   2  -4   6   4  -3  -1  -4  -4   1  -2  -4  -2  -1  -2  -4  -3  -4    0   0   0   9   0  57  26   0   0   0   0   6   0   0   0   2   0   0   0   0  0.94 0.21
   13 C    -2  -5  -5  -5  11  -5  -6  -4  -5  -3  -3  -5  -3  -4  -5  -3  -3  -4  -4  -3    0   0   0   0 100   0   0   0   0   0   0   0   0   0   0   0   0   0   0   0  2.85 0.37
   14 L    -3  -3  -4  -4  -3  -3  -4  -4   0   0   2  -3  -1   1  -4  -2  -1   9   3   0    0   0   0   0   0   0   0   0   3   5  31   0   0   5   0   2   3  35  11   6  1.00 0.17
   15 K     0   1  -1   0  -3   1   1  -1  -2  -1  -2   2  -2  -3   4   0   0  -4  -3  -1    3   5   0   4   0   5  12   2   0   6   3  18   0   0  26   9   4   0   0   2  0.39 0.08
   16 P     1  -3  -3  -3  -3  -2  -2  -3  -3   0  -2  -1   0  -3   6  -1  -1  -4  -3   1   15   0   0   0   0   0   0   0   0   5   0   3   3   0  53   2   3   0   0  17  1.00 0.17
   17 C    -2  -5  -5  -5  11  -5  -6  -4  -5  -3  -3  -5  -3  -4  -5  -3  -3  -4  -4  -3    0   0   0   0 100   0   0   0   0   0   0   0   0   0   0   0   0   0   0   0  2.85 0.37
   18 K    -2   3  -1  -2  -4   1   1  -3  -2  -2  -3   6  -2  -1  -2  -1  -2  -4  -3  -3    0  12   0   0   0   2   8   0   0   3   0  72   0   3   0   0   0   0   0   0  0.84 0.20
   19 A     1   1  -1   3  -3   1   2  -1  -1  -3  -3   4  -2  -4  -2   0  -1  -4  -3  -3   12   6   0  20   0   3  11   3   0   0   0  38   0   0   0   5   0   0   0   0  0.42 0.11
   20 A     3   1  -2  -3  -2   0  -2  -2  -2   1   1   0   1  -2  -2  -1  -1  -3  -2   2   38  11   0   0   0   5   0   0   0   5  14   5   3   0   0   0   0   0   0  18  0.19 0.09
   21 F    -1  -2  -2  -2  -2  -2  -2  -2   1   0  -1  -2   0   4  -2  -1   2   0   4   0    1   1   1   1   0   1   1   1   5   6   2   1   3  27   1   1  20   0  19   9  0.31 0.09
   22 G    -1  -2   2  -1  -3  -2  -2   6  -2  -4  -3  -2  -3  -3  -2  -1  -2  -3  -3  -3    1   1  13   1   0   1   1  74   0   1   1   1   0   1   1   1   1   0   0   1  1.00 0.15
   23 I     0   0  -1  -1   1   0  -1   2  -1   0  -1   0   1  -1   0   0   1  -1  -1   0    3   4   2   2   4   6   2  18   1   5   4   4   6   2   4   4  17   1   1   9  0.06 0.02
   24 S    -1   3   0   1   0   0  -1  -1   3  -2  -2   1   2  -2  -2   2   1  -3  -2  -2    1  21   2   7   2   0   0   3   9   0   1  11  12   0   0  20   7   0   0   0  0.21 0.08
   25 A     3   3  -2  -2  -2  -1  -2   0  -2  -2  -1  -1  -1   1   0   0   1  -2   0  -1   37  23   0   0   0   0   0   5   0   0   3   0   0   7   3   0  14   0   4   3  0.24 0.10
   26 G     0   1   1  -1  -2   1   0   2   2  -2  -2   0  -1   1  -2   0  -1  -2   0  -2   10   9  11   1   0  11   6  18   8   1   2   4   0  11   1   1   1   0   2   1  0.15 0.04
   27 G     2  -3  -2  -2  -3  -3  -3   6  -3  -4  -4  -2  -3  -4  -3   0  -2  -4  -4  -3   22   0   0   0   0   0   0  73   0   0   0   0   0   0   0   5   0   0   0   0  1.11 0.19
   28 K    -2   2  -2  -2  -5   0  -1  -3  -2  -4  -4   7  -3  -5  -2  -2  -2  -4  -3  -4    0   5   0   0   0   0   0   0   0   0   0  95   0   0   0   0   0   0   0   0  1.30 0.27
   29 C    -2  -5  -5  -5  11  -5  -6  -4  -5  -3  -3  -5  -3  -4  -5  -3  -3  -4  -4  -3    0   0   0   0 100   0   0   0   0   0   0   0   0   0   0   0   0   0   0   0  2.85 0.37
   30 I    -2  -2  -3  -4  -3   2  -3  -4  -3   2   0  -1   8  -2  -4  -3  -2  -3  -2   1    0   0   0   0   0  10   0   0   0  15   0   3  67   0   0   0   0   0   0   5  0.99 0.25
   31 N    -3  -2   8   0  -4  -2  -2   0  -1  -5  -5  -2  -4  -5  -4  -1  -2  -5  -4  -4    0   0  93   0   0   0   0   7   0   0   0   0   0   0   0   0   0   0   0   0  1.56 0.29
   32 G    -1   1   1  -2  -4  -1  -2   5  -2  -4  -4   2  -3  -4  -3   0  -2  -4  -3  -4    0  10   9   0   0   0   0  60   0   0   0  16   0   0   0   6   0   0   0   0  0.78 0.15
   33 K    -2   2  -1  -2  -4   2   0  -3   1  -3  -2   6  -2  -4  -2  -1  -2  -4  -3  -3    0   8   0   0   0  10   0   0   3   0   5  73   0   0   0   0   0   0   0   0  0.86 0.20
   34 C    -2  -5  -5  -5  11  -5  -6  -4  -5  -3  -3  -5  -3  -4  -5  -3  -3  -4  -4  -3    0   0   0   0 100   0   0   0   0   0   0   0   0   0   0   0   0   0   0   0  2.85 0.37
   35 K    -2   4   1   1  -4   0  -1  -3   4  -2  -3   3  -2  -3  -2  -1   0  -4  -2  -3    0  32   6   9   0   0   0   0  13   3   0  29   0   0   0   0   8   0   0   0  0.51 0.13
   36 C    -2  -5  -4  -5  11  -5  -5  -4  -5  -3  -3  -5  -3  -4  -5  -3  -3  -4  -4  -3    0   0   0   0 100   0   0   0   0   0   0   0   0   0   0   0   0   0   0   0  2.80 0.35
   37 Y    -3  -3  -3  -4  -3  -3  -3  -4   0  -2  -2  -3  -2   2  -4  -2   2   0   8  -2    0   0   0   0   0   0   0   0   0   0   0   0   0   6   0   0  19   0  75   0  1.37 0.25
   38 P    -1  -2  -2  -2  -3  -2  -2  -2  -3  -3  -3  -1  -3  -4   7   2   1  -4  -3  -3    0   0   0   0   0   0   0   0   0   0   0   0   0   0  70  21   9   0   0   0  1.47 0.12

                      K         Lambda
Standard Ungapped    0.1416     0.3265
Standard Gapped      0.0456     0.2670
PSI Ungapped         0.1489     0.3182
PSI Gapped           0.0456     0.2670
