
Last position-specific scoring matrix computed, weighted observed percentages rounded down, information per position, and relative weight of gapless real matches to pseudocounts
            A   R   N   D   C   Q   E   G   H   I   L   K   M   F   P   S   T   W   Y   V   A   R   N   D   C   Q   E   G   H   I   L   K   M   F   P   S   T   W   Y   V
    1 M    -2  -3  -3  -4  -3  -2  -3  -4  -3   0   1  -3   9  -1  -4  -3  -2  -3  -2   0    0   0   0   0   0   0   0   0   0   0   0   0 100   0   0   0   0   0   0   0  1.40 0.22
    2 A     3  -2  -1  -2  -1  -1  -1   1  -2  -3  -3  -1  -2  -3   2   3   0  -3  -3  -2   44   0   0   0   0   0   0   8   0   0   0   0   0   0  11  37   0   0   0   0  0.48 0.09
    3 R     1   4  -1  -2  -2   0  -1  -1   0  -3  -3   1  -2  -3  -2   2   0  -3  -2  -2   17  40   0   0   0   0   0   3   2   0   0   5   0   0   0  30   3   0   0   0  0.44 0.10
    4 N    -2  -1   5   0  -4   1  -1  -2   6  -2  -2   1  -2   0  -3  -1  -2  -3   0  -2    0   0  40   2   0   5   0   0  27   3   3  10   0   5   0   0   0   0   3   2  0.55 0.14
    5 K    -2   1   1  -2  -4   0   0  -3  -2  -4  -4   6  -3  -4  -2  -1  -2  -4  -3  -4    0   0   7   0   0   0   0   0   0   0   0  93   0   0   0   0   0   0   0   0  1.13 0.23
    6 P    -1  -2  -1  -2  -3  -1  -1  -2   1  -3  -3  -1   0  -4   6   2   3  -4  -3  -2    0   0   0   0   0   0   2   0   5   0   0   3   3   0  40  22  24   0   0   0  0.81 0.15
    7 L    -1  -1  -3  -3  -2  -2  -2  -3  -3   0   3   1   0   3  -3  -1  -2  -2   0   1    2   0   0   0   0   0   0   0   0   1  40  17   0  22   0   5   0   0   0  11  0.28 0.10
    8 A     2   1   0  -2  -2  -1  -2   4  -2  -2  -3  -1  -1  -1  -2   0   0  -3  -3  -2   27   8   5   0   0   2   0  42   0   4   0   2   2   3   0   2   4   0   0   0  0.41 0.10
    9 K    -1   3  -1  -2  -3   1  -1  -3  -2   2   0   3   1  -1  -2  -1   0  -3  -2   0    0  21   0   0   0   7   0   0   0  19   4  28   5   2   0   2   8   0   0   3  0.25 0.09
   10 K    -2   1  -2  -2  -5   0  -1  -3  -2  -4  -4   7  -3  -5  -2  -2  -2  -5  -3  -4    0   0   0   0   0   0   0   0   0   0   0 100   0   0   0   0   0   0   0   0  1.34 0.26
   11 L    -2   1  -2  -3  -3   2  -1  -3  -2   2   3   2   0   0  -3  -2  -2  -3  -2   0    0   8   0   0   0  12   0   0   0  14  38  23   0   3   0   0   0   0   0   2  0.26 0.10
   12 R    -2   7  -2  -3  -5   0  -1  -3  -1  -4  -3   3  -2   0  -3  -2  -2  -4  -2  -4    0  77   0   0   0   0   0   0   0   0   0  17   0   5   0   0   0   0   0   0  1.10 0.20
   13 L    -2  -3  -4  -5  -2  -3  -4  -5  -4   1   5  -3   3   1  -4  -3  -2  -2  -2   0    0   0   0   0   0   0   0   0   0   0  86   0   9   5   0   0   0   0   0   0  0.82 0.17
   14 A     5  -2  -1  -3  -2  -2  -2   2  -3  -2  -2  -2   0  -3  -2   0  -1  -4  -3  -1   80   0   2   0   0   0   0  12   0   0   0   0   4   0   0   3   0   0   0   0  0.68 0.17
   15 K     1   2  -1  -2  -4   0   0  -2  -2  -4  -3   6  -2  -4  -2   0  -2  -4  -3  -3   12  10   0   0   0   0   0   0   0   0   0  76   0   0   0   2   0   0   0   0  0.82 0.18
   16 A     5  -1  -2  -3  -2  -1  -1  -1  -2  -2  -1   2  -2  -3  -2   0  -1  -4  -3  -1   73   0   0   0   0   0   0   0   0   0   6  21   0   0   0   0   0   0   0   0  0.58 0.16
   17 L    -1  -1   0  -1   0   1   0  -1   1   1   2  -1   1  -1  -2  -1   0  -2   1   0    4   0   6   2   2  11   6   4   5   9  30   4   5   0   0   0   4   0   6   2  0.06 0.04
   18 K    -1   3   1  -1  -4   1   0  -2  -1  -4  -4   6  -2  -4  -2  -1  -2  -4  -3  -3    3  13   8   0   0   2   2   0   0   0   0  72   0   0   0   0   0   0   0   0  0.81 0.17
   19 Q    -1   0  -1  -1  -4   7   1  -3  -1  -4  -3   0  -2  -4  -2   2  -1  -3  -3  -3    2   3   0   0   0  72   3   0   0   0   0   0   0   0   0  20   0   0   0   0  0.96 0.21
   20 N    -3  -2   8   0  -4  -1  -2  -2  -1  -5  -5  -2  -4  -5  -3  -1  -1  -5  -4  -4    0   0 100   0   0   0   0   0   0   0   0   0   0   0   0   0   0   0   0   0  1.64 0.27
   21 R    -2   6  -1  -2  -4   0  -1  -3  -1  -4  -3   1  -2  -4  -3   1   0  -4  -3  -3    0  78   0   0   0   2   0   0   0   0   0   0   0   0   0  16   3   0   0   0  1.03 0.20
   22 R     0   5   1  -2  -4  -1  -1  -3  -2  -4  -3   0  -3  -4   5   0  -2  -4  -3  -3    6  45   8   0   0   0   0   0   0   0   0   0   0   0  37   5   0   0   0   0  0.93 0.16
   23 V    -1  -3  -4  -4  -2  -3  -3  -4  -4   3   1  -3   1  -1   1  -2  -1  -3  -2   4    3   0   0   0   0   0   0   0   0  28  12   0   2   0   8   0   0   0   0  47  0.48 0.11
   24 P    -2  -4  -4  -3  -4  -3  -3  -4  -4  -4  -4  -2  -4  -5   8  -2  -3  -5  -5  -4    0   0   0   0   0   0   0   0   0   0   0   0   0   0 100   0   0   0   0   0  2.62 0.28
   25 V     2  -1   0  -2  -2   2  -1  -1   0   1   0  -1   1  -2  -1   0   0  -3  -1   1   23   0   5   0   0  19   0   4   2  14   4   0   5   0   2   3   2   0   2  16  0.11 0.06
   26 W    -4  -5  -6  -6  -4  -4  -5  -4  -4  -4  -3  -5  -3   2  -6  -5  -4  12   1  -5    0   0   0   0   0   0   0   0   0   0   0   0   0   6   0   0   0  94   0   0  3.41 0.36
   27 V     0  -3  -4  -4  -2  -3  -3  -4  -3   3   0  -3   0   0  -3  -2  -1  -3   1   5    8   0   0   0   0   0   0   0   0  21   0   0   0   2   0   0   0   0   5  64  0.57 0.14
   28 I    -2   3  -2  -3  -2   0  -2  -3  -2   3   0  -1   4  -1  -3  -1   0  -3   0   1    0  24   0   0   0   4   0   0   0  26   0   0  23   0   0   6   3   0   4  11  0.28 0.11
   29 V     1  -3  -3  -4  -2  -2  -3  -3  -3   2   2  -2   3  -1  -3  -2  -1  -2   1   2   17   0   0   0   0   0   0   0   0  18  20   0  17   0   0   0   0   0   5  23  0.30 0.09
   30 K    -2   4  -1  -2  -4   0   0  -3  -2  -4  -4   6  -3  -4  -2  -1  -2  -4  -3  -4    0  20   0   0   0   0   0   0   0   0   0  80   0   0   0   0   0   0   0   0  1.04 0.20
   31 T    -1  -2  -1  -2  -2  -2  -2  -3  -3  -2  -3  -2  -2  -3   0   1   6  -4  -3  -1    0   0   0   0   0   0   0   0   0   0   0   0   0   0   4   7  89   0   0   0  1.04 0.23
   32 N    -1   1   4   3  -3   0   0   2  -1  -4  -4   2  -3  -4  -2   0  -1  -4  -3  -3    2  10  30  18   0   3   0  18   0   0   0  16   0   0   0   3   0   0   0   0  0.46 0.10
   33 R    -1   4   3  -1  -3   0  -1   1  -1  -3  -1   0   0  -3  -3   0   0  -3  -1  -3    3  43  19   0   0   0   0  15   0   0   6   0   4   0   0   4   5   0   2   0  0.40 0.11
   34 R     0   3   1   0  -3   0   1  -2  -1  -3  -3   3  -2  -3  -2   0   2  -4  -2  -2    5  25   7   2   0   0   9   0   0   0   0  30   0   0   0   5  18   0   0   0  0.40 0.10
   35 V    -1  -4  -4  -4  -2  -3  -4  -4  -4   4   1  -3   1   0  -3  -3  -1  -3  -2   5    0   0   0   0   0   0   0   0   0  29   4   0   2   4   0   0   0   0   0  61  0.65 0.14
   36 L    -1   5  -1  -2  -3   1  -1  -3   0  -1  -1   1  -1  -1  -3  -1   1  -3  -2   0    2  53   0   0   0   4   0   0   2   3   3   5   0   3   0   0  14   0   0  11  0.46 0.12
   37 T    -2   2  -2  -1  -3   1  -1  -1   0  -3  -2  -1  -2   2  -3   1   0   0   5  -2    0  20   0   3   0   7   0   3   0   0   0   0   0   9   0  13   6   0  38   0  0.45 0.12
   38 H    -2   0   6   0  -4  -1  -1   0   6  -4  -4  -1  -3  -3  -3   1  -1  -4  -2  -4    0   4  56   0   0   0   0   6  26   0   0   0   0   0   0   9   0   0   0   0  0.87 0.18
   39 P     1  -3  -2  -2  -3  -2  -2  -2   0  -3  -2  -2  -1   1   6   1   0  -3  -1  -2   15   0   0   0   0   0   0   0   2   0   3   0   2   8  53  11   4   0   2   0  0.96 0.14
   40 K    -1   2  -1  -2  -4   0   0  -3   0  -3  -1   5  -2  -2  -2   0  -1  -4  -2  -3    4   6   0   0   0   0   0   0   2   0   8  73   0   2   0   3   2   0   0   0  0.65 0.16
   41 R    -3   7  -2  -3  -4   0  -1  -4  -2  -3  -1   1   2  -3   0  -2  -2  -4  -3  -3    0  82   0   0   0   0   0   0   0   0   6   0   8   0   4   0   0   0   0   0  1.05 0.20
   42 R    -3   7  -2  -3  -5   0  -1  -4  -1  -4  -3   1  -3  -4  -3  -2  -2  -4  -3  -4    0 100   0   0   0   0   0   0   0   0   0   0   0   0   0   0   0   0   0   0  1.47 0.21
   43 Y    -3  -1   5   0  -4  -1  -1  -2   8  -4  -4  -2  -3  -2  -3  -1  -2  -3   1  -4    0   0  35   3   0   0   0   0  54   0   0   0   0   0   0   3   0   0   5   0  1.07 0.17
   44 W    -4  -4  -6  -6  -4  -4  -5  -4  -4  -4  -3  -5  -3  -1  -5  -4  -4  12   1  -5    0   0   0   0   0   0   0   0   0   0   0   0   0   0   0   0   0 100   0   0  3.59 0.32
   45 R    -3   7  -2  -3  -5   0  -1  -4  -1  -4  -3   2  -3  -4  -3  -2  -2  -4  -3  -4    0  97   0   0   0   0   0   0   0   0   0   3   0   0   0   0   0   0   0   0  1.41 0.21
   46 R    -3   7  -2  -3  -5   0  -1  -4  -1  -4  -3   1  -3  -4  -3  -2  -2  -4  -3  -4    0 100   0   0   0   0   0   0   0   0   0   0   0   0   0   0   0   0   0   0  1.47 0.21
   47 T    -1  -1   4  -1  -2   0  -1   0  -1  -2  -3  -1  -2  -3  -2   2   4  -4  -3  -1    0   0  26   0   0   2   0   4   0   0   0   2   0   0   0  21  40   0   0   4  0.45 0.11
   48 K    -1   1   1   2  -3   0   0  -2  -2  -3  -3   5  -2  -4  -2   1   0  -4  -3  -3    0   0   5  15   0   0   0   0   0   0   0  59   0   0   0  15   6   0   0   0  0.54 0.12
   49 L    -2  -3  -4  -4  -2  -3  -4  -4  -4   1   5  -3   2   0  -4  -3   0  -3  -2   0    0   0   0   0   0   0   0   0   0   0  91   0   2   0   0   0   7   0   0   0  0.77 0.14
   50 K    -2   1  -1   2  -4   0   0  -2  -2  -4  -4   6  -2  -4  -2  -1  -2  -4  -3  -3    0   0   0  16   0   0   0   0   0   0   0  84   0   0   0   0   0   0   0   0  0.86 0.15
   51 E     2   0   1   0  -2   1   3  -1  -1  -3  -3   2  -2  -3  -1   0  -1  -3  -2  -2   35   0   9   0   0   0  41   0   0   0   0  14   0   0   0   0   0   0   0   0  0.35 0.03

                      K         Lambda
Standard Ungapped    0.1332     0.3251
Standard Gapped      0.0472     0.2670
PSI Ungapped         0.1541     0.3188
PSI Gapped           0.0472     0.2670
