
Last position-specific scoring matrix computed, weighted observed percentages rounded down, information per position, and relative weight of gapless real matches to pseudocounts
            A   R   N   D   C   Q   E   G   H   I   L   K   M   F   P   S   T   W   Y   V   A   R   N   D   C   Q   E   G   H   I   L   K   M   F   P   S   T   W   Y   V
    1 M    -2  -2  -3  -4  -2  -1  -3  -4  -3   0   1  -2   9  -1  -4  -2  -2  -2  -2   0    0   0   0   0   0   0   0   0   0   0   0   0 100   0   0   0   0   0   0   0  1.07 0.17
    2 K    -1   2  -1  -1  -4   1   0  -2  -1  -4  -3   6  -2  -4  -2  -1  -1  -4  -3  -3    0   0   0   0   0   0   0   0   0   0   0 100   0   0   0   0   0   0   0   0  0.88 0.12
    3 V    -2  -3  -4  -4  -2  -3  -3  -4  -4   2   4  -3   2   0  -3  -3  -1  -2  -2   2    0   0   0   0   0   0   0   0   0   0  76   0   0   0   0   0   0   0   0  24  0.53 0.07
    4 F    -1  -2  -1  -2  -2  -2  -2  -3  -2  -1  -1  -2  -1   3  -2   0   5  -2   0  -1    0   0   0   0   0   0   0   0   0   0   0   0   0  24   0   0  76   0   0   0  0.57 0.10
    5 S    -1  -3  -2  -3   9  -3  -3  -3  -3  -2  -2  -3  -2  -3  -3   2  -1  -3  -3  -2    0   0   0   0  76   0   0   0   0   0   0   0   0   0   0  24   0   0   0   0  1.31 0.13
    6 F     1  -3  -3  -4  -2  -2  -3  -3  -3   1   0  -2   3   3  -3  -2  -1  -2   0   3   17   0   0   0   0   0   0   0   0   0   0   0  17  24   0   0   0   0   0  42  0.28 0.06
    7 T    -1  -2  -3  -3  -2  -2  -3  -4  -3   1   4  -2   4   0  -3  -1   2  -2  -2   0    0   0   0   0   0   0   0   0   0   0  59   0  17   0   0   0  24   0   0   0  0.39 0.07
    8 V    -2  -4  -4  -4  -2  -4  -4  -5  -4   6   1  -3   1  -1  -4  -3  -1  -3  -2   3    0   0   0   0   0   0   0   0   0  88   0   0   0   0   0   0   0   0   0  12  0.66 0.10
    9 V    -1  -3  -3  -3  -2  -3  -3   1  -4   4   1  -3   0  -1  -3  -2  -1  -3  -2   3    0   0   0   0   0   0   0  13   0  49   0   0   0   0   0   0   0   0   0  38  0.38 0.07
   10 V     3  -2  -2  -2  -1  -1  -2  -1  -2   0   0  -1   0  -2  -2   0   3  -3  -2   1   47   0   0   0   0   0   0   0   0   0  13   0   0   0   0   0  28   0   0  12  0.27 0.06
   11 V    -1  -3  -4  -4  -1  -3  -3  -4  -4   2   1  -3   0  -1  -3  -2  -1  -3  -2   5    0   0   0   0   0   0   0   0   0   0  10   0   0   0   0   0   0   0   0  90  0.58 0.10
   12 M    -2  -3  -4  -4  -2  -2  -3  -4  -3   1   4  -3   3   0  -3  -3  -1  -2  -2   2    0   0   0   0   0   0   0   0   0   0  76   0  12   0   0   0   0   0   0  13  0.53 0.07
   13 I    -3  -4  -4  -4  -3  -4  -4  -4  -2   2   0  -4   0   7  -4  -3  -2   0   2   0    0   0   0   0   0   0   0   0   0  24   0   0   0  76   0   0   0   0   0   0  0.84 0.10
   14 L    -2  -3  -4  -4  -2  -3  -4  -4  -4   2   5  -3   2   0  -4  -3  -2  -2  -2   1    0   0   0   0   0   0   0   0   0  13  87   0   0   0   0   0   0   0   0   0  0.62 0.08
   15 S     0  -2   0  -1  -1  -1  -1  -2  -2  -2  -2  -1  -2  -3  -2   4   5  -3  -2  -1    0   0   0   0   0   0   0   0   0   0   0   0   0   0   0  41  59   0   0   0  0.58 0.09
   16 L     2  -3  -3  -3  -1  -2  -3  -3  -3   3   3  -3   1  -1  -3  -1  -1  -3  -2   1   25   0   0   0   0   0   0   0   0  43  32   0   0   0   0   0   0   0   0   0  0.30 0.06
   17 S    -1  -2   1  -2   3  -2  -2  -2  -2  -1  -1  -2  -1   2  -2   1   4   4   0   0    0   0   8   0   8   0   0   0   0   0   0   0   0  13   0  12  43   9   0   8  0.30 0.06
   18 A     4  -2  -1  -2  -1   1  -1  -1  -2  -2  -2  -1  -1  -3  -1   1   3  -3  -2  -1   67   0   0   0   0   8   0   0   0   0   0   0   0   0   0   0  25   0   0   0  0.43 0.08
   19 F    -1  -3  -1   4  -3  -2  -1   0  -2  -1   0  -2  -1   5  -3  -1  -2  -1   1  -2    8   0   0  33   0   0   0  10   0   0   8   0   0  41   0   0   0   0   0   0  0.34 0.06
   20 V     0  -2  -1   4  -2  -1  -1  -2  -1   0  -1  -2  -1  -1  -2  -1   0  -2   3   2   13   0   0  33   0   0   0   0   0   0   0   0   0   0   0   0   8   0  18  28  0.23 0.05
   21 L     0  -2  -1  -2  -2  -1  -1  -2  -2  -1   1  -1   0  -1  -2   3   3  -2   1  -1    0   0   0   0   0   0   0   0   0   0  24   0   0   0   0  43  25   0   8   0  0.25 0.06
   22 A     3   4  -1  -2  -2   0  -1  -1  -1  -3  -2   1  -2  -3  -2   1  -1  -3  -2  -2   49  43   0   0   0   0   0   0   0   0   0   0   0   0   0   8   0   0   0   0  0.45 0.08
   23 G    -1  -2   0   4  -3   0   1   4  -1  -4  -4  -1  -3  -2  -2  -1  -2  -2   2  -3    0   0   0  31   0   6   8  42   0   0   0   0   0   0   0   0   0   0  13   0  0.51 0.06
   24 D    -2   1   0   5  -4   1   1  -2  -1  -4  -4   3  -3  -4  -2  -1  -1  -4  -3  -3    0   6   0  57   0   5   0   0   0   0   0  31   0   0   0   0   0   0   0   0  0.68 0.08
   25 E    -1   0   0   0  -3   4   4  -2   3  -4  -3   0  -2  -3  -2   1  -1  -3  -2  -3    0   0   0   0   0  33  41   0  10   0   0   0   0   0   0  17   0   0   0   0  0.56 0.08
   26 G    -1   1  -1  -2  -3   1   0   3  -1  -2  -2  -1  -2  -1  -2  -1   1  -1   3  -1    0  10   0   0   0   8   7  36   0   0   0   0   0   0   0   0  13   0  20   8  0.26 0.05
   27 D    -2   4   3   3  -4   0   0  -2   0  -3  -3   1  -2  -1  -3  -1  -1  -2   3  -3    0  42  17  24   0   0   0   0   0   0   0   0   0   0   0   0   0   0  16   0  0.48 0.07
   28 V     3  -2   1  -2  -2  -2  -2   3  -2  -1   0  -2  -1  -2  -2   0  -1  -3  -2   0   42   0  10   0   0   0   0  24   0   0  13   0   0   0   0   0   0   0   0  12  0.23 0.05
   29 M     1  -2  -3  -4  -2  -2  -3  -3  -3   1   1  -2   6  -1  -3  -1  -1  -3  -2   2   16   0   0   0   0   0   0   0   0   0   7   0  49   0   0   0   0   0   0  27  0.38 0.08
   30 K    -1   4  -1  -1  -4   1   2   0  -1  -3  -1   3  -1  -3  -2  -1  -1  -3  -2  -2    0  28   0   0   0   0  24   8   0   0  10  32   0   0   0   0   0   0   0   0  0.37 0.05
   31 K    -1   1   1  -1  -3   0   1  -2  -1  -1   1   3   0  -2  -2   1  -1  -3  -2  -1    0   7   8   0   0   0   9   0   0   0  27  34   0   0   0  16   0   0   0   0  0.18 0.04
   32 I    -1  -2  -2  -3  -2  -2  -3   1  -3   3   2  -2   2  -1  -3   1  -1  -3  -2   1    0   0   0   0   0   0   0  11   0  34  28   0   9   0   0  18   0   0   0   0  0.19 0.05
   33 V     0   0  -1   4  -3  -1   1  -2  -2   0  -1  -1   1   1  -2  -1  -1  -3  -1   1    7   7   0  35   0   0   9   0   0   0   0   0  10   8   0   0   0   0   0  24  0.20 0.05
   34 A     2  -1   1   0  -2   1   4   0  -1  -3  -3   1  -2  -3  -2   1  -1  -3  -2  -2   26   0   9   0   0   0  40   7   0   0   0   8   0   0   0  10   0   0   0   0  0.34 0.05
   35 M    -2   1  -3  -4  -2  -1  -3  -4  -2   1   2  -2   7  -1  -3  -2  -1  -2  -2   1    0  10   0   0   0   0   0   0   0   0   9   0  73   0   0   0   0   0   0   8  0.61 0.12
   36 E    -2   4  -1   0  -4   1   4   0  -1  -3  -1   1  -2  -3  -2  -1  -2  -3  -2  -3    0  35   0   0   0   0  51   7   0   0   7   0   0   0   0   0   0   0   0   0  0.51 0.07
   37 E     0   3   4   0  -3   0   1  -2  -1  -2  -3   1  -2  -3  -2   0   0  -4  -2  -1   10  20  37   0   0   0  12   0   0   0   0   7   0   0   0   0   6   0   0   9  0.31 0.05
   38 A     2  -2   1  -2  -2  -1  -1  -1  -1   0  -1  -1  -1   3  -2   2   0  -2   0  -1   24   0  10   0   0   0   0   0   0   8   0   0   0  26   0  32   0   0   0   0  0.21 0.05
   39 V    -1   2   2  -1  -3   0  -1   0  -1   0  -1   2  -1  -3  -2   0  -1  -3  -2   0    0  16  17   0   0   0   0   8   0  13   0  25   0   0   0  10   0   0   0  12  0.16 0.04
   40 E     0   2   0   1  -3   0   2   2  -1  -3  -3   0  -2  -3  -2   1   1  -3  -2  -2    8  17   0   8   0   0  24  18   0   0   0   0   0   0   0   8  17   0   0   0  0.27 0.04
   41 E     1  -1  -1  -1  -2   2   2   0  -1  -1  -2   0  -1  -3  -2   1   2  -3  -2   1   11   0   0   0   0  13  21   8   0   0   0   0   0   0   0  14  16   0   0  16  0.19 0.04
   42 R    -2   6  -1  -2  -4   1   1  -3  -1  -4  -3   3  -2  -4  -3  -1  -2  -4  -2  -3    0  76   0   0   0   0   8   0   0   0   0  17   0   0   0   0   0   0   0   0  0.85 0.10
   43 A     1  -2  -1   3  -2   0   2   0  -2   0  -2  -1  -2  -3   3   1  -1  -4  -3  -1   12   0   0  20   0   0  17   8   0  13   0   0   0   0  17  15   0   0   0   0  0.29 0.04
   44 C    -1  -5  -4  -5  11  -4  -5  -4  -4  -2  -2  -4  -2  -3  -4  -2  -2  -3  -3  -2    0   0   0   0 100   0   0   0   0   0   0   0   0   0   0   0   0   0   0   0  2.00 0.17
   45 L     1   3  -1  -2  -3   0  -1   3   2  -2  -1   0  -1  -2  -2   0  -1  -3  -2  -2   13  33   0   0   0   0   0  26   8   0  12   0   0   0   0   8   0   0   0   0  0.27 0.05
   46 A     0   1  -1   0  -3   1   3   1   2  -3  -3   2  -2  -3   3   0  -1  -3  -2  -3   12   8   0   0   0   0  31  14   7   0   0  16   0   0  13   0   0   0   0   0  0.35 0.04
   47 E    -1   2   0   0  -3   3   4  -2  -1  -3  -3   2  -2  -4  -2   1  -1  -3  -2  -3    0   8   0   0   0  19  41   0   0   0   0  17   0   0   0  15   0   0   0   0  0.50 0.06
   48 Y     0  -3  -1  -2  -3  -2  -3   6  -2  -4  -4  -2  -3  -2  -3   0  -2  -2   2  -3    0   0   0   0   0   0   0  81   0   0   0   0   0   0   0   7   0   0  12   0  0.94 0.09
   49 Q     0   0  -1   1  -3   5   1   1   0  -3  -3   1  -2  -2  -2  -1  -1  -2   1  -3    7   0   0   8   0  51   5  13   0   0   0   8   0   0   0   0   0   0   8   0  0.42 0.07
   50 K    -1   0  -1  -2  -3  -1  -2   4  -2  -2   0   1  -1  -3   4  -1  -2  -3  -3  -2    0   8   0   0   0   0   0  43   0   0  17  12   0   0  21   0   0   0   0   0  0.47 0.05
   51 C    -1  -5  -4  -5  11  -4  -5  -4  -4  -2  -2  -4  -2  -3  -4  -2  -2  -3  -3  -2    0   0   0   0 100   0   0   0   0   0   0   0   0   0   0   0   0   0   0   0  2.00 0.17
   52 E    -1   0   0   2  -2   0   1  -1  -1  -1  -1   1  -1  -2  -1   0   2  -2  -1   0    3   2   2  19   1   1  14   2   1   2   3  10   1   1   2   2  19   0   1  15  0.12 0.02
   53 G    -1  -1   3   0  -2   0   0   1   0  -2  -2   0  -1  -2   3   0   0  -2  -1  -1    4   2  27   2   1   2   3  15   1   2   4   3   1   2  19   3   3   1   1   3  0.27 0.02
   54 S    -1  -2  -1  -2  -2  -1  -2   0  -1   1  -1  -2  -1   2  -2   1   2  -1   3   1    1   0   0   0   0   0   1   8   0   9   1   0   0   8   0  12  26   0  18  13  0.15 0.03
   55 T     1  -1  -1  -1  -1  -1  -1   1  -2  -1   0  -1  -1   1  -1   1   3  -2  -1  -1   11   1   1   1   0   1   1  14   0   1  10   1   0   9   1   8  38   0   1   1  0.16 0.03
   56 V    -1   2  -1  -2  -2   3   0  -2   2   1   0   0   0  -1   1  -1  -1  -2  -1   1    1  13   1   1   0  23   1   1   8  14  11   1   0   1   8   1   1   0   1  13  0.13 0.03
   57 P    -1  -2   2  -1  -3  -1  -1   1  -2  -2  -1  -1  -2  -3   6  -1  -1  -3  -3  -2    1   0  17   1   0   0   1  13   0   0   8   1   0   0  54   1   1   0   0   1  0.92 0.07
   58 C    -1  -5  -4  -5  11  -4  -5  -4  -4  -2  -2  -4  -2  -3  -4  -2  -2  -3  -3  -2    0   0   0   0 100   0   0   0   0   0   0   0   0   0   0   0   0   0   0   0  2.00 0.17
   59 C    -1  -5  -4  -5  11  -4  -5  -4  -4  -2  -2  -4  -2  -3  -4  -2  -2  -3  -3  -2    0   0   0   0 100   0   0   0   0   0   0   0   0   0   0   0   0   0   0   0  2.00 0.17
   60 P    -1   2  -1   1  -3  -1  -1  -2  -2  -3  -1   1  -2  -3   6   0  -1  -4  -3  -2    0  17   0   8   0   0   0   0   0   0   8  13   0   0  47   7   0   0   0   0  0.79 0.06
   61 G     0  -3  -1  -2  -3  -3  -3   7  -3  -5  -5  -2  -4  -4  -3  -1  -2  -3  -4  -4    0   0   0   0   0   0   0 100   0   0   0   0   0   0   0   0   0   0   0   0  1.34 0.11
   62 L    -2  -3  -4  -4  -2  -3  -3  -4  -2   0   4  -3   1   2  -4  -3  -2   7   3   0    0   0   0   0   0   0   0   0   0   0  62   0   0   8   0   0   0  17  13   0  0.61 0.07
   63 S    -1   3   3   0  -3   0   1  -2   3  -3  -3   0  -2  -3  -2   2   1  -3  -1  -3    0  28  17   0   0   0  10   0  13   0   0   0   0   0   0  24   8   0   0   0  0.35 0.05
   64 C    -1  -5  -4  -5  11  -4  -5  -4  -4  -2  -2  -4  -2  -3  -4  -2  -2  -3  -3  -2    0   0   0   0 100   0   0   0   0   0   0   0   0   0   0   0   0   0   0   0  2.00 0.17
   65 S     2   1   0  -1  -2   0   1   1  -1  -2  -3   0  -2  -3  -1   2   1  -3  -2  -2   24  11   0   0   0   0  12  10   0   0   0   0   0   0   0  32  11   0   0   0  0.26 0.03
   66 A     2  -2  -1  -2  -2  -2  -2   5  -2  -3  -3  -1  -2  -3   3   1  -1  -3  -3  -2   22   0   0   0   0   0   0  52   0   0   0   0   0   0  15  10   0   0   0   0  0.63 0.04
   67 G     0  -2   0  -1  -3  -2  -2   6  -2  -4  -4  -2  -3  -3  -2   1  -1  -3  -3  -3    0   0   0   0   0   0   0  83   0   0   0   0   0   0   0  17   0   0   0   0  0.89 0.03
   68 R    -2   5  -1  -2  -3   0  -1  -3  -1  -2  -1   1  -1   3  -3  -1  -2  -1   1  -2    0  69   0   0   0   0   0   0   0   0   0   0   0  31   0   0   0   0   0   0  0.46 0.01
   69 F    -1  -3  -3  -4   7  -3  -4  -3  -2  -1   0  -3  -1   5  -4  -2  -2   0   1  -1    0   0   0   0  50   0   0   0   0   0   0   0   0  50   0   0   0   0   0   0  0.65 0.00
   70 R    -2   6  -1  -2  -4   1   0  -3   0  -3  -2   2  -2  -3  -2  -1  -1  -3  -2  -3    0 100   0   0   0   0   0   0   0   0   0   0   0   0   0   0   0   0   0   0  0.75 0.00
   71 K    -1   2   0  -1  -3   1   1  -2  -1  -3  -3   5  -2  -3  -1   0  -1  -3  -2  -3    0   0   0   0   0   0   0   0   0   0   0 100   0   0   0   0   0   0   0   0  0.52 0.00
   72 T     0  -1   0  -1  -1  -1  -1  -2  -2  -1  -1  -1  -1  -2  -1   1   5  -2  -2   0    0   0   0   0   0   0   0   0   0   0   0   0   0   0   0   0   0   0   0   0  0.00     0.00
   73 K    -1   2   0  -1  -3   1   1  -2  -1  -3  -2   5  -1  -3  -1   0  -1  -3  -2  -2    0   0   0   0   0   0   0   0   0   0   0   0   0   0   0   0   0   0   0   0  0.00     0.00
   74 L    -1  -2  -3  -4  -1  -2  -3  -4  -3   2   4  -2   2   0  -3  -2  -1  -2  -1   1    0   0   0   0   0   0   0   0   0   0   0   0   0   0   0   0   0   0   0   0  0.00     0.00
   75 C     0  -3  -3  -3   9  -3  -4  -3  -3  -1  -1  -3  -1  -2  -3  -1  -1  -2  -2  -1    0   0   0   0   0   0   0   0   0   0   0   0   0   0   0   0   0   0   0   0  0.00     0.00
   76 T     0  -1   0  -1  -1  -1  -1  -2  -2  -1  -1  -1  -1  -2  -1   1   5  -2  -2   0    0   0   0   0   0   0   0   0   0   0   0   0   0   0   0   0   0   0   0   0  0.00     0.00
   77 K    -1   2   0  -1  -3   1   1  -2  -1  -3  -2   5  -1  -3  -1   0  -1  -3  -2  -2    0   0   0   0   0   0   0   0   0   0   0   0   0   0   0   0   0   0   0   0  0.00     0.00

                      K         Lambda
Standard Ungapped    0.1343     0.3243
Standard Gapped      0.0397     0.2670
PSI Ungapped         0.1299     0.3174
PSI Gapped           0.0397     0.2670
