
Last position-specific scoring matrix computed, weighted observed percentages rounded down, information per position, and relative weight of gapless real matches to pseudocounts
            A   R   N   D   C   Q   E   G   H   I   L   K   M   F   P   S   T   W   Y   V   A   R   N   D   C   Q   E   G   H   I   L   K   M   F   P   S   T   W   Y   V
    1 M    -5  -5  -6  -7  -5  -4  -6  -7  -5   3  -1  -5  10  -4  -6  -5  -4  -5  -5  -2    0   0   0   0   0   0   0   0   0  13   3   0  85   0   0   0   0   0   0   0  2.69 0.73
    2 I     5  -4  -2  -4  -3  -3  -3  -3  -4   2   2  -1  -1  -3  -4  -2   0  -5  -4  -1   52   0   2   0   0   0   0   0   0  14  19   4   1   0   0   0   6   0   0   2  0.64 0.32
    3 K    -3   6   2  -1  -5   1   1  -4   0  -5  -4   1  -4   0  -4  -2  -3  -4   3  -5    1  48  11   3   0   5   8   0   1   0   0   4   0   3   0   2   0   0  12   0  0.89 0.36
    4 P    -3  -5  -5  -5  -4  -4  -4  -5  -5   4  -1  -3  -3  -4   6  -2  -3  -6  -5   4    0   0   0   0   0   0   0   0   0  22   4   2   0   0  43   2   0   0   0  27  1.26 0.43
    5 S    -2  -3   0  -1  -4  -3  -3  -2  -4  -2  -3  -2  -3  -5   2   3   5  -5  -4  -2    1   0   4   3   0   0   0   2   0   2   2   2   0   0  11  25  48   0   0   1  0.87 0.39
    6 L    -2  -5  -5  -5  -3  -4  -5  -5  -5   5   0  -5   1  -1  -5  -4  -1  -4   1   5    3   0   0   0   0   0   0   0   0  34   7   0   3   1   0   0   2   0   5  45  0.97 0.36
    7 D    -3  -3   1   5  -6   2   5  -4  -3  -5  -6  -1  -5  -6  -4  -3  -3  -6  -5  -2    1   0   6  34   0   8  45   0   0   0   0   2   0   0   0   0   1   0   0   4  1.20 0.45
    8 Q    -2  -2  -1   6  -5   2   3  -4  -3  -3  -4   2  -4  -6  -4  -1  -1  -6  -5  -5    2   1   1  46   0   8  17   0   0   1   2  13   0   0   0   4   3   0   0   0  0.93 0.38
    9 L     1  -5  -6  -4   8  -5  -6  -5  -6   0   4  -5  -2  -4  -5  -4  -3  -5  -4  -2   15   0   0   1  36   0   0   0   0   4  43   0   0   0   0   0   0   0   0   1  1.36 0.48
   10 M    -3  -3  -3  -5  -4  -1  -3  -5  -5   2   4  -2   4  -1  -5  -2  -1  -4  -3   2    0   1   1   0   0   3   1   0   0   9  52   2  11   1   0   2   4   0   0  13  0.72 0.32
   11 H    -2  -1   2   3  -5   1   4  -2  -2  -4  -4   3  -4  -5  -2   0  -1  -5  -4  -4    2   0   9  17   0   4  29   3   1   1   1  22   0   0   1   7   4   0   0   0  0.63 0.30
   12 L    -2   3   0  -3  -5   2  -1  -4   2  -1  -3   5  -1  -1  -4  -3  -2  -5  -3  -1    3  14   4   0   0   7   3   0   5   3   2  47   2   2   0   0   1   0   0   6  0.71 0.35
   13 V     0  -5  -4  -5  -2  -2  -4  -4  -5   5  -1  -5   0  -3  -5  -3  -1  -5  -4   5    6   0   1   0   0   2   1   1   0  30   2   0   1   0   0   1   4   0   0  51  1.02 0.41
   14 D    -3  -4   2   5  -5  -2   1   2   0  -6  -6  -1  -5  -6   4   0  -2  -6  -5  -5    0   0  11  31   0   1   9  16   2   0   0   2   0   0  21   6   1   0   0   0  0.83 0.34
   15 S    -3  -4   7   1  -5  -3  -3  -2  -3  -6  -6  -4  -5  -6  -5   4  -2  -6   0  -6    0   0  51   7   0   0   0   3   0   0   0   0   0   0   0  35   2   0   3   0  1.43 0.55
   16 K    -5   7  -4  -5  -7  -2  -3  -6  -2  -2  -6   5  -5  -6  -3  -4  -5  -6  -5  -6    0  66   0   0   0   0   0   0   1   3   0  29   0   0   1   0   0   0   0   0  1.88 0.64
   17 Y    -6  -6  -7  -7  -6  -6  -7  -7  -3  -5  -4  -6  -4   7  -7  -6  -6  -2   8  -5    0   0   0   0   0   0   0   0   0   0   0   0   0  47   0   0   0   0  53   0  2.58 0.76
   18 T     1   0  -1   2  -3   1   3  -2  -2  -2   0   1  -1  -3  -3   1   1  -4  -2  -2   10   5   1  11   0   5  20   1   0   1  12   8   1   0   0  14   8   0   1   2  0.24 0.18
   19 L    -5  -6  -7  -7  -5  -6  -6  -7  -6   3   6  -6   1  -3  -6  -6  -3  -5  -4  -2    0   0   0   0   0   0   0   0   0  13  83   0   3   0   0   0   1   0   0   0  1.64 0.56
   20 V     1  -5  -5  -4   0  -4  -5  -5  -5   1  -3  -5  -3  -4  -1   0   1  -6  -4   6   12   0   0   1   1   0   0   0   0   6   0   0   0   0   3   7   9   0   0  60  0.98 0.44
   21 I    -2  -1  -1  -4   0  -1  -4  -4   1   2   3  -3   3  -2  -4  -2   1  -4  -3   2    1   3   3   0   2   4   0   1   5  13  30   0   8   0   0   2  11   0   0  16  0.40 0.24
   22 L     2  -4  -4  -5  -2  -2  -3  -4  -4   2   3  -3   3   0  -4  -3   0  -4   0   3   16   0   0   0   0   2   1   0   0   8  31   1   8   3   0   0   4   0   4  23  0.49 0.26
   23 A     6  -4  -4  -5  -4  -3  -3  -2  -5   1  -2  -4  -3  -5  -4   0   0  -6  -5   1   67   0   0   0   0   1   1   1   0   7   3   0   0   0   0   4   4   0   0  11  1.02 0.46
   24 A     5  -4  -3  -4  -3  -1  -3   0  -4  -2  -4  -2  -4  -1  -4   3   2  -5  -4  -1   51   0   0   0   0   2   0   5   0   3   0   1   0   3   0  21  12   0   0   3  0.80 0.40
   25 R    -1   4  -3  -4  -6   2  -1  -5   2  -4  -4   6  -2  -5  -4  -3  -4  -5   0  -3    4  18   0   0   0   7   2   0   5   1   1  55   1   0   0   0   0   0   4   2  1.14 0.47
   26 R    -6   8  -5  -6  -8  -3  -4  -7  -4  -7  -4  -2  -5  -7  -6  -5  -5  -7  -1  -7    0  96   0   0   0   0   0   0   0   0   2   0   0   0   0   0   0   0   2   0  2.69 0.82
   27 A     6  -5  -5  -5  -4  -4  -4  -3  -5  -2  -3  -4  -4  -5  -4  -1   0  -6  -5   1   80   0   0   0   0   0   0   0   0   1   2   0   0   0   0   3   5   0   0   9  1.45 0.57
   28 R    -4   6  -1  -2  -6  -1   0  -4   4  -5  -1   2  -4  -1  -5  -4  -4  -5  -3  -2    1  53   3   1   0   1   5   1  10   0   6  13   0   2   0   0   0   0   1   4  1.06 0.44
   29 D    -2  -1  -2   1  -6   7   3  -4  -3  -4  -2  -1   1  -6  -5  -3  -2  -6  -5  -4    3   2   2   6   0  57  18   1   0   1   3   2   4   0   0   0   2   0   0   0  1.31 0.54
   30 L    -4  -5  -6  -7  -4  -5  -6  -7  -6   4   5  -5   3  -2  -6  -5  -4  -5  -1   0    0   0   0   0   0   0   0   0   0  23  65   0   6   1   0   0   0   0   2   3  1.32 0.47
   31 Q     1   2   3   0  -3   2   0  -2  -2   0  -2   0  -1  -1  -3   1  -1  -4   0  -2   16  11  15   4   0  10   7   1   0   7   2   3   2   2   0  13   2   0   4   2  0.22 0.18
   32 D     1   0   1   1  -4   2   3  -1  -2  -2  -2   0  -1  -3  -3   1   0  -4   0  -2   15   3   8   8   0   8  22   3   0   2   3   6   2   0   0  10   4   0   4   2  0.25 0.17
   33 G    -2  -3  -2  -1  -5  -3  -3   6  -1  -5  -4  -1  -5  -2  -2  -3  -4  -5   2  -3    1   1   1   4   0   1   1  69   1   0   1   4   0   1   2   1   0   0   8   2  1.25 0.45
   34 K     3  -1  -1   0   0   0   0  -1   1  -3  -3   1  -2  -2   0   1  -1  -4   2  -1   35   1   2   5   2   3   6   3   3   0   1  10   0   1   3  10   3   0   7   3  0.28 0.21
   35 H     0   1  -1   2  -2   1   4  -3  -1  -3  -2   1  -2  -3   1   0   1  -4  -1  -2    6   6   1  10   1   7  29   1   1   1   3   9   1   1   7   6   8   0   2   2  0.34 0.20
   36 Q     1  -3  -3  -4  -1   1  -1  -4  -4  -2  -1  -1  -3  -2   6  -1   0  -5  -3  -3   12   1   1   0   1   7   3   1   0   2   6   4   0   2  48   5   5   0   1   1  1.00 0.39
   37 M    -1  -2  -2  -3  -3  -1  -2  -4  -2   0   4   0   3   0  -3  -2   2  -3   0   0    5   2   2   1   0   3   1   0   1   2  40   7   7   4   1   1  15   0   3   5  0.36 0.23
   38 V    -2  -4  -5  -3  -4  -1  -4  -4  -3   3   2  -2  -2  -3  -4  -3  -2  -5  -4   5    1   0   0   2   0   3   1   1   1  17  16   3   0   0   1   1   2   0   0  52  0.84 0.37
   39 E    -2  -2   1   5  -5   0   4  -2   0  -3  -5   1  -4  -5   1   0  -2  -6  -3  -5    3   1   4  30   0   3  27   2   2   2   0  10   0   0   6   7   1   0   1   0  0.69 0.32
   40 S    -1   1   0  -1  -1  -1   1  -1   0  -1  -2  -1  -2   0   2   0   1   2   2   0    4   9   6   2   1   0  11   5   3   3   1   2   0   4  11   8  10   3   9   9  0.13 0.12
   41 K    -2   1  -1   3  -5   0   2  -2   0  -2  -2   4  -3  -4   0  -1  -1  -2  -2  -2    2   6   1  21   0   3  13   2   3   3   3  27   0   0   5   3   3   1   1   3  0.40 0.23
   42 S    -1   1   4   0   1   0  -2   0  -1  -3  -4   1  -1  -3  -1   3   0  -4  -3  -2    3   7  22   4   3   3   1   7   1   1   1  10   2   1   2  24   5   0   0   2  0.36 0.22
   43 N    -2  -2   3   5  -5  -1   1  -2   4  -2  -3  -1  -1  -3  -3  -1  -2  -5   0  -1    2   2  17  34   0   1   8   3  12   2   2   3   1   1   1   3   1   0   3   5  0.62 0.30
   44 K    -4  -1  -1   1  -7  -1  -2  -5  -2  -6  -6   8  -5  -7  -5  -2  -4  -7  -6  -6    0   2   3   7   0   2   1   0   1   0   0  83   0   0   0   2   0   0   0   0  1.90 0.66
   45 P    -2  -2   2  -2  -2  -3  -1  -4  -2  -4  -2   0  -3   0   6  -1  -2  -5   1  -2    3   2  12   2   1   0   4   0   1   0   5   5   0   4  45   5   2   0   6   4  0.90 0.37
   46 V    -1  -4  -4  -5  -4  -4  -4  -4  -5   1   1  -3   0  -4   2  -3   4  -5  -4   4    3   0   0   0   0   0   0   1   0   5  11   1   2   0  11   0  31   0   0  35  0.77 0.38
   47 T    -2  -4  -3   0  -1  -2  -3   1  -4   0  -1  -2  -2  -2  -4   2   1  -5  -4   5    0   0   0   5   1   2   1  13   0   3   4   2   0   2   0  15  10   0   0  42  0.48 0.30
   48 I    -1   0  -4  -5  -4  -1  -3  -5  -1   5   0   0   0  -3  -4  -3   1  -1  -3   3    5   5   0   0   0   4   1   0   1  42   7   6   2   0   0   0   8   1   0  18  0.59 0.30
   49 A     7  -5  -5  -5  -1  -4  -4  -3  -5  -5  -5  -4  -5  -6  -4   1  -3  -6  -5  -2   88   0   0   0   1   0   0   0   0   0   0   0   0   0   0   9   0   0   0   2  1.79 0.66
   50 L    -2  -5  -6  -6  -4  -5  -6  -6  -5   2   6  -5   4   0  -6  -5  -1  -4  -1  -1    3   0   0   0   0   0   0   0   0   8  72   0   9   3   0   0   3   0   2   1  1.25 0.47
   51 E    -4   6   0  -2  -6   1   4  -5   0  -5  -3   1   2  -5  -5  -3  -2  -5  -1  -5    0  48   4   1   0   5  25   0   2   0   2   5   5   0   0   0   2   0   2   0  1.09 0.45
   52 E    -5  -1  -4  -1  -8   0   8  -6  -4  -7  -7  -3  -6  -7  -5  -4  -5  -7  -6  -7    0   2   0   2   0   2  94   0   0   0   0   0   0   0   0   0   0   0   0   0  2.38 0.78
   53 L    -4  -6  -7  -7  -4  -6  -6  -7  -7   7   1  -6  -1  -2  -6  -6  -4  -6  -4   2    0   0   0   0   0   0   0   0   0  75  11   0   1   1   0   0   0   0   0  12  1.73 0.56
   54 A     5  -1   0  -1  -4  -2   1  -2  -1  -3  -3  -2  -2  -1  -4  -1  -3  -5   0  -1   56   2   5   4   0   0  11   1   2   1   2   2   1   3   0   3   0   0   3   4  0.63 0.35
   55 A     3  -1  -1   1  -4   2   3  -2  -3  -4  -3   0  -1  -5  -3   1   0  -5  -4  -3   30   2   2   8   0   9  24   2   0   0   2   5   1   0   0  10   4   0   0   0  0.48 0.28
   56 G    -2  -2   1   2  -5  -2   0   6  -4  -6  -5  -1  -5  -6  -5  -1  -3  -6  -6  -6    1   2   5  12   0   1   5  65   0   0   1   3   0   0   0   3   1   0   0   0  1.25 0.44
   57 K    -2   1   0  -2  -4   0  -1  -4   2  -2   1   5  -2  -3  -4  -2   1  -4   0  -1    2   4   3   1   0   4   3   0   5   1  19  41   0   1   0   1   9   0   3   3  0.50 0.29
   58 L    -3  -5  -6  -6  -4  -5  -5  -6  -6   5   2  -5   0  -3  -5  -5  -2  -5  -1   5    0   0   0   0   0   0   0   0   0  34  20   0   2   0   0   0   1   0   2  41  1.11 0.40
   59 F    -1  -1   0   2  -3  -1   0   1  -1  -2  -2   0  -1  -1  -1   1   3  -1  -1   0    2   3   3  16   0   2   4  11   1   1   1   6   2   3   2   8  24   1   2   7  0.21 0.16
   60 F    -1  -2  -2  -4  -2  -3  -2  -4   1   2   1  -2  -1   2   1  -2  -1  -2   4   1    3   2   2   0   1   0   3   0   4  14  16   3   1   9   7   2   4   0  20  10  0.30 0.18
   61 E    -2  -2   0   3  -5   0   5  -1   2  -2  -4   2  -3  -5  -3  -1  -1  -5  -3  -3    2   1   3  18   0   3  38   5   6   3   0  11   0   0   1   3   4   0   0   2  0.60 0.28
   62 R    -2   2   1   1  -3   1   2  -2  -2   0  -1   0   2  -2   0  -1   0  -1  -3  -1    1  12   6  10   0   8  16   1   0   7   4   5   9   1   5   3   7   1   0   3  0.18 0.13
   63 G    -1  -2   0  -1  -3  -2   0   1  -3   2   3  -2   0  -2  -2   0   0  -3  -3   0    1   1   5   3   0   1   7  13   0  12  34   1   1   0   2   8   6   0   0   6  0.17 0.14
   64 K    -2   3  -1   1  -4   0   4  -3  -1  -4  -3   4   0  -2  -3  -1  -1  -4  -3  -2    0  15   2   9   0   2  32   0   1   0   2  26   3   2   0   2   3   0   0   2  0.58 0.25
   65 P    -1   1  -2   0  -4   1   2  -3  -2  -4  -4   3  -3  -5   4   1  -1  -4  -3  -4    2   8   0   3   0   6  16   0   0   0   0  26   0   0  23  14   3   0   0   0  0.62 0.22
   66 T    -2  -2   2   5  -3   1   1  -2  -2  -2  -1  -2   0  -3  -1   0   0  -4  -3   1    1   0   8  43   0   6   5   2   0   0   7   0   4   0   2   5   4   0   0  14  0.45 0.18
   67 P    -1  -2  -2   1  -4  -1   4  -3  -2  -3  -1  -1  -3  -4   6  -2  -2  -4  -4  -3    5   0   0   6   0   0  34   0   0   0   9   0   0   0  47   0   0   0   0   0  1.05 0.21
   68 L    -2  -2  -2   1  -2  -1   2  -4  -3   2   3  -2   0  -1  -3  -2  -1  -3  -2   2    0   0   0   8   0   0  20   0   0  20  39   0   0   0   0   0   0   0   0  13  0.29 0.10
   69 G     2  -3  -1  -2  -2  -2  -2   6  -3  -4  -4  -2  -3  -4  -2   0  -2  -3  -3  -3   23   0   0   0   0   0   0  77   0   0   0   0   0   0   0   0   0   0   0   0  0.93 0.09

                      K         Lambda
Standard Ungapped    0.1345     0.3183
Standard Gapped      0.0529     0.2670
PSI Ungapped         0.1727     0.3166
PSI Gapped           0.0529     0.2670
