
Last position-specific scoring matrix computed, weighted observed percentages rounded down, information per position, and relative weight of gapless real matches to pseudocounts
            A   R   N   D   C   Q   E   G   H   I   L   K   M   F   P   S   T   W   Y   V   A   R   N   D   C   Q   E   G   H   I   L   K   M   F   P   S   T   W   Y   V
    1 M    -2  -3  -4  -5  -3  -2  -4  -4  -3   0   1  -3   9  -1  -4  -3  -2  -3  -3  -1    0   0   0   0   0   0   0   0   0   0   0   0 100   0   0   0   0   0   0   0  1.65 0.28
    2 S     0  -2  -1  -2  -2  -1  -1  -2  -2  -3  -3  -1  -3   1  -2   6   0  -4  -2  -3    0   0   0   0   0   0   0   0   0   0   0   0   0   7   0  93   0   0   0   0  0.88 0.20
    3 D    -3  -3   0   7  -5  -2   0  -3  -2  -5  -5  -2  -4  -5  -3  -1  -2  -6  -4  -5    0   0   0 100   0   0   0   0   0   0   0   0   0   0   0   0   0   0   0   0  1.64 0.22
    4 I    -2  -4  -4  -4  -2  -4  -4  -5  -4   6   0  -4   0  -1  -4  -3   0  -4  -2   2    0   0   0   0   0   0   0   0   0  93   0   0   0   0   0   0   7   0   0   0  0.93 0.19
    5 N    -3  -2   8   0  -4  -1  -2  -2  -1  -5  -5  -1  -4  -4  -3  -1  -1  -5  -4  -4    0   0 100   0   0   0   0   0   0   0   0   0   0   0   0   0   0   0   0   0  1.56 0.24
    6 A     5  -2  -2  -3  -1  -2  -2   0  -3  -2  -2  -2  -2  -3  -2   0   2  -4  -3   0   72   0   0   0   0   0   0   4   0   0   0   0   0   0   0   0  16   0   0   7  0.56 0.14
    7 T     1  -2  -1  -2  -2  -2  -2  -2  -3   0  -2  -2  -2  -3  -2   1   6  -4  -3  -1   14   0   0   0   0   0   0   0   0   5   0   0   0   0   0   2  79   0   0   0  0.77 0.17
    8 R    -3   7  -2  -3   2   0  -1  -4  -2  -4  -3   1  -3  -4  -3  -2  -2  -4  -3  -4    0  95   0   0   5   0   0   0   0   0   0   0   0   0   0   0   0   0   0   0  1.37 0.21
    9 L    -1  -3  -4  -5  -2  -3  -4  -4  -4   1   5  -3   1  -1  -4  -3  -2  -3  -2   0    5   0   0   0   0   0   0   0   0   0  92   0   0   0   0   0   0   0   0   3  0.79 0.15
   10 P    -2  -4  -3  -3  -4  -3  -3  -4  -4  -4  -4  -2  -4  -5   8  -2  -2  -5  -4  -4    0   0   0   0   0   0   0   0   0   0   0   0   0   0 100   0   0   0   0   0  2.57 0.25
   11 L     1  -3  -2  -3   1  -2  -2  -1   0   3   1  -2   0   1  -2  -1  -1  -2   0   2   15   0   0   0   3   0   0   5   3  38  12   0   0   6   0   3   0   0   3   8  0.15 0.06
   12 I    -1  -3  -3  -3  -2  -2  -3  -3   0   2   0  -3  -1   3   0  -2  -2   8   1   0    3   1   1   1   0   1   1   1   4  17   6   1   0  19   6   1   1  28   3   7  0.59 0.09
   13 L    -1  -3  -2  -3  -3  -1  -3   3  -3   1   1  -3  -1   2  -3  -1  -2   7   1   0    0   0   0   0   0   4   0  27   0  10  18   0   0  10   0   4   0  20   2   5  0.44 0.08
   14 L     0  -3  -3  -3  -2  -3  -3  -3  -3   3   2  -3   0   2   2  -2  -1  -2  -1   2    9   0   0   0   0   0   0   0   0  27  23   0   0  15  13   0   0   0   0  13  0.31 0.07
   15 A     1  -1  -2  -1  -2  -2  -1   2  -2   0   0  -1   0  -2   4   0  -1  -3  -3  -1   14   4   0   3   0   0   3  24   0   9  16   0   3   0  20   5   0   0   0   0  0.28 0.06
   16 A     0  -3  -2  -1   6  -2  -2   1  -2   1  -1  -2  -1  -1  -1  -1   1  -2   2   1    3   0   0   4  27   0   2  13   0  11   4   0   0   0   2   2   9   0  12  11  0.28 0.08
   17 L    -1  -2   2   0   3  -2  -2  -2  -2   0   1  -2   0   2   2  -1  -1  -2  -1  -1    1   1  15   5  10   0   1   1   0   5  21   1   0  16  14   5   1   0   0   3  0.18 0.05
   18 G    -2  -4  -3  -3  -4  -3  -3  -2  -4  -1  -4  -2  -4  -5   8  -2  -2  -5  -4  -3    0   0   0   0   0   0   0   3   0   5   0   0   0   0  92   0   0   0   0   0  2.20 0.22
   19 I    -2  -4  -4  -5  10  -4  -5  -4  -4   0  -2  -4  -2   0  -4  -1  -2   4   0  -2    0   0   0   0  73   0   0   0   0   8   0   0   0   4   0   4   0   7   4   0  1.53 0.21
   20 P     0  -3  -3  -4  -2  -3  -3  -4  -4   2   0  -3   0  -2   1  -2   1  -4  -2   5    5   0   0   0   0   0   0   0   0  11   0   0   0   0   8   0  10   0   0  65  0.49 0.12
   21 S     1  -3   0  -2  -3  -2  -2   5  -2  -3  -4  -2  -3  -4  -3   1  -1  -4  -3  -1    7   0   5   0   0   0   0  67   0   0   0   0   0   0   0  16   0   0   0   5  0.82 0.12
   22 D    -2  -2   0   7  -4  -1   2  -2  -2  -4  -5  -1  -4  -4  -2   0  -2  -5  -4  -4    0   0   0  83   0   0  10   0   0   0   0   0   0   0   0   5   0   0   0   0  1.24 0.18
   23 D    -1  -2   1   6  -4  -1   1  -1   2  -4  -4  -2  -4  -4  -3  -1  -2  -5  -3  -2    4   0   2  75   0   0   5   4   7   0   0   0   0   0   0   0   0   0   0   3  0.97 0.16
   24 A     0  -3  -2   0   0  -3  -3  -3  -3   4   0  -3   0  -2  -3  -2   0  -4  -2   4    6   0   2   7   2   0   0   0   0  34   0   0   0   0   0   0   4   0   0  46  0.39 0.10
   25 D    -1  -1   4   3  -3   1   3  -2  -1  -2  -3  -1  -2  -4  -2   0   1  -4  -3  -2    5   0  30  20   0   6  21   0   0   2   0   0   0   0   0   3  10   0   0   2  0.44 0.09
   26 S     1  -1  -1  -2  -2   1  -1  -2   0  -1   0  -1   3   0   3   1   0  -2  -1   0   18   3   2   0   0   7   0   0   3   0   9   0  18   4  14  13   4   0   0   3  0.17 0.06
   27 T    -1  -3  -2  -3  -2  -2  -2  -3  -3   1   2  -2   0  -2  -3  -1   4  -3  -2   3    3   0   0   0   0   0   0   0   0   5  23   0   0   0   0   0  43   0   0  26  0.38 0.11
   28 L    -2  -3  -4  -5  -2  -3  -4  -5  -4   1   5  -3   1  -1  -4  -3  -1  -3  -2   0    0   0   0   0   0   0   0   0   0   2  95   0   0   0   0   0   2   0   0   0  0.87 0.16
   29 T     1   1   1  -2  -2  -1  -2  -2  -2  -2  -2  -1  -2  -3  -2   1   6  -4  -3  -1   10   7   6   0   0   0   0   0   0   0   0   0   0   0   0   5  73   0   0   0  0.67 0.16
   30 R    -2   6  -1  -2   0   0  -1  -3   1  -4  -3   1  -2  -4  -3   1  -2  -4  -3  -3    0  79   0   0   3   0   0   0   4   0   0   3   0   0   0  11   0   0   0   0  0.99 0.17
   31 G    -1  -4  -2  -2  -4  -3  -3   7  -3  -5  -5  -3  -4  -4  -3  -1  -3  -4  -4  -4    0   0   0   0   0   0   0 100   0   0   0   0   0   0   0   0   0   0   0   0  1.60 0.20
   32 E    -2  -1  -1   1  -5   2   7  -3  -1  -5  -4   0  -3  -5  -2  -1  -2  -4  -3  -4    0   0   0   0   0   4  96   0   0   0   0   0   0   0   0   0   0   0   0   0  1.27 0.19
   33 R    -2   6  -1  -2  -4   1   0  -3  -1  -3  -3   3  -2  -3  -2  -1  -1  -3  -2  -3    0  73   0   0   0   0   0   0   0   0   0  27   0   0   0   0   0   0   0   0  0.77 0.05

                      K         Lambda
Standard Ungapped    0.1345     0.3164
Standard Gapped      0.0456     0.2670
PSI Ungapped         0.1489     0.3171
PSI Gapped           0.0456     0.2670
