
Last position-specific scoring matrix computed, weighted observed percentages rounded down, information per position, and relative weight of gapless real matches to pseudocounts
           A  R  N  D  C  Q  E  G  H  I  L  K  M  F  P  S  T  W  Y  V   A   R   N   D   C   Q   E   G   H   I   L   K   M   F   P   S   T   W   Y   V
    1 C   -1 -4 -3 -4  9 -3 -4 -3 -3 -1 -2 -3 -2 -3 -3 -1 -1 -3 -3 -1    0   0   0   0 100   0   0   0   0   0   0   0   0   0   0   0   0   0   0   0  1.33 0.03
    2 S    2 -1  0 -1 -1 -1 -1  2 -1 -3 -3 -1 -2 -3 -1  3  1 -3 -2 -2   11   0   0   0   0   0   0  22   0   0   0   0   0   0   0  68   0   0   0   0  0.40 0.01
    3 G   -1 -1  5  1 -3  0 -1  2  0 -3 -4  0 -2 -3 -2  1  0 -4 -2 -3    0   0  75   0   0   0   0  14   0   0   0   0   0   0   0  11   0   0   0   0  0.58 0.01
    4 L   -2 -2 -4 -4 -1 -2 -3 -4 -3  2  4 -3  2  0 -3 -3 -1 -2 -1  1    0   0   0   0   0   0   0   0   0   0 100   0   0   0   0   0   0   0   0   0  0.48 0.01
    5 S    1 -1  1  0 -1  0  0  0 -1 -3 -3  0 -2 -3 -1  4  1 -3 -2 -2    0   0   0   0   0   0   0   0   0   0   0   0   0   0   0 100   0   0   0   0  0.49 0.02
    6 T    0 -1  0 -1 -1 -1 -1 -2 -2 -1 -1 -1 -1 -2 -1  1  5 -3 -2  0    0   0   0   0   0   0   0   0   0   0   0   0   0   0   0   0 100   0   0   0  0.52 0.02
    7 C   -1 -4 -3 -4  9 -3 -4 -3 -3 -1 -2 -3 -2 -3 -3 -1 -1 -3 -3 -1    0   0   0   0 100   0   0   0   0   0   0   0   0   0   0   0   0   0   0   0  1.33 0.03
    8 A    1 -2 -3 -3 -1 -2 -2 -3 -3  2  1 -2  3 -1 -2 -1  0 -3 -1  3   14   0   0   0   0   0   0   0   0   0   0   0  22   0   0   0   0   0   0  64  0.24 0.01
    9 L   -2 -2 -4 -4 -1 -2 -3 -4 -3  2  4 -3  2  0 -3 -3 -1 -2 -1  1    0   0   0   0   0   0   0   0   0   0 100   0   0   0   0   0   0   0   0   0  0.48 0.01
   10 M    0 -2 -1 -2 -3 -2 -2  6 -2 -3 -2 -2  1 -3 -2 -1 -2 -3 -3 -2    0   0   0   0   0   0   0  86   0   0   0   0  14   0   0   0   0   0   0   0  0.80 0.01
   11 K    0  1  0 -1 -2  0  0 -2 -1 -2 -2  3 -1 -3 -1  1  3 -3 -2 -1    0   0   0   0   0   0   0   0   0   0   0  53   0   0   0   0  47   0   0   0  0.34 0.01
   12 L   -2 -2 -3 -4 -2 -2 -3 -4  0  0  3 -2  1  2 -3 -2 -2  1  5  0    0   0   0   0   0   0   0   0   0   0  53   0   0   0   0   0   0   0  47   0  0.43 0.01
   13 S    1 -1  0 -1 -1  0  0 -1 -1 -2 -2  0 -1 -3 -1  4  3 -3 -2 -1    0   0   0   0   0   0   0   0   0   0   0   0   0   0   0  69  31   0   0   0  0.41 0.01
   14 Q   -1  1  0  0 -3  5  2 -2  0 -3 -2  2 -1 -3 -1  0 -1 -2 -2 -2    0   0   0   0   0  83   0   0   0   0   0  17   0   0   0   0   0   0   0   0  0.62 0.02
   15 D   -2 -1  1  6 -4  0  3 -2 -1 -3 -4  0 -3 -4 -2  0 -1 -4 -3 -3    0   0   0  71   0   0  29   0   0   0   0   0   0   0   0   0   0   0   0   0  0.78 0.01
   16 L   -2 -2 -4 -4 -2 -2 -3 -4 -3  1  4 -3  2  2 -3 -3 -1 -1  0  1    0   0   0   0   0   0   0   0   0   0  89   0   0  11   0   0   0   0   0   0  0.43 0.01
   17 H   -2  0  4  0 -3  0  0 -1  6 -4 -3 -1 -2 -2 -2  0 -1 -3  0 -3    0   0  47   0   0   0   0   0  53   0   0   0   0   0   0   0   0   0   0   0  0.64 0.02
   18 R   -1  3  2  0 -3  1  0 -2  0 -3 -3  4 -2 -3 -1  0 -1 -3 -2 -3    0  14  17   0   0   0   0   0   0   0   0  69   0   0   0   0   0   0   0   0  0.46 0.01
   19 F   -2 -3 -3 -4 -2 -3 -3 -4 -2  1  2 -3  1  5 -4 -3 -2  0  2  0    0   0   0   0   0   0   0   0   0   0  38   0   0  62   0   0   0   0   0   0  0.50 0.01
   20 N   -1  0  2  0 -3  4  1 -2  6 -3 -3  0 -1 -2 -2  0 -1 -3  0 -3    0   0  14   0   0  38   0   0  47   0   0   0   0   0   0   0   0   0   0   0  0.54 0.01
   21 S    0 -1  0 -1 -1 -1 -1 -2 -2 -1 -2 -1 -1 -2 -1  2  5 -3 -2  0    0   0   0   0   0   0   0   0   0   0   0   0   0   0   0  14  86   0   0   0  0.46 0.01
   22 Y   -2 -3 -3 -4 -3 -3 -3 -3  0 -1  0 -3  0  6 -4 -2 -2  2  6 -1    0   0   0   0   0   0   0   0   0   0   0   0   0  57   0   0   0   0  43   0  0.73 0.01
   23 P   -1 -2 -2 -1 -3 -1 -1 -2 -2 -3 -3 -1 -3 -4  7  1 -1 -4 -3 -2    0   0   0   0   0   0   0   0   0   0   0   0   0   0  83  17   0   0   0   0  1.63 0.02
   24 R   -1  4  0 -1 -3  3  0  1  0 -3 -3  2 -1 -3 -2 -1 -1 -3 -2 -3    0  53   0   0   0  31   0  17   0   0   0   0   0   0   0   0   0   0   0   0  0.48 0.01
   25 T    0 -2  0 -1 -1 -1 -1 -2 -2  1 -1 -1  0 -2 -1  1  5 -3 -2  1    0   0   0   0   0   0   0   0   0  17   0   0   0   0   0   0  83   0   0   0  0.38 0.01
   26 N    1 -1  3  3 -2 -1  0  2 -1 -3 -3 -1 -2 -3 -2  1  0 -3 -2 -2   21   0  33  19   0   0   0  17   0   0   0   0   0   0   0  10   0   0   0   0  0.35 0.01
   27 V   -1 -3 -2 -3 -1 -2 -3 -3 -3  3  1 -2  1  2 -3 -1  1 -2  0  3    0   0   0   0   0   0   0   0   0  31   0   0   0  17   0   0  19   0   0  34  0.22 0.01
   28 G    0 -3 -1 -1 -3 -2 -2  6 -2 -4 -4 -2 -3 -3 -2  0 -2 -3 -3 -3    0   0   0   0   0   0   0 100   0   0   0   0   0   0   0   0   0   0   0   0  1.08 0.01
   29 A    3 -2 -2 -2 -1 -1 -1 -1 -2  0 -1 -1  0 -2 -1  1  0 -3 -2  2   60   0   0   0   0   0   0   0   0   0   0   0   0   0   0  10   0   0   0  31  0.23 0.01
   30 G    0 -2  0 -1 -3 -1  1  6 -2 -4 -4 -1 -3 -3 -2  0 -2 -3 -3 -3    0   0   0   0   0   0  17  83   0   0   0   0   0   0   0   0   0   0   0   0  0.83 0.01
   31 T    2 -1 -1 -2 -1 -1 -1 -1 -2  0 -1 -1 -1 -2 -1  1  4 -3 -2  1   31   0   0   0   0   0   0   0   0   0   0   0   0   0   0   0  60   0   0   9  0.31 0.01
   32 P   -1 -2 -2 -2 -3 -1 -1 -2 -2 -3 -3 -1 -3 -4  8 -1 -1 -4 -3 -3    0   0   0   0   0   0   0   0   0   0   0   0   0   0 100   0   0   0   0   0  2.08 0.02

                      K         Lambda
Standard Ungapped    0.1318     0.3194
Standard Gapped      0.0399     0.2670
PSI Ungapped         0.1302     0.3152
PSI Gapped           0.0399     0.2670
