
Last position-specific scoring matrix computed, weighted observed percentages rounded down, information per position, and relative weight of gapless real matches to pseudocounts
            A   R   N   D   C   Q   E   G   H   I   L   K   M   F   P   S   T   W   Y   V   A   R   N   D   C   Q   E   G   H   I   L   K   M   F   P   S   T   W   Y   V
    1 M    -1  -2  -3  -4  -2  -1  -3  -3  -2   1   2  -2   8   0  -3  -2  -1  -2  -2   0    0   0   0   0   0   0   0   0   0   0   0   0 100   0   0   0   0   0   0   0  0.69 0.07
    2 A     3  -1   0  -1  -1  -1  -1  -1  -2  -1  -1  -1   1  -2  -1   3   1  -3  -2  -1   44   0   3   0   0   0   0   0   0   0   0   0   9   0   0  34   9   0   0   2  0.28 0.03
    3 N    -1  -1   4   3  -3   0   1  -1   0  -3  -3  -1  -2  -3  -2   2   1  -4  -3  -3    3   0  41  26   0   0   4   0   0   0   0   0   0   0   0  19   6   0   0   0  0.49 0.04
    4 T     0  -2   1   0  -2  -1   0  -1  -2  -2  -2  -1  -1  -1  -2   1   5  -3  -2  -1    6   0   6   4   0   0   6   2   0   0   0   0   0   3   0   8  64   0   0   0  0.39 0.06
    5 T     0  -1  -1  -1  -2   0   2   0  -2  -1  -2  -1  -1  -3  -1   1   4  -3  -2   0    0   0   0   0   0   2  21   5   0   0   0   0   0   0   2   5  60   0   0   4  0.37 0.05
    6 G     0  -3  -1  -2  -3  -2  -3   6  -3  -4  -4  -2  -3  -4  -3  -1  -2  -3  -4  -4    2   0   0   0   0   0   0  95   0   0   0   0   0   0   0   0   0   0   0   0  1.15 0.07
    7 R    -1   6  -1  -2  -4   1  -1  -3  -1  -3  -3   2  -2  -3  -1   0   0  -3  -2  -3    3  83   0   0   0   2   0   0   0   0   0   2   0   0   3   4   4   0   0   0  0.78 0.07
    8 I    -2  -3  -4  -4  -2  -3  -4  -4  -4   5   2  -3   1   0  -3  -3  -1  -3  -2   3    0   0   0   0   0   0   0   0   0  74  15   0   0   0   0   0   0   0   0  11  0.51 0.06
    9 P    -1  -3  -3  -2  -4  -2  -2  -3  -3  -4  -4  -2  -3  -5   8  -1  -2  -5  -4  -3    0   0   0   0   0   0   0   0   0   0   0   0   0   0 100   0   0   0   0   0  2.28 0.10
   10 L    -2  -3  -4  -4  -2  -3  -4  -4  -3   1   5  -3   2   0  -4  -3  -2  -2  -2   0    0   0   0   0   0   0   0   0   0   0 100   0   0   0   0   0   0   0   0   0  0.66 0.07
   11 W    -4  -4  -5  -5  -3  -3  -4  -4  -3  -4  -3  -4  -2   0  -5  -4  -3  12   2  -4    0   0   0   0   0   0   0   0   0   0   0   0   0   0   0   0   0 100   0   0  2.98 0.15
   12 L    -2  -3  -4  -4  -2  -3  -3  -4  -3   3   4  -3   3   1  -3  -3  -1  -2  -1   1    0   0   0   0   0   0   0   0   0  17  65   0   7   4   0   0   0   0   0   6  0.44 0.04
   13 I    -1  -3  -4  -4  -1  -3  -3  -4  -4   4   1  -3   1  -1  -3  -2  -1  -3  -2   4    0   0   0   0   0   0   0   0   0  33   0   0   0   0   0   0   0   0   0  67  0.50 0.06
   14 G     3  -2  -1  -2  -2  -2  -2   5  -2  -3  -2  -2  -2  -3  -2   0  -1  -3  -3  -1   39   0   0   0   0   0   0  55   0   0   2   0   0   0   0   2   0   0   0   2  0.61 0.05
   15 T    -1  -2  -1  -2  -1  -1  -2  -2  -2   0   0  -1   0  -1  -2   1   5  -3  -2   1    0   0   0   0   0   0   0   0   0   0   8   0   3   3   0   0  77   0   0   9  0.46 0.07
   16 I     1  -3  -3  -4  -1  -3  -3  -3  -3   3   1  -3   1   0  -3  -2  -1  -3  -1   4   11   0   0   0   0   0   0   0   0  16   3   0   2   4   0   0   0   0   0  63  0.34 0.05
   17 A     3  -2  -1  -2  -1  -2  -2   3  -2  -1  -2  -2  -1  -3  -2   0   1  -3  -2   1   36   0   0   0   0   0   0  33   0   2   0   0   0   0   0   0  14   0   0  15  0.31 0.03
   18 G     0  -3  -1  -2  -3  -2  -3   7  -3  -5  -4  -2  -3  -4  -3  -1  -2  -3  -4  -4    0   0   0   0   0   0   0 100   0   0   0   0   0   0   0   0   0   0   0   0  1.28 0.08
   19 I    -1  -2  -2  -3  -2  -2  -3  -3  -3   3   2  -2   3   0  -3  -1   2  -2  -1   1    0   0   0   0   0   0   0   0   0  38  25   0  13   2   0   4  19   0   0   0  0.26 0.04
   20 L     3  -2  -2  -3  -1  -2  -2   2  -2   0   1  -2   0  -1   0   0  -1  -3  -2   0   44   0   0   0   0   0   0  17   0   1  28   0   0   2   4   0   0   0   0   3  0.20 0.03
   21 V     2  -3  -3  -3  -1  -2  -2  -1  -3   2   0  -2   0  -2  -2  -1   0  -3  -2   4   30   0   0   0   0   0   0   2   0   3   0   0   0   0   0   0   0   0   0  66  0.32 0.05
   22 I    -2  -3  -4  -4  -2  -3  -4  -2  -4   4   3  -3   2   0  -3  -3  -1  -3  -2   2    0   0   0   0   0   0   0   4   0  66  27   0   3   0   0   0   0   0   0   0  0.43 0.05
   23 G     1  -2  -1  -2  -2  -2  -2   4  -2  -2  -2  -2  -2   1  -2   1   2  -2  -1  -1   10   0   0   0   0   0   0  46   0   0   0   0   0  11   0   9  20   0   0   4  0.38 0.04
   24 L    -1  -3  -4  -4  -1  -3  -3  -4  -3   2   3  -3   2   0  -3  -2  -1  -3  -2   3    0   0   0   0   0   0   0   0   0   9  48   0   3   0   0   2   0   0   0  38  0.38 0.04
   25 V    -1  -3  -4  -4  -1  -3  -3  -4  -3   3   3  -3   2   0  -3  -3  -1  -3  -1   3    0   0   0   0   0   0   0   0   0  14  54   0   3   0   0   0   0   0   0  29  0.41 0.04
   26 G     1  -3  -1  -2  -3  -2  -2   6  -3  -2  -3  -2  -3  -3  -2   0  -2  -3  -3  -3   11   0   0   0   0   0   0  79   0   4   0   0   0   0   0   5   0   0   0   0  0.87 0.06
   27 I    -2  -3  -4  -4  -2  -3  -4  -4  -4   4   3  -3   1   0  -3  -3  -1  -3  -2   2    0   0   0   0   0   0   0   0   0  51  40   0   0   0   0   0   0   0   0   8  0.45 0.05
   28 F    -3  -4  -4  -4  -3  -4  -4  -4  -2  -1   0  -4   0   7  -4  -3  -3   0   3  -1    0   0   0   0   0   0   0   0   0   0   3   0   0  95   0   0   0   0   2   0  1.07 0.09
   29 F    -3  -3  -4  -4  -3  -4  -4  -4  -2   1   0  -4   0   7  -4  -2  -2   0   2   0    0   0   0   0   0   0   0   0   0   9   2   0   0  84   0   2   0   0   0   4  0.83 0.08
   30 Y    -3  -3  -3  -4  -3  -2  -3  -4   1  -2  -2  -3  -2   4  -4  -3  -2   2   8  -2    0   0   0   0   0   0   0   0   0   0   0   0   0   9   0   0   0   0  91   0  1.22 0.10
   31 G     0  -3  -1  -2  -3  -2  -3   7  -3  -5  -4  -2  -3  -4  -3  -1  -2  -3  -4  -4    0   0   0   0   0   0   0 100   0   0   0   0   0   0   0   0   0   0   0   0  1.28 0.08
   32 S     2  -1   0  -1  -1  -1  -1   0  -2  -3  -3  -1  -2  -3  -1   5   1  -3  -2  -2   21   0   0   0   0   0   0   2   0   0   0   0   0   0   0  77   0   0   0   0  0.52 0.07
   33 Y    -3  -3  -3  -4  -3  -2  -3  -4   1  -2  -2  -3  -2   3  -4  -3  -2   2   8  -2    0   0   0   0   0   0   0   0   0   0   0   0   0   4   0   0   0   0  96   0  1.28 0.11
   34 S     2  -1   0  -1  -1   0  -1  -1  -1  -1  -2  -1  -1  -3  -1   3   2  -3  -2   1   15   0   0   0   0   2   0   0   1   0   0   0   0   0   0  52  14   0   0  14  0.30 0.04
   35 G     0  -3  -1  -2  -3  -2  -3   7  -3  -5  -4  -2  -3  -4  -3  -1  -2  -3  -4  -4    0   0   0   0   0   0   0 100   0   0   0   0   0   0   0   0   0   0   0   0  1.28 0.08
   36 L    -2  -3  -4  -4  -2  -3  -3  -4  -3   2   4  -3   2   0  -3  -3  -1  -2  -2   2    0   0   0   0   0   0   0   0   0   7  76   0   0   0   0   0   0   0   0  17  0.49 0.05
   37 G     0  -3  -1  -2  -3  -2  -3   7  -3  -5  -4  -2  -3  -4  -3  -1  -2  -3  -4  -4    0   0   0   0   0   0   0 100   0   0   0   0   0   0   0   0   0   0   0   0  1.28 0.08
   38 S     1  -1   1  -1  -1  -1  -1  -1  -1  -3  -3  -1  -2  -3  -1   5   1  -4  -2  -2    5   0   3   0   0   0   0   0   0   0   0   0   0   0   0  92   0   0   0   0  0.62 0.08
   39 S     2  -1   0  -1  -1  -1  -1  -1  -1  -3  -3  -1  -2  -3  -1   5   1  -3  -2  -2   19   0   0   0   0   0   0   0   0   0   0   0   0   0   0  81   0   0   0   0  0.54 0.06
   40 L    -2  -3  -4  -4  -2  -2  -3  -4  -3   2   4  -3   3   0  -3  -3  -1  -2  -1   1    0   0   0   0   0   0   0   0   0   5  83   0   6   0   0   0   0   0   0   6  0.49 0.04

                      K         Lambda
Standard Ungapped    0.1490     0.3268
Standard Gapped      0.0410     0.2670
PSI Ungapped         0.1490     0.3268
PSI Gapped           0.0410     0.2670
