
Last position-specific scoring matrix computed, weighted observed percentages rounded down, information per position, and relative weight of gapless real matches to pseudocounts
           A  R  N  D  C  Q  E  G  H  I  L  K  M  F  P  S  T  W  Y  V   A   R   N   D   C   Q   E   G   H   I   L   K   M   F   P   S   T   W   Y   V
    1 M   -2 -2 -3 -4 -2 -1 -3 -4 -2  1  2 -2  8  0 -3 -2 -1 -2 -2  0    0   0   0   0   0   0   0   0   0   0   0   0 100   0   0   0   0   0   0   0  0.71 0.09
    2 F   -2 -3 -3 -3 -2 -2 -3 -3 -3  0  3 -2  0  3  5 -1 -2 -2  0 -1    0   0   0   0   0   0   0   0   0   0  42   0   0  20  34   4   0   0   0   0  0.54 0.03
    3 T   -1 -2 -1 -2 -1 -1 -2 -2 -2  1 -1 -1 -1 -2 -2  1  6 -3 -2  0    0   0   0   0   0   0   0   0   0  11   0   0   0   0   0   0  89   0   0   0  0.53 0.06
    4 L   -2 -3 -4 -4 -2 -3 -4 -4 -4  4  3 -3  1  0 -3 -3 -1 -3 -2  3    0   0   0   0   0   0   0   0   0  65  27   0   0   0   0   0   0   0   0   9  0.43 0.04
    5 T   -1 -2 -2 -2 -1 -2 -2 -3 -3  2  2 -2  0  0 -2  0  4 -3 -2  1    0   0   0   0   0   0   0   0   0  24  21   0   0   3   0   0  51   0   0   2  0.26 0.03
    6 S    1 -1  0 -1 -1  0 -1 -1 -1 -3 -3 -1 -2 -3 -1  5  1 -4 -2 -2    0   0   0   0   0   0   0   0   0   0   0   0   0   0   0 100   0   0   0   0  0.61 0.06
    7 Y   -3 -2 -3 -4 -3 -2 -3 -4  1 -2 -2 -3 -2  3 -4 -2 -2  2  8 -2    0   0   0   0   0   0   0   0   0   0   0   0   0   4   0   0   0   0  96   0  1.13 0.08
    8 F   -2 -3 -3 -4 -3 -4 -4 -4 -2 -1  0 -4  0  7 -4 -1 -2  1  3 -1    0   0   0   0   0   0   0   0   0   0   0   0   0  93   0   7   0   0   0   0  0.86 0.06
    9 G    1 -3 -1 -2 -3 -2 -3  6 -3 -4 -3 -2 -3 -4 -3 -1 -2 -3 -4 -3    7   0   0   0   0   0   0  89   0   0   4   0   0   0   0   0   0   0   0   0  0.98 0.05
   10 F   -3 -4 -4 -4 -3 -4 -4 -4 -2  0  1 -4  0  7 -4 -3 -3  1  3 -1    0   0   0   0   0   0   0   0   0   0   9   0   0  91   0   0   0   0   0   0  0.88 0.06
   11 L   -2 -3 -4 -4 -2 -3 -4 -5 -4  2  5 -3  2  0 -4 -3 -2 -2 -2  1    0   0   0   0   0   0   0   0   0   0 100   0   0   0   0   0   0   0   0   0  0.58 0.05
   12 L   -2 -3 -4 -4 -2 -3 -3 -4 -3  2  4 -3  3  2 -4 -3 -2 -2 -1  1    0   0   0   0   0   0   0   0   0   4  79   0   7   7   0   0   0   0   0   2  0.46 0.04
   13 A    4 -2 -2 -2 -1 -1 -2  1 -2 -1  0 -1 -1 -2 -2  1  0 -3 -2  1   70   0   0   0   0   0   0   6   0   0   7   0   0   0   0   0   5   0   0  12  0.29 0.03
   14 A    4 -2 -2 -2 -1 -1 -1  0 -2 -1 -2 -1 -1 -3 -1  2  0 -3 -2  1   76   0   0   0   0   0   0   0   0   2   0   0   0   0   0   9   4   0   0   9  0.36 0.04
   15 L   -1 -3 -3 -3 -2 -2 -3 -4 -3  1  4 -3  2  0  1 -1 -1 -2 -1  0    0   0   0   0   0   0   0   0   0   5  75   0   0   2   7  10   0   0   0   0  0.33 0.03
   16 T    0 -2 -1 -2 -1 -2 -2 -2 -3  2 -1 -1  0 -2 -2  1  5 -3 -2  1    9   0   0   0   0   0   0   0   0  25   0   0   0   0   0   0  67   0   0   0  0.35 0.04
   17 I   -2 -3 -3 -4 -2 -3 -3 -4 -3  3  2 -3  1  4  1 -2 -1 -1  1  1    0   0   0   0   0   0   0   0   0  47  13   0   0  28   7   5   0   0   0   0  0.29 0.03
   18 T    2 -2 -1 -2 -1 -1 -1 -2 -2 -1 -2 -1 -1 -3 -2  1  5 -3 -2  0   18   0   0   0   0   0   0   0   0   0   0   0   0   0   0   0  82   0   0   0  0.51 0.05
   19 S    0 -2 -1 -2 -2 -1 -2 -2 -2  0  2 -2  0 -1  2  2  0 -3 -2  0    0   0   0   0   0   0   0   0   0   4  41   0   0   2  12  41   0   0   0   0  0.22 0.03
   20 A    3 -2 -2 -3 -1 -2 -2  0 -3  1  0 -2  0 -2 -2  0  0 -3 -2  3   49   0   0   0   0   0   0   4   0   5   0   0   0   0   0   4   0   0   0  38  0.23 0.03
   21 L   -2 -3 -3 -4 -2 -2 -3 -4 -3  1  4 -3  2  0  1 -2  0 -2 -2  1    0   0   0   0   0   0   0   0   0   2  83   0   0   0   7   0   9   0   0   0  0.41 0.04
   22 F   -3 -3 -4 -4 -3 -4 -4 -4 -1  0  1 -4  0  7 -4 -3 -3  1  4 -1    0   0   0   0   0   0   0   0   0   0   8   0   0  83   0   0   0   0   9   0  0.82 0.06
   23 I   -1 -3 -3 -4 -2 -3 -4 -4 -4  5  2 -3  1 -1 -3 -2  0 -3 -2  3    0   0   0   0   0   0   0   0   0  72   9   0   2   0   0   0   7   0   0  11  0.39 0.04
   24 G    0 -3 -1 -2 -3 -2 -2  6 -2 -4 -4 -2 -3 -4 -3  1 -1 -3 -4 -4    0   0   0   0   0   0   0  88   0   0   0   0   0   0   0  12   0   0   0   0  0.99 0.05
   25 L   -2 -3 -4 -4 -2 -3 -3 -4 -3  1  5 -3  2  0 -3 -2 -1 -2 -2  1    0   0   0   0   0   0   0   0   0   0  96   0   0   0   0   4   0   0   0   0  0.52 0.05
   26 N   -1  2  5  0 -3  0  0 -1  0 -3 -3  0 -2 -3 -2  3  1 -4 -2 -3    0  12  52   0   0   0   0   0   0   0   0   0   0   0   0  32   4   0   0   0  0.48 0.04
   27 K    0  2 -1 -1 -3  1  0 -2 -1 -3 -3  6 -2 -4 -1  0 -1 -4 -2 -3    9   0   0   0   0   0   0   0   0   0   0  91   0   0   0   0   0   0   0   0  0.59 0.06
   28 I   -2 -4 -4 -4 -2 -3 -4 -5 -4  5  2 -3  1  0 -3 -3 -1 -3 -2  3    0   0   0   0   0   0   0   0   0  91   4   0   0   0   0   0   0   0   0   5  0.52 0.05
   29 R   -2  5 -1 -1 -4  4  1 -1  0 -4 -3  2 -1 -4 -2 -1 -1 -3 -2 -3    0  53   0   0   0  39   0   3   0   0   0   5   0   0   0   0   0   0   0   0  0.62 0.05
   30 L   -2 -3 -4 -4 -2 -3 -4 -4 -4  2  5 -3  2  0 -4 -3 -2 -2 -2  1    0   0   0   0   0   0   0   0   0   7  93   0   0   0   0   0   0   0   0   0  0.54 0.04
   31 I   -2 -4 -4 -4 -2 -3 -4 -5 -4  5  2 -3  1  0 -4 -3 -1 -3 -2  3    0   0   0   0   0   0   0   0   0  89  11   0   0   0   0   0   0   0   0   0  0.51 0.05

                      K         Lambda
Standard Ungapped    0.1502     0.3400
Standard Gapped      0.0410     0.2670
PSI Ungapped         0.1502     0.3400
PSI Gapped           0.0410     0.2670
