
Last position-specific scoring matrix computed, weighted observed percentages rounded down, information per position, and relative weight of gapless real matches to pseudocounts
            A   R   N   D   C   Q   E   G   H   I   L   K   M   F   P   S   T   W   Y   V   A   R   N   D   C   Q   E   G   H   I   L   K   M   F   P   S   T   W   Y   V
    1 M    -3  -4  -4  -5  -4  -3  -4  -5  -4  -1   0  -4  10   1  -5  -4  -3  -3  -3  -1    0   0   0   0   0   0   0   0   0   0   0   0  94   6   0   0   0   0   0   0  2.01 0.44
    2 K    -3   1  -2  -3  -5   1  -1  -2  -3  -5  -4   7  -3  -5  -3  -2  -3  -5  -4  -4    0   2   0   0   0   3   0   2   0   0   0  94   0   0   0   0   0   0   0   0  1.43 0.34
    3 V    -2  -4  -3  -4  -2  -4  -4  -5  -4   2  -1  -2  -1  -2  -4  -2   0  -4  -3   6    0   0   1   0   0   0   0   0   0  10   0   2   0   0   0   2   5   0   0  80  0.89 0.26
    4 R    -2   6  -1  -3  -4   1  -1  -4  -2  -3   0   3  -2  -3  -3  -1  -2  -4  -1  -2    0  62   1   0   0   4   0   0   0   1  10  14   0   0   0   3   0   0   3   2  0.82 0.22
    5 S     3  -2   2  -2  -2  -2  -2   0  -2  -3  -3  -1  -2  -4   3   3   1  -4  -3  -2   38   0  11   0   0   0   0   5   0   0   0   2   0   0  13  23   6   0   0   1  0.47 0.16
    6 S     0  -3  -1  -2  -3  -2  -2  -1  -3  -4  -4  -2  -3  -4  -3   7   0  -5  -4  -2    2   0   0   0   0   0   0   1   0   0   0   0   0   0   0  94   0   0   0   3  1.27 0.36
    7 I    -1  -4  -5  -5  -2  -4  -4  -5  -5   2   3  -4   0  -2  -4  -3  -2  -4  -3   5    2   0   0   0   0   0   0   0   0   8  29   0   0   0   0   0   0   0   0  61  0.77 0.22
    8 K    -3   3  -2  -3  -5   0  -1  -2  -2  -5  -4   7  -3  -5  -3  -1  -2  -5  -4  -4    0  15   0   0   0   0   0   2   0   0   0  82   0   0   0   1   0   0   0   0  1.27 0.32
    9 K     0   2  -1  -2  -2   0  -1  -2  -2  -3  -3   5  -2  -4   2   1   0  -4  -2  -2    8   7   2   0   0   2   1   0   0   0   1  51   0   0   8  15   3   0   0   1  0.54 0.18
   10 I    -2   4  -3  -4  -3  -2  -3  -4  -3   4   1  -1   3  -1  -2  -3  -2  -4  -3   0    1  35   0   0   0   0   0   0   0  38  10   0  12   1   2   0   0   0   0   1  0.57 0.21
   11 D    -2  -4  -3  -1  10  -3  -4  -4   5  -4  -4   0  -3  -4  -4   0  -2  -4  -3  -3    0   0   0   4  66   0   0   0  15   0   0   7   0   0   0   7   1   0   0   0  1.71 0.35
   12 Q    -1   3   0   2  -4   1   2  -2  -1  -3  -4   2  -3  -4   2   0  -1  -4  -3  -3    3  22   4  15   0   3  18   2   0   0   0  18   0   0   9   5   1   0   0   1  0.44 0.13
   13 D    -1   0   3   4  -4   0   1   0   2  -4  -4   3  -3  -4  -3   0  -2  -4  -1  -3    2   2  19  27   0   0   4   5   5   0   0  29   0   0   0   5   0   0   2   1  0.50 0.16
   14 D    -1  -5   0  -1  11  -5  -5  -4  -5  -4  -4  -5  -4  -5  -5  -2  -3  -5  -5  -3    3   0   5   5  85   0   0   0   0   0   0   0   0   0   0   2   0   0   0   0  2.38 0.42
   15 Q    -2   4  -2  -2  -3   4   0  -2  -1  -2  -3   5  -2  -1  -3  -2  -1  -3   1  -2    0  21   0   0   0  21   1   1   0   2   0  43   0   3   0   0   1   0   5   1  0.64 0.21
   16 I    -2  -4  -3  -4  -2  -3  -4  -5  -4   4   2  -3   1   0  -4  -3  -1  -3  -1   4    1   0   1   0   0   0   0   0   0  36  19   1   2   2   0   0   1   0   1  37  0.60 0.17
   17 V    -2  -4  -5  -5  -3  -4  -4  -5  -5   5   0  -3   0  -2  -4  -4  -2  -4  -3   5    0   0   0   0   0   0   0   0   0  49   2   1   0   0   0   0   0   0   0  48  0.95 0.25
   18 K    -3   6  -2  -3  -5   0  -1  -4  -1  -5  -4   5  -3  -5  -3  -2  -3  -1  -3  -4    0  59   0   0   0   0   0   0   1   0   1  38   0   0   0   1   0   1   0   0  1.20 0.29
   19 R    -4   8  -2  -4  -6  -1  -2  -5  -2  -5  -4   0  -3  -5  -4  -3  -3  -5  -4  -5    0 100   0   0   0   0   0   0   0   0   0   0   0   0   0   0   0   0   0   0  1.95 0.40
   20 R    -2   4   2  -2  -4   0   0  -1   4  -4  -4   4  -3  -3  -3  -1  -2  -4  -2  -4    0  27  10   0   0   1   1   4  16   0   0  39   0   0   0   1   0   0   1   0  0.71 0.21
   21 G    -2  -1   0  -3  -4  -2  -3   7  -3  -6  -5  -1  -4  -5  -4  -2  -3  -4  -5  -5    0   4   4   0   0   1   0  89   0   0   0   2   0   0   0   0   0   0   0   0  1.54 0.30
   22 R    -2   6  -2  -3  -2  -1  -2  -4  -1   0  -2   3  -2  -3  -3  -2  -1  -4  -3   2    1  51   1   0   1   0   0   0   1   7   0  17   0   0   0   1   2   0   0  20  0.66 0.21
   23 L    -2  -2  -2  -4  -2  -3  -4  -4  -4   3   2  -3   0  -1  -4  -3   0   1  -2   4    0   2   2   0   0   0   0   0   0  21  21   0   0   0   0   0   5   3   0  46  0.53 0.17
   24 Y    -3   4  -3  -4  -4  -2  -3  -4   0  -1  -1  -1   4   3  -4  -2  -3   0   6  -2    1  28   0   0   0   0   0   0   1   2   4   0  17  10   0   1   0   0  34   1  0.72 0.23
   25 V    -2  -4  -3  -5  -3  -4  -4  -5  -5   3   0  -4  -1  -2  -4  -3  -2  -5  -3   6    0   0   1   0   0   0   0   0   0  16   1   0   0   0   0   0   0   0   0  81  1.09 0.29
   26 I    -3  -3  -5  -5  -3  -4  -5  -5  -5   7   1  -4   0   0  -4  -4  -2  -4  -1   2    0   1   0   0   0   0   0   0   0  79   7   0   0   2   0   0   0   0   2   8  1.04 0.27
   27 N    -3  -5   4  -4  10  -4  -5  -4  -4  -4  -4  -4  -4  -5  -5  -3  -3  -5  -5  -3    0   0  24   0  76   0   0   0   0   0   0   0   0   0   0   0   0   0   0   0  2.24 0.41
   28 K    -1   1  -1  -1  -2   0   1  -1  -1  -2  -2   4  -1  -2   0   1   0  -2  -2  -2    3   4   1   3   1   2   6   2   1   3   3  49   1   2   3  10   3   0   1   2  0.34 0.10
   29 K     1   0   0  -1  -2  -1   0  -2  -2   0  -1   1  -1  -3  -2   2   3  -3  -2   0    9   3   2   2   0   1   7   0   0   8   3  11   0   0   0  22  24   0   0   8  0.19 0.10
   30 K    -2  -1   6   3  -4   1   1  -2   2  -4  -4   0  -3  -4  -3  -1  -1  -5  -3  -4    1   1  61  14   0   5   6   0   4   0   0   4   0   0   0   1   2   0   0   0  0.92 0.23
   31 P    -1  -2  -4  -3  -4  -2  -3  -3  -4  -4  -4  -1  -4  -4   8  -1  -3  -5  -4  -4    4   3   0   0   0   1   0   1   0   0   1   3   0   1  84   2   0   0   0   1  2.07 0.34
   32 R    -3   6   0  -3  -5   0  -1  -3  -2  -5  -4   5  -3  -5  -3  -1  -2  -5  -3  -4    0  49   2   0   0   0   0   0   0   0   0  47   0   0   0   2   0   0   0   0  1.14 0.28
   33 N    -4  -1  -1  -3  -2  -2  -3  -4   9  -4  -2  -3   0   4  -4  -3  -4   1   1  -4    0   2   1   0   1   0   0   0  67   0   3   0   3  19   0   0   0   2   3   0  1.53 0.34
   34 K    -3   1   0  -2  -5   0  -1  -3  -3  -5  -4   7  -3  -5  -3  -1  -2  -5  -4  -4    0   1   4   0   0   0   0   0   0   0   0  92   0   0   0   1   1   0   0   0  1.41 0.35
   35 Q     2  -1  -2  -2  -2   7   0  -2  -2  -4  -4  -1  -2  -5  -3  -2  -1  -4  -3  -2   22   0   0   0   1  72   0   1   0   0   0   0   0   0   0   0   2   0   0   3  1.15 0.33
   36 R    -3   7  -2  -3  -3  -1  -2  -3  -2  -4  -4   2  -3  -5  -4  -3  -3  -5  -4  -1    1  86   0   0   1   0   0   1   0   0   0   7   0   0   0   0   0   0   0   5  1.46 0.33
   37 Q    -2  -1  -2  -3  -5   8   0  -4  -2  -5  -4  -1  -3  -6  -4  -2  -3  -4  -4  -4    2   0   0   0   0  98   0   0   0   0   0   0   0   0   0   0   0   0   0   0  1.95 0.44
   38 G    -1  -4  -2  -3  -4  -4  -4   7  -4  -6  -6  -3  -5  -5  -4  -2  -3  -4  -5  -5    0   0   0   0   0   0   0 100   0   0   0   0   0   0   0   0   0   0   0   0  1.85 0.31

                      K         Lambda
Standard Ungapped    0.1350     0.3179
Standard Gapped      0.0550     0.2670
PSI Ungapped         0.1797     0.3183
PSI Gapped           0.0550     0.2670
