
Last position-specific scoring matrix computed, weighted observed percentages rounded down, information per position, and relative weight of gapless real matches to pseudocounts
           A  R  N  D  C  Q  E  G  H  I  L  K  M  F  P  S  T  W  Y  V   A   R   N   D   C   Q   E   G   H   I   L   K   M   F   P   S   T   W   Y   V
    1 A    4 -2 -2 -2 -1 -1 -1  2 -2 -2 -2 -1 -1 -3 -1  1  0 -3 -2 -1   87   0   0   0   0   0   0  13   0   0   0   0   0   0   0   0   0   0   0   0  0.39 0.00
    2 R   -1  5  0 -1 -4  1  0 -2  0 -3 -3  4 -2 -3 -2 -1 -1 -3 -2 -3    0  66   0   0   0   0   0   0   0   0   0  34   0   0   0   0   0   0   0   0  0.61 0.00
    3 A    3 -2 -1 -2 -1 -1 -1 -1 -2  0 -1 -1 -1 -2 -1  1  1 -3 -2  1   54   0   0   0   0   0   0   0   0   0   0   0   0   0   0  10  13   0   0  23  0.22 0.00
    4 V    0 -3 -3 -4 -1 -3 -3 -4 -3  3  1 -3  1 -1 -3 -2  0 -3 -1  4    0   0   0   0   0   0   0   0   0  13   0   0   0   0   0   0   0   0   0  87  0.35 0.00
    5 G    0 -3  0 -1 -3 -2 -2  6 -2 -4 -4 -2 -3 -3 -2  0 -2 -3 -3 -4    0   0   0   0   0   0   0 100   0   0   0   0   0   0   0   0   0   0   0   0  1.05 0.00
    6 I   -1 -3 -4 -3 -1 -3 -4 -4 -4  5  2 -3  1  0 -3 -3 -1 -3 -2  3    0   0   0   0   0   0   0   0   0 100   0   0   0   0   0   0   0   0   0   0  0.40 0.00
    7 D   -2 -2  1  6 -4  0  2 -1 -1 -3 -4 -1 -3 -4 -2  0 -1 -5 -3 -4    0   0   0 100   0   0   0   0   0   0   0   0   0   0   0   0   0   0   0   0  0.94 0.01
    8 L   -2 -2 -4 -4 -1 -2 -3 -4 -3  2  4 -3  2  0 -3 -3 -1 -2 -1  1    0   0   0   0   0   0   0   0   0   0 100   0   0   0   0   0   0   0   0   0  0.46 0.00
    9 G    0 -3  0 -1 -3 -2 -2  6 -2 -4 -4 -2 -3 -3 -2  0 -2 -3 -3 -4    0   0   0   0   0   0   0 100   0   0   0   0   0   0   0   0   0   0   0   0  1.05 0.00
   10 T    0 -1  0 -1 -1 -1 -1 -2 -2 -1 -1 -1 -1 -2 -1  1  5 -3 -2  0    0   0   0   0   0   0   0   0   0   0   0   0   0   0   0   0 100   0   0   0  0.49 0.01
   11 T    0 -1  0 -1 -1 -1 -1 -2 -2 -1 -1 -1 -1 -2 -1  1  5 -3 -2  0    0   0   0   0   0   0   0   0   0   0   0   0   0   0   0   0 100   0   0   0  0.49 0.01
   12 N   -2 -1  6  1 -3  0  0 -1  1 -4 -4  0 -2 -3 -2  1  0 -4 -2 -3    0   0 100   0   0   0   0   0   0   0   0   0   0   0   0   0   0   0   0   0  0.74 0.01
   13 A    2 -1  0  0 -1  0  0  0 -1 -2 -3  0 -2 -3 -1  4  1 -3 -2 -2   11   0   0   0   0   0   0   0   0   0   0   0   0   0   0  89   0   0   0   0  0.42 0.00
   14 V    0 -3 -3 -4  8 -3 -3 -3 -3  1  0 -3  0 -2 -3 -1 -1 -3 -2  2    0   0   0   0  57   0   0   0   0   0   0   0   0   0   0   0   0   0   0  43  0.61 0.00
   15 V   -1 -3 -3 -3 -1 -3 -3 -4 -4  3  1 -3  1 -1 -3 -2  0 -3 -1  4    0   0   0   0   0   0   0   0   0  34   0   0   0   0   0   0   0   0   0  66  0.35 0.00
   16 A    4 -2 -1 -2 -1 -1 -1  0 -2 -2 -2 -1 -1 -2 -1  2  0 -3 -2  0   89   0   0   0   0   0   0   0   0   0   0   0   0   0   0  11   0   0   0   0  0.38 0.00
   17 V    0 -3 -3 -3 -1 -2 -2 -3 -3  3  1 -2  1 -1 -2 -1  1 -3 -1  4    0   0   0   0   0   0   0   0   0   0   0   0   0   0   0   0  12   0   0  88  0.30 0.00
   18 L   -1 -2 -3 -4 -1 -2 -3 -4 -3  2  4 -2  4  0 -3 -2 -1 -2 -1  1    0   0   0   0   0   0   0   0   0   0  64   0  36   0   0   0   0   0   0   0  0.38 0.00
   19 E   -1  0  0  2 -4  2  6 -2  0 -4 -3  1 -2 -4 -1  0 -1 -3 -2 -3    0   0   0   0   0   0 100   0   0   0   0   0   0   0   0   0   0   0   0   0  0.75 0.01
   20 G    0 -3  0 -1 -3 -2 -2  6 -2 -4 -4 -2 -3 -3 -2  0 -2 -3 -3 -4    0   0   0   0   0   0   0 100   0   0   0   0   0   0   0   0   0   0   0   0  1.05 0.00

                      K         Lambda
Standard Ungapped    0.1339     0.3159
Standard Gapped      0.0436     0.2670
PSI Ungapped         0.1423     0.3164
PSI Gapped           0.0436     0.2670
