
Last position-specific scoring matrix computed, weighted observed percentages rounded down, information per position, and relative weight of gapless real matches to pseudocounts
           A  R  N  D  C  Q  E  G  H  I  L  K  M  F  P  S  T  W  Y  V   A   R   N   D   C   Q   E   G   H   I   L   K   M   F   P   S   T   W   Y   V
    1 M   -1 -2 -3 -4 -2 -1 -3 -3 -2  1  2 -2  8  0 -3 -2 -1 -2 -1  0    0   0   0   0   0   0   0   0   0   0   0   0 100   0   0   0   0   0   0   0  0.61 0.06
    2 E   -1  0  0  3 -4  2  6 -2  0 -4 -3  1 -3 -4 -2  0 -1 -4 -3 -3    0   0   0  11   0   0  89   0   0   0   0   0   0   0   0   0   0   0   0   0  0.79 0.04
    3 S    3 -1  0 -1 -1 -1 -1  0 -2 -2 -2 -1 -2 -3 -1  3  1 -3 -2 -1   48   0   0   0   0   0   0   0   0   0   0   0   0   0   0  52   0   0   0   0  0.40 0.03
    4 F   -1 -3 -3 -4 -2 -3 -3 -3 -3  1  2 -3  1  4 -3 -2 -1 -1  1  2    4   0   0   0   0   0   0   0   0   0  30   0   0  35   0   0   0   0   0  31  0.31 0.02
    5 A    3 -2 -2 -2 -1 -1 -1 -1 -2  0 -1 -1 -1 -2 -1  1  1 -3 -2  2   58   0   0   0   0   0   0   0   0   0   0   0   0   0   0   6   6   0   0  30  0.25 0.02
    6 Y   -2 -2 -3 -4 -3 -2 -3 -4  2 -2 -1 -2 -1  3 -4 -2 -2  2  8 -2    0   0   0   0   0   0   0   0   0   0   0   0   0   0   0   0   0   0 100   0  1.09 0.05
    7 V   -1 -2 -2 -2 -1 -2 -2 -3 -3  3  0 -2  0 -1 -2  0  3 -3 -2  2    0   0   0   0   0   0   0   0   0  45   0   0   0   0   0   0  43   0   0  13  0.28 0.02
    8 L   -2 -3 -4 -4 -2 -3 -3 -4 -3  2  3 -3  1  4 -4 -3 -2 -1  1  1    0   0   0   0   0   0   0   0   0   5  61   0   0  30   0   0   0   0   0   4  0.41 0.02
    9 I   -1 -3 -4 -4 -1 -3 -3 -4 -3  3  3 -3  2  0 -3 -3 -1 -3 -1  3    0   0   0   0   0   0   0   0   0  34  43   0   0   0   0   0   0   0   0  23  0.37 0.02
   10 L   -2 -2 -4 -4 -2 -2 -3 -4 -3  1  4 -3  3  2 -3 -3 -1 -2 -1  1    0   0   0   0   0   0   0   0   0   0  79   0  12   8   0   0   0   0   0   0  0.44 0.02
   11 T    1 -2 -1 -2 -1 -1 -2 -1 -2  1 -1 -1  0 -2 -2  1  4 -3 -2  2   15   0   0   0   0   0   0   4   0   5   0   0   0   0   0   0  51   0   0  25  0.24 0.02
   12 F   -1 -2 -2 -3 -2 -2 -2  1 -2  1  3 -2  3  1 -3  0  0 -2 -1  0    0   0   0   0   0   0   0  16   0   0  41   0  19   9   0   8   7   0   0   0  0.17 0.01
   13 A    3 -2 -1 -2  2 -1 -1  0 -2 -1 -2 -1 -1 -2 -1  1  3 -3 -2  0   40   0   0   0   5   0   0   6   0   0   0   0   0   0   0   6  37   0   0   6  0.26 0.02
   14 I   -1 -3 -4 -4 -1 -3 -3 -4 -3  3  4 -3  2  0 -3 -3 -1 -2 -1  2    0   0   0   0   0   0   0   0   0  28  59   0   0   0   0   0   0   0   0  12  0.40 0.02
   15 A    2 -2 -1 -2 -2 -2 -2  5 -2 -2 -2 -1 -2 -3 -2  1 -1 -3 -3  0   27   0   0   0   0   0   0  52   0   0   0   0   0   0   0   9   0   0   0  12  0.46 0.02
   16 T   -1 -2 -2 -2 -1 -2 -2 -3 -3  3  0 -2  0 -1 -2  0  3 -3 -2  3    0   0   0   0   0   0   0   0   0  30   0   0   0   0   0   0  43   0   0  27  0.27 0.02
   17 L   -2 -3 -4 -4 -2 -3 -3 -4 -3  3  4 -3  2  0 -3 -3 -1 -2 -1  1    0   0   0   0   0   0   0   0   0  28  72   0   0   0   0   0   0   0   0   0  0.44 0.02
   18 F   -3 -3 -4 -4 -3 -4 -4 -4 -2  0  0 -4  0  7 -4 -3 -3  1  3 -1    0   0   0   0   0   0   0   0   0   0   0   0   0 100   0   0   0   0   0   0  0.93 0.05
   19 F   -3 -3 -4 -4 -3 -4 -4 -4 -2  0  0 -4  0  7 -4 -3 -3  1  3 -1    0   0   0   0   0   0   0   0   0   0   0   0   0 100   0   0   0   0   0   0  0.93 0.05
   20 A    5 -2 -2 -2 -1 -1 -1  0 -2 -2 -2 -1 -1 -3 -1  1  0 -3 -2  0   93   0   0   0   0   0   0   0   0   0   0   0   0   0   0   7   0   0   0   0  0.47 0.03
   21 I   -1 -3 -4 -4 -1 -3 -4 -4 -4  5  1 -3  1 -1 -3 -3 -1 -3 -2  3    0   0   0   0   0   0   0   0   0  78   0   0   0   0   0   0   0   0   0  22  0.45 0.03
   22 A    4 -2 -2 -3 -1 -2 -2 -1 -2  0 -1 -2 -1  3 -2  0 -1 -2  0  0   70   0   0   0   0   0   0   0   0   7   0   0   0  24   0   0   0   0   0   0  0.28 0.03
   23 F   -3 -3 -4 -4 -3 -4 -4 -4 -2  0  1 -4  0  7 -4 -3 -3  1  3 -1    0   0   0   0   0   0   0   0   0   0   6   0   0  94   0   0   0   0   0   0  0.85 0.04
   24 R   -2  7 -1 -2 -4  1  0 -3 -1 -4 -3  2 -2 -3 -3 -1 -2 -3 -2 -3    0 100   0   0   0   0   0   0   0   0   0   0   0   0   0   0   0   0   0   0  0.90 0.04
   25 D   -2 -1  0  5 -4  1  4 -2 -1 -4 -4  0 -3 -4 -2  0 -1 -4 -3 -3    0   0   0  49   0   0  51   0   0   0   0   0   0   0   0   0   0   0   0   0  0.75 0.03
   26 P   -1 -3 -3 -2 -3 -2 -2 -3 -3 -3 -3 -1 -3 -4  8 -1 -1 -4 -4 -3    0   0   0   0   0   0   0   0   0   0   0   0   0   0 100   0   0   0   0   0  2.16 0.05
   27 P   -1 -3 -3 -2 -3 -2 -2 -3 -3 -3 -3 -1 -3 -4  8 -1 -1 -4 -4 -3    0   0   0   0   0   0   0   0   0   0   0   0   0   0 100   0   0   0   0   0  2.16 0.05
   28 K   -1  5 -1 -1 -4  1  0 -2 -1 -3 -3  4 -2 -3 -2 -1 -1 -3 -2 -3    0  54   0   0   0   0   0   0   0   0   0  46   0   0   0   0   0   0   0   0  0.64 0.03
   29 I   -1 -3 -4 -4 -2 -3 -3 -4 -3  4  1 -3  1  2 -3 -3 -1 -2  1  3    0   0   0   0   0   0   0   0   0  63   5   0   0  11   0   0   0   0   6  15  0.34 0.02
   30 G   -1 -1  1  2 -3  2  3  3 -1 -3 -3  0 -2 -4 -2  0  0 -3 -3 -3    0   0   9  14   0  13  29  30   0   0   0   0   0   0   0   0   7   0   0   0  0.39 0.02
   31 K   -1  3  0 -1 -4  3  1 -2 -1 -3 -3  5 -2 -4 -1  0 -1 -3 -2 -3    0   6   0   0   0  14   0   0   0   0   0  80   0   0   0   0   0   0   0   0  0.55 0.03

                      K         Lambda
Standard Ungapped    0.1489     0.3379
Standard Gapped      0.0486     0.2670
PSI Ungapped         0.1587     0.3180
PSI Gapped           0.0486     0.2670
