
Last position-specific scoring matrix computed, weighted observed percentages rounded down, information per position, and relative weight of gapless real matches to pseudocounts
            A   R   N   D   C   Q   E   G   H   I   L   K   M   F   P   S   T   W   Y   V   A   R   N   D   C   Q   E   G   H   I   L   K   M   F   P   S   T   W   Y   V
    1 K    -1   2   0  -1  -3   1   1  -2  -1  -3  -3   5  -2  -3  -1   0  -1  -3  -2  -3    0   0   0   0   0   0   0   0   0   0   0 100   0   0   0   0   0   0   0   0  0.55 0.01
    2 Y    -2  -2   2  -2  -3  -1  -2  -3   1  -2  -2  -2  -1   2  -3  -1  -1   2   7  -2    0   0  20   0   0   0   0   0   0   0   0   0   0   0   0   0   0   0  80   0  0.70 0.03
    3 Y    -2  -2  -2  -3  -3  -2  -2  -3   2  -2  -1  -2  -1   3  -3  -2  -2   2   7  -1    0   0   0   0   0   0   0   0   0   0   0   0   0   0   0   0   0   0 100   0  1.00 0.03
    4 G     0  -3  -1  -2  -3  -2  -2   6  -2  -4  -4  -2  -3  -3  -2   0  -2  -3  -3  -4    0   0   0   0   0   0   0 100   0   0   0   0   0   0   0   0   0   0   0   0  1.11 0.02
    5 N    -2  -1   6   1  -3   0   0  -1   0  -4  -4   0  -2  -3  -2   0   0  -4  -2  -3    0   0 100   0   0   0   0   0   0   0   0   0   0   0   0   0   0   0   0   0  0.83 0.03
    6 G     0  -3  -1  -2  -3  -2  -2   6  -2  -4  -4  -2  -3  -3  -2   0  -2  -3  -3  -4    0   0   0   0   0   0   0 100   0   0   0   0   0   0   0   0   0   0   0   0  1.11 0.02
    7 V     0  -3  -3  -4  -1  -2  -3  -4  -3   3   1  -3   1  -1  -3  -2   0  -3  -1   4    0   0   0   0   0   0   0   0   0   0   0   0   0   0   0   0   0   0   0 100  0.41 0.02
    8 H     0  -1   0  -1  -2   0   0  -1   6  -3  -3  -1  -2  -2  -2   3   2  -3   0  -2    0   0   0   0   0   0   0   0  40   0   0   0   0   0   0  46  14   0   0   0  0.41 0.02
    9 C    -1  -4  -3  -4  10  -3  -4  -3  -3  -2  -2  -3  -2  -3  -3  -1  -1  -3  -3  -1    0   0   0   0 100   0   0   0   0   0   0   0   0   0   0   0   0   0   0   0  1.41 0.04
   10 T     0  -1   3   0  -2  -1  -1   3  -1  -2  -3  -1  -2  -3  -2   2   2  -3  -2  -2    0   0  26   0   0   0   0  27   0   0   0   0   0   0   0  20  27   0   0   0  0.36 0.01
   11 K    -1   2   0  -1  -3   1   1  -2  -1  -3  -3   5  -2  -3  -1   0  -1  -3  -2  -3    0   0   0   0   0   0   0   0   0   0   0 100   0   0   0   0   0   0   0   0  0.59 0.02
   12 S     0   0   2   0  -2   0   0  -1   5  -2  -3   1  -2  -2  -2   2   2  -3   0  -2    0   0  13   0   0   0   0   0  27   0   0  12   0   0   0  27  20   0   0   0  0.30 0.01
   13 G     0  -1   0  -1  -2  -1  -1   4  -2  -3  -3   1  -2  -3  -2   2   0  -3  -3  -3    0   0   0   0   0   0   0  53   0   0   0  20   0   0   0  27   0   0   0   0  0.50 0.01
   14 C    -1  -4  -3  -4  10  -3  -4  -3  -3  -2  -2  -3  -2  -3  -3  -1  -1  -3  -3  -1    0   0   0   0 100   0   0   0   0   0   0   0   0   0   0   0   0   0   0   0  1.41 0.04
   15 S     1  -1   0  -1  -1   0   0  -1  -1  -2  -2   0  -1  -3  -1   4   3  -3  -2  -1    0   0   0   0   0   0   0   0   0   0   0   0   0   0   0  74  26   0   0   0  0.44 0.02
   16 V     0  -3  -3  -4  -1  -2  -3  -4  -3   3   1  -3   1  -1  -3  -2   0  -3  -1   4    0   0   0   0   0   0   0   0   0   0   0   0   0   0   0   0   0   0   0 100  0.41 0.02
   17 N    -2  -1   5   5  -3   0   1  -1   0  -4  -4  -1  -3  -4  -2   0  -1  -4  -3  -3    0   0  48  52   0   0   0   0   0   0   0   0   0   0   0   0   0   0   0   0  0.72 0.02
   18 W    -3  -3  -4  -5  -3  -2  -3  -3  -3  -3  -2  -3  -2   1  -4  -3  -3  12   2  -3    0   0   0   0   0   0   0   0   0   0   0   0   0   0   0   0   0 100   0   0  2.53 0.04
   19 G     0  -2   0  -1  -2  -2  -2   6  -2  -4  -4  -2  -3  -3  -2   1  -1  -3  -3  -3    0   0   0   0   0   0   0  87   0   0   0   0   0   0   0  13   0   0   0   0  0.91 0.02
   20 E    -1   1   0   0  -3   3   3  -2   0  -3  -3   3  -1  -3  -1   0   1  -3  -2  -2    0   0   0   0   0  20  27   0   0   0   0  40   0   0   0   0  13   0   0   0  0.41 0.01
   21 A     5  -2  -2  -2  -1  -1  -1   0  -2  -2  -2  -1  -1  -3  -1   1   0  -3  -2   0  100   0   0   0   0   0   0   0   0   0   0   0   0   0   0   0   0   0   0   0  0.46 0.02
   22 F     0  -3  -3  -3  -2  -3  -3  -3  -2   3   1  -3   1   4  -3  -2  -1  -1   1   1   14   0   0   0   0   0   0   0   0  52   0   0   0  34   0   0   0   0   0   0  0.27 0.01
   23 S     0  -1   5   0  -2   0   0  -1   0  -3  -3   0  -2  -3  -2   2   2  -3  -2  -2    0   0  52   0   0   0   0   0   0   0   0   0   0   0   0  27  20   0   0   0  0.45 0.02
   24 A     3  -1   4   0  -2   0  -1   0   0  -2  -3  -1  -2  -3  -2   1   0  -3  -2  -1   48   0  52   0   0   0   0   0   0   0   0   0   0   0   0   0   0   0   0   0  0.39 0.02
   25 G     2  -2  -1  -2  -2  -2  -2   5  -2  -3  -3  -1  -2  -3  -2   0  -1  -3  -3  -2   38   0   0   0   0   0   0  62   0   0   0   0   0   0   0   0   0   0   0   0  0.64 0.01
   26 V     3  -2  -2  -3  -1  -2  -2  -1  -3   2   0  -2   0  -1  -2   0   0  -3  -2   2   52   0   0   0   0   0   0   0   0  34   0   0   0   0   0   0   0   0   0  14  0.21 0.01
   27 H     2  -1   2  -1  -2   0  -1  -1   5  -2  -1  -1   1  -2  -2   0  -1  -3   0  -1   38   0  20   0   0   0   0   0  27   0   0   0  14   0   0   0   0   0   0   0  0.23 0.01
   28 R     1   3   4   0  -2   0   0  -1   0  -3  -3   1  -2  -3  -2   2   0  -3  -2  -2   14  27  38   0   0   0   0   0   0   0   0   0   0   0   0  20   0   0   0   0  0.35 0.01
   29 L    -2  -3  -4  -4  -2  -3  -3  -4  -3   0   3  -3   1   3  -4  -3  -2   7   1   0    0   0   0   0   0   0   0   0   0   0  53   0   0  20   0   0   0  27   0   0  0.65 0.02
   30 A     3  -2  -1  -2  -1  -1  -1  -1  -2   0  -1  -1  -1  -2  -1   1   2  -3  -2   1   54   0   0   0   0   0   0   0   0   0   0   0   0   0   0   0  26   0   0  20  0.25 0.01
   31 N     0  -1   3   0  -1   0  -1  -1  -1  -2  -2  -1  -1  -3  -1   2   4  -3  -2  -1    0   0  27   0   0   0   0   0   0   0   0   0   0   0   0  20  52   0   0   0  0.39 0.01
   32 G     0  -3  -1  -2  -3  -2  -2   6  -2  -4  -4  -2  -3  -3  -2   0  -2  -3  -3  -4    0   0   0   0   0   0   0 100   0   0   0   0   0   0   0   0   0   0   0   0  1.11 0.02
   33 G     0  -3  -1  -2  -2  -2  -2   5  -2  -1  -2  -2  -2  -3  -2  -1  -1  -3  -3   0    0   0   0   0   0   0   0  80   0   0   0   0   0   0   0   0   0   0   0  20  0.71 0.02
   34 N     2   0   4   0  -2   0   0  -1   3  -3  -3   1  -2  -3  -2   1   0  -3  -1  -2   34   0  40   0   0   0   0   0  14   0   0  12   0   0   0   0   0   0   0   0  0.30 0.01
   35 G     2  -1  -1  -1  -1   1   0   3  -1  -2  -2  -1  -1  -3  -1   2   0  -3  -2  -1   38   0   0   0   0  14   0  27   0   0   0   0   0   0   0  20   0   0   0   0  0.33 0.01
   36 F     0  -3  -1  -2  -3  -2  -3   5  -2  -3  -2  -2  -2   3  -3  -1  -2  -1   0  -3    0   0   0   0   0   0   0  73   0   0   0   0   0  27   0   0   0   0   0   0  0.68 0.02
   37 W    -3  -3  -4  -5  -3  -2  -3  -3  -3  -3  -2  -3  -2   1  -4  -3  -3  11   2  -3    0   0   0   0   0   0   0   0   0   0   0   0   0   0   0   0   0 100   0   0  2.38 0.02

                      K         Lambda
Standard Ungapped    0.1382     0.3189
Standard Gapped      0.0409     0.2670
PSI Ungapped         0.1335     0.3152
PSI Gapped           0.0409     0.2670
