
Last position-specific scoring matrix computed, weighted observed percentages rounded down, information per position, and relative weight of gapless real matches to pseudocounts
            A   R   N   D   C   Q   E   G   H   I   L   K   M   F   P   S   T   W   Y   V   A   R   N   D   C   Q   E   G   H   I   L   K   M   F   P   S   T   W   Y   V
    1 L    -2  -3  -4  -4  -2  -3  -4  -4  -4   4   3  -3   1   0  -3  -3  -1  -3  -2   2    0   0   0   0   0   0   0   0   0  46  48   0   0   0   0   0   0   0   0   6  0.48 0.06
    2 P    -2  -3  -3  -2  -4  -2  -2  -3  -3  -4  -4  -2  -3  -5   8  -2  -2  -5  -4  -3    0   0   0   0   0   0   0   0   0   0   0   0   0   0 100   0   0   0   0   0  2.33 0.12
    3 D     0   0   0   3  -3   0   3  -2  -1  -3  -3   2  -2  -4   2   1  -1  -4  -3  -2   11   0   0  23   0   0  26   0   0   0   0  19   0   0  10  12   0   0   0   0  0.40 0.04
    4 T     1  -1   1   0  -2   1   1  -1   1  -2  -2   0  -2  -3  -1   3   3  -3  -2  -2    6   0   6   0   0   6  14   0   5   0   0   0   0   0   0  36  29   0   0   0  0.33 0.05
    5 F    -3  -3  -4  -4  -3  -4  -4  -4  -1  -1   0  -4  -1   7  -4  -3  -3   1   5  -2    0   0   0   0   0   0   0   0   0   0   0   0   0  81   0   0   0   0  19   0  1.06 0.10
    6 D    -3  -2   1   7  -4  -1   1  -2  -2  -4  -5  -1  -4  -4  -2  -1  -2  -5  -4  -4    0   0   0 100   0   0   0   0   0   0   0   0   0   0   0   0   0   0   0   0  1.30 0.11
    7 S     3  -2  -1  -2  -1  -1  -1  -1  -2  -2  -2  -1  -2  -3   4   2   1  -3  -2  -1   49   0   0   0   0   0   0   0   0   0   0   0   0   0  19  27   4   0   0   0  0.50 0.06
    8 R    -2   7  -1  -2  -4   0  -1  -3  -1  -4  -3   2  -2  -4  -3  -1  -2  -4  -2  -3    0 100   0   0   0   0   0   0   0   0   0   0   0   0   0   0   0   0   0   0  1.14 0.11
    9 K    -1   0   0   3  -3   0   2  -2  -1   0  -2   2  -2  -3  -2   0   2  -3  -2  -1    0   0   0  21   0   0  21   0   0   9   0  19   0   0   0   0  30   0   0   0  0.30 0.04
   10 Q     1   0   1  -1  -3   5   1  -2  -1  -2  -2   2  -1  -3  -2   0  -1  -3  -2   0   19   0   6   0   0  47   0   0   0   0   0  18   0   0   0   0   0   0   0  10  0.37 0.06
   11 W    -4  -4  -5  -5  -3  -3  -4  -4  -3  -4  -3  -4  -2   0  -5  -4  -4  12   1  -4    0   0   0   0   0   0   0   0   0   0   0   0   0   0   0   0   0 100   0   0  3.09 0.17
   12 P     1  -1  -1  -2  -3  -1  -1  -2  -2  -3  -3   1  -3  -4   7   2  -1  -4  -3  -2    9   0   0   0   0   0   0   0   0   0   0  10   0   0  57  24   0   0   0   0  1.09 0.07
   13 N    -2   0   5   1  -3   2   1   0   4  -4  -4   1  -2  -3  -2   0  -1  -4  -2  -3    0   0  47   7   0  14   6   6  15   0   0   6   0   0   0   0   0   0   0   0  0.50 0.06
   14 C    -1  -4  -4  -5  10  -4  -5  -3  -4  -2  -2  -4  -2  -3  -4  -2  -2  -3  -3  -2    0   0   0   0 100   0   0   0   0   0   0   0   0   0   0   0   0   0   0   0  1.97 0.14
   15 P    -1  -1   1   0  -2   0  -1  -2  -2  -2  -2   2   1  -3   4   1   3  -3  -2  -1    0   0   7   6   0   0   0   0   0   0   0  18   9   0  22   9  29   0   0   0  0.38 0.04
   16 T     0  -1   0  -1  -1  -1  -1  -1  -2  -2  -3  -1  -2  -3  -1   4   4  -3  -2  -1    0   0   0   0   0   0   0   0   0   0   0   0   0   0   0  61  39   0   0   0  0.56 0.08
   17 I    -2  -3  -3  -3  -2  -3  -3  -4  -3   5   2  -3   1  -1  -3  -2  -1  -3  -2   2    1   1   0   1   0   0   1   1   0  81  10   1   0   0   1   1   1   0   0   1  0.48 0.07
   18 S     0   1   1  -1  -3   0  -1   1  -1  -2  -2   2  -2   2  -2   1  -1  -2   0  -2    6   9   9   0   0   0   0  14   0   0   0  30   0  19   0  14   0   0   0   0  0.19 0.03
   19 E    -1   2   2  -1  -3   2   2  -2   2  -1   0   0  -1  -1  -2  -1   0  -2   2  -1    0  14  15   0   0  10  19   0   9   0  13   0   0   0   0   0   6   0  10   6  0.16 0.03
   20 I    -2  -4  -4  -4  -2  -4  -4  -5  -4   6   1  -3   1  -1  -4  -3  -1  -3  -2   2    0   0   0   0   0   0   0   0   0 100   0   0   0   0   0   0   0   0   0   0  0.74 0.10
   21 R    -2   6  -1  -2  -3   0  -1  -3  -1  -2   1   1  -1  -2   2  -2  -2  -3  -2  -2    0  72   0   0   0   0   0   0   0   0  19   0   0   0   9   0   0   0   0   0  0.63 0.08
   22 D    -2  -2   2   6  -4  -1   1  -2  -2  -3  -4  -1  -3  -4  -2  -1  -1  -5  -4  -1    0   0   7  85   0   0   0   0   0   0   0   0   0   0   0   0   0   0   0   9  0.96 0.09
   23 Q    -2   1  -1  -1  -4   7   1  -3   0  -4  -3   2  -1  -4  -2  -1  -1  -3  -2  -3    0   0   0   0   0  91   0   0   0   0   0   9   0   0   0   0   0   0   0   0  0.98 0.12
   24 G     1  -3  -1  -2  -3  -2  -3   6  -2  -4  -4  -2  -3  -2  -3  -1  -2  -2   1  -3   10   0   0   0   0   0   0  81   0   0   0   0   0   0   0   0   0   0   9   0  0.94 0.08
   25 S     2  -1   2   0  -2   0   0   0   3  -3  -3   0  -2  -3  -2   2   1  -3  -2  -2   25   0  19   0   0   0   6   6  11   0   0   6   0   0   0  22   7   0   0   0  0.25 0.03
   26 V    -1   0  -2  -2  -2   3   0  -3  -2   1   1   2   2  -2  -2  -1  -1  -3  -2   2    0   0   0   0   0  25   0   0   0   0  14  19  11   0   0   0   0   0   0  31  0.19 0.05
   27 S    -1   0   5   0  -3   4   0  -1   0  -4  -3   0  -2  -4  -2   2   0  -3  -2  -3    0   0  45   0   0  38   0   0   0   0   0   0   0   0   0  17   0   0   0   0  0.59 0.08
   28 V     0  -3  -3  -3  -1  -2  -3  -3  -3   2   0  -2   0  -2   2  -1   1  -3  -2   4    6   0   0   0   0   0   0   0   0   6   0   0   0   0  13   0   9   0   0  66  0.38 0.06
   29 E    -1  -1   1   0  -2   0   3  -2  -1   0   1  -1   0  -2  -2   1   0  -3  -2   0    0   0  10   0   0   0  34   0   0   6  18   0   0   0   0  19   6   0   0   7  0.17 0.04
   30 V    -1  -3  -4  -4  -2  -3  -3  -4  -4   3   3  -3   1   0  -3  -3  -1  -3  -2   3    0   0   0   0   0   0   0   0   0  32  46   0   0   0   0   0   0   0   0  22  0.44 0.05
   31 S     1  -1   0  -1  -2  -1  -1  -1  -2  -3  -3  -1  -2  -3  -1   5   1  -4  -2  -2    0   0   0   0   0   0   0   0   0   0   0   0   0   0   0 100   0   0   0   0  0.75 0.11
   32 A     4  -2  -2  -2  -1  -1  -2  -1  -2  -1  -1  -1  -1  -3   1   1   0  -3  -2   1   71   0   0   0   0   0   0   0   0   0   0   0   0   0   6   5   0   0   0  17  0.40 0.06
   33 E    -1  -1   3   2  -3   2   3  -2  -1  -2  -1   0  -2  -3  -2   0   1  -3  -2  -1    0   0  19  12   0   9  38   0   0   0   6   0   0   0   0   0  10   0   0   6  0.35 0.04
   34 D    -3  -2   1   7  -4  -1   1  -2  -2  -4  -5  -1  -4  -4  -2  -1  -2  -5  -4  -4    0   0   0 100   0   0   0   0   0   0   0   0   0   0   0   0   0   0   0   0  1.30 0.11
   35 L    -1  -3  -4  -4  -2  -3  -3  -4  -3   3   3  -3   2   0  -3  -3  -1  -2  -2   2    0   0   0   0   0   0   0   0   0  16  54   0   7   0   0   0   0   0   0  22  0.42 0.05
   36 L    -2  -3  -4  -4  -2  -2  -3  -4  -3   2   4  -3   3   0  -3  -3  -1  -2  -2   2    0   0   0   0   0   0   0   0   0  15  66   0  10   0   0   0   0   0   0   9  0.47 0.05
   37 S     2  -1   0  -1  -1  -1  -1  -1  -2  -2  -2  -1  -2  -3  -1   4   3  -3  -2  -1   19   0   0   0   0   0   0   0   0   0   0   0   0   0   0  51  30   0   0   0  0.45 0.06
   38 C    -1  -4  -4  -5  10  -4  -5  -4  -4  -2  -2  -4  -2  -3  -4  -2  -2  -3  -3  -2    0   0   0   0 100   0   0   0   0   0   0   0   0   0   0   0   0   0   0   0  1.99 0.14
   39 C    -1  -4  -4  -5  10  -4  -5  -4  -4  -2  -2  -4  -2  -3  -4  -2  -2  -3  -3  -2    0   0   0   0 100   0   0   0   0   0   0   0   0   0   0   0   0   0   0   0  1.99 0.14
   40 G     0   1  -1  -1  -3  -1   0   5  -2  -3  -3   1  -2  -3  -2   0   1  -3  -3  -3    0  10   0   0   0   0   6  54   0   0   0  12   0   0   0   0  14   0   0   0  0.49 0.05
   41 F    -1  -2  -1  -2  -2  -1  -1  -2  -2   0   0  -1   0   3   2   1   0   5   1  -1    1   1   1   1   0   1   1   1   0   5  10   1   0  25  10  21   8   9   1   1  0.21 0.03
   42 E     0   0   1   1  -2   2   2  -2  -1  -1   0   0   0  -2  -1   2   1  -2  -2  -1    1   6   5   6   0  14  14   1   0   0  14   1   4   0   0  24   7   0   0   1  0.15 0.02
   43 C    -1  -4  -4  -5  10  -4  -5  -4  -4  -2  -2  -4  -2  -3  -4  -2  -2  -3  -3  -2    0   0   0   0 100   0   0   0   0   0   0   0   0   0   0   0   0   0   0   0  1.99 0.14
   44 G     0  -3  -1  -2  -3  -3  -3   7  -3  -5  -5  -2  -3  -4  -3  -1  -2  -3  -4  -4    0   0   0   0   0   0   0 100   0   0   0   0   0   0   0   0   0   0   0   0  1.34 0.10
   45 M    -2  -2   2   4  -3   0   0  -2  -1  -2  -1  -1   1   2  -3  -1  -1  -1   2  -2    0   0  11  43   0   5   0   0   0   0   6   0   9  14   0   0   0   0  12   0  0.35 0.05
   46 G     0  -3  -1  -2  -3  -3  -3   7  -3  -5  -5  -2  -3  -4  -3  -1  -2  -3  -4  -4    0   0   0   0   0   0   0 100   0   0   0   0   0   0   0   0   0   0   0   0  1.34 0.10
   47 C    -1  -4  -4  -5  10  -4  -5  -4  -4  -2  -2  -4  -2  -3  -4  -2  -2  -3  -3  -2    0   0   0   0 100   0   0   0   0   0   0   0   0   0   0   0   0   0   0   0  1.99 0.14
   48 N    -2  -1   6   3  -3   0   0  -1   0  -4  -4   0  -3  -3  -2   0   0  -4  -3  -3    0   0  87  13   0   0   0   0   0   0   0   0   0   0   0   0   0   0   0   0  0.75 0.02

                      K         Lambda
Standard Ungapped    0.1358     0.3188
Standard Gapped      0.0438     0.2670
PSI Ungapped         0.1431     0.3179
PSI Gapped           0.0438     0.2670
