
Last position-specific scoring matrix computed, weighted observed percentages rounded down, information per position, and relative weight of gapless real matches to pseudocounts
            A   R   N   D   C   Q   E   G   H   I   L   K   M   F   P   S   T   W   Y   V   A   R   N   D   C   Q   E   G   H   I   L   K   M   F   P   S   T   W   Y   V
    1 M    -4  -4  -5  -6  -4  -3  -5  -6  -4  -2  -1  -4  10  -3  -5  -4  -3  -4  -4  -2    0   0   0   0   0   0   0   0   0   0   0   0 100   0   0   0   0   0   0   0  2.72 0.62
    2 A     6  -4  -4  -4  -3  -3  -3   1  -4  -4  -4  -3  -3  -5   0  -1  -2  -5  -4  -2   89   0   0   0   0   0   0   7   0   0   0   0   0   0   4   0   0   0   0   0  1.28 0.43
    3 V     0  -4   1  -4  -3  -2  -4  -4   0   0  -1  -4  -1  -3  -4  -3   0  -5  -3   6    5   0   7   0   0   1   0   0   2   0   3   0   0   0   0   0   4   0   0  77  0.96 0.38
    4 P    -2  -4  -4  -4  -5   3  -3  -5  -4  -2  -5  -3  -5  -6   8  -3  -3  -6  -5  -5    2   0   0   0   0  13   0   0   0   2   0   0   0   0  82   0   0   0   0   0  2.30 0.54
    5 F     0   1  -2  -2  -5   3  -1  -3  -3  -4  -4   6  -3   0  -3  -1  -2  -5  -3  -3    7   5   0   1   0  12   0   0   0   0   0  66   0   5   0   2   1   0   0   1  1.00 0.39
    6 R    -1   5   3  -2  -1   1  -1  -3   0  -4  -4   3  -3  -3  -3  -1  -2  -4  -2  -4    4  45  14   0   1   6   0   0   2   0   0  22   0   1   0   3   0   0   1   1  0.82 0.32
    7 R    -3   5  -1  -3  -5  -1  -2  -4   0  -5  -5   6  -4  -5   1  -2  -3  -5  -4  -5    0  38   2   0   0   0   0   0   2   0   0  52   0   0   6   0   0   0   0   0  1.23 0.42
    8 T    -1   0   0  -2  -3   0  -2  -3   1  -1  -2   2   2  -3  -1   1   4  -1  -3   1    1   5   2   0   0   3   0   0   4   1   2  14   7   1   3   9  37   1   0  11  0.33 0.22
    9 S    -1  -3  -2  -3  -3  -2  -2  -2  -3  -2  -4   0  -4  -3  -3   6   1  -5  -4  -4    0   0   0   0   0   0   0   2   0   3   0   6   0   1   0  81   7   0   0   0  1.20 0.48
   10 K    -2   4   0  -2  -5  -1   0  -3   3  -4  -4   5  -3  -4   1   0  -2  -4  -1  -3    1  23   3   0   0   0   4   0   8   0   0  44   0   0   7   7   0   0   2   1  0.73 0.30
   11 M     2   1  -1  -2  -3   1  -2  -1  -1  -3  -3  -1   0  -4  -3   4   2   0  -3  -1   17   7   0   0   0   8   0   3   1   0   0   2   3   0   0  41  13   1   0   4  0.43 0.25
   12 K    -2   5   2  -2  -3   0  -2  -3   0  -4  -4   4  -2  -5  -3   0  -2  -5  -3  -3    2  42  11   0   1   1   0   0   2   0   0  32   1   0   0   6   1   0   0   1  0.86 0.33
   13 K    -1   5  -2  -3  -4   0  -2  -2  -2  -4  -4   4  -3  -5  -3  -1   3  -5  -4  -2    3  43   0   0   0   2   0   2   0   0   0  27   0   0   0   2  20   0   0   2  0.85 0.34
   14 R     0   4   3   2   1  -1  -2   2   3  -4  -4   0  -3  -4  -3  -1   0  -4  -3  -4    6  30  14  13   4   0   0  15   9   0   0   2   0   0   0   1   6   0   0   0  0.47 0.23
   15 L    -1   2   0  -2  -3   2  -1  -3   1  -1  -1   3   4  -2  -3   1   0  -4  -2  -2    3  14   5   0   0   9   0   0   5   3   3  21  20   1   0  11   4   0   0   1  0.34 0.22
   16 R    -4   8  -3  -4  -5  -1  -2  -4   2  -5  -4   1  -4  -5  -4  -3  -3  -5  -4  -5    0  86   0   0   0   0   0   0   6   0   0   5   0   0   0   0   0   0   0   0  1.79 0.51
   17 R    -2   7  -1  -3  -5   0  -2  -3   0  -5  -3   1  -3  -5  -4   0  -3  -5  -4  -4    1  79   1   0   0   1   0   1   2   0   3   3   0   0   0   7   0   0   0   0  1.43 0.45
   18 T     3  -3   1  -2  -2  -2  -2   0  -3   0  -3  -2  -2  -3  -2   3   2  -4  -3   0   27   0   8   0   0   0   1   7   0   6   1   0   0   0   0  29  14   0   0   5  0.43 0.28
   19 H    -1  -2   2  -2  -4   2  -1  -1   7  -2  -3   1   0  -3   1  -1   0  -4  -2  -2    4   0  11   0   0   9   3   3  36   3   1   8   3   0   6   3   5   0   0   3  0.67 0.34
   20 F    -2  -2  -1   1   0   0  -1  -3   2   0  -1   0   3   1  -3  -1  -2   7   3  -1    3   0   3   9   2   6   3   1   6   6   3   5   9   5   0   3   0  20  13   3  0.52 0.27
   21 K     2   3   0  -3  -4   0  -2  -1   0  -4  -4   5  -3  -1  -3  -1  -1  -4   0  -2   16  13   3   0   0   3   0   3   3   0   0  46   0   3   0   3   3   0   3   2  0.62 0.37
   22 L     1  -1  -2  -4  -3  -3  -4  -3  -1   0   4   0   2  -1  -1  -2  -2   0  -3   0   13   3   2   0   0   0   0   2   1   4  49   7   4   2   4   2   2   2   0   4  0.43 0.30
   23 Q     0   0   0  -1  -3   0   0  -2  -1   0  -3   3  -2  -1   0   0   1  -4   1   0    8   4   4   3   0   3   5   2   1   6   0  26   0   2   4   7  12   0   5   8  0.19 0.20
   24 V     3  -1  -1  -1  -3  -1  -2   0  -3   0  -1   1  -1  -2   0   0   0  -4  -1   1   31   2   3   2   0   2   1   7   0   6   5  10   1   1   4   7   5   0   2  11  0.16 0.18
   25 P     1  -3   0  -4  -1  -1  -2  -3  -1  -2  -3   0  -2  -3   6  -1  -1  -6  -5   1   11   1   5   0   1   2   2   2   2   2   1   6   1   1  46   4   4   0   0  10  0.92 0.46
   26 G     1  -3   3  -2  -4   1   0   2   0  -3  -3  -1  -1  -4   0   0   2  -5  -4  -1   15   0  20   1   0   7   5  13   3   1   2   4   1   0   4   5  16   0   0   4  0.32 0.27
   27 M    -1  -3  -4  -5  -3  -3  -4  -3  -1   2   3  -1   3   1   0  -3  -1  -3   1   2    4   1   0   0   0   0   0   1   2  13  35   4   7   6   5   0   4   0   5  13  0.40 0.27
   28 V     1  -2   0  -1  -3   1  -2  -2  -1   1  -2  -2   0  -3  -3   3   1  -4  -3   3   13   2   4   3   0   6   1   2   2   6   0   0   2   0   0  22   7   0   0  28  0.32 0.28
   29 A    -1  -1  -1  -2  -3  -1   3  -3  -3   0  -2   2  -2   0  -1  -1   0  -4  -1   2    2   2   2   1   0   1  24   1   0   6   2  15   0   4   3   4   7   0   2  21  0.27 0.25
   30 C    -3  -5  -2   4  10  -3  -1  -5  -5  -3  -3  -5  -4  -5  -5  -3  -2  -6  -5  -1    1   0   1  24  56   1   5   0   0   1   2   0   0   0   0   1   3   0   0   4  1.89 0.69
   31 P     0  -2  -1  -2  -4   0   0  -3  -3  -3  -4   3  -4  -4   6   1  -1  -5  -4  -2    6   1   3   1   0   4   6   1   0   1   0  17   0   1  38  14   4   0   0   3  0.81 0.39
   32 E    -2  -1   5   1  -4   2   1  -2   0  -1  -3   0  -3  -3  -3  -1   2  -4  -3   0    2   2  34   5   0  10  11   1   2   3   1   3   0   1   0   2  14   0   0   6  0.51 0.32
   33 C    -2  -2   1  -1   9  -4  -4  -4  -4  -4  -3  -4  -4  -5  -4   1   3  -5  -4  -3    3   2   6   3  53   0   0   1   0   0   2   0   0   0   0  11  16   0   0   0  1.63 0.60
   34 G    -2  -2  -1  -4  -6  -3  -4   6   3  -7  -6   1  -5  -6  -5  -1  -3  -6  -5  -6    1   2   2   0   0   1   0  74   6   0   0  10   0   0   0   3   1   0   0   0  1.56 0.63
   35 E     0  -1   0   0  -5   3   5  -3   1  -5  -5   0  -4  -5  -4   1  -1  -2  -2  -4    6   2   5   3   0  13  48   1   3   0   0   4   0   0   0   9   3   1   1   1  0.82 0.45
   36 M     0  -1  -3  -4  -3  -1  -2  -4  -3  -1   1   0   2   1   3  -1   0   2   3   0    6   2   0   0   0   2   1   0   0   3  18   6   5   5  19   2   8   3  13   6  0.33 0.24
   37 K    -2   3  -3  -4  -5  -1  -2  -4   5   0  -3   5  -1  -1  -4  -1   0  -5  -3  -1    2  14   0   0   0   2   0   0  18   5   1  40   1   2   0   3   7   0   0   5  0.76 0.44
   38 I    -3   2  -4  -5  -4   0  -2  -5  -2   2   4  -1   4  -2  -2  -4  -2  -4  -3   0    1  16   0   0   0   4   2   0   1  10  42   4  12   0   2   0   1   0   0   6  0.57 0.35
   39 S    -1   3  -2  -4  -5  -1  -3  -3  -4  -2  -4  -1  -2  -4   7   1  -3  -6  -2  -4    4  17   1   0   0   2   0   1   0   3   1   3   1   1  51  13   0   0   1   0  1.25 0.53
   40 H    -6   1  -3  -5  -7  -3  -4  -6  11  -7  -7  -4  -6  -5  -6  -5  -6  -7  -2  -7    0   7   0   0   0   0   0   0  93   0   0   0   0   0   0   0   0   0   0   0  3.48 1.05
   41 R    -3   6  -1  -4  -1   0  -3  -5   7  -3  -5  -2  -1  -5  -5  -3   0  -5  -2  -1    1  44   2   0   1   3   0   0  34   1   0   0   2   0   0   1   5   0   1   5  1.37 0.59
   42 V     2  -5  -5  -5  -3  -4  -4  -5  -5   3   1  -4   0  -3  -4  -3  -1  -5  -4   5   18   0   0   0   0   0   0   0   0  18  12   0   2   0   0   1   2   0   0  47  0.81 0.40
   43 C    -2  -5   0  -2  10  -5  -3  -5  -2  -4  -2  -5  -4  -5  -5   1   2  -6  -2  -3    1   0   4   3  57   0   2   0   1   0   4   0   0   0   0  12  13   0   1   1  1.78 0.65
   44 K     0  -1  -1  -1  -4  -2  -2  -1  -3  -3   0   2   0  -3   5  -1  -1   1  -2  -2    9   3   2   3   0   1   1   4   0   0  13  16   2   1  34   3   3   2   1   1  0.58 0.30
   45 S     1  -1   2   2  -4  -1   0  -2   3  -3  -3   2  -3  -1  -3   2   0  -4   0  -2   11   2  11  13   0   0   6   1   9   0   1  13   0   3   0  20   3   0   4   2  0.31 0.23
   46 C    -1  -3  -2  -2  10  -3  -1  -3  -2  -3  -3  -3  -3  -3  -3  -1   1  -3  -2  -2    5   1   2   2  57   1   4   2   1   1   2   1   1   1   1   4   9   0   2   2  1.51 0.43
   47 G    -3  -5  -4  -3  -6  -5  -5   7  -5  -7  -7  -2  -1  -7  -6  -4  -5  -6  -6  -6    0   0   0   1   0   0   0  95   0   0   0   3   2   0   0   0   0   0   0   0  2.28 0.70
   48 T    -3  -3  -3  -4  -5  -1   0  -5   5  -3  -3  -4   2   4  -5  -1   2   0   6  -3    1   1   1   0   0   2   6   0  13   0   1   0   6  19   0   4  14   1  31   1  0.88 0.40
   49 Y    -6  -6  -6  -7  -7  -5  -6  -7  -2  -5  -5  -6  -5   1  -7  -6  -6  -2  10  -5    0   0   0   0   0   0   0   0   0   0   0   0   0   3   0   0   0   0  97   0  3.28 0.94
   50 K    -2   5   2   1  -3  -1  -2  -1  -2  -5  -5   5  -4  -5  -4  -2  -3  -5  -4  -5    3  29  11   7   1   1   0   4   1   0   0  42   0   0   0   2   0   0   0   0  0.95 0.42
   51 G    -2  -4   2   1  -5  -4  -3   7  -4  -7  -7  -3  -6  -6  -5  -2  -4  -6  -6  -6    1   1   8   7   0   0   1  79   0   0   0   1   0   0   0   1   0   0   0   0  1.68 0.53
   52 K    -3   6  -2  -4  -6   0  -1  -5  -3  -4  -4   5  -4  -5  -4  -3  -3  -5  -3  -3    1  52   1   0   0   2   2   0   0   1   1  37   0   0   0   1   1   0   0   1  1.38 0.50
   53 D    -1   0  -2  -1  -3   5   3  -4  -2  -4  -3   4  -3  -4  -2  -2  -1  -5  -4  -1    3   3   1   2   0  32  17   0   0   0   1  30   0   1   1   0   2   0   0   6  0.77 0.37
   54 V    -3  -5  -6  -6  -4  -5  -5  -6  -6   3  -1  -5  -1  -3  -5  -5  -3  -5   0   7    0   0   0   0   0   0   0   0   0  15   2   0   1   0   0   0   0   0   4  79  1.53 0.53
   55 K     0  -2  -4  -5  -3  -3  -4  -4  -4   4   3  -1   2  -2  -4  -2  -1  -4  -3   3    8   2   0   0   0   0   0   0   0  26  26   4   6   0   0   2   3   0   0  24  0.52 0.24
   56 S     1  -2   2   3  -4  -1   3  -2  -2  -4  -4   2  -3  -4  -1   1   1  -5  -4  -3   14   0  12  16   0   1  19   0   0   0   0  16   0   0   2  11   8   0   0   0  0.46 0.23
   57 N    -1  -1   5   3  -3   0   2  -1  -1  -4  -4  -1  -3  -4  -2   2   0  -4  -3  -3    0   0  43  16   0   0  15   0   0   0   0   0   0   0   0  26   0   0   0   0  0.57 0.09

                      K         Lambda
Standard Ungapped    0.1342     0.3246
Standard Gapped      0.0569     0.2670
PSI Ungapped         0.1859     0.3174
PSI Gapped           0.0569     0.2670
