
Last position-specific scoring matrix computed, weighted observed percentages rounded down, information per position, and relative weight of gapless real matches to pseudocounts
            A   R   N   D   C   Q   E   G   H   I   L   K   M   F   P   S   T   W   Y   V   A   R   N   D   C   Q   E   G   H   I   L   K   M   F   P   S   T   W   Y   V
    1 M    -3  -4  -4  -5  -4  -3  -4  -5  -4  -1   0  -4  10   1  -5  -4  -3  -3  -3  -1    0   0   0   0   0   0   0   0   0   0   2   0  92   6   0   0   0   0   0   0  1.94 0.42
    2 K    -3   1  -2  -3  -5   0  -1  -2  -3  -5  -4   7  -3  -5  -3  -2  -3  -5  -4  -4    0   1   0   0   0   2   0   2   0   0   0  95   0   0   0   0   0   0   0   0  1.46 0.34
    3 V    -2  -4  -3  -4  -2  -3  -4  -4  -4   2  -1  -2  -1  -2  -4  -1   0  -4  -3   6    0   0   1   0   0   0   0   0   0   6   1   2   0   0   0   3   5   0   0  82  0.90 0.26
    4 R    -3   6  -1  -3  -4   1  -1  -4  -2  -2   0   2  -2  -3  -3  -1  -2  -4  -1  -2    0  63   1   0   0   4   0   0   0   1  11  12   0   0   0   2   0   0   2   3  0.82 0.22
    5 P     4  -2   0  -2  -2  -2  -2   0  -2  -3  -3  -1  -2  -4   3   3   1  -4  -3  -2   43   0   5   0   0   0   0   3   0   0   0   3   0   0  15  24   6   0   0   1  0.52 0.17
    6 S     0  -3  -1  -2  -3  -2  -2  -1  -3  -4  -4  -2  -3  -4  -3   6   0  -5  -4  -2    2   0   0   0   0   0   0   1   0   0   0   0   0   0   0  95   0   0   0   3  1.26 0.35
    7 V    -1  -4  -4  -5  -2  -4  -4  -5  -4   3   2  -4   0  -2  -4  -3  -2  -4  -3   5    4   0   0   0   0   0   0   0   0  10  18   0   1   0   0   0   0   0   0  67  0.77 0.22
    8 K    -3   3  -2  -3  -5   0  -1  -2  -2  -5  -4   7  -3  -5  -3  -2  -3  -5  -4  -4    0  16   0   0   0   0   0   2   0   0   0  81   0   0   0   0   0   0   0   0  1.29 0.32
    9 K    -1   2  -1  -2  -3   0  -1  -3  -2  -4  -4   6  -3  -4   2   0   0  -4  -2  -2    3   8   2   0   0   2   1   0   0   0   0  62   0   0   9   5   5   0   1   2  0.71 0.22
   10 M    -2   4  -3  -4  -3  -1  -3  -4  -3   5   0  -1   4  -1  -4  -3  -2  -4  -3   0    2  33   0   0   0   1   0   0   0  44   4   0  13   1   0   0   0   0   0   1  0.63 0.22
   11 C    -2  -1  -3  -1  10  -4  -4  -4   4  -4  -4  -4  -4  -4  -5   0  -2  -5  -3  -3    0   4   0   3  73   0   0   0  11   0   0   0   0   0   0   7   2   0   0   0  1.93 0.37
   12 E    -1   3   0   2  -4   0   3  -1  -2  -3  -4   2  -3  -4   2   0  -1  -4  -3  -3    5  18   2  15   0   2  20   2   0   0   0  15   0   0  11   8   1   0   0   1  0.41 0.12
   13 H    -1   0   3   4  -4   0   0  -1   2  -4  -4   3  -3  -4  -3   0  -2  -4  -1  -3    2   2  19  29   0   0   2   4   6   0   0  27   0   0   0   6   0   0   2   1  0.51 0.16
   14 C    -2  -6  -5  -1  11  -5  -5  -5  -5  -4  -4  -5  -4  -5  -5  -3  -3  -5  -5  -3    2   0   0   4  93   0   0   0   0   0   0   0   0   0   0   0   0   0   0   0  2.84 0.47
   15 K    -2   3  -2  -2  -3   4   0  -2  -2  -2  -3   5  -2  -1  -3  -2  -2  -3   1  -3    0  19   0   0   1  20   1   1   0   2   0  47   0   2   0   0   1   0   5   1  0.69 0.22
   16 I    -2  -4  -3  -4  -2  -4  -4  -5  -4   5   2  -3   1   0  -3  -3  -1  -4  -2   4    1   0   1   0   0   0   0   0   0  40  14   1   1   2   1   0   1   0   1  38  0.64 0.19
   17 V    -2  -4  -5  -5  -3  -4  -4  -5  -5   6   0  -3   0  -2  -4  -4  -2  -4  -1   5    0   0   0   0   0   0   0   0   0  53   2   1   0   0   0   0   0   0   1  43  0.95 0.25
   18 K    -3   6  -2  -3  -5   0  -1  -4  -1  -5  -4   5  -3  -5  -3  -2  -3  -1  -3  -4    0  54   0   0   0   0   0   0   1   0   1  42   0   0   0   1   0   1   0   0  1.18 0.29
   19 R    -4   8  -3  -4  -6  -1  -2  -5  -2  -5  -4   0  -4  -5  -4  -3  -3  -5  -4  -5    0 100   0   0   0   0   0   0   0   0   0   0   0   0   0   0   0   0   0   0  1.98 0.41
   20 N    -2   4   2  -2  -4   0  -1  -1   5  -4  -4   4  -3  -3  -3  -1  -2  -4  -2  -4    0  28  12   1   0   1   1   3  16   0   0  36   0   1   0   1   0   0   1   0  0.71 0.21
   21 G    -2  -1   0  -3  -4  -2  -3   7  -3  -5  -5  -1  -4  -5  -4  -1  -3  -4  -5  -5    0   4   4   0   0   1   0  86   0   0   0   4   0   0   0   1   0   0   0   0  1.45 0.29
   22 R    -2   5  -2  -3  -2  -1  -2  -4  -2   1  -2   2  -2  -3  -3  -2  -1  -4  -3   2    1  47   1   0   1   0   0   0   1   8   0  15   0   0   0   1   2   0   0  24  0.60 0.20
   23 V    -2  -2  -2  -4  -2  -3  -4  -4  -4   3   2  -3   0  -2  -4  -3   0   1  -2   4    0   2   3   0   0   0   0   0   0  20  20   0   0   0   0   0   4   2   0  49  0.56 0.18
   24 M    -2   4  -3  -4  -4  -2  -3  -4  -1  -1   0  -1   4   2  -4  -2  -3   0   5  -2    1  32   0   0   0   0   0   0   1   2   4   0  19   8   0   1   0   0  30   1  0.71 0.23
   25 V    -2  -4  -3  -5  -3  -4  -4  -5  -5   3   0  -4  -1  -2  -4  -3  -2  -5  -3   6    0   0   1   0   0   0   0   0   0  13   1   0   0   0   0   0   0   0   0  84  1.14 0.30
   26 I    -3  -3  -5  -5  -3  -4  -5  -5  -5   7   1  -4   0   0  -4  -3  -2  -4  -1   2    0   1   0   0   0   0   0   0   0  81   6   0   0   2   0   1   0   0   2   8  1.07 0.28
   27 C    -3  -5   3  -4  11  -5  -5  -4  -4  -4  -4  -5  -4  -5  -5  -3  -3  -5  -5  -3    0   0  16   0  84   0   0   0   0   0   0   0   0   0   0   0   0   0   0   0  2.52 0.44
   28 S    -1   1  -1   0  -3   0   1  -2  -1  -3  -2   4  -2  -3  -1   2   0  -3  -2  -2    2   3   1   3   0   2  11   1   0   1   3  44   0   1   2  22   3   0   1   1  0.42 0.14
   29 A     1   0   0  -1  -1  -1  -1  -1  -2   0  -1   1  -1  -1  -1   1   2  -2  -2   1   10   2   2   2   0   1   3   2   1   8   3  16   1   2   2  12  21   0   1  12  0.11 0.06
   30 N    -2  -1   6   3  -4   0   1  -2   1  -4  -4  -1  -3  -4  -3  -1  -1  -4  -3  -4    1   1  61  15   0   3   6   1   4   0   1   2   0   0   0   1   2   0   0   0  0.94 0.23
   31 P    -1  -2  -2  -3  -5  -2  -3  -3  -4  -4  -4   0  -4  -4   8  -1  -3  -5  -5  -4    4   2   1   0   0   1   0   0   0   0   1   5   0   1  82   2   0   0   0   1  2.02 0.34
   32 K    -3   6  -1  -3  -5   0  -1  -4  -2  -5  -4   5  -3  -5  -3  -1  -2  -5  -3  -4    0  45   2   0   0   0   0   0   0   0   0  52   0   0   0   2   0   0   0   0  1.17 0.29
   33 H    -4  -3  -1  -3  -5  -2  -3  -4  10  -4  -2  -3  -2   4  -5  -3  -4  -3   1  -4    0   0   2   0   0   0   0   0  75   0   3   0   1  17   0   0   0   0   1   0  1.84 0.38
   34 K    -3   0   1  -2  -5  -1  -1  -3  -3  -5  -5   7  -3  -5  -3  -1  -2  -5  -4  -4    0   0   6   0   0   0   0   0   0   0   0  92   0   0   0   1   1   0   0   0  1.42 0.35
   35 Q     1  -1  -2  -3  -2   8   0  -3  -2  -4  -4  -1  -2  -5  -3  -2  -2  -4  -3  -2   16   0   0   0   1  79   0   0   0   0   0   0   0   0   0   0   1   0   0   3  1.34 0.36
   36 R    -3   7  -2  -3  -3  -1  -2  -3  -2  -4  -4   2  -3  -5  -4  -3  -3  -5  -4  -1    1  83   0   0   1   0   0   1   0   0   0   9   0   0   0   0   0   0   0   6  1.41 0.33
   37 Q    -2  -1  -2  -3  -5   8   0  -4  -2  -5  -4  -1  -3  -6  -4  -2  -3  -4  -4  -5    2   0   0   0   0  98   0   0   0   0   0   0   0   0   0   0   0   0   0   0  1.97 0.45
   38 G    -1  -4  -2  -3  -4  -4  -4   7  -4  -6  -6  -3  -5  -5  -4  -2  -3  -4  -5  -5    0   0   0   0   0   0   0 100   0   0   0   0   0   0   0   0   0   0   0   0  1.87 0.32
   39 K    -1   5   0  -1  -4   1   0  -2  -1  -3  -3   4  -2  -3  -2  -1  -1  -3  -2  -3    0  44   0   0   0   0   0   0   0   0   0  56   0   0   0   0   0   0   0   0  0.60 0.02

                      K         Lambda
Standard Ungapped    0.1321     0.3240
Standard Gapped      0.0565     0.2670
PSI Ungapped         0.1846     0.3174
PSI Gapped           0.0565     0.2670
