
Last position-specific scoring matrix computed, weighted observed percentages rounded down, information per position, and relative weight of gapless real matches to pseudocounts
            A   R   N   D   C   Q   E   G   H   I   L   K   M   F   P   S   T   W   Y   V   A   R   N   D   C   Q   E   G   H   I   L   K   M   F   P   S   T   W   Y   V
    1 M    -2  -3  -4  -5  -3  -2  -4  -4  -3   0   1  -3   9  -1  -4  -3  -2  -3  -3  -1    0   0   0   0   0   0   0   0   0   0   0   0 100   0   0   0   0   0   0   0  1.62 0.26
    2 S     0  -2   0  -1  -2  -1  -1  -1  -2  -4  -4  -1  -3  -4  -2   6   0  -4  -3  -3    0   0   0   0   0   0   0   0   0   0   0   0   0   0   0 100   0   0   0   0  1.04 0.20
    3 D    -3  -3   0   7  -5  -2   0  -3  -2  -5  -5  -2  -4  -5  -3  -1  -2  -6  -4  -5    0   0   0 100   0   0   0   0   0   0   0   0   0   0   0   0   0   0   0   0  1.62 0.21
    4 I    -3  -4  -5  -4  -2  -4  -5  -5  -5   7   1  -4   0  -1  -4  -4  -2  -4  -3   2    0   0   0   0   0   0   0   0   0 100   0   0   0   0   0   0   0   0   0   0  1.08 0.19
    5 N    -3  -2   8   0  -4  -1  -2  -2  -1  -5  -5  -1  -4  -4  -3  -1  -1  -5  -3  -4    0   0 100   0   0   0   0   0   0   0   0   0   0   0   0   0   0   0   0   0  1.54 0.22
    6 G     5  -2  -2  -3  -1  -2  -2   0  -3  -2  -2  -2  -2  -3  -2   0   2  -4  -3   0   73   0   0   0   0   0   0   5   0   0   0   0   0   0   0   0  16   0   0   6  0.56 0.13
    7 T     1  -2  -1  -2  -2  -2  -2  -2  -3   0  -2  -2  -2  -3  -2   1   6  -4  -3  -1   15   0   0   0   0   0   0   0   0   6   0   0   0   0   0   2  77   0   0   0  0.73 0.16
    8 R    -3   7  -2  -3   2   0  -1  -4  -1  -4  -3   1  -3  -4  -3  -2  -2  -4  -3  -4    0  95   0   0   5   0   0   0   0   0   0   0   0   0   0   0   0   0   0   0  1.34 0.20
    9 L    -1  -3  -4  -5  -2  -3  -4  -4  -4   1   5  -3   1  -1  -4  -3  -2  -3  -2   1    6   0   0   0   0   0   0   0   0   0  90   0   0   0   0   0   0   0   0   4  0.75 0.14
   10 P    -2  -4  -3  -3  -4  -3  -2  -4  -4  -4  -4  -2  -4  -5   8  -2  -2  -5  -4  -4    0   0   0   0   0   0   0   0   0   0   0   0   0   0 100   0   0   0   0   0  2.56 0.23
   11 W    -3  -4  -4  -4  -3  -3  -4   0   3   2   0  -4  -1   2  -4  -3  -3   9   1   0    0   0   0   0   0   0   0   9   9  16   9   0   0   9   0   0   0  40   3   5  1.09 0.23
   12 L    -1  -3  -3  -4  -2  -3  -3   0  -3   2   2  -3   1   3  -2  -2  -2  -2   1   1    6   0   0   0   0   0   0   8   0  21  30   0   3  21   2   0   0   0   2   7  0.31 0.11
   13 A     1  -3  -3  -3  -2  -1  -2   1  -3   2   1  -2   0   0   0  -1  -1  -3  -2   2   14   0   0   0   0   4   0  14   0  22   9   0   0   5   4   3   1   0   0  23  0.17 0.09
   14 T    -1  -1  -2   0  -3  -2  -1   2  -2   1  -1  -2  -1   2   3  -1   0  -2   2   0    0   5   0   7   0   0   3  17   0  14   5   0   0  10  15   2   7   0  10   4  0.17 0.08
   15 C    -2  -3  -3  -4   6  -1  -3  -4  -3   2   0  -3   2   2   1  -1  -2  -2   2   0    0   0   0   0  26   4   0   0   0  21   6   0   8  12   7   5   0   0   7   4  0.42 0.14
   16 P    -3  -4  -4  -3  -5  -3  -3  -4  -4  -5  -5  -3  -5  -6   9  -3  -3  -6  -5  -4    0   0   0   0   0   0   0   0   0   0   0   0   0   0 100   0   0   0   0   0  2.76 0.41
   17 C    -2  -4  -4  -5  10  -4  -5  -4  -4  -2   0  -4  -2   0  -4  -1  -2  -3   1  -2    0   0   0   0  75   0   0   0   0   0   8   0   0   5   0   4   0   0   5   0  1.76 0.32
   18 V     0  -4  -4  -4   3  -3  -3  -4  -4   3   0  -3   0  -2  -3  -2  -1  -4  -2   5    6   0   0   0   8   0   0   0   0  14   0   0   0   0   0   0   2   0   0  68  0.67 0.20
   19 G    -1  -3   1  -2  -3  -2  -3   6  -3  -3  -4  -2  -3  -4  -3   2  -2  -4  -4  -1    0   0   5   0   0   0   0  67   0   0   0   0   0   0   0  20   0   0   0   8  0.93 0.22
   20 E    -3  -3   0   7  -5  -2   1  -3  -3  -5  -5  -2  -5  -5  -3   0  -2  -6  -5  -5    0   0   0  89   0   0   3   0   0   0   0   0   0   0   0   8   0   0   0   0  1.57 0.32
   21 D     0  -3   1   7  -4  -2   1   0  -2  -4  -4  -2  -4  -4  -3  -1  -2  -5  -4  -2    7   0   3  76   0   0   3   5   0   0   0   0   0   0   0   0   0   0   0   4  1.12 0.25
   22 V     0  -3  -1   1   1  -3  -3  -3  -3   4   0  -3   0  -2  -3  -2   0  -4  -2   4    7   0   4  11   3   0   0   0   0  35   0   0   0   0   0   0   5   0   0  36  0.38 0.15
   23 N    -1  -1   4   3  -4   1   3  -2  -1  -2  -3  -1  -3  -4  -2   0   1  -4  -3  -2    3   0  34  18   0   8  21   0   0   3   0   0   0   0   0   3   8   0   0   2  0.52 0.16
   24 P     1   0  -1  -2  -2  -1  -2  -2   0  -1   1  -1   4   1   2   1   0  -3  -1   0   16   6   3   0   0   0   0   0   3   0  11   0  20   8  10  15   4   0   0   5  0.17 0.10
   25 T    -1  -3  -2  -3  -2  -2  -3  -3  -3   2   2  -3   0  -2  -3  -1   4  -3  -2   3    3   0   0   0   0   0   0   0   0   9  24   0   0   0   0   0  41   0   0  23  0.45 0.17
   26 L    -3  -3  -5  -5  -2  -3  -4  -5  -4   0   5  -4   1  -1  -4  -3  -1  -3  -2   0    0   0   0   0   0   0   0   0   0   0  96   0   0   0   0   0   4   0   0   0  0.97 0.22
   27 S     0   0   1  -2  -2  -2  -2  -3  -3  -2  -3  -2  -2  -4  -2   1   6  -4  -3  -2    4   5   7   0   0   0   0   0   0   0   0   0   0   0   0   5  79   0   0   0  0.87 0.23
   28 R    -2   7  -2  -3   0   0  -1  -4   2  -4  -4   2  -3  -4  -3  -1  -2  -4  -3  -4    0  84   0   0   3   0   0   0   5   0   0   4   0   0   0   5   0   0   0   0  1.20 0.24
   29 G    -1  -4  -2  -3  -4  -3  -4   7  -4  -5  -5  -3  -4  -5  -4  -2  -3  -4  -5  -5    0   0   0   0   0   0   0 100   0   0   0   0   0   0   0   0   0   0   0   0  1.71 0.26
   30 E    -2  -1  -2   0  -5   2   7  -4  -1  -5  -4   0  -3  -5  -3  -1  -2  -4  -3  -4    0   0   0   0   0   7  93   0   0   0   0   0   0   0   0   0   0   0   0   0  1.34 0.25
   31 R    -1   5  -1  -2  -3   0   0  -2  -1  -3  -3   3  -2  -3  -2   2  -1  -3  -2  -3    0  51   0   0   0   0   0   0   0   0   0  26   0   0   0  23   0   0   0   0  0.59 0.08

                      K         Lambda
Standard Ungapped    0.1371     0.3180
Standard Gapped      0.0512     0.2670
PSI Ungapped         0.1673     0.3152
PSI Gapped           0.0512     0.2670
