
Last position-specific scoring matrix computed, weighted observed percentages rounded down, information per position, and relative weight of gapless real matches to pseudocounts
            A   R   N   D   C   Q   E   G   H   I   L   K   M   F   P   S   T   W   Y   V   A   R   N   D   C   Q   E   G   H   I   L   K   M   F   P   S   T   W   Y   V
    1 N    -3  -2   8   1  -5  -2  -2  -2  -1  -5  -5  -2  -4  -5  -4  -1  -2  -6  -4  -5    0   0  96   4   0   0   0   0   0   0   0   0   0   0   0   0   0   0   0   0  1.62 0.26
    2 L    -3  -2  -4  -5  -2  -3  -4  -5  -4   1   5  -3   2   1  -4  -3  -1  -3  -2   0    0   2   0   0   0   0   0   0   0   5  80   0   4   4   0   0   2   0   0   2  0.72 0.15
    3 Y    -1  -2  -1  -3  -3  -1  -3  -4  -1   2   0  -1   1   1  -3  -2  -2   2   5   2    4   0   4   0   0   4   0   0   0  17   7   5   3   3   0   0   0   2  34  16  0.34 0.10
    4 Q    -2  -1   0  -2  -5   8   0  -4  -1  -4  -3   0  -2  -4  -3  -2  -2  -4  -1  -4    0   0   3   0   0  92   0   0   0   0   2   0   0   0   0   0   0   0   3   0  1.39 0.26
    5 F    -4  -4  -5  -5  -4  -5  -5  -5  -3   0   0  -5  -1   8  -5  -4  -4  -1   2  -2    0   0   0   0   0   0   0   0   0   3   6   0   0  91   0   0   0   0   0   0  1.52 0.23
    6 K    -1   1   0  -1  -3   1  -1   2  -2  -2  -3   4  -1  -4  -2   2  -1  -4  -3  -3    0   4   2   1   0   3   0  21   0   3   0  43   2   0   0  18   1   0   0   0  0.39 0.11
    7 N    -2   0   6   0  -4   0  -1  -1  -1  -4  -3   0  -3   0  -3   1  -1  -3   1  -4    0   3  63   2   0   2   2   3   0   0   3   6   0   4   0   7   0   0   6   0  0.68 0.15
    8 M    -3  -3  -4  -5  -3  -2  -4  -5  -3   1   2  -3  10  -2  -4  -3  -2  -3  -3  -1    0   0   0   0   0   0   0   0   0   3  10   0  88   0   0   0   0   0   0   0  1.47 0.27
    9 I    -3  -5  -5  -5  -3  -4  -5  -5  -5   7   0  -4   0  -1  -4  -4  -2  -4  -3   2    0   0   0   0   0   0   0   0   0  92   0   0   0   0   0   0   0   0   0   8  1.08 0.21
   10 Q    -2   1  -1  -1  -4   6   2  -2   1  -4  -4   3  -2  -5  -3  -1  -2  -4  -3  -3    0   4   0   0   0  61  12   2   2   0   0  16   0   0   0   1   0   0   0   1  0.84 0.17
   11 C    -2  -6  -5  -6  11  -5  -6  -5  -5  -3  -3  -5  -3  -4  -5  -3  -3  -4  -5  -3    0   0   0   0 100   0   0   0   0   0   0   0   0   0   0   0   0   0   0   0  2.72 0.32
   12 T     4  -3  -2  -3  -2  -2  -2  -2  -3  -2  -2  -2  -2  -3  -2   0   5  -4  -3   0   49   0   0   0   0   0   0   0   0   0   0   0   0   0   0   0  45   0   0   5  0.62 0.16
   13 T    -2  -2   5  -1  -3  -2  -2   3  -1   0  -3  -2  -3  -4   2   0   0  -4  -3  -1    0   0  48   0   0   0   0  22   0   8   0   0   0   0   9   4   5   0   0   3  0.54 0.13
   14 K    -1   2   0  -1  -3  -1  -1  -2  -2  -3  -3   2  -2  -4   2   2   3  -4  -3  -2    0  15   4   3   0   0   0   0   0   0   0  15   0   0  12  20  32   0   0   0  0.41 0.10
   15 R    -3   7  -2  -3  -5   2  -1  -4  -2  -4  -3   1  -3  -4  -3  -2  -2  -4  -3  -4    0  84   0   0   0   8   2   0   0   0   2   3   0   0   0   1   0   0   0   0  1.21 0.21
   16 S     1  -1  -2  -2  -2  -1  -2  -2   0  -2  -1  -1   0  -3   5   3   1  -4  -3  -1    8   3   0   0   0   0   0   0   3   0   5   0   4   0  35  29  10   0   0   3  0.62 0.11
   17 V    -1  -4  -4  -4   2  -3  -4  -3  -4  -3  -1  -4  -2   0  -2   0   1  11   0  -1    6   0   0   0   5   0   0   0   0   0   5   0   0   1   1   7  14  56   0   4  1.49 0.21
   18 L    -1  -1  -3  -4  -2  -2  -3  -2  -3   1   3  -2   0   0  -2  -2  -1   8   1   0    3   3   0   0   0   1   0   2   0   7  36   1   1   1   2   3   4  23   5   5  0.49 0.10
   19 E     1  -2   1   4  -3   0   0  -1   5  -4  -4  -1  -3  -3  -2   1  -1  -4  -2  -3   16   0   4  31   0   1   4   4  24   0   0   2   0   0   0  13   0   0   0   0  0.46 0.11
   20 F    -4  -4  -4  -5  -4  -3  -4  -5   0  -2  -2  -4  -2   6  -5  -4  -3   1   8  -3    0   0   0   0   0   0   0   0   0   0   0   0   0  33   0   0   0   0  67   0  1.51 0.23
   21 M     2  -3  -3  -3  -2  -2  -3  -2  -3   1   1  -2   4  -2  -3  -1   2  -3  -2   3   29   0   0   0   0   0   0   0   0   1   7   0  20   0   0   0  15   0   0  27  0.32 0.11
   22 E    -3  -2   4   6  -5  -1   1  -2  -2  -5  -5   1  -4  -5  -3  -1  -2  -5  -4  -4    0   0  26  60   0   0   3   0   0   0   0   9   0   0   0   2   0   0   0   0  0.98 0.16
   23 Y    -2  -4  -4  -5  -4  -3  -4  -5   0  -3  -3  -4  -3   2  -5  -3  -3   1   9  -3    3   0   0   0   0   0   0   0   0   0   0   0   0   0   0   0   0   0  97   0  1.91 0.28
   24 G    -1  -4  -2  -3  -4  -3  -4   7  -4  -6  -5  -3  -4  -5  -4  -2  -3  -4  -5  -5    0   0   0   0   0   0   0 100   0   0   0   0   0   0   0   0   0   0   0   0  1.68 0.22
   25 C    -1  -5  -5  -6  11  -5  -6  -4  -5  -3  -3  -5  -3  -4  -5  -3  -3  -4  -4  -3    3   0   0   0  97   0   0   0   0   0   0   0   0   0   0   0   0   0   0   0  2.57 0.31
   26 Y    -4  -3  -1  -5  -4  -3  -4  -5   0  -3  -3  -4  -3   2  -5  -3  -3   1   9  -3    0   0   4   0   0   0   0   0   0   0   0   0   0   0   0   0   0   0  96   0  1.88 0.28
   27 C    -2  -6  -5  -6  11  -5  -6  -5  -5  -3  -3  -5  -3  -4  -5  -3  -3  -4  -4  -3    0   0   0   0 100   0   0   0   0   0   0   0   0   0   0   0   0   0   0   0  2.69 0.29

                      K         Lambda
Standard Ungapped    0.1395     0.3318
Standard Gapped      0.0486     0.2670
PSI Ungapped         0.1588     0.3167
PSI Gapped           0.0486     0.2670
