
Last position-specific scoring matrix computed, weighted observed percentages rounded down, information per position, and relative weight of gapless real matches to pseudocounts
           A  R  N  D  C  Q  E  G  H  I  L  K  M  F  P  S  T  W  Y  V   A   R   N   D   C   Q   E   G   H   I   L   K   M   F   P   S   T   W   Y   V
    1 T    0 -1  0 -1 -1 -1 -1 -2 -2 -1 -1 -1 -1 -2 -1  1  5 -3 -2  0    0   0   0   0   0   0   0   0   0   0   0   0   0   0   0   0 100   0   0   0  0.48 0.01
    2 N   -2  0  6  1 -3  0  0  0  1 -3 -4  0 -2 -3 -2  1  0 -4 -2 -3    0   0 100   0   0   0   0   0   0   0   0   0   0   0   0   0   0   0   0   0  0.74 0.01
    3 T    0 -1  0 -1 -1 -1 -1 -2 -2 -1 -1 -1 -1 -2 -1  1  5 -3 -2  0    0   0   0   0   0   0   0   0   0   0   0   0   0   0   0   0 100   0   0   0  0.50 0.01
    4 P   -1 -2 -2 -2 -3 -1 -1 -2 -2 -3 -3 -1 -3 -4  8 -1 -1 -4 -3 -2    0   0   0   0   0   0   0   0   0   0   0   0   0   0 100   0   0   0   0   0  2.07 0.01
    5 E   -1  0  0  2 -4  2  5 -2  0 -3 -3  1 -2 -3 -1  0 -1 -3 -2 -3    0   0   0   0   0   0 100   0   0   0   0   0   0   0   0   0   0   0   0   0  0.76 0.01
    6 Q   -1  1  0  0 -3  6  2 -2  0 -3 -2  1 -1 -3 -1  0 -1 -2 -2 -2    0   0   0   0   0 100   0   0   0   0   0   0   0   0   0   0   0   0   0   0  0.69 0.01
    7 Q   -2 -1  3  5 -3  2  1 -1 -1 -3 -3  0 -2 -3 -2  0 -1 -4 -3 -3    0   0  20  67   0  14   0   0   0   0   0   0   0   0   0   0   0   0   0   0  0.68 0.01
    8 C   -1  5 -1 -2  3  1  0 -2 -1 -3 -2  2 -1 -3 -2 -1 -1 -3 -2 -2    0  86   0   0  14   0   0   0   0   0   0   0   0   0   0   0   0   0   0   0  0.63 0.01
    9 Y   -2 -2 -2 -3 -3 -2 -2 -3  2 -1 -1 -2 -1  3 -3 -2 -2  2  7 -1    0   0   0   0   0   0   0   0   0   0   0   0   0   0   0   0   0   0 100   0  0.91 0.01
   10 L   -2 -2 -4 -4 -1 -2 -3 -4 -3  2  4 -3  2  0 -3 -3 -1 -2 -1  1    0   0   0   0   0   0   0   0   0   0 100   0   0   0   0   0   0   0   0   0  0.47 0.01
   11 Q   -1  1  0  0 -3  5  2 -2  0 -3 -2  2 -1 -3 -1  0 -1 -2 -2 -2    0   0   0   0   0  89   0   0   0   0   0  11   0   0   0   0   0   0   0   0  0.63 0.01
   12 A    3 -2 -2  0 -1 -1 -1 -1 -2  1  0 -1  0 -2 -2  0  0 -3 -2  2   48   0   0   9   0   0   0   0   0   0   0   0   0   0   0   0   0   0   0  43  0.17 0.00
   13 K   -1  2  0  0 -3  1  2 -2 -1 -3 -3  4 -2 -3 -1  0 -1 -3 -2 -2    0   0   0   0   0   0  19   0   0   0   0  81   0   0   0   0   0   0   0   0  0.49 0.01
   14 C   -1  2  0 -1  3  1  0 -2 -1 -3 -2  4 -1 -3 -1  0 -1 -3 -2 -2    0   0   0   0  14   0   0   0   0   0   0  86   0   0   0   0   0   0   0   0  0.44 0.01
   15 Y   -2 -2 -2 -3 -3 -2 -2 -3  2 -1 -1 -2 -1  3 -3 -2 -2  2  7 -1    0   0   0   0   0   0   0   0   0   0   0   0   0   0   0   0   0   0 100   0  0.91 0.01
   16 I   -1 -3 -3 -3 -1 -3 -3 -4 -3  4  2 -3  1  0 -3 -2 -1 -3 -1  2    0   0   0   0   0   0   0   0   0  86  14   0   0   0   0   0   0   0   0   0  0.39 0.01
   17 E   -1  0  0  2 -4  2  5 -2  0 -3 -3  1 -2 -3 -1  0 -1 -3 -2 -3    0   0   0   0   0   0 100   0   0   0   0   0   0   0   0   0   0   0   0   0  0.76 0.01
   18 F   -2 -3 -3 -4 -2 -3 -3 -3 -1  0  1 -3  0  6 -4 -2 -2  1  4 -1    0   0   0   0   0   0   0   0   0   0   9   0   0  77   0   0   0   0  14   0  0.65 0.01
   19 Y   -2 -2 -2 -3 -2 -2 -2 -3  1  0 -1 -2 -1  3 -3 -2 -1  2  7  0    0   0   0   0   0   0   0   0   0   0   0   0   0   0   0   0   0   0  86  14  0.72 0.01
   20 V    0 -2 -3 -3 -1 -2 -3 -3 -3  2  1 -2  2 -1 -3 -2  0 -3 -1  4    0   0   0   0   0   0   0   0   0   0   9   0  10   0   0   0   0   0   0  81  0.32 0.01
   21 V    1 -2 -3 -3 -1 -2 -2 -2 -3  3  1 -2  1 -1 -2 -1  0 -3 -1  3   20   0   0   0   0   0   0   0   0  18   0   0   0   0   0   0   0   0   0  62  0.25 0.00
   22 V    0 -3 -3 -3 -1 -2 -3 -3 -3  3  1 -2  1 -1 -2 -2  0 -3 -1  4    0   0   0   0   0   0   0   0   0   0   0   0   0   0   0   0   0   0   0 100  0.36 0.01

                      K         Lambda
Standard Ungapped    0.1367     0.3259
Standard Gapped      0.0414     0.2670
PSI Ungapped         0.1353     0.3153
PSI Gapped           0.0414     0.2670
