
Last position-specific scoring matrix computed, weighted observed percentages rounded down, information per position, and relative weight of gapless real matches to pseudocounts
           A  R  N  D  C  Q  E  G  H  I  L  K  M  F  P  S  T  W  Y  V   A   R   N   D   C   Q   E   G   H   I   L   K   M   F   P   S   T   W   Y   V
    1 Y   -2 -2 -2 -3 -3 -1 -2 -3  4 -2 -1 -2 -1  3 -3 -2 -2  2  7 -2    0   0   0   0   0   0   0   0  15   0   0   0   0   0   0   0   0   0  85   0  0.84 0.03
    2 R    0  4  0 -1 -3  1  0 -2 -1 -3 -3  3 -2 -3 -1  2  0 -3 -2 -2    0  35   0   0   0   0   0   0   0   0   0  40   0   0   0  25   0   0   0   0  0.43 0.02
    3 G    0 -2  0 -1 -2 -1 -2  5 -2 -4 -4 -1 -3 -3 -2  2 -1 -3 -3 -3    0   0   0   0   0   0   0  75   0   0   0   0   0   0   0  25   0   0   0   0  0.77 0.02
    4 G    0 -3 -1 -2 -3 -2 -2  6 -2 -4 -4 -2 -3 -4  3 -1 -2 -3 -3 -3    0   0   0   0   0   0   0  85   0   0   0   0   0   0  15   0   0   0   0   0  0.98 0.03
    5 Y   -2 -2 -3 -4 -3 -2 -3 -3  1 -1 -1 -2 -1  4 -3 -2 -2  2  7 -1    0   0   0   0   0   0   0   0   0   0   0   0   0  13   0   0   0   0  87   0  0.95 0.04
    6 T    0 -1  0 -1 -1 -1 -1 -2 -2 -1 -2  1 -1 -3 -1  1  5 -3 -2  0    0   0   0   0   0   0   0   0   0   0   0  13   0   0   0   0  87   0   0   0  0.48 0.04
    7 G   -1  4 -1 -2 -3  0 -1  4 -1 -4 -3  1 -2 -3 -2 -1 -2 -3 -2 -3    0  55   0   0   0   0   0  45   0   0   0   0   0   0   0   0   0   0   0   0  0.60 0.03
    8 P   -1 -2 -2 -2 -3 -2 -1 -3 -3 -3 -3 -1 -3 -4  8 -1 -1 -4 -3 -3    0   0   0   0   0   0   0   0   0   0   0   0   0   0 100   0   0   0   0   0  2.15 0.05
    9 I   -2 -3 -3 -4 -2 -3 -3 -4 -2  4  2 -3  1  0 -3 -3 -1 -1  2  2    0   0   0   0   0   0   0   0   0  66  21   0   0   0   0   0   0   0  13   0  0.35 0.02
   10 P   -1  1 -2 -2 -3 -1 -1 -3 -2 -2  0 -1 -1 -3  6 -1  1 -3 -3 -2    0  11   0   0   0   0   0   0   0   0  15   0   0   0  62   0  13   0   0   0  1.04 0.03
   11 R   -2  6 -1 -2 -4  1  0 -2 -1 -3 -3  3 -2 -3 -2 -1 -1 -3 -2 -3    0  79   0   0   0   0   0   0   0   0   0  21   0   0   0   0   0   0   0   0  0.74 0.03
   12 P   -1 -2 -2 -2 -3 -2 -1 -3 -3 -3 -3 -1 -3 -4  8 -1 -1 -4 -3 -3    0   0   0   0   0   0   0   0   0   0   0   0   0   0 100   0   0   0   0   0  2.15 0.05
   13 P   -1 -1 -1 -1 -2 -1 -1 -1 -1 -2 -2 -1 -1 -1  6 -1 -1 -1  2 -1    3   2   2   2   1   1   2   2   1   2   3   2   1   1  53   2   2   0  16   2  0.81 0.01
   14 P   -1 -1 -1 -1 -2 -1 -1 -1 -1  0 -1 -1 -1  1  5 -1 -1 -1  0  0    3   2   2   2   1   1   2   2   1   2   3   2   1  12  43   2   2   0   1  17  0.55 0.01
   15 I   -1  1 -1 -2 -2 -1 -1 -2  3  2  0 -1  0  1 -2 -1 -1 -1  0  1    2  16   1   1   0   1   1   2  14  33   2   1   0  10   1   1   1   0   1  12  0.08 0.01
   16 G    0  1 -1 -2 -2 -1 -1  3 -2 -1  0 -1 -1 -2  3  1  0 -3 -2  0    0  11   0   0   0   0   0  32   0   0  13   0   0   0  15  21   0   0   0   9  0.26 0.01
   17 R   -1  5 -1 -2 -3  0 -1 -3 -1 -1 -2  1 -1 -3  2 -1 -1 -3 -2  0    0  75   0   0   0   0   0   0   0   0   0   0   0   0  11   0   0   0   0  15  0.55 0.03
   18 P   -1 -3 -3 -2 -2 -2 -2 -3 -3 -1 -2 -2 -2 -3  7 -1 -1 -4 -3  1    0   0   0   0   0   0   0   0   0   0   0   0   0   0  75   0   0   0   0  25  1.38 0.03
   19 P   -1 -2 -2 -2 -2 -2 -2 -2 -2  1 -1 -1 -1 -1  6  0 -1 -2  1 -1    0   0   0   0   0   0   0   0   0  20   0   0   0   0  57  12   0   0  11   0  0.91 0.02
   20 F   -2 -2 -3 -4 -2 -2 -3 -3  0  0  2 -3  0  4 -3 -2 -2  1  5  1    0   0   0   0   0   0   0   0   0   0  24   0   0  30   0   0   0   0  34  11  0.45 0.02
   21 R   -1  4  4  0 -3  0 -1  1  0 -3 -3  1 -2 -3 -2  0 -1 -3 -2 -3    0  52  34   0   0   0   0  14   0   0   0   0   0   0   0   0   0   0   0   0  0.49 0.02
   22 P    1 -2 -2 -2 -3 -2 -2  2 -2 -3 -3 -1 -3 -4  7 -1 -1 -4 -3 -2   12   0   0   0   0   0   0  23   0   0   0   0   0   0  66   0   0   0   0   0  1.26 0.03
   23 V   -1 -3 -3 -4  6 -3 -3 -3 -3  3  0 -3  0 -1 -3 -2 -1 -3 -2  3    0   0   0   0  34   0   0   0   0  34   0   0   0   0   0   0   0   0   0  31  0.46 0.02
   24 C   -1 -3 -2 -3  8 -2 -3 -3 -3 -1 -1 -2 -1 -3  4 -1  1 -3 -3  0    0   0   0   0  54   0   0   0   0   0   0   0   0   0  23   0  12   0   0  11  0.78 0.03
   25 N   -1 -1  3  3 -2 -1  0 -1 -1  0  0 -1 -1 -2 -2  1  0 -3 -2  1    0   0  34  20   0   0   0   0   0   0  12   0   0   0   0  11   0   0   0  23  0.21 0.01
   26 A    2 -1 -1 -1 -1 -1 -1 -1 -2  0 -1 -1 -1 -2 -1  3  1 -3 -2  1   34   0   0   0   0   0   0   0   0   0   0   0   0   0   0  46   0   0   0  20  0.25 0.02
   27 C   -1 -4 -3 -4  9 -3 -4 -3 -3 -2 -2 -3 -2 -3 -3 -1 -1 -3 -3 -1    0   0   0   0 100   0   0   0   0   0   0   0   0   0   0   0   0   0   0   0  1.48 0.05
   28 Y   -2  4 -1 -3 -3  0 -1 -3  1 -2 -2  0 -1  1 -3 -1 -2  1  6 -2    0  46   0   0   0   0   0   0   0   0   0   0   0   0   0   0   0   0  54   0  0.59 0.03
   29 R    0  3 -1 -2 -3 -1 -1  5 -2 -4 -3  0 -2 -3 -2 -1 -2 -3 -3 -3    0  34   0   0   0   0   0  66   0   0   0   0   0   0   0   0   0   0   0   0  0.69 0.02
   30 L   -2 -3 -4 -4 -1 -3 -3 -4 -3  4  3 -3  1  0 -3 -3 -1 -2 -1  2    0   0   0   0   0   0   0   0   0  66  34   0   0   0   0   0   0   0   0   0  0.41 0.02
   31 S    0 -1  0 -1 -1 -1 -1 -1 -1 -2 -2 -1 -2 -3  4  3  2 -3 -2 -2    0   0   0   0   0   0   0   0   0   0   0   0   0   0  20  57  23   0   0   0  0.50 0.02
   32 V    0 -2 -1 -2 -1 -2 -2 -2 -2  0  0 -2  0  4 -2  1  2 -1  1  1    0   0   0   0   0   0   0   0   0   0   0   0   0  37   0  20  23   0   0  20  0.21 0.02
   33 S    1 -1  0 -1 -1  0  0 -1 -1 -2 -2  0 -2 -3 -1  4  3 -3 -2 -1    0   0   0   0   0   0   0   0   0   0   0   0   0   0   0  77  23   0   0   0  0.46 0.03
   34 D   -1  0  0  4 -3  4  1 -2 -1 -3 -3  0 -1 -3 -2  0  2 -3 -2 -2    0   0   0  34   0  46   0   0   0   0   0   0   0   0   0   0  20   0   0   0  0.46 0.02
   35 A    4 -2 -2 -2 -1 -1 -1  0 -2 -1 -1 -1 -1 -2 -1  1  0 -3 -2  1   86   0   0   0   0   0   0   0   0   0   0   0   0   0   0   0   0   0   0  14  0.38 0.03
   36 R   -2  6 -1 -2 -4  1  0 -3  0 -3 -2  2 -2 -3 -2 -1 -1 -3 -2 -3    0 100   0   0   0   0   0   0   0   0   0   0   0   0   0   0   0   0   0   0  0.88 0.04
   37 N    0 -1  2 -1 -1 -1 -1 -1 -1  1  1 -1  0 -1 -2  3  0 -3 -2  0    0   0  20   0   0   0   0   0   0  14  20   0   0   0   0  46   0   0   0   0  0.17 0.02
   38 C   -1 -4 -3 -4  9 -3 -4 -3 -3 -2 -2 -3 -2 -3 -3 -1 -1 -3 -3 -1    0   0   0   0 100   0   0   0   0   0   0   0   0   0   0   0   0   0   0   0  1.48 0.05
   39 C   -1 -4 -3 -4  9 -3 -4 -3 -3 -2 -2 -3 -2 -3 -3 -1 -1 -3 -3 -1    0   0   0   0 100   0   0   0   0   0   0   0   0   0   0   0   0   0   0   0  1.48 0.05
   40 I   -1 -2  2 -1 -2 -1 -1 -2 -1  1  0 -1  0  2 -2  1  2 -2  0  0    0   0  14   0   0   0   0   0   0  20   0   0   0  20   0  23  23   0   0   0  0.14 0.01
   41 K   -2  5 -1 -2 -3  1  0 -2 -1 -3 -2  3 -1  1 -2 -1 -1 -2 -1 -2    0  66   0   0   0   0   0   0   0   0   0  20   0  14   0   0   0   0   0   0  0.53 0.02
   42 F   -2 -2 -3 -4 -2 -2 -3 -4 -1  1  3 -3  1  3 -3 -2 -2  0  3  0    0   0   0   0   0   0   0   0   0   0  59   0   0  20   0   0   0   0  20   0  0.40 0.02
   43 G    0 -3 -1 -2 -3 -2 -2  6 -2 -4 -4 -2 -3 -3 -2  0 -2 -3 -3 -3    0   0   0   0   0   0   0 100   0   0   0   0   0   0   0   0   0   0   0   0  1.13 0.03
   44 S   -1  4  0  2 -3  1  0 -2 -1 -3 -3  2 -2 -3 -2  1  0 -3 -2 -3    0  46   0  20   0   0   0   0   0   0   0  14   0   0   0  20   0   0   0   0  0.42 0.02
   45 C   -1 -4 -3 -4  9 -3 -4 -3 -3 -2 -2 -3 -2 -3 -3 -1 -1 -3 -3 -1    0   0   0   0 100   0   0   0   0   0   0   0   0   0   0   0   0   0   0   0  1.48 0.05
   46 C   -1 -4 -3 -4  9 -3 -4 -3 -3 -2 -2 -3 -2 -3 -3 -1 -1 -3 -3 -1    0   0   0   0 100   0   0   0   0   0   0   0   0   0   0   0   0   0   0   0  1.48 0.05
   47 H   -2 -1  0 -1 -3  0  0 -2  9 -4 -3 -1 -2 -2 -3 -1 -2 -3  2 -4    0   0   0   0   0   0   0   0 100   0   0   0   0   0   0   0   0   0   0   0  1.11 0.05
   48 L   -1 -3 -3 -4 -1 -2 -3 -4 -3  2  3 -3  1  0 -3 -2 -1 -2 -1  3    0   0   0   0   0   0   0   0   0   0  52   0   0   0   0   0   0   0   0  48  0.36 0.02
   49 V    2 -2 -2 -2 -1 -2 -2  4 -2  0 -1 -2 -1 -2 -2  0 -1 -3 -2  2   24   0   0   0   0   0   0  40   0   0   0   0   0   0   0   0   0   0   0  36  0.30 0.01
   50 K   -1  2  0 -1 -3  1  1 -2 -1 -3 -3  5 -2 -3 -1  0 -1 -3 -2 -3    0   0   0   0   0   0   0   0   0   0   0 100   0   0   0   0   0   0   0   0  0.58 0.02

                      K         Lambda
Standard Ungapped    0.1500     0.3291
Standard Gapped      0.0434     0.2670
PSI Ungapped         0.1418     0.3242
PSI Gapped           0.0434     0.2670
