
Last position-specific scoring matrix computed, weighted observed percentages rounded down, information per position, and relative weight of gapless real matches to pseudocounts
           A  R  N  D  C  Q  E  G  H  I  L  K  M  F  P  S  T  W  Y  V   A   R   N   D   C   Q   E   G   H   I   L   K   M   F   P   S   T   W   Y   V
    1 M   -2 -2 -3 -4 -2 -1 -3 -4 -2  1  2 -2  8 -1 -3 -2 -1 -2 -2  0    0   0   0   0   0   0   0   0   0   0   0   0 100   0   0   0   0   0   0   0  0.80 0.09
    2 V   -1 -3 -4 -4 -1 -3 -3 -4 -4  4  1 -3  1 -1 -3 -2 -1 -3 -2  4    0   0   0   0   0   0   0   0   0  51   0   0   0   0   0   0   0   0   0  49  0.46 0.04
    3 E   -1 -1 -1  1 -4  2  6 -3 -1 -4 -4  0 -3 -4 -2 -1 -1 -4 -3 -3    0   0   0   0   0   0 100   0   0   0   0   0   0   0   0   0   0   0   0   0  0.95 0.07
    4 A    1 -2 -2 -2 -2 -2 -2 -2 -3 -1 -2 -1 -2 -3  7  0  0 -4 -3  0   19   0   0   0   0   0   0   0   0   3   0   0   0   0  58   2   8   0   0  11  1.00 0.04
    5 L   -2 -3 -4 -4 -2 -3 -3 -4 -3  2  4 -3  2  2 -3 -2 -1 -2 -1  1    0   0   0   0   0   0   0   0   0   9  80   0   0   8   0   2   0   0   0   0  0.46 0.04
    6 L   -2 -3 -4 -4 -2 -3 -3 -4 -3  1  4 -3  2  0  0 -3 -2 -2 -2  1    0   0   0   0   0   0   0   0   0   0  89   0   0   0   6   0   0   0   0   5  0.50 0.04
    7 S    0 -2 -1 -2  5 -1 -2 -2 -2 -1  1 -2 -1  1 -2  3  0 -2 -1 -1    2   0   0   0  18   0   0   0   0   0  19   0   0  10   0  52   0   0   0   0  0.26 0.04
    8 G    0 -3 -1 -2 -3 -2 -3  7 -3 -5 -4 -2 -3 -4 -3 -1 -2 -3 -4 -4    0   0   0   0   0   0   0 100   0   0   0   0   0   0   0   0   0   0   0   0  1.23 0.06
    9 I   -2 -3 -4 -4 -2 -3 -4 -4 -4  5  2 -3  2  0 -3 -3 -1 -3 -2  2    0   0   0   0   0   0   0   0   0  89   4   0   5   0   0   0   0   0   0   3  0.53 0.05
   10 V   -1 -3 -4 -4 -1 -3 -3 -4 -4  3  1 -3  0 -1 -3 -2  0 -3 -2  5    0   0   0   0   0   0   0   0   0   7   0   0   0   0   0   0   0   0   0  93  0.51 0.05
   11 L   -2 -3 -4 -4 -2 -3 -3 -4 -3  1  5 -3  2  0 -1 -3 -2 -2 -2  1    0   0   0   0   0   0   0   0   0   0  93   0   4   0   3   0   0   0   0   0  0.54 0.05
   12 G    0 -3 -1 -2 -3 -2 -3  7 -3 -5 -4 -2 -3 -4 -3 -1 -2 -3 -4 -4    0   0   0   0   0   0   0 100   0   0   0   0   0   0   0   0   0   0   0   0  1.23 0.06
   13 L   -2 -3 -4 -4 -2 -2 -3 -4 -3  1  4 -3  3  1 -3 -2 -1 -2 -1  1    0   0   0   0   0   0   0   0   0   2  80   0  11   5   0   3   0   0   0   0  0.46 0.04
   14 I   -1 -3 -4 -4 -1 -3 -3 -4 -4  5  1 -3  1 -1 -3 -3 -1 -3 -2  3    0   0   0   0   0   0   0   0   0  67   0   0   3   0   0   0   0   0   0  30  0.47 0.04
   15 P   -1 -3 -3 -2 -3 -2 -2 -3 -3 -2 -2 -2 -2 -4  8 -1  0 -4 -3 -1    0   0   0   0   0   0   0   0   0   0   5   0   0   0  86   0   4   0   0   5  1.74 0.06
   16 I   -1 -3 -4 -4 -1 -3 -3 -4 -4  4  1 -3  1 -1 -3 -2 -1 -3 -2  4    0   0   0   0   0   0   0   0   0  54   0   0   0   0   0   0   0   0   0  46  0.47 0.04
   17 T    0 -2  0 -2 -1 -1 -1 -2 -2 -1 -2 -1 -1 -3 -2  1  6 -3 -2 -1    0   0   0   0   0   0   0   0   0   0   0   0   0   0   0   4  96   0   0   0  0.67 0.07
   18 L   -1 -3 -3 -4 -2 -3 -3 -4 -3  3  4 -3  2  0 -3 -2 -1 -2 -2  1    4   0   0   0   0   0   0   0   0  20  71   0   0   0   0   4   0   0   0   0  0.39 0.03
   19 L    3 -2 -2 -2  1 -1 -2 -1 -2  0  1 -1  0 -1 -2  1  0 -3 -2  0   58   0   0   0   3   0   0   0   0   3  18   0   2   3   0   5   4   0   0   4  0.21 0.03
   20 G    0 -3 -1 -2 -3 -2 -3  7 -3 -5 -4 -2 -3 -4 -3 -1 -2 -3 -4 -4    0   0   0   0   0   0   0 100   0   0   0   0   0   0   0   0   0   0   0   0  1.23 0.06
   21 L   -1 -2 -3 -4 -2 -2 -3 -4 -3  1  4 -3  2  0 -3 -1 -1 -2 -2  0    0   0   0   0   0   0   0   0   0   0  90   0   0   0   0  10   0   0   0   0  0.46 0.04
   22 F   -2 -3 -3 -4 -3 -3 -4 -4 -2  0  1 -3  0  7 -4 -2 -2  0  2 -1    0   0   0   0   0   0   0   0   0   0  14   0   0  82   0   4   0   0   0   0  0.76 0.06
   23 V   -1 -3 -3 -4 -1 -3 -3 -4 -3  2  1 -3  1  1 -3 -2  0 -3  0  5    0   0   0   0   0   0   0   0   0   0   0   0   4   7   0   0   3   0   3  83  0.39 0.05
   24 T    3 -2 -1 -1 -1 -1 -1 -1 -2 -1 -2 -1 -1 -3 -1  1  3 -3 -2  0   50   0   0   2   0   0   0   0   0   3   0   0   0   0   0   5  40   0   0   0  0.34 0.04
   25 A    5 -2 -2 -2 -1 -1 -1  0 -2 -2 -2 -1 -1 -3 -1  1  0 -3 -2 -1  100   0   0   0   0   0   0   0   0   0   0   0   0   0   0   0   0   0   0   0  0.58 0.06
   26 Y   -3 -3 -3 -4 -3 -2 -3 -4  1 -2 -2 -3 -2  2 -4 -3 -2  7  8 -2    0   0   0   0   0   0   0   0   0   0   0   0   0   0   0   0   0  19  81   0  1.23 0.07
   27 L   -2  0  1 -2 -2  0 -2 -3 -2  1  3 -1  1  0 -1 -1 -1 -2 -1  0    0   5  12   0   0   7   0   0   0   0  66   3   0   3   3   2   0   0   0   0  0.21 0.03
   28 Q   -1  1  0 -1 -4  7  2 -2  0 -4 -3  1 -1 -4 -2 -1 -1 -3 -2 -3    0   0   0   0   0 100   0   0   0   0   0   0   0   0   0   0   0   0   0   0  0.95 0.08
   29 Y   -2 -2 -3 -4 -3 -2 -3 -4  1 -2 -2 -3 -2  3 -4 -2 -2  2  8 -2    0   0   0   0   0   0   0   0   0   0   0   0   0   0   0   0   0   0 100   0  1.24 0.08
   30 R   -2  5 -1 -2 -4  2  0 -3 -1 -3 -2  3  0 -3 -2 -1 -1 -3 -2 -3    0  61   0   0   0  11   0   0   0   0   2  24   3   0   0   0   0   0   0   0  0.62 0.04
   31 R   -2  7 -1 -2 -4  1  0 -3 -1 -4 -3  2 -2 -4 -3 -1 -2 -3 -2 -3    0  95   0   0   0   5   0   0   0   0   0   0   0   0   0   0   0   0   0   0  0.95 0.07
   32 G    0 -3 -1 -2 -3 -2 -2  6 -2 -4 -4 -2 -3 -4  0  1 -1 -3 -3 -4    0   0   0   0   0   0   0  86   0   0   0   0   0   0   3  11   0   0   0   0  0.97 0.05
   33 D   -1 -1  4  4 -3  0  1  0 -1 -4 -4  0 -3 -4 -2  1 -1 -4 -3 -3    0   0  38  41   0   0   2   5   0   0   0   5   0   0   0  10   0   0   0   0  0.57 0.04
   34 Q    0  2  1  0 -3  5  2 -1  0 -3 -3  2 -1 -4 -2  0 -1 -3 -2 -3    5   7   4   2   0  59   8   2   0   0   0   7   0   0   0   6   0   0   0   0  0.50 0.04
   35 L   -2 -3 -4 -4 -2 -3 -3 -4 -3  2  4 -3  2  2 -3 -2 -1 -2  0  1    0   0   0   0   0   0   0   0   0   5  69   0   6  13   0   2   0   0   0   5  0.40 0.03
   36 D   -1 -1  3  4 -3  0  2  3 -1 -4 -4  0 -3 -4 -2  0 -1 -4 -3 -3    0   0  19  34   0   0  14  30   0   0   0   3   0   0   0   0   0   0   0   0  0.51 0.02
   37 L   -2 -3 -4 -4 -2 -3 -3 -4 -3  3  3 -3  2  2 -3 -3 -1 -2  0  2    0   0   0   0   0   0   0   0   0  23  57   0   3  11   0   0   0   0   0   7  0.37 0.02

                      K         Lambda
Standard Ungapped    0.1525     0.3309
Standard Gapped      0.0410     0.2670
PSI Ungapped         0.1525     0.3309
PSI Gapped           0.0410     0.2670
