
Last position-specific scoring matrix computed, weighted observed percentages rounded down, information per position, and relative weight of gapless real matches to pseudocounts
            A   R   N   D   C   Q   E   G   H   I   L   K   M   F   P   S   T   W   Y   V   A   R   N   D   C   Q   E   G   H   I   L   K   M   F   P   S   T   W   Y   V
    1 M    -1  -2  -3  -4  -2  -1  -3  -4  -2   2   3  -2   5   0  -3  -2  -1  -2  -1   1    0   0   0   0   0   0   0   0   0   8  37   0  55   0   0   0   0   0   0   0  0.38 0.02
    2 E     0   0   3   1  -2   1   3  -1  -1  -3  -3   1  -2  -3  -1   3   1  -3  -2  -2    0   0  19   0   0   0  29   0   0   0   0   6   0   0   0  37   9   0   0   0  0.36 0.02
    3 S     2  -1   2   0  -2   0   0   1  -1  -2  -3  -1  -2  -3  -1   2   2  -3  -2  -2   20   0  18   2   0   0   4  12   0   0   0   0   0   0   0  30  13   0   0   0  0.28 0.02
    4 L    -2  -2  -1  -3   0  -2  -3  -3  -2   2   2  -2   2   3  -1  -2   0  -1   0   1    0   0   6   0   2   0   0   0   0  18  29   0  10  21   3   0   4   0   0   6  0.20 0.01
    5 L    -2  -3  -3  -4   0  -3  -3  -4  -3   2   3  -3   1   3  -3  -2  -1  -1   0   1    0   0   0   0   1   0   0   0   0  14  50   0   0  25   0   2   1   0   0   6  0.35 0.03
    6 L    -2  -3  -4  -4  -2  -3  -3  -4  -3   2   3  -3   2   3  -3  -3  -2  -1   0   1    0   0   0   0   0   0   0   0   0  11  58   0   4  25   0   0   0   0   0   3  0.40 0.03
    7 A     4  -2  -1  -1   0  -1  -1   2  -2  -2  -2  -1  -1  -3  -1   1   0  -3  -2  -1   77   0   2   1   1   0   0  13   0   0   0   0   0   0   0   4   0   0   0   1  0.40 0.04
    8 R    -1   2  -1  -1  -3   2   1  -2  -1  -2   0   4  -1  -3  -2  -1  -1  -3  -2  -2    2   8   0   0   0  12   5   0   0   0  12  59   0   0   0   0   2   0   0   0  0.35 0.03
    9 L    -2  -3  -4  -4  -2  -3  -3  -4  -3   1   5  -3   2   0  -3  -3  -2  -2  -1   1    0   0   0   0   0   0   0   0   0   0 100   0   0   0   0   0   0   0   0   0  0.56 0.04
   10 P    -1  -3  -3  -2  -3  -2  -2  -3  -3  -3  -3  -1  -3  -4   8  -1  -2  -4  -4  -3    0   0   0   0   0   0   0   0   0   0   0   0   0   0 100   0   0   0   0   0  2.18 0.06
   11 E    -1   0  -1   1  -4   2   6  -3   0  -3  -3   0  -2  -4  -2   0  -1  -3  -2  -2    2   0   0   0   0   0  95   0   0   0   0   0   0   0   0   0   0   0   0   2  0.80 0.05
   12 A     4  -2  -2  -2  -1  -1  -1   0  -2  -1  -2  -1  -1  -3   0   1   0  -3  -2   0   90   0   0   0   0   2   0   0   0   3   0   0   0   0   2   0   4   0   0   0  0.43 0.04
   13 Y    -2  -2  -3  -4  -3  -2  -3  -4   1  -2  -1  -2  -1   3  -4  -2  -2   2   8  -2    0   0   0   0   0   0   0   0   0   0   0   0   0   3   0   0   0   0  97   0  1.11 0.06
   14 V     3  -1  -1  -2  -1   1   0  -1  -1  -1  -1   0  -1  -2  -1   1   0  -3  -2   0   61   2   2   0   0  13   0   0   0   0   4   2   0   0   0  12   2   0   0   4  0.26 0.02
   15 V     0  -3  -3  -3  -2  -2  -2  -3  -3   2   1  -2   0   1   4  -1  -1  -2  -1   2   12   0   0   0   0   0   0   0   0  30   6   0   1  11  24   0   0   0   0  15  0.33 0.02
   16 F    -2  -3  -3  -4  -3  -3  -3  -4  -1   0   1  -3   0   7  -4  -2  -2   1   3  -1    0   0   0   0   0   0   0   0   0   0  10   0   0  81   0   4   0   0   4   0  0.72 0.04
   17 S     0   0   3   5  -3   0   1  -1  -1  -3  -3   0  -2  -3  -2   1  -1  -3  -1  -3   14   5  16  48   0   0   0   2   0   0   0   3   0   0   0   9   0   0   3   0  0.42 0.02
   18 P    -1  -3  -2  -2  -3  -2  -2  -3  -1  -3  -3  -1  -3  -4   8  -1  -2  -4  -3  -3    0   0   0   0   0   0   0   0   2   0   0   0   0   0  98   0   0   0   0   0  2.10 0.06
   19 I    -1  -3  -3  -3  -1  -3  -3  -4  -3   4   3  -3   1   0  -3  -2   0  -3  -2   2    2   0   0   0   0   0   0   0   0  60  29   0   0   0   0   0   6   0   0   2  0.35 0.02
   20 V    -1  -3  -3  -4  -1  -3  -3  -4  -4   3   1  -3   1  -1  -3  -2   0  -3  -2   4    0   0   0   0   0   0   0   0   0  16   0   0   0   0   0   0   0   0   0  84  0.44 0.04
   21 D    -2  -2   2   7  -4  -1   1  -2  -1  -4  -4  -1  -4  -4  -2  -1  -1  -5  -4  -4    0   0   5  95   0   0   0   0   0   0   0   0   0   0   0   0   0   0   0   0  1.04 0.05
   22 V    -1  -3  -3  -2  -1  -3  -3  -4  -3   3   1  -3   1   0  -3  -2   0  -3  -1   4    0   0   0   2   0   0   0   0   0  14   0   0   0   5   0   0   0   0   0  79  0.37 0.03
   23 L    -1  -2  -3  -4  -2  -2  -3  -4  -3   1   4  -2   5   0  -3  -2  -1  -2  -1   1    2   0   0   0   0   0   0   0   0   0  62   0  34   2   0   0   0   0   0   0  0.43 0.03
   24 P    -1  -3  -3  -2  -3  -2  -2  -3  -3  -3  -3  -1  -3  -4   8  -1  -2  -4  -4  -3    0   0   0   0   0   0   0   0   0   0   0   0   0   0 100   0   0   0   0   0  2.18 0.06
   25 I     0  -3  -3  -3  -1  -3  -3  -3  -3   3   2  -3   1  -1  -3  -2  -1  -3  -2   3    5   0   0   0   0   0   0   0   0  35  13   0   0   0   0   2   0   0   0  46  0.32 0.02
   26 I    -2  -4  -4  -4  -2  -3  -4  -4  -4   5   1  -3   1   0  -3  -3  -1  -3  -2   3    0   0   0   0   0   0   0   0   0 100   0   0   0   0   0   0   0   0   0   0  0.54 0.04
   27 P    -1  -3  -3  -2  -3  -2  -2  -3  -3  -3  -3  -1  -3  -4   8  -1  -2  -4  -4  -3    0   0   0   0   0   0   0   0   0   0   0   0   0   0 100   0   0   0   0   0  2.18 0.06
   28 V    -1  -3  -4  -4  -1  -3  -3  -4  -3   3   3  -3   1   0  -3  -2  -1  -3  -1   3    0   0   0   0   0   0   0   0   0  12  36   0   0   0   0   0   0   0   0  51  0.36 0.02
   29 F    -2  -3  -4  -4  -2  -3  -4  -4  -2   1   3  -3   1   6  -4  -3  -2   0   2   0    0   0   0   0   0   0   0   0   0   0  44   0   0  56   0   0   0   0   0   0  0.54 0.03
   30 F    -3  -3  -3  -4  -3  -4  -4  -4  -2  -1   0  -4   0   7  -4  -2  -2   1   3  -1    0   0   0   0   0   0   0   0   0   0   0   0   0  97   0   3   0   0   0   0  0.89 0.05
   31 L    -2  -3  -4  -4  -2  -3  -3  -4  -2   1   3  -3   1   5  -4  -3  -2   0   1   0    0   0   0   0   0   0   0   0   0   2  53   0   0  45   0   0   0   0   0   0  0.49 0.03
   32 L     0  -2  -4  -4  -1  -2  -3  -3  -3   1   4  -3   2   0  -3  -2  -1  -2  -1   1   11   0   0   0   0   0   0   0   0   0  89   0   0   0   0   0   0   0   0   0  0.43 0.03
   33 L    -2  -3  -4  -4  -2  -3  -3  -4  -3   1   5  -3   2   0  -3  -3  -2  -2  -1   1    0   0   0   0   0   0   0   0   0   0 100   0   0   0   0   0   0   0   0   0  0.56 0.04
   34 A     5  -2  -2  -2  -1  -1  -1   0  -2  -1  -2  -1  -1  -3  -1   1   0  -3  -2   1   91   0   0   0   0   0   0   0   0   0   0   0   0   0   0   0   0   0   0   9  0.44 0.04
   35 F    -3  -3  -4  -4  -3  -4  -4  -4  -2   0   0  -4   0   7  -4  -3  -3   1   3  -1    0   0   0   0   0   0   0   0   0   0   3   0   0  97   0   0   0   0   0   0  0.92 0.05
   36 V     0  -3  -3  -4  -1  -3  -3  -4  -4   3   1  -3   0  -1  -3  -2   0  -3  -2   5    0   0   0   0   0   0   0   0   0   0   0   0   0   0   0   0   0   0   0 100  0.49 0.04
   37 W    -3  -3  -5  -5  -3  -3  -4  -3  -3  -3  -2  -4  -2   1  -4  -3  -3  12   2  -3    0   0   0   0   0   0   0   0   0   0   0   0   0   0   0   0   0  98   0   2  2.61 0.08
   38 Q    -1   1   0  -1  -4   7   2  -2   0  -3  -3   1  -1  -4  -2   0  -1  -3  -2  -3    0   0   0   0   0 100   0   0   0   0   0   0   0   0   0   0   0   0   0   0  0.87 0.06
   39 A     5  -2  -2  -2  -1  -1  -1   0  -2  -2  -2  -1  -1  -3  -1   1   0  -3  -2  -1   95   0   0   0   0   0   0   0   0   0   0   0   0   0   0   5   0   0   0   0  0.50 0.04
   40 A     4  -1  -1  -1  -1  -1  -1   0  -2  -2  -2  -1  -1  -3  -1   3   0  -3  -2  -1   66   0   0   0   0   0   0   0   0   0   0   0   0   0   0  34   0   0   0   0  0.41 0.03
   41 I     0  -3  -3  -4  -1  -3  -3  -4  -4   3   1  -3   1  -1  -3  -2   0  -3  -2   5    2   0   0   0   0   0   0   0   0   8   0   0   0   0   0   0   0   0   0  91  0.44 0.04
   42 G     0   0   0  -1  -2  -1  -1   4  -2  -3  -3   1  -2  -3  -2   3   0  -3  -3  -3    0   2   0   0   0   0   0  45   0   0   0  13   0   0   0  40   0   0   0   0  0.48 0.02
   43 F    -3  -3  -4  -4  -3  -4  -4  -4  -2   0   0  -4   0   7  -4  -3  -3   1   3  -1    0   0   0   0   0   0   0   0   0   0   0   0   0 100   0   0   0   0   0   0  0.97 0.05
   44 R    -2   6  -1  -2  -4   1   0  -3  -1  -4  -3   3  -2  -3  -2  -1  -1  -3  -2  -3    0  88   0   0   0   0   0   0   0   0   0  12   0   0   0   0   0   0   0   0  0.83 0.04

                      K         Lambda
Standard Ungapped    0.1516     0.3380
Standard Gapped      0.0410     0.2670
PSI Ungapped         0.1516     0.3380
PSI Gapped           0.0410     0.2670
