
Last position-specific scoring matrix computed, weighted observed percentages rounded down, information per position, and relative weight of gapless real matches to pseudocounts
            A   R   N   D   C   Q   E   G   H   I   L   K   M   F   P   S   T   W   Y   V   A   R   N   D   C   Q   E   G   H   I   L   K   M   F   P   S   T   W   Y   V
    1 M    -2  -3  -4  -4  -3  -2  -3  -4  -3   0   1  -3   9  -1  -4  -3  -2  -3  -2   1    0   0   0   0   0   0   0   0   0   0   0   0  94   0   0   0   0   0   0   6  1.28 0.23
    2 A     4  -3  -3  -4  -2  -3  -3   0  -4  -1  -1  -3  -2  -3   2  -1  -1  -4  -3   3   47   0   0   0   0   0   0   7   0   0   2   0   0   0  10   2   2   0   0  31  0.55 0.24
    3 R    -3   8  -3  -5  -6   0  -3  -5  -3  -6  -4   1  -3  -6  -5  -2  -2  -6  -5  -3    1  84   0   0   0   3   0   0   0   0   1   4   0   0   0   2   3   0   0   2  1.88 0.61
    4 E    -2  -2  -2   1  -4   0   2  -4  -2   3  -1   2  -1  -3   1  -2  -2  -5  -3   3    0   0   1   7   0   4  14   1   1  23   1  14   0   0   7   1   1   0   0  25  0.37 0.25
    5 G    -2   0   1  -3  -3   1  -2  -1   0   1  -2   5  -3  -4  -3  -2   1  -5  -4   0    2   2   6   0   0   6   1   4   2  11   3  45   0   0   0   1   9   0   0   7  0.50 0.30
    6 F    -1  -4  -6  -6  -4  -5  -6  -6  -6   6  -1  -5  -2  -1  -5  -5  -2  -5  -4   4    4   1   0   0   0   0   0   0   0  59   1   0   0   2   0   0   1   0   0  32  1.34 0.48
    7 T     0   1   0  -3  -3  -2  -2  -1  -1   2  -2   2  -2  -2  -1   0   4  -4  -2  -1    6   6   3   0   0   1   0   3   2  15   2  18   0   2   2   7  32   0   0   1  0.34 0.25
    8 L    -4  -5  -6  -7  -4  -5  -6  -7  -6  -1   6  -6   2  -1  -4  -5  -4  -5  -4  -2    0   0   0   0   0   0   0   0   0   1  92   0   5   2   1   0   0   0   0   1  1.67 0.57
    9 E     3   0   0  -2  -4   0   4  -1  -3  -1  -2   1  -3  -3  -3  -1  -2  -5  -4   1   26   4   4   0   0   2  35   3   0   3   2   7   0   1   0   2   1   0   0  12  0.45 0.28
   10 C    -4  -6  -3  -6  11  -6  -6  -5  -2  -5  -5  -6  -5  -6  -6   3  -4  -6  -6  -5    0   0   1   0  73   0   0   0   1   0   0   0   0   0   0  24   0   0   0   0  2.77 0.78
   11 T    -1  -2  -1  -1  -4  -1   1  -3  -4  -2  -4  -1  -3  -3  -3   2   6  -5  -4  -1    2   2   2   3   0   3   9   1   0   3   0   3   0   1   0  19  50   0   0   3  0.74 0.38
   12 S     2  -2   0   1  -3   0   4  -1  -1  -2  -3  -1  -3  -4  -3   1  -1  -5  -4   0   22   0   4   7   0   3  38   3   1   2   1   1   0   0   0   8   1   0   0   8  0.50 0.29
   13 C    -1  -5  -3  -1  10  -4  -4   2  -3  -5  -5  -3  -4  -5  -4  -1  -1  -5  -5  -4    5   0   1   5  62   1   1  15   0   0   0   1   0   0   1   3   5   0   0   0  1.92 0.58
   14 K    -2  -1  -1  -3  -4  -3  -3   5   0  -3  -2   3  -4  -5  -4   0   3  -5  -4  -4    1   2   2   0   0   0   0  40   2   1   4  22   0   0   0   4  22   0   0   0  0.74 0.36
   15 M    -1  -1   2   0  -3   1   1   3   0   0  -3  -1   0  -4  -3   2  -1  -4  -3   0    3   3  10   5   0   7   8  21   2   7   1   2   2   0   0  18   2   0   0   9  0.22 0.17
   16 Q    -3   5  -1  -3  -5  -1  -1  -3   4  -2  -4   1  -1   0  -4   2  -2  -4   3  -4    0  41   1   0   0   1   3   1  11   3   0   5   1   4   0  17   0   0   9   0  0.73 0.36
   17 N    -4   4   6  -2  -4  -2  -3  -4  -2  -4  -4  -2  -3   3  -5  -2   0  -4   1  -4    0  22  50   1   0   0   0   0   1   1   1   0   1  14   0   1   5   0   4   0  1.11 0.47
   18 Y    -6  -6  -6  -7  -6  -5  -6  -7  -1  -5  -5  -3  -5   0  -7  -6  -6  -2  10  -5    0   0   0   0   0   0   0   0   1   0   0   2   0   1   0   0   0   0  96   0  3.14 0.89
   19 I    -2  -3   0  -3  -3  -3  -3  -4   0   3   0  -2  -1  -2  -4   1   4   0   1   1    1   0   4   0   0   0   0   0   2  18   7   2   1   1   0  10  36   1   5  11  0.47 0.29
   20 S    -2  -4  -3  -4  -4  -4  -4  -4  -5  -1  -2  -2  -1  -4  -4   0   7  -5  -2   0    2   0   0   0   0   0   0   1   0   3   2   2   1   1   0   6  75   0   1   6  1.39 0.57
   21 K    -1   1   1   0  -4   2   0  -3  -3  -3  -3   2   1  -2  -1   1   4  -3  -2  -2    3   7   6   4   0   9   3   1   0   1   0  13   4   1   3   8  34   0   1   1  0.40 0.26
   22 K    -2   1  -3  -4  -6  -2  -2  -5  -4  -4  -4   7  -4  -6  -4  -3  -3  -1  -5  -3    2   5   0   0   0   0   1   0   0   1   1  85   0   0   0   1   1   1   0   2  1.76 0.63
   23 N    -3  -3   8  -1  -5  -1  -2  -2  -3  -6  -6  -3  -5  -5  -4   1  -3  -6  -5  -5    1   0  77   2   0   3   1   2   0   0   0   0   0   0   0  11   0   0   0   0  1.80 0.59
   24 K    -1   5  -2  -3  -5   0  -1  -2  -3  -3  -4   5  -2  -5   1   0  -2  -5  -4  -3    4  29   1   1   0   2   1   2   0   1   1  43   1   0   6   5   1   0   0   2  0.85 0.37
   25 K    -2   6  -2  -2  -5   1  -1  -2   2  -4  -3   4  -3  -4  -3  -1  -2  -4  -3  -3    2  44   1   1   0   5   2   2   5   0   2  27   0   0   1   3   2   0   1   1  0.87 0.35
   26 L    -2   0   7  -1  -4  -2  -2  -2  -1  -4  -3   1  -2  -5  -2   0   3  -6  -4  -3    3   3  52   1   0   1   0   1   1   0   3   8   1   0   2   4  18   0   0   1  0.94 0.42
   27 H    -2  -1   2   1  -4   0  -1  -3   4  -2  -1   0   2  -3  -2   0   4  -4  -2  -2    2   3  11  10   0   4   2   1  10   1   5   7   8   1   2   4  30   0   0   1  0.36 0.25
   28 P    -1  -3  -3  -2  -4  -1  -2  -2  -4  -3  -4  -1  -4  -5   7  -1   3  -5  -4  -2    4   1   1   2   0   3   2   4   0   1   1   4   0   0  52   3  20   0   0   2  1.21 0.42
   29 E    -2  -2   2   4  -5   0   5   0  -2  -2  -4  -1  -4  -3  -3   0   0  -5  -4  -4    2   1   9  22   0   3  37   8   0   2   0   3   0   1   0   4   7   0   0   0  0.65 0.31
   30 K    -4   7  -3  -4  -7  -1  -3  -5  -4  -6  -5   5  -4  -6  -3  -4  -4  -6  -5  -4    0  62   0   0   0   1   0   0   0   0   0  34   0   0   1   0   0   0   0   1  1.76 0.60
   31 V    -4  -5  -6  -6  -4  -5  -5  -6  -5   3   5  -5   5  -1  -5  -4  -4  -4  -4   0    0   0   0   0   0   0   0   0   0  14  65   0  14   2   0   1   0   0   0   5  1.19 0.45
   32 K    -2  -2  -3  -1  -5   0   6  -5  -3  -3  -4  -1  -1  -6  -4   0   1  -6  -5   0    3   2   0   0   0   3  68   0   0   2   1   2   1   0   0   6   7   0   0   6  1.16 0.49
   33 L    -2  -4  -5  -6  -3  -3  -5  -6  -5   2   5  -2   3   1  -5  -4  -2  -4  -3   2    2   0   0   0   0   0   0   0   0  11  57   3   8   5   0   0   1   0   0  12  0.83 0.35
   34 S    -3   3   3  -3  -5  -1  -2  -4  -3  -3  -4   6   2  -5  -2  -1  -2  -6  -4  -5    1  14  15   0   0   2   1   0   0   1   1  55   6   0   1   3   2   0   0   0  1.04 0.45
   35 K    -4   0  -4  -4  -7  -2  -3  -5  -4  -6  -6   8  -1  -7  -5  -4  -4  -7  -5  -6    0   2   0   0   0   0   0   0   0   0   0  97   2   0   0   0   0   0   0   0  2.29 0.75
   36 Y    -5  -6  -6  -7  -6  -6  -6  -7   0  -4  -4  -6  -4   7  -7  -5  -5  -2   8  -4    0   0   0   0   0   0   0   0   2   0   0   0   0  49   0   0   0   0  49   0  2.32 0.69
   37 C    -4  -6   1   4  10  -5  -5  -6  -6  -5  -5  -6  -5  -6  -6  -2  -4  -6  -6  -5    0   0   6  24  67   0   0   0   0   0   0   0   0   0   0   3   0   0   0   0  2.52 0.73
   38 S    -3   1  -3  -4  -4  -2  -3  -5  -2  -6  -6   3  -5  -4   7   0  -3  -6  -5  -5    1   8   0   0   0   1   0   0   1   0   0  17   0   1  62   8   1   0   0   0  1.68 0.56
   39 K    -2   2   0  -3  -3  -1  -2  -4   4   0  -2   2  -1   1  -4  -2   0   0   3   2    2  15   5   0   0   2   0   0  12   4   1  15   1   7   0   1   6   1  10  18  0.32 0.22
   40 C     0  -6  -5  -2  10  -5  -1  -5  -6  -1   1  -5  -2  -5  -5  -3  -3  -5  -5   1    8   0   0   3  56   0   4   0   0   3  13   0   0   0   0   1   1   0   0  11  1.64 0.53
   41 S    -3   5   4  -3  -3   0  -2   1   1  -5  -4   2  -4  -4  -4  -2  -3  -5   1  -4    0  35  26   0   1   2   0  11   3   0   1  14   0   0   0   2   0   0   5   0  0.83 0.38
   42 K    -1   2  -3  -3  -5   1  -1  -3  -2  -4  -5   7  -2  -6  -4  -1  -1  -6  -4  -4    4  10   0   0   0   6   3   2   1   0   0  65   1   0   0   4   2   0   0   1  1.16 0.47
   43 H    -4  -1  -3  -5  -6  -1  -4  -6  10  -5  -6  -1  -1  -4  -5  -2  -4  -5   2  -1    1   3   0   0   0   2   0   0  74   0   0   3   2   0   0   3   1   0   5   6  2.25 0.70
   44 S    -2  -3  -4  -4  -2  -2  -3  -5  -5  -2  -3  -2  -1  -5  -4  -2   7  -6  -4   4    1   1   0   0   1   1   1   0   0   1   0   2   1   0   0   1  65   0   0  26  1.30 0.55
   45 V    -1  -3  -3  -1  -3  -2   0  -4  -4   3   3  -2   1  -2  -2  -3  -1  -1  -3   2    4   0   0   3   0   1   8   0   0  24  32   3   4   1   1   1   4   1   0  14  0.38 0.22
   46 H    -5  -4  -4  -5  -2  -4  -4  -6  10  -6  -5  -5  -5   4  -6  -5  -5  -4   4  -6    0   0   0   0   1   0   0   0  71   0   0   0   0  17   0   0   0   0  11   0  2.56 0.75
   47 K    -2   4  -1  -2  -5   0  -2  -1  -2  -3  -3   6  -4  -5  -4  -2  -1  -5  -4  -2    2  26   1   1   0   3   0   5   0   1   2  52   0   0   0   1   3   0   0   3  0.98 0.41
   48 E    -4  -4  -4  -2  -7   0   8  -6  -4  -7  -7  -3  -6  -7  -5  -4  -4  -7  -6  -6    0   0   0   0   0   2  98   0   0   0   0   0   0   0   0   0   0   0   0   0  2.37 0.75
   49 R     0  -2  -3  -3  -3  -2   0  -1  -4   3  -2   0   0  -3  -3   1   4  -5  -4   0    9   1   0   0   0   0   6   5   0  22   1   5   2   0   0   7  37   0   0   5  0.45 0.28
   50 K    -4   3  -3  -4  -6  -2  -2  -5  -4  -6  -6   7  -5  -6  -4  -3  -4  -6  -5  -6    0  15   0   0   0   0   0   0   0   0   0  85   0   0   0   0   0   0   0   0  1.95 0.63

                      K         Lambda
Standard Ungapped    0.1245     0.3152
Standard Gapped      0.0560     0.2670
PSI Ungapped         0.1829     0.3171
PSI Gapped           0.0560     0.2670
