
Last position-specific scoring matrix computed, weighted observed percentages rounded down, information per position, and relative weight of gapless real matches to pseudocounts
           A  R  N  D  C  Q  E  G  H  I  L  K  M  F  P  S  T  W  Y  V   A   R   N   D   C   Q   E   G   H   I   L   K   M   F   P   S   T   W   Y   V
    1 A    4 -1 -1 -1 -1 -1 -1  0 -2 -2 -2 -1 -1 -3 -1  3  0 -3 -2 -1   68   0   0   0   0   0   0   0   0   0   0   0   0   0   0  32   0   0   0   0  0.41 0.03
    2 E   -1  0 -1  1 -4  2  6 -2  0 -4 -3  1 -2 -4 -1  0 -1 -3 -2 -3    0   0   0   0   0   0 100   0   0   0   0   0   0   0   0   0   0   0   0   0  0.88 0.05
    3 V    0 -3 -3 -4 -1 -3 -3 -4 -3  2  1 -3  0 -1 -3 -2  0 -3 -1  5    0   0   0   0   0   0   0   0   0   0   0   0   0   0   0   0   0   0   0 100  0.48 0.05
    4 L   -2 -2 -4 -4 -2 -2 -3 -4 -3  1  4 -3  2  0  2 -2 -1 -2 -1  0    0   0   0   0   0   0   0   0   0   0  89   0   0   0  11   0   0   0   0   0  0.48 0.03
    5 M   -1  3 -2 -3 -2  0 -1 -3 -1  0  1  1  6 -1 -3 -1 -1 -2 -2  0    0  24   0   0   0   0   0   0   0   0   0  11  65   0   0   0   0   0   0   0  0.35 0.05
    6 D   -2 -1  0  5 -4  0  3 -2 -1 -3 -4  0 -3 -4  2  0 -1 -4 -3 -3    0   0   0  57   0   0  32   0   0   0   0   0   0   0  11   0   0   0   0   0  0.74 0.03
    7 F   -2 -3 -3 -4 -3 -3 -4 -4 -2  0  1 -3  0  6 -4 -3 -2  1  3 -1    0   0   0   0   0   0   0   0   0   0  11   0   0  89   0   0   0   0   0   0  0.81 0.05
    8 P   -1  1 -2 -2 -3 -1 -1 -3 -2 -3 -3 -1 -3 -4  7 -1 -1 -4 -3 -3    0  11   0   0   0   0   0   0   0   0   0   0   0   0  89   0   0   0   0   0  1.85 0.05
    9 Q   -1  0  0  1 -4  3  4 -2  0 -3 -3  1 -2 -3 -1  0  0 -3 -2 -2    0   0   0   0   0  23  64   0   0   0   0   8   0   0   0   0   5   0   0   0  0.61 0.03
   10 L   -2 -2 -4 -4 -2 -2 -3 -4 -3  1  4 -3  2  0 -3 -3 -1 -2 -1  1    0   0   0   0   0   0   0   0   0   0 100   0   0   0   0   0   0   0   0   0  0.56 0.04
   11 T    0 -1  0 -1 -1 -1 -1 -2  2 -1 -1 -1 -1 -1 -1  1  4 -2  1 -1    1   0   0   0   0   0   1   1   7   0   1   1   0   0   0  10  67   0   8   1  0.34 0.03
   12 M   -1 -2 -2 -3  1 -1 -2 -3 -2  2  1 -2  4  1 -2 -1  1 -2 -1  2    0   0   0   0   4   0   0   0   0  11   0   0  41   9   0   0  15   0   0  16  0.20 0.03
   13 T   -1  0  0  1 -2  1  3 -2 -1 -2 -2  1 -1 -3 -1  1  3 -3 -2 -1    1   0   0   5   0   0  38   1   0   0   1   7   0   0   0   1  43   0   0   1  0.34 0.02
   14 L   -1 -2 -2 -2 -1 -1  0 -3 -2  2  2 -2  2 -1 -2 -2 -1 -2 -1  3    1   0   0   0   0   0  10   1   0  21  21   0   8   0   0   1   0   0   0  35  0.19 0.01
   15 P    0 -1 -1 -1 -1 -1 -1  1 -1  0 -1 -1 -1 -1  4  0  0 -1 -1  0    4   3   2   3   1   2   3  16   1  12   5   3   1   2  26   4   3   1   2   8  0.26 0.00
   16 D   -1 -1  2  5 -3  0  2  1 -1 -3 -4 -1 -3 -3 -2  1 -1 -4 -3 -3    0   0  14  58   0   0   8   8   0   0   0   0   0   0   0  13   0   0   0   0  0.60 0.03
   17 G    0 -2 -1 -1 -2 -2 -2  6 -2 -3 -3 -1 -2 -3 -2  0 -2 -2 -3 -3    1   1   1   1   0   1   1  89   0   1   1   1   0   0   1   1   1   0   0   1  0.92 0.03
   18 R   -1  4 -1 -2 -3  1  0 -2 -1 -1 -2  3 -1 -3 -2 -1  0 -3 -2  0    0  52   0   0   0   0   0   0   0   0   0  24   0   0   0   0   9   0   0  16  0.40 0.03
   19 E   -1  0  0  1 -3  1  3 -2 -1 -2 -2  2 -2 -3  1  0  2 -3 -2 -1    0   0   0   8   0   0  40   0   0   0   0  23   0   0   5   0  20   0   0   4  0.35 0.02
   20 E   -1 -1  0  2 -4  1  5 -2 -1 -3 -3  0 -2 -3 -1  0  0 -3 -2 -3    0   0   0   8   0   0  83   0   0   0   0   0   0   0   0   0   8   0   0   0  0.70 0.04
   21 S    0 -1  0 -1 -2 -1 -1 -1 -2 -3 -3 -1 -2 -3  5  4  1 -3 -2 -2    0   0   0   0   0   0   0   0   0   0   0   0   0   0  35  65   0   0   0   0  0.74 0.04
   22 V   -1 -3 -3 -3 -1 -3 -3 -4 -4  4  1 -3  1  0 -3 -2 -1 -3 -2  3    0   0   0   0   0   0   0   0   0  80   0   0   0   0   0   0   0   0   0  20  0.46 0.04
   23 M   -1 -2 -3 -4 -2 -1 -2 -3 -2  1  2 -2  7  0 -3 -2 -1 -2 -1  0    0   0   0   0   0   0   0   0   0   0   0   0 100   0   0   0   0   0   0   0  0.65 0.07
   24 K   -1  2  0 -1 -3  2  2 -2 -1 -3 -3  5 -2 -3 -1  0 -1 -3 -2 -3    0   0   0   0   0   7  11   0   0   0   0  82   0   0   0   0   0   0   0   0  0.57 0.04
   25 R   -2  6 -1 -2 -4  1  0 -3 -1 -3 -1  2 -1 -3 -2 -1 -1 -3 -2 -3    0  95   0   0   0   0   0   0   0   0   5   0   0   0   0   0   0   0   0   0  0.81 0.05
   26 T    0 -1  0 -1 -1 -1 -1 -2 -2 -1 -2 -1 -1 -2 -1  1  5 -3 -2  0    0   0   0   0   0   0   0   0   0   0   0   0   0   0   0   0 100   0   0   0  0.63 0.05
   27 T    2 -2 -1 -2  3 -1 -1 -1 -2  0 -1 -1 -1 -2 -2  1  3 -3 -2  1   24   0   0   0  12   0   0   0   0   0   5   0   0   0   0   0  51   0   0   8  0.29 0.03
   28 L   -2 -2 -4 -4 -2 -2 -3 -4 -3  1  4 -3  2  0 -3 -3 -1 -2 -1  1    0   0   0   0   0   0   0   0   0   0 100   0   0   0   0   0   0   0   0   0  0.56 0.04
   29 V    0 -3 -3 -4 -1 -3 -3 -4 -3  3  1 -3  1 -1 -3 -2  0 -3 -1  4    0   0   0   0   0   0   0   0   0   6   0   0   0   0   0   0   0   0   0  94  0.46 0.04
   30 A    5 -2 -2 -2 -1 -1 -1  0 -2 -2 -2 -1 -1 -3 -1  1  0 -3 -2  0  100   0   0   0   0   0   0   0   0   0   0   0   0   0   0   0   0   0   0   0  0.52 0.04

                      K         Lambda
Standard Ungapped    0.1306     0.3182
Standard Gapped      0.0402     0.2670
PSI Ungapped         0.1312     0.3156
PSI Gapped           0.0402     0.2670
