
Last position-specific scoring matrix computed, weighted observed percentages rounded down, information per position, and relative weight of gapless real matches to pseudocounts
            A   R   N   D   C   Q   E   G   H   I   L   K   M   F   P   S   T   W   Y   V   A   R   N   D   C   Q   E   G   H   I   L   K   M   F   P   S   T   W   Y   V
    1 M    -3  -3  -4  -5  -3  -2  -4  -4  -3   0   1  -3   9  -2  -4  -3  -2  -3  -3  -1    0   0   0   0   0   0   0   0   0   0   0   0 100   0   0   0   0   0   0   0  1.75 0.29
    2 S     0  -2  -1  -2  -2  -1  -1  -2  -2  -4  -4  -1  -3  -4  -2   6   0  -4  -3  -3    0   0   0   0   0   0   0   0   0   0   0   0   0   0   0 100   0   0   0   0  1.11 0.22
    3 D    -3  -3   0   7  -5  -2   0  -3  -2  -5  -5  -2  -5  -5  -3  -2  -2  -6  -5  -5    0   0   0 100   0   0   0   0   0   0   0   0   0   0   0   0   0   0   0   0  1.70 0.23
    4 I    -3  -4  -5  -5  -3  -4  -5  -5  -5   7   0  -4   0  -1  -4  -4  -2  -4  -3   2    0   0   0   0   0   0   0   0   0 100   0   0   0   0   0   0   0   0   0   0  1.17 0.21
    5 N    -3  -2   8   0  -4  -1  -2  -2  -1  -5  -5  -2  -4  -5  -3  -1  -1  -5  -4  -4    0   0 100   0   0   0   0   0   0   0   0   0   0   0   0   0   0   0   0   0  1.63 0.24
    6 A     5  -2  -2  -3  -1  -2  -2   1  -3  -2  -2  -2  -2  -3  -2   0   2  -4  -3   0   71   0   0   0   0   0   0   6   0   0   0   0   0   0   0   0  17   0   0   6  0.57 0.14
    7 T     1  -2  -1  -2  -2  -2  -2  -2  -3   0  -2  -2  -2  -3  -2   1   6  -4  -3  -1   16   0   0   0   0   0   0   0   0   6   0   0   0   0   0   2  76   0   0   0  0.76 0.17
    8 R    -3   7  -2  -3   2   0  -1  -4  -2  -4  -3   1  -3  -4  -4  -2  -2  -4  -3  -4    0  95   0   0   5   0   0   0   0   0   0   0   0   0   0   0   0   0   0   0  1.42 0.22
    9 L    -1  -3  -4  -5  -2  -3  -4  -4  -4   1   5  -3   1  -1  -4  -3  -2  -3  -2   0    6   0   0   0   0   0   0   0   0   0  90   0   0   0   0   0   0   0   0   3  0.79 0.15
   10 P    -3  -4  -4  -3  -5  -3  -3  -4  -4  -5  -5  -3  -5  -6   9  -3  -3  -6  -5  -4    0   0   0   0   0   0   0   0   0   0   0   0   0   0 100   0   0   0   0   0  2.79 0.40
   11 A     1  -3  -2  -3  -2  -2  -2   0   2   3   1  -2   0   1  -3  -1  -1  -2   1   1   15   0   0   0   0   0   0   9  10  31   9   0   0   6   0   4   0   0   4  11  0.18 0.10
   12 W    -2  -4  -4  -5  -3  -3  -4  -2  -3   2   0  -4   1   3  -1  -3  -3   9   1   0    3   0   0   0   0   0   0   2   0  15   7   0   4  17   4   0   0  39   3   5  1.14 0.24
   13 L    -1  -3  -3  -3  -2  -1  -2   0  -2   1   2  -2   0   3  -2  -1  -1  -2   1   1    3   0   0   0   0   4   2  10   0   8  33   0   0  15   2   5   0   0   3  14  0.19 0.09
   14 V     1  -1  -3  -3  -2  -2  -3  -1  -3   2   1  -2   0   2   3  -2  -1  -3  -1   1   18   5   0   0   0   0   0   6   0  23  15   0   0  10  14   0   1   0   0   8  0.22 0.10
   15 D    -1  -3  -2   0  -3  -2  -1   2  -2   0   0  -2   0  -1   4  -1   0  -2   3  -1    0   0   0   7   0   0   2  17   0   7   9   0   4   0  23   4   9   0  15   3  0.31 0.11
   16 C    -2  -3  -3  -3   6  -1  -3  -4  -3   1  -1  -3   0   2   4   0  -2  -3   0   0    0   0   0   0  26   4   0   0   0  14   3   0   3  11  21   8   0   0   3   5  0.57 0.17
   17 P    -3  -4  -4  -4  -5  -3  -3  -4  -4  -4  -2  -3  -4  -5   8  -3  -3  -6  -5  -4    0   0   0   0   0   0   0   0   0   0   5   0   0   0  95   0   0   0   0   0  2.56 0.41
   18 C    -2  -5  -4  -5  10  -4  -5  -4  -4  -3  -3  -4  -3   0  -4  -1  -3  -3   1  -3    0   0   0   0  82   0   0   0   0   0   0   0   0   5   0   4   0   0   5   0  2.19 0.38
   19 V     0  -4  -4  -4  -2  -3  -4  -4  -4   3   0  -3  -1  -2  -3  -3  -1  -4  -2   6    6   0   0   0   0   0   0   0   0  14   0   0   0   0   0   0   2   0   0  75  0.82 0.23
   20 G    -1  -3   1  -2  -4  -3  -3   6  -3  -5  -5  -2  -4  -4  -3   3  -2  -4  -4  -4    0   0   6   0   0   0   0  70   0   0   0   0   0   0   0  25   0   0   0   0  1.15 0.26
   21 D    -4  -3   0   8  -6  -2   1  -3  -3  -5  -6  -2  -5  -6  -3  -2  -3  -6  -5  -5    0   0   0  95   0   0   5   0   0   0   0   0   0   0   0   0   0   0   0   0  1.88 0.37
   22 D     0  -3   0   6  -4  -1   1   0  -2  -3  -4  -2  -3  -4  -3  -1  -2  -4  -4  -1    8   0   3  70   0   0   5   6   0   0   1   0   0   0   0   1   0   0   0   5  0.99 0.23
   23 V     0  -3  -1   1   1  -3  -3  -4  -4   4   0  -3  -1  -2  -3  -2   0  -4  -3   4    7   0   3  11   3   0   0   0   0  34   0   0   0   0   0   0   5   0   0  36  0.41 0.16
   24 N    -1  -2   5   3  -4   2   3  -2  -1  -2  -4  -1  -3  -4  -3   0   0  -4  -3  -2    4   0  36  17   0   8  20   0   0   3   0   0   0   0   0   2   7   0   0   3  0.55 0.17
   25 R     1   0  -1  -2  -2  -1  -2  -2   0   0   1  -2   3   1   2   1   0  -3  -1   0   16   5   2   0   0   0   0   0   2   2  11   0  18   9  12  14   3   0   0   6  0.17 0.10
   26 L    -1  -3  -3  -3  -2  -3  -3  -4  -4   1   2  -3   0  -2  -3  -1   4  -4  -2   3    3   0   0   0   0   0   0   0   0   7  24   0   0   0   0   0  42   0   0  24  0.49 0.19
   27 L    -3  -4  -5  -5  -3  -4  -4  -5  -4   0   6  -4   1  -1  -4  -4  -1  -3  -2   0    0   0   0   0   0   0   0   0   0   0  97   0   0   0   0   0   3   0   0   0  1.06 0.24
   28 T     0   0   1  -2  -2  -2  -2  -3  -3  -2  -3  -2  -2  -4  -3   1   6  -4  -3  -2    4   5   8   0   0   0   0   0   0   0   0   0   0   0   0   6  77   0   0   0  0.91 0.24
   29 R    -3   7  -2  -3   0   0  -2  -4   2  -4  -4   1  -3  -4  -4  -1  -2  -4  -3  -4    0  83   0   0   3   0   0   0   5   0   0   5   0   0   0   4   0   0   0   0  1.28 0.26
   30 G    -1  -4  -2  -3  -4  -3  -4   7  -4  -5  -5  -3  -4  -5  -4  -2  -3  -4  -5  -5    0   0   0   0   0   0   0 100   0   0   0   0   0   0   0   0   0   0   0   0  1.80 0.29
   31 E    -2  -1  -2   0  -5   2   7  -4  -1  -5  -4   0  -3  -5  -3  -1  -2  -4  -3  -4    0   0   0   0   0   7  93   0   0   0   0   0   0   0   0   0   0   0   0   0  1.38 0.26

                      K         Lambda
Standard Ungapped    0.1404     0.3232
Standard Gapped      0.0524     0.2670
PSI Ungapped         0.1711     0.3146
PSI Gapped           0.0524     0.2670
