
Last position-specific scoring matrix computed, weighted observed percentages rounded down, information per position, and relative weight of gapless real matches to pseudocounts
           A  R  N  D  C  Q  E  G  H  I  L  K  M  F  P  S  T  W  Y  V   A   R   N   D   C   Q   E   G   H   I   L   K   M   F   P   S   T   W   Y   V
    1 M   -2 -3 -3 -4 -3 -2 -3 -4 -3  0  1 -3  9 -1 -4 -3 -2 -3 -2  0    0   0   0   0   0   0   0   0   0   0   0   0 100   0   0   0   0   0   0   0  1.34 0.20
    2 I   -1 -3 -2 -3 -2 -2 -2 -3 -3  4  0 -2  0 -2 -2  0  4 -3 -2  1    0   0   0   0   0   0   0   0   0  42   0   0   0   0   0   0  55   0   0   3  0.51 0.11
    3 K   -2  3 -1 -2 -4  1  0 -2 -1 -4 -3  6 -2 -4 -2 -1 -2 -4 -3 -3    0  14   0   0   0   0   0   0   0   0   0  86   0   0   0   0   0   0   0   0  0.89 0.13
    4 S    0 -2  0 -1 -2 -1 -1 -1 -2 -3 -3 -1 -2 -3 -2  6  1 -4 -3 -3    0   0   0   0   0   0   0   0   0   0   0   0   0   0   0 100   0   0   0   0  0.90 0.15
    5 E   -2 -1 -1  1 -5  1  6 -3 -1 -4 -4  0 -3 -4 -2 -1 -2 -4 -3 -3    0   0   0   0   0   0 100   0   0   0   0   0   0   0   0   0   0   0   0   0  1.21 0.15
    6 L   -2 -3 -4 -5 -2 -3 -4 -5 -4  1  5 -3  1  0 -4 -3 -2 -2 -2  0    0   0   0   0   0   0   0   0   0   0 100   0   0   0   0   0   0   0   0   0  0.82 0.12
    7 V   -2 -4 -4 -4 -2 -3 -4 -4 -4  5  1 -3  0 -1 -3 -3 -1 -3 -2  4    0   0   0   0   0   0   0   0   0  67   0   0   0   0   0   0   0   0   0  33  0.67 0.10
    8 Q    2 -1 -1  1 -3  4  4 -2 -1 -3 -2  0 -2 -3 -2  0 -1 -3 -2 -2   25   0   0   7   0  31  34   0   0   0   3   0   0   0   0   0   0   0   0   0  0.47 0.08
    9 I    0  3  0 -1 -2  0  0 -2 -1  1 -1  2 -1  0 -2  0  0 -3 -1  0    7  23   6   0   0   3   3   0   0  21   0  18   0   5   0  10   2   0   0   4  0.14 0.04
   10 V   -2 -3 -4 -4 -2 -3 -4 -4 -4  4  4 -3  1  0 -3 -3 -1 -3 -2  2    0   0   0   0   0   0   0   0   0  35  53   0   0   0   0   0   0   0   0  11  0.53 0.08
   11 A    5 -2 -2 -2 -1 -1 -1 -1 -2 -2 -2  0 -2 -3 -2  1 -1 -3 -3 -1   91   0   0   0   0   0   0   0   0   0   0   4   0   0   0   5   0   0   0   0  0.69 0.12
   12 A    2  0  1  2 -2  1  2  1 -1 -3 -3  0 -2 -3 -2  1  0 -3 -2 -2   28   7   5  12   0   5  18  10   0   0   0   0   0   0   0  15   2   0   0   0  0.26 0.04
   13 R    0  4 -1  0 -3  1  2 -2  1 -3 -3  3 -2 -3 -2  0  0 -3 -2 -2    9  31   0   4   0   4  17   0   5   0   0  24   0   0   0   0   6   0   0   0  0.40 0.06
   14 N   -2 -1  6  0 -3  3 -1 -2  2 -3 -3 -1 -2  0 -3  0 -1 -2  2 -3    0   0  62   0   0  18   0   0   4   0   0   0   0   4   0   0   0   0  12   0  0.68 0.11
   15 P   -2 -3 -3 -2 -4  0 -2 -3 -3 -4 -4 -2 -3 -5  8 -1 -2 -5 -4 -3    0   0   0   0   0   4   0   0   0   0   0   0   0   0  92   4   0   0   0   0  2.15 0.16
   16 H   -2 -1  1 -2 -4  3 -1 -3  8 -4 -4 -1 -2 -2 -3 -2 -2 -3  2 -4    0   0   6   0   0  15   0   0  74   0   0   0   0   0   0   0   0   0   5   0  1.22 0.15
   17 L   -2 -3 -4 -4 -2 -3 -4 -4 -4  1  5 -3  1  0 -4 -3 -2 -2 -2  1    0   0   0   0   0   0   0   0   0   0  94   0   0   0   0   0   0   0   0   6  0.75 0.11
   18 Y    1 -2 -2 -2 -2 -2 -2 -1  1 -1  0 -2 -1  2  2  0  1  0  4 -1   15   0   0   0   0   0   0   4   5   0   7   0   0  13  10   9  10   0  25   3  0.24 0.05
   19 H    0  0 -1 -2 -3  3  1 -2  3 -1  0  0 -1 -2  1  0  0 -2  0 -1   11   5   0   0   0  31   4   0  14   3  16   0   0   0   6   3   4   0   4   0  0.21 0.06
   20 R   -2  6 -1 -2 -4  0  0 -3 -1 -4 -3  4 -2 -4 -2 -1 -2 -4 -3 -3    0  67   0   0   0   0   0   0   0   0   0  33   0   0   0   0   0   0   0   0  0.94 0.12
   21 D   -1 -2  0  7 -4 -1  1 -2  0 -4 -4 -2 -4 -4 -2 -1 -2 -5 -4 -4    4   0   0  93   0   0   0   0   3   0   0   0   0   0   0   0   0   0   0   0  1.27 0.14
   22 V    1 -3 -3 -3 -1 -3 -3 -3 -3  2  0 -3  0 -2 -3 -1  1 -3 -2  4   13   0   0   0   0   0   0   0   0  12   0   0   0   0   0   0   7   0   0  69  0.45 0.09
   23 E   -2 -1 -1  2 -5  1  6 -3 -1 -4 -4  0 -3 -4 -2 -1 -2 -4 -3 -3    0   0   0   8   0   0  92   0   0   0   0   0   0   0   0   0   0   0   0   0  1.10 0.14
   24 N   -2  2  3  1 -3  0 -1 -2  2 -1  1  1 -1 -2 -3 -1  0 -3  0 -1    0  21  27   7   0   0   0   0   6   4  20   6   0   0   0   0   4   0   4   0  0.20 0.05
   25 I    3 -3 -3 -3 -1 -2 -2 -2 -3  4  0 -2  0 -2 -2  0 -1 -3 -2  1   41   0   0   0   0   0   0   0   0  46   0   0   0   0   0   8   0   0   0   5  0.32 0.08
   26 V   -1 -3 -4 -4 -2 -3 -3 -4 -4  2  0 -3  0 -2 -3 -3 -1 -4 -2  5    0   0   0   0   0   0   0   0   0   6   0   0   0   0   0   0   0   0   0  94  0.76 0.13
   27 N   -1  0  4  1 -3  1  0  0 -1 -3 -3  4 -2 -4 -2  1  0 -4 -3 -3    0   0  31   5   0   3   0   7   0   0   0  44   0   0   0   8   3   0   0   0  0.46 0.08
   28 A    2 -1 -1  0 -2 -1  1 -2 -2 -1 -2  0 -1 -3 -2  1  4 -3 -2  0   23   0   0   6   0   0  10   0   0   0   0   3   0   0   0   3  49   0   0   6  0.34 0.07
   29 F   -2 -3 -4 -4 -2 -3 -3 -4 -3  4  1 -3  4  0 -3 -3 -1 -3 -2  3    0   0   0   0   0   0   0   0   0  57   4   0  20   2   0   0   0   0   0  16  0.53 0.09
   30 L   -2 -3 -4 -4 -2 -3 -4 -4 -3  2  4 -3  1  5 -4 -3 -2 -1  1  0    0   0   0   0   0   0   0   0   0   9  55   0   0  36   0   0   0   0   0   0  0.59 0.09

                      K         Lambda
Standard Ungapped    0.1378     0.3264
Standard Gapped      0.0460     0.2670
PSI Ungapped         0.1502     0.3167
PSI Gapped           0.0460     0.2670
