
Last position-specific scoring matrix computed, weighted observed percentages rounded down, information per position, and relative weight of gapless real matches to pseudocounts
            A   R   N   D   C   Q   E   G   H   I   L   K   M   F   P   S   T   W   Y   V   A   R   N   D   C   Q   E   G   H   I   L   K   M   F   P   S   T   W   Y   V
    1 M    -1  -2  -2  -3  -2  -1  -2  -3  -2   1   2  -2   6   0  -3  -2  -1  -2  -1   1    0   0   0   0   0   0   0   0   0   0   0   0 100   0   0   0   0   0   0   0  0.37 0.01
    2 A     3  -1  -1  -2  -1  -1  -1   0  -2  -1  -1  -1  -1  -2  -1   1   3  -3  -2   0   65   0   0   0   0   0   0   0   0   0   0   0   0   0   0   0  35   0   0   0  0.32 0.00
    3 T     0  -2   0  -1  -1  -1  -1  -1  -2  -2  -2  -1  -2  -3  -2   4   4  -3  -2  -1    0   0   0   0   0   0   0   0   0   0   0   0   0   0   0  50  50   0   0   0  0.57 0.08
    4 K    -2   1  -2  -2  -5   1  -1  -3  -2  -4  -4   7  -3  -5  -3  -2  -2  -5  -3  -4    0   2   0   0   0   5   0   0   0   0   0  92   0   0   0   0   0   0   0   0  1.25 0.27
    5 R    -3   7  -2  -3  -5   0  -2  -3  -2  -5  -4   1  -1  -4   0  -2  -3  -4  -3  -4    0  88   0   0   0   1   0   2   0   0   0   1   1   0   6   0   0   0   0   0  1.38 0.27
    6 T    -2  -3  -1  -3  -3  -2  -3  -3  -3  -2  -3  -2  -2  -4  -3   0   7  -4  -3  -2    0   0   1   0   0   0   0   0   0   0   0   0   0   0   0   2  97   0   0   0  1.37 0.31
    7 Y    -3  -4  -4  -5  -4  -4  -4  -5  -1  -2   1  -4  -1   6  -5  -4  -3   2   7  -2    0   0   0   0   0   0   0   0   0   0  13   0   0  37   0   0   0   2  48   0  1.25 0.25
    8 Q    -3   0  -1  -2  -5   8   1  -1   0  -5  -4   0  -2  -5  -3  -2  -2  -4  -3  -4    0   3   1   0   0  83   3   5   2   0   0   3   0   0   0   0   0   0   0   0  1.36 0.33
    9 P    -2  -4  -4  -3  -5  -3  -3   1  -4  -5  -5  -3  -4  -6   8  -3  -3  -5  -5  -4    0   0   0   0   0   0   0  13   0   0   0   0   0   0  87   0   0   0   0   0  2.29 0.35
   10 S    -1  -1   3  -1  -3  -1  -1  -2   2  -4  -4   1   0  -4  -2   4   1  -4  -3  -3    0   1  15   0   0   0   0   0   7   0   0  11   3   0   0  55   8   0   0   0  0.59 0.21
   11 N    -2   2   4  -1  -2   0   0  -2  -1  -2  -3   4  -2  -4  -3  -1   0  -4  -3   0    0  11  31   0   1   1   3   1   0   2   1  34   0   0   0   2   4   0   0  10  0.46 0.17
   12 L    -2   4  -2  -3  -3  -1  -2  -4  -1   2   2   1  -1  -2  -3  -2   0  -3  -2   0    1  40   0   0   0   1   0   0   1  15  23   5   0   0   0   0   8   0   0   6  0.40 0.15
   13 K    -2   3  -2  -2  -4   0  -1  -3   1  -2  -3   5  -2  -4   0   0  -2  -4  -3   0    0  20   0   0   0   2   0   0   4   1   0  56   0   0   3   5   0   0   0   9  0.68 0.21
   14 R    -3   7  -2  -3  -5   0  -2  -4   1  -5  -2   1  -3  -4  -4  -2  -3  -4  -3  -4    0  86   0   0   0   3   0   0   3   0   3   5   0   0   0   1   0   0   0   0  1.44 0.32
   15 K     2   1   1  -2  -3   0  -1  -2   0   0  -2   4  -2  -3  -2   0  -1  -4  -3  -1   19   5   6   0   0   3   1   0   2   6   1  48   0   0   0   4   1   0   0   4  0.39 0.16
   16 R    -3   6   2  -2  -5   0  -1  -3  -1  -4  -4   3  -1  -4  -3  -1  -2  -4  -3  -4    0  68  13   0   0   0   0   0   1   0   0  14   1   0   0   2   1   0   0   0  1.10 0.27
   17 D    -1   2  -1  -1  -3  -1  -1  -3  -2  -1  -2   2  -2  -3  -2   1   4  -4  -3   1    1  13   2   1   0   0   3   0   0   1   1  19   0   0   0   7  36   0   0  17  0.35 0.16
   18 H    -3  -2  -1  -3  -2  -2  -2  -4  10  -2  -4  -3  -3   0  -4   1  -3  -4   0  -3    0   0   0   0   1   0   0   0  78   3   0   0   0   5   0  10   0   0   0   2  1.71 0.37
   19 G    -2  -4  -2  -3  -4  -4  -4   7  -4  -6  -6  -3  -5  -5  -4  -2  -3  -4  -5  -5    0   0   0   0   0   0   0 100   0   0   0   0   0   0   0   0   0   0   0   0  1.89 0.34
   20 F    -4  -5  -5  -6  -4  -5  -5  -5  -3  -2  -1  -5  -2   8  -6  -4  -4   5   2  -3    0   0   0   0   0   0   0   0   0   0   0   0   0  91   0   0   0   7   2   0  1.93 0.37
   21 R    -3   7  -1  -3  -5  -1  -2  -4  -2  -2   0   0   0  -4  -4  -3  -3  -4  -3  -2    0  78   3   0   0   0   0   0   0   2  13   0   2   0   0   0   0   0   0   2  1.14 0.29
   22 A     4   0  -1  -2  -2  -1  -1  -2  -2  -1   0   0  -1  -3  -2   1   0  -4  -2   1   48   5   1   0   0   2   2   0   1   1   8   7   0   0   0   9   4   0   0  11  0.28 0.13
   23 R    -3   8  -2  -4  -5  -1  -2  -4  -2  -5  -3   0  -3  -5  -4  -3  -3  -5  -4  -4    0  97   0   0   0   0   0   0   0   0   3   0   0   0   0   0   0   0   0   0  1.79 0.38
   24 M    -2  -3  -4  -5  -3  -2  -4  -5  -4   0   1  -2   9  -2  -4  -2  -2  -4  -3  -1    2   0   0   0   0   0   0   0   0   2   5   1  87   0   0   2   1   0   0   0  1.71 0.41
   25 S     3   3  -1  -1  -2   0   0  -1  -2  -3  -3   2  -2  -4  -2   3  -1  -4  -3  -2   29  18   0   1   0   2   2   1   0   0   0  17   0   0   0  29   0   0   0   0  0.44 0.16
   26 T    -2  -2  -1  -3  -3  -2  -3  -3  -3  -3  -3  -2  -3  -4  -3   1   7  -4  -3  -2    0   1   2   0   0   0   0   0   0   0   0   1   0   0   0   7  89   0   0   0  1.28 0.34
   27 A     1   3  -2  -2  -3   0  -1  -2   0  -2  -3   4  -2  -4   3   0  -1  -4  -3  -1   12  16   0   0   0   1   0   0   2   2   1  38   0   0  14   6   3   0   0   6  0.43 0.15
   28 D     1  -2   5   0  -2   0  -1   3  -1  -4  -3  -1  -2  -4  -3   1   0  -2  -3  -3   12   0  36   3   1   4   3  23   0   0   1   1   1   0   0  13   3   1   0   0  0.48 0.15
   29 G    -2  -4  -2  -3  -4  -4  -4   7  -4  -6  -6  -3  -5  -5  -4  -2  -3  -4  -5  -5    0   0   0   0   0   0   0 100   0   0   0   0   0   0   0   0   0   0   0   0  1.89 0.34
   30 R    -3   7  -2  -3  -2   0  -2  -4  -2  -4  -4   1  -3  -5  -4  -2  -3  -5  -3  -2    1  88   0   0   1   3   0   0   0   0   0   2   0   0   0   2   0   0   0   4  1.46 0.33
   31 K     2   3   1  -2  -3   2   0  -2  -1  -3  -2   4  -2  -4  -2   0  -1  -4  -2  -3   21  18   8   0   0   8   1   1   1   0   3  37   0   0   0   3   0   0   1   0  0.43 0.16
   32 I    -2  -4  -4  -5  -2  -4  -4  -5  -5   4   0  -4   0  -2  -4  -3  -1  -4  -3   5    0   0   0   0   0   0   0   0   0  29   4   0   0   0   0   0   2   0   0  66  0.90 0.24
   33 L    -3  -4  -5  -5  -2  -4  -4  -5  -4   4   4  -4   1  -1  -4  -4  -2  -3  -2   1    0   0   0   0   0   0   0   0   0  34  59   0   0   0   0   0   0   0   0   6  0.81 0.21
   34 A     3   2   2  -1  -2   0  -1  -1  -2  -3  -1   2   0  -3  -2   2  -1  -4  -3  -2   30  10  16   0   0   2   0   0   0   0   4  16   3   0   0  17   1   0   0   0  0.30 0.13
   35 R     3   5   1  -2  -2   0  -1  -1  -1  -3  -3   0  -2  -4  -3   0  -1  -4  -3  -3   33  42   8   1   1   1   1   2   1   0   1   2   0   0   0   6   1   0   0   0  0.53 0.18
   36 R    -3   8  -2  -4  -6  -1  -2  -4  -2  -5  -4   0  -3  -5  -4  -3  -3  -5  -4  -5    0 100   0   0   0   0   0   0   0   0   0   0   0   0   0   0   0   0   0   0  1.93 0.39
   37 R    -3   7  -2  -4  -5  -1  -2  -4  -2  -2  -3   1   1  -4  -4  -3  -3  -5  -4  -4    0  90   0   0   0   0   0   0   0   3   0   2   4   0   0   0   0   0   0   0  1.57 0.34
   38 A     3   3  -1  -2  -2   1  -1  -1   0  -2   0   0  -1  -2  -2   1  -1  -3  -2  -2   45  19   1   0   0   5   0   1   2   0   9   5   1   1   0  10   1   0   0   1  0.32 0.14
   39 K    -2   2  -2  -2  -5   0  -1  -3   1  -4  -3   7  -3  -5  -3  -2  -2  -5  -3  -4    0   7   0   0   0   2   0   0   4   0   2  85   0   0   0   0   1   0   0   0  1.22 0.31
   40 G    -2  -4  -1  -3  -4  -3  -4   7  -4  -5  -4  -2  -4  -3  -4  -2  -3  -4  -5  -5    0   0   3   0   0   1   0  93   0   0   1   1   0   1   0   0   0   0   0   0  1.63 0.31
   41 R    -3   8  -3  -4   1  -1  -2  -4  -2  -5  -4   0  -3  -5  -4  -3  -3  -5  -4  -5    0  96   0   0   4   0   0   0   0   0   0   0   0   0   0   0   0   0   0   0  1.85 0.38
   42 K     0   2  -1  -2  -2   0   0  -3   4  -3  -3   4  -2  -3  -3   0  -1   3  -1  -1    9   7   2   0   1   1   2   0  14   0   1  44   1   0   0   4   3   5   1   4  0.44 0.16
   43 R    -1   4   0  -2  -3   1   0  -3  -2  -2  -2   2  -2  -2  -3   1   0  -4  -2   0    2  36   5   0   0   6   2   0   0   2   2  17   0   2   0  14   3   0   1   8  0.38 0.14
   44 L    -3  -4  -3  -5  -3  -4  -5  -5  -5   1   6  -4   0  -1  -5  -4  -3  -3  -3  -1    0   0   2   0   0   0   0   0   0   5  93   0   0   0   0   0   0   0   0   0  1.16 0.29
   45 S     1  -3  -1  -2   3  -2  -2  -2  -3  -2  -3  -2  -1  -4  -2   4   4  -4  -3  -1   12   0   0   0   8   0   0   1   0   1   0   0   2   0   0  43  30   0   0   2  0.62 0.21
   46 A     4  -3  -3  -4  -2  -3  -3  -2  -4   0  -1  -3  -1  -3  -3  -1  -1  -4  -3   4   51   0   0   0   0   0   0   0   0   0   0   0   0   0   0   0   0   0   0  49  0.67 0.20

                      K         Lambda
Standard Ungapped    0.1301     0.3231
Standard Gapped      0.0544     0.2670
PSI Ungapped         0.1779     0.3181
PSI Gapped           0.0544     0.2670
