
Last position-specific scoring matrix computed, weighted observed percentages rounded down, information per position, and relative weight of gapless real matches to pseudocounts
           A  R  N  D  C  Q  E  G  H  I  L  K  M  F  P  S  T  W  Y  V   A   R   N   D   C   Q   E   G   H   I   L   K   M   F   P   S   T   W   Y   V
    1 M   -1 -2 -2 -3 -2 -1 -2 -3 -2  1  2 -2  7  0 -3 -2 -1 -2 -1  1    0   0   0   0   0   0   0   0   0   0   0   0 100   0   0   0   0   0   0   0  0.43 0.02
    2 T    0 -1  0 -1 -1 -1 -1 -1 -2 -1 -2 -1 -1 -2 -1  2  5 -3 -2  0    0   0   0   0   0   0   0   0   0   0   0   0   0   0   0  22  78   0   0   0  0.44 0.01
    3 L    1 -2 -1 -2 -1 -1 -1 -2 -2  1  1 -1  4 -1 -2  2  0 -2 -2  0   11   0   0   0   0   0   0   0   0   8   8   0  41   0   0  33   0   0   0   0  0.18 0.02
    4 I   -2 -3 -4 -4 -2 -3 -4 -4 -4  5  2 -3  1  0 -3 -3 -1 -3 -2  2    0   0   0   0   0   0   0   0   0  81  19   0   0   0   0   0   0   0   0   0  0.46 0.03
    5 S    2 -1  0  1 -1  0  0  0 -1 -3 -3 -1 -2 -3 -1  4  1 -3 -2 -2   20   0   0   8   0   0   0   0   0   0   0   0   0   0   0  72   0   0   0   0  0.42 0.03
    6 D   -2 -2  1  7 -4 -1  1 -2 -1 -4 -4 -1 -4 -4 -2 -1 -1 -5 -4 -4    0   0   0 100   0   0   0   0   0   0   0   0   0   0   0   0   0   0   0   0  1.09 0.05
    7 S    1 -1  0 -1 -1 -1 -1  2 -2 -1 -2 -1 -1 -3 -1  3  2 -3 -2 -1    0   0   0   0   0   0   0  18   0   8   0   0   0   0   0  56  19   0   0   0  0.32 0.02
    8 Q   -1  1  0 -1 -3  7  2 -2  0 -3 -3  1 -1 -4 -2  0 -1 -2 -2 -3    0   0   0   0   0 100   0   0   0   0   0   0   0   0   0   0   0   0   0   0  0.86 0.06
    9 I   -1 -3 -4 -4 -1 -3 -3 -4 -4  4  1 -3  1 -1 -3 -2 -1 -3 -2  4    0   0   0   0   0   0   0   0   0  63   0   0   0   0   0   0   0   0   0  37  0.43 0.03
   10 V   -2 -3 -3 -4 -2 -3 -3 -4 -1  1  1 -3  1  5 -3 -2 -1  0  4  1    0   0   0   0   0   0   0   0   0  10   0   0   8  45   0   0   0   0  17  20  0.42 0.02
   11 V   -1 -3 -2 -3 -1 -2 -3 -3 -3  3  1 -2  0 -1 -2 -1  2 -3 -2  4    0   0   0   0   0   0   0   0   0  20   0   0   0   0   0   0  19   0   0  62  0.32 0.02
   12 A    4 -2 -2 -2 -1 -1 -1  0 -2  0 -1 -1 -1 -2 -1  1  0 -3 -2  0   90   0   0   0   0   0   0   0   0  10   0   0   0   0   0   0   0   0   0   0  0.41 0.04
   13 L   -2 -3 -4 -4 -2 -3 -3 -4 -3  1  5 -3  2  0 -3 -3 -2 -2 -1  1    0   0   0   0   0   0   0   0   0   0 100   0   0   0   0   0   0   0   0   0  0.56 0.03
   14 V    0 -3 -3 -4 -2 -3 -3 -3 -3  2  2 -3  1  4 -3 -2 -1 -1  1  2    9   0   0   0   0   0   0   0   0  14  26   0   0  28   0   0   0   0   0  23  0.26 0.01
   15 S    1 -2 -1 -2 -1 -1 -2 -2 -2  1  0 -1  0  2 -2  2  0 -2  0  2    8   0   0   0   0   0   0   0   0   0  11   0   0  16   0  38   0   0   0  28  0.13 0.02
   16 A    4 -2 -2 -2 -1 -1 -1  0 -2 -1 -1 -1 -1 -2 -1  1  0 -3 -2  1   90   0   0   0   0   0   0   0   0   0   0   0   0   0   0   0   0   0   0  10  0.43 0.04
   17 F   -2 -3 -4 -4 -2 -3 -3 -4 -3  1  4 -3  2  4 -3 -3 -2 -1  0  0    0   0   0   0   0   0   0   0   0   0  75   0   0  25   0   0   0   0   0   0  0.46 0.03
   18 V    0 -3 -3 -3 -1 -3 -3 -3 -3  4  1 -3  1  1 -3 -2 -1 -2 -1  3   11   0   0   0   0   0   0   0   0  45   0   0   0   8   0   0   0   0   0  37  0.29 0.02
   19 T    0 -2 -1 -1 -1 -1 -1 -2 -2  0 -1 -1 -1 -2  3  2  4 -3 -2  0    0   0   0   0   0   0   0   0   0   9   0   0   0   0  18  16  58   0   0   0  0.44 0.03
   20 G    1 -2 -1 -2 -2 -2 -2  5 -2 -2 -3 -1 -2 -3 -2  1 -1 -3 -3 -1   16   0   0   0   0   0   0  58   0   0   0   0   0   0   0  18   0   0   0   9  0.53 0.02
   21 I   -1 -3 -4 -4 -1 -3 -3 -4 -3  4  2 -3  1  1 -3 -3 -1 -2 -1  3    0   0   0   0   0   0   0   0   0  68   9   0   0   8   0   0   0   0   0  16  0.39 0.03
   22 L   -2 -3 -4 -4 -2 -3 -3 -4 -3  1  4 -3  2  2 -3 -3 -2 -2  0  1    0   0   0   0   0   0   0   0   0   0  89   0   0  11   0   0   0   0   0   0  0.49 0.03
   23 A    5 -2 -2 -2 -1 -1 -1  0 -2 -2 -2 -1 -1 -3 -1  2  0 -3 -2 -1   90   0   0   0   0   0   0   0   0   0   0   0   0   0   0  10   0   0   0   0  0.47 0.04
   24 L   -1 -3 -3 -3 -1 -2 -3 -3 -3  2  3 -3  1  0 -3 -1 -1  4 -1  2    0   0   0   0   0   0   0   0   0  16  49   0   0   0   0   9   0   9   0  18  0.31 0.02
   25 R   -2  6 -1 -2 -4  1  0 -3 -1 -4 -3  2 -2 -3 -3 -1 -2 -3 -2 -3    0 100   0   0   0   0   0   0   0   0   0   0   0   0   0   0   0   0   0   0  0.92 0.05
   26 L   -2 -3 -4 -4 -2 -3 -3 -4 -3  1  5 -3  2  0 -3 -3 -2 -2 -1  1    0   0   0   0   0   0   0   0   0   0 100   0   0   0   0   0   0   0   0   0  0.56 0.03
   27 G    2 -3 -1 -2 -2 -2 -2  6 -2 -4 -4 -2 -3 -3 -2  0 -2 -3 -3 -3   18   0   0   0   0   0   0  82   0   0   0   0   0   0   0   0   0   0   0   0  0.89 0.03
   28 R   -1  2 -1 -2 -2  0 -1 -2 -2  0  1  2  0 -2 -2  0  3 -3 -2  0    0  12   0   0   0   0   0   0   0   0  17  26   0   0   0   0  34   0   0  11  0.17 0.02
   29 E    1  0  0  2 -3  2  5 -2 -1 -3 -3  0 -2 -3 -1  0 -1 -3 -2 -2   18   0   0   8   0  10  65   0   0   0   0   0   0   0   0   0   0   0   0   0  0.53 0.03
   30 L   -2 -3 -4 -4 -2 -3 -3 -4 -3  1  5 -3  2  0 -3 -3 -2 -2 -1  1    0   0   0   0   0   0   0   0   0   0 100   0   0   0   0   0   0   0   0   0  0.56 0.03
   31 Y   -2 -2 -3 -4 -3 -2 -3 -4  2 -2 -1 -2 -1  3 -4 -2 -2  2  8 -2    0   0   0   0   0   0   0   0   0   0   0   0   0   0   0   0   0   0 100   0  1.12 0.06
   32 R   -1  3  0 -1 -3  4  1 -2  0 -3 -3  4 -1 -4 -2  0 -1 -3 -2 -3    0  14   0   0   0  36   0   0   0   0   0  50   0   0   0   0   0   0   0   0  0.53 0.03

                      K         Lambda
Standard Ungapped    0.1429     0.3312
Standard Gapped      0.0410     0.2670
PSI Ungapped         0.1429     0.3312
PSI Gapped           0.0410     0.2670
