
Last position-specific scoring matrix computed, weighted observed percentages rounded down, information per position, and relative weight of gapless real matches to pseudocounts
           A  R  N  D  C  Q  E  G  H  I  L  K  M  F  P  S  T  W  Y  V   A   R   N   D   C   Q   E   G   H   I   L   K   M   F   P   S   T   W   Y   V
    1 M   -1 -2 -3 -4 -2 -2 -3 -4 -3  2  3 -2  6  0 -3 -2 -1 -2 -1  2    0   0   0   0   0   0   0   0   0   6  21   0  57   0   0   0   0   0   0  16  0.45 0.06
    2 K    0  2  0  1 -3 -1 -1  4 -2 -4 -4  0 -3 -4 -2  2 -1 -4 -3 -3    0  15   0   9   0   0   0  41   0   0   0   5   0   0   0  30   0   0   0   0  0.51 0.10
    3 I   -3 -4 -5 -5 -4 -3 -5 -5 -4  4  1 -4  9 -2 -5 -4 -1 -4 -3  0    0   0   0   0   0   0   0   0   0  28   5   0  62   0   0   0   4   0   0   1  1.50 0.41
    4 T   -1 -3 -1 -3 -3 -3 -1 -4 -3  3  3 -1  2 -2 -4 -2  1 -3 -3  0    6   0   3   0   0   0   4   0   0  22  42   3   5   0   0   0  13   0   0   2  0.40 0.18
    5 Y   -2 -2  4  1 -4  2  0 -3  1 -4 -4  1 -3 -1 -3  0 -2 -2  5 -4    2   0  30   7   0  11   6   0   3   0   0  11   0   2   0   6   0   0  23   0  0.59 0.23
    6 P   -4 -5 -5 -4 -6 -4 -4 -5 -5 -1 -2 -4 -5 -6  8 -4 -4 -6 -6 -5    0   0   0   0   0   0   0   0   0   4   4   0   0   0  93   0   0   0   0   0  2.68 0.54
    7 S   -2 -4 -3 -4 -4 -3 -3 -3 -4 -4 -3 -2 -4 -5  3  4  6 -5 -4 -2    1   0   0   0   0   0   0   1   0   0   2   2   0   0  13  30  51   0   0   2  1.08 0.45
    8 I   -2 -5 -5 -6 -3 -5 -5 -6 -5  5  0 -5 -1 -1 -5 -4 -1 -5 -2  5    3   0   0   0   0   0   0   0   0  39   7   0   0   2   0   0   2   0   1  47  1.12 0.40
    9 D   -4 -3  1  5 -6  1  5 -4 -3 -5 -5 -1 -5 -6 -4 -3 -3 -6 -5 -1    0   0   6  34   0   6  45   0   0   0   0   2   0   0   0   0   1   0   0   5  1.20 0.44
   10 K   -2 -3 -1  6 -5  1  3 -3 -3 -3 -4  1 -4 -6 -4 -1 -1 -6 -5 -5    2   0   2  52   0   4  17   0   0   2   2  11   0   0   0   4   4   0   0   0  1.02 0.39
   11 L    1 -5 -6 -4  9 -5 -6 -5 -6 -2  4 -5 -2 -4 -5 -4 -3 -5 -5 -2   14   0   0   1  39   0   0   0   0   0  44   0   0   0   0   0   0   0   0   1  1.48 0.50
   12 L   -3 -3 -3 -5 -3 -1 -4 -5 -4  1  5 -2  4 -1 -5 -2 -1 -4 -3  2    1   1   1   0   0   3   1   0   0   7  56   2  11   1   0   2   4   0   0  11  0.75 0.33
   13 S   -2 -1  0  3 -5  1  4 -2 -2 -4 -4  3 -4 -5 -2  0  0 -5 -4 -4    2   1   3  21   0   4  29   3   1   1   1  22   0   0   1   7   6   0   0   0  0.62 0.30
   14 R   -2  3  0 -3 -5  2 -1 -4  2 -1 -3  6  0 -5 -4 -3 -2 -5 -3  0    2  14   4   0   0   7   2   0   6   3   1  50   2   0   0   0   1   0   0   6  0.80 0.37
   15 V   -1 -5 -3 -5 -2 -5 -4 -4 -6  5 -1 -5  0 -3 -5 -3  0 -5 -4  6    4   0   1   0   0   0   1   1   0  30   2   0   1   0   0   1   4   0   0  55  1.11 0.42
   16 N   -3 -4  2  5 -5 -2  1  1 -1 -6 -6 -2 -5 -6  4  0 -2 -6 -5 -5    0   0  12  35   0   1  10  11   1   0   0   1   0   0  23   5   1   0   0   0  0.93 0.36
   17 S   -3 -4  7  2 -5 -3 -3 -4 -3 -6 -6 -3 -5 -6 -5  5 -2 -6 -1 -5    0   0  48  10   0   0   0   0   0   0   0   0   0   0   0  39   1   0   2   0  1.44 0.54
   18 R   -5  7 -4 -5 -7 -2 -3 -6 -2 -5 -6  5 -5 -6 -3 -4 -4 -6 -5 -6    0  68   0   0   0   0   0   0   1   1   0  29   0   0   1   0   0   0   0   0  1.92 0.61
   19 Y   -6 -6 -6 -7 -6 -6 -6 -7 -3 -4 -4 -6 -4  7 -7 -6 -6 -2  8 -5    0   0   0   0   0   0   0   0   0   0   0   0   0  49   0   0   0   0  51   0  2.47 0.70
   20 S    1  0 -1  2 -3  1  2 -2 -2 -2  0  0 -1 -3 -3  1  1 -4 -2 -2   11   5   1  13   0   7  16   1   0   2  11   6   2   0   0  14  10   0   1   1  0.21 0.16
   21 L   -5 -5 -7 -7 -4 -5 -6 -7 -6  1  6 -6  2 -3 -6 -6 -4 -5 -4 -2    0   0   0   0   0   0   0   0   0   7  90   0   4   0   0   0   0   0   0   0  1.72 0.56
   22 S    0 -5 -5 -3  0 -5 -5 -5 -6  1 -2 -5 -2 -4 -2 -1  1 -6 -4  6    8   0   0   1   2   0   0   0   0   6   0   0   0   0   2   5   8   0   0  68  1.10 0.45
   23 V   -2 -4 -2 -4 -3 -1 -4 -4  2  3  3 -4  3 -2 -4 -2  1 -4 -3  2    1   0   2   0   0   4   0   1   5  17  34   0  10   0   0   2  10   0   0  15  0.51 0.26
   24 L    2 -4 -4 -5 -2 -4 -3 -4 -4  1  3 -3  3  0 -4 -3  0 -4  1  3   19   0   0   0   0   0   1   0   0   4  31   1   8   4   0   0   4   0   4  25  0.51 0.26
   25 A    6 -4 -4 -5 -3 -2 -2 -2 -5 -1 -4 -4 -3 -5 -4  0  0 -6 -5  1   72   0   0   0   0   2   2   1   0   3   0   0   0   0   0   4   6   0   0  10  1.11 0.47
   26 A    5 -4 -3 -4 -3 -3 -3 -2 -4 -1 -4 -2 -3 -2 -4  3  2 -5 -4 -1   55   0   0   0   0   0   0   2   0   3   0   1   0   2   0  23  11   0   0   3  0.89 0.41
   27 K   -3  3 -3 -4 -6  2 -1 -5  2 -4 -4  6 -1 -5 -4 -3 -4 -5  1 -3    1  16   0   0   0   7   2   0   6   1   1  60   1   0   0   0   0   0   5   1  1.20 0.47
   28 R   -5  8 -4 -6 -7 -3 -4 -6 -4 -7 -4 -2 -5 -6 -6 -5 -5 -6 -1 -6    0  96   0   0   0   0   0   0   0   0   2   0   0   0   0   0   0   0   2   0  2.59 0.76
   29 A    7 -5 -5 -5 -4 -4 -4 -3 -5 -4 -4 -4 -4 -5 -4 -1  0 -6 -5  1   84   0   0   0   0   0   0   0   0   0   0   0   0   0   0   2   5   0   0   9  1.55 0.58
   30 H   -4  7 -1 -4 -6 -1  0 -4  4 -6 -3  2 -4 -5 -5 -4 -4 -6 -3 -4    1  62   3   0   0   1   4   1  11   0   3  12   0   0   0   0   0   0   1   1  1.40 0.49
   31 E   -2 -2 -1  0 -6  7  3 -4 -3 -4 -2 -1  1 -6 -4 -3 -3 -5 -3 -4    2   0   3   6   0  57  19   0   0   1   4   2   4   0   0   0   1   0   1   0  1.29 0.52
   32 I   -4 -5 -6 -6 -4 -5 -6 -7 -5  4  5 -5  3 -2 -6 -5 -4 -4 -1 -1    0   0   0   0   0   0   0   0   0  24  65   0   7   1   0   0   0   0   2   2  1.28 0.45
   33 Q    1  1  2  0 -3  2  0 -2 -2  0 -1  0  0 -1 -3  1 -1 -3  0 -1   15   7  14   4   0  12   5   1   0   8   4   4   2   2   0  11   2   0   4   3  0.15 0.14
   34 A    1  0  1  2 -3  1  3 -2 -2 -1 -2  0 -2 -3 -3  1  0 -4 -1 -1   15   5   7  11   0   5  21   1   0   3   4   5   1   0   0  10   5   0   2   4  0.22 0.15
   35 G   -2 -2 -1 -2 -5 -1 -2  6  0 -5 -5 -1 -4 -1 -4 -3 -2 -4  2 -5    2   2   3   2   0   3   3  65   3   0   1   4   0   3   0   0   2   0   7   0  1.11 0.39
   36 A    3 -2 -1  0 -3 -1 -1  2  1 -2 -3  0 -3 -1  0  1 -2 -3  2 -1   32   1   2   5   0   2   3  17   4   2   1   5   0   2   3   8   1   0   9   4  0.27 0.19
   37 P    0  1  0  0 -2  1  3 -3  0 -3 -3  2 -2 -4  1  0  0 -4 -3 -3    9   5   3   3   1   7  27   1   2   1   1  16   0   0   8   8   7   0   1   1  0.38 0.21
   38 L   -1 -2 -2  1 -1 -2  1 -2 -4 -2 -1 -2 -3 -2  6 -1  1 -5 -3 -2    5   1   1   7   2   1  10   2   0   3   8   2   0   1  41   2  10   0   1   3  0.74 0.29
   39 A    0 -1 -3 -3 -3  0 -2 -4 -2 -1  3  1  1 -2  3 -1  1 -3  0  0    6   2   0   1   0   5   2   0   0   1  32  10   4   1  13   4  11   0   3   7  0.26 0.19
   40 L   -2 -3 -4 -5 -3 -1 -3 -5 -3  3  2 -2  2 -1 -4 -3 -1 -4 -1  4    2   1   0   0   0   3   1   0   0  19  22   2   4   1   0   1   4   0   2  38  0.60 0.27
   41 K   -1 -2 -1  4 -4  1  3 -3 -3 -3 -2  1 -3 -4 -2  0  0 -5 -4  2    3   0   2  24   0   6  25   1   0   0   4   8   0   0   1   6   4   0   0  17  0.47 0.25
   42 H   -1  2  2  1 -3  0  0 -1  2 -3 -2  1 -1 -3  2  0  0 -3 -1 -2    5  10  11   9   0   2   5   5   6   1   2  12   1   0  11   6   7   0   2   2  0.22 0.11
   43 Y   -1 -1 -1 -1 -1  0  2 -1  0 -1 -2  0 -2  1  3 -1  0  4  2  0    5   3   2   3   1   2  15   5   2   4   2   4   0   6  14   3   7   6   9   7  0.19 0.11
   44 K   -1  1  0  3 -2  0  2 -2  0 -2 -3  3 -2 -4 -1  0 -1 -5 -2 -1    3   6   3  19   1   1  15   2   2   2   1  25   1   0   2   8   4   0   1   5  0.35 0.20
   45 S   -1  1  5 -1 -1  0 -2  0 -1 -4 -4  2 -4 -5 -3  3 -1 -5 -4 -2    4   9  29   2   1   3   0   6   1   0   0  12   0   0   0  26   3   0   0   2  0.56 0.29
   46 D   -3 -1  3  5 -5 -1  2 -3  3 -3 -4 -1  0 -3 -2 -1 -2 -5  0 -1    1   3  17  36   0   1  11   0   9   2   1   4   3   1   2   2   1   0   4   4  0.62 0.28
   47 K   -4  0 -2 -1 -6 -1 -2 -5 -2 -6 -6  8 -5 -6 -4 -4 -4 -6 -5 -6    0   2   1   3   0   2   0   0   1   0   0  90   0   0   0   0   0   0   0   0  2.05 0.65
   48 A   -1 -2  2 -2 -1 -3 -1 -4 -2 -4 -2 -1 -3  0  6 -1 -2 -5  1 -3    5   2  12   1   1   0   4   0   1   0   5   3   0   5  47   4   2   0   6   2  0.97 0.37
   49 V   -1 -4 -4 -5 -4 -4 -4 -3 -5  1  1 -4 -2 -4  2 -2  4 -5 -4  4    3   0   0   0   0   0   0   1   0   6  12   0   0   0  11   0  34   0   0  32  0.76 0.37
   50 G   -2 -4 -3  0 -1 -4 -3  1 -4  0 -1 -4 -2 -2 -4  1  1 -5 -4  5    0   0   0   5   1   0   1  13   0   3   3   0   0   2   0  13  11   0   0  47  0.56 0.31
   51 E   -1 -1 -4 -4 -3 -1 -3 -5 -1  5  1  0  0 -3 -4 -3  1 -1 -3  3    3   4   0   0   0   4   1   0   2  40   8   6   2   0   0   1   9   1   0  21  0.56 0.28
   52 A    7 -5 -5 -5 -1 -4 -4 -3 -5 -5 -5 -4 -4 -6 -4  1 -3 -6 -5 -4   90   0   0   0   1   0   0   0   0   0   0   0   0   0   0   9   0   0   0   0  1.79 0.63
   53 L   -4 -5 -6 -6 -4 -5 -6 -6 -6  2  6 -5  3 -1 -6 -5 -1 -5 -4 -1    1   0   0   0   0   0   0   0   0   9  76   0   7   2   0   0   4   0   0   1  1.33 0.47
   54 E   -4  6  0 -2 -6 -1  4 -5  1 -6 -3  1 -1 -5 -5 -3 -3 -6 -2 -5    0  55   4   1   0   1  25   0   3   0   2   6   2   0   0   0   0   0   1   0  1.24 0.47
   55 E   -5 -1 -4 -1 -8 -2  8 -6 -4 -7 -7 -3 -6 -7 -5 -4 -5 -7 -6 -6    0   2   0   2   0   0  96   0   0   0   0   0   0   0   0   0   0   0   0   0  2.37 0.75
   56 I   -4 -6 -7 -7 -4 -6 -6 -7 -6  8  1 -6 -1 -2 -6 -6 -4 -6 -4  2    0   0   0   0   0   0   0   0   0  80   9   0   1   1   0   0   0   0   0   9  1.82 0.56
   57 A    5 -2  1  0 -4 -2  2 -2  0 -3 -3 -3 -2 -3 -4 -1 -3 -5  0 -2   59   1   7   4   0   0  12   2   2   1   2   0   1   1   0   3   0   0   4   2  0.74 0.37
   58 A    3 -2 -1  1 -4  1  4 -2 -3 -4 -3  0 -2 -5 -3  1 -1 -5 -4 -3   32   1   2   9   0   6  28   2   0   0   2   5   1   0   0   9   3   0   0   1  0.54 0.29
   59 G   -2 -2  0  2 -5 -2  0  6 -4 -6 -6 -1 -5 -6 -5 -1 -3 -5 -5 -6    1   2   4  11   0   1   6  66   0   0   0   3   0   0   0   4   1   0   0   0  1.25 0.43
   60 K   -2  1  0 -2 -4  0 -1 -4  2 -2  2  5 -2 -2 -4 -2  1 -4  0 -1    2   4   4   2   0   4   3   0   5   1  21  39   0   1   0   0   8   0   3   3  0.45 0.27
   61 V   -2 -5 -6 -6 -3 -5 -5 -6 -5  5  2 -5  0 -3 -5 -4 -2 -5 -1  5    2   0   0   0   0   0   0   0   0  31  20   0   1   0   0   0   1   0   2  43  1.02 0.38
   62 T   -1  0  1  1 -3 -1 -1  1 -1 -2 -2  1 -1 -2 -3  1  3 -1 -1  0    1   4   6  10   0   1   3  12   1   1   2   8   1   1   0   8  27   1   2  10  0.23 0.18
   63 I   -1 -1 -2 -4 -2 -2 -2 -4  0  2  1 -2  0  2  1 -2 -1 -2  4  1    5   2   2   0   1   0   2   0   3  17  12   3   1   7   9   2   3   0  18  11  0.26 0.16
   64 D   -2 -2 -1  4 -5  1  5 -3  3 -3 -5  0 -4 -5 -3 -1 -2 -5 -4 -1    3   0   1  23   0   5  46   1   7   1   0   4   0   0   0   2   1   0   0   4  0.86 0.34
   65 P   -1  1  0  0 -3  1  1 -2 -2  1 -1  0  1 -2  3 -1  0 -3 -2  0    3   9   6   4   0   6  10   2   0  12   4   4   7   1  17   3   4   0   0   9  0.19 0.11
   66 E   -2 -2  0  2 -3 -1  1 -3 -3  1  2 -1  1 -2  0  0 -1 -4 -2  0    1   1   3  16   0   2  12   0   0  10  29   2   4   0   4   8   3   0   1   3  0.21 0.15
   67 H   -1  0  2  3 -4  0  3 -1  2 -3 -1  0 -1 -3 -2  0 -1 -4 -3 -2    6   4  10  20   0   3  23   3   5   0   9   6   2   0   1   4   2   0   0   3  0.29 0.15
   68 R    0  4 -1 -1 -4  3  2 -3 -1 -3 -3  4 -3 -4 -1 -1  0 -4 -3 -3    6  24   2   1   0  17  12   0   1   1   0  25   0   0   2   1   6   0   0   1  0.57 0.24
   69 E   -1  2  1  4 -4  2  4 -3 -1 -4 -4  1 -3 -5 -2 -1 -1 -5 -4 -4    6  12   7  27   0  10  28   0   1   0   0   6   0   0   1   1   1   0   0   0  0.62 0.21
   70 D    0 -2  2  4 -4  0  4 -3 -2 -4 -2 -1 -3 -1 -3 -1 -2 -4 -3 -3    7   0  13  32   0   2  37   0   0   0   5   0   0   3   0   1   0   0   0   0  0.65 0.20
   71 I   -2 -3 -4 -4 -2 -3 -4 -5 -4  4  4 -3  1  0 -4 -3 -2 -3 -2  2    0   0   0   0   0   0   0   0   0  37  54   0   0   0   0   0   0   0   0   9  0.59 0.11
   72 G    0 -3  0 -1 -3 -2 -2  6 -2 -4 -4 -2 -3 -3 -2  0 -2 -3 -3 -3    0   0   0   0   0   0   0 100   0   0   0   0   0   0   0   0   0   0   0   0  1.05 0.01

                      K         Lambda
Standard Ungapped    0.1297     0.3128
Standard Gapped      0.0485     0.2670
PSI Ungapped         0.1585     0.3176
PSI Gapped           0.0485     0.2670
