
Last position-specific scoring matrix computed, weighted observed percentages rounded down, information per position, and relative weight of gapless real matches to pseudocounts
            A   R   N   D   C   Q   E   G   H   I   L   K   M   F   P   S   T   W   Y   V   A   R   N   D   C   Q   E   G   H   I   L   K   M   F   P   S   T   W   Y   V
    1 M    -3  -3  -4  -5  -3  -2  -4  -5  -3  -1   0  -3  10   2  -5  -4  -3  -3  -2  -1    0   0   0   0   0   0   0   0   0   0   0   0  92   8   0   0   0   0   0   0  1.80 0.35
    2 K    -2   1  -2  -2  -5   0  -1  -3  -2  -4  -4   7  -3  -5  -3  -2  -2  -5  -4  -4    0   2   0   0   0   0   0   0   0   0   0  98   0   0   0   0   0   0   0   0  1.42 0.28
    3 V    -2  -4  -2  -4  -2  -3  -4  -4  -4   2   0  -3  -1  -2  -4  -3   0  -4  -3   6    0   0   2   0   0   0   0   0   0   8   1   1   0   0   0   0   6   0   0  82  0.84 0.21
    4 K    -2   6  -1  -3  -5   1  -1  -3  -1  -4  -3   3  -2  -4  -3  -1  -2  -4  -1  -4    1  71   1   0   0   6   0   0   0   0   1  15   0   0   0   2   0   0   3   0  1.05 0.21
    5 P     4  -3  -2  -2  -2  -2  -2   0  -3  -3  -3  -2  -2  -4   4   2   1  -4  -3  -2   54   0   0   0   0   0   0   3   0   0   0   0   0   0  19  17   7   0   0   1  0.64 0.16
    6 S     0  -2  -1  -2  -2  -2  -2  -1  -3  -3  -4  -2  -3  -4  -2   6   0  -4  -3  -1    2   0   0   0   0   0   0   1   0   0   0   0   0   0   0  92   0   0   0   5  1.06 0.26
    7 V    -2  -4  -4  -5  -2  -4  -4  -5  -5   3   1  -4   0  -2  -4  -3  -1  -4  -3   6    0   0   0   0   0   0   0   0   0  11   7   0   0   0   0   0   0   0   0  82  0.94 0.21
    8 K    -2   4  -2  -2  -5   0  -1  -2  -2  -4  -4   6  -3  -5  -3  -2  -2  -4  -3  -4    0  19   0   0   0   0   0   2   0   0   0  79   0   0   0   0   0   0   0   0  1.13 0.24
    9 T    -1   3  -2  -2  -3   0  -1  -3  -2  -4  -4   6  -3  -4   2  -1  -1  -4  -3  -3    1  11   0   0   1   1   0   0   0   0   0  69   0   0  10   1   4   0   0   2  0.83 0.19
   10 I    -2   3  -3  -4  -3  -2  -3  -4  -3   5   1  -2   4  -1  -4  -3  -2  -4  -2   1    0  25   0   0   0   0   0   0   0  52   6   0  15   1   0   0   0   0   0   1  0.59 0.17
   11 C    -2  -5  -4  -5  11  -5  -5  -4  -5  -3  -3  -5  -3  -4  -5  -1  -1  -4  -4  -3    0   0   0   0  93   0   0   0   0   0   0   0   0   0   0   3   4   0   0   0  2.59 0.35
   12 E    -1   2   0   3  -4   0   3  -1  -1  -3  -3   2  -3  -4   0   1  -1  -4  -3  -3    4  17   3  19   0   1  24   2   0   0   0  13   0   0   5  11   1   0   0   1  0.39 0.09
   13 K    -1   0   3   2  -4   0   1  -1   2  -4  -4   4  -3  -3  -2   0  -1  -4  -1  -3    2   2  21  16   0   0   6   2   6   0   0  36   0   0   0   7   0   0   2   1  0.44 0.12
   14 C    -2  -6  -5  -6  11  -5  -6  -5  -5  -3  -3  -5  -4  -5  -5  -3  -3  -4  -5  -3    0   0   0   0 100   0   0   0   0   0   0   0   0   0   0   0   0   0   0   0  2.94 0.38
   15 K    -2   4  -1  -2  -3   2   0  -2  -1  -3  -3   5  -2   0  -3  -2  -1  -3   2  -3    0  22   0   0   0   7   1   1   0   0   0  53   0   3   0   0   1   0   9   1  0.64 0.16
   16 I    -1  -3  -3  -4  -2  -3  -4  -4  -4   4   2  -2   1   0  -3  -3  -1  -3  -1   3    1   0   1   0   0   0   0   0   0  38  19   2   2   4   1   0   1   0   1  31  0.49 0.12
   17 I    -2  -4  -4  -5  -2  -4  -4  -5  -4   6   0  -3   0  -1  -4  -3  -2  -4  -1   4    0   0   0   0   0   0   0   0   0  65   2   1   0   0   0   0   0   0   1  32  0.88 0.19
   18 K    -3   6  -2  -3  -5   0  -1  -3  -1  -4  -4   5  -3  -4  -3  -2  -2   0  -3  -4    0  57   0   0   0   0   0   0   1   0   0  40   0   0   0   0   0   1   0   0  1.11 0.22
   19 R    -3   8  -2  -3  -5  -1  -2  -4  -2  -5  -4   1  -3  -5  -4  -2  -3  -5  -4  -4    0 100   0   0   0   0   0   0   0   0   0   0   0   0   0   0   0   0   0   0  1.78 0.30
   20 K    -2   3   3  -1  -4   0   0  -1   4  -4  -4   4  -3  -3  -3  -1  -2  -4  -1  -4    0  21  17   0   0   1   1   4  17   0   0  35   0   1   0   1   0   0   1   0  0.59 0.15
   21 G    -1   0   0  -2  -4  -2  -3   6  -3  -5  -5   0  -4  -5  -3  -1  -3  -4  -4  -4    0   6   4   0   0   1   0  84   0   0   0   5   0   0   0   1   0   0   0   0  1.28 0.21
   22 R    -1   5  -1  -3  -3  -1  -2  -3  -1   1  -2   2  -1  -3  -3  -2  -1  -4  -3   2    1  43   1   0   0   0   0   0   1   9   0  14   0   0   0   1   2   0   0  27  0.49 0.15
   23 V    -2  -2  -1  -4  -2  -3  -3  -4  -4   3   2  -3   0  -1  -4  -3  -1   3  -2   4    0   2   4   0   0   0   0   0   0  17  21   0   0   0   0   0   3   5   0  49  0.48 0.13
   24 M    -2   4  -3  -4  -3  -1  -2  -3  -1  -1   0  -1   5   2  -4  -2  -2  -1   4  -2    1  39   0   0   0   0   0   0   1   2   6   0  23   8   0   1   0   0  17   1  0.55 0.16
   25 V    -2  -4  -3  -5  -2  -4  -4  -5  -5   3   0  -4   0  -2  -4  -3  -1  -4  -3   6    0   0   1   0   0   0   0   0   0  15   0   0   0   0   0   0   0   0   0  84  0.99 0.22
   26 I    -2  -3  -4  -4  -3  -4  -4  -5  -4   6   1  -4   0   1  -4  -3  -2  -3   0   2    0   1   0   0   0   0   0   0   0  74   8   0   0   4   0   1   0   0   3   8  0.80 0.19
   27 C    -2  -5   0  -5  11  -5  -5  -4  -5  -3  -3  -5  -3  -4  -5  -3  -3  -4  -4  -3    0   0   7   0  93   0   0   0   0   0   0   0   0   0   0   0   0   0   0   0  2.60 0.35
   28 E     0   0  -1   0  -3   0   2  -2  -2  -1  -2   3  -2  -2  -2   2   1  -3  -2   0    2   2   0   3   0   1  13   0   0   5   1  30   0   1   0  25  10   0   1   6  0.26 0.10
   29 N    -3  -2   6   2  -4   0   0  -2   3  -2  -4  -1  -3  -4  -3  -1   0  -5  -3  -2    0   0  64  10   0   2   5   0   7   3   0   0   0   0   0   0   6   0   0   2  0.88 0.19
   30 P    -1  -3  -2  -3  -4  -2  -2  -3  -4  -4  -4   0  -4  -4   8  -1  -2  -5  -4  -3    5   0   1   0   0   1   0   0   0   0   1   5   0   1  82   2   0   0   0   0  1.97 0.26
   31 K    -2   5  -1  -2  -5   0  -1  -3  -2  -4  -4   6  -3  -4  -3  -1  -2  -4  -3  -4    0  36   1   0   0   0   0   0   0   0   0  60   0   0   0   2   0   0   0   0  1.03 0.21
   32 H    -4  -2  -1  -3  -5  -1  -2  -4  10  -5  -3  -3  -3   0  -4  -3  -4  -4   1  -5    0   0   0   0   0   0   0   0  93   0   2   0   0   3   0   0   0   0   2   0  2.22 0.34
   33 K    -2   1   0  -2  -5   0  -1  -3  -2  -4  -4   7  -3  -5  -3  -1  -2  -5  -3  -4    0   0   4   0   0   0   0   0   0   0   0  94   0   0   0   1   1   0   0   0  1.29 0.27
   34 Q    -3  -1  -2  -2  -5   8   0  -4  -1  -5  -4   0  -2  -5  -3  -2  -1  -4  -3  -4    0   0   0   0   0  98   0   0   0   0   0   0   0   0   0   0   2   0   0   0  1.75 0.34
   35 K    -3   7  -2  -3  -3   0  -2  -3  -2  -4  -4   2  -3  -4  -4  -2  -3  -4  -3  -3    1  86   0   0   1   0   0   1   0   0   0  10   0   0   0   0   0   0   0   2  1.37 0.25
   36 Q    -2  -1  -2  -2  -5   8   0  -4  -1  -5  -4   0  -2  -5  -3  -2  -3  -4  -3  -4    2   0   0   0   0  98   0   0   0   0   0   0   0   0   0   0   0   0   0   0  1.76 0.34
   37 G    -1  -4  -2  -3  -4  -3  -4   7  -4  -5  -5  -3  -4  -5  -4  -2  -3  -4  -5  -5    0   0   0   0   0   0   0 100   0   0   0   0   0   0   0   0   0   0   0   0  1.72 0.24

                      K         Lambda
Standard Ungapped    0.1345     0.3210
Standard Gapped      0.0590     0.2670
PSI Ungapped         0.1926     0.3149
PSI Gapped           0.0590     0.2670
