
Last position-specific scoring matrix computed, weighted observed percentages rounded down, information per position, and relative weight of gapless real matches to pseudocounts
            A   R   N   D   C   Q   E   G   H   I   L   K   M   F   P   S   T   W   Y   V   A   R   N   D   C   Q   E   G   H   I   L   K   M   F   P   S   T   W   Y   V
    1 G     0  -2  -1  -1  -3  -2  -2   6  -2  -4  -4  -2  -3  -3  -2   0  -2  -3  -3  -3    0   0   0   0   0   0   0 100   0   0   0   0   0   0   0   0   0   0   0   0  1.08 0.01
    2 L    -1  -2  -4  -4  -1  -2  -3  -4  -3   2   4  -3   2   0  -3  -3  -1  -2  -1   1    0   0   0   0   0   0   0   0   0  11  81   0   0   0   0   0   0   0   0   8  0.43 0.01
    3 P    -1  -2  -2  -2  -3  -2  -1  -2  -2  -3  -3  -1  -3  -4   8  -1  -1  -4  -3  -3    0   0   0   0   0   0   0   0   0   0   0   0   0   0 100   0   0   0   0   0  2.12 0.03
    4 V     1  -2  -2  -2  -1  -2  -2  -2  -3   2   0  -2   0  -1  -2   0   2  -3  -1   3   11   0   0   0   0   0   0   0   0   9   0   0   0   0   0   0  24   0   0  56  0.23 0.01
    5 C    -1  -4  -3  -4  10  -3  -4  -3  -4  -2  -2  -4  -2  -3  -3  -1  -1  -3  -3  -1    0   0   0   0 100   0   0   0   0   0   0   0   0   0   0   0   0   0   0   0  1.63 0.07
    6 G     0  -3  -1  -2  -3  -2  -2   6  -2  -4  -4  -2  -3  -4  -2  -1  -2  -3  -3  -4    0   0   0   0   0   0   0 100   0   0   0   0   0   0   0   0   0   0   0   0  1.19 0.05
    7 E    -1   0  -1   1  -4   2   6  -3   0  -4  -3   0  -2  -4  -1   0  -1  -3  -2  -3    0   0   0   0   0   0 100   0   0   0   0   0   0   0   0   0   0   0   0   0  0.90 0.05
    8 T     0  -1   0  -1  -1  -1  -1  -1  -2  -1  -2  -1  -1  -3  -1   3   5  -3  -2  -1    0   0   0   0   0   0   0   0   0   0   0   0   0   0   0  28  72   0   0   0  0.51 0.04
    9 C    -1  -4  -3  -4  10  -3  -4  -3  -4  -2  -2  -4  -2  -3  -3  -1  -1  -3  -3  -1    0   0   0   0 100   0   0   0   0   0   0   0   0   0   0   0   0   0   0   0  1.63 0.07
   10 F    -2  -3  -3  -3  -2  -3  -3  -3  -2   0   0  -3   0   6  -3  -2   0   0   2   1    0   0   0   0   0   0   0   0   0   0   0   0   0  75   0   0  12   0   0  14  0.58 0.04
   11 G     0  -1  -1  -2  -2   0  -1   4  -2  -1   0   1  -1  -2  -2   0   0  -3  -2  -2    0   0   0   0   0   5   0  51   0   0  20  13   0   0   0   0  11   0   0   0  0.34 0.02
   12 G     0  -3  -1  -2  -3  -2  -3   6  -2  -4  -3  -2  -3   0  -3  -1  -2  -2  -2  -3    0   0   0   0   0   0   0  93   0   0   0   0   0   7   0   0   0   0   0   0  1.02 0.04
   13 T     0  -1   0  -1  -1   0   0  -2  -2   0  -1   1  -1  -2  -1   1   4  -3  -2   0    0   0   0   0   0   0   5   0   0   7   0  13   0   0   0   6  68   0   0   0  0.36 0.03
   14 C    -1  -4  -3  -4  10  -3  -4  -3  -4  -2  -2  -4  -2  -3  -3  -1  -1  -3  -3  -1    0   0   0   0 100   0   0   0   0   0   0   0   0   0   0   0   0   0   0   0  1.63 0.07
   15 N    -2  -1   4  -1  -3  -1  -1  -2   1  -2  -2  -1  -2   2  -3  -1  -1   0   5  -2    0   0  48   0   0   0   0   0   0   0   0   0   0   7   0   0   0   0  45   0  0.56 0.04
   16 T     0  -2   0  -2  -1  -1  -1  -2  -2  -1  -1  -1  -1  -2  -1   1   5  -3  -2   0    0   0   0   0   0   0   0   0   0   0   0   0   0   0   0   0  93   0   0   7  0.57 0.05
   17 P     0  -1  -1  -2  -3   0  -1  -2  -2  -3  -3   0  -2  -4   7  -1  -1  -4  -3  -2    7   0   4   0   0   4   0   0   0   0   0   8   0   0  77   0   0   0   0   0  1.49 0.04
   18 G     0   0   0   0  -3  -2  -2   6  -2  -4  -4  -1  -3  -3  -2  -1  -2  -3  -3  -3    0   7   0   7   0   0   0  85   0   0   0   0   0   0   0   0   0   0   0   0  0.91 0.04
   19 C    -1  -4  -3  -4  10  -3  -4  -3  -4  -2  -2  -4  -2  -3  -3  -1  -1  -3  -3  -1    0   0   0   0 100   0   0   0   0   0   0   0   0   0   0   0   0   0   0   0  1.63 0.07
   20 A     1  -1   0  -1  -1  -1  -1  -1  -1  -1  -2  -1  -1  -2  -1   4   3  -3  -2  -1    6   0   0   0   0   0   0   0   0   3   0   0   0   0   0  62  28   0   0   0  0.40 0.03
   21 C    -1  -4  -3  -4  10  -3  -4  -3  -4  -2  -2  -4  -2  -3  -3  -1  -1  -3  -3  -1    0   0   0   0 100   0   0   0   0   0   0   0   0   0   0   0   0   0   0   0  1.63 0.07
   22 D     0  -1   2   3  -2   0   1   1  -1  -3  -3  -1  -2  -3  -1   3   1  -3  -2  -2    0   0   7  29   0   0   4   8   0   0   0   0   0   0   0  43   9   0   0   0  0.39 0.02
   23 P     0   0  -1   0  -1   0   1  -1  -1  -1  -1   0  -1  -2   5   0   0  -1  -1  -1    3   2   2   2   1   2  11   3   1   2   4   8   1   2  34   9   7   1   1   3  0.44 0.01
   24 W    -3  -3  -4  -5  -3  -2  -3  -3  -2  -3  -2  -3  -2   1  -4  -3  -3  11   4  -3    0   0   0   0   0   0   0   0   0   0   0   0   0   0   0   0   0  84  16   0  2.27 0.07
   25 P    -1  -2  -2  -2  -3  -1  -1  -2  -2  -3  -3   0  -3  -4   8  -1  -1  -4  -3  -3    0   0   0   0   0   0   0   0   0   0   0   8   0   0  92   0   0   0   0   0  1.94 0.06
   26 V    -1  -3  -3  -3  -1  -2  -3  -3  -3   3   2  -2   1  -1  -3  -2   0  -3  -1   3    0   0   0   0   0   0   0   0   0  34  14   0   3   0   0   0   7   0   0  41  0.32 0.02
   27 C    -1  -4  -3  -4  10  -3  -4  -3  -4  -2  -2  -4  -2  -3  -3  -1  -1  -3  -3  -1    0   0   0   0 100   0   0   0   0   0   0   0   0   0   0   0   0   0   0   0  1.63 0.07
   28 T     0   0   0  -1  -1   0  -1  -2  -1  -1  -1   1   1  -1  -1   1   4  -2   1  -1    6   0   0   0   0   0   0   0   0   0   0  17   7   0   0  10  52   0   8   0  0.26 0.03
   29 R    -1   5   0  -2  -4   1   0  -2   2  -3  -3   3  -2  -3  -2  -1  -1  -3  -1  -3    0  70   0   0   0   0   0   0   7   0   0  23   0   0   0   0   0   0   0   0  0.66 0.03
   30 D    -2  -1   6   3  -3   0   0  -1   0  -4  -4  -1  -3  -3  -2   0   0  -4  -3  -3    0   0  76  24   0   0   0   0   0   0   0   0   0   0   0   0   0   0   0   0  0.75 0.03

                      K         Lambda
Standard Ungapped    0.1493     0.3253
Standard Gapped      0.0493     0.2670
PSI Ungapped         0.1610     0.3217
PSI Gapped           0.0493     0.2670
