
Last position-specific scoring matrix computed, weighted observed percentages rounded down, information per position, and relative weight of gapless real matches to pseudocounts
            A   R   N   D   C   Q   E   G   H   I   L   K   M   F   P   S   T   W   Y   V   A   R   N   D   C   Q   E   G   H   I   L   K   M   F   P   S   T   W   Y   V
    1 R    -2   6  -1  -2  -4   1   0  -3  -1  -3  -3   2  -2  -3  -2  -1  -1  -3  -2  -3    0 100   0   0   0   0   0   0   0   0   0   0   0   0   0   0   0   0   0   0  0.90 0.04
    2 E    -1   0  -1   1  -4   2   6  -2   0  -4  -3   1  -2  -4  -1   0  -1  -3  -2  -3    0   0   0   0   0   0 100   0   0   0   0   0   0   0   0   0   0   0   0   0  0.86 0.04
    3 V    -1  -2  -3  -3  -1   0  -2  -3  -3   2   1  -2   1  -1  -3  -2   0  -3  -1   4    0   0   0   0   0   7   0   0   0   6  10   0   0   0   0   0   0   0   0  77  0.32 0.03
    4 C    -1  -4  -3  -4  10  -3  -4  -3  -3  -2  -2  -4  -2  -3  -3  -1  -1  -3  -3  -1    0   0   0   0 100   0   0   0   0   0   0   0   0   0   0   0   0   0   0   0  1.53 0.06
    5 E    -1   0  -1   1  -4   2   6  -2   0  -4  -3   1  -2  -4  -1   0  -1  -3  -2  -3    0   0   0   0   0   0 100   0   0   0   0   0   0   0   0   0   0   0   0   0  0.86 0.04
    6 L    -1  -2  -3  -4  -1  -2  -3  -4  -3   2   4  -2   2   0  -3  -2   0  -2  -1   1    0   0   0   0   0   0   0   0   0   0  78   0   0   0   0   0   8   0   0  14  0.39 0.02
    7 N    -2  -1   6   2  -3   0   0  -1   0  -4  -4   0  -3  -3  -2   1   0  -4  -2  -3    0   0  84  10   0   0   0   0   0   0   0   0   0   0   0   6   0   0   0   0  0.75 0.04
    8 P    -1  -2  -3  -2  -2  -2  -2  -3  -3   1   1  -2   1  -2   6  -1  -1  -3  -2   1    0   0   0   0   0   0   0   0   0   7  18   0   8   0  55   0   0   0   0  12  0.89 0.02
    9 D     3  -1   1   3  -1  -1   0   0  -1  -2  -2  -1  -2  -3  -1   1   0  -3  -2  -1   56   0  10  28   0   0   0   0   0   0   0   0   0   0   0   6   0   0   0   0  0.34 0.02
   10 C    -1  -4  -3  -4  10  -3  -4  -3  -3  -2  -2  -4  -2  -3  -3  -1  -1  -3  -3  -1    0   0   0   0 100   0   0   0   0   0   0   0   0   0   0   0   0   0   0   0  1.53 0.06
   11 D    -2  -2   1   6  -4   0   3  -2  -1  -3  -4  -1  -3  -4  -2   0  -1  -4  -3  -3    0   0   0  82   0   0  18   0   0   0   0   0   0   0   0   0   0   0   0   0  0.91 0.03
   12 E    -1   0   0   1  -4   2   5  -2   4  -4  -3   0  -2  -3  -2   0  -1  -3  -1  -3    0   0   0   0   0   0  82   0  18   0   0   0   0   0   0   0   0   0   0   0  0.71 0.04
   13 L    -1  -2  -3  -4  -2  -1  -3  -4  -2   1   3  -2   5   0  -3  -2  -1  -2  -1   1    0   0   0   0   0   0   0   0   0   0  55   0  45   0   0   0   0   0   0   0  0.44 0.03
   14 A     4  -2  -1  -2  -1  -1  -1   0  -2  -1  -1  -1   1  -2  -1   2   0  -3  -2   0   73   0   0   0   0   0   0   0   0   0   0   0  10   0   0  17   0   0   0   0  0.35 0.03
   15 D    -2  -2   2   6  -4   0   2  -2  -1  -3  -4  -1  -3  -4  -2   0  -1  -4  -3  -3    0   0  10  83   0   0   7   0   0   0   0   0   0   0   0   0   0   0   0   0  0.90 0.03
   16 H     0   0   0  -1  -2   3   0  -2   4  -2  -2   0  -1  -2  -2   0   3  -3  -1  -1    8   0   0   0   0  34   0   0  21   0   0   0   0   0   0   0  37   0   0   0  0.34 0.03
   17 I     1  -1  -2  -2  -2   1   0  -2  -1   2   0  -1   1   0  -2  -1  -1  -1   3   1   19   0   0   0   0   8  10   0   0  27   0   0   5   0   0   0   0   0  17   6  0.06 0.01
   18 G     0  -3  -1  -2  -3  -2  -2   6  -2  -4  -4  -2  -3  -3  -2  -1  -2  -3  -3  -4    0   0   0   0   0   0   0 100   0   0   0   0   0   0   0   0   0   0   0   0  1.15 0.04
   19 F    -2  -3  -3  -4  -2  -3  -3  -4  -3   3   2  -3   1   4  -3  -3  -1  -1   1   1    0   0   0   0   0   0   0   0   0  45  23   0   0  32   0   0   0   0   0   0  0.37 0.02
   20 Q    -1   0  -1  -2  -2   3   0  -3  -1   1  -1   2   0  -2  -2  -1  -1  -3  -2   2    0   0   0   0   0  38   0   0   0  10   0  17   0   0   0   0   0   0   0  35  0.22 0.02
   21 E     3  -1   0   2  -2   0   2  -1  -1  -2  -2   0  -2  -3  -1   1   1  -3  -2  -1   45   0   0  17   0   0  21   0   0   0   0   0   0   0   0   0  17   0   0   0  0.28 0.02
   22 A     5  -2  -2  -2  -1  -1  -1   0  -2  -2  -2  -1  -1  -3  -1   1   0  -3  -2   0  100   0   0   0   0   0   0   0   0   0   0   0   0   0   0   0   0   0   0   0  0.51 0.04
   23 Y    -2  -2  -2  -4  -3  -2  -2  -3   1  -2  -1  -2  -1   3  -3  -2  -2   2   7  -2    0   0   0   0   0   0   0   0   0   0   0   0   0   0   0   0   0   0 100   0  1.10 0.05
   24 R    -1   4   0  -1  -3   4   1  -2   0  -3  -2   3  -1  -3  -2  -1  -1  -3  -2  -3    0  46   0   0   0  35   0   0   0   0   0  19   0   0   0   0   0   0   0   0  0.55 0.01

                      K         Lambda
Standard Ungapped    0.1421     0.3219
Standard Gapped      0.0423     0.2670
PSI Ungapped         0.1382     0.3109
PSI Gapped           0.0423     0.2670
