
Last position-specific scoring matrix computed, weighted observed percentages rounded down, information per position, and relative weight of gapless real matches to pseudocounts
            A   R   N   D   C   Q   E   G   H   I   L   K   M   F   P   S   T   W   Y   V   A   R   N   D   C   Q   E   G   H   I   L   K   M   F   P   S   T   W   Y   V
    1 D    -2  -2   1   7  -4  -1   1  -2  -2  -4  -4  -1  -4  -4  -2  -1  -1  -5  -4  -4    0   0   0 100   0   0   0   0   0   0   0   0   0   0   0   0   0   0   0   0  1.14 0.08
    2 A     1  -2  -1   2  -2  -2  -1   0  -3   2   0  -2  -1  -2   1  -1  -1  -3  -2   2   21   0   0  20   0   0   0   7   0  23   0   0   0   0   6   0   0   0   0  23  0.16 0.05
    3 E    -1  -2  -2  -2  -2  -1   0  -3  -1   0   1  -2   3   3  -3  -1   1  -1   3   0    6   0   0   0   0   0   9   0   0   0  19   0  17  24   0   0  15   0  11   0  0.23 0.06
    4 C    -2  -5  -4  -5  11  -4  -5  -4  -5  -3  -3  -5  -3  -4  -4  -2  -2  -4  -4  -2    0   0   0   0 100   0   0   0   0   0   0   0   0   0   0   0   0   0   0   0  2.54 0.33
    5 E    -1  -1   1   3  -3   3   3  -2  -1  -2  -3   1  -2  -4  -2   1  -1  -4  -3  -1    0   0   3  25   0  26  18   0   0   0   0   5   0   0   0  14   0   0   0   9  0.43 0.11
    6 I     1  -2  -2   1  -2  -1   1   0  -2   2  -1  -2  -1  -2  -2  -1  -1  -3  -2   3   15   0   0   9   0   0  17   9   0  17   0   0   0   0   0   0   0   0   0  34  0.17 0.08
    7 C    -2  -5  -4  -5  11  -4  -5  -4  -5  -3  -3  -5  -3  -4  -4  -2  -2  -4  -4  -2    0   0   0   0 100   0   0   0   0   0   0   0   0   0   0   0   0   0   0   0  2.54 0.33
    8 K    -1   0  -1   0  -3   2   4  -3  -1   0  -1   2   1  -3  -2  -1  -1  -3  -2   0    0   0   0   0   0  13  43   0   0   9   5  17   5   0   0   0   0   0   0   9  0.37 0.11
    9 F    -2  -2   2   1  -3   1  -1  -3  -1   1   1  -2   4   2  -3  -1   0  -2   1  -1    0   0  15  12   0   9   0   0   0   8   9   0  23  13   0   0   6   0   5   0  0.18 0.09
   10 V     1  -3  -3  -3  -2  -2  -3   0  -3   3   1  -2   2  -1  -3  -1   0  -3  -2   3   14   0   0   0   0   0   0   8   0  22  10   0   9   0   0   0   4   0   0  33  0.25 0.08
   11 I     0  -3  -3  -4  -2  -3  -3  -3  -4   2   0  -3   0  -2  -3  -1  -1  -4  -2   5    8   0   0   0   0   0   0   0   0   5   0   0   0   0   0   5   0   0   0  82  0.65 0.17
   12 Q     0   1  -1  -2  -2   2   0  -2   2  -1  -2   1  -1  -3  -2   1   2  -3  -2   1    6   9   0   0   0  16   0   0   7   0   0  13   0   0   0  17  15   0   0  18  0.20 0.08
   13 Q    -2  -1  -2   1  -3   1   2  -3  -2   0   1   1  -1  -1  -3  -2  -2   6   1   0    0   0   0   9   0   5  19   0   0   5  20  10   0   0   0   0   0  18   6   9  0.33 0.09
   14 V     0  -3  -3  -4  -2  -2  -3  -3  -3   2   3  -3   3  -1  -3  -2  -1  -3  -2   2   11   0   0   0   0   0   0   0   0  16  44   0  11   0   0   0   0   0   0  18  0.39 0.10
   15 E    -1  -1  -1   2  -3   3   3   0  -1  -3  -2   0   0  -3  -2   0   2  -3  -3  -2    3   0   0  16   0  23  26   6   0   0   0   0   5   0   0   0  21   0   0   0  0.40 0.11
   16 A     0   0   4   1  -3   2   1  -2   2  -4  -3   3  -2  -4  -2   0  -1  -4  -2  -3    5   0  29   8   0   9   5   0   5   0   0  35   0   0   0   4   0   0   0   0  0.45 0.11
   17 F     0  -2  -3  -3  -2   2   0  -3  -2   0   2  -2   3   2  -3  -2  -2   5   0  -1    9   0   0   0   0  18   6   0   0   0  27   0  17  14   0   0   0  10   0   0  0.32 0.11
   18 I     1  -3  -3  -3  -2  -2  -3  -3  -3   3   3  -2   1  -1  -3  -1   1  -3  -2   2   13   0   0   0   0   0   0   0   0  26  39   0   0   0   0   0  12   0   0   9  0.32 0.09
   19 E     0   3  -1   2  -3   2   2  -2  -1  -2  -2   3   0  -3  -2  -1  -1  -3  -2  -1    7  20   0  13   0   9  11   0   0   0   0  31   5   0   0   0   0   0   0   5  0.35 0.09
   20 S    -1   0   2   1  -3   2   2  -2  -1  -2  -2   2  -2  -3  -2   1   1  -3  -2   0    0   0  13   6   0  14  20   0   0   0   0  14   0   0   0  10  14   0   0   9  0.29 0.08
   21 N     0  -2   7   2  -4  -1  -1  -1   3  -4  -4  -1  -3  -4  -3   0  -1  -5  -3  -4    9   0  75   7   0   0   0   0   9   0   0   0   0   0   0   0   0   0   0   0  0.98 0.20
   22 H     2   1   1  -1  -2   0  -1  -1   1   0  -2   1   0  -3  -2   2   0  -3  -2  -1   27   8   9   0   0   4   0   0   5   9   0  14   4   0   0  19   0   0   0   0  0.18 0.07
   23 S    -1  -2  -1  -2  -2  -2  -2  -2  -2  -2  -2  -2  -2   3  -2   3   5  -2  -1  -1    0   0   0   0   0   0   0   0   0   0   0   0   0  17   0  27  56   0   0   0  0.58 0.17
   24 Q    -1   0  -1  -1  -3   5   4  -3  -1  -3  -1   1  -1  -3  -2  -1   1  -3  -2  -2    0   0   0   0   0  38  32   0   0   0   8   7   0   0   0   0  14   0   0   0  0.54 0.14
   25 A     1  -1  -1   3  -2   0   3  -2  -1  -2  -1   0  -2  -3  -1   0   1  -3  -2  -2   20   0   0  20   0   0  29   1   0   0   6   5   0   0   0   1  14   0   0   1  0.30 0.08
   26 E    -1   1  -1  -1  -2   0   3  -2  -1  -1   1   0   2  -2  -2   0   0  -2  -2  -1    4   8   0   0   0   0  33   1   0   0  25   6  10   0   0   5   4   0   0   1  0.20 0.07
   27 I    -2  -4  -4  -4  -2  -4  -4  -5  -4   6   1  -4   0  -1  -4  -3  -1  -4  -2   3    0   0   0   0   0   0   0   0   0  73   0   0   0   0   0   0   0   0   0  27  0.81 0.18
   28 Q    -1   2   1  -2  -2   2   0  -3  -1   1   2   0   0  -2  -3   0   0  -3  -2   0    0  17   9   0   0  14   6   0   0  17  27   0   0   0   0   5   5   0   0   0  0.15 0.07
   29 K     1   0   2   1  -3   0   0  -2   6  -4  -3   3  -2  -3  -2  -1  -2  -4  -1  -3   14   0  14   8   0   0   0   0  33   0   0  30   0   0   0   0   0   0   0   0  0.54 0.14
   30 E     2  -2  -2  -2  -2  -2   0   0  -1  -2  -1  -2  -1   3  -2   0   0  -1   4  -1   27   0   0   0   0   0   5   8   0   0   6   0   0  17   0   9   5   0  23   0  0.26 0.09
   31 L    -1  -2  -3  -4  -2  -2  -3  -4  -3   2   4   0   3   1  -3  -2  -2  -2  -1   1    3   0   0   0   0   0   0   0   0   7  60   9   9   4   0   0   0   0   0   7  0.40 0.11
   32 N    -2  -1   3   3  -4   0   5  -2  -1  -4  -4   0  -3  -4  -2   1  -1  -4  -3  -3    0   0  23  13   0   0  56   0   0   0   0   0   0   0   0   8   0   0   0   0  0.75 0.16
   33 K    -1   3   0   1  -4   3   2  -2   1  -4  -3   3  -2  -4  -2   0  -1  -3  -2  -3    0  19   0   8   0  22  17   0   5   0   0  24   0   0   0   5   0   0   0   0  0.50 0.10
   34 L    -1  -2  -3  -2   3  -1   1  -4  -3   1   3  -2   1  -1  -3  -2   0  -3  -2   2    0   0   0   0   9   0  17   0   0   0  40   0   4   0   0   0   6   0   0  24  0.27 0.10
   35 C    -2  -5  -3   1  10  -4  -4  -4  -4  -3  -3  -4  -3  -4  -4  -2  -2  -4  -4  -2    0   0   0   9  91   0   0   0   0   0   0   0   0   0   0   0   0   0   0   0  2.15 0.30
   36 S     1   1   1   3  -2   0   2  -1   1  -3  -3   0  -2  -3  -2   2   0  -4  -2  -2   13   9   3  24   0   0  13   0   6   0   0   0   0   0   0  27   5   0   0   0  0.34 0.09
   37 S    -1   2  -2  -3  -2  -1  -2  -3  -1   1   1   1   0   1  -3   0  -1   3   2   1    0  14   0   0   0   0   0   0   0   7  14  11   0   6   0  14   0   6   9  20  0.13 0.06
   38 V    -2  -2  -3  -4  -2  -2  -3   0  -3   1   4   0   3  -1  -3  -2  -2  -3  -2   1    0   0   0   0   0   0   0   9   0   6  57   8   9   0   0   0   0   0   0  11  0.35 0.10
   39 P    -2  -3  -3  -2  -4  -2   0  -3  -3  -4  -4  -2  -4  -5   8   0  -2  -5  -4  -4    0   0   0   0   0   0   8   0   0   0   0   0   0   0  86   6   0   0   0   0  2.04 0.24
   40 S     0  -2  -1  -1  -2  -1   2   1  -2  -2   0  -1  -1  -3   1   4   0  -3  -3  -2    0   0   0   0   0   0  17   9   0   0  17   0   0   0   5  52   0   0   0   0  0.33 0.13
   41 I    -2  -2  -3  -4  -2   1  -2  -4  -3   2   3  -2   3  -1  -3  -2  -1  -3  -2   2    0   0   0   0   0   9   0   0   0  14  45   0  13   0   0   0   0   0   0  19  0.40 0.10
   42 T     2  -1  -1  -2  -2  -1  -1  -1  -2  -1  -2   1  -1  -3   2   3   2  -3  -2   1   16   0   0   0   0   0   0   0   0   0   0   9   0   0   9  33  19   0   0  13  0.30 0.09
   43 Q     0  -1  -1   2  -3   3   3  -2  -1  -3  -3   1  -2  -4   3  -1   1  -4  -3  -3    6   0   0  16   0  24  21   0   0   0   0   6   0   0  18   0   9   0   0   0  0.51 0.10
   44 T    -1   1  -1  -1  -2   4   1  -3  -1  -1  -1   0   2  -3  -2   0   2  -3  -2   1    0   8   0   0   0  33   9   0   0   0   4   0   8   0   0   6  17   0   0  14  0.28 0.10
   45 C    -2  -5  -4  -5  10  -4  -5  -4  -5  -3  -3  -5  -3  -4  -4  -2  -2  -4  -4  -2    0   0   0   0 100   0   0   0   0   0   0   0   0   0   0   0   0   0   0   0  2.53 0.32
   46 L    -1   2  -1  -2  -3   2  -1  -3   1   1   0   2  -1  -1  -2  -1   1  -2   2   0    0  13   0   0   0  12   0   0   5  11   8  26   0   0   0   0   9   0   9   8  0.17 0.07
   47 S    -1  -1   1  -1  -3   2   2   0   2  -1  -1   0  -1  -2  -2   1   1  -3  -2  -1    0   0   8   0   0  17  17   9   9   6   9   0   0   0   0  13  11   0   0   0  0.18 0.07
   48 I    -1  -3  -4  -4  -2  -3  -3  -4  -3   3   2  -3   2   0  -3  -3  -1  -2   1   4    0   0   0   0   0   0   0   0   0  17  20   0   5   0   0   0   0   0   8  50  0.45 0.11
   49 A     0  -3  -3  -3  -2  -2   0  -3  -3   3   2  -2   1  -1  -3  -2  -1  -3  -2   3    8   0   0   0   0   0   8   0   0  17  27   0   0   0   0   0   0   0   0  40  0.33 0.09
   50 R    -2   1   2   6  -4   1   0   0  -1  -4  -4  -1  -3  -4  -2   0  -1  -4  -3  -4    0   8   9  62   0   8   0   5   0   0   0   0   0   0   0   8   0   0   0   0  0.77 0.14
   51 M    -1  -1   1  -1  -2   3  -1  -2  -1  -1  -2   1   1  -2  -2   1   3  -2   1   0    0   0   9   0   0  20   0   0   0   0   0   9   8   0   0   6  31   0   8   8  0.25 0.10
   52 V    -3  -3  -3  -3  -3  -2   0  -4   0  -2  -2  -3  -2   3  -4  -3  -3   1   8   0    0   0   0   0   0   0   8   0   0   0   0   0   0   9   0   0   0   0  75   8  1.17 0.21
   53 P    -1  -2  -1   0  -3   1  -1  -2  -2  -2  -3   0  -2  -4   5   3  -1  -4  -3   0    0   0   0   4   0   7   0   0   0   0   0   5   0   0  39  35   0   0   0   9  0.74 0.14
   54 Y    -1  -2  -1   1  -2  -1   0  -2  -2   0   0  -1  -1  -1   3   1   0  -2   1   1    0   0   0   9   0   0   8   0   0   0  13   0   0   0  20  17   7   0   8  19  0.24 0.07
   55 I    -2  -3  -3  -3  -2  -3  -1  -4  -4   5   1  -3   2  -1  -3  -1  -1  -3  -2   3    0   0   0   0   0   0   5   0   0  63   0   0   5   0   0   6   0   0   0  22  0.53 0.14
   56 I     0  -3  -4  -4  -2  -3  -3  -4  -4   4   3  -3   1  -1  -3  -2  -1  -3  -2   2    8   0   0   0   0   0   0   0   0  44  30   0   0   0   0   0   0   0   0  17  0.46 0.11
   57 K     0  -1  -1   3  -3   1   1  -2  -2   0  -2   2  -1  -3  -2   0  -1  -4  -2   1    4   0   0  26   0   8   9   0   0   8   0  17   0   0   0   7   0   0   0  20  0.22 0.07
   58 K    -2  -1  -2  -3  -2   2  -1  -3   1   1   3   0   3   0  -3  -2  -2  -1   3   0    0   0   0   0   0  19   0   0   4   7  38   8  11   0   0   0   0   0  13   0  0.27 0.10
   59 L    -2  -3  -4  -4  -2  -3  -4  -4  -3   2   4  -3   3   3  -4  -3  -2  -2   0   0    0   0   0   0   0   0   0   0   0  15  59   0   8  18   0   0   0   0   0   0  0.56 0.12
   60 E     0  -1  -1  -2  -2   3   1  -2  -1  -1   2   0   3  -2  -2   0  -1  -3  -2   0    8   0   0   0   0  27   8   0   0   0  23   6  13   0   0   9   0   0   0   6  0.21 0.09
   61 E     2  -1  -1   0  -2   1   3   0  -1  -3  -2  -1   1  -3  -2   3   0  -3  -2  -2   18   0   0   4   0   4  25   4   0   0   0   0   8   0   0  36   0   0   0   0  0.33 0.11
   62 H    -2  -1   0   3  -4   2   3  -3   5  -3  -2   1   2  -3  -2  -1  -2  -3  -1  -3    0   0   0  19   0  13  23   0  20   0   0  11  14   0   0   0   0   0   0   0  0.46 0.12
   63 N    -1  -2   0  -2  -2  -1  -1  -3  -2   2   0  -2   5   1  -3   0   0  -2  -1   1    4   0   8   0   0   0   5   0   0  19   0   0  34   9   0   6   7   0   0   8  0.24 0.11
   64 S    -1  -1   4   1  -3   3   0  -2  -1  -3  -3   0  -2  -3  -2   2   2  -4  -2  -2    0   0  28   8   0  20   0   0   0   0   0   4   0   0   0  19  20   0   0   0  0.44 0.11
   65 P     0  -3  -3  -3  -4  -2  -2  -3  -3  -4  -4  -2  -4  -5   8  -2  -2  -5  -4  -3    9   0   0   0   0   0   0   0   0   0   0   0   0   0  91   0   0   0   0   0  2.21 0.25
   66 G    -1   0   0   2  -3   0   3   1  -1  -3  -3   3  -2  -4  -2   1   1  -4  -3  -3    0   0   0   9   0   0  27  13   0   0   0  32   0   0   0   9   8   0   0   0  0.40 0.10
   67 Q     0   0  -1   1  -3   2   1  -2  -1   0   0   2   0   2  -2  -1  -1  -2  -1   0    8   0   0   8   0  17   6   0   0   5  12  22   0  12   0   0   0   0   0   9  0.12 0.06
   68 V    -1  -3  -4  -4  -2  -3  -4  -4  -4   4   1  -3   0  -1  -3  -3  -1  -3  -2   4    0   0   0   0   0   0   0   0   0  38   9   0   0   0   0   0   0   0   0  53  0.63 0.14
   69 C    -2  -5  -4  -5  10  -4  -5  -4  -5  -3  -3  -5  -3  -4  -4  -2  -2  -4  -4  -2    0   0   0   0 100   0   0   0   0   0   0   0   0   0   0   0   0   0   0   0  2.53 0.32
   70 Q     0  -1   1  -1  -2   2   0   2   2  -3  -3   1  -2  -3  -2   3   1  -3  -2  -3    0   0   4   0   0  12   5  18   9   0   0  11   0   0   0  34   8   0   0   0  0.33 0.09
   71 G     0  -1  -1  -2  -2   2   0   0   4  -2   0   0   1   1  -2  -1   1  -2   2  -1    6   0   0   0   0  12   4   8  18   0   8   8   7   6   0   0  14   0   9   0  0.15 0.07
   72 L    -2  -3  -4  -4  -2  -3  -3  -4  -3   3   3  -3   2   2  -3  -3  -1  -2  -1   2    0   0   0   0   0   0   0   0   0  17  47   0   5   9   0   0   0   0   0  21  0.46 0.10
   73 H    -1   1   1  -1  -4   0   1   4   4  -4  -4   2  -3  -3  -2  -1  -2  -3  -2  -4    0   6   6   0   0   0   9  45  15   0   0  19   0   0   0   0   0   0   0   0  0.54 0.11
   74 L    -2  -3  -4  -4  -2  -3  -4  -4  -3   2   4  -3   1   3  -4  -3  -2  -2   0   1    0   0   0   0   0   0   0   0   0   9  65   0   0  17   0   0   0   0   0   8  0.57 0.12
   75 C    -2  -5  -4  -5  10  -4  -5  -4  -5  -3  -3  -5  -3  -4  -4  -2  -2  -4  -4  -2    0   0   0   0 100   0   0   0   0   0   0   0   0   0   0   0   0   0   0   0  2.53 0.32
   76 K     0   0  -1  -1  -3   1   0   3  -1  -3  -3   3   1  -3  -2   2  -1  -3  -2  -3    0   0   0   0   0   8   0  24   0   0   0  35   6   0   0  28   0   0   0   0  0.36 0.09
   77 S     2  -2  -1  -1  -2  -1  -1   2  -2  -3  -3  -1  -2  -3   3   3   0  -3  -2  -2   25   0   0   0   0   0   0  16   0   0   0   0   0   0  14  45   0   0   0   0  0.45 0.07
   78 S     2  -2  -1  -1  -1  -1  -1   3  -2  -2  -2  -1  -2  -3  -1   2   2  -3  -2  -1   33   0   0   0   0   0   0  27   0   0   0   0   0   0   0  14  26   0   0   0  0.36 0.04

                      K         Lambda
Standard Ungapped    0.1300     0.3183
Standard Gapped      0.0399     0.2670
PSI Ungapped         0.1304     0.3178
PSI Gapped           0.0399     0.2670
