
Last position-specific scoring matrix computed, weighted observed percentages rounded down, information per position, and relative weight of gapless real matches to pseudocounts
           A  R  N  D  C  Q  E  G  H  I  L  K  M  F  P  S  T  W  Y  V   A   R   N   D   C   Q   E   G   H   I   L   K   M   F   P   S   T   W   Y   V
    1 M   -2 -3 -3 -4 -2 -2 -3 -4 -3  2  2 -3  7  1 -4 -3 -1 -2 -1  1    0   0   0   0   0   0   0   0   0  17  13   0  66   4   0   0   0   0   0   0  0.62 0.11
    2 N   -2 -1  7  2 -4 -1 -1 -1  0 -4 -4 -1 -3 -4 -3  0  0 -5 -3 -4    0   0  89   5   0   0   0   0   0   0   0   0   0   0   0   3   3   0   0   0  1.04 0.13
    3 L   -2 -3 -4 -4 -2 -3 -3 -4 -3  2  3 -3  1  2 -4 -2 -1  6  0  0    2   0   0   0   0   0   0   0   0  13  50   0   0  13   0   4   2  17   0   0  0.48 0.06
    4 E   -2 -1  0  1 -5  3  6 -3 -1 -4 -4  0 -3 -4 -2 -1 -2 -4 -3 -3    0   0   4   0   0  13  83   0   0   0   0   0   0   0   0   0   0   0   0   0  0.91 0.11
    5 V   -1 -3 -3 -3 -2 -3 -3 -4 -3  3  2 -3  1 -1  1 -2  1 -3 -2  3    0   0   0   0   0   0   0   0   0  16  22   0   0   0   8   0   8   0   0  46  0.33 0.05
    6 V   -2 -4 -4 -4 -2 -3 -4 -4 -4  5  2 -3  1 -1 -3 -3 -1 -3 -2  3    0   0   0   0   0   0   0   0   0  66  12   0   0   0   0   0   0   0   0  22  0.54 0.08
    7 A    3 -2 -2 -3 -1 -2 -2  1 -2  0 -1 -2 -1  3 -2  0  0 -2  0  1   49   0   0   0   0   0   0   8   0   3   0   0   0  22   0   0   4   0   0  14  0.24 0.06
    8 Q   -2  0 -1 -1 -4  7  1 -3  0 -4 -3  1 -1 -4 -2 -1 -2 -3 -2 -3    0   0   0   0   0 100   0   0   0   0   0   0   0   0   0   0   0   0   0   0  1.18 0.16
    9 L   -2 -3 -4 -4 -2 -3 -4 -5 -4  1  5 -3  2  0 -1 -3 -2 -2 -2  0    0   0   0   0   0   0   0   0   0   0  96   0   0   0   4   0   0   0   0   0  0.67 0.10
   10 T    0 -2 -1 -2 -2 -2 -2  1 -3  1  0 -2 -1 -2 -2  0  4 -3 -2  1    4   0   0   0   0   0   0  13   0   8  11   0   0   0   0   0  56   0   0   8  0.30 0.07
   11 V    1 -2 -1 -2 -1 -1 -2 -2 -2  0 -1 -1  2  1 -2  3  1 -2 -1  1   15   0   0   0   0   0   0   0   0   0   0   0  10  11   0  40   3   0   0  21  0.19 0.06
   12 L   -1 -3 -4 -4 -2 -3 -3 -4 -4  2  4 -3  2  0 -3 -3 -1 -3 -2  2    3   0   0   0   0   0   0   0   0   5  76   0   0   0   0   0   0   0   0  17  0.51 0.07
   13 A    3 -2 -1 -2 -1 -2 -2  1 -2  0 -1 -1 -1  0 -2  1  2 -3 -2  0   38   0   0   0   0   0   0  12   0  10   4   0   0   6   0   7  23   0   0   2  0.19 0.04
   14 L   -2 -3 -4 -4 -2 -3 -3 -4 -3  1  4 -3  3  2 -4 -2 -2 -2 -1  1    0   0   0   0   0   0   0   0   0   3  70   0   9  10   0   2   0   0   0   6  0.47 0.07
   15 I   -1 -4 -4 -4 -2 -3 -4 -4 -4  5  1 -3  1 -1 -3 -3 -1 -3 -2  3    3   0   0   0   0   0   0   0   0  74   0   0   2   0   0   0   2   0   0  18  0.54 0.09
   16 V    0 -3 -3 -3 -1 -2 -3 -1 -3  2  1 -2  1 -1 -3 -1  2 -3 -2  4    2   0   0   0   0   0   0   5   0  10  11   0   4   0   0   2  16   0   0  50  0.25 0.05
   17 V    1 -3 -3 -3 -1 -2 -3 -1 -3  3  2 -2  1 -1 -3 -1  0 -3 -2  2   19   0   0   0   0   0   0   5   0  23  31   0   0   0   0   0   6   0   0  16  0.20 0.04
   18 S    4 -2 -1 -2 -1 -1 -1 -1 -2 -2 -2 -1 -1 -3 -1  3  1 -3 -2  0   49   0   0   0   0   0   0   0   0   0   2   0   0   0   0  38   6   0   0   5  0.39 0.07
   19 G    0 -3 -1 -2 -3 -3 -3  7 -3 -5 -5 -2 -4 -4 -3 -1 -2 -3 -4 -4    0   0   0   0   0   0   0 100   0   0   0   0   0   0   0   0   0   0   0   0  1.37 0.12
   20 P   -2 -3 -3 -2 -4 -2 -2 -3 -3 -4 -4 -2 -4 -5  9 -2 -2 -5 -4 -3    0   0   0   0   0   0   0   0   0   0   0   0   0   0 100   0   0   0   0   0  2.37 0.15
   21 L    1 -3 -3 -4 -1 -2 -3 -3 -3  2  3 -2  2  0 -3 -2 -1 -2 -1  1   22   0   0   0   0   0   0   0   0  12  49   0   5   2   0   0   0   0   0  10  0.28 0.05
   22 V   -1 -3 -4 -4 -2 -3 -3 -4 -4  4  1 -3  0 -1 -3 -3 -1 -4 -2  5    0   0   0   0   0   0   0   0   0  32   0   0   0   0   0   0   0   0   0  68  0.57 0.09
   23 I   -2 -4 -4 -4 -2 -4 -4 -5 -4  6  1 -3  1 -1 -4 -3 -1 -3 -2  3    0   0   0   0   0   0   0   0   0  84   0   0   0   0   0   0   0   0   0  16  0.66 0.10
   24 G    1 -3 -3 -3 -2 -3 -3  1 -3  1  0 -2  0  4 -3 -1 -1 -1  0  2   22   0   0   0   0   0   0  12   0   8   3   0   0  29   0   0   0   0   0  26  0.21 0.05
   25 L   -1 -3 -4 -4 -2 -3 -3 -4 -3  2  4 -3  1  1 -3 -2 -1 -2 -1  1    3   0   0   0   0   0   0   0   0   3  74   0   0   5   0   4   0   0   0  10  0.44 0.07
   26 L   -2 -3 -4 -4 -2 -3 -4 -4 -4  2  5 -3  2  0 -4 -2 -2 -2 -2  1    0   0   0   0   0   0   0   0   0   9  87   0   0   0   0   4   0   0   0   0  0.58 0.09
   27 A    4 -2 -2 -2 -1 -2 -2 -1 -2 -2 -2 -2 -1  3 -2  1 -1 -2  1 -1   67   0   0   0   0   0   0   0   0   0   0   0   0  18   0  12   0   0   4   0  0.39 0.08
   28 L    1 -3 -3 -3 -2 -2 -3 -2 -3  2  2 -2  1  3 -3  0 -1 -2  0  1   19   0   0   0   0   0   0   0   0  17  23   0   0  20   0  10   0   0   0  12  0.18 0.04
   29 R   -2  6  0 -2 -4  2  0 -3 -1 -4 -3  3 -2 -4 -3 -1 -2 -4 -2 -3    0  75   2   0   0   5   0   0   0   0   0  18   0   0   0   0   0   0   0   0  0.87 0.10
   30 K   -1  3  0 -1 -3  2  0  2 -1 -4 -3  4 -2 -4 -2  0 -1 -3 -2 -3    0  22   3   0   0  13   0  19   0   0   0  37   0   0   0   5   0   0   0   0  0.43 0.06
   31 G   -1 -3  1 -2 -3 -2 -3  7 -3 -5 -5 -2 -4 -4 -3 -1 -2 -3 -4 -4    0   0   5   0   0   0   0  95   0   0   0   0   0   0   0   0   0   0   0   0  1.26 0.11
   32 N   -2 -1  7  3 -4 -1 -1 -1  0 -4 -4 -1 -3 -4 -3  1 -1 -5 -3 -4    0   0  81  14   0   0   0   0   0   0   0   0   0   0   0   5   0   0   0   0  0.95 0.12
   33 L   -2 -3 -4 -5 -2 -3 -4 -5 -4  1  5 -3  2  0 -4 -3 -2 -2 -2  0    0   0   0   0   0   0   0   0   0   0  97   0   3   0   0   0   0   0   0   0  0.70 0.09

                      K         Lambda
Standard Ungapped    0.1450     0.3265
Standard Gapped      0.0410     0.2670
PSI Ungapped         0.1450     0.3265
PSI Gapped           0.0410     0.2670
