
Last position-specific scoring matrix computed, weighted observed percentages rounded down, information per position, and relative weight of gapless real matches to pseudocounts
            A   R   N   D   C   Q   E   G   H   I   L   K   M   F   P   S   T   W   Y   V   A   R   N   D   C   Q   E   G   H   I   L   K   M   F   P   S   T   W   Y   V
    1 M    -3  -3  -4  -5  -3  -2  -4  -5  -3   0   1  -3  10  -2  -4  -3  -2  -3  -3  -1    0   0   0   0   0   0   0   0   0   0   3   0  96   0   0   0   0   0   0   1  1.78 0.33
    2 F    -2   1  -2  -2  -5   0  -1  -3  -2  -4  -3   7  -3  -2  -3  -2  -2  -1  -3  -4    0   2   0   0   0   0   0   0   0   0   2  93   0   2   0   0   0   1   0   0  1.24 0.27
    3 M    -3   7  -2  -3  -5   0  -2  -3  -2  -4  -4   1   0  -4   0  -2  -3  -4  -3  -4    0  88   0   0   0   1   0   2   0   0   0   1   3   0   5   0   0   0   0   0  1.41 0.28
    4 T    -2  -3  -1  -3  -3  -2  -3  -3  -3  -3  -3  -2  -2  -4  -3   0   7  -4  -3  -2    0   0   1   0   0   0   0   0   0   0   0   0   0   0   0   1  98   0   0   0  1.44 0.32
    5 Y    -4  -4  -4  -5  -4  -4  -4  -5  -1  -2   1  -4  -2   6  -5  -4  -3   2   7  -2    0   0   0   0   0   0   0   0   0   0  10   0   0  39   0   0   0   1  49   0  1.36 0.27
    6 Q    -3   0  -1  -2  -5   8   0  -1   0  -5  -4  -1  -2  -5  -3  -2  -3  -4  -3  -4    0   3   1   0   0  87   2   5   2   0   0   0   0   0   0   0   0   0   0   0  1.54 0.35
    7 P    -3  -4  -4  -4  -5  -3  -3   0  -4  -5  -5  -3  -5  -6   8  -3  -3  -6  -5  -5    0   0   0   0   0   0   0   9   0   0   0   0   0   0  91   0   0   0   0   0  2.47 0.38
    8 K    -1  -1   3  -1  -3  -1  -1  -2   2  -4  -4   2   0  -4  -2   4   1  -4  -3  -3    0   1  18   0   0   0   0   0   6   0   0  13   2   0   0  53   7   0   0   0  0.62 0.22
    9 K    -2   2   5  -1  -2   0   0  -2  -1  -2  -3   3  -2  -4  -3  -1   0  -4  -3   0    0  10  35   0   1   2   3   0   0   2   1  30   0   0   0   2   5   0   0  10  0.50 0.17
   10 R    -2   5  -2  -3  -3  -1  -2  -4  -2   2   2   1  -1  -2  -3  -2   0  -4  -2   0    1  40   0   0   0   1   0   0   1  14  26   5   0   0   0   0   7   0   0   6  0.43 0.16
   11 Q    -2   3  -2  -2  -4   1  -1  -3   1  -2  -3   5  -2  -4  -1  -1  -2  -4  -3   0    0  19   0   0   0   3   0   0   3   2   0  56   0   0   3   4   0   0   0  10  0.69 0.21
   12 R    -3   7  -2  -3  -5   0  -2  -4   1  -5  -3   2  -3  -5  -4  -3  -3  -5  -3  -4    0  87   0   0   0   3   0   0   3   0   2   5   0   0   0   0   0   0   0   0  1.54 0.33
   13 K     2   1   1  -2  -3   0  -1  -2   0  -1  -2   5  -2  -4  -2   0  -1  -4  -3  -1   21   5   6   0   0   2   1   0   1   4   1  51   0   0   0   4   0   0   0   4  0.47 0.18
   14 K    -3   6   2  -2  -5  -1  -1  -3   0  -5  -4   3  -1  -4  -3  -1  -2  -5  -3  -4    0  66  12   0   0   0   0   0   2   0   0  17   1   0   0   1   1   0   0   0  1.11 0.26
   15 E    -1   2  -1  -1  -3  -1   0  -3  -2  -1  -2   2  -2  -3  -2   0   4  -4  -3   1    1  14   2   2   0   0   4   0   0   1   1  19   0   0   0   5  36   0   0  17  0.37 0.16
   16 H    -3  -2  -2  -3  -5  -2  -2  -4  10  -2  -4  -3  -3   0  -4   0  -3  -4   0  -3    0   0   0   0   0   0   0   0  83   3   0   0   0   4   0   9   0   0   0   1  1.97 0.39
   17 G    -2  -4  -2  -3  -5  -4  -4   7  -4  -6  -6  -3  -5  -5  -4  -2  -4  -5  -5  -5    0   0   0   0   0   0   0 100   0   0   0   0   0   0   0   0   0   0   0   0  1.94 0.34
   18 F    -4  -5  -5  -6  -4  -5  -5  -5  -3  -2  -2  -5  -2   8  -6  -5  -4   5   2  -3    0   0   0   0   0   0   0   0   0   0   0   0   0  92   0   0   0   7   1   0  2.02 0.37
   19 R    -3   7  -1  -3  -5  -1  -2  -4  -2  -2   1   0   0  -4  -4  -3  -3  -4  -3  -2    0  77   2   0   0   0   0   0   0   2  13   0   3   0   0   0   0   0   0   2  1.16 0.29
   20 K     4   0  -2  -2  -2  -1  -1  -2  -2  -1   0   1  -1  -3  -2   1   0  -4  -3   0   46   5   1   0   0   1   3   0   0   1   9   8   0   0   0  11   5   0   0   9  0.28 0.13
   21 R    -3   8  -2  -4  -6  -1  -2  -4  -2  -5  -3   0  -3  -5  -4  -3  -3  -5  -4  -5    0  98   0   0   0   0   0   0   0   0   2   0   0   0   0   0   0   0   0   0  1.88 0.38
   22 M    -2  -3  -4  -5  -4  -3  -4  -5  -4   0   1  -2  10  -2  -5  -2  -2  -4  -3  -1    2   0   0   0   0   0   0   0   0   2   5   2  87   0   0   2   1   0   0   0  1.82 0.41
   23 S     3   3  -1  -1  -3   0  -1  -1  -2  -3  -3   2  -2  -4  -2   3  -1  -4  -3  -3   28  19   0   1   0   1   2   1   0   0   0  16   0   0   0  31   0   0   0   0  0.47 0.17
   24 T    -2  -2  -1  -3  -3  -2  -3  -3  -3  -3  -3  -2  -3  -4  -3   1   7  -4  -4  -2    0   1   1   0   0   0   0   0   0   0   0   1   0   0   0   8  89   0   0   0  1.35 0.34
   25 Q     1   3  -2  -2  -3   0  -1  -2   0  -2  -2   4  -2  -4   3   0  -1  -4  -3   0   13  19   0   0   0   1   0   0   2   1   1  34   0   0  13   5   2   0   0   7  0.42 0.14
   26 S     1  -2   4   0  -2   0  -1   3  -2  -4  -4  -1  -2  -4  -3   2   0  -1  -3  -3   16   0  33   2   1   4   2  22   0   0   0   1   1   0   0  14   3   1   0   0  0.48 0.15
   27 G    -2  -4  -2  -3  -5  -4  -4   7  -4  -6  -6  -3  -5  -5  -4  -2  -4  -5  -5  -5    0   0   0   0   0   0   0 100   0   0   0   0   0   0   0   0   0   0   0   0  1.94 0.34
   28 R    -3   7  -2  -4  -2   0  -2  -4  -2  -4  -4   1  -3  -5  -4  -2  -3  -5  -4  -2    1  90   0   0   1   1   0   0   0   0   0   1   0   0   0   2   0   0   0   4  1.56 0.34
   29 N     2   3   1  -2  -3   2   0  -2  -1  -3  -2   4  -2  -4  -2   0  -2  -4  -2  -3   20  18   8   0   0   7   1   1   1   0   3  38   0   0   0   3   0   0   1   0  0.46 0.16
   30 I    -2  -4  -5  -5  -2  -4  -4  -5  -5   5   0  -4   0  -2  -4  -3  -1  -4  -3   5    0   0   0   0   0   0   0   0   0  34   3   0   0   0   0   0   2   0   0  62  0.95 0.24
   31 L    -3  -4  -5  -5  -3  -4  -4  -5  -4   4   4  -4   1  -1  -4  -4  -2  -3  -3   1    0   0   0   0   0   0   0   0   0  35  60   0   0   0   0   0   0   0   0   5  0.86 0.22
   32 K     2   2   2  -2  -2   0  -1  -1  -2  -3  -2   2   0  -3  -2   2  -1  -4  -3  -2   29  10  16   0   0   2   0   0   0   0   4  17   3   0   0  17   1   0   0   0  0.31 0.13
   33 S     3   5   1  -2  -2   0  -1  -1   0  -3  -3   0  -2  -4  -3   0  -1  -4  -3  -3   33  41   8   1   1   1   1   2   1   0   1   3   0   0   0   7   1   0   0   0  0.52 0.18
   34 R    -4   8  -2  -4  -6  -1  -2  -4  -2  -5  -4   0  -3  -5  -4  -3  -3  -5  -4  -5    0 100   0   0   0   0   0   0   0   0   0   0   0   0   0   0   0   0   0   0  1.97 0.39
   35 R    -3   8  -2  -4  -5  -1  -2  -4  -2  -2  -4   1   1  -5  -4  -3  -3  -5  -4  -4    0  90   0   0   0   0   0   0   0   3   0   2   4   0   0   0   0   0   0   0  1.62 0.35
   36 Q     3   2  -1  -2  -2   1  -1  -1   0  -2   0   0  -1  -2  -2   1  -1  -3  -2  -2   43  18   1   0   0   6   0   1   2   0  10   5   1   1   0  12   1   0   0   1  0.31 0.14
   37 K    -3   2  -2  -3  -5   0  -1  -3   1  -4  -2   7  -3  -5  -3  -2  -2  -5  -3  -4    0   7   0   0   0   2   0   0   3   0   3  84   0   0   0   0   1   0   0   0  1.20 0.30
   38 G    -2  -4   0  -3  -4  -3  -4   7  -4  -5  -4  -3  -4  -3  -4  -2  -3  -4  -5  -5    0   0   3   0   0   1   0  94   0   0   2   0   0   1   0   0   0   0   0   0  1.68 0.31
   39 R    -3   8  -2  -4   1  -1  -2  -4  -2  -5  -4   0  -3  -5  -4  -3  -3  -5  -4  -5    0  97   0   0   3   0   0   0   0   0   0   0   0   0   0   0   0   0   0   0  1.84 0.38
   40 K     0   2  -1  -2  -1   0   0  -3   4  -3  -3   4  -1  -3  -3  -1  -1   3  -1  -1   10   7   2   0   1   1   2   0  13   0   1  45   1   0   0   3   3   5   1   4  0.44 0.16
   41 K    -1   4   0  -2  -3   1   0  -3  -2  -2  -2   3  -2  -2  -3   1   0  -4  -2   0    2  35   5   0   0   6   2   0   0   2   2  18   0   2   0  14   3   0   1   8  0.38 0.14
   42 L    -3  -4  -3  -5  -3  -4  -5  -5  -4   1   6  -4   0  -1  -5  -4  -3  -3  -3  -1    0   0   2   0   0   0   0   0   0   5  93   0   0   0   0   0   0   0   0   0  1.16 0.28
   43 T     1  -3  -1  -2   3  -2  -2  -2  -3  -2  -3  -2  -1  -4  -2   4   4  -4  -3  -1   11   0   0   0   8   0   0   1   0   1   0   0   2   0   0  44  31   0   0   2  0.62 0.21
   44 A     4  -3  -3  -4  -2  -3  -3  -2  -4   0  -1  -3  -1  -3  -3  -1  -1  -4  -3   4   51   0   0   0   0   0   0   0   0   0   0   0   0   0   0   0   0   0   0  49  0.67 0.20

                      K         Lambda
Standard Ungapped    0.1289     0.3205
Standard Gapped      0.0511     0.2670
PSI Ungapped         0.1669     0.3176
PSI Gapped           0.0511     0.2670
