
Last position-specific scoring matrix computed, weighted observed percentages rounded down, information per position, and relative weight of gapless real matches to pseudocounts
            A   R   N   D   C   Q   E   G   H   I   L   K   M   F   P   S   T   W   Y   V   A   R   N   D   C   Q   E   G   H   I   L   K   M   F   P   S   T   W   Y   V
    1 M    -1  -2  -2  -3  -2   0  -2  -3  -2   1   2  -2   6   0  -3  -2  -1  -2  -1   1    0   0   0   0   0   0   0   0   0   0   0   0 100   0   0   0   0   0   0   0  0.35 0.00
    2 A     3  -2  -3  -3  -1  -2  -2  -1  -2   0   3  -2   1  -1  -2   0  -1  -2  -2   0   50   0   0   0   0   0   0   0   0   0  50   0   0   0   0   0   0   0   0   0  0.20 0.00
    3 D    -2  -2   2   7  -4   0   2  -2  -1  -4  -4  -1  -4  -4  -2  -1  -1  -5  -4  -4    0   0   3  90   0   0   6   0   0   0   0   0   0   0   0   0   0   0   0   0  1.02 0.06
    4 I    -2  -3  -3  -4  -2  -3  -3  -4  -4   5   2  -3   1   0  -3  -1  -1  -3  -2   2    0   0   0   0   0   0   0   0   0  74  17   0   2   0   0   5   2   0   0   0  0.41 0.05
    5 V    -1  -3  -4  -4  -1  -3  -3  -4  -4   3   2  -3   1  -1  -3  -2   0  -3  -2   3    0   0   0   0   0   0   0   0   0  25  28   0   0   0   0   0   2   0   0  45  0.37 0.03
    6 S     0  -1   2   1  -2   0   0   0  -1  -3  -3  -1  -2  -3  -1   4   3  -3  -2  -2    0   0  10   5   0   4   0   2   0   0   0   0   0   0   0  57  22   0   0   0  0.39 0.04
    7 A    -1  -3  -4  -4  -2  -3  -3  -4  -3   3   3  -3   2   1  -3  -3  -1  -2  -1   2    2   0   0   0   0   0   0   0   0  41  50   0   3   4   0   0   0   0   0   0  0.40 0.04
    8 G     3  -2  -1  -2  -2  -2  -2   5  -2  -3  -3  -1  -2  -3  -2   1   1  -3  -3  -2   36   0   0   0   0   0   0  50   0   0   0   0   0   0   0   2  11   0   0   0  0.54 0.04
    9 W    -4  -4  -5  -5  -3  -3  -4  -3  -3  -4  -3  -4  -2   0  -5  -4  -3  12   2  -4    0   0   0   0   0   0   0   0   0   0   0   0   0   0   0   0   0 100   0   0  2.88 0.12
   10 A     4  -2  -2  -2  -1  -1  -2   1  -2  -1  -1  -1  -1  -3  -2   1   0  -3  -2   1   69   0   0   0   0   0   0   9   0   0   0   0   0   0   0   5   0   0   0  17  0.34 0.04
   11 F     3  -2  -1  -2   3  -1  -1   1  -2  -2  -2  -1  -1   1  -2   2   0  -2  -1  -1   55   0   0   0   7   0   0   8   0   0   0   0   0   9   0  19   0   0   0   2  0.28 0.03
   12 L    -2  -3  -4  -4  -2  -3  -3  -4  -3   2   4  -3   2   0  -3  -3   0  -2  -2   1    0   0   0   0   0   0   0   0   0   0  85   0   0   0   0   0   4   0   0  11  0.48 0.05
   13 M    -1  -2  -3  -4   1  -1  -3  -3  -2   1   3  -2   7   0  -3  -2  -1  -2  -2   0    3   0   0   0   4   0   0   0   0   0  19   0  74   0   0   0   0   0   0   0  0.54 0.07
   14 V     2  -3  -2  -3  -1  -2  -2  -1  -3   2   0  -2   0  -2  -2  -1   1  -3  -2   4   20   0   0   0   0   0   0   4   0   2   0   0   0   0   0   0  11   0   0  63  0.26 0.04
   15 S     0  -2  -3  -3  -1  -2  -2  -3  -3   2   1  -2   3   0  -3   0   1  -3  -1   3    2   0   0   0   0   0   0   0   0  11  10   0  16   3   0   7   7   0   0  44  0.22 0.03
   16 F    -2  -3  -3  -4  -3  -3  -3  -3  -2  -1   0  -3  -1   7  -4   0  -2   0   3  -1    0   0   0   0   0   0   0   0   0   0   0   0   0  87   0  13   0   0   0   0  0.79 0.07
   17 T     0  -2   0  -1  -1  -1  -1  -2  -2  -1  -2  -1  -1  -3  -2   2   6  -3  -2  -1    0   0   0   0   0   0   0   0   0   0   0   0   0   0   0  15  85   0   0   0  0.61 0.07
   18 F    -1  -3  -3  -4  -3  -3  -3  -3  -1  -1   0  -3  -1   7  -4  -1  -2   4   3  -1    4   0   0   0   0   0   0   0   0   0   0   0   0  75   0   5   0   5   7   3  0.72 0.06
   19 S     1  -1   0  -1  -1  -1  -1  -1  -1  -3  -3  -1  -2  -3  -1   5   1  -4  -2  -2    0   0   0   0   0   0   0   0   0   0   0   0   0   0   0 100   0   0   0   0  0.65 0.08
   20 L    -2  -3  -4  -4  -2  -3  -4  -4  -4   3   4  -3   2   0  -3  -3  -1  -2  -2   1    0   0   0   0   0   0   0   0   0  23  77   0   0   0   0   0   0   0   0   0  0.50 0.04
   21 S     3  -1   0  -1  -1  -1  -1   0  -2  -2  -3  -1  -2  -3  -1   4   1  -3  -2  -1   38   0   0   0   0   0   0   0   0   0   0   0   0   0   0  59   3   0   0   0  0.44 0.05
   22 L    -2  -3  -4  -4  -2  -2  -3  -4  -3   1   4  -3   4   0   0  -3  -1  -2  -2   0    0   0   0   0   0   0   0   0   0   0  76   0  19   0   5   0   0   0   0   0  0.47 0.05
   23 V    -1  -3  -3  -4  -1  -3  -3  -4  -4   2   0  -3   0  -1  -3  -2   0  -4  -2   5    0   0   0   0   0   0   0   0   0   0   0   0   0   0   0   0   4   0   0  96  0.51 0.06
   24 V     0  -3  -3  -4  -1  -3  -3  -4  -4   3   1  -3   0  -1  -3  -2   0  -3  -2   5    5   0   0   0   0   0   0   0   0   7   0   0   0   0   0   0   0   0   0  88  0.47 0.06
   25 W    -3  -1  -5  -5  -3  -3  -4  -3  -3  -4  -3  -3  -2   0  -5  -4  -3  12   2  -4    0   5   0   0   0   0   0   0   0   0   0   0   0   0   0   0   0  95   0   0  2.66 0.12
   26 G     1  -3  -1  -2  -3  -2  -2   6  -3  -4  -4  -2  -3  -4  -2   0  -2  -3  -3  -3   16   0   0   0   0   0   0  84   0   0   0   0   0   0   0   0   0   0   0   0  0.97 0.05
   27 R    -2   7  -1  -2  -4   1  -1  -3  -1  -4  -3   2  -2  -4  -3  -1  -2  -3  -2  -3    0 100   0   0   0   0   0   0   0   0   0   0   0   0   0   0   0   0   0   0  1.02 0.08
   28 S     0  -1   5   0  -2   0  -1  -1   2  -3  -4  -1  -2  -3  -2   3   0  -4  -2  -3    0   0  43   0   0   0   0   0   7   0   0   0   0   0   0  50   0   0   0   0  0.51 0.05
   29 G     0  -3  -1  -2  -3  -2  -3   7  -3  -5  -4  -2  -3  -4  -3  -1  -2  -3  -4  -4    0   0   0   0   0   0   0 100   0   0   0   0   0   0   0   0   0   0   0   0  1.24 0.07
   30 L    -2  -3  -4  -4  -2  -2  -3  -4  -3   1   4  -3   3   0  -3  -3  -2  -2  -1   1    0   0   0   0   0   0   0   0   0   0  86   0  14   0   0   0   0   0   0   0  0.53 0.04

                      K         Lambda
Standard Ungapped    0.1366     0.3309
Standard Gapped      0.0410     0.2670
PSI Ungapped         0.1366     0.3309
PSI Gapped           0.0410     0.2670
