
Last position-specific scoring matrix computed, weighted observed percentages rounded down, information per position, and relative weight of gapless real matches to pseudocounts
           A  R  N  D  C  Q  E  G  H  I  L  K  M  F  P  S  T  W  Y  V   A   R   N   D   C   Q   E   G   H   I   L   K   M   F   P   S   T   W   Y   V
    1 M   -2 -2 -3 -4 -2 -1 -3 -4 -2  0  1 -2  8 -1 -3 -2 -1 -2 -2  0    0   0   0   0   0   0   0   0   0   0   0   0 100   0   0   0   0   0   0   0  1.00 0.14
    2 E   -2 -1 -1  2 -5  1  6 -3 -1 -4 -4  0 -3 -4 -2 -1 -2 -4 -3 -3    0   0   0   7   0   0  93   0   0   0   0   0   0   0   0   0   0   0   0   0  0.97 0.10
    3 S    4 -2 -1 -2 -1 -1 -1  0 -2 -2 -2 -1 -2 -3 -1  3  1 -3 -2 -1   63   0   0   0   0   0   0   0   0   0   0   0   0   0   0  33   4   0   0   0  0.46 0.06
    4 V   -1 -3 -4 -4 -2 -3 -3 -4 -3  2  3 -3  1  3 -3 -3 -1 -1  0  2    2   0   0   0   0   0   0   0   0   6  53   0   0  23   0   0   0   0   0  16  0.39 0.04
    5 A    3 -2 -2 -3 -1 -2 -2 -2 -3  1  0 -2  0 -2 -2  0  0 -3 -2  3   37   0   0   0   0   0   0   0   0   0   0   0   0   0   0   6   3   0   0  54  0.29 0.06
    6 Y   -3 -3 -3 -4 -3 -2 -3 -4  1 -2 -2 -3 -2  3 -4 -3 -2  2  8 -2    0   0   0   0   0   0   0   0   0   0   0   0   0   0   0   0   0   0 100   0  1.40 0.13
    7 I   -1 -2 -1 -2 -1 -2 -2 -3 -3  3  0 -2  0 -2 -2  0  4 -3 -2  2    0   0   0   0   0   0   0   0   0  27   0   0   0   0   0   0  57   0   0  16  0.38 0.06
    8 L   -2 -3 -4 -4 -2 -3 -4 -4 -2  1  3 -3  1  6 -4 -3 -2  0  2  0    0   0   0   0   0   0   0   0   0   3  40   0   0  54   0   0   0   0   0   2  0.59 0.06
    9 I   -2 -3 -4 -4 -2 -3 -3 -4 -4  3  4 -3  2  0 -3 -3 -1 -2 -2  2    0   0   0   0   0   0   0   0   0  23  62   0   0   0   0   0   0   0   0  15  0.46 0.05
   10 F   -2 -3 -4 -4 -2 -3 -3 -4 -3  1  4 -3  3  2 -4 -3 -2 -2 -1  0    0   0   0   0   0   0   0   0   0   0  79   0  10  11   0   0   0   0   0   0  0.54 0.06
   11 T    1 -2 -2 -3 -1 -2 -2 -1 -3  2  0 -2  0 -2 -2  0  3 -3 -2  3   17   0   0   0   0   0   0   2   0  17   0   0   0   0   0   0  28   0   0  36  0.23 0.04
   12 L    0 -2 -1 -2  1 -2 -2  3 -2  0  1 -2  2  0 -2  1  0 -2 -2 -1    2   0   0   0   5   0   0  29   0   0  27   0  11   4   0  18   3   0   0   2  0.18 0.03
   13 C    2 -2 -1 -2  1 -1 -1  0 -2 -1 -1 -1 -1 -2 -2  1  4 -3 -2  0   27   0   0   0   2   0   0   3   0   0   5   0   0   0   0   4  56   0   0   3  0.35 0.06
   14 I   -1 -3 -4 -4 -2 -3 -3 -4 -3  3  4 -3  2  0 -3 -3 -1 -2 -2  2    3   0   0   0   0   0   0   0   0  18  69   0   0   0   0   0   0   0   0   9  0.46 0.05
   15 G    1 -3 -1 -2 -2 -2 -2  5 -2 -1 -2 -2  0 -3 -2  0 -1 -3 -3  0   17   0   0   0   0   0   0  60   0   0   0   0   4   0   0   5   0   0   0  14  0.56 0.05
   16 T   -1 -3 -2 -3 -1 -2 -3 -3 -3  4  1 -2  0 -1 -3 -1  2 -3 -2  3    0   0   0   0   0   0   0   0   0  41   5   0   0   0   0   0  27   0   0  28  0.33 0.05
   17 I   -2 -3 -4 -4 -2 -3 -4 -4 -4  4  3 -3  1  1 -3 -3 -1 -2 -1  2    0   0   0   0   0   0   0   0   0  48  47   0   0   5   0   0   0   0   0   0  0.47 0.06
   18 F   -3 -4 -4 -4 -3 -4 -4 -4 -2 -1  0 -4 -1  8 -5 -3 -3  0  3 -2    0   0   0   0   0   0   0   0   0   0   0   0   0 100   0   0   0   0   0   0  1.21 0.11
   19 F   -2 -4 -4 -4 -3 -4 -4 -4 -2 -1  0 -4 -1  8 -4 -3 -3  0  3 -1    4   0   0   0   0   0   0   0   0   0   0   0   0  96   0   0   0   0   0   0  1.10 0.10
   20 A    5 -2 -2 -2 -1 -1 -1  0 -2 -2 -2 -1 -2 -3 -1  1  0 -3 -2 -1   91   0   0   0   0   0   0   2   0   0   0   0   0   0   0   7   0   0   0   0  0.58 0.08
   21 I   -2 -4 -4 -4 -2 -3 -4 -4 -4  5  1 -3  1 -1 -3 -3 -1 -3 -2  3    0   0   0   0   0   0   0   0   0  79   0   0   0   0   0   0   0   0   0  21  0.59 0.07
   22 A    3 -3 -3 -3 -2 -2 -3 -2 -2  0 -1 -2 -1  6 -3 -1 -2 -1  1 -1   43   0   0   0   0   0   0   0   0   3   0   0   0  54   0   0   0   0   0   0  0.48 0.07
   23 F   -3 -4 -4 -4 -3 -4 -4 -4 -2 -1  0 -4  0  8 -5 -3 -3  0  3 -1    0   0   0   0   0   0   0   0   0   0   4   0   0  96   0   0   0   0   0   0  1.13 0.10
   24 R   -2  7 -1 -2 -4  0 -1 -3 -1 -4 -3  2 -2 -4 -3 -1 -2 -4 -2 -3    0 100   0   0   0   0   0   0   0   0   0   0   0   0   0   0   0   0   0   0  1.12 0.11
   25 E   -2 -1  0  5 -4  1  5 -2 -1 -4 -4  0 -3 -4 -2 -1 -1 -4 -3 -3    0   0   0  42   0   0  58   0   0   0   0   0   0   0   0   0   0   0   0   0  0.85 0.08
   26 P   -1 -3 -3 -2 -4 -2 -2 -3 -3 -4 -4 -2 -3 -5  8 -1 -2 -5 -4 -3    0   0   0   0   0   0   0   0   0   0   0   0   0   0  97   3   0   0   0   0  2.22 0.12
   27 P   -2 -3 -3 -2 -4 -2 -2 -3 -3 -4 -4 -2 -3 -5  8 -2 -2 -5 -4 -3    0   0   0   0   0   0   0   0   0   0   0   0   0   0 100   0   0   0   0   0  2.32 0.12
   28 R   -2  5 -1 -2 -4  1  0 -3 -1 -3 -3  4 -2 -4 -2 -1 -1 -3 -2 -3    0  57   0   0   0   0   0   0   0   0   0  41   0   0   0   0   2   0   0   0  0.74 0.07
   29 F   -2 -3 -4 -4 -2 -3 -4 -4 -3  4  1 -3  1  2 -3 -3 -1 -2  0  3    0   0   0   0   0   0   0   0   0  64   5   0   3  11   0   0   0   0   3  14  0.43 0.06
   30 E    0 -1  1  1 -2  1  1  1 -1 -1 -2 -1 -2 -3  3  0  0 -3 -2 -1   10   2   6  12   0   7  12  15   0   3   1   0   0   0  16   3   7   0   0   6  0.24 0.02
   31 K   -1  2  0 -1 -3  1  0 -2 -1 -2 -3  5 -2 -3 -1  0  1 -3 -2 -1    1   5   4   1   0   3   1   0   0   0   0  65   0   0   1   3  10   0   0   4  0.42 0.06
   32 P   -1  2  0  1 -4  1  1 -2 -1 -3 -3  5 -2 -4  1  0 -1 -4 -2 -3    3   5   2   8   0   4   2   0   0   0   0  69   0   0   7   0   0   0   0   0  0.49 0.04
   33 K    0  0  0  0 -3  1  2  2 -1 -3 -3  3 -2 -3 -1  1  0 -3 -2 -2    0   0   3   3   0   0  18  18   0   0   0  36   0   0   0  16   6   0   0   0  0.30 0.02
   34 D   -1  1  1  1 -3  0  1  2 -1 -3 -2  3  0 -3 -2  0  0 -3 -2 -2    0   4   7   9   0   0   8  23   0   0   0  35   7   0   0   0   7   0   0   0  0.25 0.02
   35 K   -1  2  0 -1 -4  1  1 -2 -1 -3 -3  6 -2 -4 -1  0 -1 -3 -2 -3    0   0   0   0   0   0   0   0   0   0   0 100   0   0   0   0   0   0   0   0  0.65 0.04

                      K         Lambda
Standard Ungapped    0.1491     0.3340
Standard Gapped      0.0468     0.2670
PSI Ungapped         0.1530     0.3185
PSI Gapped           0.0468     0.2670
