
Last position-specific scoring matrix computed, weighted observed percentages rounded down, information per position, and relative weight of gapless real matches to pseudocounts
           A  R  N  D  C  Q  E  G  H  I  L  K  M  F  P  S  T  W  Y  V   A   R   N   D   C   Q   E   G   H   I   L   K   M   F   P   S   T   W   Y   V
    1 M   -1 -2 -3 -4 -2 -1 -3 -3 -2  2  2 -2  7  0 -3 -2 -1 -2 -1  1    0   0   0   0   0   0   0   0   0  10  12   0  78   0   0   0   0   0   0   0  0.46 0.04
    2 L   -2 -3 -4 -4 -2 -3 -4 -4 -4  4  3 -3  1  0 -3 -3 -1 -3 -2  2    0   0   0   0   0   0   0   0   0  67  33   0   0   0   0   0   0   0   0   0  0.45 0.03
    3 A    1 -1  0  1 -1 -1  0 -1 -1 -2 -2 -1 -2 -1 -1  4  2 -2  1 -2    8   0   0   8   0   0   0   0   0   0   0   0   0   0   0  56  18   0  10   0  0.32 0.03
    4 D   -2 -2  1  7 -4 -1  1 -2 -2 -4 -4 -1 -4 -4 -2 -1 -2 -5 -4 -4    0   0   0 100   0   0   0   0   0   0   0   0   0   0   0   0   0   0   0   0  1.12 0.06
    5 G    0 -1  0 -1 -1 -1 -1  1 -2  0 -2 -1 -1 -3 -1  3  3 -3 -2 -1    0   0   0   0   0   0   0   8   0   8   0   0   0   0   0  51  33   0   0   0  0.33 0.03
    6 Q   -1  1  0 -1 -4  7  2 -2  0 -3 -3  1 -1 -4 -2 -1 -1 -3 -2 -3    0   0   0   0   0 100   0   0   0   0   0   0   0   0   0   0   0   0   0   0  0.89 0.07
    7 I   -1 -3 -4 -4 -1 -3 -3 -4 -4  5  1 -3  1 -1 -3 -3 -1 -3 -2  4    0   0   0   0   0   0   0   0   0  65   0   0   0   0   0   0   0   0   0  35  0.45 0.03
    8 F   -2 -3 -3 -4 -2 -3 -3 -4 -1  0  1 -3  2  5 -4 -2 -2  1  5  1    0   0   0   0   0   0   0   0   0   0   9   0   8  43   0   0   0   0  26  15  0.47 0.03
    9 T    0 -2 -2 -3 -1 -2 -2 -3 -3  3  0 -2  0 -1 -2  0  2 -3 -2  3    9   0   0   0   0   0   0   0   0  19   0   0   0   0   0   0  27   0   0  46  0.25 0.02
   10 A    4 -2 -2 -2 -1 -1 -1  1 -2 -1 -2 -1 -1 -3 -1  1  0 -3 -2  1   80   0   0   0   0   0   0  10   0   0   0   0   0   0   0   0   0   0   0  10  0.39 0.04
   11 L   -2 -3 -4 -4 -2 -3 -3 -4 -3  1  5 -3  2  0 -3 -3 -2 -2 -1  1    0   0   0   0   0   0   0   0   0   0 100   0   0   0   0   0   0   0   0   0  0.58 0.04
   12 A    0 -3 -3 -4  3 -3 -3 -3 -3  2  1 -3  1  2 -3 -2 -1 -2  0  3    8   0   0   0  10   0   0   0   0   7  15   0   0  17   0   0   0   0   0  42  0.23 0.02
   13 V    0 -3 -2 -3 -1 -2 -2 -3 -3  3  0 -2  0  2 -3  0  0 -2  0  3    8   0   0   0   0   0   0   0   0  28   0   0   0  15   0  15   0   0   0  34  0.18 0.02
   14 A    5 -2 -2 -2 -1 -1 -1  0 -2 -2 -2 -1 -1 -3 -1  1  0 -3 -2 -1  100   0   0   0   0   0   0   0   0   0   0   0   0   0   0   0   0   0   0   0  0.54 0.05
   15 L   -2 -3 -4 -4 -2 -3 -3 -4 -3  1  4 -3  2  2 -3 -3 -2 -2 -1  1    0   0   0   0   0   0   0   0   0   0  92   0   0   8   0   0   0   0   0   0  0.52 0.04
   16 V   -1 -3 -4 -4 -1 -3 -3 -4 -3  3  2 -3  1  1 -3 -2 -1 -2 -1  3    0   0   0   0   0   0   0   0   0  17  26   0   0   8   0   0   0   0   0  49  0.33 0.02
   17 P    1 -2 -1 -1 -2 -1 -1 -2 -2 -2 -2 -1 -2 -3  6  2  3 -3 -3 -1   10   0   0   0   0   0   0   0   0   0   0   0   0   0  43  15  32   0   0   0  0.77 0.03
   18 G    3 -2 -1 -2 -2 -2 -2  5 -2 -3 -3 -2 -2 -3 -2  0 -1 -3 -3 -2   41   0   0   0   0   0   0  59   0   0   0   0   0   0   0   0   0   0   0   0  0.65 0.03
   19 I   -1 -3 -4 -4 -2 -3 -4 -4 -3  4  2 -3  1  1 -3 -3 -1 -2 -1  3    0   0   0   0   0   0   0   0   0  61   8   0   0   9   0   0   0   0   0  23  0.38 0.03
   20 L   -2 -3 -4 -4 -2 -3 -3 -4 -3  1  5 -3  2  0 -3 -3 -2 -2 -1  1    0   0   0   0   0   0   0   0   0   0 100   0   0   0   0   0   0   0   0   0  0.58 0.04
   21 A    5 -2 -2 -2 -1 -1 -1  0 -2 -2 -2 -1 -1 -3 -1  2  0 -3 -2 -1   91   0   0   0   0   0   0   0   0   0   0   0   0   0   0   9   0   0   0   0  0.49 0.04
   22 L   -2 -3 -4 -4 -2 -3 -4 -4 -3  2  3 -3  1  4 -4 -3 -2  4  1  1    0   0   0   0   0   0   0   0   0  26  40   0   0  26   0   0   0   8   0   0  0.40 0.02
   23 R   -2  6 -1 -2 -4  1  0 -3 -1 -4 -3  3 -2 -3 -3 -1 -1 -3 -2 -3    0  90   0   0   0   0   0   0   0   0   0  10   0   0   0   0   0   0   0   0  0.86 0.05
   24 L   -2 -3 -4 -4 -2 -3 -3 -4 -3  1  5 -3  2  0 -3 -3 -2 -2 -1  1    0   0   0   0   0   0   0   0   0   0 100   0   0   0   0   0   0   0   0   0  0.58 0.04
   25 A    2 -2 -1 -2 -2 -2 -2  5 -2 -3 -3 -1 -3 -3 -2  1 -1 -3 -3 -3   17   0   0   0   0   0   0  68   0   0   0   0   0   0   0  16   0   0   0   0  0.71 0.03
   26 L   -1  2 -1 -2 -2  0 -1 -2 -2 -1  1  1  0 -2 -2  1  4 -3 -2 -1    0  15   0   0   0   0   0   0   0   0  18   8   0   0   0  10  48   0   0   0  0.23 0.02
   27 E   -1  0  0  2 -3  2  5 -2 -1 -3 -3  0 -2 -4 -1  1  1 -3 -2 -2    0   0   0   7   0   9  63   0   0   0   0   0   0   0   0  10  10   0   0   0  0.55 0.03
   28 L   -2 -3 -4 -4 -2 -3 -3 -4 -3  1  5 -3  2  0 -3 -3 -2 -2 -1  1    0   0   0   0   0   0   0   0   0   0 100   0   0   0   0   0   0   0   0   0  0.58 0.04
   29 Y   -2 -2 -3 -4 -3 -2 -3 -4  1 -2 -2 -2 -2  3 -4 -2 -2  2  8 -2    0   0   0   0   0   0   0   0   0   0   0   0   0   0   0   0   0   0 100   0  1.17 0.07
   30 K   -1  3  0  0 -4  3  3 -2 -1 -3 -3  4 -2 -4 -2  0 -1 -3 -2 -3    0  15   0   0   0  15  20   0   0   0   0  49   0   0   0   0   0   0   0   0  0.50 0.03
   31 F   -2 -3 -3 -4 -2 -3 -3 -3 -1  0  0 -3  0  6 -4 -2 -2  1  3 -1    0   0   0   0   0   0   0   0   0   0   0   0   0   0   0   0   0   0   0   0  0.00     0.00

                      K         Lambda
Standard Ungapped    0.1482     0.3344
Standard Gapped      0.0410     0.2670
PSI Ungapped         0.1482     0.3344
PSI Gapped           0.0410     0.2670
