
Last position-specific scoring matrix computed, weighted observed percentages rounded down, information per position, and relative weight of gapless real matches to pseudocounts
            A   R   N   D   C   Q   E   G   H   I   L   K   M   F   P   S   T   W   Y   V   A   R   N   D   C   Q   E   G   H   I   L   K   M   F   P   S   T   W   Y   V
    1 M    -2  -2  -3  -4  -2  -1  -3  -4  -2   1   2  -2   7   0  -3  -2  -1  -2  -2   0    0   0   0   0   0   0   0   0   0   0  16   0  84   0   0   0   0   0   0   0  0.68 0.10
    2 S     2   0   0  -1  -2   0   0   1  -1  -3  -3   2  -2  -3  -1   3   0  -3  -2  -2   17   0   0   0   0   0   0   7   0   0   0  26   0   0   0  50   0   0   0   0  0.35 0.06
    3 Q     0   0  -1  -1  -3   4   1  -2   0  -3  -2   2  -1  -1  -2   1  -1  -1   3  -2    9   0   0   0   0  42   6   0   0   0   0  13   0   0   0  13   0   0  17   0  0.36 0.06
    4 K    -1   2  -1   1  -3   1   3  -2  -1  -2  -2   3  -2  -3  -2  -1  -1  -3  -2   0    1   9   0   9   0   0  30   0   0   0   1  36   0   0   0   0   0   0   0  11  0.36 0.07
    5 V    -2  -3  -3  -4  -3  -2  -2  -4  -3   1   0   0   8  -2  -2  -2   2  -3  -3   0    0   0   0   0   0   0   2   0   0   6   2   5  58   0   2   0  18   0   0   6  0.86 0.29
    6 Q    -1  -1   1   0  -3   2   1  -1  -1   1   0   1  -1  -3   0   1   1  -3  -2   0    1   0   9   3   0  12   8   5   0  12   8  14   0   0   4  13   9   0   0   3  0.12 0.08
    7 N    -4   6   3  -4  -6  -1  -2  -5  -3  -6  -5   2  -4  -6   2  -1  -2  -6  -5  -5    0  53  14   0   0   2   0   0   0   0   0  13   0   0  11   4   2   0   0   0  1.23 0.51
    8 L    -3   0   2  -3  -3   1  -2  -4   5  -1   1   4   0  -1  -3  -2  -1  -2   0  -3    1   2   9   0   1   8   0   0  18   3  16  26   3   3   1   2   4   0   4   0  0.45 0.31
    9 Y    -6  -6  -7  -8  -7  -6  -7  -8  -3  -6  -6  -7  -6   0  -8  -6  -6  -2  10  -6    0   0   0   0   0   0   0   0   0   0   0   0   0   2   0   0   0   0  98   0  3.51 1.11
   10 E    -5  -3  -2  -1  -8  -2   8  -6  -4  -8  -7  -3  -6  -8  -5  -4  -5  -7  -6  -7    0   1   1   1   0   0  96   0   0   0   0   0   0   0   0   0   0   0   0   0  2.53 0.95
   11 G    -1  -4  -3  -4   1  -4  -4  -3   2   4   2  -4   1  -2  -4  -2   3  -5  -3   1    4   0   1   0   4   0   0   2   7  29  17   0   3   1   0   2  21   0   0   9  0.52 0.32
   12 M    -1  -5  -2  -6   0  -4  -5  -6  -5   2   1  -5   7  -2  -5  -4   1  -5  -4   4    5   0   2   0   2   0   0   0   0  12  10   0  32   1   0   0   9   0   0  26  0.97 0.48
   13 Y    -3  -5  -4  -6   0  -5  -5  -4  -3   1   2  -5  -1   6  -6  -4  -1   0   5   1    2   0   1   0   2   0   0   1   0   7  19   0   1  31   0   0   3   1  22   9  0.92 0.43
   14 V    -4  -6  -6  -6  -4  -6  -6  -7  -6   7   2  -6   3  -3  -6  -3  -4  -6  -4   2    1   0   0   0   0   0   0   0   0  59  21   0   7   0   0   2   0   0   0  11  1.39 0.57
   15 I     1  -5  -5  -5  -3  -4  -5  -5  -5   3   3  -5   1   1  -5  -3  -1  -4  -3   3   12   0   0   0   0   0   0   0   0  19  34   0   3   6   0   1   3   0   0  23  0.69 0.36
   16 S    -3   5   1   3  -6   0  -2  -3   5  -6  -5   2  -4  -5  -4   0  -1  -6  -4  -5    1  36   7  14   0   3   0   1  15   0   0  12   0   0   0   5   4   0   0   0  0.91 0.45
   17 A    -2  -5  -3  -4  -6   2  -2   0  -5  -3  -6  -4  -2  -6   7   0  -3  -6  -6  -4    3   0   1   0   0  11   3   6   0   1   0   0   1   0  64   6   1   0   0   1  1.69 0.66
   18 T    -2  -3   2   6  -5  -1   2  -1  -3  -4  -5  -2  -1  -5  -2   0   1  -5  -4  -3    2   0  11  47   0   2  10   5   0   0   1   2   2   0   1   5  10   0   0   2  0.87 0.40
   19 L    -1  -3  -2  -4  -2   3  -3  -3  -2   2   4  -3   2   0  -4  -3  -2  -4  -2   1    4   0   2   0   0  14   0   2   1  13  43   1   4   3   0   2   1   0   1   9  0.52 0.31
   20 S    -1  -2   0   2  -4   0   2  -1  -3  -4  -4  -2  -4  -3   0   4   2  -5  -3  -3    4   2   4  13   0   3  12   3   0   0   1   1   0   1   5  37  11   0   1   1  0.53 0.35
   21 D    -1  -1   0   3  -6   1   5  -4  -3  -5  -2  -2  -2  -6   0  -1  -2  -6  -5  -5    6   2   4  16   0   6  48   0   0   0   4   1   1   0   5   3   2   0   0   0  0.85 0.46
   22 D     0   1   0   2  -3   2   5  -2  -2  -3  -3   0  -3  -4  -1   0  -1  -4  -2  -2    8   7   4  11   0   7  37   2   0   2   2   3   0   1   2   5   4   0   2   2  0.47 0.27
   23 A     1  -2  -1   0  -5   5   4  -2  -1  -4  -4   0  -2  -5  -1  -1   0  -5  -3  -2   13   1   2   5   0  31  24   2   1   0   1   5   1   0   3   3   5   0   1   2  0.64 0.40
   24 R     0   1  -3  -4  -3  -2  -3  -4  -4   2   1   0   0  -1  -3  -2  -1  -4   0   4    8  10   1   0   0   2   1   0   0  11  10   5   2   2   1   3   3   0   4  38  0.39 0.27
   25 H     1  -1   2   1  -4   1   3  -2  -2  -3  -2   3  -2  -4   2   0   0  -5  -4  -3   12   1   9   7   0   5  18   2   0   1   4  21   1   0   8   4   5   0   0   0  0.34 0.25
   26 K     3  -2  -1  -2  -3   1   2   1  -3  -2  -3   2  -3  -5   0   0   1  -5  -4  -2   27   0   1   1   0   6  14  11   0   2   1  13   0   0   4   6  10   0   0   1  0.35 0.28
   27 A     0  -2  -1  -4  -3  -3  -1  -3   0   2   3  -2   4  -1  -4  -1   0   1  -3   2    7   1   2   0   0   0   4   1   2   9  32   3  12   2   0   4   5   2   0  12  0.32 0.24
   28 L     0  -4  -1  -4  -3  -3  -3  -4  -3   4   2  -2   1   0  -4  -1   0  -4  -2   3    8   0   4   0   0   0   1   1   1  23  20   3   3   3   0   4   5   0   1  24  0.41 0.26
   29 D    -1  -1   1   3  -5   0   5  -3  -3  -5  -5   0  -2  -2  -4   1   0  -5  -4  -4    6   2   7  16   0   3  42   1   0   0   0   6   1   2   0   9   5   0   0   1  0.74 0.41
   30 R    -1   4   1  -1  -5   1   1  -1   0  -3  -3   3  -1  -2  -4  -1   1  -4  -1  -4    3  25   6   3   0   5  10   3   2   1   1  22   2   2   0   4   7   0   2   0  0.45 0.29
   31 I    -2  -5  -4  -6  -4  -2  -5  -6  -2   2   1  -5  -1   4  -5  -4  -1  -2   6   2    2   0   1   0   0   1   0   0   1  12  14   0   1  20   0   0   4   0  28  17  0.87 0.42
   32 Q     0   1   1   0  -4   2   1  -2  -1  -2  -1   3  -2  -1  -3   0   1  -4  -3  -2    6   5   5   4   0  12   7   2   1   2   6  25   1   3   0   7  11   0   0   2  0.27 0.23
   33 T     1  -1   2   1  -4   0   2   2  -3  -5  -5   3  -4  -5  -3   1   1  -5  -4  -4   10   1   8   8   0   3  16  15   0   0   0  19   0   0   0  13   7   0   0   0  0.44 0.30
   34 G     0  -4  -2  -3  -3  -1  -4  -3  -2   3   2  -4   1   0  -3  -1   0  -4  -2   3    7   0   2   1   0   3   0   1   1  22  20   0   4   4   1   3   6   0   1  25  0.39 0.25
   35 I    -3  -6  -6  -6  -4  -5  -6  -6  -6   6   4  -5   0   0  -6  -5  -4  -5  -4   2    1   0   0   0   0   0   0   0   0  41  38   0   1   3   0   0   0   0   0  15  1.20 0.51
   36 T     0   1  -1  -2  -4   0   3  -2  -2  -1  -1   2  -1  -3  -3   0   3  -4  -3  -1    8   7   2   0   0   3  19   2   1   3   5  15   2   1   0   4  25   0   1   4  0.32 0.27
   37 G     1   0   2   3  -4   1   3  -1  -2  -4  -4   2  -3  -4  -2   1  -1  -5  -4  -4   10   3  11  17   0   5  19   4   0   0   0  16   0   0   1   9   3   0   0   1  0.44 0.28
   38 H     0   0   4   1  -4   0   1   0   1  -3  -2   1  -1   1  -3   0  -2  -3   2  -3    9   5  27   7   0   4   8   6   3   0   4   7   1   5   0   4   1   0   7   1  0.29 0.22
   39 G    -2  -3   2  -1  -5  -2  -1   6  -3  -4  -4   1  -5  -6  -2  -1  -3  -5  -5  -5    2   1   9   3   0   2   3  62   0   1   1   8   0   0   2   4   1   0   0   0  1.12 0.49
   40 G     3  -5  -1  -4  -3  -4  -4   6  -5  -5  -5  -3  -5  -3  -4  -1  -2  -5  -5  -1   28   0   3   0   0   0   0  56   0   0   0   1   0   1   0   3   2   0   0   5  1.21 0.53
   41 E    -1  -1  -1   0  -2   1   3  -3  -1  -1  -3   3  -1  -4  -3   1   3  -5  -3   0    3   1   2   3   1   7  20   1   1   4   1  18   2   0   0  10  20   0   1   6  0.37 0.28
   42 I    -3  -5  -2   0  -4  -4  -1  -5  -3   5   0  -4   0  -1  -3  -4  -3  -5  -2   4    0   0   2   6   0   0   4   1   1  38   5   0   2   3   1   0   0   0   1  35  0.86 0.43
   43 K    -1   0  -1   0  -2   0   1  -2   4   2   0   0  -1  -1  -3  -1   0  -4  -2   2    3   5   2   5   0   3  10   3  15  12  11   5   0   3   0   3   6   0   0  15  0.17 0.17
   44 K    -1   3   2   1  -4   0   2  -2  -1  -3  -4   3  -3  -2  -3   1  -1  -5  -3  -2    5  17  10   8   0   3  12   1   1   2   0  24   0   2   0   9   3   0   1   3  0.42 0.27
   45 L    -1  -2  -1  -3  -2  -2   0  -4  -2   1   2  -1  -1   0  -3   0   1  -4   0   3    2   2   2   1   0   1   7   0   1   8  21   3   0   3   0   9   9   0   3  28  0.25 0.21
   46 H    -3  -2   1   3  -6   1   5  -5   0  -2  -3   1  -4  -2  -4  -3  -2  -6  -4  -3    0   1   5  18   0   6  47   0   2   2   3   8   0   2   0   1   2   0   0   2  0.87 0.44
   47 E    -2  -1   2   4  -5  -2   1  -3   1  -2  -3   0   0  -2   0   0  -2  -4   3  -1    2   3  12  30   0   0   9   0   4   2   1   5   3   1   4   5   1   0  10   5  0.44 0.28
   48 Q    -4   2  -5  -7  -6  -2  -4  -6  -6  -1   1  -4   3  -2  -7  -4  -4  11  -3  -3    1  10   1   0   0   1   1   0   0   4  12   1   8   1   0   2   1  56   0   2  2.32 0.77
   49 G    -4  -6  -4  -3  -6  -4  -2   7  -6  -7  -7  -4  -3  -7  -6  -3  -5  -6  -7  -7    0   0   0   1   0   1   4  91   0   0   0   1   1   0   0   1   0   0   0   0  2.24 0.76
   50 R    -2   4  -1  -3  -4   0   0  -4  -3   0   1   4   1  -3  -3  -2  -1  -5  -4   0    2  25   2   1   0   2   6   0   0   4  15  25   5   1   0   2   3   0   0   7  0.46 0.30
   51 R    -5   8  -4  -5  -3   0  -4  -6  -2  -3  -3   3  -5  -5  -6  -3  -2  -6  -5  -6    0  73   0   0   1   3   0   0   1   2   2  15   0   0   0   2   2   0   0   0  1.82 0.71
   52 R    -1   4   0   1  -5   3   0  -4   0  -5  -5   3  -4  -5  -1   0   0  -5  -2  -4    4  24   4   8   0  14   5   0   2   0   0  22   0   0   2   6   7   0   1   0  0.58 0.33
   53 L    -5  -6  -7  -7  -5  -6  -6  -7  -6  -2   6  -6   2   2  -6  -6  -2  -5  -4  -3    0   0   0   0   0   0   0   0   0   1  83   0   5   9   0   0   3   0   0   0  1.64 0.65
   54 A     6  -5  -3  -5  -4  -4  -2  -4  -5  -5  -4  -4  -4  -6   0  -1   0   1  -5  -3   80   0   1   0   0   0   3   0   0   0   1   0   0   0   4   3   4   2   0   1  1.46 0.66
   55 Y    -6  -6  -6  -7  -7  -6  -6  -8   2  -6  -6  -2  -5   0  -7  -6  -3  -2  10  -6    0   0   0   0   0   0   0   0   4   0   0   3   0   1   0   0   2   0  91   0  3.10 1.02
   56 E    -2   1  -3  -2  -3  -1   4  -5  -4  -3  -2   1  -1  -4   6  -1  -2  -6  -4  -4    2   7   1   1   0   2  26   0   0   2   4   7   2   0  36   4   2   0   1   0  0.89 0.44
   57 I    -5  -7  -7  -7  -5  -6  -7  -7  -7   8  -1  -6   2  -4  -6  -3  -4  -6  -5   2    0   0   0   0   0   0   0   0   0  81   2   0   5   0   0   2   0   0   0  10  1.97 0.71
   58 D    -1   2   5   1  -5   3  -1   0  -1  -5  -5   4  -4  -6  -4  -1  -3  -6  -5  -5    5   9  27   8   0  11   2   7   1   0   0  27   0   0   0   2   0   0   0   0  0.73 0.39
   59 G    -4   0   1   0  -7  -1  -2  -2   2  -6  -6   7  -5  -6  -5  -3  -3  -6  -3  -6    0   3   6   6   0   2   1   3   4   0   0  72   0   0   0   1   1   0   1   0  1.49 0.64
   60 H    -2  -1   2  -1  -3   1  -1  -4   4  -1   1   2   0   2  -4  -1  -2  -3   3  -1    1   2  12   2   0   7   2   0  12   3  15  13   2  11   0   4   1   0  10   3  0.27 0.22
   61 R    -1   3   2  -2  -3   0   0  -3   3  -3  -3   2   0  -2  -2   1   1  -4  -1  -2    4  21  12   0   0   3   5   1   8   1   2  16   2   2   2   9   7   0   2   3  0.34 0.24
   62 E    -3   3  -2   1  -6   1   4  -5  -2  -2  -5   5  -3  -6  -4  -1  -1  -6  -5  -4    1  15   1   8   0   5  28   0   1   3   0  32   0   0   0   3   3   0   0   1  0.83 0.42
   63 G     4  -6  -4  -5  -5  -5  -5   7  -6  -7  -7  -5  -6  -7  -5  -3  -5  -6  -6  -6   28   0   0   0   0   0   0  72   0   0   0   0   0   0   0   0   0   0   0   0  1.88 0.70
   64 Y    -4   0  -1  -2  -5   0  -4  -3   7   3  -2  -4  -2   2  -5  -3   0  -3   5  -2    0   5   2   2   0   3   0   2  29  16   3   0   1   7   0   1   5   0  21   1  0.91 0.45
   65 Y    -6  -4  -7  -8  -2  -6  -7  -8   1  -6  -5  -6  -5   2  -8  -6  -6   1  10  -6    0   1   0   0   1   0   0   0   2   0   0   0   0   7   0   0   0   1  88   0  3.05 1.00
   66 Y     0  -4  -2  -4  -1  -2  -2  -4   3   2   0  -4   0   2  -4  -2   0   0   3   4    6   0   1   0   1   1   2   1   8   9   7   0   1  10   0   2   6   1   9  34  0.43 0.28
   67 L    -3  -2  -3  -5   1   2  -4  -5   2   2   4  -3   2   0  -5  -3  -2   1   1   2    0   2   1   0   3  10   0   0   5  10  38   0   4   3   0   2   2   2   4  14  0.48 0.30
   68 V    -3  -4  -5  -6  -1  -4  -5  -6  -3   3   2  -5   5   2  -5  -4  -2   0   1   3    1   0   0   0   1   0   0   0   0  19  22   0  20   9   0   1   1   1   6  19  0.78 0.37
   69 Y    -2   0   6   1  -3  -1   1  -2  -2  -2  -3   0  -2  -2  -4  -1   1  -4   2  -3    2   4  39   8   0   2   9   2   0   3   2   6   1   1   0   3  11   0   8   1  0.61 0.36
   70 F    -4  -5  -6  -6   0  -5  -6  -6   0   4   1  -5  -1   6  -6  -4  -3  -3   4   2    1   0   0   0   2   0   0   0   2  21  10   0   1  38   0   1   1   0  12  12  1.05 0.45
   71 T    -1   1   1   2  -3   1   3  -3  -2  -4  -3   2  -3  -2  -3   1   1  -4  -1  -3    2   5   7  14   1   5  25   0   0   0   3  12   0   2   0  10  11   0   3   1  0.39 0.26
   72 A     4  -4  -4  -4   4  -4  -3   2  -4  -2  -3  -4   1  -3  -4   1   1  -5  -5  -1   43   0   0   0   9   0   1  17   0   1   1   0   3   1   0  12   7   0   0   4  0.73 0.41
   73 P    -1  -3   1   4  -5  -1   3  -1  -3  -4  -4   0  -1  -4   3   1   0  -5  -3  -3    5   0   7  23   0   1  19   3   0   1   1   4   2   1  16   9   7   0   1   1  0.53 0.31
   74 S     1  -2   0  -1  -4   1  -2   3  -2  -4  -5  -2  -4  -6   5   1   0  -6  -5  -3   11   1   4   3   0   6   1  19   1   0   0   1   0   0  33  11   6   0   0   1  0.75 0.37
   75 S     2  -1   2   1  -4   2   2  -1  -2  -4  -4   1  -3  -5   0   1   1  -5  -3  -3   21   2   9   8   0  10  16   2   0   0   1   8   0   0   4  10   9   0   1   0  0.35 0.25
   76 A     3  -2   0  -2  -1   0  -2  -2  -1   0   0  -1   0  -1  -2   0   1  -4  -1   2   28   0   4   1   1   4   2   1   1   4  11   2   2   2   1   7  11   0   2  15  0.19 0.19
   77 I    -2  -5  -5  -5  -4  -2  -3  -6  -5   5   2  -4   2  -3  -2  -3  -2  -5  -4   4    2   0   0   0   0   3   1   0   0  35  19   1   4   0   2   1   2   0   0  29  0.83 0.39
   78 S     2   0   2   1  -4   2   1  -2   0  -3  -2   2  -3  -3  -2   1   0  -5  -3  -3   24   4  11   9   0   8   8   1   2   1   3  13   0   1   1   8   5   0   0   1  0.29 0.22
   79 D    -2  -3  -1   0  -7  -1   7  -4  -4  -3  -4   0  -5  -6   0  -2  -2  -6  -5  -3    2   0   3   4   0   1  71   1   0   2   1   6   0   0   4   3   1   0   0   2  1.38 0.62
   80 L    -4  -5  -6  -6  -4  -5  -6  -6  -5   3   4  -5   3   4  -6  -5  -3   1  -1   0    0   0   0   0   0   0   0   0   0  16  48   0   7  20   0   0   0   1   1   5  1.06 0.45
   81 W    -2  -1   0   3  -6   0   6  -3  -3  -3  -3   0  -2  -6  -4  -1  -1   0  -5  -2    3   3   4  15   0   3  53   1   0   2   2   4   1   0   0   3   3   1   0   3  0.91 0.46
   82 Q    -2   7   0  -2  -6  -2   0  -5   2  -4  -4   2  -3  -4  -5  -1   0  -6  -3  -4    2  58   4   2   0   1   5   0   4   1   1  10   1   1   0   5   6   0   0   0  1.18 0.53
   83 E     1   2   1  -1  -3   2   0  -2   0   0   1   0  -1  -2  -3   0   0  -3  -1   0   12  12   9   3   0  11   6   1   2   5  14   6   1   1   0   4   4   0   2   9  0.11 0.13
   84 Y     1  -5  -5  -5  -2  -3  -3  -4  -4   0   3  -4   5   5  -5  -2  -3  -3   1   0   11   0   0   0   1   1   2   1   0   3  32   0  15  25   0   3   1   0   4   4  0.73 0.38
   85 H    -2   6   1  -4  -6  -1  -3  -1   0  -4  -3   4  -4  -6  -5  -1  -3  -6  -4  -4    2  46   8   0   0   1   0   4   2   1   2  28   0   0   0   3   1   0   0   1  1.11 0.51
   86 L    -3  -1  -4  -6  -4  -5  -5  -6  -5   5   3  -3   0   3  -5  -5  -3  -4   2   0    1   5   1   0   0   0   0   0   0  38  31   1   2  12   0   0   1   0   6   3  0.86 0.40
   87 N    -2   0   6   3  -5  -2   0  -3   0  -2  -5  -2  -3  -3  -4   1   1  -6  -5  -5    3   5  41  16   0   1   6   1   2   2   0   1   0   1   0  12   9   0   0   0  0.85 0.43
   88 E    -4  -3  -1   5  -6  -1   5  -3  -2  -2  -4   1  -5  -6   1  -2  -2  -6  -5  -4    0   1   3  32   0   2  39   1   0   3   1   9   0   0   6   2   1   0   0   1  0.98 0.47
   89 D     1   0   3   4  -4   1   1  -1  -1  -4  -4   0  -3  -2  -2   0  -2  -5  -4  -3   14   4  14  30   0   6  10   3   1   1   0   4   0   2   1   7   2   0   0   1  0.51 0.30
   90 L    -4  -6  -6  -6  -4  -6  -6  -5  -6   5   0  -6  -1   0  -6  -5  -3  -6  -4   6    0   0   0   0   0   0   0   1   0  34   7   0   1   3   0   0   1   0   0  53  1.37 0.55
   91 I    -4  -3  -6  -6  -4  -5  -6  -7  -6   5   5  -5   3  -1  -6  -5  -4   2  -3   0    0   2   0   0   0   0   0   0   0  35  49   0   6   2   0   0   0   3   1   4  1.17 0.48
   92 R    -5   8  -4  -6  -8  -3  -4  -6  -4  -7  -6   2  -5  -7  -6  -5  -3  -7  -6  -7    0  90   0   0   0   0   0   0   0   0   0   8   0   0   0   0   2   0   0   0  2.53 0.85
   93 F    -4  -2   0  -3  -5  -2  -2  -4   6  -3  -3  -4  -3   5  -3   0   0   3   5  -1    0   2   5   1   0   1   2   1  18   1   0   0   0  22   1   9   7   3  23   4  0.84 0.41
   94 I    -3  -3  -2  -5  -4   0  -4  -6  -5   2   4   0   7  -2  -5  -2  -4  -5  -2  -1    1   1   2   0   0   5   0   0   0  10  40   5  30   0   0   3   0   0   1   2  0.97 0.46
   95 T    -2  -5  -3  -5  -1  -4  -4  -5  -2   5  -2  -4  -2   0  -5  -1   5  -5  -4   3    1   0   1   0   1   0   0   0   1  31   1   0   0   4   0   4  34   0   0  21  0.88 0.44
   96 L    -3  -5  -4  -6  -4  -3  -5  -6  -5   5   2  -4   2   2  -5  -4  -1  -5  -3   5    1   0   1   0   0   1   0   0   0  29  14   0   5   8   0   0   3   0   0  38  0.91 0.40
   97 R    -3   5   2  -4  -4   0  -3  -4   1  -5  -3   5  -4  -4  -5  -2  -3  -6  -5  -4    1  34   9   0   0   3   0   0   3   0   2  43   0   0   0   2   1   0   0   1  1.15 0.50
   98 T    -2   1  -3  -1  -2   0   0  -4  -2   0   2   0   1  -2  -1  -2   1  -3   0   2    2  10   0   3   1   6   5   0   1   4  24   4   3   0   3   1  10   0   3  21  0.19 0.18
   99 D    -2  -2   0   5  -5   0   4  -3  -3  -2  -5   2  -4  -4  -4  -1  -1  -6  -5  -4    2   1   3  37   0   3  30   1   0   2   0  12   0   1   0   4   4   0   0   0  0.88 0.40
  100 E    -1   0   1   2  -5   0   4  -2   0  -5  -5   4  -4  -5  -3   0  -1  -5  -4  -4    5   2   5  11   0   2  33   2   2   0   0  26   0   0   0   6   3   0   0   1  0.65 0.34
  101 V     2  -2   0  -1  -3   0   0  -2   3   1   0  -1  -1  -1   2  -1  -1  -3  -1   1   25   0   5   4   0   3   5   0   9   9  11   4   0   1   9   2   1   0   1   9  0.16 0.15
  102 M    -1  -1  -2   0  -2   0   2  -3  -1   2   0   2  -1  -1   0  -1  -1  -4  -2   2    4   2   0   4   1   1  20   1   1  13   6  16   1   2   5   4   1   0   1  17  0.17 0.15
  103 E     0  -2  -1   1  -4   1   4  -1  -2  -3  -3   1  -2  -4  -1   0   3  -4  -3  -1    6   0   1   7   0   5  33   3   0   1   1   9   1   0   2   5  21   0   0   4  0.44 0.25
  104 K     0   1  -1   0  -3   0   3   1  -2  -1  -2   2  -2  -4   0  -1  -1  -4  -3  -1    9   6   1   2   0   3  27  13   0   4   3  17   0   0   5   3   3   0   0   5  0.26 0.16
  105 I     1  -3  -2  -3  -4  -2   0  -4  -3   0   0   1  -2  -3   5   0  -1  -4  -1   0   12   0   1   0   0   1   7   0   0   5  13  11   0   0  35   5   2   0   3   6  0.59 0.26
  106 E     2  -1  -1  -2  -3   1   3  -3  -3  -3  -3  -1  -2  -4   1   4  -1  -5  -4  -3   16   3   1   0   0   4  19   0   0   1   2   2   1   0   5  44   0   0   0   1  0.58 0.32
  107 F     2   0  -4  -4  -3  -1  -2  -3  -3   0   0  -2   4   1   3  -2  -2   5  -2   0   24   6   0   0   0   2   1   0   0   6   5   2  14   6  17   0   0  10   0   8  0.43 0.23
  108 K     0   1   0  -1  -4   2   0  -3  -2  -1   0   3   6  -3  -3  -2  -2  -4  -3  -2    8   7   4   3   0  10   6   0   1   3   5  23  27   0   0   0   1   0   0   1  0.43 0.26
  109 T     1   0  -2  -3  -3   1  -2  -3  -3  -1   0   2   5  -3  -3   1   1  -4  -3   0   15   5   0   0   0   6   0   0   0   2   5  19  25   0   0   9  11   0   0   4  0.34 0.22
  110 L     0   4  -2  -3  -4   2  -1  -2  -2  -3   0   4   0  -4  -2  -2  -1  -4  -3  -2   10  26   0   0   0  12   1   2   0   0  11  29   2   0   2   0   2   0   0   2  0.48 0.23
  111 D    -1   0   1   1  -3   0   1  -1  -2  -2  -3   3  -2  -4   1   1  -1  -4  -3   1    3   1   8   9   0   1  11   4   0   1   0  25   0   0   7  14   1   0   0  13  0.26 0.15
  112 E    -1   1   0   1  -5   1   5  -3  -2  -4  -3   2  -3  -4  -3  -1  -2  -4  -3  -1    2   7   4   7   0   5  51   1   0   0   2  15   0   0   0   2   0   0   0   5  0.67 0.24
  113 Q    -2   3   0   1  -4   2   3  -2  -2  -4  -4   4  -3  -4  -2  -1  -2  -4  -3  -3    0  15   2   7   0   7  24   2   0   0   0  38   0   0   1   3   0   0   0   2  0.61 0.21
  114 Q    -2   4  -1   2  -5   2   4  -3  -1  -4  -4   3  -3  -4  -2  -1  -2  -4  -3  -4    0  26   0  11   0  10  36   0   0   0   0  18   0   0   0   0   0   0   0   0  0.69 0.17

                      K         Lambda
Standard Ungapped    0.1360     0.3186
Standard Gapped      0.0540     0.2670
PSI Ungapped         0.1763     0.3176
PSI Gapped           0.0540     0.2670
