
Last position-specific scoring matrix computed, weighted observed percentages rounded down, information per position, and relative weight of gapless real matches to pseudocounts
            A   R   N   D   C   Q   E   G   H   I   L   K   M   F   P   S   T   W   Y   V   A   R   N   D   C   Q   E   G   H   I   L   K   M   F   P   S   T   W   Y   V
    1 M    -5  -5  -6  -7  -5  -4  -6  -7  -5  -3  -2  -5  11  -4  -6  -5  -5  -5  -5  -3    0   0   0   0   0   0   0   0   0   0   0   0 100   0   0   0   0   0   0   0  3.35 0.88
    2 P    -3  -6  -5  -5   0  -4  -5  -6  -5  -4  -5  -4  -6  -4   8  -2  -4  -7  -3  -5    1   0   0   0   2   0   0   0   0   1   1   0   0   1  91   2   0   0   1   0  2.73 0.70
    3 K    -4  -1  -4  -4  -7  -2  -3  -5  -4  -6  -6   8  -5  -7  -5  -4  -4  -7  -5  -6    0   0   0   0   0   0   0   0   0   0   0 100   0   0   0   0   0   0   0   0  2.41 0.74
    4 M    -3  -1  -2  -6  -4   0  -5  -6  -4   2   3  -3   8  -2  -5  -4  -3  -4  -4  -1    2   3   2   0   0   4   0   0   0  10  24   1  51   1   0   0   0   0   0   1  1.29 0.50
    5 K    -4   0  -4  -4  -7  -2  -3  -5  -4  -6  -6   8  -5  -7  -5  -4  -4  -7  -5  -6    0   2   0   0   0   0   0   0   0   0   0  98   0   0   0   0   0   0   0   0  2.37 0.75
    6 T    -3  -4  -1  -4  -4  -4  -4  -5  -5  -4  -5  -4  -4  -6  -3   2   7  -6  -5  -3    0   0   2   0   0   0   0   0   0   0   0   0   0   0   1  14  83   0   0   1  1.87 0.67
    7 N    -4   2   3  -2  -2  -2  -2  -4   7  -4  -3   4  -4  -5  -4  -1  -3  -5  -3   0    0  13  16   1   1   0   0   0  31   1   2  25   0   0   0   3   0   0   0   7  0.97 0.41
    8 R    -3   5  -3  -3  -5  -1  -2  -4  -3  -5  -5   4  -4  -6  -4   4  -1  -6  -4  -5    0  31   0   0   0   1   0   0   0   0   0  30   0   0   0  36   2   0   0   0  1.12 0.47
    9 A     3  -4  -3  -4  -2  -4  -4   5  -4  -5  -5  -3  -3  -5  -4   3  -1  -5  -5  -4   27   0   0   0   1   0   0  47   0   0   0   0   1   0   0  23   2   0   0   0  1.09 0.43
   10 A     6  -4  -4  -5  -3  -4  -4  -3  -5  -1  -1  -4  -1  -5  -4   0  -1  -5  -4   1   73   0   0   0   0   0   0   0   0   2   4   0   1   0   0   4   4   0   0  11  1.12 0.48
   11 A     4  -1  -3  -4   1  -2  -3  -2  -4  -1  -3   4  -3  -5  -3   1  -2  -5  -4  -1   47   1   0   0   3   1   0   1   0   3   1  31   0   0   0   7   1   0   0   4  0.77 0.39
   12 K    -3   0  -4  -4  -6  -2  -3  -4  -1  -6  -6   8  -4  -6  -4  -2  -4  -6  -2  -6    1   2   0   0   0   0   0   1   1   0   0  91   0   0   0   2   0   0   2   0  2.05 0.68
   13 R    -5   8  -4  -5  -7  -3  -4  -6  -4  -7  -6  -1  -5  -7  -6  -4  -5  -6  -5  -6    0  98   0   0   0   0   0   0   0   0   0   2   0   0   0   0   0   0   0   0  2.68 0.79
   14 F    -4  -6  -6  -7  -6  -6  -6  -7  -5   0  -2  -6  -3   9  -7  -6  -5   2   2  -1    1   0   0   0   0   0   0   0   0   6   2   0   0  81   0   0   0   2   4   4  2.20 0.64
   15 R    -2   4  -3  -3  -6  -1  -1  -4  -1  -3  -2   6  -4  -5  -4   0  -2  -6  -4  -4    3  18   0   0   0   0   1   0   1   2   3  64   0   0   0   5   1   0   0   1  1.19 0.47
   16 K    -1   2  -4  -4  -3  -2  -3  -4  -4   2   1   2  -1   1  -3  -3  -2  -4  -3   3    5  10   0   0   0   1   0   0   0  15  13  18   0   6   1   0   1   0   0  30  0.40 0.25
   17 T    -3  -1  -2  -4  -4  -3  -4  -5  -5  -3  -1   0  -2  -5  -4   0   7  -5  -5  -3    0   4   1   0   0   0   0   0   0   1   6   6   1   0   0   5  76   0   0   1  1.44 0.57
   18 A     4  -3  -3  -3  -4  -3  -2   5   0  -5  -5   1  -4  -5  -2   0  -3  -5  -4  -3   33   1   0   0   0   0   2  42   3   0   0   9   0   0   2   7   0   0   0   1  0.84 0.36
   19 S    -2  -2   2  -2  -4  -3  -3   0  -3  -4  -4   1  -4  -5  -4   4   4  -5  -4  -4    1   1  11   1   0   0   0   5   0   0   1  10   0   0   0  41  30   0   0   0  0.82 0.41
   20 G    -3  -5   0  -4  -6  -5  -5   7  -5  -7  -6  -3  -6  -6  -5  -3  -4  -6  -6  -6    0   0   4   0   0   0   0  92   0   0   0   2   0   0   0   1   0   0   0   0  2.14 0.62
   21 K    -3   0  -1  -3  -3   0  -2  -1  -3  -4  -1   7  -3  -5  -4  -2   0  -5  -4  -4    1   3   2   0   1   2   0   6   0   0   6  71   0   0   0   1   5   0   0   0  1.19 0.47
   22 Y    -3  -5  -5  -6  -4  -5  -5  -6  -5   4   2  -5  -1   4  -5  -4  -3   3   1   4    1   0   0   0   0   0   0   0   0  31  15   0   0  19   0   0   0   3   4  28  0.86 0.34
   23 K    -3   1  -3  -4  -5  -2  -3  -5  -4  -1   0   6   4  -3  -4  -2  -2  -5  -4   0    0   4   0   0   0   0   0   0   0   3  11  60  14   1   0   1   1   0   0   6  1.04 0.46
   24 A     0   7  -3  -4   0  -2  -3  -3   4  -4  -5   0  -3  -1  -5  -1  -3  -5   1  -3    9  61   0   0   2   0   0   1  10   0   0   2   0   3   0   3   0   0   6   2  1.18 0.47
   25 G     0   3   0  -2  -4   1   0   2   0  -4  -3   3  -1  -1  -3   0  -1  -1  -2  -3    9  19   2   0   0   5   5  18   2   0   0  20   2   3   0   8   3   1   1   1  0.34 0.20
   26 H    -2   3  -1  -3  -2   4  -2  -3   6  -3  -4   4  -1  -5  -2  -1  -2  -5  -3  -2    2  16   2   0   1  22   0   2  19   1   0  25   2   0   2   5   1   0   0   3  0.75 0.35
   27 A     6  -3  -3  -4  -3  -1  -3  -1  -2  -4  -4  -3   1  -5  -1   2  -1  -5  -5  -3   72   1   0   0   0   2   0   3   1   0   0   1   3   0   2  13   2   0   0   0  1.12 0.48
   28 N    -2  -3   3  -3  -5  -4  -4   4   2  -4  -4  -3  -2   5  -5  -2  -2  -1   4  -4    2   1  17   0   0   0   0  31   4   0   0   1   1  26   0   1   2   0  15   0  0.87 0.37
   29 R    -1   4  -3  -3  -5  -1  -2  -1   1  -3   0   5   2  -4  -4  -2   1  -4   0  -2    3  21   0   0   0   1   0   4   4   0   9  39   5   0   0   0   9   0   3   2  0.61 0.32
   30 S    -2   6   2  -3  -5   0  -3  -2  -1  -5  -5   1  -4  -5  -4   4  -2  -5  -4  -5    1  42  12   0   0   2   0   3   1   0   0   6   0   0   0  33   1   0   0   0  1.00 0.44
   31 H    -6  -4  -3  -5  -7  -3  -4  -6  11  -7  -7  -1  -6  -5  -6  -5  -6  -7  -2  -7    0   0   0   0   0   0   0   0  97   0   0   3   0   0   0   0   0   0   0   0  3.62 0.94
   32 I    -3   0   1  -4  -2  -2  -4   0  -4   4   3   1   0  -1  -4  -3  -3  -4  -1  -1    0   6   7   0   1   2   0   8   0  34  30   9   1   1   0   0   0   0   3   0  0.45 0.27
   33 L    -1  -3   1  -5  -4  -4  -5  -5  -4  -1   5  -4   4   2  -5  -4  -2  -4  -3  -2    6   1   8   0   0   0   0   0   0   0  66   0   9   7   0   0   1   0   0   0  0.97 0.41
   34 T    -1   0  -2  -1  -4   1   2  -2   1   1  -3  -2   0  -4  -2   0   5   2  -3  -2    4   4   0   2   0   6  16   2   3   8   1   1   2   0   1   4  41   3   0   1  0.49 0.31
   35 K    -3  -1   1  -2  -5  -1  -2   1   5  -5  -5   6  -4  -5  -3   0  -3  -6  -4  -4    1   1   6   1   0   0   1  11  16   0   0  55   0   0   1   6   0   0   0   1  1.04 0.44
   36 K    -4   3  -3  -4  -6  -1  -2  -5   0  -6  -4   7   0  -6  -4  -3  -3  -1  -5  -4    0  12   0   0   0   1   0   0   2   0   1  78   3   0   0   0   1   1   0   1  1.66 0.59
   37 A    -1  -2   1  -1  -4  -2  -2  -2  -4  -4  -5  -2  -4  -5   0   5   4  -5  -4  -4    3   2   7   2   0   0   1   1   0   0   0   1   0   0   5  49  28   0   0   0  0.92 0.44
   38 T     1   1   0  -2  -3   0  -1  -1  -1  -4  -4   1  -3  -4   2   3   4  -5  -4  -2    9   6   5   0   0   4   1   4   2   0   0  10   0   0   8  22  27   0   0   2  0.43 0.26
   39 K    -1   2   0  -1  -5   0  -1  -4  -2  -5  -5   7  -4  -6  -4  -1  -1  -6  -5  -5    5   9   4   3   0   2   1   0   0   0   0  67   0   0   0   5   3   0   0   0  1.19 0.47
   40 R    -2   6   1  -3  -5   4  -1  -4   0  -4  -3   0   0  -1  -4  -1   0  -4   0  -2    2  45   5   0   0  18   2   0   2   0   2   3   2   3   0   4   6   0   3   4  0.76 0.36
   41 K    -3   2  -2  -4  -3  -2  -2  -4  -2   2  -1   6  -1  -5  -4  -2   1  -5  -4  -2    0  10   1   0   1   0   0   0   1  12   5  60   1   0   0   1   9   0   0   1  0.98 0.44
   42 R    -2   8  -2  -5  -7  -1  -3  -6  -2  -6  -4   0  -1  -6  -5  -3  -3  -6  -5  -6    3  87   1   0   0   1   0   0   0   0   1   3   1   0   0   1   1   0   0   0  2.10 0.67
   43 N    -1   4   3   0  -3   4  -1  -2   5  -5  -5   1  -3  -5  -4  -1  -1  -5  -3  -4    4  23  14   3   0  23   2   3  14   0   0   8   0   0   0   3   2   0   0   1  0.69 0.33
   44 L    -2  -3  -1  -5  -4  -1  -5  -4  -3  -1   6  -2   1  -1  -5  -3  -4  -4  -3  -2    4   1   3   0   0   4   0   1   1   0  78   3   2   2   0   2   0   0   0   0  1.06 0.44
   45 R    -2   7  -1  -1  -4  -2  -2   0   1  -5  -5   1  -4  -5  -4   1  -1  -3  -3  -5    2  60   3   4   0   0   1   7   3   0   0   6   0   0   0  11   4   0   1   0  1.07 0.43
   46 Q     0   0  -1  -2  -4   2   0   4   1  -3  -4   3  -3  -3  -1  -1  -1  -4  -2  -3    5   4   2   1   0  11   5  31   3   1   1  25   0   1   3   3   3   0   1   0  0.49 0.26
   47 Q     0   0   0   0  -2  -1  -1  -1  -2  -1  -1   1   1  -1   1   1   3   0  -2  -1    8   3   3   6   0   2   3   5   1   3   3  10   4   4   7  13  21   1   0   3  0.15 0.13
   48 N     1  -1  -1   0   0   0  -1   0  -1  -1  -2   0   0  -1  -2   1   2  -3  -2   1   16   2   1   5   2   4   3   9   2   2   1   6   3   4   1  10  18   0   0  12  0.12 0.13
   49 H    -1  -2  -2  -3   0   0  -1  -3   0   2   2  -2   2   1  -1  -2   0  -3   2   2    3   1   2   1   2   4   5   0   2  15  17   0   7   5   2   1   5   0   7  18  0.18 0.14
   50 V    -1  -5  -5  -6   1  -4  -5  -5  -5   2   3  -5   3  -3  -5  -4  -2  -5  -4   5    4   0   0   0   3   0   0   0   0   7  23   0   7   0   0   0   1   0   0  55  0.98 0.40
   51 R     1  -2   1   2  -1  -2  -1  -2   5  -4  -4  -1  -4  -1   0   3  -1  -5  -3  -4   13   1   6  15   1   0   3   1  15   0   0   4   0   3   4  30   2   0   0   0  0.49 0.28
   52 A     1   0  -1   1  -2   0   2  -1  -1  -4  -3   4  -2  -4   2   1  -1  -5  -4  -3   10   3   2   8   1   1  14   4   1   0   1  30   0   0   9  11   4   0   0   1  0.39 0.22
   53 E     2  -1   0  -2   1  -1  -2   1  -3  -1  -3  -1  -1  -3   0   2   2  -4  -3   0   22   3   4   0   3   3   1  12   0   4   1   1   1   1   3  19  18   0   0   5  0.28 0.20
   54 D    -4  -4   2   7  -6   2   1  -4  -1  -5  -5  -1  -1  -3  -4  -3  -3  -6  -1  -5    0   0  11  63   0   8   8   0   2   1   1   2   2   1   0   0   1   0   2   0  1.35 0.48
   55 A     1  -1  -1  -2  -2   0   1  -1  -1   0   0   0   1   0  -3   0   0   1   0   1   15   2   2   0   0   3  11   4   2   6   6   6   7   3   0   7   5   2   3  14  0.06 0.09
   56 G     1   2  -1   0  -5  -1   0  -1  -1  -4  -3   5  -3  -5   0  -1  -2  -3  -2  -3   12   8   3   4   0   1   3   3   2   0   3  51   0   0   4   3   1   0   2   1  0.66 0.33
   57 R     0   4   2  -2  -4   0  -1  -2   0  -1   0   1   0  -3  -2   0   0  -4  -3  -1    7  30  12   0   0   4   2   1   2   4   8   9   2   0   1   8   6   0   0   3  0.31 0.20
   58 L    -2  -4  -5  -6  -3  -5  -5  -6  -5   5   1  -5   3  -1  -5  -4  -3   0   0   5    1   0   0   0   0   0   0   0   0  37  10   0   7   1   0   0   0   1   4  38  0.97 0.38
   59 D    -1   3  -2   0  -4   0  -1  -3   0  -2  -3   5  -1  -5  -3  -1  -2  -5  -3  -2    6  17   1   4   0   2   3   1   2   2   2  50   2   0   1   3   1   0   1   3  0.74 0.35
   60 R     0   4  -2  -2  -3   2   0  -2  -1  -3   0   3  -2  -2  -2  -1  -1  -4  -3  -3    8  29   1   1   0   9   4   2   1   1  11  22   1   2   1   4   3   0   1   0  0.43 0.25
   61 M    -3  -3  -4  -6   2  -1  -5  -6  -4  -1   4  -4   8   1  -5  -4  -4   1   2  -2    1   1   1   0   4   3   0   0   0   2  36   0  39   5   0   0   0   2   6   1  1.13 0.46
   62 L    -2  -5  -6  -6  -1  -5  -6  -6  -5   3   5  -5   5  -1  -6  -5  -4  -4  -4  -1    2   0   0   0   1   0   0   0   0  13  68   0  13   1   0   0   0   0   0   2  1.23 0.45
   63 P    -3  -5  -5  -5  -6  -5  -4  -5  -6  -6  -6  -4  -6  -7   9  -2  -2  -7  -6  -4    1   0   0   0   0   0   0   0   0   0   0   0   0   0  94   2   2   0   0   1  2.90 0.69
   64 Y    -5  -5  -3  -6  -6  -2  -5  -6   1  -5  -4  -5  -4   2  -6  -5  -5  -1  10  -5    0   0   1   0   0   2   0   0   2   0   0   0   0   4   0   0   0   0  91   0  2.68 0.68
   65 L    -2  -3  -4  -4  -2  -3  -4  -4  -4   3   4  -3   4   0  -4  -3  -2   0  -2   2    0   0   0   0   0   0   0   0   0  16  53   0  16   2   0   0   0   2   0  12  0.60 0.14

                      K         Lambda
Standard Ungapped    0.1272     0.3188
Standard Gapped      0.0549     0.2670
PSI Ungapped         0.1792     0.3193
PSI Gapped           0.0549     0.2670
