
Last position-specific scoring matrix computed, weighted observed percentages rounded down, information per position, and relative weight of gapless real matches to pseudocounts
            A   R   N   D   C   Q   E   G   H   I   L   K   M   F   P   S   T   W   Y   V   A   R   N   D   C   Q   E   G   H   I   L   K   M   F   P   S   T   W   Y   V
    1 I    -1  -3  -3  -4  -1  -3  -3  -4  -4   3   1  -3   1  -1  -3  -2   0  -3  -2   5    0   0   0   0   0   0   0   0   0  10   0   0   0   0   0   0   0   0   0  90  0.43 0.03
    2 I    -1  -3  -3  -4  -1  -3  -3  -4  -4   4   1  -3   1  -1  -3  -2   0  -3  -2   3    0   0   0   0   0   0   0   0   0  72   0   0   0   0   0   0   6   0   0  22  0.39 0.02
    3 G     0  -3  -1  -2  -3  -2  -3   6  -3  -4  -4  -2  -3  -4  -3  -1  -2  -3  -4  -4    0   0   0   0   0   0   0 100   0   0   0   0   0   0   0   0   0   0   0   0  1.14 0.03
    4 G     0  -3  -1  -2  -3  -2  -3   6  -3  -4  -4  -2  -3  -4  -3  -1  -2  -3  -4  -4    0   0   0   0   0   0   0 100   0   0   0   0   0   0   0   0   0   0   0   0  1.14 0.03
    5 D    -1  -2   1   6  -4  -1   1  -2   2  -3  -4  -1  -3  -4  -2  -1  -1  -5  -3  -2    3   0   0  86   0   0   0   0   7   0   0   0   0   0   0   0   0   0   0   4  0.81 0.03
    6 E    -1   0  -1   1  -4   2   6  -3   0  -4  -3   1  -3  -4   1   0  -1  -3  -3  -3    0   0   0   0   0   0  93   0   0   0   0   0   0   0   7   0   0   0   0   0  0.79 0.04
    7 C    -1  -4  -3  -4  10  -4  -4  -3  -4  -2  -2  -4  -2  -3  -3  -1  -1  -3  -3  -1    0   0   0   0 100   0   0   0   0   0   0   0   0   0   0   0   0   0   0   0  1.50 0.05
    8 N    -2  -1   7   3  -3   0   0  -1   0  -4  -4   0  -3  -4  -2   0   0  -4  -3  -4    0   0  88  12   0   0   0   0   0   0   0   0   0   0   0   0   0   0   0   0  0.79 0.04
    9 I    -2  -1  -4  -4  -2  -3  -3  -4  -4   5   1  -3   1   0  -3  -3  -1  -3  -2   3    0   6   0   0   0   0   0   0   0  94   0   0   0   0   0   0   0   0   0   0  0.42 0.03
   10 N    -2  -1   7   2  -3   0   0  -1   0  -4  -4   0  -3  -4  -2   0   0  -4  -3  -3    0   0  91   5   0   0   0   0   0   0   0   0   0   0   0   0   4   0   0   0  0.79 0.04
   11 E    -1   0  -1   1  -4   2   6  -3   0  -4  -3   1  -3  -4  -2   0  -1  -3  -3  -3    0   0   0   0   0   0 100   0   0   0   0   0   0   0   0   0   0   0   0   0  0.85 0.04
   12 H    -2  -1   0  -2  -4   0   0  -3   9  -4  -3  -1  -2  -2  -3  -1  -2  -3   2  -4    0   0   0   0   0   0   0   0  96   0   0   0   0   0   0   4   0   0   0   0  1.05 0.05
   13 P    -2   5   0  -2  -4   0  -1  -3   1  -4  -3   1  -2  -3   4  -1  -1  -3  -2  -3    0  69   3   0   0   0   0   0   3   0   0   0   0   0  25   0   0   0   0   0  0.74 0.03
   14 F    -2  -3  -2  -3  -2  -3  -3  -3  -2  -1   0  -3   0   6  -3   1  -1   0   2  -1    0   0   0   0   0   0   0   0   0   0   4   0   0  77   0  19   0   0   0   0  0.55 0.03
   15 L    -2  -3  -4  -4  -2  -3  -3  -4  -3   2   5  -3   2   0  -3  -3  -2  -2  -1   1    0   0   0   0   0   0   0   0   0   0 100   0   0   0   0   0   0   0   0   0  0.54 0.03
   16 V     2  -3  -3  -3  -1  -2  -2  -2  -3   2   0  -2   0  -1  -2  -1   0  -3  -2   4   29   0   0   0   0   0   0   0   0   0   0   0   0   0   0   0   0   0   0  71  0.28 0.02
   17 A     2  -2  -3  -3  -1  -2  -1  -2  -2   1   1  -2   0   3  -2   0  -1  -1   1   0   43   0   0   0   0   0   4   0   0   5  22   0   0  19   0   0   0   0   2   4  0.15 0.01
   18 L    -1  -3  -3  -4  -1  -2  -3  -4  -3   2   3  -3   2   1  -3  -2  -1  -2  -1   2    0   0   0   0   0   0   0   0   0  10  54   0   6   4   0   0   2   0   0  22  0.33 0.01
   19 Y    -2  -2  -2  -4  -3  -2  -3  -4   3  -2  -1  -2  -1   4  -4  -2  -2   2   7  -2    0   0   0   0   0   0   0   0   6   0   0   0   0  19   0   0   0   0  75   0  0.84 0.04
   20 D     0  -1   4   2  -2   0   1  -1   1  -3  -3   0  -2  -2  -2   2   2  -3   0  -2    2   0  29  14   0   0   8   0   3   0   0   3   0   0   0  17  18   0   4   0  0.31 0.02
   21 A     2  -1   0  -1  -1  -1  -1   2  -1  -3  -3  -1  -2  -3  -1   4   1  -3  -2  -2   14   0   0   0   0   0   0  12   0   0   0   0   0   0   0  69   5   0   0   0  0.39 0.02

                      K         Lambda
Standard Ungapped    0.1487     0.3236
Standard Gapped      0.0462     0.2670
PSI Ungapped         0.1508     0.3178
PSI Gapped           0.0462     0.2670
