
Last position-specific scoring matrix computed, weighted observed percentages rounded down, information per position, and relative weight of gapless real matches to pseudocounts
           A  R  N  D  C  Q  E  G  H  I  L  K  M  F  P  S  T  W  Y  V   A   R   N   D   C   Q   E   G   H   I   L   K   M   F   P   S   T   W   Y   V
    1 M   -2 -3 -3 -4 -2 -2 -3 -4 -3  2  1 -3  7 -1 -3 -3 -1 -3 -2  3    0   0   0   0   0   0   0   0   0  10   0   0  59   0   0   0   0   0   0  31  0.71 0.18
    2 N   -1  3  3  0 -4  2 -1 -2 -2 -4 -4  4 -3 -4 -3  2 -1 -4 -3 -3    4  17  15   4   0  11   0   0   0   0   0  30   0   0   0  20   0   0   0   0  0.53 0.22
    3 Q   -1  0  0  2 -4  2  3 -3 -2 -2 -3  1  2 -4  1  3 -1 -4 -3 -3    1   3   4  12   0  11  21   0   0   2   0   8   8   0   6  25   1   0   0   0  0.40 0.23
    4 E   -2 -1  1  4 -5  1  5 -3 -2 -4 -3  0 -2 -5 -3  1  0 -5 -4 -4    2   2   6  24   0   5  40   0   0   0   2   3   1   0   0   8   7   0   0   0  0.72 0.31
    5 I   -2 -4 -3 -5 -3 -4 -4 -5 -5  5  1 -4  2 -2 -4 -2  2 -4 -3  3    1   0   1   0   0   0   0   0   0  44  11   0   5   0   0   2  17   0   0  19  0.76 0.34
    6 F   -1 -2 -2 -2 -3 -2  2 -3 -2  1  2  0  0  3 -2 -1  0  0  0  0    4   0   1   0   0   0  21   0   0   7  20   6   1  18   1   4   6   1   1   7  0.22 0.18
    7 E    1 -2  0  3 -4  2  4 -2 -1 -4 -3  0 -3 -5 -2  0 -1 -5 -4 -3   14   0   3  19   0  11  34   2   1   0   2   4   0   0   1   7   4   0   0   1  0.57 0.29
    8 R   -2  5 -2  0 -5  0  1 -1 -3 -5 -3  5 -3 -3 -4 -1 -3 -5 -4 -3    2  34   0   6   0   2   9   5   0   0   2  36   0   1   0   2   0   0   0   1  0.79 0.36
    9 V   -1 -5 -5 -6 -3 -5 -5 -6 -5  4  2 -5  0 -2 -5 -4 -2 -5 -3  5    3   0   0   0   0   0   0   0   0  22  19   0   1   1   0   0   2   0   0  52  0.98 0.40
   10 K    0  3 -2 -3  3  2 -1 -3 -3  0  0  4  0 -3 -3 -1 -1 -4 -2 -2    8  18   0   0   7  10   1   1   0   5   9  31   2   0   0   3   3   0   1   2  0.40 0.26
   11 K    1  0  0  2 -4  1  3 -2  0 -4 -4  3 -2 -4 -1  1  0 -4 -3 -3   14   2   4  10   0   4  22   2   2   0   1  21   0   0   2  11   4   0   1   0  0.37 0.22
   12 V   -3 -5 -5 -6 -3 -5 -5 -6 -5  6  2 -5  2 -1 -5 -4 -2  0 -1  3    1   0   0   0   0   0   0   0   0  58  14   0   5   2   0   0   2   1   2  15  1.05 0.41
   13 V   -2 -5 -5 -4 -3 -4 -5 -5 -5  5  2 -4  1  0 -5 -4 -2  2 -3  4    2   0   0   1   0   0   0   0   0  33  18   0   3   4   0   0   1   3   0  36  0.81 0.34
   14 I    3  0 -1 -2  2  0 -1 -2 -2 -1 -3  1 -2 -3 -3  1 -1 -4 -3  2   33   4   3   0   5   4   2   1   1   3   0  12   0   0   0  12   2   0   0  16  0.30 0.23
   15 D   -1 -2  1  4 -5  1  5 -3 -1 -5 -4  1 -4 -3 -3  0 -1 -5 -4 -3    5   1   5  22   0   4  43   0   1   0   1   8   0   1   0   5   3   0   0   1  0.74 0.34
   16 Q   -2  0 -1 -1  0  4  2 -4  1  0 -1  1 -2 -2 -3 -1 -1 -3  0  0    2   4   2   3   2  29  14   0   3   5   8  10   0   1   0   2   4   0   4   9  0.31 0.22
   17 L   -2 -4 -4 -2 -1 -3 -4 -4 -4  0  4 -4  1  1 -3  1  0 -3 -1  0    2   0   0   3   1   1   0   0   0   4  55   0   3   6   1  11   7   0   1   6  0.53 0.29
   18 E    1 -2  1  0 -4 -2  0  5  0 -5 -5 -1 -4 -5 -4  1 -2 -5 -4 -4   12   2   6   6   0   1   7  52   3   0   0   3   0   0   0   9   1   0   0   0  0.77 0.32
   19 V   -2 -4 -5 -5 -2 -4 -3 -5 -5  4  2 -1 -1 -2 -5 -4 -2 -5 -2  5    1   0   0   0   0   0   1   0   0  21  18   5   0   0   0   0   1   0   1  51  0.83 0.36
   20 P   -1 -2  1  5 -5 -1  3 -2 -3 -4 -4  1 -4 -5  2  0 -1 -5 -4 -4    5   1   7  36   0   0  22   1   0   0   1   7   0   0  10   6   2   0   0   1  0.69 0.31
   21 E    1 -1 -1  0 -3  0  3 -2 -2  0 -1  1 -1 -3  3 -1  0 -4 -2  0   13   3   2   4   0   1  21   1   0   5   5  10   2   0  16   2   4   0   1  10  0.25 0.16
   22 D    1 -2 -1  4 -1  0  2 -1 -3 -4 -4  0 -4 -5 -3  3 -1 -5 -4 -3   13   1   1  27   1   2  16   4   0   0   0   6   0   0   0  25   3   0   0   1  0.53 0.28
   23 S   -1  0  0  2 -4  2  5 -2 -2 -3 -2  2 -3 -5 -3  0 -1 -5 -4 -3    3   4   4   9   0   8  40   3   0   1   3  14   0   0   0   6   4   0   0   2  0.54 0.27
   24 V   -2 -4 -4 -4 -2 -3 -3 -5 -5  4  2 -2  0 -2 -3 -4 -2 -5 -3  4    2   0   0   1   0   1   2   0   0  32  19   3   1   0   1   0   0   0   0  39  0.77 0.33
   25 V   -2 -1  1  0 -3  1 -1 -2  1 -1 -2  1 -2 -3 -2  1  4 -4 -3  1    1   2   5   5   0   6   3   2   4   2   2  10   0   0   1  10  36   0   0  11  0.34 0.24
   26 P    0 -1  1  2 -2 -1  1 -1 -2  0  0 -1  0 -3  4  0  1 -4 -3 -1    6   2   7  13   1   1   8   3   0   5  14   1   3   0  19   6   8   0   0   4  0.24 0.13
   27 E    0 -2  1  4 -4  0  4 -1 -2 -3 -4 -1 -4 -5 -3  0  0 -5 -4 -4    7   1   7  29   0   2  35   4   0   2   0   1   0   0   0   5   5   0   0   0  0.70 0.31
   28 A    3 -1 -1 -1  0  0  0 -1 -3 -3 -2  1 -2 -4 -2  3  2 -4 -3 -1   32   2   1   2   2   3   5   2   0   0   2   7   0   0   0  27  13   0   0   3  0.40 0.24
   29 S    0  0  2  2 -3 -1  0 -1  3 -3 -3  0 -3 -4 -1  3  1 -4 -2 -2    6   6  10  13   0   1   6   2   8   0   2   4   0   0   3  30   8   0   1   1  0.33 0.20
   30 F   -3 -4 -4 -5 -4 -4 -3 -5  2 -1  3 -1  0  7 -5 -4 -2 -2  0 -2    1   0   0   0   0   0   1   0   5   3  25   6   2  54   0   0   3   0   0   1  1.07 0.41
   31 A    1  0 -2 -2 -2  0 -2 -2 -2  2  0  0  0  2 -2 -1  0 -2 -1  2   18   5   0   2   0   5   1   2   1  18   4   5   2  13   0   1   6   0   1  15  0.12 0.11
   32 N    0 -1  2  4 -3  0  3 -1 -1 -3 -3  0 -1 -3 -2  0 -1 -3 -3 -3    8   2  12  23   0   1  29   4   1   1   1   5   2   1   1   6   1   0   0   1  0.42 0.17
   33 D   -3 -3  0  7 -5  1  1 -3 -3 -4 -4 -2 -4 -5 -3 -1 -2 -5 -4 -4    2   0   3  74   0   5   6   1   0   0   2   1   0   0   0   2   2   0   0   1  1.37 0.41
   34 L   -3 -4 -5 -5 -1 -4 -5 -5 -1  2  5 -4  2  1 -5 -4 -3 -3 -2  0    1   0   0   0   1   0   0   0   1  11  70   0   4   6   0   0   0   0   0   4  0.92 0.33
   35 N   -2 -4  0  2 -5 -3 -3  6 -4 -6 -6 -2 -5 -5 -4 -1 -4 -5 -3 -5    0   0   4  12   0   1   1  77   0   0   0   2   0   0   0   2   0   0   1   0  1.46 0.44
   36 A    4 -4 -4 -4 -2 -3 -3 -2 -4  3  2 -3  0 -2 -3 -2 -2 -4 -2  2   41   0   0   0   0   0   0   2   0  22  17   0   2   0   0   0   0   0   1  15  0.52 0.27
   37 D   -5 -4  0  8 -6 -3 -1 -4  0 -6 -7 -3 -6 -6 -4 -3 -4 -7 -6 -6    0   0   2  94   0   0   1   0   2   0   0   0   0   0   0   0   0   0   0   0  2.23 0.61
   38 S   -2 -4 -2 -3 -4 -3 -3 -3 -4 -5 -5 -3 -4 -5 -4  7 -1 -6 -5 -5    0   0   0   0   0   0   0   0   0   0   0   0   0   0   0 100   0   0   0   0  1.88 0.64
   39 L   -4 -5 -6 -6 -4 -4 -5 -6 -5  2  6 -5  0 -2 -5 -3 -3 -4 -3  0    0   0   0   0   0   0   0   0   0   7  87   0   0   0   0   2   0   0   0   3  1.30 0.44
   40 D    0 -1 -1  5 -4 -1  0 -3  0 -2 -1 -2  4 -4 -3  1 -1 -5 -4 -2    8   3   0  45   0   2   2   0   3   1   6   0  17   0   0   9   1   0   0   1  0.66 0.31
   41 T    1 -2 -1 -3 -2 -2 -2  0 -2  0  1 -2  2  0 -3  1  2 -3 -2  0   17   1   2   0   0   1   0   8   0   5  17   1   6   5   0  13  17   0   0   6  0.16 0.14
   42 V   -1 -4 -4 -5 -3 -3 -4 -5 -4  2  1 -4  5  0 -4 -3  1 -4 -1  4    5   0   0   0   0   0   0   0   0   7  12   0  21   3   0   0   8   0   2  41  0.65 0.29
   43 E   -1 -1 -1  1 -5  1  6 -3 -2 -4 -4 -2 -4 -5 -3 -1  1 -5 -4 -1    5   2   2   4   0   4  67   1   0   0   0   0   0   0   0   2   7   0   0   6  1.01 0.40
   44 L   -2 -4 -5 -5 -3 -4 -4 -2 -2  4  4 -4  2 -1 -4 -4 -1 -4 -3  2    1   0   0   0   0   0   0   3   1  25  51   0   5   1   0   0   2   0   0  12  0.70 0.28
   45 V    1 -2 -3 -4 -2 -3 -3 -2 -4  3  1 -2  1 -2 -3 -1  0 -4 -3  4   13   2   0   0   0   0   0   2   0  21  13   1   4   0   0   2   6   0   0  34  0.40 0.20
   46 M    0  1 -2 -2 -3 -1 -3 -2  1  0  0 -1  6 -1 -4  1 -1 -3 -1  1    8  10   1   2   0   1   0   2   3   2   4   3  36   2   0  12   2   0   2  10  0.42 0.27
   47 A    3  0  0  0 -3  0  3  0 -1 -3 -3  1 -1 -4 -2  0 -1 -4 -3 -3   33   5   3   5   0   3  25   4   1   1   1   9   1   0   0   6   2   0   0   0  0.37 0.21
   48 L   -1 -4 -5 -5 -3 -4 -4 -5 -4  4  4 -4  3  2 -4 -4 -2 -3 -2  1    5   0   0   0   0   0   0   0   0  32  40   0   7   9   0   0   1   0   0   6  0.68 0.27
   49 E   -2  1 -1  0 -6  1  6 -4 -2 -5 -5  1 -4 -5 -3 -1 -3 -5 -4 -4    3   8   1   1   0   4  72   0   0   0   0   5   0   0   0   4   0   0   0   1  1.23 0.44
   50 E   -1  1  0  3 -4  1  5 -2 -2 -4 -3  1 -3 -3 -3  0 -1 -4 -2 -3    6   7   2  19   0   4  42   1   0   0   1   7   0   1   0   4   4   0   1   1  0.60 0.26
   51 E    0  1 -2  0 -4  1  5 -3 -1 -3 -2  2 -1 -1 -3 -1  0 -4 -3 -2    9   9   0   3   0   3  44   0   1   1   2  14   1   3   0   1   7   0   0   3  0.51 0.25
   52 F   -3 -5 -5 -6 -4 -3 -5 -5 -3 -1  1 -5  2  7 -5 -4 -1  0  3 -1    2   0   0   0   0   1   0   0   0   2  13   0   4  64   0   0   4   1   6   3  1.27 0.41
   53 D   -2 -2  2  3 -4  0  0  4  0 -5 -5  1 -4 -5 -3  0 -2 -5 -4 -4    1   1  12  20   0   4   4  41   2   0   0  10   0   0   0   4   1   0   0   0  0.67 0.26
   54 I   -2 -3 -4 -4  3 -4 -4 -5 -4  4  1 -3  2  0 -4 -3 -1 -4 -3  4    1   1   0   1   7   0   0   0   0  35  13   1   5   3   0   0   3   0   0  29  0.61 0.25
   55 E   -1  0  0  2 -4  2  5 -3 -2 -4 -4  1 -3 -5 -2  0  1 -5 -4 -3    3   5   4  12   0   7  41   0   0   0   0   9   0   0   1   7  10   0   0   1  0.58 0.26
   56 I   -3 -5 -5 -5 -1 -5 -5 -6 -5  6  3 -5  1  0 -3 -4 -2 -4 -3  2    0   0   0   0   1   0   0   0   0  57  23   0   2   3   1   0   1   0   0  11  0.97 0.35
   57 P    0 -2  0  2 -4 -2  1 -3 -3 -4 -4 -1 -4 -4  6  2 -1 -5 -4 -4    5   2   4  12   0   1   9   0   0   0   1   2   0   1  45  15   3   0   0   0  0.99 0.34
   58 D   -1 -3 -1  5 -4  1  2 -2  0 -3 -1 -1 -1 -4  0  0 -1 -5 -2 -3    5   0   1  42   0   6  16   2   2   1   6   1   1   0   5   6   2   0   2   1  0.56 0.25
   59 E    0 -2  1  3 -4  0  5 -3  1 -3 -4 -1 -3 -4 -3  1  1 -5 -3 -4    6   1   6  16   0   1  42   0   4   2   0   2   0   0   0  12   8   0   0   0  0.63 0.28
   60 E    0 -1 -1  3 -4  2  3 -3 -2 -2 -1  1  0 -1 -3 -1  0 -1 -2 -2    8   2   0  19   0   9  29   0   0   2   7   7   2   4   0   3   4   1   1   2  0.33 0.19
   61 A    3 -3 -4 -4 -3 -1 -3 -3 -3  0  3 -3  0  3 -3 -2 -2  0 -1  0   38   0   0   0   0   2   0   0   0   3  33   0   1  13   0   1   1   1   1   4  0.48 0.26
   62 E   -1 -1  0  0 -3  2  3 -2 -2 -1  0  0  2  1 -2 -1  0 -3 -2 -1    5   1   4   4   0   8  30   1   0   2  12   5   7   6   1   3   6   0   1   3  0.22 0.17
   63 K   -1  1  2  2 -4  1  3 -1  0 -4 -3  3 -3 -4 -3  0  0 -4 -2 -3    2   4   9  12   0   5  18   3   2   0   3  27   0   0   0   6   6   0   1   1  0.39 0.21
   64 I   -1 -4 -2 -4  2 -3 -2 -5  1  5  2 -4  2  1 -4 -3 -2 -3  1  2    4   0   2   0   5   0   2   0   4  40  19   0   7   4   0   0   0   0   4   9  0.53 0.26
   65 D    0  1  1  0 -3  1  0 -2 -2 -1 -2  1 -1 -3  2  0  3 -4 -3  0    7   7   6   4   0   6   6   1   0   2   2  12   2   1  11   4  22   0   0   6  0.22 0.15
   66 T   -3 -4  2  1 -1 -3 -3 -4 -4 -4 -4 -1 -4 -5 -4  1  7 -5 -4 -3    0   0  11   7   1   0   0   0   0   0   0   3   0   0   0   7  70   0   0   0  1.28 0.52
   67 V   -3 -5 -5 -4  0 -4 -4 -6 -5  3  1 -5  0  1 -1 -4 -3 -5 -3  6    0   0   0   1   1   0   1   0   0  17   7   0   1   6   3   0   0   0   0  62  0.96 0.39
   68 G    0  2 -1 -1 -4  4  1  4  0 -5 -4  1 -3 -3 -2 -1 -2 -4 -4 -3    8   9   2   2   0  24   8  30   2   0   0  10   0   1   2   2   0   0   0   1  0.52 0.26
   69 K   -1 -3 -1  6 -5  2  2  0 -1 -5 -4  0 -4 -5 -3  1 -3 -5 -4 -5    5   0   1  49   0   9  11   7   1   0   1   5   0   0   0  11   0   0   0   0  0.85 0.35
   70 A    3 -4 -4 -4 -2 -3 -4 -3 -4  2  3 -3  1  0 -4 -2 -1 -4 -3  2   33   0   0   0   0   0   0   0   0   9  31   0   2   4   0   1   2   0   0  19  0.50 0.26
   71 V    0 -3 -2 -4  0 -2 -1 -4 -4  3  1 -1  0 -1 -4 -1 -1 -4  0  4    8   0   2   0   2   1   4   0   0  23   8   3   2   1   0   3   3   0   4  38  0.41 0.22
   72 E    1  0  2  4 -4  1  2 -2 -2 -3 -3  2 -3 -3 -3  0  0 -4 -3 -2   13   4  10  25   0   6  13   1   0   1   1  12   0   1   0   7   5   0   0   2  0.36 0.19
   73 H    0 -2 -4 -5  2 -4 -3 -3  1 -2  0 -4 -2  4 -5 -3 -3  1  7  0    8   2   0   0   4   0   1   1   3   1   8   0   1  17   0   0   1   1  46   7  0.95 0.37
   74 I   -2 -5 -5 -5 -3 -5 -5 -6 -5  6  2 -5 -1  1 -5 -4 -2 -4 -3  3    1   0   0   0   0   0   0   0   0  56  16   0   0   5   0   0   1   0   0  21  1.03 0.37
   75 S    1  0  1  1 -3  2  3 -2 -1 -3 -2  2 -2 -4 -2  1  0 -4 -2 -2   14   2   6   6   0  10  24   1   1   1   5  13   0   0   0  11   5   0   1   1  0.29 0.17
   76 E    1 -1  2  1 -3  1  2 -1 -1 -4 -3  3 -2 -4 -2  2 -1 -4 -3 -3   10   1  11   7   0   6  15   4   0   0   1  20   1   0   0  21   2   0   0   0  0.36 0.20
   77 K    1  2  2 -2 -3  0 -1 -2  4 -2  0  3 -2 -3 -3  0 -1 -4  0 -1   11  10  14   0   0   3   1   1  11   1  12  23   0   0   0   4   2   0   2   3  0.26 0.18
   78 V    0 -3 -3 -4 -2  0 -3 -3  0  1  3 -2  1 -2  1 -2  0 -4 -2  3    9   0   1   0   0   4   0   0   3   5  31   2   4   0   7   1   7   0   0  26  0.29 0.17
   79 E    2  0  1  1 -3  2  2  0 -2 -3 -3  3 -1 -4  2  0 -1 -4 -3 -3   20   2   6   7   0   9  13   5   0   0   1  21   2   0  11   2   2   0   0   0  0.33 0.16
   80 A    4 -1  0 -1 -2  0  1  1 -2 -3 -3  1 -2 -4 -2  2  0 -4 -3 -1   42   2   4   1   0   2   7  11   0   0   0   7   0   0   0  17   3   0   0   2  0.38 0.18
   81 T    1  2  0 -1 -3 -1 -1 -2 -2 -2 -2  4 -2 -4  0  2 -1 -4 -3 -3   15   9   4   3   0   0   0   0   0   1   5  39   0   0   3  19   1   0   0   0  0.39 0.18
   82 A    5 -2 -2 -2 -2 -2 -2 -1 -2 -3 -3 -2 -2 -3 -2  3  0 -4 -3 -2   63   0   0   0   0   0   0   0   0   0   0   0   0   0   0  33   4   0   0   0  0.66 0.18

                      K         Lambda
Standard Ungapped    0.1278     0.3073
Standard Gapped      0.0513     0.2670
PSI Ungapped         0.1677     0.3169
PSI Gapped           0.0513     0.2670
