
Last position-specific scoring matrix computed, weighted observed percentages rounded down, information per position, and relative weight of gapless real matches to pseudocounts
           A  R  N  D  C  Q  E  G  H  I  L  K  M  F  P  S  T  W  Y  V   A   R   N   D   C   Q   E   G   H   I   L   K   M   F   P   S   T   W   Y   V
    1 M   -1 -1 -2 -3 -1  0 -2 -3 -2  1  2 -1  6  0 -3 -2 -1 -1 -1  1    0   0   0   0   0   0   0   0   0   0   0   0   0   0   0   0   0   0   0   0  0.00     0.00
    2 G    0 -2  0 -1 -3 -2 -2  6 -2 -4 -4 -2 -3 -3 -2  0 -2 -3 -3 -3    0   0   0   0   0   0   0   0   0   0   0   0   0   0   0   0   0   0   0   0  0.00     0.00
    3 I   -1 -3 -3 -3 -1 -3 -3 -4 -3  4  2 -3  1  0 -3 -2 -1 -3 -1  3    0   0   0   0   0   0   0   0   0   0   0   0   0   0   0   0   0   0   0   0  0.00     0.00
    4 F   -2 -3 -3 -4 -2 -3 -3 -3 -1  0  0 -3  0  6 -4 -2 -2  1  3 -1    0   0   0   0   0   0   0   0   0   0   0   0   0   0   0   0   0   0   0   0  0.00     0.00
    5 N    0 -1  5  1 -2  0  0  0  0 -3 -3  0 -2 -3 -2  3  1 -4 -2 -3    0   0  50   0   0   0   0   0   0   0   0   0   0   0   0  50   0   0   0   0  0.45 0.00
    6 G   -1 -2  1  5 -3 -1  0  4 -2 -4 -4 -1 -3 -4 -2  0 -1 -4 -4 -4    0   0   0  50   0   0   0  50   0   0   0   0   0   0   0   0   0   0   0   0  0.66 0.00
    7 I   -2 -3 -4 -4 -1 -3 -3 -4 -3  4  3 -3  2  0 -3 -3 -1 -2 -1  2    0   0   0   0   0   0   0   0   0  50  50   0   0   0   0   0   0   0   0   0  0.37 0.00
    8 I   -1 -2 -2 -3 -1 -1 -2 -3 -2  2  1 -2  4 -1 -2 -1  2 -2 -2  2    0   0   0   0   0   0   0   0   0  15   0   0  41   0   0   0  29   0   0  15  0.22 0.01
    9 E   -1 -1  2  4 -4  1  4  1 -1 -4 -4  0 -3 -4 -2  0 -1 -4 -3 -3    0   0  12  25   0   0  51  13   0   0   0   0   0   0   0   0   0   0   0   0  0.52 0.01
   10 F    1 -3 -3 -4 -2 -2 -3 -3 -2  0  2 -3  1  5 -3 -1 -1 -1  1  0   22   0   0   0   0   0   0   0   0   0  37   0   0  41   0   0   0   0   0   0  0.28 0.01
   11 L   -2 -3 -4 -4 -2 -3 -4 -4 -2  1  3 -3  1  5 -4 -3 -2  0  2  0    0   0   0   0   0   0   0   0   0   0  52   0   0  48   0   0   0   0   0   0  0.46 0.01
   12 S    3 -2 -1 -1 -1 -1 -1  2 -2 -2 -2 -1 -1 -3 -1  2  1 -3 -2 -1   47   0   0   0   0   0   0  13   0   0   0   0   0   0   0  28  12   0   0   0  0.32 0.01
   13 N    2 -1  5  0 -2  0 -1  0  0 -3 -3  0 -2 -3 -2  2  0 -4 -2 -2   32   0  47   0   0   0   0   0   0   0   0   0   0   0   0  20   0   0   0   0  0.38 0.01
   14 I   -2 -3 -3 -4 -2 -2 -3 -4 -3  3  3 -3  5  0 -3 -2 -1 -2 -2  2    0   0   0   0   0   0   0   0   0  31  22   0  39   0   0   0   0   0   0   8  0.40 0.05
   15 N   -2 -1  7  2 -4 -1 -1 -1  0 -4 -4 -1 -3 -4 -3  1  0 -5 -3 -4    0   0  87   6   0   0   0   0   0   0   0   0   0   0   0   3   3   0   0   0  0.95 0.10
   16 F   -2 -3 -4 -5 -2 -3 -4 -4 -3  2  3 -3  1  2 -4 -3 -2  8  0  0    0   0   0   0   0   0   0   0   0  15  48   0   0  11   0   0   0  27   0   0  0.71 0.07
   17 E   -2  0  0  1 -4  3  6 -3 -1 -4 -4  0 -2 -4 -2 -1 -1 -4 -3 -3    0   0   4   0   0  16  80   0   0   0   0   0   0   0   0   0   0   0   0   0  0.85 0.09
   18 V   -1 -3 -3 -4 -2 -3 -3 -4 -4  3  2 -3  1 -1  1 -2  0 -3 -2  4    0   0   0   0   0   0   0   0   0  15  14   0   0   0   9   0   3   0   0  58  0.37 0.05
   19 I   -2 -4 -4 -4 -2 -3 -4 -5 -4  5  2 -3  1 -1 -4 -3 -1 -3 -2  3    0   0   0   0   0   0   0   0   0  77   7   0   0   0   0   0   0   0   0  16  0.56 0.08
   20 A    3 -2 -2 -3 -1 -2 -2  2 -2 -1 -1 -2 -1  2 -2  0  0 -2 -1  1   52   0   0   0   0   0   0  13   0   0   0   0   0  17   0   0   3   0   0  15  0.24 0.05
   21 Q   -2  0 -1 -1 -4  7  1 -3  0 -4 -3  1 -1 -4 -2 -1 -2 -3 -2 -3    0   0   0   0   0 100   0   0   0   0   0   0   0   0   0   0   0   0   0   0  1.10 0.13
   22 L   -2 -3 -4 -4 -2 -3 -4 -5 -4  1  5 -3  2  0 -1 -3 -2 -2 -2  0    0   0   0   0   0   0   0   0   0   0  96   0   0   0   4   0   0   0   0   0  0.63 0.08
   23 T    0 -2 -1 -2 -2 -2 -2  0 -3  1  0 -2  0 -2 -2  0  4 -3 -2  1    3   0   0   0   0   0   0  10   0  12   8   0   0   0   0   0  59   0   0   8  0.30 0.06
   24 M    1 -2 -1 -2 -1 -1 -2 -2 -2  0  0 -2  2  2 -2  3  0 -2  0  2   11   0   0   0   0   0   0   0   0   0   0   0  10  15   0  37   0   0   0  26  0.17 0.05
   25 I   -1 -3 -3 -4 -2 -3 -3 -4 -3  2  4 -3  1  0 -3 -2  0 -3 -2  2    3   0   0   0   0   0   0   0   0   3  68   0   0   0   0   0   8   0   0  18  0.40 0.05
   26 A    3 -2 -1 -2 -1 -1 -2  3 -2 -1 -1 -1 -1 -3 -2  1  2 -3 -2 -1   40   0   0   0   0   0   0  21   0   3   3   0   0   0   0  10  23   0   0   0  0.30 0.04
   27 M   -1 -3 -4 -4 -2 -2 -3 -4 -3  1  4 -3  3  1 -3 -2 -1 -2 -1  1    3   0   0   0   0   0   0   0   0   4  72   0   9   4   0   3   3   0   0   3  0.42 0.06
   28 I   -1 -4 -4 -4 -2 -3 -4 -4 -4  5  1 -3  1 -1 -3 -2  0 -3 -2  3    4   0   0   0   0   0   0   0   0  80   0   0   3   0   0   0   3   0   0  10  0.51 0.08
   29 G    0 -3 -2 -3 -1 -2 -3 -1 -3  2  1 -2  2 -1 -3 -1  1 -3 -2  3    3   0   0   0   0   0   0   6   0  10  11   0  10   0   0   3  12   0   0  45  0.21 0.04
   30 I    0 -3 -4 -4 -1 -3 -3 -2 -3  3  3 -3  1  0 -3 -2 -1 -3 -2  3   10   0   0   0   0   0   0   2   0  30  38   0   0   0   0   0   0   0   0  20  0.31 0.04
   31 A    3 -2 -1 -2 -1 -1 -1 -1 -2 -1 -1 -1 -1 -3 -1  3  1 -3 -2  0   46   0   0   0   0   0   0   0   0   0   6   0   0   0   0  39   4   0   0   5  0.33 0.06
   32 G    0 -3 -1 -2 -3 -3 -3  7 -3 -5 -5 -2 -4 -4 -3 -1 -2 -3 -4 -4    0   0   0   0   0   0   0 100   0   0   0   0   0   0   0   0   0   0   0   0  1.32 0.10
   33 P   -2 -3 -3 -2 -4 -2 -2 -3 -3 -4 -4 -2 -4 -5  9 -2 -2 -5 -4 -3    0   0   0   0   0   0   0   0   0   0   0   0   0   0 100   0   0   0   0   0  2.32 0.13
   34 M    1 -3 -3 -4 -1 -2 -3 -3 -3  2  3 -2  2  0 -3 -1 -1 -2 -1  2   24   0   0   0   0   0   0   0   0   9  46   0   3   2   0   0   0   0   0  15  0.25 0.04
   35 I   -1 -3 -4 -4 -1 -3 -3 -4 -4  4  1 -3  0 -1 -3 -2 -1 -4 -2  5    0   0   0   0   0   0   0   0   0  22   0   0   0   0   0   0   0   0   0  78  0.55 0.08
   36 I   -2 -4 -4 -4 -2 -4 -4 -5 -4  6  1 -3  1 -1 -4 -3 -1 -3 -2  3    0   0   0   0   0   0   0   0   0  82   0   0   0   0   0   0   0   0   0  18  0.61 0.08
   37 F    2 -3 -3 -3 -2 -3 -3 -1 -2  1  0 -2  0  4 -3 -1 -1 -1  1  2   30   0   0   0   0   0   0   5   0   8   4   0   0  35   0   0   0   0   0  19  0.23 0.05
   38 L   -2 -3 -4 -4 -2 -3 -3 -4 -3  1  4 -3  2  2 -3 -2 -1 -2 -1  1    0   0   0   0   0   0   0   0   0   0  77   0   0   7   0   4   0   0   0  11  0.46 0.06
   39 L   -2 -3 -4 -4 -2 -3 -3 -4 -3  1  5 -3  2  0 -4 -2 -2 -2 -2  0    0   0   0   0   0   0   0   0   0   0  95   0   0   0   0   5   0   0   0   0  0.60 0.08
   40 A    5 -2 -2 -2 -1 -1 -2 -1 -2 -2 -2 -1 -1  2 -2  1 -1 -2  1 -1   76   0   0   0   0   0   0   0   0   0   0   0   0  12   0   9   0   0   4   0  0.41 0.07
   41 V    1 -3 -3 -3 -2 -3 -3 -3 -3  2  2 -3  1  3 -3 -1 -1 -2  0  2   17   0   0   0   0   0   0   0   0  20  24   0   0  23   0   4   0   0   0  13  0.22 0.03
   42 R   -2  6  0 -2 -4  2  0 -3 -1 -4 -3  3 -2 -4 -2 -1 -2 -4 -2 -3    0  67   2   0   0   7   0   0   0   0   0  23   0   0   0   0   0   0   0   0  0.77 0.08
   43 R   -1  3  0 -1 -4  2  0  2 -1 -4 -3  4 -2 -4 -2 -1 -1 -3 -3 -3    0  17   4   0   0  12   0  16   0   0   0  52   0   0   0   0   0   0   0   0  0.47 0.06
   44 G    0 -3 -1 -2 -3 -3 -3  7 -3 -5 -5 -2 -4 -4 -3 -1 -2 -3 -4 -4    0   0   0   0   0   0   0 100   0   0   0   0   0   0   0   0   0   0   0   0  1.32 0.10
   45 N   -2 -1  7  3 -4 -1  0 -1  0 -4 -4 -1 -3 -4 -3  0 -1 -5 -3 -4    0   0  81  19   0   0   0   0   0   0   0   0   0   0   0   0   0   0   0   0  0.95 0.10
   46 L   -2 -3 -4 -5 -2 -3 -4 -5 -4  1  5 -3  2  0 -4 -3 -2 -2 -2  0    0   0   0   0   0   0   0   0   0   0  96   0   4   0   0   0   0   0   0   0  0.66 0.08

                      K         Lambda
Standard Ungapped    0.1529     0.3367
Standard Gapped      0.0410     0.2670
PSI Ungapped         0.1529     0.3367
PSI Gapped           0.0410     0.2670
