
Last position-specific scoring matrix computed, weighted observed percentages rounded down, information per position, and relative weight of gapless real matches to pseudocounts
            A   R   N   D   C   Q   E   G   H   I   L   K   M   F   P   S   T   W   Y   V   A   R   N   D   C   Q   E   G   H   I   L   K   M   F   P   S   T   W   Y   V
    1 G    -1  -4  -2  -3  -4  -3  -4   7  -4  -6  -5  -3  -4  -5  -4  -2  -3  -4  -5  -5    0   0   0   0   0   0   0 100   0   0   0   0   0   0   0   0   0   0   0   0  1.83 0.34
    2 E    -1   0  -1  -1  -5   4   5  -4  -2  -2  -4  -1  -3  -5   2  -1  -3  -5  -4  -4    3   3   2   0   0  22  51   0   0   3   0   0   0   0  12   4   0   0   0   0  0.93 0.36
    3 V    -2  -2   1   2   0   0   3  -1  -2   1   1  -2  -1  -2  -3  -2  -1  -4  -3   1    0   0   9  12   2   4  25   4   0   9  19   0   0   1   0   0   2   0   0  12  0.24 0.18
    4 A     1  -3  -2  -1   2  -1   0  -3  -3  -1  -2  -2   1   0   3   2   0  -3   0   1   14   0   0   2   4   3   6   0   0   3   2   0   4   4  18  19   4   0   5  13  0.28 0.19
    5 K     1   0  -1   0  -4   3   3  -3  -2  -3  -1   1  -2  -4   1   0   0  -4  -3  -2   15   2   2   3   0  20  26   0   0   0   8   7   0   0   6   6   4   0   0   2  0.39 0.23
    6 K    -1   1  -2   1  -4   1   1  -1  -2  -2  -2   5  -3  -4  -1   0   0  -4  -3  -1    3   6   0   8   0   6   8   3   0   3   4  42   0   0   2   5   5   0   0   4  0.44 0.26
    7 D     1   0   1   3  -4   1   3  -1  -2  -4  -3  -1  -3  -2  -1   1   1  -4  -3  -2   12   5   5  20   0   5  23   2   0   0   1   2   0   2   2  12   7   0   0   2  0.37 0.21
    8 A     1  -1  -2  -3   1   0  -1  -2  -3  -1   1   1   3  -3   2  -1   1  -4  -3   0   13   2   2   0   3   5   3   1   0   2  17   9  10   0  13   1  13   0   0   8  0.21 0.18
    9 P     0  -2  -2  -1   5   2  -1  -1  -1  -3  -2  -1  -3  -5   6  -1  -2  -5  -4  -3    8   1   1   3  13   9   3   4   1   1   4   3   0   0  41   4   1   0   0   1  0.88 0.36
   10 S     2  -2   1  -2  -3   0   1  -2   0  -2  -3   0  -3  -3  -1   3   2  -4   0  -2   15   1   7   0   0   4  12   1   2   2   0   4   0   0   3  30  11   0   4   2  0.34 0.25
   11 S     2  -1  -2   0  -2  -1   0  -3  -2  -2   0  -1  -1  -1   2   1   2  -3   0  -1   22   3   1   4   1   1   8   0   1   1  11   3   1   2   8   9  17   0   4   4  0.19 0.19
   12 R     1   2  -1   1   2   2   0   1  -3  -4  -4   0  -3  -4   0   0  -1   3  -2  -2   13  16   2  10   5   9   5  12   0   0   0   6   0   0   4   4   3   5   1   2  0.27 0.21
   13 S     2  -3   2  -1   1   1   0   0  -3   0  -2  -1  -3  -3   0   2   2  -4  -4  -2   18   0  10   1   3   8   7   5   0   5   3   3   0   0   5  15  13   0   0   2  0.24 0.21
   14 S     0  -2   1   3   4  -1  -1  -1   1  -3  -4  -2  -4  -2   2   1   0  -5  -2   0    6   2   6  21  10   2   2   5   4   1   1   2   0   2  10  13   6   0   1   6  0.34 0.26
   15 C    -7 -10  -9 -10  12  -2 -10  -9  -9  -2  -7  -9  -8  -9  -9  -7  -7  -9  -9  -7    0   0   0   0  95   2   0   0   0   3   0   0   0   0   0   0   0   0   0   0  4.48 1.45
   16 P    -1  -6  -5  -2  -7  -2  -2  -2  -4  -5   0  -3  -6  -7   8  -1  -2  -8  -4  -6    4   0   1   3   0   2   2   4   0   0  10   2   0   0  65   5   2   0   1   0  1.76 0.83
   17 K    -1   1   0   0  -2   1   1  -2  -1  -2  -2   2  -2  -3   3   2   0   1  -2  -3    5   6   5   4   1   5   9   2   2   3   4  14   1   1  15  15   4   2   1   1  0.26 0.23
   18 G    -4  -3   2   4  -6  -3  -1   5   1  -6  -5  -2  -3  -2  -4   0  -3  -6  -1  -6    0   1   9  22   0   1   3  44   3   0   1   2   1   2   1   6   1   0   3   0  0.98 0.52
   19 S    -5  -7  -8  -8  -7  -3  -7  -7  -7  -7  -7  -7  -7  -3  -8   0  -1  12   1  -8    1   0   0   0   0   2   0   0   0   0   0   0   0   1   0   7   4  80   3   0  4.01 1.40
   20 R    -2  -1  -1  -2  -4   0  -1  -4   2   2   1   1   0   1  -4   2   0  -4  -2   1    1   2   3   2   0   4   3   0   5  13  12  11   2   6   0  19   6   0   1  11  0.22 0.24
   21 A     1  -1  -1  -2   2   1  -1   0   1  -2  -2  -1  -2   1   3   2  -1   3   0  -2   11   3   2   1   5   8   4   7   3   1   4   3   1   6  13  16   3   4   4   2  0.21 0.21
   22 Y    -4  -2   0  -4  -6  -5  -2  -6   6  -2  -2  -2   0   5  -6  -2  -3  -3   7   0    1   2   4   1   0   0   2   0  16   2   3   2   2  21   0   3   1   0  34   6  1.23 0.61
   23 G    -3   1   2   2  -3   3   2   3  -2  -5  -4   1  -2  -3  -3  -1  -2  -2  -2  -5    1   8  11   9   1  12  15  22   1   0   2   8   1   1   1   4   2   1   2   0  0.45 0.32
   24 S    -3  -1   2   2  -1   2   0   4   1  -4  -4  -1  -3  -5  -4   1  -1  -2  -3  -4    1   3  11  10   1   9   6  35   3   1   1   3   1   0   0  10   4   0   1   1  0.57 0.37
   25 Y    -2   1   2  -2  -5  -1  -2  -4   6  -4  -3   3  -3  -2  -3   3  -3  -5   3  -3    3   6  11   2   0   2   2   1  17   1   2  17   0   2   1  20   1   0  11   2  0.66 0.44
   26 C    -6  -8  -8  -9  12  -8  -9  -4  -8  -7  -4  -8  -7  -1  -8  -6  -6  -7  -2  -6    0   0   0   0  91   0   0   2   0   0   2   0   0   3   0   0   0   0   2   0  4.09 1.36
   27 Y    -7  -8  -3  -9  -8  -7  -8  -9   0  -3  -3  -8  -6   4  -9  -7  -7  -4   9  -3    0   0   1   0   0   0   0   0   2   2   3   0   0  13   0   0   0   0  77   2  2.94 1.22
   28 A    -2   2  -2  -4  -3   0  -2  -2   2  -2   0   3  -1   2  -5  -2  -1   3   4  -2    3   9   2   0   1   4   2   2   5   2  10  20   1  10   0   3   3   3  17   3  0.44 0.35
   29 L     0  -4  -6  -6  -5  -3  -6  -5   0   2   1  -5   0   6  -1  -3  -3  -4   3   3    8   1   0   0   0   1   0   1   3  10  13   0   2  30   3   2   1   0   9  18  0.77 0.47
   30 F    -3  -6  -1  -4  -6  -3  -2  -3   1  -1  -2  -5  -1   6  -3   4  -1  -5   0   0    1   0   3   1   0   1   3   2   3   4   3   0   1  36   1  29   3   0   2   7  0.93 0.61
   31 S    -1   1   2   0  -4   2   1  -2   1  -2  -2   2   0  -2   0   1   1   0  -2  -2    3   7  10   6   0   8  10   2   4   3   3  15   2   1   4   9   8   2   1   2  0.22 0.23
   32 V    -2   0  -1   1  -4   2   4   0   0  -1  -2   1   0  -2  -2   0   1  -4  -1  -1    2   6   2   8   0   8  26   6   2   4   4   7   2   1   1   6   8   0   3   3  0.26 0.26
   33 S     0   1  -1  -1  -4   0   1  -1  -1  -2  -1   2  -1  -1   2   0   0   2  -1  -1    7   9   2   2   0   4  11   3   1   2   8  12   2   3  12   8   6   3   2   3  0.17 0.18
   34 K    -1   1   0  -2  -5   0   1  -2  -1  -2   0   4   3  -2  -3  -1  -1  -5  -1  -1    4   8   5   2   0   3  10   4   1   2   8  31   9   2   1   4   2   0   2   3  0.37 0.33
   35 N    -1   0   4  -1   0  -1  -3  -2   0  -2  -4  -2   0  -1   0   3   3  -5  -2  -3    4   4  20   3   2   3   0   2   2   2   0   2   3   2   5  20  22   0   2   2  0.50 0.40
   36 W    -3  -6  -2  -7  -6  -1  -6  -6  -6  -2  -3  -2  -5   4  -7  -2  -6  11   3  -6    3   0   3   0   0   3   0   0   0   3   3   3   0  14   0   4   0  54  10   0  2.51 1.02
   37 Y     2   0   1   1  -3   0   2  -1   1  -2  -2  -1   0  -2  -1   1   0   0   0  -2   18   5   8   6   0   2  15   3   4   2   4   3   2   2   2   9   6   1   3   2  0.16 0.18
   38 D     0   0   0   0  -2   1   0   0   1   0  -1   0   1   0   1   0   0  -2   1   0    6   6   5   6   0   5   6   6   5   6   6   6   5   5   6   6   6   0   5   6  0.03 0.06
   39 A     5  -2  -1  -2   2  -4  -4  -1  -4  -2  -3  -4  -4  -5  -4   3  -3  -5  -5  -1   55   2   2   2   4   0   0   4   0   3   3   0   0   0   0  20   0   0   0   4  0.88 0.46
   40 D    -2   1  -1   0  -5   3   4  -4   0  -2  -1   1  -1  -4  -4  -1  -2   2   0  -2    3   8   2   4   0  13  35   0   2   2   5   9   2   0   0   4   2   3   3   2  0.54 0.33
   41 M     0   1   2  -1  -4   2   1  -1   1  -1  -1   2   1  -1  -3   0   0   1  -1  -1    7   8  11   3   0  12   8   3   3   2   6  15   4   2   0   5   4   2   2   3  0.16 0.14
   42 A     0  -1   2   0  -3   0  -1  -3   1  -1   0  -1   0   4  -3   0  -1   2   2  -1    9   4  10   5   0   4   4   1   3   3   7   3   2  20   1   5   4   3   7   5  0.17 0.13
   43 C     0  -1  -1  -1   7  -1  -1  -1  -1  -1  -1  -1  -1  -1  -1   0   0  -1  -1  -1    4   3   2   3  51   2   3   4   1   3   5   3   1   2   3   4   3   1   2   3  0.38 0.02
   44 Q    -1   3  -1  -1  -3   2   0  -2   1  -1  -1   0   0  -1  -3   0   1   1   2  -1    4  20   3   3   0  10   5   3   3   4   5   4   3   2   1   6   8   2   8   5  0.18 0.14
   45 K     0   0   0   0  -3   1   2   0   0   0  -2   1   0  -1  -1   1   0  -3  -1  -1    7   3   5   5   0   6  15   7   2   8   3   7   3   2   2  14   4   0   2   2  0.11 0.10
   46 R    -2   2   0  -2   0   4  -1  -3   4  -2   0   1   1  -1  -4  -2  -2   0   0  -1    2  14   4   1   2  22   3   2  11   2  10   9   4   3   0   2   2   1   2   4  0.39 0.27
   47 P     1  -1   1   0  -3   1   1   0   4  -3  -2   1   0   0   1   0  -1  -2   3  -2   11   2   6   4   0   6   8   6  10   1   3   8   2   4   7   5   2   0  11   3  0.17 0.14
   48 S    -2  -1   2   0  -4  -1  -1   4  -3  -4  -3   1  -1  -2  -3   2   0  -4  -1  -2    2   4  12   5   0   3   2  32   0   0   2   7   2   2   0  17   4   0   2   2  0.45 0.28
   49 G     2  -2  -2  -2   1   0  -2   4  -3  -2  -1  -2  -2  -3  -2   2   0   2  -3  -1   22   0   0   0   4   4   1  32   0   0   5   0   0   0   0  17   4   3   0   5  0.39 0.21
   50 H    -1   0   0   1  -3   2   0  -3   6  -2  -2  -1   0  -1   1   0   1  -3   0  -2    3   4   3   8   0  12   3   1  26   2   3   2   2   2   8   7   8   0   3   3  0.36 0.21
   51 L    -3  -4  -4  -5  -3  -3  -4  -5  -4   2   5  -4   2   1   0  -4  -3  -3  -2   1    0   0   0   0   0   0   0   0   0  10  64   0   6   5   5   0   0   0   0   7  0.76 0.32
   52 V     0  -2  -2  -2  -2  -2  -2   0  -2   1   1  -2   2   1   2   0   1  -2  -1   1   10   0   0   0   0   0   1  10   0  10  10   1   9   9  10  10  10   0   0  10  0.11 0.09
   53 S     0   0   0   0  -2   0  -1  -2   0   0  -1   0   1  -1  -2   3   1  -3   0   1    4   3   3   6   0   4   1   1   2   7   5   7   4   3   0  29  10   0   2  10  0.14 0.17
   54 V    -1  -1  -3  -1  -3  -3  -2  -4  -3   4   0  -3   1   2   3  -2  -1  -3   0   2    5   3   0   3   0   0   3   0   0  32   6   0   3  10  17   0   3   0   3  13  0.38 0.25
   55 L    -2   1   2   2  -4   3   2  -3   6  -4  -1   0  -2  -4  -3  -1  -1  -6  -3  -4    2   8  10   9   0  13  11   1  20   1   6   5   1   1   1   4   4   0   1   1  0.57 0.40
   56 S    -4  -2   4   2  -6  -4  -3  -3  -5  -5  -2  -3  -5  -6  -3   5   2  -1  -4  -6    0   2  16  11   0   0   1   1   0   1   4   1   0   0   1  49  11   1   1   0  1.10 0.70
   57 G     0   1   0  -1  -4   2   2  -1  -1  -2  -1   1  -1  -1   1   1  -1   0   0  -2    8   8   3   3   0   8  15   3   1   3   6   9   1   2   6  13   3   2   4   2  0.15 0.18
   58 A     2  -1   0   1  -5   0   5   1  -2  -4  -2   1  -3  -6  -4  -1  -2  -6  -5  -3   15   2   5   8   0   4  34   9   1   1   4   7   1   0   0   4   1   0   0   2  0.57 0.41
   59 E    -3  -3  -5   1  -7  -1   7  -5  -2  -4  -5   0  -6  -4  -6  -5  -1  -7  -6  -3    3   1   0   7   0   2  70   1   1   1   1   5   0   1   0   0   4   0   0   3  1.69 0.88
   60 A     1  -3   3  -2  -4   3  -1  -2   0  -1   1  -1   2  -2  -3   0  -2   0  -1   0   15   1  15   1   0  16   2   2   3   4  14   2   5   1   1   7   1   1   2   7  0.28 0.28
   61 S    -1   1   3   4  -5   1   2  -2  -2  -2  -3   1  -1  -3  -2   0  -1  -3  -2  -2    6   6  12  24   0   5  13   2   1   2   2   8   2   1   1   6   3   0   2   3  0.39 0.29
   62 F     1  -4  -6  -3  -6  -2  -1  -4  -1  -3  -1  -4  -4   8  -6  -5  -4   2   2  -2   11   1   0   2   0   2   4   1   1   1   6   1   0  56   0   1   1   2   5   3  1.44 0.70
   63 L    -4  -6  -3  -6  -5  -6  -4  -6  -6   4   4  -6   1   0  -6  -5  -3  -1  -4   4    1   0   2   0   0   0   2   0   0  24  33   0   3   4   0   0   1   1   0  28  1.06 0.55
   64 S     2   0   0  -1  -3   2  -1  -1  -3  -1  -1   0  -1  -2  -2   1  -1   1   0   1   20   6   5   3   0  12   4   3   0   3   7   4   1   2   1   9   4   2   4  10  0.15 0.18
   65 S    -1   1   2   2  -4   2   2  -2   1  -4  -3   2  -2  -3  -3   2  -1  -1  -3  -3    4   7  10   9   0  10  12   3   3   1   3  13   1   1   1  18   2   1   1   1  0.34 0.28
   66 M    -3  -2  -2  -4  -4  -1  -2  -4   2   0   3  -1   2   0  -4  -2  -1  -1   4   0    2   2   2   1   0   3   2   1   4   4  33   4   5   4   1   3   4   1  17   7  0.47 0.30
   67 I     1  -2  -2  -3  -1  -3  -3  -2  -2   3   2  -3   0  -1  -2  -1   0   0  -1   2   11   3   2   1   1   1   1   3   1  19  21   1   2   2   2   4   7   1   1  17  0.31 0.21
   68 K     0   1   0  -1  -3   0   0  -1  -2  -2  -2   2  -2   0  -1   2   2  -2   0  -2    5   8   4   3   0   4   5   4   1   2   4  14   0   4   3  21  11   1   3   3  0.19 0.18
   69 S     0   0   1   1  -3   2   1   0  -1  -3  -2   1  -2  -1   1   1  -1  -2  -1  -2    7   6   6   8   0  11  11   8   1   1   4  10   0   3   8   9   2   1   2   3  0.17 0.15
   70 S    -1   0   2  -1  -2   0  -1  -2   1   1  -1   1   1  -1  -2   1   0  -2   2  -1    5   5  11   3   1   4   3   2   4   8   6   8   4   2   2  14   7   0   8   4  0.11 0.13
   71 G    -1  -1   1  -1  -2   0  -1   1   0   0   1  -1   1   0  -1   0   0   2  -1   0    3   3   7   3   0   4   2  12   3   6  20   3   3   5   3   8   5   3   2   5  0.05 0.07
   72 N    -1   0   0   0  -3   1   0   0   1  -2  -1   3  -1  -1   0   0   0  -3  -2  -1    3   5   5   6   0   7   7   7   3   2   7  23   1   3   4   8   5   0   1   4  0.17 0.15
   73 S     0   0   1   0  -2  -1   0   2  -1  -1  -2   0  -1   0   0   2   0  -1  -1  -2    9   5   8   4   1   2   6  18   1   3   3   5   1   5   4  15   5   1   2   3  0.13 0.12
   74 G     0   0   1   0  -1   1   0   0   1  -1  -1   0  -1   0   1   0   0  -1   0  -1    9   6   7   6   1   9   5   5   3   3   5   6   1   6   7   7   7   1   4   3  0.06 0.06
   75 Q     0   1   0   2  -3   0   1   0  -1  -1  -2   0  -2   0   1   1   0  -3   1  -2    7   7   4  13   0   3   7   7   1   3   3   5   1   4   7  12   5   0   6   2  0.12 0.11
   76 Y    -1  -1   1   1  -3   0   1  -2   1  -1  -1  -1  -2   2   0   0  -1  -1   4  -2    4   4   7   7   0   3  11   3   4   4   7   3   1   9   5   8   3   1  16   3  0.19 0.17
   77 V    -1  -4  -4  -4  -1  -1  -4  -4   1   1  -1  -4  -1   4  -2  -1  -1   0   4   4    4   1   0   1   1   2   1   1   3   6   4   1   1  16   2   5   4   1  16  28  0.60 0.37
   78 W    -7  -7  -8  -5  -7  -7  -7  -7  -7  -7  -4  -7  -7   2  -8  -5  -7  13  -1  -7    0   0   0   1   0   0   0   0   0   0   2   0   0   7   0   1   0  84   2   0  4.38 1.55
   79 I    -5  -7  -7  -7  -6  -6  -7  -7  -7   7   1  -6   3  -3  -7  -6   0  -6  -6   1    0   0   0   0   0   0   0   0   0  65  13   0   7   1   0   0   5   0   0   6  1.81 0.78
   80 G    -3  -6  -5  -6  -6  -6  -6   7  -6  -7  -7  -6  -6  -7  -6  -2  -6  -1  -7  -7    2   0   0   0   0   0   0  90   0   0   1   0   0   0   0   3   0   1   0   0  2.49 0.98
   81 L    -2  -3  -5  -6  -5  -5  -5  -1  -5   1   6  -5   2  -1  -5  -5  -4   0  -3  -2    3   1   0   0   0   0   1   5   0   8  69   1   4   2   0   1   1   1   1   2  1.26 0.58
   82 H    -2   4   3  -3  -4   0  -3  -3   4  -3  -3  -1  -3  -2  -3   3   1   2  -2  -4    2  20  16   1   0   4   1   1  10   1   3   3   0   2   1  21   9   3   1   1  0.61 0.36
   83 D    -1   1   2   5  -3  -1  -1  -2  -2  -2  -2   1  -2  -2  -2  -1  -2  -1  -2  -1    4   9   8  36   1   2   3   3   1   3   5   7   1   2   2   4   2   1   2   4  0.48 0.23
   84 P    -1   1  -1  -1  -1   0   0  -1  -1   1   0   0   1  -1   2  -1   0  -1  -1   1    4  11   3   2   1   4   4   4   1  12  11   4   4   3  10   4   5   1   2  10  0.07 0.06
   85 T    -1   0   1   0  -2   0   0   0   1  -2  -1   1  -1  -1  -1   1   1   5  -1  -1    4   5   8   6   1   5   5   9   3   2   5   8   2   3   3  10   8   8   2   4  0.14 0.09
   86 L     0   0   0   0  -1   0   0   0   0   0   0   0   0  -1   0   0   0   1   0   0    8   5   5   4   1   4   5   9   2   6   6   7   4   3   4   6   5   2   3  11  0.01 0.01
   87 G     0   0   0   0   0   1   1   1   0  -1  -1   0  -1   0   0   0   0   0   0   0    6   5   5   5   2   6   9  15   2   3   6   5   1   5   4   6   4   1   3   6  0.04 0.03
   88 Y    -1   0   2   0   0   1   0   0   1  -1  -1   0  -1   1   0   0  -1   1   3  -1    4   6  10   6   2   5   5   7   3   2   8   5   1   5   4   5   4   2  11   5  0.07 0.06
   89 E     0   0   0   1   0   1   1   0   0  -1  -1   1  -1  -1  -1   0   0   0  -1  -1    5   4   3  10   2   6  10   6   2   3   7  12   2   3   3   7   5   1   2   5  0.06 0.04
   90 P     0   0   0  -1   0   0   2   0  -1  -2  -1   1  -1  -2   1   0   0   2   0  -1    7   5   4   3   2   3  13   6   1   2   6  10   1   2   8   7   6   4   3   4  0.10 0.07
   91 N    -1   1   2   0  -2   2   0  -1   0  -2  -2   2  -1  -2  -1   1   1  -3  -2  -1    4   8  11   4   1  12   5   4   2   2   5  13   1   1   3   9  11   0   1   4  0.20 0.15
   92 R    -1   0   1   1  -1   2   3   0   1  -3  -3   1  -3  -2   0   0  -1  -3  -2  -3    5   6   6   9   1  11  23   8   3   1   3   7   0   1   4   5   4   0   1   1  0.30 0.21
   93 G    -1   2  -2  -2   6  -1  -1   4  -1  -3  -3   0   0  -1  -1  -1  -2  -4  -3  -3    3  12   1   3  17   2   3  28   2   1   2   6   3   3   3   5   2   0   1   1  0.56 0.31
   94 G     0   1   1   1  -3   1  -1   1   1  -2  -2   0  -1  -2   1   2   1  -4  -2  -2    5   8   7   7   0   5   2   9   4   3   3   6   1   2   7  18   9   0   1   2  0.16 0.16
   95 W    -6  -5  -7  -7  -6  -6  -5  -4  -1  -5  -2  -4  -2   5  -4   0  -3  11   1  -4    0   1   0   0   0   0   1   2   1   1   4   2   1  22   1   7   2  49   4   1  2.44 0.99
   96 E    -2   1  -3  -3  -2   3   3  -2   1  -1   0   2   0   0  -2  -2   0  -4  -1   0    3   9   0   0   1  12  18   3   4   4   9  13   2   4   1   2   6   0   2   7  0.25 0.24
   97 W    -7  -7  -8  -1  -7  -7  -7  -7  -7  -7  -4  -5  -7  -2  -8  -5  -3  12   2  -5    0   0   0   4   0   0   0   0   0   0   2   1   0   2   0   1   2  79   6   1  4.02 1.48
   98 S    -2  -3  -3  -3  -4  -2   1  -4  -4   1  -1  -3   1  -3  -2   3   3  -5  -2   2    3   1   1   1   0   1  10   0   0   8   7   1   4   1   2  26  17   0   2  16  0.45 0.37
   99 N    -6  -4   3   7  -7  -5  -2  -1  -2  -6  -5  -3  -5  -7  -4  -2   2  -7  -7  -4    0   1  12  61   0   0   1   4   1   0   1   1   0   0   1   3  11   0   0   1  1.64 0.79
  100 A     0   1   1   1  -3   1   0   0   2   0  -2   0   1   1  -2   0   0  -2   1  -2    7   7   7   7   0   7   7   7   6   7   1   7   6   6   0   7   7   0   6   0  0.08 0.12
  101 D     0  -1   1   0  -4  -1  -1  -1   0  -2  -3   0  -1  -2  -2   4   3  -5  -4  -2    7   2   6   5   0   2   4   4   2   2   2   4   2   2   2  32  19   0   0   2  0.40 0.38
  102 V     0   1   1  -1   0   0   0  -1   1  -2  -2   1  -1  -1   3   1  -1  -4  -1  -1    8   6   7   2   2   3   6   4   3   2   4   9   2   3  17  10   3   0   1   5  0.18 0.18
  103 M    -2  -3  -2  -4  -3  -1  -2  -4  -1   1   3  -2   2   2   0  -1   1   1   1   1    3   0   2   0   0   2   2   0   2   6  29   2   6   9   4   4   8   2   5  12  0.28 0.25
  104 N    -1  -1   3   2  -1   0  -1  -2   0  -2  -1   0  -1  -2   0   2   1  -4  -2  -1    5   3  17  11   1   4   2   2   2   2   6   7   1   2   5  16  10   0   1   3  0.22 0.23
  105 Y    -3  -3  -2  -3  -1  -2  -1  -5   0  -2  -2  -1  -3   5  -1  -2  -1  -2   7  -2    2   1   2   2   1   2   4   1   2   2   4   3   0  23   3   3   3   0  38   3  1.05 0.57
  106 I    -1   0   0   0  -3   1   1  -2  -2  -1   0   2  -2  -1  -2   1   2   1  -1  -1    4   5   4   4   0   6  10   2   0   2  10  16   0   3   2   9  13   2   1   5  0.14 0.19
  107 N     1  -1   6   0  -5  -1  -2  -2   1  -3  -2  -1  -1   1  -1   0  -2  -5   0  -3   11   2  38   5   0   2   2   3   3   1   4   4   1   6   3   7   1   0   3   2  0.56 0.44
  108 W    -5  -3  -4  -4  -6  -2  -6  -4  -5  -3   0  -6   0   1  -3  -4  -3  12   0  -3    1   2   1   1   0   2   1   1   0   2  10   0   2   5   2   1   2  61   2   2  2.63 1.11
  109 E     1   1   1   1  -1   0   1  -1   1   0   0   0  -1  -1  -1   0  -1  -3   0  -1   14   7   8   7   1   2   9   4   5   5  10   7   1   2   2   8   2   0   4   2  0.06 0.10
  110 T     0   2  -1   0  -4   0   1  -1  -1   0  -2   1  -1  -2   3   0   1  -4  -2  -1    8  11   2   5   0   4  10   4   1   6   2   8   2   2  16   5   8   0   1   3  0.22 0.20
  111 N    -1   0   2   1  -4   1   1   3  -1   0  -2   1  -2  -2  -2  -1   0  -2  -2  -2    4   4   9   6   0   5  12  24   1   6   3   7   1   2   1   4   5   1   1   3  0.23 0.22
  112 P    -2  -1  -2   0  -4   3   3  -2  -1  -2  -1   0  -2   0   3  -1   0  -4  -3  -1    3   2   1   5   0  13  24   3   2   2   5   4   1   5  16   4   5   0   1   4  0.40 0.34
  113 S    -2  -2   1   0  -5   0   1  -1  -4  -2  -3  -1  -1  -2   6   2  -1  -5  -1  -2    2   2   6   5   0   3   9   5   0   2   2   3   2   2  35  13   3   0   3   3  0.66 0.46
  114 S    -2  -1   4   3   3  -1   0  -1  -1  -2  -2   0   0  -2  -1   1   0  -1  -2  -1    3   4  23  15   6   3   4   5   1   2   3   6   2   2   3   9   5   1   1   4  0.32 0.27
  115 S     0   0   3   0   0  -1  -1   0   1   0  -2   0  -2   0   0   1   0  -1   0  -1    6   5  19   5   2   3   3   6   4   6   4   4   0   5   5  10   5   1   3   5  0.12 0.14
  116 S     1   0   0   0  -3   0   0   1   1  -1  -1   1  -1  -1   0   0   0   1   0  -1   11   5   4   4   0   5   6  12   3   3   5  10   2   3   5   7   5   3   4   3  0.07 0.07
  117 G     0   0   2   1  -3  -1   1   2  -1  -2  -2   0  -1  -1   0   1  -1  -2  -1  -1    6   5  11   7   0   2   9  18   1   2   3   6   1   3   5  11   2   0   2   5  0.17 0.17
  118 N    -3   1   3   0  -5   0   3   1   1  -4  -3   2  -1  -2  -2   0  -1  -5  -2  -4    1   8  12   4   0   4  24  12   4   1   3  10   2   2   2   6   4   0   2   0  0.38 0.32
  119 H    -3   0   3   3   0  -1   0  -1   3  -3  -3   1  -2  -1  -2   0   0  -2   2  -3    1   5  16  15   2   2   6   6   7   1   2  11   1   3   1   8   5   0   7   1  0.32 0.28
  120 C    -4  -7  -4  -3  11  -5  -5  -7  -2  -4  -5  -7  -7  -7  -7  -4  -6  -7  -3  -6    2   0   1   2  86   1   1   0   1   1   1   0   0   0   0   1   0   0   1   0  3.83 1.48
  121 G     3  -5  -2  -5   1  -3  -5   2  -1   0  -2  -5  -1   1  -5  -3  -2  -5  -3   4   25   0   2   0   3   1   0  13   1   4   3   0   2   6   0   1   2   0   1  33  0.68 0.47
  122 T     1  -1  -2  -2  -3  -1   1   1   2  -1  -1  -2   0   0  -2   0   0   0   3   1   13   3   1   1   0   2  11   9   5   3   4   1   3   4   2   7   5   1  11  12  0.15 0.19
  123 L    -3  -5  -6  -6  -2  -3  -6  -3  -5   4   4  -5   4   2  -4  -3  -4  -5   0   0    2   0   0   0   1   1   0   2   0  21  40   0   9   9   1   3   1   0   3   6  0.90 0.52
  124 S    -1   0   1  -1   0   1   1  -2   2  -1  -1   1  -1  -1  -3   2   0   1   1   0    3   4   6   3   2   6  11   2   5   4   5  10   1   2   0  16   5   2   5   7  0.13 0.18
  125 R     0   2   0   1  -4   1  -1   0   1  -2  -2   2  -1  -1   0   2   0  -1   0  -1    8  10   4   7   0   5   3   5   4   1   3  13   1   3   4  15   6   1   3   4  0.15 0.17
  126 A     0   0   1   1   0   0   0   1  -1  -3  -3   1  -1  -2   0   1   1   2  -2  -2    7   4   6   8   2   4   6  10   2   1   2  10   1   2   4  11  10   4   1   3  0.14 0.15
  127 S     0  -1   1   0  -4  -1   0   2   0  -3  -3   1  -3  -5   0   2   3  -1  -3  -3    7   2   6   4   0   2   6  14   2   1   2   9   1   0   4  17  21   1   1   1  0.36 0.32
  128 G     0  -1   1   1  -3  -1   0   3  -1  -1  -2  -1  -1  -1  -2   0   0  -4  -2   0    7   3   7   9   0   2   7  24   1   4   4   3   1   3   2   6   7   0   1   8  0.18 0.16
  129 F    -2  -2  -1   1  -1   0  -1  -1   2  -1   0  -1   0   4  -2  -1  -2   0   5  -2    4   2   2   7   2   3   4   5   6   3   9   4   2  16   2   5   3   1  18   2  0.32 0.23
  130 L    -1   2   1  -1  -1  -1  -2   1   0   0   1   0  -1  -1   1  -1  -1   3   0  -1    6  11   8   2   1   2   2  10   3   7  13   7   1   3   7   5   3   4   3   2  0.08 0.09
  131 K    -1   1  -1  -2  -1   3   1  -1   0  -3  -2   3  -1  -2  -3   0   1  -3  -2  -2    5   8   2   2   2  15  10   5   2   1   5  21   1   2   1   8   7   0   1   3  0.29 0.23
  132 W    -4  -4  -4  -5  -4  -4  -4  -4  -4  -2  -1  -4  -2  -2  -4  -3  -3  12  -1  -4    2   1   1   1   0   1   1   2   0   3   5   1   1   1   1   2   2  71   2   1  3.26 1.14
  133 R    -2   1   5   0  -4  -1   0  -2   0   0  -1   0  -2   1  -3   0  -2   2   0   0    3   7  28   5   0   2   5   2   2   5   6   6   1   6   1   6   2   3   3   7  0.33 0.25
  134 E     0   0   2   5  -5  -3   0  -3  -1  -3  -4  -1  -4  -4  -3   2   0  -5  -3  -2    6   4  10  36   0   1   5   2   1   1   1   4   0   1   1  16   7   0   1   3  0.70 0.45
  135 N     0   1   0   1  -3   1   2  -1  -1   0   0   0   1   0  -3   0   0  -1   0   1    7   7   3  10   0   5  13   4   1   6   7   5   4   3   0   4   6   1   3  10  0.07 0.10
  136 Y    -1   0   2   2  -5  -1  -1  -2   1  -2  -2  -1  -4  -1   3   1  -1  -5   1  -2    6   6  12  12   0   2   4   2   4   2   4   3   0   3  16  13   2   0   5   3  0.30 0.28
  137 C    -7 -10  -9  -4  12  -9 -10  -9  -9  -4  -8  -9  -8  -9  -9  -7  -4  -9  -9  -7    0   0   0   1  96   0   0   0   0   1   0   0   0   0   0   0   1   0   0   0  4.63 1.74
  138 N    -1   0   3   1  -5   0   2   0   0  -2  -2  -1  -4  -2  -2   3   1  -5  -2  -4    5   5  12   8   0   3  14   8   3   2   3   3   0   2   1  21   7   0   1   1  0.31 0.30
  139 L     0   0   0   1  -4   1   1  -2  -1  -2  -1   1   0  -1  -3   2   0  -2   0  -1    9   5   5   8   0   7   9   2   1   2   5  10   3   2   0  18   5   1   4   4  0.16 0.20
  140 E    -1   2  -1  -1  -4   1   0  -4   0  -2   0   3  -1  -2   2   1   2  -1  -1  -2    3   9   2   3   0   6   6   1   2   1   9  19   1   2   9  10  12   1   2   3  0.24 0.25
  141 L    -1   1   3  -3  -3   0  -3  -3   4  -1   1   2   0   2  -5  -2  -3  -4   3  -2    4   8  15   1   0   3   1   1  11   3  13  14   2   8   0   2   0   0   9   2  0.42 0.35
  142 P     0   2   1  -2  -3  -2  -3  -3   2  -2  -1  -1  -3   0   4   1  -1  -4   3  -4    9  10   6   2   0   1   1   2   5   2   6   4   0   3  23  10   4   0  12   0  0.46 0.38
  143 Y    -2  -3  -7  -8   1  -7  -7  -6  -6  -4  -3  -7  -3   7  -6   0  -4   7   5  -1    4   1   0   0   3   0   0   0   0   1   2   0   1  44   0   8   1  12  19   4  1.71 0.86
  144 V    -2  -7  -7  -8  -6  -7  -7  -8  -2   6   1  -4   0  -5  -7  -5  -1  -7  -4   5    3   0   0   0   0   0   0   0   1  44  10   1   2   0   0   1   3   0   1  35  1.46 0.74
  145 C    -7 -10 -10 -10  12 -10 -11  -9 -10  -8  -5 -10  -8  -9 -10  -4  -8  -9  -9  -8    0   0   0   0  97   0   0   0   0   0   1   0   0   0   0   2   0   0   0   0  4.76 1.75
  146 K    -5  -3  -5  -5  -8   4   5  -7  -5  -8  -8   6  -2  -8  -6  -3  -6  -8  -7  -7    1   1   0   0   0  15  38   0   0   0   0  42   1   0   0   2   0   0   0   0  1.75 0.92
  147 F    -3   2  -6  -7   4  -5  -6  -7   0  -5  -3   2   3   7  -7  -4  -4  -4   4  -5    2  11   0   0   9   0   0   0   2   0   2  12   7  42   0   1   1   0  12   0  1.40 0.69
  148 K    -2   3  -1  -2  -6   4   0  -4  -2  -4  -4   5  -4  -6   0  -1   0  -6  -5  -5    3  13   3   1   0  18   5   0   1   1   1  41   0   0   4   4   5   0   0   0  0.85 0.46
  149 A     6  -4  -4  -4  -3  -4  -4  -3  -4  -3  -4  -3  -3  -5  -4   0   2  -5  -4   1   74   0   0   0   0   0   0   0   0   0   0   0   0   0   0   4  13   0   0   9  1.20 0.53

                      K         Lambda
Standard Ungapped    0.1294     0.3142
Standard Gapped      0.0458     0.2670
PSI Ungapped         0.1495     0.3173
PSI Gapped           0.0458     0.2670
