
Last position-specific scoring matrix computed, weighted observed percentages rounded down, information per position, and relative weight of gapless real matches to pseudocounts
            A   R   N   D   C   Q   E   G   H   I   L   K   M   F   P   S   T   W   Y   V   A   R   N   D   C   Q   E   G   H   I   L   K   M   F   P   S   T   W   Y   V
    1 M    -3  -4  -5  -5  -4  -3  -4  -5  -4  -1   0  -4  10   1  -5  -4  -3  -3  -3  -1    0   0   0   0   0   0   0   0   0   0   2   0  92   6   0   0   0   0   0   0  1.96 0.44
    2 K    -3   1  -2  -3  -5   0  -1  -4  -3  -5  -4   7  -3  -5  -3  -2  -3  -5  -4  -4    0   2   0   0   0   2   0   0   0   0   0  96   0   0   0   0   0   0   0   0  1.52 0.36
    3 V    -2  -4  -3  -4  -2  -4  -4  -5  -5   2   0  -2  -1  -2  -4  -2   0  -4  -3   6    0   0   1   0   0   0   0   0   0   9   1   2   0   0   0   2   4   0   0  81  0.91 0.27
    4 R    -2   6  -1  -3  -4   1  -1  -4  -2  -3  -1   3  -2  -3  -3  -1  -2  -4  -1  -2    0  63   1   0   0   5   0   0   0   1   8  14   0   0   0   2   0   0   2   3  0.86 0.23
    5 P     4  -2   2  -2  -2  -2  -2  -1  -2  -3  -3  -1  -2  -4   3   2   1  -4  -3  -2   42   0  10   0   0   0   0   3   0   0   0   2   0   0  14  22   6   0   0   1  0.50 0.17
    6 S     0  -3  -1  -2  -3  -2  -2  -1  -3  -4  -4  -2  -3  -4  -3   7   0  -5  -4  -2    1   0   0   0   0   0   0   1   0   0   0   0   0   0   0  95   0   0   0   3  1.29 0.36
    7 V    -1  -4  -5  -5  -2  -4  -4  -5  -5   2   2  -4   0  -2  -4  -3  -2  -4  -3   5    3   0   0   0   0   0   0   0   0   9  24   0   0   0   0   0   0   0   0  63  0.77 0.23
    8 K    -3   3  -2  -3  -5   0  -1  -2  -2  -5  -4   7  -3  -5  -3  -1  -2  -5  -4  -4    0  16   0   0   0   0   0   2   0   0   0  80   0   0   0   2   0   0   0   0  1.27 0.33
    9 P     0   2  -1  -2  -3   1  -1  -3  -2  -4  -3   5  -3  -4   2   1   0  -4  -3  -2    7   7   1   0   0   3   1   0   0   0   1  55   0   0   8  10   4   0   1   1  0.60 0.21
   10 M    -2   4  -3  -4  -3  -2  -3  -4  -3   4   1  -1   4  -1  -4  -3  -2  -4  -3   0    2  33   0   0   0   0   0   0   0  41   9   0  13   1   0   0   0   0   0   1  0.62 0.23
   11 C    -2  -3  -3  -2  10  -3  -4  -4   5  -4  -4  -1  -4  -4  -4   0  -2  -5  -3  -3    0   1   0   3  69   0   0   0  15   0   0   5   0   0   0   6   1   0   0   0  1.84 0.38
   12 E    -1   3   0   2  -4   1   2  -2  -1  -3  -4   2  -3  -4   2   0  -1  -4  -3  -3    3  22   3  16   0   2  19   2   0   0   0  15   0   0   9   7   1   0   0   1  0.42 0.13
   13 H    -1   0   3   4  -4   0   0  -1   2  -4  -4   3  -3  -4  -3   0  -2  -4  -1  -3    2   2  17  29   0   0   3   4   5   0   0  29   0   0   0   5   0   0   2   1  0.52 0.17
   14 C    -1  -5  -1  -1  11  -5  -5  -5  -5  -4  -4  -5  -4  -5  -5  -3  -3  -5  -5  -3    4   0   4   5  87   0   0   0   0   0   0   0   0   0   0   0   0   0   0   0  2.54 0.46
   15 K    -2   4  -2  -2  -3   4   0  -3  -2  -2  -3   5  -2  -2  -3  -2  -2  -3   1  -3    0  21   0   0   0  22   1   1   0   2   0  44   0   2   0   0   1   0   5   1  0.70 0.23
   16 V    -2  -4  -4  -4  -2  -4  -4  -5  -4   5   2  -3   1  -1  -3  -3  -1  -4  -2   4    1   0   1   0   0   0   0   0   0  39  16   1   1   2   1   0   1   0   1  37  0.64 0.19
   17 I    -2  -4  -5  -5  -3  -4  -4  -5  -5   5   0  -3   0  -2  -4  -4  -2  -4  -1   5    0   0   0   0   0   0   0   0   0  51   2   1   0   0   0   0   0   0   1  45  0.96 0.27
   18 K    -3   6  -2  -3  -5   0  -1  -4  -1  -5  -4   5  -3  -5  -3  -2  -3  -1  -3  -4    0  58   0   0   0   0   0   0   1   0   1  38   0   0   0   1   0   1   0   0  1.23 0.31
   19 R    -4   8  -3  -4  -6  -1  -2  -5  -2  -5  -4   0  -4  -5  -4  -3  -3  -5  -4  -5    0 100   0   0   0   0   0   0   0   0   0   0   0   0   0   0   0   0   0   0  2.01 0.43
   20 K    -2   4   2  -2  -5   0   0  -1   4  -4  -4   4  -3  -3  -3  -1  -2  -4  -2  -4    0  29  11   0   0   1   2   3  15   0   0  36   0   1   0   1   0   0   1   0  0.72 0.22
   21 G    -2  -1   0  -3  -4  -2  -3   7  -4  -6  -5  -1  -4  -5  -4  -1  -3  -4  -5  -5    0   4   4   0   0   1   0  87   0   0   0   3   0   0   0   1   0   0   0   0  1.49 0.31
   22 R    -2   5  -2  -3  -2  -1  -2  -4  -2   1  -2   3  -2  -3  -3  -2  -1  -4  -3   2    1  47   1   0   1   0   0   0   1   8   0  17   0   0   0   1   2   0   0  22  0.63 0.22
   23 V    -2  -2  -2  -4  -2  -3  -4  -4  -4   3   2  -3   0  -2  -4  -3   0   0  -2   4    0   2   3   0   0   0   0   0   0  20  20   0   0   0   0   0   5   2   0  49  0.56 0.19
   24 M    -3   4  -3  -4  -4  -2  -3  -4  -1  -1   0  -1   4   2  -4  -2  -3   0   6  -2    1  31   0   0   0   0   0   0   1   2   5   0  18   8   0   1   0   0  33   1  0.73 0.24
   25 I    -2  -4  -3  -5  -3  -4  -4  -5  -5   3   0  -4  -1  -2  -4  -4  -2  -5  -3   6    0   0   1   0   0   0   0   0   0  16   1   0   0   0   0   0   0   0   0  82  1.13 0.31
   26 I    -3  -3  -5  -5  -3  -4  -5  -5  -5   7   1  -4   0   0  -4  -3  -2  -4  -1   2    0   1   0   0   0   0   0   0   0  79   7   0   0   2   0   1   0   0   2   8  1.06 0.29
   27 C    -3  -5   4  -4  11  -4  -5  -4  -4  -4  -4  -5  -4  -5  -5  -3  -3  -5  -5  -3    0   0  21   0  79   0   0   0   0   0   0   0   0   0   0   0   0   0   0   0  2.38 0.45
   28 A    -1   1  -1   0  -2   0   0  -1  -1  -2  -2   4  -1  -2   0   1   0  -2  -1  -2    3   4   1   4   1   2   5   2   1   3   4  47   1   2   3  11   3   0   1   2  0.31 0.10
   29 A     1   0   0  -1  -2  -1   1  -2  -2   0  -1   1  -1  -3  -2   2   2  -3  -2   0    8   3   2   1   0   1   7   0   0   6   4  13   0   0   0  23  21   0   0  10  0.20 0.10
   30 N    -2  -1   7   3  -4   0   1  -2   1  -4  -4  -1  -3  -4  -3  -1  -1  -4  -3  -4    1   1  63  13   0   3   7   1   3   0   1   2   0   0   0   1   2   0   0   0  0.96 0.24
   31 P    -1  -1  -4  -3  -5  -2  -3  -3  -4  -4  -4   0  -4  -4   8  -1  -3  -5  -4  -4    4   3   0   0   0   1   0   1   0   0   1   5   0   1  82   2   0   0   0   1  2.03 0.36
   32 K    -3   6  -1  -3  -5   0  -1  -4  -2  -5  -4   5  -3  -5  -3  -1  -3  -5  -4  -4    0  49   1   0   0   0   0   0   0   0   0  48   0   0   0   2   0   0   0   0  1.20 0.31
   33 H    -4  -3  -1  -4  -5  -2  -3  -4   9  -4  -2  -3   0   4  -5  -3  -4   0   1  -4    0   0   2   0   0   0   0   0  71   0   3   0   3  19   0   0   0   1   2   0  1.71 0.38
   34 K    -3   1   0  -3  -5  -1  -1  -3  -3  -5  -5   7  -3  -5  -3  -1  -2  -5  -4  -4    0   1   5   0   0   0   0   0   0   0   0  92   0   0   0   1   1   0   0   0  1.43 0.37
   35 Q     2  -1  -2  -3  -2   7   0  -2  -2  -4  -4  -1  -2  -5  -3  -1  -2  -4  -3  -2   20   0   0   0   1  74   0   1   0   0   0   0   0   0   0   1   1   0   0   3  1.22 0.36
   36 R    -3   7  -2  -4  -3  -1  -2  -3  -2  -4  -4   2  -3  -5  -4  -3  -3  -5  -4  -1    1  85   0   0   1   0   0   1   0   0   0   8   0   0   0   0   0   0   0   5  1.49 0.36
   37 Q    -2  -1  -2  -3  -5   8   0  -4  -2  -5  -5  -1  -3  -6  -4  -2  -3  -4  -4  -5    2   0   0   0   0  98   0   0   0   0   0   0   0   0   0   0   0   0   0   0  2.00 0.48
   38 G    -2  -4  -2  -3  -4  -4  -4   7  -4  -6  -6  -3  -5  -5  -4  -2  -3  -4  -5  -5    0   0   0   0   0   0   0 100   0   0   0   0   0   0   0   0   0   0   0   0  1.90 0.34

                      K         Lambda
Standard Ungapped    0.1358     0.3269
Standard Gapped      0.0567     0.2670
PSI Ungapped         0.1854     0.3172
PSI Gapped           0.0567     0.2670
