
Last position-specific scoring matrix computed, weighted observed percentages rounded down, information per position, and relative weight of gapless real matches to pseudocounts
            A   R   N   D   C   Q   E   G   H   I   L   K   M   F   P   S   T   W   Y   V   A   R   N   D   C   Q   E   G   H   I   L   K   M   F   P   S   T   W   Y   V
    1 M    -1  -2  -3  -4  -2  -1  -3  -3  -2   1   2  -2   7   0  -3  -2  -1  -2  -1   0    0   0   0   0   0   0   0   0   0   0   0   0 100   0   0   0   0   0   0   0  0.61 0.06
    2 F     1  -2   0  -2  -2  -1  -2  -1  -2  -1  -1  -2   0   2  -2   2   1   7   0  -1   21   0   5   0   0   0   0   0   0   0   0   0   3  15   0  23   8  21   0   5  0.35 0.03
    3 A     1  -1   1   0  -2  -1   0   0  -2  -2  -2  -1  -1  -3  -2   2   4  -3  -2  -1    7   0   6   5   0   0   5   6   0   0   0   0   0   0   0  11  59   0   0   0  0.35 0.04
    4 E     0  -1   0  -1  -2   0   2  -1  -2  -1  -2  -1  -1  -3  -1   1   4  -3  -2   0    0   0   0   0   0   3  22   4   0   0   0   0   0   0   2   5  59   0   0   5  0.36 0.04
    5 G     0  -3  -1  -2  -3  -2  -3   6  -3  -4  -4  -2  -3  -4  -3  -1  -2  -3  -4  -4    3   0   0   0   0   0   0  97   0   0   0   0   0   0   0   0   0   0   0   0  1.18 0.06
    6 R    -1   6  -1  -2  -4   1   0  -3  -1  -3  -3   2  -2  -3  -2   0   0  -3  -2  -3    3  84   0   0   0   2   0   0   0   0   0   2   0   0   0   4   4   0   0   0  0.77 0.07
    7 I    -2  -3  -4  -4  -2  -3  -4  -4  -4   5   2  -3   1   0  -3  -3  -1  -3  -2   3    0   0   0   0   0   0   0   0   0  75  14   0   0   0   0   0   0   0   0  11  0.49 0.05
    8 P    -1  -3  -3  -2  -4  -2  -2  -3  -3  -4  -4  -2  -3  -5   8  -1  -2  -5  -4  -3    0   0   0   0   0   0   0   0   0   0   0   0   0   0 100   0   0   0   0   0  2.25 0.09
    9 L    -2  -3  -4  -4  -2  -3  -4  -4  -3   1   5  -3   2   0  -4  -3  -2  -2  -2   1    0   0   0   0   0   0   0   0   0   0 100   0   0   0   0   0   0   0   0   0  0.63 0.06
   10 W    -4  -4  -5  -5  -3  -3  -4  -3  -3  -4  -3  -4  -2   0  -5  -4  -3  12   2  -4    0   0   0   0   0   0   0   0   0   0   0   0   0   0   0   0   0 100   0   0  2.90 0.13
   11 L    -2  -3  -4  -4  -2  -3  -3  -4  -3   2   4  -3   3   1  -3  -3  -1  -2  -1   1    0   0   0   0   0   0   0   0   0  17  64   0   8   5   0   0   0   0   0   6  0.42 0.04
   12 V    -1  -3  -4  -4  -1  -3  -3  -4  -4   4   1  -3   1  -1  -3  -2  -1  -3  -2   5    0   0   0   0   0   0   0   0   0  28   0   0   0   0   0   0   0   0   0  72  0.48 0.05
   13 A     3  -2  -1  -2  -2  -2  -2   5  -2  -2  -2  -2  -2  -3  -2   0  -1  -3  -3  -1   41   0   0   0   0   0   0  53   0   0   2   0   0   0   0   2   0   0   0   2  0.57 0.04
   14 T    -1  -2  -1  -2  -1  -1  -2  -2  -2   0   0  -1   1  -1  -2   1   5  -3  -2   1    0   0   0   0   0   0   0   0   0   0   9   0   3   3   0   0  75   0   0  10  0.42 0.06
   15 I     0  -3  -3  -4  -1  -3  -3  -3  -3   3   1  -3   1   0  -3  -2  -1  -3  -1   4   10   0   0   0   0   0   0   0   0  17   4   0   2   5   0   0   0   0   0  62  0.33 0.04
   16 A     3  -2  -1  -2  -1  -2  -2   3  -2   0  -2  -2  -1  -3  -2   0   0  -3  -2   1   39   0   0   0   0   0   0  34   0   2   0   0   0   0   0   0   8   0   0  16  0.32 0.03
   17 G     0  -3  -1  -2  -3  -2  -3   7  -3  -5  -4  -2  -3  -4  -3  -1  -2  -3  -4  -4    0   0   0   0   0   0   0 100   0   0   0   0   0   0   0   0   0   0   0   0  1.25 0.07
   18 L    -1  -2  -2  -3  -2  -2  -3  -3  -3   3   2  -2   3   0  -3  -1   2  -2  -1   1    0   0   0   0   0   0   0   0   0  35  26   0  12   2   0   4  20   0   0   0  0.24 0.03
   19 G     3  -2  -2  -2  -1  -2  -2   2  -2   0   1  -2   0  -2   0   0  -1  -3  -2   0   46   0   0   0   0   0   0  19   0   0  27   0   0   0   3   0   2   0   0   3  0.22 0.03
   20 V     2  -3  -3  -3  -1  -2  -2  -2  -3   2   0  -2   0  -2  -2  -1   0  -3  -2   4   32   0   0   0   0   0   0   0   0   3   0   0   0   0   0   0   0   0   0  65  0.32 0.05
   21 I    -2  -3  -4  -4  -2  -3  -4  -2  -4   4   3  -3   1   0  -3  -3  -1  -3  -2   2    0   0   0   0   0   0   0   4   0  67  28   0   0   0   0   0   0   0   0   0  0.41 0.05
   22 A     1  -2  -1  -2  -2  -2  -2   4  -2  -2  -2  -2  -2   1  -2   1   2  -2  -1  -1   11   0   0   0   0   0   0  43   0   0   0   0   0  10   0  10  22   0   0   4  0.35 0.03
   23 V    -1  -3  -4  -4  -1  -3  -3  -4  -3   2   3  -3   2   0  -3  -3  -1  -3  -1   3    0   0   0   0   0   0   0   0   0   9  49   0   4   0   0   0   0   0   0  39  0.39 0.04
   24 L    -1  -3  -4  -4  -1  -3  -3  -4  -3   2   4  -3   2   0  -3  -3  -1  -2  -1   3    0   0   0   0   0   0   0   0   0  12  58   0   3   0   0   0   0   0   0  27  0.41 0.04
   25 G     1  -3  -1  -2  -2  -2  -2   6  -2  -2  -3  -2  -3  -3  -2   0  -1  -3  -3  -2   12   0   0   0   0   0   0  77   0   4   0   0   0   0   0   6   0   0   0   0  0.82 0.05
   26 L    -2  -3  -4  -4  -2  -3  -4  -4  -4   4   3  -3   1   0  -3  -3  -1  -3  -2   2    0   0   0   0   0   0   0   0   0  49  42   0   0   0   0   0   0   0   0   9  0.43 0.04
   27 F    -3  -4  -4  -4  -3  -4  -4  -4  -2  -1   0  -4   0   7  -4  -3  -3   1   3  -1    0   0   0   0   0   0   0   0   0   0   3   0   0  95   0   0   0   0   2   0  1.02 0.08
   28 F    -2  -3  -4  -4  -3  -4  -4  -4  -2   1   0  -4   0   7  -4  -2  -2   0   2   0    0   0   0   0   0   0   0   0   0  10   2   0   0  82   0   2   0   0   0   4  0.77 0.07
   29 Y    -3  -2  -3  -4  -3  -2  -3  -4   1  -2  -2  -3  -2   4  -4  -2  -2   2   8  -2    0   0   0   0   0   0   0   0   0   0   0   0   0   9   0   0   0   0  91   0  1.17 0.09
   30 G     0  -3  -1  -2  -3  -2  -3   7  -3  -5  -4  -2  -3  -4  -3  -1  -2  -3  -4  -4    0   0   0   0   0   0   0 100   0   0   0   0   0   0   0   0   0   0   0   0  1.25 0.07
   31 A     2  -1   0  -1  -1  -1  -1   0  -2  -3  -3  -1  -2  -3  -1   4   1  -3  -2  -2   24   0   0   0   0   0   0   2   0   0   0   0   0   0   0  74   0   0   0   0  0.49 0.06
   32 Y    -3  -2  -3  -4  -3  -2  -3  -4   1  -2  -2  -3  -2   3  -4  -2  -2   2   8  -2    0   0   0   0   0   0   0   0   0   0   0   0   0   4   0   0   0   0  96   0  1.22 0.09
   33 A     2  -1   0  -1  -1   0  -1  -1  -1  -1  -2  -1  -1  -2  -1   3   2  -3  -2   1   16   0   0   0   0   3   0   0   2   0   0   0   0   0   0  50  14   0   0  15  0.28 0.04
   34 G     0  -3  -1  -2  -3  -2  -3   7  -3  -5  -4  -2  -3  -4  -3  -1  -2  -3  -4  -4    0   0   0   0   0   0   0 100   0   0   0   0   0   0   0   0   0   0   0   0  1.25 0.07
   35 L    -2  -3  -4  -4  -2  -3  -3  -4  -3   2   4  -3   2   0  -3  -3  -1  -2  -1   2    0   0   0   0   0   0   0   0   0   8  76   0   0   0   0   0   0   0   0  16  0.48 0.04
   36 G     0  -3  -1  -2  -3  -2  -3   7  -3  -5  -4  -2  -3  -4  -3  -1  -2  -3  -4  -4    0   0   0   0   0   0   0 100   0   0   0   0   0   0   0   0   0   0   0   0  1.25 0.07
   37 S     1  -1   1  -1  -1  -1  -1  -1  -1  -3  -3  -1  -2  -3  -1   5   1  -3  -2  -2    5   0   3   0   0   0   0   0   0   0   0   0   0   0   0  92   0   0   0   0  0.59 0.07
   38 S     2  -1   0  -1  -1  -1  -1  -1  -1  -3  -3  -1  -2  -3  -1   5   1  -3  -2  -2   18   0   0   0   0   0   0   0   0   0   0   0   0   0   0  82   0   0   0   0  0.52 0.06
   39 M    -2  -3  -4  -4  -2  -2  -3  -4  -3   2   4  -3   3   0  -3  -3  -1  -2  -1   1    0   0   0   0   0   0   0   0   0   6  82   0   6   0   0   0   0   0   0   6  0.48 0.03

                      K         Lambda
Standard Ungapped    0.1481     0.3309
Standard Gapped      0.0410     0.2670
PSI Ungapped         0.1481     0.3309
PSI Gapped           0.0410     0.2670
