
Last position-specific scoring matrix computed, weighted observed percentages rounded down, information per position, and relative weight of gapless real matches to pseudocounts
           A  R  N  D  C  Q  E  G  H  I  L  K  M  F  P  S  T  W  Y  V   A   R   N   D   C   Q   E   G   H   I   L   K   M   F   P   S   T   W   Y   V
    1 M   -2 -2 -3 -4 -2 -1 -3 -3 -2  1  2 -2  8  0 -3 -2 -1 -2 -2  0    0   0   0   0   0   0   0   0   0   0   0   0 100   0   0   0   0   0   0   0  0.73 0.09
    2 E   -1 -1  0  2 -4  2  6 -3 -1 -4 -4  0 -3 -4 -2 -1 -1 -4 -3 -3    0   0   0   7   0   0  93   0   0   0   0   0   0   0   0   0   0   0   0   0  0.86 0.06
    3 S    4 -2 -1 -1 -1 -1 -1  0 -2 -2 -2 -1 -1 -3 -1  3  1 -3 -2 -1   60   0   0   0   0   0   0   0   0   0   0   0   0   0   0  36   4   0   0   0  0.40 0.04
    4 V   -1 -3 -4 -4 -2 -3 -3 -4 -3  2  3 -3  1  3 -3 -3 -1 -1  0  2    2   0   0   0   0   0   0   0   0   7  49   0   0  24   0   0   0   0   0  18  0.34 0.03
    5 A    3 -2 -2 -3 -1 -2 -2 -1 -3  1  0 -2  0 -2 -2  0  0 -3 -2  3   40   0   0   0   0   0   0   0   0   0   0   0   0   0   0   6   4   0   0  50  0.24 0.03
    6 Y   -2 -2 -3 -4 -3 -2 -3 -4  1 -2 -2 -2 -2  3 -4 -2 -2  2  8 -2    0   0   0   0   0   0   0   0   0   0   0   0   0   0   0   0   0   0 100   0  1.19 0.08
    7 I   -1 -2 -1 -2 -1 -2 -2 -3 -3  3  0 -2  0 -2 -2  0  4 -3 -2  2    0   0   0   0   0   0   0   0   0  29   0   0   0   0   0   0  53   0   0  18  0.31 0.04
    8 L   -2 -3 -4 -4 -2 -3 -4 -4 -2  1  3 -3  1  5 -4 -3 -2  0  2  0    0   0   0   0   0   0   0   0   0   4  43   0   0  50   0   0   0   0   0   3  0.50 0.04
    9 V   -1 -3 -4 -4 -1 -3 -3 -4 -3  3  4 -3  2  0 -3 -3 -1 -2 -1  2    0   0   0   0   0   0   0   0   0  25  59   0   0   0   0   0   0   0   0  16  0.41 0.03
   10 L   -2 -3 -4 -4 -2 -2 -3 -4 -3  1  4 -3  3  2 -3 -3 -2 -2  0  0    0   0   0   0   0   0   0   0   0   0  77   0  11  12   0   0   0   0   0   0  0.46 0.04
   11 T    1 -2 -2 -2 -1 -2 -2 -2 -3  2  0 -2  0 -2 -2  0  3 -3 -2  2   19   0   0   0   0   0   0   0   0  23   0   0   0   0   0   0  32   0   0  26  0.22 0.03
   12 M    0 -2 -2 -2  1 -2 -2  3 -2  0  1 -2  2  1 -3  0  0 -2 -1 -1    0   0   0   0   5   0   0  35   0   0  27   0  12   6   0  10   3   0   0   2  0.20 0.02
   13 A    2 -2 -1 -2  1 -1 -1  0 -2 -1 -1 -1 -1 -2 -1  1  4 -3 -2  0   29   0   0   0   3   0   0   4   0   0   5   0   0   0   0   4  52   0   0   4  0.29 0.03
   14 L   -1 -3 -4 -4 -1 -3 -3 -4 -3  3  4 -3  2  0 -3 -3 -1 -2 -1  2    4   0   0   0   0   0   0   0   0  20  67   0   0   0   0   0   0   0   0  10  0.40 0.03
   15 S    1 -2 -1 -2 -2 -2 -2  4 -2 -1 -1 -2  1 -2 -2  0 -1 -3 -3  0   18   0   0   0   0   0   0  51   0   2   0   0   8   0   0   6   0   0   0  15  0.40 0.03
   16 V   -1 -3 -2 -3 -1 -2 -2 -3 -3  3  1 -2  1 -1 -2 -1  3 -3 -2  3    0   0   0   0   0   0   0   0   0  30   5   0   0   0   0   0  29   0   0  36  0.28 0.03
   17 I   -2 -3 -4 -4 -2 -3 -4 -4 -3  4  3 -3  2  1 -3 -3 -1 -2 -1  2    0   0   0   0   0   0   0   0   0  46  49   0   0   5   0   0   0   0   0   0  0.41 0.03
   18 F   -3 -4 -4 -4 -3 -4 -4 -4 -2 -1  0 -4  0  8 -4 -3 -3  1  3 -1    0   0   0   0   0   0   0   0   0   0   0   0   0 100   0   0   0   0   0   0  1.02 0.07
   19 F   -2 -3 -4 -4 -3 -4 -4 -4 -2 -1  0 -4  0  7 -4 -3 -3  1  3 -1    4   0   0   0   0   0   0   0   0   0   0   0   0  96   0   0   0   0   0   0  0.92 0.07
   20 A    5 -2 -2 -2 -1 -1 -1  0 -2 -2 -2 -1 -1 -3 -1  2  0 -3 -2 -1   90   0   0   0   0   0   0   2   0   0   0   0   0   0   0   8   0   0   0   0  0.49 0.05
   21 I   -1 -3 -4 -4 -1 -3 -4 -4 -4  5  1 -3  1 -1 -3 -3 -1 -3 -2  3    0   0   0   0   0   0   0   0   0  72   0   0   0   0   0   0   0   0   0  28  0.47 0.04
   22 A    3 -3 -3 -3 -2 -2 -2 -2 -2  0 -1 -2 -1  5 -2  0 -1 -1  1 -1   47   0   0   0   0   0   0   0   0   3   0   0   0  50   0   0   0   0   0   0  0.38 0.04
   23 F   -3 -3 -4 -4 -3 -4 -4 -4 -2  0  1 -4  0  7 -4 -3 -3  1  3 -1    0   0   0   0   0   0   0   0   0   0   4   0   0  96   0   0   0   0   0   0  0.95 0.07
   24 R   -2  7 -1 -2 -4  1  0 -3 -1 -4 -3  2 -2 -4 -3 -1 -2 -3 -2 -3    0 100   0   0   0   0   0   0   0   0   0   0   0   0   0   0   0   0   0   0  0.97 0.07
   25 E   -2 -1  0  5 -4  1  5 -2 -1 -4 -4  0 -3 -4 -2  0 -1 -4 -3 -3    0   0   0  43   0   0  57   0   0   0   0   0   0   0   0   0   0   0   0   0  0.78 0.05
   26 P   -1 -3 -2 -2 -3 -2 -2 -3 -3 -3 -3 -1 -3 -4  8 -1  0 -4 -4 -3    0   0   0   0   0   0   0   0   0   0   0   0   0   0  92   2   6   0   0   0  1.95 0.07
   27 P   -1 -3 -3 -2 -4 -2 -2 -3 -3 -4 -4 -2 -3 -4  8 -1 -2 -5 -4 -3    0   0   0   0   0   0   0   0   0   0   0   0   0   0 100   0   0   0   0   0  2.21 0.08
   28 R   -2  6 -1 -2 -4  1  0 -3 -1 -3 -3  4 -2 -3 -2 -1 -1 -3 -2 -3    0  68   0   0   0   0   0   0   0   0   0  30   0   0   0   0   2   0   0   0  0.71 0.05
   29 I   -2 -3 -4 -4 -2 -3 -4 -4 -3  5  1 -3  1  2 -3 -3 -1 -2  0  2    0   0   0   0   0   0   0   0   0  74   3   0   3  12   0   0   0   0   3   4  0.40 0.04
   30 Q    1 -1  1  2 -2  1  1  2 -1  0 -1 -1 -1 -2 -2  0  0 -3 -2  0   12   3   6  13   0   8  14  17   0   6   6   0   0   0   0   2   5   0   0   9  0.12 0.01
   31 K   -1  3 -1 -1 -4  2  1 -2 -1 -3 -3  5 -2 -4 -2 -1 -1 -4 -2 -3    0   9   0   0   0   4   0   0   0   0   0  86   0   0   0   0   0   0   0   0  0.66 0.06

                      K         Lambda
Standard Ungapped    0.1436     0.3364
Standard Gapped      0.0410     0.2670
PSI Ungapped         0.1436     0.3364
PSI Gapped           0.0410     0.2670
