
Last position-specific scoring matrix computed, weighted observed percentages rounded down, information per position, and relative weight of gapless real matches to pseudocounts
           A  R  N  D  C  Q  E  G  H  I  L  K  M  F  P  S  T  W  Y  V   A   R   N   D   C   Q   E   G   H   I   L   K   M   F   P   S   T   W   Y   V
    1 M   -2 -2 -3 -4 -2 -1 -3 -4 -2  1  2 -2  8 -1 -3 -2 -1 -2 -2  0    0   0   0   0   0   0   0   0   0   0   0   0 100   0   0   0   0   0   0   0  0.87 0.11
    2 P   -1  0 -1  1 -4  4  5 -3 -1 -4 -3  0 -2 -4  2 -1 -1 -3 -3 -3    0   0   0   0   0  22  66   0   0   0   0   0   0   0  12   0   0   0   0   0  0.73 0.06
    3 V    0 -2 -2 -3 -1 -2 -2 -3 -3  2  0 -2  0 -2 -2 -1  3 -3 -2  4    0   0   0   0   0   0   0   0   0   0   0   0   0   0   0   0  37   0   0  63  0.37 0.06
    4 N   -2 -1  6  1 -3 -1 -1 -1  0 -3 -4 -1 -2 -4 -2  0  2 -4 -3 -3    0   0  80   0   0   0   0   0   0   0   0   0   0   0   0   0  20   0   0   0  0.78 0.07
    5 N   -2 -1  4  4 -3  0  1 -2 -1  1 -2 -1 -2 -3 -2  0 -1 -4 -3 -1    0   0  34  35   0   4   4   0   0  19   0   0   0   0   0   5   0   0   0   0  0.40 0.04
    6 F   -2 -3 -4 -4 -2 -3 -4 -4 -3  1  4 -3  1  4 -4 -3 -2 -1  0  0    0   0   0   0   0   0   0   0   0   0  75   0   0  25   0   0   0   0   0   0  0.52 0.05
    7 G    1 -3 -1 -2 -3 -2 -3  6 -3 -4 -4 -2 -3 -4 -3 -1 -2 -3 -4 -4    6   0   0   0   0   0   0  94   0   0   0   0   0   0   0   0   0   0   0   0  1.14 0.07
    8 F   -1 -3 -4 -4 -3 -4 -4 -4 -2  0  1 -3  0  7 -4 -3 -2  0  2  0    7   0   0   0   0   0   0   0   0   0   8   0   0  81   0   0   0   0   0   4  0.75 0.07
    9 L    0 -3 -4 -4 -1 -3 -3 -4 -4  4  2 -3  1 -1 -3 -2 -1 -3 -2  3    5   0   0   0   0   0   0   0   0  55   9   0   0   0   0   0   0   0   0  31  0.40 0.04
   10 A    5 -2 -2 -2 -1 -1 -1  0 -2  0 -2 -1 -1 -3 -1  1  0 -3 -2  0   94   0   0   0   0   0   0   0   0   6   0   0   0   0   0   0   0   0   0   0  0.53 0.07
   11 T    0 -1  0 -1 -1 -1 -1 -1 -2 -1 -2 -1 -1 -3 -1  4  4 -3 -2  0    0   0   0   0   0   0   0   0   0   0   0   0   0   0   0  50  43   0   0   7  0.43 0.05
   12 L    1 -2 -3 -3 -1 -2 -3 -3 -3  2  3 -2  1  0 -3 -1  0 -2 -2  1   25   0   0   0   0   0   0   0   0  19  53   0   0   0   0   0   4   0   0   0  0.26 0.03
   13 L   -2 -3 -4 -4 -2 -2 -3 -4 -3  1  5 -3  4  0 -3 -3 -2 -2 -2  1    0   0   0   0   0   0   0   0   0   0  86   0  14   0   0   0   0   0   0   0  0.56 0.06
   14 F   -3 -4 -4 -4 -3 -4 -4 -4 -2 -1  0 -4  0  8 -5 -3 -3  1  3 -1    0   0   0   0   0   0   0   0   0   0   0   0   0 100   0   0   0   0   0   0  1.12 0.09
   15 V   -1 -3 -4 -4 -1 -3 -3 -4 -4  4  1 -3  1 -1 -3 -2 -1 -3 -2  4    0   0   0   0   0   0   0   0   0  27   7   0   0   0   0   0   0   0   0  66  0.45 0.05
   16 A    0 -3 -3 -3 -2 -2 -3  2 -3  1  3 -2  1  1 -3 -2 -1 -2 -1  0   12   0   0   0   0   0   0  20   0   8  53   0   0   7   0   0   0   0   0   0  0.23 0.03
   17 V   -1 -3 -4 -4 -1 -3 -3 -4 -4  4  1 -3  1 -1 -3 -2 -1 -3 -2  4    0   0   0   0   0   0   0   0   0  32   0   0   0   0   0   0   0   0   0  68  0.49 0.05
   18 P   -1 -3 -3 -2 -4 -2 -2 -3 -3 -4 -4 -2 -3 -5  9 -1 -2 -5 -4 -3    0   0   0   0   0   0   0   0   0   0   0   0   0   0 100   0   0   0   0   0  2.27 0.10
   19 M    1 -2 -1 -2  2 -1 -1 -2 -2 -1 -1 -1  1 -3 -2  2  5 -3 -2 -1   11   0   0   0   7   0   0   0   0   0   0   0   5   0   0  10  67   0   0   0  0.43 0.05
   20 L    1 -3 -3 -3 -1 -2 -2 -3 -3  3  1 -2  0 -1 -2  0  0 -3 -2  3   13   0   0   0   0   0   0   0   0  31   5   0   0   0   0  12   0   0   0  38  0.23 0.03
   21 F   -3 -4 -4 -4 -3 -4 -4 -4 -2 -1  0 -4  0  8 -5 -3 -3  1  3 -1    0   0   0   0   0   0   0   0   0   0   0   0   0 100   0   0   0   0   0   0  1.12 0.09
   22 L   -2 -3 -4 -4 -2 -3 -4 -4 -3  1  5 -3  2  0 -4 -3 -2 -2 -2  1    0   0   0   0   0   0   0   0   0   0 100   0   0   0   0   0   0   0   0   0  0.64 0.06
   23 I   -2 -3 -4 -4 -2 -3 -4 -4 -4  4  3 -3  1  0 -3 -3 -1 -3 -2  2    0   0   0   0   0   0   0   0   0  52  42   0   0   0   0   0   0   0   0   6  0.45 0.04
   24 G   -1 -3 -3 -3 -2 -3 -3  2 -3  4  1 -3  0 -1 -3 -2 -1 -3 -2  2    0   0   0   0   0   0   0  25   0  54   7   0   0   0   0   0   0   0   0  15  0.30 0.04
   25 L   -2 -3 -4 -4 -2 -3 -3 -4 -3  2  4 -3  2  0  1 -3 -2 -2 -2  1    0   0   0   0   0   0   0   0   0   6  87   0   0   0   7   0   0   0   0   0  0.51 0.05
   26 Y   -3 -3 -3 -4 -3 -2 -3 -4  1 -2 -1 -3 -1  5 -4 -3 -2  2  7 -2    0   0   0   0   0   0   0   0   0   0   0   0   0  26   0   0   0   0  74   0  1.03 0.08
   27 I    0 -3 -4 -4 -1 -3 -3 -4 -4  4  1 -3  1 -1 -3 -2 -1 -3 -2  3    7   0   0   0   0   0   0   0   0  55   5   0   0   0   0   0   0   0   0  34  0.40 0.04
   28 Q   -1  1  0 -1 -3  5  1  0 -1 -3 -3  3 -1 -4 -2  2 -1 -3 -2 -3    0   0   0   0   0  50   0   8   0   0   0  22   0   0   0  20   0   0   0   0  0.46 0.05
   29 T   -1 -2 -1 -2 -1 -1 -1 -2 -2 -1 -2 -1 -1 -3 -2  1  6 -3 -2 -1    0   0   0   0   0   0   0   0   0   0   0   0   0   0   0   0 100   0   0   0  0.75 0.09
   30 N    2  1  3  0 -2  2  1  0 -1 -3 -3  0 -2 -3 -2  1  0 -3 -2 -2   35   7  21   0   0  13  10   3   0   0   0   0   0   0   0  11   0   0   0   0  0.27 0.03
   31 S    0  0  1  2 -2  1  1 -1 -1 -3 -3  1 -2 -3 -1  3  1 -4 -2 -2    0   4   4  15   0   3   5   0   0   0   0  10   0   0   0  53   6   0   0   0  0.35 0.04
   32 N    0  3  1 -1 -3  3  1  2 -1 -3 -3  1 -2 -3 -2  0  0 -3 -2 -3    7  21  10   0   0  26   7  20   0   0   0   3   0   0   0   4   3   0   0   0  0.32 0.03
   33 K    0  0  1  1 -3  2  4  1 -1 -3 -3  1 -2 -4 -2  1  0 -3 -2 -3    3   0   6   0   0   6  51  10   0   0   0   5   0   0   0  10   7   0   0   0  0.41 0.04
   34 S    2 -1  0  0 -2  1  3 -1 -1 -3 -3  0 -2 -3 -1  3  0 -3 -2 -2   16   0   0   0   0   7  26   0   0   0   0   0   0   0   0  50   0   0   0   0  0.37 0.03

                      K         Lambda
Standard Ungapped    0.1444     0.3309
Standard Gapped      0.0474     0.2670
PSI Ungapped         0.1550     0.3159
PSI Gapped           0.0474     0.2670
