
Last position-specific scoring matrix computed, weighted observed percentages rounded down, information per position, and relative weight of gapless real matches to pseudocounts
            A   R   N   D   C   Q   E   G   H   I   L   K   M   F   P   S   T   W   Y   V   A   R   N   D   C   Q   E   G   H   I   L   K   M   F   P   S   T   W   Y   V
    1 M    -3  -3  -4  -5  -3  -2  -4  -4  -3   0   1  -3  10  -2  -4  -3  -2  -3  -3  -1    0   0   0   0   0   0   0   0   0   0   0   0 100   0   0   0   0   0   0   0  1.80 0.29
    2 S     0  -2  -1  -2  -2  -1  -1  -2  -2  -4  -4  -2  -3  -4  -2   6   0  -4  -3  -3    0   0   0   0   0   0   0   0   0   0   0   0   0   0   0 100   0   0   0   0  1.13 0.22
    3 D    -3  -3   0   8  -5  -2   0  -3  -3  -5  -5  -2  -5  -5  -3  -2  -2  -6  -5  -5    0   0   0 100   0   0   0   0   0   0   0   0   0   0   0   0   0   0   0   0  1.72 0.23
    4 I    -3  -4  -5  -5  -3  -4  -5  -5  -5   7   0  -4   0  -1  -4  -4  -2  -4  -3   1    0   0   0   0   0   0   0   0   0 100   0   0   0   0   0   0   0   0   0   0  1.20 0.21
    5 N    -3  -2   8   0  -4  -1  -2  -2  -1  -5  -5  -2  -4  -5  -4  -1  -1  -5  -4  -4    0   0 100   0   0   0   0   0   0   0   0   0   0   0   0   0   0   0   0   0  1.66 0.25
    6 A     5  -2  -2  -3  -2  -2  -2   1  -3  -2  -2  -2  -2  -3  -2   0   2  -4  -3   0   72   0   0   0   0   0   0   6   0   0   0   0   0   0   0   0  16   0   0   6  0.59 0.14
    7 T     1  -2  -1  -2  -2  -2  -2  -2  -3   0  -2  -2  -2  -3  -2   1   6  -4  -3  -1   15   0   0   0   0   0   0   0   0   6   0   0   0   0   0   2  77   0   0   0  0.80 0.18
    8 R    -3   7  -2  -3   2   0  -2  -4  -2  -4  -4   1  -3  -4  -4  -2  -2  -4  -3  -4    0  95   0   0   5   0   0   0   0   0   0   0   0   0   0   0   0   0   0   0  1.45 0.22
    9 L    -1  -3  -4  -5  -2  -3  -4  -4  -4   1   5  -3   1  -1  -4  -3  -2  -3  -2   0    6   0   0   0   0   0   0   0   0   0  91   0   0   0   0   0   0   0   0   3  0.82 0.16
   10 P    -3  -4  -4  -3  -5  -3  -3  -4  -4  -5  -5  -3  -5  -6   9  -3  -3  -6  -5  -4    0   0   0   0   0   0   0   0   0   0   0   0   0   0 100   0   0   0   0   0  2.79 0.40
   11 V     1  -3  -3  -3  -2  -2  -3   0   1   4   0  -3   0   1  -3  -1  -1  -2   0   2   14   0   0   0   0   0   0   8   5  39   5   0   0   7   0   4   0   0   4  12  0.22 0.11
   12 W    -2  -4  -4  -5  -3  -3  -4  -2  -3   1   1  -4   0   3   0  -3  -3   9   1   0    3   0   0   0   0   0   0   2   0   8  15   0   3  16   6   0   0  41   2   5  1.14 0.22
   13 I    -1  -3  -3  -3  -2  -1  -2  -2  -3   3   3  -3   0   2  -3  -1  -1  -2   0   2    4   0   0   0   0   3   2   2   0  25  33   0   0  12   0   5   0   0   2  13  0.30 0.11
   14 G     2   0  -2  -3  -2  -2  -2   2  -3   0   0  -2  -1   1   3  -1  -1  -3  -2   1   25   5   0   0   0   0   0  20   0   5  13   0   0   8  14   0   0   0   0  10  0.24 0.10
   15 C     0  -3  -2   0   4  -2  -1  -1  -2   0   0  -2   0  -1   3  -1   1  -2   3   0    7   0   0   5  13   0   3   3   0   3  13   0   3   0  19   3   9   0  14   4  0.27 0.10
   16 S    -2  -3   0   0   5  -1  -2  -3  -3   0   0  -2  -1   2   4   0  -1  -3  -1   0    0   0   7   6  18   3   0   0   0   7  10   0   0  12  21   8   0   0   0   7  0.36 0.12
   17 P    -3  -4  -4  -3  -5  -3  -3   0  -4  -4  -2  -3  -4  -5   8  -3  -3  -5  -5  -4    0   0   0   0   0   0   0   7   0   0   5   0   0   0  88   0   0   0   0   0  2.25 0.35
   18 C    -2  -5  -4  -5  10  -5  -5  -4  -4   0  -3  -5  -3   0  -5  -1  -3  -3   1  -2    0   0   0   0  79   0   0   0   0   7   0   0   0   5   0   4   0   0   5   0  2.03 0.36
   19 V     0  -4  -4  -4  -2  -3  -4  -4  -4   3  -1  -3  -1  -2   1  -3  -1  -4  -3   5    5   0   0   0   0   0   0   0   0  14   0   0   0   0   7   0   2   0   0  72  0.76 0.22
   20 G    -1  -3   1  -2  -3  -2  -3   6  -3  -5  -5  -2  -4  -4  -3   3  -2  -4  -4  -4    0   0   5   0   0   0   0  67   0   0   0   0   0   0   0  27   0   0   0   0  1.10 0.24
   21 D    -4  -3   0   8  -5  -2   1  -3  -3  -5  -6  -2  -5  -5  -3  -2  -3  -6  -5  -5    0   0   0  96   0   0   4   0   0   0   0   0   0   0   0   0   0   0   0   0  1.84 0.35
   22 D    -1  -3   1   6  -4  -1   1   0  -2  -3  -4  -2  -3  -4  -2  -1  -2  -4  -4  -2    6   0   3  71   0   0   5   6   0   0   1   0   0   0   0   0   0   0   0   4  1.00 0.22
   23 C     0  -3  -1   1   1  -3  -3  -3  -3   4   0  -3  -1  -2  -3  -2   0  -4  -2   4    9   0   4   9   3   0   0   0   0  30   0   0   0   0   0   0   5   0   0  39  0.38 0.15
   24 I    -1  -2   4   3  -3   1   2  -2  -1  -2  -3  -1  -3  -4  -2   0   1  -4  -3  -2    4   0  33  21   0   8  16   0   0   3   0   0   0   0   0   3  10   0   0   2  0.52 0.15
   25 A     1  -1  -1  -2  -2  -1  -2  -2   0  -1   0  -1   3   1   2   1   0  -3  -1   0   18   4   3   0   0   0   0   0   3   2  10   0  15   8  12  18   4   0   0   5  0.17 0.09
   26 L    -1  -3  -2  -3  -2  -2  -3  -3  -3   1   2  -3   0  -2  -3  -1   4  -3  -2   2    3   0   0   0   0   0   0   0   0   6  25   0   0   0   0   0  45   0   0  21  0.49 0.18
   27 L    -3  -3  -5  -5  -2  -3  -4  -5  -4   1   5  -4   1  -1  -4  -4  -1  -3  -2   0    0   0   0   0   0   0   0   0   0   3  94   0   0   0   0   0   3   0   0   0  0.97 0.21
   28 T     0   0   1  -2  -2  -2  -2  -3  -3  -2  -3  -2  -2  -4  -2   1   6  -4  -3  -2    3   5   7   0   0   0   0   0   0   0   0   0   0   0   0   6  79   0   0   0  0.89 0.23
   29 R    -3   7  -2  -3   0   0  -1  -4   2  -4  -4   1  -3  -4  -3  -1  -2  -4  -3  -4    0  84   0   0   3   0   0   0   5   0   0   4   0   0   0   5   0   0   0   0  1.23 0.24
   30 G    -1  -4  -2  -3  -4  -3  -4   7  -4  -5  -5  -3  -4  -5  -4  -2  -3  -4  -5  -5    0   0   0   0   0   0   0 100   0   0   0   0   0   0   0   0   0   0   0   0  1.73 0.26
   31 E    -2  -1  -2   0  -5   2   7  -3  -1  -5  -4   0  -3  -5  -2  -1  -2  -4  -3  -4    0   0   0   0   0   7  93   0   0   0   0   0   0   0   0   0   0   0   0   0  1.33 0.25
   32 G     2  -2   2  -1  -2  -1  -1   3  -1  -3  -3  -1  -2  -3  -2   2   0  -3  -3  -2   29   0  14   0   0   0   0  26   0   0   0   0   0   0   0  31   0   0   0   0  0.40 0.05

                      K         Lambda
Standard Ungapped    0.1432     0.3242
Standard Gapped      0.0535     0.2670
PSI Ungapped         0.1748     0.3205
PSI Gapped           0.0535     0.2670
