
Last position-specific scoring matrix computed, weighted observed percentages rounded down, information per position, and relative weight of gapless real matches to pseudocounts
            A   R   N   D   C   Q   E   G   H   I   L   K   M   F   P   S   T   W   Y   V   A   R   N   D   C   Q   E   G   H   I   L   K   M   F   P   S   T   W   Y   V
    1 M    -2  -3  -4  -5  -3  -2  -3  -4  -3   0   1  -3   9   0  -4  -3  -2  -3  -2   1    0   0   0   0   0   0   0   0   0   0   5   0  85   3   0   0   0   0   0   6  1.19 0.24
    2 E     1   1   0   2  -3   2   1  -1  -1  -3  -3   3  -2  -4  -2   1   0  -4  -3  -3   12   7   0  16   0  13   7   4   0   0   0  29   0   0   0   7   5   0   0   0  0.33 0.08
    3 Q    -2   4  -1  -2  -4   1  -1  -3  -2  -2  -2   5   0  -4  -2  -1  -1  -4  -3  -3    0  26   0   0   0   3   0   0   0   2   4  57   3   0   0   3   3   0   0   0  0.66 0.16
    4 W    -3  -3  -4  -5  -4  -3  -4  -4  -1  -2   0  -4   4   4  -5  -3  -3   8   6  -2    0   0   0   0   0   0   0   0   0   0   5   0  17  20   0   0   0  22  36   0  1.19 0.23
    5 K    -2   1  -2  -1  -3   3   3  -2  -1   0  -2   2   1  -3  -2  -1  -1  -4  -3   1    0   7   0   0   0  22  26   1   0   6   0  13   6   0   0   0   1   0   0  17  0.34 0.13
    6 C    -3  -6  -5  -6  11  -5  -6  -5  -5  -4  -4  -5  -4  -5  -5  -3  -3  -5  -5  -3    0   0   0   0 100   0   0   0   0   0   0   0   0   0   0   0   0   0   0   0  3.07 0.47
    7 N     0   2   0   0  -2   0  -1  -1  -2   0  -1   1  -1  -3   1   1   2  -3  -2   0    5  14   5   5   0   2   0   5   0   4   2  12   0   0   7  11  17   0   0  12  0.13 0.06
    8 I    -1  -3  -3  -1  -2  -1  -1  -4  -3   3   1  -3   1  -2  -2  -1   0  -4  -2   4    3   0   0   4   0   3   3   0   0  25   6   0   3   0   1   3   3   0   0  46  0.38 0.14
    9 C    -3  -6  -5  -6  11  -5  -6  -5  -5  -4  -4  -5  -4  -5  -5  -3  -3  -5  -5  -3    0   0   0   0 100   0   0   0   0   0   0   0   0   0   0   0   0   0   0   0  3.07 0.47
   10 G    -2  -3   1  -2  -4   2  -2   6  -3  -5  -3  -2  -3  -4  -4  -2  -3   6  -3  -4    0   0   6   0   0  12   2  65   0   0   2   0   0   0   0   0   0  12   0   0  1.07 0.24
   11 Y    -4  -3  -4  -5  -4  -2  -4  -5   3  -3  -2  -4  -3   2  -5  -3  -1   8   7  -3    0   0   0   0   0   2   0   0   7   0   1   0   0   5   0   0   4  23  57   0  1.55 0.31
   12 I    -2  -1  -3  -3  -2  -2   1  -2  -3   4   0  -2   0  -2  -1  -2  -1  -3  -2   3    0   4   0   0   0   0  12   3   0  44   1   0   0   0   3   0   0   0   0  31  0.43 0.16
   13 Y    -3  -3  -4  -5  -4  -3  -4  -5   0  -3  -3  -3  -3   1  -4  -3  -3   0   9  -3    0   0   0   0   0   0   0   0   0   0   1   0   0   0   0   0   0   0  94   0  2.08 0.38
   14 N    -3  -3   1   7  -4  -2   1  -3  -2  -2  -4  -2  -4  -4  -3  -1   0  -5  -4  -4    0   0   5  77   0   0   3   0   0   3   1   0   0   0   0   0   7   0   0   0  1.21 0.25
   15 P    -2  -3  -3  -2  -4  -2   3   0  -3  -4  -4  -2  -4  -5   7  -2  -2  -4  -4  -4    0   0   0   0   0   0  22   7   0   0   1   0   0   0  67   0   0   0   0   0  1.57 0.26
   16 E     4  -2  -1   1   1  -1   2  -1  -2  -2  -2  -1  -2  -3  -2   1  -1  -3  -2  -1   53   1   3   6   2   1  17   1   0   1   3   1   0   0   1   6   1   0   0   3  0.37 0.13
   17 T    -1   0  -1   1  -2   1   2  -2  -1   0   0   2  -1  -2  -2  -1  -1  -3  -2   1    2   3   1   6   0   7  18   1   0   5  13  23   0   0   1   3   2   0   0  13  0.15 0.07
   18 G    -1  -3  -2  -2  -3  -3  -3   6   0  -4  -4  -2  -3  -4  -3  -1  -2  -3  -3  -2    1   1   1   1   0   1   1  83   3   1   1   1   0   0   1   1   1   0   0   4  1.21 0.22
   19 D    -1  -2   1   5  -4  -1   3  -1  -2  -3  -2  -1  -3  -3  -2  -1  -2   3  -3  -3    3   1   4  49   0   1  24   4   0   1   3   1   0   0   1   1   1   6   0   1  0.70 0.16
   20 P    -1  -2   0  -1  -3   0   1  -3  -2  -3  -2  -1  -3  -3   7  -1  -2  -3  -3  -3    3   1   4   3   0   4   8   1   0   1   5   3   0   1  62   1   1   0   1   1  1.24 0.19
   21 E    -1   1   1   3  -3   0   2  -2   1  -1  -1   0   0  -1  -2   0   0  -3  -2   0    1   7   7  26   0   2  12   1   5   1   3   7   5   3   1   4   3   0   0  12  0.19 0.07
   22 G    -1   0   2   1  -3   3   2   0   2  -3  -3   0  -2  -2  -2   0   1   4  -1  -2    3   5  12   6   0  19  14   6   5   1   1   1   0   1   1   2  12   8   0   1  0.29 0.09
   23 D    -1  -2   2   2  -3   3  -1   4  -2  -3  -2  -1  -2  -3   0   0  -2  -3  -3  -3    1   0  10  14   0  19   1  38   0   0   4   3   0   0   5   4   1   0   0   1  0.45 0.12
   24 I    -2  -3  -3  -1  -2  -3  -3  -4  -3   5   0  -3   0   2  -3  -3  -1  -3  -1   3    1   0   0   4   0   0   1   1   0  49   1   1   0  10   0   1   2   0   0  29  0.52 0.16
   25 P     2   0   0  -1  -2   1   1  -2   0  -2  -2   0  -2  -3   4   0  -1  -3  -2  -2   24   4   3   2   0   7  13   1   2   0   5   3   0   0  26   6   2   0   0   1  0.41 0.10
   26 A     1  -3  -3   0  -3  -2   0  -3  -3  -3  -3  -2  -3  -4   7  -2  -2  -4  -4  -2   14   0   0   4   0   0   6   1   0   0   1   1   0   0  67   1   1   0   0   2  1.46 0.23
   27 G    -1  -3   2  -2  -4  -2  -1   6  -3  -5  -4  -1  -4  -4  -3  -1  -2  -4  -4  -4    0   0  11   0   0   0   3  79   0   0   1   2   0   0   0   0   0   0   0   0  1.20 0.23
   28 T    -1  -2  -1  -2  -2  -2  -2  -2  -3  -2  -2  -2   1  -3  -2   0   6  -3  -2   0    1   1   1   1   0   1   1   1   0   1   1   1   4   1   1   1  79   0   0   4  0.91 0.23
   29 S     1   1  -1  -1   0  -1   0  -2  -2  -3  -2   1  -1  -3   5   1  -1  -4  -3  -2   12   7   3   1   2   0   7   2   0   0   2  12   1   0  38   9   2   0   0   0  0.62 0.13
   30 F    -4  -4  -4  -5  -4  -4  -4  -4  -3  -2  -2  -4  -2   7  -5  -4  -4   9   1  -3    0   0   0   0   0   0   0   0   0   0   1   0   0  65   0   0   0  29   0   0  1.75 0.31
   31 E     1  -1   2   2  -3   1   4  -1  -1  -3  -3   0  -3  -4  -2   1   0  -4  -3  -3   16   0   9  12   0   3  39   2   0   2   0   3   0   0   0  11   2   0   0   0  0.45 0.14
   32 S     1  -1   1   5  -4   1   2  -2  -2  -3  -2   0  -3  -4  -2   0  -2  -4  -3  -3   15   2   6  47   0   4  14   0   0   0   6   3   0   0   0   3   0   0   0   0  0.59 0.16
   33 L     0  -3  -4  -4  -2  -3  -4  -4  -4   3   4  -3   1  -1  -4  -3  -2  -3  -2   3    6   0   0   0   0   0   0   0   0  18  53   0   0   0   0   0   0   0   0  23  0.59 0.17
   34 P    -3  -4  -4  -3  -5  -3   0  -4  -4  -5  -5  -3  -4  -6   8  -1  -1  -6  -5  -4    0   0   0   0   0   0   6   0   0   0   0   0   0   0  88   3   3   0   0   0  2.28 0.35
   35 D     0  -2   0   5  -4  -1   4  -3  -2  -2  -3  -1  -3  -4  -3  -1  -2  -5  -4  -3   11   0   3  45   0   0  33   0   0   3   3   2   0   0   0   0   0   0   0   0  0.76 0.20
   36 S    -2  -2   3   5  -4  -1   1   0   3  -4  -4  -1  -3  -3  -2   0   0  -4   0  -3    0   0  13  48   0   0   5   6   8   0   1   0   0   0   0   6   7   0   4   0  0.62 0.16
   37 W    -4  -4  -5  -5  -4  -4  -4  -4  -4  -4  -3  -5  -3   4  -5  -4  -4  12   0  -4    0   0   0   0   0   0   0   0   0   0   1   0   0  16   0   0   0  78   0   0  2.92 0.40
   38 M     0   2  -2  -3   3  -1  -1  -3   1   0   1   1   0  -2  -3   0   0  -3  -2   2    5  17   0   0   8   0   2   0   4   2  16   9   2   0   0   6   2   0   0  27  0.15 0.09
   39 C    -3  -6  -5  -6  11  -5  -6  -5  -5  -4  -4  -5  -4  -5  -5  -3  -3  -5  -5  -3    0   0   0   0 100   0   0   0   0   0   0   0   0   0   0   0   0   0   0   0  3.07 0.47
   40 P    -3  -4  -4  -4  -5  -3  -3  -4  -4  -5  -5  -3  -5  -6   9  -3  -3  -6  -5  -5    0   0   0   0   0   0   0   0   0   0   0   0   0   0 100   0   0   0   0   0  2.80 0.41
   41 V    -2   0   1   2  -3   0   1  -2  -2   0   0  -1  -1  -2  -3  -1  -1  -4  -2   2    0   8   9  18   0   3  12   3   0   3  12   0   0   0   0   2   1   0   0  28  0.17 0.10
   42 C    -3  -6  -5  -6  11  -5  -6  -5  -5  -4  -4  -5  -4  -5  -5  -3  -3  -5  -5  -3    0   0   0   0 100   0   0   0   0   0   0   0   0   0   0   0   0   0   0   0  3.07 0.47
   43 G     0  -3   1   2  -4  -2  -2   6   0  -4  -5  -1  -4  -4  -3   0  -1  -4  -4  -4    6   0   5  12   0   0   0  63   3   0   0   3   0   0   0   3   3   0   0   0  0.85 0.19
   44 A     3  -3  -3  -3  -2  -2  -3   0   0   1   1  -2   0  -2  -3  -1  -1  -4  -2   3   41   0   0   0   0   0   0   6   3   3  13   0   2   0   0   0   0   0   0  33  0.36 0.15
   45 G    -1  -2  -1   2  -3  -2   0   4  -3  -4  -3   0  -3  -4   3   0  -1  -4  -4  -3    3   0   0  16   0   0   4  45   0   0   3   5   0   0  14   7   3   0   0   0  0.61 0.15
   46 K    -2   2  -2  -2  -5   1  -1  -3  -2  -4  -4   7  -3  -5  -3  -2  -2  -5  -4  -4    2   7   0   0   0   3   0   0   0   0   0  89   0   0   0   0   0   0   0   0  1.29 0.31
   47 E     0  -2   1   4  -3   0   3  -2  -2  -1  -2   0  -2  -3  -2   1   0  -4  -3  -1    5   0   8  30   0   0  26   0   0   3   3   4   0   0   0  12   4   0   0   5  0.41 0.13
   48 E     0  -1  -1   3  -3   3   2  -2   0  -2  -2   1  -1  -2  -2   0  -1  -3   0   1    8   0   0  20   0  19  13   0   1   0   1  11   2   1   0   6   0   0   3  15  0.25 0.11
   49 F    -4  -5  -5  -6  -4  -5  -5  -5  -3  -2  -1  -5  -2   9  -6  -4  -4  -1   3  -3    0   0   0   0   0   0   0   0   0   0   0   0   0  96   0   0   0   0   4   0  1.97 0.35
   50 T    -1   0  -1   0  -3   0   3  -3  -2   0  -1   0   2  -2  -2   0   1  -3  -2   2    0   4   2   5   0   0  34   0   0   3   0   5  11   2   0   7   9   0   0  21  0.25 0.12
   51 K    -1   1   0  -2  -3   0   2  -3  -2  -1  -1   2   2  -3   4  -1  -1  -4  -3   1    2   6   4   0   0   1  17   0   0   0   2  15  11   0  23   0   0   0   0  17  0.37 0.12
   52 I    -2  -3  -4  -4  -2  -3  -4  -4  -4   4   3  -3   2   1  -4  -3  -1  -3  -2   3    0   0   0   0   0   0   0   0   0  31  28   0   5   4   0   0   0   0   0  32  0.52 0.12

                      K         Lambda
Standard Ungapped    0.1393     0.3165
Standard Gapped      0.0489     0.2670
PSI Ungapped         0.1599     0.3177
PSI Gapped           0.0489     0.2670
