
Last position-specific scoring matrix computed, weighted observed percentages rounded down, information per position, and relative weight of gapless real matches to pseudocounts
           A  R  N  D  C  Q  E  G  H  I  L  K  M  F  P  S  T  W  Y  V   A   R   N   D   C   Q   E   G   H   I   L   K   M   F   P   S   T   W   Y   V
    1 S    2 -1  0 -1 -1  0  0  0 -1 -2 -2  0 -1 -2 -1  4  1 -3 -2 -1   18   0   0   0   0   0   0   0   0   0   0   0   0   0   0  82   0   0   0   0  0.41 0.01
    2 N   -2  0  6  1 -3  0  0  0  1 -3 -3  0 -2 -3 -2  1  0 -4 -2 -3    0   0 100   0   0   0   0   0   0   0   0   0   0   0   0   0   0   0   0   0  0.75 0.01
    3 K   -1  3  0  0 -3  1  2 -2 -1 -3 -2  4 -1 -3 -1  0 -1 -3 -2 -2    0  15   0   0   0   0  14   0   0   0   0  71   0   0   0   0   0   0   0   0  0.49 0.01
    4 K   -1  3  1 -1 -3  1  0  1 -1 -3 -3  3 -2 -3 -1  0 -1 -3 -2 -2    0  24  10   0   0   0   0  14   0   0   0  52   0   0   0   0   0   0   0   0  0.39 0.01
    5 N   -1 -1  3  4 -3  1  3 -1  0 -3 -3  0 -2 -3 -1  0 -1 -3 -2 -3    0   0  23  39   0   0  38   0   0   0   0   0   0   0   0   0   0   0   0   0  0.60 0.01
    6 Y   -1  0  2 -1 -2  0 -1 -2  1 -2 -2  1 -1  1 -2  0  1  0  5 -1    0   0  24   0   0   0   0   0   0   0   0  15   0   0   0   0  14   0  47   0  0.33 0.01
    7 Q   -1  3  0 -1 -3  5  1 -2  0 -3 -2  1 -1 -3 -1  0 -1 -2 -2 -2    0  21   0   0   0  79   0   0   0   0   0   0   0   0   0   0   0   0   0   0  0.61 0.01
    8 K   -1  3  0 -1 -3  1  1 -2 -1 -3 -2  4 -1 -3 -1  0 -1 -3 -2 -2    0  11   0   0   0   0   0   0   0   0   0  89   0   0   0   0   0   0   0   0  0.54 0.01
    9 E   -1  0  0  1 -3  3  5 -2  0 -3 -3  1 -2 -3 -1  0 -1 -3 -2 -2    0   0   0   0   0  14  86   0   0   0   0   0   0   0   0   0   0   0   0   0  0.70 0.01
   10 I   -1 -3 -3 -3 -1 -3 -3 -4 -3  4  1 -3  1  0 -3 -2 -1 -3 -1  2    0   0   0   0   0   0   0   0   0 100   0   0   0   0   0   0   0   0   0   0  0.43 0.01
   11 V    0 -2 -3 -3 -1 -2 -2 -3 -3  2  1 -2  1 -1 -2 -2  0 -3 -1  4    0   0   0   0   0   0   0   0   0   0  14   0   0   0   0   0   0   0   0  86  0.34 0.01
   12 D   -2 -1  1  5 -3  0  1 -1 -1 -3 -3  1 -3 -3 -1  0 -1 -4 -3 -3    0   0   0  86   0   0   0   0   0   0   0  14   0   0   0   0   0   0   0   0  0.80 0.01
   13 K   -1  2  0 -1 -3  1  0 -2 -1 -2 -1  4  1 -2 -1  0 -1 -3 -2 -2    0   0   0   0   0   0   0   0   0   0   0  85  15   0   0   0   0   0   0   0  0.40 0.01
   14 H   -2  0  0 -1 -3  0  0 -2  8 -3 -3 -1 -2 -1 -2 -1 -2 -2  2 -3    0   0   0   0   0   0   0   0 100   0   0   0   0   0   0   0   0   0   0   0  0.95 0.02
   15 N   -2 -1  6  1 -3  0  0  0  0 -3 -3  0 -2 -3 -2  1  0 -4 -2 -3    0   0 100   0   0   0   0   0   0   0   0   0   0   0   0   0   0   0   0   0  0.77 0.01
   16 A    3 -1  0  2 -1 -1  0  0 -1 -2 -2 -1 -1 -2 -1  2  0 -3 -2 -1   66   0   0  19   0   0   0   0   0   0   0   0   0   0   0  15   0   0   0   0  0.32 0.01
   17 L   -1 -2 -3 -4 -1 -2 -3 -4 -3  1  4 -2  2  0 -3 -2 -1 -2 -1  1    0   0   0   0   0   0   0   0   0   0 100   0   0   0   0   0   0   0   0   0  0.48 0.01
   18 R   -1  5 -1 -2 -3  1  0 -2  0 -3 -2  2 -1 -3 -2 -1 -1 -3 -2 -3    0 100   0   0   0   0   0   0   0   0   0   0   0   0   0   0   0   0   0   0  0.79 0.01
   19 R   -1  5 -1 -2 -3  1  0 -2  0 -3 -2  2 -1 -3 -2 -1 -1 -3 -2 -3    0 100   0   0   0   0   0   0   0   0   0   0   0   0   0   0   0   0   0   0  0.79 0.01
   20 S    1 -1  1  0 -1  0  0  0 -1 -2 -2  0 -2 -2 -1  4  1 -3 -2 -2    0   0   0   0   0   0   0   0   0   0   0   0   0   0   0 100   0   0   0   0  0.48 0.01
   21 V    0 -3 -3 -3 -1 -2 -2 -3 -3  2  1 -2  1 -1 -2 -2  0 -3 -1  4    0   0   0   0   0   0   0   0   0   0   0   0   0   0   0   0   0   0   0 100  0.38 0.01
   22 K   -1  3  0 -1 -3  1  1 -2 -1 -3 -2  4 -1 -3 -1  0 -1 -3 -2 -2    0  24   0   0   0   0   0   0   0   0   0  76   0   0   0   0   0   0   0   0  0.54 0.01

                      K         Lambda
Standard Ungapped    0.1212     0.3066
Standard Gapped      0.0376     0.2670
PSI Ungapped         0.1228     0.3191
PSI Gapped           0.0376     0.2670
