
Last position-specific scoring matrix computed, weighted observed percentages rounded down, information per position, and relative weight of gapless real matches to pseudocounts
           A  R  N  D  C  Q  E  G  H  I  L  K  M  F  P  S  T  W  Y  V   A   R   N   D   C   Q   E   G   H   I   L   K   M   F   P   S   T   W   Y   V
    1 M   -2 -2 -3 -4 -2 -1 -3 -4 -2  1  2 -2  8 -1 -3 -2 -1 -2 -2  0    0   0   0   0   0   0   0   0   0   0   0   0 100   0   0   0   0   0   0   0  0.86 0.10
    2 I   -1 -3 -4 -4 -1 -3 -3 -4 -4  4  1 -3  1 -1 -3 -2 -1 -3 -2  4    0   0   0   0   0   0   0   0   0  45   0   0   0   0   0   0   0   0   0  55  0.48 0.05
    3 E   -1 -1 -1  1 -4  2  6 -3 -1 -4 -4  0 -3 -4 -2 -1 -1 -4 -3 -3    0   0   0   0   0   0 100   0   0   0   0   0   0   0   0   0   0   0   0   0  0.98 0.08
    4 P    1 -2 -2 -2 -2 -2 -2 -2 -3 -1 -2 -1 -2 -3  7  0  0 -4 -3 -1   17   0   0   0   0   0   0   0   0   3   0   0   0   0  65   2   8   0   0   6  1.19 0.05
    5 L   -2 -3 -4 -4 -2 -3 -3 -4 -3  2  4 -3  2  1 -3 -3 -2 -2 -1  1    0   0   0   0   0   0   0   0   0   9  84   0   0   7   0   0   0   0   0   0  0.52 0.05
    6 L   -2 -3 -4 -4 -2 -3 -3 -4 -3  1  4 -3  2  0  0 -3 -2 -2 -2  1    0   0   0   0   0   0   0   0   0   0  90   0   0   0   5   0   0   0   0   5  0.52 0.05
    7 C    0 -2 -1  0  5 -1 -1 -2 -2 -1  1 -1 -1  0 -2  3  0 -3 -1 -1    2   0   0   4  19   0   0   0   0   0  18   0   0   6   0  51   0   0   0   0  0.26 0.04
    8 G    0 -3 -1 -2 -3 -2 -3  6 -3 -5 -4 -2 -3 -4 -3 -1 -2 -3 -4 -4    0   0   0   0   0   0   0 100   0   0   0   0   0   0   0   0   0   0   0   0  1.25 0.07
    9 I   -2 -3 -4 -4 -2 -3 -4 -4 -4  5  2 -3  2  0 -3 -3 -1 -3 -2  2    0   0   0   0   0   0   0   0   0  85   7   0   5   0   0   0   0   0   0   2  0.53 0.06
   10 V   -1 -3 -4 -4 -1 -3 -3 -4 -4  3  1 -3  0 -1 -3 -2  0 -3 -2  5    0   0   0   0   0   0   0   0   0   7   0   0   0   0   0   0   0   0   0  93  0.54 0.06
   11 L   -2 -3 -4 -4 -2 -3 -3 -4 -3  1  5 -3  2  0 -1 -3 -2 -2 -2  0    0   0   0   0   0   0   0   0   0   0  94   0   3   0   3   0   0   0   0   0  0.56 0.05
   12 G    0 -3 -1 -2 -3 -2 -3  6 -3 -5 -4 -2 -3 -4 -3 -1 -2 -3 -4 -4    0   0   0   0   0   0   0 100   0   0   0   0   0   0   0   0   0   0   0   0  1.25 0.07
   13 L   -2 -3 -4 -4 -2 -2 -3 -4 -3  1  4 -3  3  1 -3 -2 -1 -2 -1  0    0   0   0   0   0   0   0   0   0   0  81   0  11   5   0   3   0   0   0   0  0.49 0.05
   14 I   -1 -3 -4 -4 -1 -3 -3 -4 -4  5  1 -3  1 -1 -3 -3 -1 -3 -2  4    0   0   0   0   0   0   0   0   0  63   0   0   3   0   0   0   0   0   0  34  0.48 0.05
   15 P   -1 -3 -3 -2 -3 -2 -2 -3 -3 -2 -2 -2 -2 -1  8 -1 -1 -4 -3 -1    0   0   0   0   0   0   0   0   0   0   5   0   0   4  80   2   4   0   0   5  1.57 0.07
   16 V    0 -3 -4 -4 -1 -3 -3 -4 -4  4  1 -3  1 -1 -3 -2 -1 -3 -2  4    4   0   0   0   0   0   0   0   0  49   0   0   0   0   0   0   0   0   0  46  0.43 0.04
   17 T    0 -2  0 -2 -1 -1 -1 -2 -2 -1 -2 -1 -1 -3 -2  1  6 -3 -2 -1    0   0   0   0   0   0   0   0   0   0   0   0   0   0   0   4  96   0   0   0  0.70 0.08
   18 L   -1 -3 -3 -4 -2 -2 -3 -4 -3  3  4 -3  2  0 -3 -1 -1 -2 -2  1    4   0   0   0   0   0   0   0   0  21  70   0   0   0   0   5   0   0   0   0  0.39 0.04
   19 A    3 -2 -2 -2  1 -1 -2  0 -2  0  1 -1  0 -1 -2  1  0 -3 -2  0   55   0   0   0   3   0   0   4   0   3  17   0   2   3   0   4   5   0   0   4  0.20 0.03
   20 G    0 -3 -1 -2 -3 -2 -3  6 -3 -5 -4 -2 -3 -4 -3 -1 -2 -3 -4 -4    0   0   0   0   0   0   0 100   0   0   0   0   0   0   0   0   0   0   0   0  1.25 0.07
   21 L   -2 -3 -3 -4 -2 -2 -3 -4 -3  1  5 -3  2  0 -3 -1 -1 -2 -2  0    0   0   0   0   0   0   0   0   0   0  91   0   0   0   0   9   0   0   0   0  0.49 0.05
   22 F   -2 -3 -3 -4 -3 -4 -4 -4 -2  0  1 -4  0  7 -4 -2 -2  0  2 -1    0   0   0   0   0   0   0   0   0   0  14   0   0  83   0   3   0   0   0   0  0.80 0.06
   23 F   -1 -3 -3 -4 -1 -3 -3 -4 -3  2  0 -3  1  1 -3 -2  0 -2  1  4    0   0   0   0   0   0   0   0   0   0   0   0   4   7   0   0   3   0   7  80  0.38 0.05
   24 A    3 -2 -1 -1 -1 -1 -1 -1 -2 -1 -2 -1 -1 -3 -1  1  3 -3 -2  0   52   0   0   2   0   0   0   0   0   3   0   0   0   0   0   5  38   0   0   0  0.35 0.04
   25 A    5 -2 -2 -2 -1 -1 -1  0 -2 -2 -2 -1 -1 -3 -1  1  0 -3 -2 -1  100   0   0   0   0   0   0   0   0   0   0   0   0   0   0   0   0   0   0   0  0.61 0.07
   26 Y   -3 -3 -3 -4 -3 -2 -3 -4  1 -2 -2 -3 -2  2 -4 -3 -2  7  8 -2    0   0   0   0   0   0   0   0   0   0   0   0   0   0   0   0   0  20  80   0  1.27 0.08
   27 Q   -2  0  1 -2 -2  1 -1 -3 -2  0  3 -1  1  0 -1 -1 -1 -2 -1  0    0   4  13   0   0  11   0   0   0   0  62   2   0   3   3   2   0   0   0   0  0.20 0.03
   28 Q   -1  1 -1 -1 -4  7  1 -3  0 -4 -3  1 -1 -4 -2 -1 -1 -3 -2 -3    0   0   0   0   0 100   0   0   0   0   0   0   0   0   0   0   0   0   0   0  0.99 0.09
   29 Y   -3 -2 -3 -4 -3 -2 -3 -4  1 -2 -2 -3 -2  3 -4 -2 -2  2  8 -2    0   0   0   0   0   0   0   0   0   0   0   0   0   0   0   0   0   0 100   0  1.29 0.09
   30 K   -2  5 -1 -2 -4  2  0 -3 -1 -3 -2  3  0 -3 -2 -1 -1 -3 -2 -3    0  58   0   0   0  10   0   0   0   0   2  27   3   0   0   0   0   0   0   0  0.62 0.05
   31 R   -2  7 -1 -2 -4  1  0 -3 -1 -4 -3  2 -2 -4 -3 -1 -2 -3 -2 -3    0  95   0   0   0   5   0   0   0   0   0   0   0   0   0   0   0   0   0   0  0.98 0.07
   32 G    0 -3 -1 -1 -3 -2 -1  6 -2 -4 -4 -2 -3 -4  1  1 -1 -3 -3 -3    0   0   0   2   0   0   2  79   0   0   0   0   0   0   7  10   0   0   0   0  0.88 0.05
   33 S   -1 -1  4  4 -3  0  1  0 -1 -4 -4  0 -3 -4 -2  1  0 -4 -3 -3    0   0  40  37   0   0   2   6   0   0   0   2   0   0   0  11   3   0   0   0  0.56 0.04
   34 Q    0  1  0  0 -3  5  2 -1  0 -3 -3  1 -1 -4 -2  0 -1 -3 -2 -2    7   6   4   2   0  54  11   2   0   0   0   6   0   0   0   5   0   0   0   3  0.45 0.05
   35 L   -2 -3 -4 -4 -2 -3 -3 -4 -3  2  4 -3  3  2 -3 -3 -2 -2  0  1    0   0   0   0   0   0   0   0   0   5  71   0   8  12   0   0   0   0   0   4  0.45 0.04
   36 E   -1 -1  3  4 -3  0  2  3 -1 -4 -4  0 -3 -4 -2  0 -1 -4 -3 -3    0   0  22  33   0   0  15  27   0   0   0   3   0   0   0   0   0   0   0   0  0.50 0.02
   37 L   -2 -3 -4 -4 -2 -3 -3 -4 -3  3  4 -3  2  1 -3 -3 -1 -2 -1  2    0   0   0   0   0   0   0   0   0  24  69   0   0   3   0   0   0   0   0   4  0.41 0.02

                      K         Lambda
Standard Ungapped    0.1493     0.3303
Standard Gapped      0.0410     0.2670
PSI Ungapped         0.1493     0.3303
PSI Gapped           0.0410     0.2670
