
Last position-specific scoring matrix computed, weighted observed percentages rounded down, information per position, and relative weight of gapless real matches to pseudocounts
            A   R   N   D   C   Q   E   G   H   I   L   K   M   F   P   S   T   W   Y   V   A   R   N   D   C   Q   E   G   H   I   L   K   M   F   P   S   T   W   Y   V
    1 M    -3  -3  -4  -5  -3  -2  -4  -5  -3   0   0  -3  10  -2  -4  -3  -2  -3  -3  -1    0   0   0   0   0   0   0   0   0   0   0   0 100   0   0   0   0   0   0   0  1.84 0.34
    2 S     0  -2  -1  -2  -2  -2  -2  -2  -2  -4  -4  -2  -3   1  -2   6   0  -4  -2  -3    0   0   0   0   0   0   0   0   0   0   0   0   0   8   0  92   0   0   0   0  0.97 0.24
    3 D    -3  -3   0   8  -5  -2   0  -3  -3  -5  -5  -2  -5  -5  -3  -2  -3  -6  -5  -5    0   0   0 100   0   0   0   0   0   0   0   0   0   0   0   0   0   0   0   0  1.75 0.26
    4 I    -2  -4  -4  -4  -2  -4  -4  -5  -5   7   0  -4   0  -1  -4  -3   0  -4  -3   1    0   0   0   0   0   0   0   0   0  92   0   0   0   0   0   0   8   0   0   0  1.03 0.22
    5 N    -3  -2   8   0  -4  -1  -2  -2  -1  -5  -5  -2  -4  -5  -4  -1  -2  -5  -4  -5    0   0 100   0   0   0   0   0   0   0   0   0   0   0   0   0   0   0   0   0  1.69 0.28
    6 A     5  -3  -2  -3  -2  -2  -2   0  -3  -2  -2  -2  -2  -3  -2   0   2  -4  -3   0   74   0   0   0   0   0   0   5   0   0   0   0   0   0   0   0  15   0   0   6  0.63 0.17
    7 T     1  -2  -1  -2  -2  -2  -2  -3  -3   0  -2  -2  -2  -3  -2   1   6  -4  -3  -1   14   0   0   0   0   0   0   0   0   6   0   0   0   0   0   2  78   0   0   0  0.82 0.20
    8 R    -3   7  -2  -3   1   0  -2  -4  -2  -4  -4   1  -3  -4  -4  -2  -3  -4  -3  -4    0  96   0   0   4   0   0   0   0   0   0   0   0   0   0   0   0   0   0   0  1.49 0.25
    9 L    -1  -3  -4  -5  -2  -3  -4  -4  -4   1   5  -3   1  -1  -4  -3  -2  -3  -2   0    6   0   0   0   0   0   0   0   0   0  91   0   0   0   0   0   0   0   0   3  0.83 0.18
   10 P    -3  -4  -4  -4  -5  -3  -3  -4  -4  -5  -5  -3  -5  -6   9  -3  -3  -6  -5  -4    0   0   0   0   0   0   0   0   0   0   0   0   0   0 100   0   0   0   0   0  2.79 0.43
   11 L     1  -3  -2  -3   1  -2  -3   0   2   3   1  -2   0   1  -3  -1  -1  -2   0   1   13   0   0   0   3   0   0  10   7  32  10   0   0   7   0   3   0   0   4   9  0.17 0.10
   12 F    -2  -4  -4  -5  -3  -3  -4  -4  -3   2   0  -4   1   4   0  -3  -3   9   1   0    3   0   0   0   0   0   0   0   0  16   8   0   3  19   5   0   0  35   3   7  1.02 0.22
   13 F    -1  -3  -2  -3  -2   0  -1   2  -2   1   2  -2   0   2  -3  -1  -2   4   0   1    0   0   0   0   0   5   3  22   0  11  23   0   2  10   0   3   0   7   3  11  0.20 0.09
   14 P     1  -3  -3  -3  -2  -2  -2   0  -2   2   1  -2   0   3   3  -1  -1  -2  -1   0   15   1   0   1   0   0   1   7   0  17  15   1   0  17  19   1   1   0   0   5  0.27 0.09
   15 P     0  -2  -2  -2  -2  -1  -1   1  -2   1   0  -1   1  -2   4   0  -1  -2  -2  -1   10   1   1   1   1   1   2  16   1  11  13   1   4   1  27   4   2   0   1   2  0.33 0.07
   16 D     0  -1  -1   0  -1  -1   0   1  -1   0   0  -1   0  -1   0   1   0  -1   0   1    8   2   2   7   1   2   5  13   1  10   7   3   1   2   4  12   3   1   6  11  0.03 0.01
   17 F    -1   0  -2  -2  -1  -1  -2  -2  -1   1   2  -1   0   3   0  -1  -1  -1   0   1    3   7   2   2   1   1   2   3   1   7  23   2   1  22   5   2   2   0   1  13  0.12 0.05
   18 R    -1   0  -1   0   4   0  -1   0  -1   0  -1   0   1   0   0  -1   0  -1   1  -1    2   5   1   7  16   4   4   8   1   8   4   4   6   4   5   2   8   0   9   2  0.09 0.05
   19 P    -1  -1   1   0   5  -1  -1  -1  -1   0  -1  -1   0  -1   3   0  -1  -2   0  -1    3   2  11   6  16   1   2   2   1  11   3   2   4   1  18   8   2   0   4   2  0.24 0.06
   20 P    -3  -4  -4  -4  -5  -3  -3  -4  -4  -5  -5  -3  -5  -6   9  -3  -3  -6  -5  -4    0   0   0   0   0   0   0   0   0   0   0   0   0   0 100   0   0   0   0   0  2.79 0.43
   21 C    -2  -5  -4  -5  10  -4  -5  -4  -4  -3  -3  -4  -3   0  -4  -1  -3   4   0  -3    0   0   0   0  80   0   0   0   0   0   0   0   0   3   0   3   0   6   4   0  2.10 0.37
   22 V     0  -3  -4  -4  -2  -3  -3  -4  -4   3   0  -3  -1  -2  -3  -2   1  -4  -2   5    5   0   0   0   0   0   0   0   0  12   0   0   0   0   0   0   7   0   0  72  0.72 0.22
   23 G     0  -3   1  -2  -3  -2  -3   6  -3  -5  -5  -2  -4  -4  -3   2  -2  -4  -4  -4    6   0   6   0   0   0   0  69   0   0   0   0   0   0   0  20   0   0   0   0  1.06 0.24
   24 D    -3  -3   0   7  -5  -2   2  -3  -3  -5  -5  -2  -5  -5  -3  -2  -3  -6  -5  -5    0   0   0  92   0   0   8   0   0   0   0   0   0   0   0   0   0   0   0   0  1.73 0.35
   25 A     0  -3   1   6  -4  -1   1  -1   2  -4  -4  -2  -4  -4  -3  -1  -2  -5  -3  -2    9   0   3  69   0   0   3   4   6   0   0   0   0   0   0   0   0   0   0   4  0.96 0.23
   26 D     0  -3  -1   1   1  -3  -3  -4  -4   4   0  -3  -1  -2  -3  -2   0  -4  -3   4    7   0   2  12   4   0   0   0   0  32   0   0   0   0   0   0   4   0   0  39  0.42 0.17
   27 N    -1  -2   4   3  -4   1   3  -2  -1  -2  -3  -1  -3  -4  -3   0   0  -4  -3  -2    5   0  34  21   0   7  19   0   0   4   0   0   0   0   0   2   7   0   0   2  0.52 0.16
   28 F     1   0  -1  -2  -2   0  -2  -2   0   0   0  -1   3   1   2   1   0  -2  -1   0   15   4   2   0   0   6   0   0   2   2   9   0  17  10  10  13   3   0   0   6  0.14 0.09
   29 T    -1  -3  -2  -3  -2  -3  -3  -3  -3   1   2  -3   0  -2  -3  -1   4  -3  -2   3    3   0   0   0   0   0   0   0   0   4  24   0   0   0   0   0  44   0   0  25  0.49 0.19
   30 L    -3  -4  -5  -5  -3  -4  -4  -5  -4   0   6  -4   1  -1  -4  -4  -1  -3  -2   0    0   0   0   0   0   0   0   0   0   0  97   0   0   0   0   0   3   0   0   0  1.05 0.25
   31 T     1   0   1  -2  -2  -2  -2  -3  -3  -2  -3  -2  -2  -4  -2   1   6  -4  -3  -2    9   6   6   0   0   0   0   0   0   0   0   0   0   0   0   4  75   0   0   0  0.84 0.24
   32 R    -2   7  -2  -3   0   0  -1  -4   2  -4  -4   1  -3  -4  -3   0  -2  -4  -3  -4    0  81   0   0   2   0   0   0   5   0   0   4   0   0   0   8   0   0   0   0  1.21 0.26
   33 G    -1  -4  -2  -3  -4  -3  -4   7  -4  -5  -5  -3  -4  -5  -4  -2  -3  -4  -5  -5    0   0   0   0   0   0   0 100   0   0   0   0   0   0   0   0   0   0   0   0  1.78 0.29
   34 E    -2  -1   1   0  -5   2   6  -3  -1  -5  -4   0  -3  -5  -3  -1  -2  -4  -3  -4    0   0   7   0   0   5  88   0   0   0   0   0   0   0   0   0   0   0   0   0  1.24 0.26
   35 N     1  -1   2   2  -2   0   0   2  -1  -3  -3   2  -2  -3  -2   2   0  -4  -3  -3   13   0  14  15   0   0   0  21   0   0   0  18   0   0   0  19   0   0   0   0  0.32 0.06
   36 L    -2  -3  -4  -4  -2  -3  -3  -4  -3   2   4  -3   2   0  -3  -3  -2  -2  -2   1    0   0   0   0   0   0   0   0   0  15  85   0   0   0   0   0   0   0   0   0  0.56 0.06
   37 C    -1  -4  -3  -4  10  -4  -4  -3  -4  -2  -2  -4  -2  -3  -4  -1  -1  -3  -3  -1    0   0   0   0 100   0   0   0   0   0   0   0   0   0   0   0   0   0   0   0  1.74 0.10

                      K         Lambda
Standard Ungapped    0.1464     0.3265
Standard Gapped      0.0481     0.2670
PSI Ungapped         0.1572     0.3179
PSI Gapped           0.0481     0.2670
