
Last position-specific scoring matrix computed, weighted observed percentages rounded down, information per position, and relative weight of gapless real matches to pseudocounts
            A   R   N   D   C   Q   E   G   H   I   L   K   M   F   P   S   T   W   Y   V   A   R   N   D   C   Q   E   G   H   I   L   K   M   F   P   S   T   W   Y   V
    1 G     0  -3  -1  -2  -3  -2  -2   6  -2  -4  -4  -2  -3  -4  -2   0  -2  -3  -3  -4    0   0   0   0   0   0   0 100   0   0   0   0   0   0   0   0   0   0   0   0  1.07 0.01
    2 V    -1  -3  -3  -2  -2  -2  -2  -3  -3   1  -1  -2  -1  -2   6  -1  -1  -4  -2   2    0   0   0   0   0   0   0   0   0   0   0   0   0   0  50   0   0   0   0  50  0.80 0.01
    3 N    -2  -1   6   1  -3   0   0  -1   1  -4  -4   0  -2  -3  -2   1   0  -4  -2  -3    0   0 100   0   0   0   0   0   0   0   0   0   0   0   0   0   0   0   0   0  0.76 0.01
    4 M    -1  -2  -3  -3  -1  -1  -3  -3  -3   2   2  -2   5   0  -3  -2   0  -2  -1   3    0   0   0   0   0   0   0   0   0   0   0   0  50   0   0   0   0   0   0  50  0.29 0.01
    5 Y    -2  -2  -2  -3  -3  -2  -2  -3   2  -2  -1  -2  -1   3  -3  -2  -2   2   8  -1    0   0   0   0   0   0   0   0   0   0   0   0   0   0   0   0   0   0 100   0  0.92 0.02
    6 I    -2  -3  -4  -4  -1  -3  -4  -4  -4   5   2  -3   1   0  -3  -3  -1  -3  -2   3    0   0   0   0   0   0   0   0   0 100   0   0   0   0   0   0   0   0   0   0  0.42 0.01
    7 R    -1   3   0  -1  -3   4   1  -2   0  -3  -2   3  -1  -3  -2   0  -1  -3  -2  -3    0  25   0   0   0  50   0   0   0   0   0  25   0   0   0   0   0   0   0   0  0.51 0.01
    8 Q    -1   4   0  -1  -3   3   1  -2   0  -3  -3   4  -1  -3  -2   0  -1  -3  -2  -3    0  25   0   0   0  25   0   0   0   0   0  50   0   0   0   0   0   0   0   0  0.49 0.01
    9 I    -2  -3  -4  -4  -1  -3  -4  -4  -4   5   2  -3   1   0  -3  -3  -1  -3  -2   3    0   0   0   0   0   0   0   0   0 100   0   0   0   0   0   0   0   0   0   0  0.42 0.01
   10 Y    -2  -3  -3  -4  -3  -3  -3  -4   0  -1   0  -3   0   6  -4  -2  -2   1   6  -1    0   0   0   0   0   0   0   0   0   0   0   0   0  63   0   0   0   0  37   0  0.77 0.03
   11 D     2   0   0   3  -3   3   2  -1  -1  -3  -3   2  -2  -3  -1   0  -1  -3  -2  -2   26   0   0  24   0  22  13   0   0   0   0  16   0   0   0   0   0   0   0   0  0.35 0.03
   12 T     0   3   0  -1  -2   0   0  -2  -1  -3  -3   3  -2  -3  -2   2   2  -3  -2  -2    0  23   0   0   0   0   0   0   0   0   0  34   0   0   0  23  21   0   0   0  0.38 0.05
   13 C    -1  -5  -4  -5  10  -4  -5  -4  -4  -2  -2  -4  -2  -3  -4  -2  -2  -3  -3  -2    0   0   0   0 100   0   0   0   0   0   0   0   0   0   0   0   0   0   0   0  1.93 0.14
   14 W    -4  -4  -5  -6  -3  -3  -4  -4  -4  -4  -3  -4  -2   0  -5  -4  -4  12   1  -4    0   0   0   0   0   0   0   0   0   0   0   0   0   0   0   0   0 100   0   0  3.06 0.16
   15 K    -2   3   5   0  -4   0   0   1   0  -4  -4   2  -2  -4  -2   0  -1  -4  -3  -3    0  23  44   0   0   0   0  13   0   0   0  21   0   0   0   0   0   0   0   0  0.49 0.05
   16 L    -2  -2  -3  -3  -2  -2  -2   1  -3   0   3   0   1   2  -3  -2  -2  -2  -1   0    0   0   0   0   0   0   0  13   0   0  63  13   0  11   0   0   0   0   0   0  0.26 0.05
   17 K    -1   2   0  -1  -3   4   1  -2   3  -3  -3   2  -1  -2  -2   1  -1  -2   2  -3    0  11   0   0   0  36   0   0  10   0   0  21   0   0   0  13   0   0  10   0  0.39 0.05
   18 G     0  -3  -1  -2  -3  -3  -3   7  -3  -5  -5  -2  -3  -4  -3  -1  -2  -3  -4  -4    0   0   0   0   0   0   0 100   0   0   0   0   0   0   0   0   0   0   0   0  1.31 0.09
   19 H     1   2  -1  -2  -2   0  -1  -2   3   0  -2   2  -1  -2  -2   1   2  -3  -1  -1   13  13   0   0   0   0   0   0  11  10   0  20   0   0   0  11  23   0   0   0  0.18 0.03
   20 C    -1  -5  -4  -5  10  -4  -5  -4  -4  -2  -2  -4  -2  -3  -4  -2  -2  -3  -3  -2    0   0   0   0 100   0   0   0   0   0   0   0   0   0   0   0   0   0   0   0  1.93 0.14
   21 R    -2   7  -1  -2  -4   0  -1  -3  -1  -4  -3   2  -2  -4  -3  -1  -2  -4  -2  -3    0 100   0   0   0   0   0   0   0   0   0   0   0   0   0   0   0   0   0   0  1.12 0.10
   22 N    -1  -1   3   2  -3  -1  -1  -2   4  -3  -3  -1  -2  -3   4   0   2  -4  -1  -2    0   0  21  11   0   0   0   0  20   0   0   0   0   0  23   0  26   0   0   0  0.51 0.05
   23 V    -1   3  -1  -1  -3   0   1  -3  -1  -1  -1   2  -1   1  -2   0   2  -2  -1   0    0  20   0   0   0   0  11   0   0   0   0  23   0  13   0   0  23   0   0  11  0.19 0.04
   24 C    -1  -5  -4  -5  10  -4  -5  -4  -4  -2  -2  -4  -2  -3  -4  -2  -2  -3  -3  -2    0   0   0   0 100   0   0   0   0   0   0   0   0   0   0   0   0   0   0   0  1.93 0.14
   25 G     0  -1  -1  -2  -2   1  -1   1  -2  -1   2   1   0  -2  -2   1   1  -3  -2  -1    0   0   0   0   0  10   0  11   0   0  33  13   0   0   0  20  13   0   0   0  0.12 0.03
   26 K    -1   4  -1  -1  -4   1   0  -2  -1  -4  -3   5  -2  -4  -2  -1  -1  -4  -2  -3    0  23   0   0   0   0   0   0   0   0   0  77   0   0   0   0   0   0   0   0  0.73 0.08
   27 K    -1   1   4   0  -3   2   2  -1   0  -3  -3   3  -2  -4  -2   1   0  -4  -2  -3    0   0  33   0   0  13  10   0   0   0   0  31   0   0   0  13   0   0   0   0  0.43 0.05
   28 E    -2  -1  -1   1  -5   1   6  -3  -1  -4  -4   0  -3  -4  -2  -1  -2  -4  -3  -3    0   0   0   0   0   0 100   0   0   0   0   0   0   0   0   0   0   0   0   0  1.04 0.10
   29 I    -1   1  -1  -2  -2   1  -1  -2  -2   2  -1   1   0  -2  -2   1   2  -3  -2   1    0  10   0   0   0  10   0   0   0  21   0  11   0   0   0  10  26   0   0  13  0.15 0.03
   30 F    -2  -3  -3  -4  -2  -3  -3  -4  -1   2   0  -3   0   4  -3  -2  -1   0   5   2    0   0   0   0   0   0   0   0   0  13   0   0   0  24   0   0   0   0  33  31  0.47 0.05
   31 H    -2   1  -1  -3  -3  -1  -2  -3   5  -2  -1  -1   2   1  -3   0  -1   0   6  -2    0  10   0   0   0   0   0   0  21   0   0   0  13   0   0  13   0   0  43   0  0.48 0.07
   32 I    -1  -3  -3  -3  -2  -2  -3  -4   3   4   0  -3   0   0  -3  -2  -1  -2   2   3    0   0   0   0   0   0   0   0  13  43   0   0   0   0   0   0   0   0  13  31  0.33 0.05
   33 F    -2  -3  -4  -4  -3  -3  -3  -4  -1   0   3  -3   0   5  -4  -3  -2   0   4  -1    0   0   0   0   0   0   0   0   0   0  36   0   0  44   0   0   0   0  20   0  0.59 0.06
   34 C    -1  -4  -3  -4  10  -4  -4   1  -4  -2  -2  -4  -2  -3  -4  -2  -2  -3  -3  -2    0   0   0   0  87   0   0  13   0   0   0   0   0   0   0   0   0   0   0   0  1.55 0.12
   35 G    -1  -1  -1   1  -2  -1  -1   2  -2   0  -1   1   1  -2   3  -1   1  -3  -2   1    0   0   0  10   0   0   0  21   0   0   0  13  11   0  13   0  10   0   0  22  0.17 0.03
   36 T    -1  -2   3   2  -2  -1  -1  -2  -2   1  -1  -1  -1  -2  -2   1   3  -3  -2   0    0   0  20  13   0   0   0   0   0  23   0   0   0   0   0  11  33   0   0   0  0.24 0.04
   37 Q     1  -1   1  -1  -2   2   1   2  -1   0   0  -1  -1  -2  -2   0  -1  -3  -2  -1   13   0  10   0   0  21  13  21   0  10  13   0   0   0   0   0   0   0   0   0  0.15 0.03
   38 F     1   0  -1  -2  -2   0  -1  -2   3  -2  -2   3  -1   2  -2   2   0  -1   3  -2   13   0   0   0   0   0   0   0  10   0   0  31   0  11   0  23   0   0  13   0  0.22 0.04
   39 L    -2  -1  -3  -3  -2  -2  -2  -4  -3   2   4   0   4   0  -3  -2  -1  -2  -2   1    0   0   0   0   0   0   0   0   0  13  55  13  20   0   0   0   0   0   0   0  0.35 0.05
   40 C    -1  -5  -4  -5  10  -4  -5  -4  -4  -2  -2  -4  -2  -3  -4  -2  -2  -3  -3  -2    0   0   0   0 100   0   0   0   0   0   0   0   0   0   0   0   0   0   0   0  1.93 0.14
   41 C    -1  -5  -4  -5  10  -4  -5  -4  -4  -2  -2  -4  -2  -3  -4  -2  -2  -3  -3  -2    0   0   0   0 100   0   0   0   0   0   0   0   0   0   0   0   0   0   0   0  1.93 0.14
   42 I    -1  -3  -4  -4  -1  -3  -3  -4  -4   3   3  -3   1  -1  -3  -2  -1  -3  -2   4    0   0   0   0   0   0   0   0   0  11  34   0   0   0   0   0   0   0   0  55  0.42 0.05
   43 E    -1   0   3   2  -3   1   2  -2  -1  -3  -3   3  -2  -4  -2   1  -1  -4  -3  -3    0   0  23  13   0   0  21   0   0   0   0  31   0   0   0  13   0   0   0   0  0.41 0.04
   44 R    -1   1  -2  -2  -4  -1  -1  -3  -1  -3  -3   1  -2  -1   7  -1  -2  -2   3  -3    0  12   0   0   0   0   0   0   0   0   0  11   0   0  61   0   0   0  16   0  1.14 0.06
   45 K    -1   2   0  -1  -3   1   0  -2  -1  -3  -3   5  -2  -4  -2   1  -1  -4  -2  -3    0   0   0   0   0   0   0   0   0   0   0  84   0   0   0  16   0   0   0   0  0.61 0.07
   46 E    -2  -2  -2   1  -3  -1   2  -3   0  -2  -2  -1  -2   3  -3  -2  -2   1   6  -2    0   0   0  12   0   0  23   0   0   0   0   0   0  16   0   0   0   0  49   0  0.55 0.06
   47 M    -1   0  -2  -2  -2   3   0  -3  -1   0   2   1   3  -1  -2  -1  -1  -2  -2   1    0   0   0   0   0  25   0   0   0   0  23  16  23   0   0   0   0   0   0  13  0.21 0.04
   48 P    -1  -3  -3  -2  -4  -2  -2  -3  -3  -4  -4  -2  -3  -5   8  -1  -2  -5  -4  -3    0   0   0   0   0   0   0   0   0   0   0   0   0   0 100   0   0   0   0   0  2.28 0.10
   49 V    -1  -2  -2  -3  -2  -2  -2  -4   4   3   1  -2   0  -1  -3  -2  -1  -3  -1   3    0   0   0   0   0   0   0   0  19  31   0   0   0   0   0   0   0   0   0  49  0.29 0.03
   50 L    -2  -3  -4  -4  -2  -3  -3  -4  -3   2   5  -3   2   0  -3  -3  -1  -2  -1   1    0   0   0   0   0   0   0   0   0   0 100   0   0   0   0   0   0   0   0   0  0.52 0.02
   51 F    -1  -2  -1  -2  -2  -2  -2  -3  -2  -1   0  -2   0   5  -2   0   3   0   2  -1    0   0   0   0   0   0   0   0   0   0   0   0   0  50   0   0  50   0   0   0  0.34 0.01
   52 V     0  -3  -2  -2  -2  -2  -3   4  -3   1  -1  -2  -1  -2  -3  -1  -1  -3  -2   2    0   0   0   0   0   0   0  50   0   0   0   0   0   0   0   0   0   0   0  50  0.35 0.01
   53 K    -1   2   0  -1  -3   1   1  -2  -1  -3  -3   5  -2  -3  -1   0  -1  -3  -2  -3    0   0   0   0   0   0   0   0   0   0   0 100   0   0   0   0   0   0   0   0  0.55 0.01

                      K         Lambda
Standard Ungapped    0.1485     0.3353
Standard Gapped      0.0450     0.2670
PSI Ungapped         0.1469     0.3198
PSI Gapped           0.0450     0.2670
