
Last position-specific scoring matrix computed, weighted observed percentages rounded down, information per position, and relative weight of gapless real matches to pseudocounts
            A   R   N   D   C   Q   E   G   H   I   L   K   M   F   P   S   T   W   Y   V   A   R   N   D   C   Q   E   G   H   I   L   K   M   F   P   S   T   W   Y   V
    1 E    -2  -1   4   4  -4   1   3  -1   0  -4  -4   0  -3  -4  -2   0  -1  -4  -3  -3    0   0  40  26   0   0  34   0   0   0   0   0   0   0   0   0   0   0   0   0  0.59 0.02
    2 C    -1  -4  -3  -4  10  -4  -4  -3  -4  -2  -2  -4  -2  -3  -3  -1  -1  -3  -3  -1    0   0   0   0 100   0   0   0   0   0   0   0   0   0   0   0   0   0   0   0  1.60 0.07
    3 I    -2  -4  -4  -4  -2  -3  -4  -4  -4   5   1  -3   1   0  -3  -3  -1  -3  -2   2    0   0   0   0   0   0   0   0   0 100   0   0   0   0   0   0   0   0   0   0  0.55 0.05
    4 P    -1  -3  -2  -2  -3  -2  -2   1  -3  -3  -3  -1  -3  -4   8  -1  -2  -4  -3  -3    0   0   0   0   0   0   0  13   0   0   0   0   0   0  87   0   0   0   0   0  1.80 0.05
    5 T    -1   1   0  -1  -3   1   0  -2  -1  -2  -2   4  -1  -3  -1   0   2  -3  -2  -2    0   0   0   0   0   0   0   0   0   0   0  70   0   0   0   0  30   0   0   0  0.44 0.04
    6 K    -2   2   0  -1  -4   0   0  -2   8  -4  -3   2  -2  -2  -2  -1  -2  -3   1  -3    0  15   0   0   0   0   0   0  70   0   0  15   0   0   0   0   0   0   0   0  0.77 0.05
    7 H    -2  -1   0  -1  -4   0   1  -3   8  -4  -3  -1  -2  -2  -3  -1  -2  -3   1  -4    0   0   0   0   0   0  13   0  87   0   0   0   0   0   0   0   0   0   0   0  1.01 0.06
    8 D    -1  -1   0   3  -4   2   5  -2  -1  -4  -3   0  -3  -4  -2   0  -1  -4  -3  -3    0   0   0  15   0   0  85   0   0   0   0   0   0   0   0   0   0   0   0   0  0.80 0.05
    9 C    -1  -4  -3  -4  10  -4  -4  -3  -4  -2  -2  -4  -2  -3  -3  -1  -1  -3  -3  -1    0   0   0   0 100   0   0   0   0   0   0   0   0   0   0   0   0   0   0   0  1.60 0.07
   10 T     0  -2   0  -1  -1  -1  -1  -2  -2  -1  -2  -1  -1  -3  -1   1   6  -3  -2   0    0   0   0   0   0   0   0   0   0   0   0   0   0   0   0   0 100   0   0   0  0.64 0.06
   11 N    -1  -1   5   2  -3   0   0  -1   0  -3  -4   0  -2  -3  -2   2   0  -4  -2  -3    0   0  62  13   0   0   0   0   0   0   0   0   0   0   0  25   0   0   0   0  0.59 0.04
   12 D    -2  -1   4   5  -4   0   1  -1  -1  -4  -4  -1  -3  -4  -2   0  -1  -5  -3  -4    0   0  38  62   0   0   0   0   0   0   0   0   0   0   0   0   0   0   0   0  0.81 0.04
   13 R    -1   4   0  -1  -4   3   1  -2  -1  -3  -3   4  -1  -3  -2  -1  -1  -3  -2  -3    0  37   0   0   0  15   0   0   0   0   0  47   0   0   0   0   0   0   0   0  0.57 0.03
   14 K    -2   1   0   2  -4   2   1  -2   6  -3  -3   2  -2  -3  -2  -1  -1  -3   0  -3    0   0   0  13   0  15   0   0  45   0   0  27   0   0   0   0   0   0   0   0  0.51 0.04
   15 N    -1  -1   6   0  -3  -1  -1   3   0  -4  -4  -1  -3  -4  -2   0  -1  -4  -3  -3    0   0  68   0   0   0   0  32   0   0   0   0   0   0   0   0   0   0   0   0  0.69 0.04
   16 C    -1  -4  -3  -4  10  -4  -4  -3  -4  -2  -2  -4  -2  -3  -3  -1  -1  -3  -3  -1    0   0   0   0 100   0   0   0   0   0   0   0   0   0   0   0   0   0   0   0  1.60 0.07
   17 C    -1  -4  -3  -4  10  -4  -4  -3  -4  -2  -2  -4  -2  -3  -3  -1  -1  -3  -3  -1    0   0   0   0 100   0   0   0   0   0   0   0   0   0   0   0   0   0   0   0  1.60 0.07
   18 P    -1   4  -1  -1  -4   1   2  -2  -1  -3  -3   3  -2  -3   3  -1  -1  -3  -2  -3    0  45   0   0   0   0  15   0   0   0   0  25   0   0  15   0   0   0   0   0  0.55 0.03
   19 G     0  -1  -1  -1  -3  -1  -1   5  -2  -4  -4   2  -3  -4  -2   0  -2  -3  -3  -3    0   0   0   0   0   0   0  75   0   0   0  25   0   0   0   0   0   0   0   0  0.77 0.04
   20 H    -2  -1  -1  -3  -3  -1  -2  -3   6  -1   0  -2   2   1  -3  -2  -2   0   5  -1    0   0   0   0   0   0   0   0  37   0  13   0  12   0   0   0   0   0  38   0  0.51 0.04
   21 E    -1   1   0   2  -4   2   2  -2  -1  -3  -3   4  -2  -4  -1   0  -1  -3  -2  -3    0   0   0  15   0  13  15   0   0   0   0  57   0   0   0   0   0   0   0   0  0.47 0.03
   22 C    -1  -4  -3  -4  10  -4  -4  -3  -4  -2  -2  -4  -2  -3  -3  -1  -1  -3  -3  -1    0   0   0   0 100   0   0   0   0   0   0   0   0   0   0   0   0   0   0   0  1.60 0.07
   23 K    -1   1   0  -1  -3   5   1  -2   0  -3  -3   4  -1  -4  -2   0  -1  -3  -2  -3    0   0   0   0   0  58   0   0   0   0   0  42   0   0   0   0   0   0   0   0  0.61 0.04
   24 C    -1  -4  -3  -4  10  -4  -4  -3  -4  -2  -2  -4  -2  -3  -3  -1  -1  -3  -3  -1    0   0   0   0 100   0   0   0   0   0   0   0   0   0   0   0   0   0   0   0  1.60 0.07
   25 Y    -1  -2  -1   1  -2  -1  -1  -2  -1  -1  -1  -2  -1   3  -2   1   2  -1   3   0    0   0   0  15   0   0   0   0   0   0   0   0   0  25   0  13  23   0  15  10  0.19 0.02
   26 N    -1   0   2  -1  -2   0  -1  -2  -1  -2  -2   2  -1  -1  -2   1   3  -2   2  -1    0   0  15   0   0   0   0   0   0   0   0  23   0   0   0   0  47   0  15   0  0.28 0.03
   27 T    -1  -2  -2  -3  -1  -2  -2  -3  -3   2   0  -2   0   2  -2  -1   2  -2   0   3    0   0   0   0   0   0   0   0   0  10   0   0   0  13   0   0  30   0   0  48  0.24 0.03
   28 Q     0  -1  -1   1  -2   2   2  -2  -2   1   0  -1   0  -2  -2  -1  -1  -3  -2   2   12   0   0  13   0  15  15   0   0  13   0   0   0   0   0   0   0   0   0  32  0.14 0.02
   29 I    -1  -2   2   4  -2  -1   0  -2  -2   2  -1  -1  -1  -2  -2   0   2  -4  -2   0    0   0  10  38   0   0   0   0   0  30   0   0   0   0   0   0  23   0   0   0  0.27 0.03
   30 G     2  -2   0   2  -2  -1  -1   4  -2  -3  -3  -1  -2  -3  -2   2   0  -3  -3  -2   22   0   0  15   0   0   0  43   0   0   0   0   0   0   0  20   0   0   0   0  0.45 0.02
   31 G     0  -1  -1  -1  -3  -1  -1   5  -2  -4  -4   2  -3  -4  -2  -1  -2  -3  -3  -3    0   0   0   0   0   0   0  77   0   0   0  23   0   0   0   0   0   0   0   0  0.80 0.04
   32 S     2   0   0   0  -2   2   3  -1  -1  -3  -3   2  -2  -3  -1   1   0  -3  -2  -2   27   0   0   0   0  13  32   0   0   0   0  13   0   0   0  15   0   0   0   0  0.33 0.02
   33 K    -1   1   0   0  -3   2   3  -2  -1  -3  -3   3  -2  -3   3   0   1  -3  -2  -2    0   0   0   0   0  15  30   0   0   0   0  30   0   0  13   0  12   0   0   0  0.43 0.02
   34 K     0   0   0  -1  -2   0   0  -2  -2  -2  -2   2  -1  -3  -1   2   4  -3  -2  -1    0   0   0   0   0   0   0   0   0   0   0  30   0   0   0  12  58   0   0   0  0.38 0.03
   35 E    -1   0  -1   1  -4   2   5  -2   0  -4  -3   2  -2  -4  -1   0  -1  -3  -2  -3    0   0   0   0   0   0  87   0   0   0   0  13   0   0   0   0   0   0   0   0  0.76 0.05
   36 Q    -2   5  -1  -2  -3   2   0  -3  -1   0  -2   2  -1  -3  -2  -1  -1  -3  -2  -1    0  70   0   0   0  15   0   0   0  15   0   0   0   0   0   0   0   0   0   0  0.54 0.04
   37 C    -1  -4  -3  -4  10  -4  -4  -3  -4  -2  -2  -4  -2  -3  -3  -1  -1  -3  -3  -1    0   0   0   0 100   0   0   0   0   0   0   0   0   0   0   0   0   0   0   0  1.60 0.07
   38 G     3  -2  -2  -2  -2  -2  -2   2  -1  -1  -1  -2  -1   3  -2   0  -1  -1   3  -1   48   0   0   0   0   0   0  15   0   0   0   0   0  23   0   0   0   0  15   0  0.27 0.02
   39 C    -1  -4  -3  -4  10  -4  -4  -3  -4  -2  -2  -4  -2  -3  -3  -1  -1  -3  -3  -1    0   0   0   0 100   0   0   0   0   0   0   0   0   0   0   0   0   0   0   0  1.60 0.07
   40 K    -1   0  -1   1  -3  -1  -1   3  -2   0  -2   2  -1  -3  -2  -1  -1  -3  -2   0    0   0   0  12   0   0   0  35   0  10   0  30   0   0   0   0   0   0   0  13  0.23 0.02
   41 K     0   2   0  -1  -2   0   0  -2  -1  -2  -2   3  -1  -3  -1   1   3  -3  -2  -1    0  13   0   0   0   0   0   0   0   0   0  30   0   0   0  12  45   0   0   0  0.34 0.03
   42 S     0  -2  -1  -1  -2  -1  -1  -2  -2  -3  -3  -1  -2  -3   7   2   2  -4  -3  -2    0   0   0   0   0   0   0   0   0   0   0   0   0   0  58  27  15   0   0   0  1.09 0.04
   43 L    -1  -2  -3  -3  -2  -2  -3   0  -3   1   3  -2   2  -1   4  -2  -1  -2  -2   0    0   0   0   0   0   0   0  10   0   0  55   0  13   0  23   0   0   0   0   0  0.38 0.02
   44 L    -2  -2  -1  -3  -2  -1  -2   1   5  -1   2  -2   0   0  -3  -2  -2   6   1  -1    0   0   0   0   0   0   0  13  36   0  36   0   0   0   0   0   0  15   0   0  0.40 0.03
   45 A     0   0   0  -1  -3   3   0  -2   6  -3  -3   0  -1  -1  -2  -1  -1  -1   3  -2   15   0   0   0   0  27   0   0  45   0   0   0   0   0   0   0   0   0  13   0  0.49 0.04
   46 K    -1   2   0  -1  -4   2   1  -2  -1  -3  -3   5  -2  -4  -1   0  -1  -3  -2  -3    0   0   0   0   0  13   0   0   0   0   0  87   0   0   0   0   0   0   0   0  0.61 0.05
   47 A     3  -2  -2  -2  -1  -1  -1  -1  -2  -1  -1  -1   2   1  -2   1   1  -2  -1   0   60   0   0   0   0   0   0   0   0   0   0   0  13  12   0   0  15   0   0   0  0.23 0.03
   48 K     3   0  -1  -2  -2   0  -1   1  -2   0  -1   2  -1  -2  -1   0  -1  -3  -2   0   45   0   0   0   0   0   0  12   0  13   0  30   0   0   0   0   0   0   0   0  0.20 0.02
   49 N    -1  -1   2   3  -4   1   4  -2   0  -3  -3   0  -2   1  -2   0  -1  -3  -1  -3    0   0  15  15   0   0  58   0   0   0   0   0   0  12   0   0   0   0   0   0  0.48 0.03
   50 F    -1  -1  -2  -2  -2  -1  -2  -3  -2   0   2   1   2   3  -2  -1   2  -1   0   0    0   0   0   0   0   0   0   0   0   0  23  15  13  24   0   0  25   0   0   0  0.16 0.02
   51 G     1  -2  -2  -2  -2  -2  -2   4  -3   0   0  -2  -1  -2  -2  -1  -1  -3  -2   1   17   0   0   0   0   0   0  48   0   0  18   0   0   0   0   0   0   0   0  16  0.34 0.02
   52 G     0  -2  -2  -2  -1  -2  -2   1  -3   1   2  -2   1  -1  -2   1   0  -3  -2   2    0   0   0   0   0   0   0  17   0   0  31   0   0   0   0  18   0   0   0  34  0.15 0.02
   53 K     0   0   2  -1  -2   0   0   2   3  -3  -3   1  -2  -3  -2   1   2  -3  -1  -2    0   0  16   0   0   0   0  16  15   0   0  17   0   0   0  17  18   0   0   0  0.26 0.02
   54 V     1  -3  -3  -3  -1  -2  -3  -3  -3   3   1  -2   0   2  -3  -1  -1  -2   0   3   18   0   0   0   0   0   0   0   0  31   0   0   0  16   0   0   0   0   0  34  0.23 0.02
   55 I    -1  -3  -2  -2  -2  -2  -3   4  -3   3   0  -2   0  -2  -3  -1  -1  -3  -2   1    0   0   0   0   0   0   0  52   0  48   0   0   0   0   0   0   0   0   0   0  0.38 0.02
   56 T    -1   0   0   3  -2   0   1  -2  -1  -2  -2   3  -2  -3  -1   0   2  -3  -2  -2    0   0   0  32   0   0   0   0   0   0   0  37   0   0   0   0  32   0   0   0  0.34 0.01
   57 I    -1   0  -2  -2  -2  -1  -1  -3  -2   3   1   2   0  -1  -2  -2  -1  -3  -2   2    0   0   0   0   0   0   0   0   0  63   0  37   0   0   0   0   0   0   0   0  0.17 0.01
   58 F    -2  -3  -3  -4  -2  -3  -3  -4  -2   0   2  -3   1   6  -4  -3  -2   0   2   0    0   0   0   0   0   0   0   0   0   0  32   0   0  68   0   0   0   0   0   0  0.54 0.01
   59 K    -1   2   0  -1  -3   1   1  -2  -1  -3  -3   5  -1  -3  -1   0  -1  -3  -2  -2    0   0   0   0   0   0   0   0   0   0   0 100   0   0   0   0   0   0   0   0  0.52 0.00
   60 A     3  -1   0  -1  -1   0  -1   0  -1  -2  -2  -1  -1  -2  -1   3   1  -3  -2  -1   50   0   0   0   0   0   0   0   0   0   0   0   0   0   0  50   0   0   0   0  0.35 0.00

                      K         Lambda
Standard Ungapped    0.1364     0.3202
Standard Gapped      0.0388     0.2670
PSI Ungapped         0.1268     0.3182
PSI Gapped           0.0388     0.2670
