
Last position-specific scoring matrix computed, weighted observed percentages rounded down, information per position, and relative weight of gapless real matches to pseudocounts
            A   R   N   D   C   Q   E   G   H   I   L   K   M   F   P   S   T   W   Y   V   A   R   N   D   C   Q   E   G   H   I   L   K   M   F   P   S   T   W   Y   V
    1 G     0  -2   0  -1  -3  -2  -2   6  -2  -4  -4  -2  -3  -3  -2   0  -2  -3  -3  -3    0   0   0   0   0   0   0 100   0   0   0   0   0   0   0   0   0   0   0   0  1.04 0.00
    2 C    -1  -4  -3  -4   9  -3  -4  -3  -3  -1  -2  -3  -2  -3  -3  -1  -1  -3  -3  -1    0   0   0   0 100   0   0   0   0   0   0   0   0   0   0   0   0   0   0   0  1.36 0.03
    3 F    -3  -3  -3  -4  -3  -2  -3  -3  -1  -1  -1  -3  -1   4  -4  -3  -2   9   4  -2    0   0   0   0   0   0   0   0   0   0   0   0   0  35   0   0   0  44  21   0  1.17 0.02
    4 E    -1  -1   0   3  -4   2   5  -2   0  -4  -3   0  -2  -4  -1   0  -1  -3  -2  -3    0   0   0  22   0   0  78   0   0   0   0   0   0   0   0   0   0   0   0   0  0.71 0.02
    5 D    -1  -1   1   5  -3   0   3  -2  -1  -3  -3   0  -2  -3  -1   0   2  -4  -3  -2    0   0   0  56   0   0  22   0   0   0   0   0   0   0   0   0  22   0   0   0  0.57 0.01
    6 W    -3  -3  -4  -5  -3  -2  -3  -3  -3  -3  -2  -3  -2   1  -4  -3  -3  11   2  -3    0   0   0   0   0   0   0   0   0   0   0   0   0   0   0   0   0 100   0   0  2.48 0.04
    7 S     1  -1   1   0  -1   0   0   0  -1  -3  -3   0  -2  -3  -1   4   1  -3  -2  -2    0   0   0   0   0   0   0   0   0   0   0   0   0   0   0 100   0   0   0   0  0.50 0.02
    8 R    -2   6  -1  -2  -4   1   0  -3   0  -3  -2   2  -2  -3  -2  -1  -1  -3  -2  -3    0 100   0   0   0   0   0   0   0   0   0   0   0   0   0   0   0   0   0   0  0.82 0.02
    9 C    -1  -4  -3  -4   9  -3  -4  -3  -3  -1  -2  -3  -2  -3  -3  -1  -1  -3  -3  -1    0   0   0   0 100   0   0   0   0   0   0   0   0   0   0   0   0   0   0   0  1.36 0.03
   10 S     0  -1   0  -1  -1  -1  -1  -1  -2  -1  -2  -1  -1  -2  -1   3   4  -3  -2  -1    0   0   0   0   0   0   0   0   0   0   0   0   0   0   0  35  65   0   0   0  0.43 0.01
   11 P    -1  -1  -1  -1  -3  -1  -1   2  -2  -3  -3   1  -2  -4   6  -1  -1  -4  -3  -3    0   0   0   0   0   0   0  22   0   0   0  22   0   0  56   0   0   0   0   0  1.02 0.01
   12 S     0  -2  -1  -2  -2  -1  -2   2  -2  -3  -3  -2  -2  -1  -2   2  -1   9   0  -3    0   0   0   0   0   0   0  21   0   0   0   0   0   0   0  35   0  44   0   0  0.88 0.02
   13 T     0  -1   0  -1  -1  -1  -1  -1  -1  -2  -2  -1  -1  -2  -1   3   4  -3  -2  -1    0   0   0   0   0   0   0   0   0   0   0   0   0   0   0  44  56   0   0   0  0.42 0.01
   14 S     2   0   0  -1  -1   2   0  -1  -1  -2  -2   0  -1  -3  -1   3   1  -3  -2  -2   18   0   0   0   0  22   0   0   0   0   0   0   0   0   0  60   0   0   0   0  0.35 0.01
   15 R     1   1  -1  -2  -2  -1  -1   2  -1  -2  -2   0  -1   2  -2   1  -1  -2   0  -2   22  17   0   0   0   0   0  22   0   0   0   0   0  21   0  18   0   0   0   0  0.18 0.01
   16 G     1  -2  -1  -2  -2  -2  -2   5  -2  -1   0  -2  -1  -2  -2   0  -1  -3  -2  -1   18   0   0   0   0   0   0  61   0   0  21   0   0   0   0   0   0   0   0   0  0.48 0.01
   17 T     0  -1   0  -1  -1  -1  -1  -2  -2  -1  -1  -1  -1  -2  -1   1   5  -3  -2   0    0   0   0   0   0   0   0   0   0   0   0   0   0   0   0   0 100   0   0   0  0.53 0.02
   18 G     0  -3  -1  -2  -3  -2  -2   6  -2  -4  -4  -2  -3  -3  -2   0  -2  -3  -3  -3    0   0   0   0   0   0   0 100   0   0   0   0   0   0   0   0   0   0   0   0  1.09 0.02
   19 V     0  -2  -2  -3  -1  -2  -2  -3  -3   3   1  -2   1  -1  -2  -1   2  -3  -1   3    0   0   0   0   0   0   0   0   0  21   0   0   0   0   0   0  22   0   0  57  0.27 0.01
   20 L    -2  -2  -4  -4  -1  -2  -3  -4  -3   2   4  -3   2   0  -3  -3  -1  -2  -1   1    0   0   0   0   0   0   0   0   0   0 100   0   0   0   0   0   0   0   0   0  0.50 0.01
   21 W    -3  -3  -4  -5  -3  -2  -3  -3  -3  -3  -2  -3  -2   1  -4  -3  -3  11   2  -3    0   0   0   0   0   0   0   0   0   0   0   0   0   0   0   0   0 100   0   0  2.48 0.04
   22 R    -1   4   0  -1  -3   1   0  -2  -1  -3  -3   4  -2  -3  -2   0  -1  -3  -2  -3    0  35   0   0   0   0   0   0   0   0   0  65   0   0   0   0   0   0   0   0  0.56 0.01
   23 D     0  -1   1   4  -2   0   1  -1  -1  -3  -3   0  -2  -3  -1   3   1  -4  -2  -2    0   0   0  38   0   0   0   0   0   0   0   0   0   0   0  62   0   0   0   0  0.47 0.01
   24 C    -1  -4  -3  -4   9  -3  -4  -3  -3  -1  -2  -3  -2  -3  -3  -1  -1  -3  -3  -1    0   0   0   0 100   0   0   0   0   0   0   0   0   0   0   0   0   0   0   0  1.36 0.03
   25 D    -2  -1   3   5  -3   0   1  -1   4  -3  -4  -1  -3  -3  -2   0  -1  -4  -1  -3    0   0  22  57   0   0   0   0  21   0   0   0   0   0   0   0   0   0   0   0  0.63 0.01
   26 S     0  -1   1   4  -2   0   1  -1  -1  -3  -3  -1  -2  -3  -1   3   1  -4  -2  -2    0   0   0  44   0   0   0   0   0   0   0   0   0   0   0  56   0   0   0   0  0.49 0.01
   27 Y    -2   4  -1  -2  -3   3   0  -3   1  -3  -2   1  -1   1  -2  -1  -1   0   4  -2    0  43   0   0   0  22   0   0   0   0   0   0   0   0   0   0   0   0  35   0  0.44 0.01
   28 C    -1  -4  -3  -4   9  -3  -4  -3  -3  -1  -2  -3  -2  -3  -3  -1  -1  -3  -3  -1    0   0   0   0 100   0   0   0   0   0   0   0   0   0   0   0   0   0   0   0  1.36 0.03
   29 K    -1   2   0  -1  -3   1   1  -2  -1  -3  -3   5  -2  -3  -1   0  -1  -3  -2  -3    0   0   0   0   0   0   0   0   0   0   0 100   0   0   0   0   0   0   0   0  0.58 0.02
   30 V    -1   0  -1   0  -2   1   3  -3  -1   0  -1   2  -1  -2  -2  -1  -1  -3  -2   2    0   0   0   0   0   0  43   0   0   0   0  22   0   0   0   0   0   0   0  35  0.23 0.01
   31 C     0  -1  -1  -2   6  -1  -1  -1  -1   0   1  -1   0  -1  -1  -1  -1  -1  -1   0    3   2   2   2  36   2   3   3   1   2  26   2   1   2   2   3   2   1   1   3  0.24 0.00
   32 F    -1  -3  -3  -3  -2  -3  -3   2  -2   0   2  -3   1   4  -3  -2  -2  -1   1   0    0   0   0   0   0   0   0  22   0   0  43   0   0  35   0   0   0   0   0   0  0.28 0.01
   33 K     0   1   0  -1  -3   0   0   4  -1  -3  -3   4  -2  -3  -2   0  -1  -3  -3  -3    0   0   0   0   0   0   0  43   0   0   0  57   0   0   0   0   0   0   0   0  0.48 0.01
   34 A     2   2   0  -1  -2   0   0  -1   4  -2  -2   0  -1  -2  -1   2   0  -3  -1  -2   35  22   0   0   0   0   0   0  21   0   0   0   0   0   0  22   0   0   0   0  0.27 0.01
   35 D    -1   2   0   3  -3   0   0   2  -1  -3  -3   2  -2  -3  -2   0  -1  -3  -3  -3    0  21   0  35   0   0   0  22   0   0   0  22   0   0   0   0   0   0   0   0  0.40 0.01
   36 R    -1   4   0  -1  -2   0   0   2  -1  -2  -2   1  -1  -2  -1  -1  -1  -2  -2  -2    2  58   1   1   0   1   1  23   0   1   2   1   0   1   1   2   1   0   1   1  0.37 0.01
   37 G     0  -3  -1  -2  -3  -2  -2   6  -2  -4  -4  -2  -3  -3  -2   0  -2  -3  -3  -3    0   0   0   0   0   0   0 100   0   0   0   0   0   0   0   0   0   0   0   0  1.09 0.02
   38 E    -1   3   0   1  -4   3   4  -2   0  -3  -3   1  -2  -3  -2   0  -1  -3  -2  -3    0  21   0   0   0  22  57   0   0   0   0   0   0   0   0   0   0   0   0   0  0.57 0.01
   39 C    -1  -4  -3  -4   9  -3  -4  -3  -3  -1  -2  -3  -2  -3  -3  -1  -1  -3  -3  -1    0   0   0   0 100   0   0   0   0   0   0   0   0   0   0   0   0   0   0   0  1.36 0.03
   40 F    -1  -2  -2  -2  -2  -1   1  -3  -1   1   0  -1   0   3  -3  -2  -1  -1   3   2    0   0   0   0   0   0  22   0   0   0   0   0   0  17   0   0   0   0  18  43  0.18 0.01
   41 D    -2  -1   0   5  -3   0   3  -2  -1  -1   0  -1  -1  -2  -2  -1  -1  -3  -3  -2    0   0   0  56   0   0  22   0   0   0  22   0   0   0   0   0   0   0   0   0  0.46 0.01
   42 S     1   0   0  -1  -1   0   0  -1  -1  -2  -2   2  -1  -3  -1   3   2  -3  -2  -1    0   0   0   0   0   0   0   0   0   0   0  22   0   0   0  56  22   0   0   0  0.34 0.01
   43 P    -1  -2  -2  -2  -3  -2  -1  -2  -2  -3  -3  -1  -3  -4   8  -1  -1  -4  -3  -3    0   0   0   0   0   0   0   0   0   0   0   0   0   0 100   0   0   0   0   0  2.10 0.02
   44 S     1  -1   1   0  -1   0   0   0  -1  -3  -3   0  -2  -3  -1   4   1  -3  -2  -2    0   0   0   0   0   0   0   0   0   0   0   0   0   0   0 100   0   0   0   0  0.50 0.02
   45 L    -1   0  -1  -1  -1   0   0  -1  -1   0   2   1   1   0  -1  -1   0  -1  -1   0    3   2   2   2   1   2   3   3   1   2  39  23   1   2   2   3   3   1   1   3  0.06 0.00
   46 N    -1   2   4   0  -3   0   0  -1   4  -3  -3   0  -2  -3  -2   0   2  -3  -1  -2    0  22  35   0   0   0   0   0  21   0   0   0   0   0   0   0  22   0   0   0  0.36 0.01
   47 C    -1  -4  -3  -4   9  -3  -4  -3  -3  -1  -2  -3  -2  -3  -3  -1  -1  -3  -3  -1    0   0   0   0 100   0   0   0   0   0   0   0   0   0   0   0   0   0   0   0  1.36 0.03
   48 P    -1  -2  -2  -2  -3  -2  -1  -2  -2  -3  -3  -1  -3  -4   8  -1  -1  -4  -3  -3    0   0   0   0   0   0   0   0   0   0   0   0   0   0 100   0   0   0   0   0  2.10 0.02
   49 Q     0  -1   0  -1  -2   2   0   3   4  -2  -2   0  -1  -3  -2   0   2  -3  -1  -2    0   0   0   0   0  21   0  27  22   0   0   0   0   0   0   0  30   0   0   0  0.30 0.01
   50 R    -1   5  -1  -2  -3   0  -1  -3  -1   0  -1   1  -1  -2  -2  -1  -1  -3  -2   1    0  73   0   0   0   0   0   0   0   0   0   0   0   0   0   0   0   0   0  27  0.42 0.01
   51 L    -1  -2  -2  -3  -1  -2  -2  -3  -3   1   3  -2   1   0  -2  -1   2  -2  -1   1    0   0   0   0   0   0   0   0   0   0  70   0   0   0   0   0  30   0   0   0  0.28 0.01
   52 P    -1   0   0   3  -3   0   0  -2  -2  -3  -3   2  -2  -4   5  -1  -1  -4  -3  -3    0   0   0  30   0   0   0   0   0   0   0  27   0   0  42   0   0   0   0   0  0.80 0.01
   53 N    -1   1   5   1  -3   0   0  -1   0  -3  -3   2  -2  -3  -2   0   0  -4  -2  -3    0   0  70   0   0   0   0   0   0   0   0  30   0   0   0   0   0   0   0   0  0.53 0.01
   54 N     2  -1   5   1  -2   0  -1   0   0  -3  -3   0  -2  -3  -2   1   0  -4  -2  -2   30   0  70   0   0   0   0   0   0   0   0   0   0   0   0   0   0   0   0   0  0.46 0.01
   55 K    -1   1  -1  -1  -3   1   0  -2   0  -2  -2   4  -1   0  -2  -1  -1   0   4  -2    0   0   0   0   0   0   0   0   0   0   0  70   0   0   0   0   0   0  30   0  0.38 0.01
   56 Q    -1   1   0   0  -3   6   2  -2   0  -3  -2   1  -1  -3  -1   0  -1  -2  -2  -2    0   0   0   0   0 100   0   0   0   0   0   0   0   0   0   0   0   0   0   0  0.70 0.02
   57 C    -1  -4  -3  -4   9  -3  -4  -3  -3  -1  -1  -3  -2  -3  -3  -1  -1  -3  -3  -1    0   0   0   0 100   0   0   0   0   0   0   0   0   0   0   0   0   0   0   0  1.29 0.02
   58 R    -1   4   0  -1  -3   3   1  -2   5  -3  -3   1  -1  -3  -2  -1  -1  -3   0  -3    0  42   0   0   0  30   0   0  27   0   0   0   0   0   0   0   0   0   0   0  0.50 0.01
   59 C    -1  -4  -3  -4   9  -3  -4  -3  -3  -1  -1  -3  -2  -3  -3  -1  -1  -3  -3  -1    0   0   0   0 100   0   0   0   0   0   0   0   0   0   0   0   0   0   0   0  1.29 0.02
   60 I    -1  -3  -3  -3  -1  -3  -3  -4  -3   4   2  -3   1   0  -3  -3  -1  -3  -1   3    0   0   0   0   0   0   0   0   0 100   0   0   0   0   0   0   0   0   0   0  0.38 0.00
   61 N    -2   0   6   1  -3   0   0   0   1  -3  -4   0  -2  -3  -2   1   0  -4  -2  -3    0   0 100   0   0   0   0   0   0   0   0   0   0   0   0   0   0   0   0   0  0.72 0.00
   62 A     4  -2  -2  -2   0  -1  -1   0  -2  -1  -2  -1  -1  -2  -1   1   0  -3  -2   0  100   0   0   0   0   0   0   0   0   0   0   0   0   0   0   0   0   0   0   0  0.40 0.00
   63 R    -2   6   0  -2  -4   1   0  -2   0  -3  -2   2  -1  -3  -2  -1  -1  -3  -2  -3    0 100   0   0   0   0   0   0   0   0   0   0   0   0   0   0   0   0   0   0  0.74 0.00
   64 T     0  -1   0  -1  -1  -1  -1  -2  -2  -1  -1  -1  -1  -2  -1   1   5  -3  -2   0    0   0   0   0   0   0   0   0   0   0   0   0   0   0   0   0 100   0   0   0  0.46 0.00
   65 A     4  -2  -2  -2   0  -1  -1   0  -2  -1  -2  -1  -1  -2  -1   1   0  -3  -2   0  100   0   0   0   0   0   0   0   0   0   0   0   0   0   0   0   0   0   0   0  0.40 0.00
   66 K    -1   2   0  -1  -3   1   1  -2  -1  -3  -3   5  -1  -3  -1   0  -1  -3  -2  -2    0   0   0   0   0   0   0   0   0   0   0 100   0   0   0   0   0   0   0   0  0.51 0.00
   67 D    -2  -2   1   6  -4   0   2  -1  -1  -3  -4  -1  -3  -4  -2   0  -1  -5  -3  -3    0   0   0 100   0   0   0   0   0   0   0   0   0   0   0   0   0   0   0   0  0.92 0.00
   68 N    -2   0   6   1  -3   0   0   0   1  -3  -4   0  -2  -3  -2   1   0  -4  -2  -3    0   0 100   0   0   0   0   0   0   0   0   0   0   0   0   0   0   0   0   0  0.72 0.00
   69 R    -2   6   0  -2  -4   1   0  -2   0  -3  -2   2  -1  -3  -2  -1  -1  -3  -2  -3    0 100   0   0   0   0   0   0   0   0   0   0   0   0   0   0   0   0   0   0  0.74 0.00
   70 N    -2   0   6   1  -3   0   0   0   1  -3  -4   0  -2  -3  -2   1   0  -4  -2  -3    0   0 100   0   0   0   0   0   0   0   0   0   0   0   0   0   0   0   0   0  0.72 0.00
   71 P    -1  -2  -2  -2  -3  -1  -1  -2  -2  -3  -3  -1  -3  -4   8  -1  -1  -4  -3  -3    0   0   0   0   0   0   0   0   0   0   0   0   0   0 100   0   0   0   0   0  2.03 0.00
   72 T     0  -1   0  -1  -1  -1  -1  -2  -2  -1  -1  -1  -1  -2  -1   1   5  -3  -2   0    0   0   0   0   0   0   0   0   0   0   0   0   0   0   0   0 100   0   0   0  0.46 0.00
   73 C     0  -4  -3  -4   9  -3  -4  -3  -3  -1  -1  -3  -2  -3  -3  -1  -1  -2  -3  -1    0   0   0   0 100   0   0   0   0   0   0   0   0   0   0   0   0   0   0   0  1.19 0.00
   74 W    -3  -3  -4  -5  -2  -2  -3  -3  -3  -3  -2  -3  -2   1  -4  -3  -3  11   2  -3    0   0   0   0   0   0   0   0   0   0   0   0   0   0   0   0   0 100   0   0  2.29 0.00
   75 A     4  -2  -2  -2   0  -1  -1   0  -2  -1  -2  -1  -1  -2  -1   1   0  -3  -2   0  100   0   0   0   0   0   0   0   0   0   0   0   0   0   0   0   0   0   0   0  0.40 0.00

                      K         Lambda
Standard Ungapped    0.1357     0.3232
Standard Gapped      0.0410     0.2670
PSI Ungapped         0.1357     0.3232
PSI Gapped           0.0410     0.2670
