
Last position-specific scoring matrix computed, weighted observed percentages rounded down, information per position, and relative weight of gapless real matches to pseudocounts
            A   R   N   D   C   Q   E   G   H   I   L   K   M   F   P   S   T   W   Y   V   A   R   N   D   C   Q   E   G   H   I   L   K   M   F   P   S   T   W   Y   V
    1 G     0  -2   0  -1  -2  -1  -2   5  -2  -4  -4  -1  -3  -3  -2   2  -1  -3  -3  -3    0   0   0   0   0   0   0  71   0   0   0   0   0   0   0  29   0   0   0   0  0.77 0.04
    2 L    -2  -3  -4  -4  -2  -3  -3  -4  -3   2   3  -3   1   4  -3  -3  -1  -1   1   1    0   0   0   0   0   0   0   0   0  22  45   0   0  27   0   0   0   0   0   6  0.37 0.02
    3 R    -2   2  -3  -3  -2  -1  -2  -4  -2   1   4   0   1   0  -3  -2  -1  -2  -1   0    0  18   0   0   0   0   0   0   0   0  74   7   0   0   0   0   0   0   0   0  0.32 0.03
    4 D    -1  -2   2   6  -3  -1   1   0  -1  -3  -4  -1  -3  -4  -2   1   0  -4  -3  -3    0   0   6  72   0   0   0   7   0   0   0   0   0   0   0   9   6   0   0   0  0.69 0.04
    5 K     1   0   0  -1  -2   0   0  -1  -1  -2  -2   2  -1  -3  -1   2   3  -3  -2  -1    7   0   0   0   0   0   0   0   0   0   0  27   0   0   0  20  45   0   0   0  0.32 0.03
    6 I    -2  -3  -3  -4  -2  -3  -3  -1  -2   1   2  -3   1   5  -4  -3  -2   0   2   0    0   0   0   0   0   0   0   7   0  12  26   0   0  55   0   0   0   0   0   0  0.43 0.03
    7 K    -1   2   0  -1  -4   1   1  -2  -1  -3  -3   5  -2  -4  -1  -1  -1  -3  -2  -3    0   0   0   0   0   0   0   0   0   0   0 100   0   0   0   0   0   0   0   0  0.68 0.06
    8 N    -1  -1   5   2  -3   1   1  -1   0  -3  -3   0  -2  -3  -2   0   1  -4  -2  -3    0   0  57  12   0   9   9   0   0   0   0   0   0   0   0   0  13   0   0   0  0.52 0.03
    9 V     1  -2  -3  -3  -1  -2  -3  -3  -3   2   2  -2   2   1  -3  -1  -1   3   0   2   16   0   0   0   0   0   0   0   0   7  25   0  10   9   0   0   0   6   0  28  0.20 0.01
   10 A     3  -2  -2  -2  -1  -1  -2   2  -2  -1  -1  -1   3  -2  -2   0  -1  -3  -2   0   58   0   0   0   0   0   0  18   0   0   0   0  23   0   0   0   0   0   0   0  0.29 0.03
   11 I    -2  -3  -4  -4  -2  -3  -4  -4  -3   5   2  -3   1   1  -3  -3  -1  -2  -1   2    0   0   0   0   0   0   0   0   0  82   5   0   0   7   0   0   0   0   0   6  0.44 0.04
   12 D     0  -1   3   2  -2  -1   0   3  -1  -3  -3   0  -2  -3  -2   2   0  -3  -3  -3    0   0  19  18   0   0   0  29   0   0   0   6   0   0   0  28   0   0   0   0  0.40 0.02
   13 V     3  -2  -3  -3  -1  -2  -2  -1  -3   2   1  -2   0  -1  -2   0   0  -3  -2   2   47   0   0   0   0   0   0   0   0  19  13   0   0   0   0   0   0   0   0  21  0.21 0.02
   14 A     4  -2  -2  -2  -1  -1  -1   0  -2  -1   0  -1  -1  -2  -1   1   0  -3  -2   0   91   0   0   0   0   0   0   0   0   0   9   0   0   0   0   0   0   0   0   0  0.42 0.04
   15 K    -1   3   0  -1  -3   2   1  -2  -1  -3  -3   5  -2  -4  -1   0  -1  -3  -2  -3    0   9   0   0   0   9   0   0   0   0   0  82   0   0   0   0   0   0   0   0  0.59 0.04
   16 G     1  -2   0  -1  -2  -1  -1   4  -2  -3  -3  -1  -2  -3  -2   3   0  -3  -3  -3    0   0   0   0   0   0   0  47   0   0   0   0   0   0   0  53   0   0   0   0  0.57 0.04
   17 A     4  -2  -2  -2  -1  -1  -1   0  -2  -1  -1  -1  -1  -2  -1   1   0  -3  -2   1   85   0   0   0   0   0   0   0   0   0   0   0   0   0   0   0   0   0   0  15  0.40 0.04
   18 G     1  -2  -1  -2  -2  -2  -2   6  -2  -4  -4  -2  -3  -3  -2   0  -2  -3  -3  -3   18   0   0   0   0   0   0  82   0   0   0   0   0   0   0   0   0   0   0   0  0.89 0.04
   19 T    -1   1   0  -1  -2   4   1  -2  -1  -1  -2   3  -1  -3  -1   0   2  -3  -2   0    0   0   0   0   0  36   0   0   0   0   0  29   0   0   0   0  24   0   0  11  0.31 0.03
   20 G     0  -2   0  -1  -2  -1  -1   4  -2  -3  -3  -1  -2  -3  -2   3   2  -3  -2  -2    0   0   0   0   0   0   0  39   0   0   0   0   0   0   0  45  16   0   0   0  0.46 0.03
   21 V     2  -2  -3  -3  -1  -2  -2  -2  -3   2   1  -2   1  -1  -2  -1   0  -3  -2   3   23   0   0   0   0   0   0   0   0   0  18   0   0   0   0   0   0   0   0  58  0.25 0.03
   22 L    -2  -3  -4  -4  -2  -3  -3  -4  -3   1   5  -3   2   0  -3  -3  -2  -2  -1   1    0   0   0   0   0   0   0   0   0   0 100   0   0   0   0   0   0   0   0   0  0.57 0.04
   23 K    -1   0   5   0  -3   0   0  -1   0  -3  -3   2  -2  -3  -2   1   1  -4  -2  -3    0   0  55   0   0   0   0   0   0   0   0  24   0   0   0  16   6   0   0   0  0.47 0.03
   24 A     2  -1  -1  -1  -1  -1  -1  -1  -2  -1  -2   0  -1  -3  -1   1   4  -3  -2   0   24   0   0   0   0   0   0   0   0   0   0   6   0   0   0   5  64   0   0   0  0.38 0.04
   25 L     0  -2  -4  -4  -1  -2  -3  -3  -3   2   4  -3   2   0  -3  -2  -1  -2  -1   1    9   0   0   0   0   0   0   0   0   6  85   0   0   0   0   0   0   0   0   0  0.42 0.03
   26 L     2  -1  -1  -1  -1  -1  -1  -1  -2   0   0  -1   1  -2  -1   3   1  -3  -2   0   23   0   0   0   0   0   0   0   0   6  11   0   7   0   0  53   0   0   0   0  0.23 0.03
   27 C    -1  -4  -3  -4  10  -3  -4  -3  -4  -2  -2  -4  -2  -3  -3  -1  -1  -3  -3  -1    0   0   0   0 100   0   0   0   0   0   0   0   0   0   0   0   0   0   0   0  1.59 0.08
   28 Q    -1   2   0  -1  -3   2   1  -2  -1  -3  -3   5  -2  -4  -1   0  -1  -3  -2  -3    0   0   0   0   0  11   0   0   0   0   0  89   0   0   0   0   0   0   0   0  0.61 0.05
   29 L    -2  -3  -4  -4  -2  -3  -3  -4  -3   3   4  -3   2   0  -3  -3  -1  -2  -1   2    0   0   0   0   0   0   0   0   0  38  62   0   0   0   0   0   0   0   0   0  0.44 0.03
   30 D     1  -2   1   5  -2  -1   1  -1  -1  -3  -3  -1  -2  -3  -1   2   0  -4  -3  -2   18   0   0  53   0   0   0   0   0   0   0   0   0   0   0  29   0   0   0   0  0.50 0.03
   31 K    -1   2   1  -1  -3   1   0  -2  -1  -3  -3   5  -2  -4  -1   0  -1  -3  -2  -3    0   6   6   0   0   0   0   0   0   0   0  88   0   0   0   0   0   0   0   0  0.59 0.05
   32 S     0  -1   0  -1  -1  -1  -1  -1  -2  -2  -2  -1  -1  -3  -1   3   4  -3  -2  -1    0   0   0   0   0   0   0   0   0   0   0   0   0   0   0  42  58   0   0   0  0.47 0.04
   33 C    -1  -4  -3  -4  10  -3  -4  -3  -4  -2  -2  -4  -2  -3  -3  -1  -1  -3  -3  -1    0   0   0   0 100   0   0   0   0   0   0   0   0   0   0   0   0   0   0   0  1.59 0.08

                      K         Lambda
Standard Ungapped    0.1389     0.3203
Standard Gapped      0.0428     0.2670
PSI Ungapped         0.1397     0.3160
PSI Gapped           0.0428     0.2670
