
Last position-specific scoring matrix computed, weighted observed percentages rounded down, information per position, and relative weight of gapless real matches to pseudocounts
            A   R   N   D   C   Q   E   G   H   I   L   K   M   F   P   S   T   W   Y   V   A   R   N   D   C   Q   E   G   H   I   L   K   M   F   P   S   T   W   Y   V
    1 D    -1  -1   0   4  -4   1   4  -2   0  -3  -3   0  -3  -4  -1   0  -1  -4  -3  -3    0   0   0  36   0   0  64   0   0   0   0   0   0   0   0   0   0   0   0   0  0.68 0.00
    2 G     3  -2  -1  -2  -2  -1  -2   5  -2  -3  -3  -1  -2  -3  -2   0  -1  -3  -3  -2   46   0   0   0   0   0   0  54   0   0   0   0   0   0   0   0   0   0   0   0  0.56 0.01
    3 V     0   0   0   0  -2   4   2  -2   0  -1  -2   0  -1  -3  -2   1   0  -3  -2   0    0   0   0   0   0  45  17   0   0   0   0   0   0   0   0  22   0   0   0  17  0.31 0.02
    4 K    -1   3   1  -1  -4   1   2  -2  -1  -3  -3   5  -2  -4  -2  -1  -1  -4  -2  -3    0  19   7   0   0   0  13   0   0   0   0  62   0   0   0   0   0   0   0   0  0.58 0.08
    5 L    -2  -3  -4  -4  -2  -3  -3  -4  -3   3   4  -3   3   1  -3  -3  -1  -2  -1   1    0   0   0   0   0   0   0   0   0  22  62   0  12   4   0   0   0   0   0   0  0.48 0.06
    6 C    -1  -5  -4  -5  10  -4  -5  -4  -4  -2  -2  -4  -2  -3  -4  -2  -2  -3  -3  -2    0   0   0   0 100   0   0   0   0   0   0   0   0   0   0   0   0   0   0   0  2.01 0.17
    7 D     0   0  -1   2  -4   1   5  -2  -1  -4  -3   2  -3  -4  -2  -1  -1  -4  -3  -3    5   0   0   8   0   0  67   0   0   0   0  19   0   0   0   0   0   0   0   0  0.70 0.10
    8 V    -1   5  -1  -2  -3   0   0  -3  -1  -2  -2   3  -2  -3  -2  -1   1  -3  -2  -1    0  50   0   0   0   0   0   0   0   0   0  30   0   0   0   0  11   0   0   8  0.55 0.09
    9 P     1   0  -2  -2  -3  -1   0  -2  -2  -3  -3  -1  -2  -4   6   0   1  -4  -3  -2   17   6   0   0   0   0   8   0   0   0   0   0   0   0  50   6  13   0   0   0  0.90 0.08
   10 S     0  -2   0  -1  -2  -1  -1  -1  -2  -3  -3  -1  -2  -3  -2   6   1  -4  -3  -3    0   0   0   0   0   0   0   0   0   0   0   0   0   0   0 100   0   0   0   0  0.82 0.15
   11 G    -1   0  -1  -1  -3   1   1   4  -2  -3  -2   3  -2  -3  -2  -1  -2  -3  -3  -3    0   0   0   0   0   5   8  51   0   0   6  30   0   0   0   0   0   0   0   0  0.52 0.07
   12 T    -1  -1  -1  -2  -2  -1  -1  -2  -2  -2  -2   1  -1  -3  -2   1   6  -3  -2  -1    0   0   0   0   0   0   0   0   0   0   0  11   0   0   0   0  89   0   0   0  0.74 0.13
   13 W    -3  -4  -5  -5  -3  -3  -4  -4  -2  -3  -2  -4  -2   3  -5  -4  -3  11   4  -3    0   0   0   0   0   0   0   0   0   0   0   0   0  11   0   0   0  76  13   0  2.33 0.18
   14 S     0  -1   0  -1  -2   0  -1  -1  -2  -3  -3   2  -2   0  -2   4   2  -3  -2  -2    0   0   0   0   0   0   0   0   0   0   0  19   0   7   0  62  12   0   0   0  0.41 0.09
   15 G     0  -3  -1  -2  -3  -3  -3   7  -3  -5  -5  -2  -4  -4  -3  -1  -2  -3  -4  -4    0   0   0   0   0   0   0 100   0   0   0   0   0   0   0   0   0   0   0   0  1.39 0.13
   16 H    -2   1   3  -1  -3  -1  -1  -2   2   0  -1   1  -1   1  -3  -1  -1  -2   2   1    0   8  27   0   0   0   0   0   8   7   0  13   0   6   0   0   0   0  11  19  0.16 0.05
   17 C    -1  -5  -4  -5  10  -4  -5  -4  -4  -2  -2  -4  -3  -4  -4  -2  -2  -3  -4  -2    0   0   0   0 100   0   0   0   0   0   0   0   0   0   0   0   0   0   0   0  2.12 0.19
   18 G    -1   0  -1   1  -3  -2  -1   4  -2   0  -2   0  -2  -3  -3  -1  -1  -3  -3   1    0   5   0  13   0   0   0  48   0   7   0   7   0   0   0   0   0   0   0  19  0.35 0.06
   19 S    -2  -1   6   2  -3  -1  -1  -1   3  -4  -4  -1  -3  -4  -3   1  -1  -4  -2  -4    0   0  77   7   0   0   0   0   7   0   0   0   0   0   0   8   0   0   0   0  0.88 0.12
   20 S    -1  -1   4   1  -2   0   0  -1  -1  -3  -3   1  -2  -3  -2   2   3  -4  -2  -2    0   0  30   8   0   0   0   0   0   0   0  13   0   0   0  22  28   0   0   0  0.39 0.07
   21 S     0   1   3   1  -3   0  -1   1  -1  -3  -3   1  -2  -2  -2   1   1  -2   1  -2    5   6  28   7   0   0   0  13   0   0   0  13   0   0   0   8  11   0   8   0  0.25 0.04
   22 K     2  -1   2   1   4   1   0   0   3  -3  -3   1  -2  -3  -2   0  -1  -3  -1  -2   24   0  11   7  13   8   0   6  14   0   0  16   0   0   0   0   0   0   0   0  0.23 0.05
   23 C    -1  -4  -3   1  10  -3  -3  -3  -4  -2  -2  -4  -3  -4  -4  -2  -2  -4  -4  -2    0   0   0  13  87   0   0   0   0   0   0   0   0   0   0   0   0   0   0   0  1.67 0.17
   24 S    -1   2   1   3  -4   0   0  -2  -1  -3  -3   4  -2  -4  -2   0  -1  -4  -3  -3    0  13   7  28   0   0   0   0   0   0   0  43   0   0   0   8   0   0   0   0  0.48 0.07
   25 Q    -1   0   5   2  -3   1   0  -1   0  -3  -3   2  -2  -4  -2   1   0  -4  -3  -3    0   0  44  11   0   8   0   0   0   0   0  25   0   0   0   6   6   0   0   0  0.49 0.07
   26 Q    -1   1  -1  -2   4   5   0  -3   2  -2  -2   0  -1   0  -2  -1  -1  -3  -1   0    0   7   0   0  13  55   0   0   8   0   0   0   0   5   0   0   0   0   0  11  0.46 0.10
   27 C    -1  -3  -3  -3  10  -3  -4  -3  -3  -2  -2  -3  -2  -3  -3  -1  -1  -3  -3  -1    1   1   1   1  87   1   1   1   0   1   1   1   0   0   1   1   1   0   0   1  1.60 0.14
   28 K    -1   0  -2  -2  -2   0  -1  -3  -2   4   0   2   0  -1  -2  -2  -1  -3  -2   2    1   6   1   1   0   5   1   1   0  53   1  19   0   0   1   1   1   0   0   8  0.20 0.06
   29 D    -1   2   3   3  -3   0   2  -1   0  -3  -3   2  -2  -3  -2   0  -1  -3  -2  -3    1  13  27  21   0   0  14   1   0   1   1  13   0   0   1   5   1   0   0   1  0.38 0.04
   30 R    -3   2   1  -3  -3  -2  -3  -3  -2  -2   1  -1  -1  -1  -4  -2  -2   9   0  -2    0  20  11   0   0   0   0   0   0   0  24   0   0   0   0   0   0  44   0   0  1.04 0.13
   31 E    -2  -1  -1   2  -4   1   6  -3  -1  -4  -4   0  -3  -4  -2  -1   1  -4  -3  -3    0   0   0  11   0   0  76   0   0   0   0   0   0   0   0   0  12   0   0   0  0.82 0.13
   32 H    -1   2   1  -1  -3   0   1   2   2  -4  -3   3  -2  -3  -2   0  -1  -3  -2  -3    0  17   7   0   0   0  12  24   8   0   0  26   0   0   0   5   0   0   0   0  0.36 0.06
   33 F     0  -1   0  -1  -1   0  -1   3  -1  -1  -1  -1  -1   1   0   0   0   0   0  -1   10   3   3   3   1   3   4  28   1   3   6   4   1  11   3   5   4   1   2   4  0.10 0.01
   34 A     4  -2  -2  -2  -1  -1  -1  -1  -2  -2  -2  -1  -1   2  -1   1  -1  -2  -1  -1   72   1   1   1   0   0   1   1   0   1   1   1   0  13   1   7   1   0   0   1  0.39 0.09
   35 Y    -1   2   2  -1  -3   2   0   0   0  -3  -3   2  -2  -2   2   1  -1  -2   1  -2    0  15  11   0   0  13   0   7   0   0   0  18   0   0  13  12   0   0   8   0  0.28 0.04
   36 G    -2  -1   0   1  -3  -1  -1   0   8  -4  -4  -1  -2  -3  -3   0   1  -3   0  -3    0   0   0  11   0   0   0   8  62   0   0   0   0   0   0   7  12   0   0   0  0.79 0.13
   37 G    -1  -3  -1  -2  -3  -3  -3   7  -3  -5  -5  -2  -4  -4  -3  -1  -2  -3  -4  -4    0   0   0   0   0   0   0 100   0   0   0   0   0   0   0   0   0   0   0   0  1.43 0.15
   38 A     3  -2  -1  -2  -1  -1  -1  -1  -1  -2  -2  -1  -2  -2  -2   3   0  -2   2  -1   45   0   0   0   0   0   0   0   0   0   0   0   0   0   0  43   0   0  11   0  0.44 0.10
   39 C    -1  -5  -4  -5  11  -4  -5  -4  -4  -2  -2  -4  -3  -4  -4  -2  -2  -4  -4  -2    0   0   0   0 100   0   0   0   0   0   0   0   0   0   0   0   0   0   0   0  2.20 0.22
   40 H     0  -1   4   2  -3   0  -1  -2   7  -4  -4  -1  -3  -3  -3  -1  -2  -4   0  -3   11   0  24  12   0   0   0   0  52   0   0   0   0   0   0   0   0   0   0   0  0.77 0.12
   41 Y     0  -1  -2  -3  -3   0  -1   1   0   0  -1   2  -1   3  -3  -1  -2   0   5  -1    6   0   0   0   0   6   0  11   0   6   0  20   0  12   0   0   0   0  33   5  0.27 0.07
   42 Q    -1   4  -1  -2  -3   3   0   1   3  -1  -2   1  -1  -3   1  -1  -1  -3  -1   0    0  31   0   0   0  21   0  11  12   3   0   4   0   0   6   0   0   0   0  11  0.29 0.07
   43 F    -2  -2   0  -1  -3  -1   2  -3  -1  -1   0  -2  -1   5  -3  -2  -2   0   3   0    0   0   5   0   0   0  21   0   0   0   4   0   0  42   0   0   0   0  11  13  0.34 0.07
   44 P     1  -3   0  -2  -3  -2  -2   2  -3  -3  -3  -2  -3  -4   7  -1  -2  -4  -3  -3   18   0   5   0   0   0   0  20   0   0   0   0   0   0  56   0   0   0   0   0  1.13 0.11
   45 S     1  -1   2  -1  -2  -1  -1   2   1  -3  -3   2  -2  -2  -2   1  -1   5   0  -2   15   0  12   0   0   0   0  18   5   0   0  21   0   0   0  14   0  11   3   0  0.30 0.05
   46 V    -2   1   0  -2  -3   0   1  -3   6  -2  -2  -1  -2   1  -3  -2  -2   5   4  -1    0  12   6   0   0   0  10   0  30   0   0   0   0   6   0   0   0  11  18   8  0.46 0.08
   47 K     0   3  -1  -2  -3   0   0  -2  -1  -2  -1   4   3  -3  -2   1  -1  -3  -2  -2    6  18   0   0   0   0   0   0   0   0   0  48  18   0   0  10   0   0   0   0  0.40 0.09
   48 C    -1  -5  -4  -5  10  -4  -5  -4  -4  -2  -2  -4  -3  -4  -4  -2  -2  -3  -4  -2    0   0   0   0 100   0   0   0   0   0   0   0   0   0   0   0   0   0   0   0  2.14 0.19
   49 F    -3  -3  -4  -4  -3  -4  -4  -4  -2   2   0  -4   0   6  -4  -3  -2   0   4   0    0   0   0   0   0   0   0   0   0  24   0   0   0  63   0   0   0   0  12   0  0.78 0.10
   50 C    -1  -5  -4  -5  10  -4  -5  -4  -4  -2  -2  -4  -3  -4  -4  -2  -2  -3  -4  -2    0   0   0   0 100   0   0   0   0   0   0   0   0   0   0   0   0   0   0   0  2.14 0.19
   51 K    -3  -2  -3  -4  -3  -2  -3  -4   1  -2  -2   0  -2   4  -4  -2  -2   1   8  -2    0   0   0   0   0   0   0   0   0   0   0   9   0  11   0   0   0   0  80   0  1.13 0.14
   52 R    -3   1  -3  -4  -3  -2  -3  -4  -2  -1  -1   1  -1   7  -4  -3  -3   0   3  -2    0   9   0   0   0   0   0   0   0   0   0  12   0  74   0   0   0   0   5   0  0.77 0.11
   53 Q    -1  -1   4   2  -3   1   1  -2  -1  -4  -4  -1  -3  -4   5   1  -1  -4  -3  -3    0   0  28  15   0   9   5   0   0   0   0   0   0   0  32  11   0   0   0   0  0.69 0.07
   54 C    -1  -5  -4  -5  10  -4  -5  -4  -4  -2  -2  -4  -3  -4  -4  -2  -2  -3  -4  -2    0   0   0   0 100   0   0   0   0   0   0   0   0   0   0   0   0   0   0   0  2.14 0.19

                      K         Lambda
Standard Ungapped    0.1370     0.3246
Standard Gapped      0.0421     0.2670
PSI Ungapped         0.1377     0.3174
PSI Gapped           0.0421     0.2670
