
Last position-specific scoring matrix computed, weighted observed percentages rounded down, information per position, and relative weight of gapless real matches to pseudocounts
            A   R   N   D   C   Q   E   G   H   I   L   K   M   F   P   S   T   W   Y   V   A   R   N   D   C   Q   E   G   H   I   L   K   M   F   P   S   T   W   Y   V
    1 G     0  -3  -1  -2  -3  -2  -2   6  -2  -4  -4  -2  -3  -4  -3  -1  -2  -3  -3  -4    0   0   0   0   0   0   0 100   0   0   0   0   0   0   0   0   0   0   0   0  1.15 0.04
    2 F    -2  -3  -4  -4  -2  -3  -3  -4  -3   2   3  -3   1   4  -3  -3  -2  -1   1   1    0   0   0   0   0   0   0   0   0  27  42   0   0  31   0   0   0   0   0   0  0.38 0.02
    3 M    -1  -1  -3  -3  -2  -1  -2  -3  -2   1   3   0   5   0  -3  -2  -1  -2  -1   1    0   0   0   0   0   0   0   0   0   6  27  11  55   0   0   0   0   0   0   0  0.33 0.04
    4 D    -1  -1   2   5  -3   0   1  -1  -1  -3  -4   1  -3  -4  -2   1   0  -4  -3  -3    0   0  10  60   0   0   0   0   0   0   0  10   0   0   0  20   0   0   0   0  0.59 0.03
    5 T     0  -1   0  -1  -1  -1  -1  -2  -2  -1  -1  -1  -1  -2  -1   2   5  -3  -2   1    0   0   0   0   0   0   0   0   0   0   0   0   0   0   0  13  78   0   0  10  0.45 0.04
    6 A     1  -3  -2  -3  -1  -2  -2   1  -3   2   1  -2   0  -1  -2  -1  -1  -3  -2   2   18   0   0   0   0   0   0  15   0  16  17   0   0   0   0   0   0   0   0  34  0.17 0.01
    7 K    -1   2   0  -1  -4   1   1  -2  -1  -3  -3   5  -2  -4  -1   0  -1  -3  -2  -3    0   0   0   0   0   0   0   0   0   0   0 100   0   0   0   0   0   0   0   0  0.67 0.05
    8 N    -1  -1   5   1  -3  -1  -1   3   2  -4  -4  -1  -3  -3  -2   1  -1  -4  -2  -3    0   0  50   6   0   0   0  30   7   0   0   0   0   0   0   7   0   0   0   0  0.52 0.03
    9 V     2  -2  -2  -3  -1  -2  -2  -2  -3   1   1  -2   0  -1  -2   0   1  -3  -2   3   29   0   0   0   0   0   0   0   0   0  18   0   0   0   0   0  11   0   0  41  0.19 0.02
   10 A     5  -2  -2  -2  -1  -1  -1   0  -2  -1  -2  -1  -1  -2  -1   1   0  -3  -2   0   93   0   0   0   0   0   0   0   0   0   0   0   0   0   0   0   0   0   0   7  0.45 0.04
   11 K    -1   1   0  -1  -3   1   0  -2  -1  -2  -2   4  -1  -3  -1   0   3  -3  -2  -2    0   0   0   0   0   0   0   0   0   0   0  68   0   0   0   0  32   0   0   0  0.43 0.04
   12 N    -2  -1   6   2  -3   0   0  -1   0  -3  -3  -1  -2  -3  -2   1   1  -4  -2  -3    0   0  81   5   0   0   0   0   0   0   0   0   0   0   0   0  15   0   0   0  0.69 0.05
   13 V     0  -3  -3  -4  -1  -2  -3  -3  -3   2   2  -3   1  -1  -3  -2   0  -3  -1   4    6   0   0   0   0   0   0   0   0   0  21   0   0   0   0   0   0   0   0  73  0.34 0.03
   14 A     4  -2  -2  -2  -1  -1  -1   1  -2  -2  -2  -1  -1  -3  -1   1   0  -3  -2  -1   92   0   0   0   0   0   0   8   0   0   0   0   0   0   0   0   0   0   0   0  0.48 0.04
   15 V     1  -3  -2  -2  -2  -2  -2   4  -3   1  -1  -2  -1  -2  -2  -1  -1  -3  -2   2    9   0   0   0   0   0   0  45   0   0   0   0   0   0   0   0   0   0   0  46  0.34 0.03
   16 T     0  -1   0  -1  -1   1  -1   1   0  -1  -2   0  -1  -3  -1   2   3  -3  -2   0    0   0   0   0   0   8   0  11   4   0   0   4   0   0   0  24  43   0   0   6  0.25 0.02
   17 L    -1  -2  -3  -4  -1  -2  -3  -4  -3   2   4  -3   3   0  -3  -2  -1  -2  -1   2    0   0   0   0   0   0   0   0   0   0  69   0  16   0   0   0   0   0   0  14  0.42 0.03
   18 L    -2  -3  -4  -4  -2  -2  -3  -4  -3   2   4  -3   3   0  -3  -3  -1  -2  -1   1    0   0   0   0   0   0   0   0   0  13  80   0   7   0   0   0   0   0   0   0  0.47 0.03
   19 D    -2  -2   2   6  -4   0   2  -2  -1  -4  -4  -1  -3  -4  -2   0  -1  -5  -3  -4    0   0  10  81   0   0   8   0   0   0   0   0   0   0   0   0   0   0   0   0  0.89 0.04
   20 N    -1   1   1  -1  -3   2   0  -2  -1  -3  -3   4  -1  -3  -1   1   1  -3  -2  -2    0   0   4   0   0   8   0   0   0   0   0  63   0   0   0  11  14   0   0   0  0.39 0.03
   21 L    -2  -3  -4  -4  -2  -3  -3  -4  -3   3   4  -3   2   0  -3  -3  -1  -2  -1   1    0   0   0   0   0   0   0   0   0  21  79   0   0   0   0   0   0   0   0   0  0.47 0.03
   22 K    -1   3   0  -1  -4   2   1  -2  -1  -3  -3   5  -2  -3  -1   0  -1  -3  -2  -3    0  16   0   0   0  11   0   0   0   0   0  73   0   0   0   0   0   0   0   0  0.57 0.04
   23 C    -1  -4  -3  -4  10  -4  -4  -3  -4  -2  -2  -4  -2  -3  -3  -1  -1  -3  -3  -1    0   0   0   0 100   0   0   0   0   0   0   0   0   0   0   0   0   0   0   0  1.57 0.07
   24 K    -1   2   0  -1  -4   1   1  -2  -1  -3  -3   5  -2  -4  -1   0  -1  -3  -2  -3    0   0   0   0   0   0   0   0   0   0   0 100   0   0   0   0   0   0   0   0  0.67 0.05
   25 I    -1  -3  -4  -4  -1  -3  -3  -4  -3   4   2  -3   2   0  -3  -2  -1  -3  -1   3    0   0   0   0   0   0   0   0   0  58  18   0   5   0   0   0   0   0   0  18  0.38 0.03
   26 T     0  -1   0  -1  -1  -1  -1  -2  -2  -1  -2  -1  -1  -3  -1   2   5  -3  -2  -1    0   0   0   0   0   0   0   0   0   0   0   0   0   0   0  20  80   0   0   0  0.52 0.04
   27 K     0  -2  -1  -1  -3  -1  -2   6  -2  -3  -3   0  -3  -3  -2   0  -2  -2  -3  -3    1   0   0   0   0   0   1  85   0   0   1   8   0   0   0   1   0   0   0   1  0.84 0.02
   28 A     1  -2   0   1  -2  -1  -1   5  -2  -3  -3  -1  -2  -3  -2   0   1  -3  -3  -2   16   0   0  10   0   0   0  59   0   0   0   0   0   0   0   0  15   0   0   0  0.54 0.02
   29 C    -1  -4  -3  -4  10  -3  -4  -3  -3  -2  -2  -4  -2  -3  -3  -1  -1  -3  -3  -1    0   0   0   0 100   0   0   0   0   0   0   0   0   0   0   0   0   0   0   0  1.45 0.05

                      K         Lambda
Standard Ungapped    0.1304     0.3214
Standard Gapped      0.0410     0.2670
PSI Ungapped         0.1304     0.3214
PSI Gapped           0.0410     0.2670
