
Last position-specific scoring matrix computed, weighted observed percentages rounded down, information per position, and relative weight of gapless real matches to pseudocounts
            A   R   N   D   C   Q   E   G   H   I   L   K   M   F   P   S   T   W   Y   V   A   R   N   D   C   Q   E   G   H   I   L   K   M   F   P   S   T   W   Y   V
    1 K    -1   3   0  -1  -3   1   1  -2  -1  -3  -3   5  -2  -3  -1   0  -1  -3  -2  -3    0  20   0   0   0   0   0   0   0   0   0  80   0   0   0   0   0   0   0   0  0.57 0.02
    2 Y    -1  -2   2  -1  -3  -1  -2  -2   1  -2  -2  -1  -2   2  -3   0  -1   1   6  -2    0   0  22   0   0   0   0   0   0   0   0   0   0   0   0  13   0   0  65   0  0.57 0.04
    3 Y    -2  -2  -3  -4  -3  -2  -2  -4   1  -2  -1  -2  -1   3  -3  -2  -2   2   8  -2    0   0   0   0   0   0   0   0   0   0   0   0   0   0   0   0   0   0 100   0  1.11 0.06
    4 G     0  -3  -1  -2  -3  -2  -2   6  -2  -4  -4  -2  -3  -4  -3  -1  -2  -3  -3  -4    0   0   0   0   0   0   0 100   0   0   0   0   0   0   0   0   0   0   0   0  1.16 0.04
    5 N    -2  -1   7   1  -3   0  -1  -1   0  -4  -4   0  -3  -3  -2   0   0  -4  -3  -3    0   0 100   0   0   0   0   0   0   0   0   0   0   0   0   0   0   0   0   0  0.91 0.05
    6 G     0  -3  -1  -2  -3  -2  -2   6  -2  -4  -4  -2  -3  -4  -3  -1  -2  -3  -3  -4    0   0   0   0   0   0   0 100   0   0   0   0   0   0   0   0   0   0   0   0  1.16 0.04
    7 V    -1  -3  -3  -4  -1  -2  -3  -4  -3   2   2  -3   1  -1  -3  -2   0  -3  -1   4    0   0   0   0   0   0   0   0   0   0  26   0   0   0   0   0   0   0   0  74  0.38 0.03
    8 S    -1  -1  -1  -2  -2  -1  -1  -2   4  -2  -2  -1  -1   1  -2   1   1   1   5  -2    0   0   0   0   0   0   0   0  18   0   0   0   0   0   0  22  11   0  50   0  0.46 0.03
    9 C    -1  -4  -3  -4  10  -3  -4  -3  -4  -2  -2  -4  -2  -3  -3  -1  -1  -3  -3  -1    0   0   0   0 100   0   0   0   0   0   0   0   0   0   0   0   0   0   0   0  1.55 0.07
   10 N    -1  -1   5   1  -3  -1  -1   2   0  -3  -4  -1  -2  -3  -2   0   1  -4  -3  -3    0   0  71   0   0   0   0  19   0   0   0   0   0   0   0   0  10   0   0   0  0.61 0.04
   11 K    -1   1   2   0  -3   2   1  -1  -1  -3  -3   4  -2  -3  -1   1   0  -3  -2  -3    0   0  13   0   0  12   0   0   0   0   0  64   0   0   0  11   0   0   0   0  0.43 0.03
   12 N    -1   1   1   0  -3   1   2  -2   4  -3  -3   3  -2  -3  -1   1  -1  -3  -1  -3    0   0   8   0   0   0  14   0  19   0   0  47   0   0   0  13   0   0   0   0  0.36 0.02
   13 G     0   1   0  -1  -3   0   0   3  -1  -3  -3   3  -2  -3  -1   1  -1  -3  -2  -3    0   0   0   0   0   0   0  32   0   0   0  50   0   0   0  19   0   0   0   0  0.40 0.03
   14 C    -1  -4  -3  -4  10  -3  -4  -3  -4  -2  -2  -4  -2  -3  -3  -1  -1  -3  -3  -1    0   0   0   0 100   0   0   0   0   0   0   0   0   0   0   0   0   0   0   0  1.55 0.07
   15 T    -1  -2  -1  -2  -2  -1  -2  -2  -2  -2  -2  -2  -2  -1  -2   2   2   9   1  -2    0   0   0   0   0   0   0   0   0   0   0   0   0   0   0  34  16  50   0   0  1.04 0.05
   16 V     0  -3  -3  -4  -1  -3  -3  -4  -4   2   1  -3   1  -1  -3  -2   0  -3  -2   5    0   0   0   0   0   0   0   0   0   0   0   0   0   0   0   0   0   0   0 100  0.47 0.04
   17 D    -2  -2   4   6  -4   0   1  -1  -1  -4  -4  -1  -3  -4  -2   0  -1  -5  -3  -3    0   0  25  75   0   0   0   0   0   0   0   0   0   0   0   0   0   0   0   0  0.86 0.04
   18 W    -3  -3  -4  -5  -3  -3  -3  -3  -3  -3  -2  -4  -2   1  -4  -3  -3  12   2  -3    0   0   0   0   0   0   0   0   0   0   0   0   0   0   0   0   0 100   0   0  2.68 0.08
   19 S     0  -2   2  -1  -2  -1  -2   5  -2  -4  -4  -1  -3  -3  -2   1  -1  -3  -3  -3    0   0  14   0   0   0   0  66   0   0   0   0   0   0   0  20   0   0   0   0  0.69 0.03
   20 K    -1   1   0   0  -3   3   3  -2   0  -3  -2   3  -1  -2  -1   0   0  -2   1  -2    0   0   0   0   0  24  25   0   0   0   0  33   0   0   0   0   8   0  10   0  0.37 0.02
   21 A     4  -2  -2  -2  -1  -1  -1   0  -2  -2  -2  -1  -1  -3  -1   1   1  -3  -2   0   88   0   0   0   0   0   0   0   0   0   0   0   0   0   0   0  12   0   0   0  0.44 0.04
   22 I     1   0  -2  -2  -2  -1  -1  -2  -2   2   0   2   0  -1  -2   0   1   4  -1   0   23   0   0   0   0   0   0   0   0  30   0  26   0   0   0   0  11  10   0   0  0.15 0.02
   23 G     0  -2   0  -1  -2  -1   1   4  -2  -3  -3  -1  -2  -3  -2   0   2  -3  -3  -2    0   0   0   0   0   0  13  54   0   0   0   0   0   0   0   0  33   0   0   0  0.51 0.03
   24 I    -1  -1   3   0   3  -1   1   1  -1   1  -1  -1  -1  -2  -2   0   1  -3  -2   0    0   0  31   0  11   0  14  11   0  22   0   0   0   0   0   0  12   0   0   0  0.16 0.02
   25 I    -2  -3  -4  -4  -2  -3  -4  -4  -4   5   1  -3   1   0  -3  -3  -1  -3  -2   2    0   0   0   0   0   0   0   0   0 100   0   0   0   0   0   0   0   0   0   0  0.53 0.04
   26 G     2  -2  -1  -2  -2  -2  -2   4  -2   0  -2  -2  -1  -2  -2   0  -1  -3  -2   0   23   0   0   0   0   0   0  54   0  11   0   0   0   0   0   0   0   0   0  12  0.43 0.02
   27 N    -1   0   5   1  -3   2   0   1   0  -4  -3   1  -2  -3  -2   0  -1  -4  -2  -3    0   0  63   0   0  11   0  13   0   0   0  14   0   0   0   0   0   0   0   0  0.52 0.03
   28 N    -2  -1   5   0  -2  -1  -1  -1   0   1  -1  -1  -1  -2  -2   0   1  -4  -2   0    0   0  63   0   0   0   0   0   0  26   0   0   0   0   0   0  11   0   0   0  0.38 0.03
   29 A     2  -2  -1  -2  -1  -1  -1   1  -2   1  -1  -1   0  -2  -2   2   0  -3  -2   2   23   0   0   0   0   0   0  11   0  14   0   0   0   0   0  29   0   0   0  24  0.16 0.01
   30 A     2  -2  -3  -3  -1  -2  -2  -2  -3   2   0  -2   0  -1  -2   0   0  -3  -2   3   41   0   0   0   0   0   0   0   0  25   0   0   0   0   0   0   0   0   0  34  0.23 0.02
   31 A     2  -1   1  -1  -1  -1  -1  -1  -1  -1   0  -1   3  -1  -2   1   0  -2  -2   0   30   0  14   0   0   0   0   0   0   0   0   0  33   0   0  13   0   0   0   0  0.11 0.02
   32 N     0  -1   5   0  -3  -1  -1   4  -1  -3  -4  -1  -2  -3  -2   0  -1  -3  -3  -3   11   0  52   0   0   0   0  37   0   0   0   0   0   0   0   0   0   0   0   0  0.56 0.03
   33 L    -2  -3  -3  -4  -2  -2  -3   2  -3  -2   1  -3  -1   0  -4  -2  -2  10   1  -2    0   0   0   0   0   0   0  22   0   0  22   0   0   0   0   0   0  56   0   0  1.21 0.05
   34 T     2  -2  -2  -3  -1  -2  -2  -1  -2   1   2  -2   1  -1  -2   0   1  -2  -2   1   39   0   0   0   0   0   0   0   0   0  33   0   0   0   0   0  15   0   0  14  0.18 0.02
   35 T     0  -1   2  -1  -1  -1  -1   1  -1  -2  -2  -1  -1  -3  -1   2   4  -3  -2  -1    0   0  14   0   0   0   0  11   0   0   0   0   0   0   0  13  63   0   0   0  0.38 0.03
   36 G     0  -2   0  -2  -3  -2  -2   6   3  -4  -4  -2  -3  -3  -2  -1  -2  -3  -2  -4    0   0   0   0   0   0   0  86  14   0   0   0   0   0   0   0   0   0   0   0  0.94 0.04
   37 G     1  -2  -1  -2  -2  -2  -2   6  -2  -4  -4  -2  -3  -3  -2   0  -2  -3  -3  -3   14   0   0   0   0   0   0  86   0   0   0   0   0   0   0   0   0   0   0   0  0.92 0.03
   38 A     1  -1   4   0  -2   0  -1  -1   3   0  -1   0  -1  -2  -2   0   0  -3  -1  -1   19   0  39   0   0   0   0   0  14  18   0   9   0   0   0   0   0   0   0   0  0.19 0.01
   39 A     3  -1  -2  -2  -1   1   0   0  -1  -2  -2  -1  -1  -3   3   1   0  -3  -2  -1   68   0   0   0   0  14   0   0   0   0   0   0   0   0  18   0   0   0   0   0  0.43 0.02
   40 G     0  -3  -1  -2  -3  -2  -2   6  -2  -4  -4  -2  -3  -3  -2   0  -2  -3  -3  -3    0   0   0   0   0   0   0 100   0   0   0   0   0   0   0   0   0   0   0   0  1.11 0.02
   41 W    -3  -2   1  -3  -3  -2  -2  -2  -2  -3  -2  -3  -2   0  -4  -2  -2  11   2  -3    0   0  18   0   0   0   0   0   0   0   0   0   0   0   0   0   0  82   0   0  1.87 0.03
   42 N    -1   0   3   0  -3   0   0  -1   7  -3  -3  -1  -2  -2  -2   1  -1  -3   1  -3    0   0  30   0   0   0   0   0  56   0   0   0   0   0   0  14   0   0   0   0  0.57 0.01
   43 K     0   2   0  -1  -2   1   1  -1  -1  -3  -3   4  -2  -3  -1   2   0  -3  -2  -2    0   0   0   0   0   0   0   0   0   0   0  73   0   0   0  27   0   0   0   0  0.41 0.01
   44 G     0  -2   0  -1  -3  -2  -2   6  -2  -4  -4  -2  -3  -3  -2   0  -2  -3  -3  -3    0   0   0   0   0   0   0 100   0   0   0   0   0   0   0   0   0   0   0   0  1.04 0.00

                      K         Lambda
Standard Ungapped    0.1319     0.3114
Standard Gapped      0.0405     0.2670
PSI Ungapped         0.1324     0.3181
PSI Gapped           0.0405     0.2670
