
Last position-specific scoring matrix computed, weighted observed percentages rounded down, information per position, and relative weight of gapless real matches to pseudocounts
            A   R   N   D   C   Q   E   G   H   I   L   K   M   F   P   S   T   W   Y   V   A   R   N   D   C   Q   E   G   H   I   L   K   M   F   P   S   T   W   Y   V
    1 M    -1  -2  -2  -3  -2  -1  -2  -3  -2   1   2  -2   6   0  -3  -2  -1  -2  -1   1    0   0   0   0   0   0   0   0   0   0   0   0 100   0   0   0   0   0   0   0  0.42 0.02
    2 Q     2   0  -1  -1  -2   5   1  -1   0  -2  -2   1  -1  -3  -1   0  -1  -2  -2  -1   38   0   0   0   0  62   0   0   0   0   0   0   0   0   0   0   0   0   0   0  0.40 0.01
    3 Q    -1   0  -1  -1   6   4   1  -2  -1  -2  -2   0  -1  -3  -2   0  -1  -2  -2  -2    0   0   0   0  38  62   0   0   0   0   0   0   0   0   0   0   0   0   0   0  0.56 0.01
    4 R     3   2  -1  -2  -1   0   0  -1  -1  -2  -2   2  -1  -3  -1   1   1  -3  -2  -1   55  11   0   0   0   0   0   0   0   0   0  22   0   0   0   0  12   0   0   0  0.27 0.02
    5 G     2  -2  -1  -2  -2  -1  -1   5   4  -3  -3  -1  -2  -3  -2   0  -1  -3  -1  -2   22   0   0   0   0   0   0  56  22   0   0   0   0   0   0   0   0   0   0   0  0.57 0.03
    6 L    -2  -3  -4  -4  -2  -3  -3  -4  -3   1   5  -3   2   0  -3  -3  -2  -2  -1   1    0   0   0   0   0   0   0   0   0   0 100   0   0   0   0   0   0   0   0   0  0.59 0.06
    7 A     2  -2  -2  -3  -1  -2  -2  -2  -2   0   2  -2   0  -1   2   0   1  -3  -2   0   34   0   0   0   0   0   0   0   0   0  42   0   0   0  13   0  11   0   0   0  0.24 0.03
    8 I    -2  -3  -4  -4  -2  -3  -3  -4  -3   2   3  -3   1   3  -3  -3  -1  -1   0   2    0   0   0   0   0   0   0   0   0   9  51   0   0  25   0   0   0   0   0  15  0.37 0.03
    9 V    -1  -2  -4  -4  -1  -2  -3  -4  -3   2   4  -3   3   0  -3  -2  -1  -2  -1   2    0   0   0   0   0   0   0   0   0   0  70   0  11   0   0   0   0   0   0  19  0.43 0.04
   10 A     3  -2  -2  -3  -1  -2  -2  -1  -2   1   1  -2   0  -1  -2   0   0  -3  -2   2   55   0   0   0   0   0   0   0   0   0  15   0   0   0   0   0   0   0   0  30  0.24 0.04
   11 L     2  -2  -3  -3  -1  -2  -2  -2  -3   2   3  -2   1  -1  -2  -1  -1  -2  -2   2   30   0   0   0   0   0   0   0   0  15  44   0   0   0   0   0   0   0   0  11  0.23 0.03
   12 A     4  -2  -2  -2   4  -1  -1   0  -2  -2  -2  -1  -1  -3  -1   1   0  -3  -2  -1   85   0   0   0  15   0   0   0   0   0   0   0   0   0   0   0   0   0   0   0  0.50 0.06
   13 V     1  -3  -3  -3  -1  -2  -3  -3  -3   2   0  -2   0   2  -3  -1  -1  -2   0   3   15   0   0   0   0   0   0   0   0  15   0   0   0  15   0   0   0   0   0  55  0.26 0.04
   14 C    -1  -4  -3  -4   9  -3  -4  -3  -3  -1   1  -3   0  -2  -3  -2  -1  -3  -2  -1    0   0   0   0  75   0   0   0   0   0  25   0   0   0   0   0   0   0   0   0  1.08 0.08
   15 A     0  -2  -2   1   4  -2  -2  -3  -1   1   1  -2   0   0  -3  -1  -1  -1   2   1    9   0   0  15  15   0   0   0   0   0  25   0   0   0   0   0   0   0  15  21  0.15 0.02
   16 A     3  -1  -1  -2  -1   2  -1  -1  -2   1  -1  -1  -1  -2  -1   1   0  -3  -2   0   55   0   0   0   0  15   0   0   0  15   0   0   0   0   0  15   0   0   0   0  0.24 0.04
   17 L    -1  -2  -2  -3  -2  -2  -2  -3   3   0   1  -2   0   4  -3  -1   1   0   3   1    0   0   0   0   0   0   0   0  11   0  19   0   0  26   0   0  15   0  13  15  0.23 0.03
   18 H    -1  -2  -2  -2  -2   1  -1  -3   2  -1   2  -1   0  -2   5   0  -1  -3  -2  -1    0   0   0   0   0   9   0   0   8   0  35   0   0   0  35  13   0   0   0   0  0.50 0.05
   19 A     2  -2  -1  -2   5  -1  -2  -1  -2   0  -1  -1  -1  -2  -2   2   2  -3  -2   0   20   0   0   0  22   0   0   0   0  13   0   0   0   0   0  22  22   0   0   0  0.29 0.04
   20 S     3  -1   0   2  -1  -1   0   0  -2  -2  -3  -1  -2  -3  -1   3   0  -3  -2  -1   40   0   0  13   0   0   0   0   0   0   0   0   0   0   0  47   0   0   0   0  0.38 0.05
   21 E     1  -1  -1   0  -3   3   3  -2  -1  -3  -3   0  -2  -3   4   1  -1  -3  -2  -2   11   0   0   0   0  21  31   0   0   0   0   0   0   0  25  13   0   0   0   0  0.56 0.05
   22 A     3  -2  -2  -2  -1  -2  -2  -1  -2   1   0  -2   0   1  -2   1   0  -2  -1   2   41   0   0   0   0   0   0   0   0  13   0   0   0  11   0  11   0   0   0  25  0.18 0.04
   23 I     0  -2  -1  -1  -2  -1   1   2  -2   1   0  -1   0  -2  -2   0   1  -3  -2   0    8   0   0   0   0   0  21  25   0  22  11   0   0   0   0   0  13   0   0   0  0.14 0.03
   24 L     1  -2  -2  -2  -1  -2  -2  -2  -2   1   2  -2   1  -1  -2   1   0  -2  -2   0   21   0   0   0   0   0   0   0   0  13  41   0   0   0   0  25   0   0   0   0  0.18 0.04
   25 P     1  -2  -1   3  -3  -1   0  -2  -2  -3  -3  -1  -3  -4   6   0  -1  -4  -3  -2   21   0   0  25   0   0   0   0   0   0   0   0   0   0  54   0   0   0   0   0  1.04 0.07
   26 I    -1  -2  -2  -2  -2  -1  -2  -2  -2   1   0  -1   1  -2   5   1   0  -3  -2   1    1   0   0   0   0   0   1   1   0  12   8   1   7   0  33  16   1   0   0  18  0.43 0.05
   27 A     1  -2   1  -1  -2  -1  -1  -1  -2  -2  -2  -1  -2   2   5   1  -1  -2  -1  -2   21   0  12   0   0   0   0   1   0   0   1   0   0  18  31  13   0   0   0   0  0.48 0.08
   28 S     0  -1   0  -1  -2   1   2  -2  -1  -2  -2  -1  -2   0  -2   3   3  -2   1  -2    0   0   0   0   0   7  23   0   0   0   0   0   0   7   0  33  25   0   5   0  0.32 0.09
   29 S     0  -2   0   5  -2  -1   0  -1  -2  -3  -3  -1  -3  -4  -2   3   1  -4  -3  -3    7   0   0  44   0   0   0   0   0   0   0   0   0   0   0  43   7   0   0   0  0.59 0.12
   30 C    -2  -5  -4  -5  10  -4  -5  -4  -4  -2  -2  -4  -3  -4  -4  -2  -2  -4  -4  -2    0   0   0   0 100   0   0   0   0   0   0   0   0   0   0   0   0   0   0   0  2.29 0.26
   31 C    -2  -5  -4  -5  10  -4  -5  -4  -4  -2  -2  -4  -3  -4  -4  -2  -2  -4  -4  -2    0   0   0   0 100   0   0   0   0   0   0   0   0   0   0   0   0   0   0   0  2.29 0.26
   32 T    -1  -2  -2  -3  -2  -2  -3  -3  -3   0   3  -2   1   2  -3  -1   3  -2  -1   0    0   0   0   0   0   0   0   0   0   0  51   0   0  11   0   0  39   0   0   0  0.40 0.11
   33 E     1   0  -1  -1  -2   2   1   1  -1  -3  -3   1  -2  -2  -2   2   0  -2   1  -2   16   0   0   0   0  12  13  11   0   0   0  13   0   0   0  22   6   0   7   0  0.23 0.05
   34 V    -2  -3  -3  -4  -3  -3  -3  -4   0   1   1  -3  -1   3  -4  -3  -2   1   7   1    0   0   0   0   0   0   0   0   0   7  12   0   0   7   0   0   0   0  61  13  0.77 0.14
   35 S    -1  -1   0  -1  -2   2   0  -1   4  -2  -2  -1  -1   0  -1   2   0   0   4  -2    2   1   1   1   0  12   1   2  16   1   2   1   1   1   1  28   1   0  25   1  0.30 0.07
   36 H    -1   2   0  -1  -2   1   1  -2   5  -2  -2   0  -1  -1  -1   0   0  -2   1  -2    2  20   1   1   0   7   8   2  31   1   2   1   1   1   1   7   6   0   6   1  0.33 0.06
   37 H    -1   2  -1  -1  -3   1   0  -2   5  -2  -2   1  -2  -2   4  -1  -1  -2  -1  -2    2  19   1   1   0   8   1   2  25   1   2   8   1   1  22   2   1   0   1   1  0.46 0.06
   38 I     0  -2  -2  -2  -1  -2  -2  -2  -2   3   2   0   1  -1  -2  -1  -1  -2  -1   2   12   1   1   1   0   1   1   1   0  33  24   7   0   1   1   1   1   0   1  12  0.17 0.04
   39 S     0   0  -1  -1  -2  -1  -1   0  -2   0  -1   1  -1  -2   3   2   2  -3  -2  -1    0   6   0   0   0   0   0   5   0   7   8  12   0   0  17  27  16   0   0   0  0.25 0.06
   40 R    -1   1  -1   1  -3  -1  -1   0  -2  -3  -2   0  -2   1   3   1  -1   6  -1  -3    0   9   0  12   0   0   0   5   0   0   1   7   0   7  19  20   0  17   0   0  0.44 0.07
   41 R     0   5   1  -2  -3   0  -1  -2  -1  -3  -3   2  -2  -3  -2   0  -1  -3  -2  -2   12  56   7   0   0   0   0   0   0   0   1  14   0   0   0   7   0   0   0   0  0.55 0.10
   42 L    -1   1  -2  -3  -2   0  -1  -3  -2   2   2   1   1   1  -2  -2  -1  -2  -1   1    5   7   0   0   0   5   0   0   0  12  36  12   0   7   0   0   0   0   0  12  0.14 0.04
   43 L    -1  -2  -3  -3  -2  -2  -3  -3  -3   2   4  -2   1   0   1  -2  -1  -2  -2   2    1   1   0   1   0   0   1   1   0   6  65   1   0   0   7   1   1   0   0  14  0.39 0.08
   44 E    -1   4  -1  -1  -3   1   2  -2   3  -2  -2   1   1  -2  -2  -1  -1  -2  -1  -1    1  35   1   1   0   1  21   1  11   1   2   6   6   1   1   1   1   0   1   8  0.29 0.06
   45 R    -2   5   1  -1  -3   0   0  -2   2  -3  -2   2  -1   0  -2  -1  -1  -2  -1  -2    1  59   7   1   0   1   1   1   7   1   2   8   0   6   1   1   1   0   1   1  0.50 0.09
   46 V     2  -2   0  -2  -1  -2  -2  -2  -2   2   0  -2   0   0  -2   0   0  -2  -1   3   23   1   6   1   0   1   1   1   0  15   1   1   0   6   1   6   1   0   0  34  0.14 0.05
   47 N    -1   0   1  -2  -2   0  -1  -2   1   1   0  -1   0   1  -2  -1  -1   3   0   2    1   7   9   1   0   6   1   1   6   7   1   1   0  11   1   5   1   5   0  35  0.09 0.05
   48 M     0  -1   1  -1  -2   0  -1   3   1   0  -2  -1   0  -2  -2   2   0  -3  -2   0    1   0   7   0   0   7   0  28   5   5   1   0   4   0   0  24   5   0   0  11  0.19 0.05
   49 C     0  -3  -3  -4   4  -2  -3  -3   0  -1  -1  -3   3   3  -3  -2  -2   0   6   0    7   0   0   0  13   0   0   0   0   0   0   0  16  15   0   0   0   0  42   7  0.58 0.12
   50 R    -1   3   0   2  -3   3   2  -2   2  -3  -3   1  -2  -3  -2   0   1  -3  -2  -3    0  27   0  18   0  18  12   0   6   0   0   0   0   0   0   4  15   0   0   0  0.39 0.08
   51 I    -2   2  -2  -2  -3   1  -1  -3  -1   1   1   1   0   0  -3  -1   0  -1   3   0    0  20   0   0   0   6   0   0   0  18  18  13   0   0   0   0   6   0  18   0  0.18 0.06
   52 Q     0   0  -1  -1  -3   6   1  -2   0  -3  -2   0  -1  -1  -2  -1  -1  -1   3  -2    8   0   0   0   0  69   0   0   0   0   1   0   0   0   0   0   0   0  18   0  0.71 0.15
   53 R    -1   2  -1   1  -3   1   4  -3  -1  -2   0   0   2  -2  -2  -1  -1  -3  -2  -2    1  14   0   6   0   0  53   0   0   0  13   0  10   0   0   0   0   0   0   0  0.41 0.10
   54 A     3  -2  -2  -2  -1  -1  -2  -1  -2   0  -1  -1  -1  -2   1   0   2  -3  -2   2   47   0   0   0   0   0   0   1   0   0   1   0   0   0   7   1  18   0   0  23  0.29 0.08
   55 D    -1  -1   3   4  -2  -1   0  -1  -1  -3  -3  -1  -3  -3  -2   3   0  -4  -3  -3    1   0  19  35   0   0   0   1   0   0   1   0   0   0   0  40   0   0   0   0  0.54 0.10
   56 G     0  -2  -1  -1  -2  -1   1   5  -2  -3  -1  -1  -2  -3  -2   1  -1  -3  -3  -3    1   0   0   0   0   0  15  54   0   0   7   0   0   0   0  18   0   0   0   0  0.53 0.09
   57 D     1  -1   1   3  -2   1   0   1  -1  -2  -1  -1  -1  -3  -2   2   0  -3  -3  -2   10   0   7  25   0   7   0  11   0   0  11   0   0   0   0  29   0   0   0   0  0.26 0.07
   58 C    -2  -5  -4  -5  10  -4  -5  -4  -4  -2  -2  -4  -3  -4  -4  -2  -2  -4  -4  -2    0   0   0   0 100   0   0   0   0   0   0   0   0   0   0   0   0   0   0   0  2.29 0.26
   59 D    -1  -1   3   4  -3  -1   0  -2   4  -4  -4  -1  -3  -3   3   1  -1  -4  -2  -3    0   0  22  28   0   0   0   0  19   0   0   0   0   0  14  17   0   0   0   0  0.56 0.10
   60 L    -2  -1  -3  -3  -2   0  -2  -4   1   2   3   0   1  -1  -3  -2  -2  -3  -1   0    0   0   0   0   0   5   0   0   7  21  54  12   0   0   0   0   0   0   0   0  0.30 0.09
   61 A     2   0   2  -1  -3   1  -1  -2  -2  -3  -3  -1  -2  -4   5   0  -1  -4  -3  -2   27   6  15   0   0  12   0   0   0   0   0   0   0   0  40   0   0   0   0   0  0.73 0.11
   62 A     5  -2  -2  -2  -1  -2  -2   2  -2  -2  -2  -2  -2  -3  -2   0  -1  -3  -3  -1   86   0   0   0   0   0   0  14   0   0   0   0   0   0   0   0   0   0   0   0  0.69 0.15
   63 V     0  -3  -4  -4  -2  -3  -3  -4  -4   4   0  -3   0   1  -3  -2  -1  -3  -1   4    5   0   0   0   0   0   0   0   0  28   0   0   0   7   0   0   0   0   0  60  0.50 0.11
   64 I    -2   0  -4  -4  -2  -3  -3  -4  -4   5   1  -3   0  -1  -3  -3  -1  -3  -2   3    0   6   0   0   0   0   0   0   0  58   6   0   0   0   0   0   0   0   0  29  0.50 0.11
   65 L    -3  -4  -4  -4  -3  -4  -4  -4  -2   0   2  -4   0   7  -4  -3  -3   0   2  -1    0   0   0   0   0   0   0   0   0   0  25   0   0  75   0   0   0   0   0   0  0.98 0.16
   66 H    -2  -2  -2  -3  -3  -1  -2  -3   6   1   1  -2   0   2  -3  -2  -2  -1   3   0    0   0   0   0   0   0   0   0  40  14  17   0   0  11   0   0   0   0  11   7  0.46 0.11
   67 V    -1  -2  -2  -3  -2  -2  -2  -3  -3   0   2  -2   0   3   1  -1   3  -2   0   1    0   0   0   0   0   0   0   0   0   0  22   0   0  17   6   0  41   0   0  13  0.29 0.09
   68 K     0   3  -1  -2  -3   0   0  -2  -1  -3  -3   4  -2  -4   3  -1  -1  -4  -3  -3   12  25   0   0   0   0   0   0   0   0   0  48   0   0  16   0   0   0   0   0  0.59 0.11
   69 R    -2   4  -1  -2  -4   3   0  -3  -1  -4  -3   5  -2  -4  -2  -1  -1  -3  -2  -3    0  30   0   0   0  19   0   0   0   0   0  51   0   0   0   0   0   0   0   0  0.72 0.13
   70 R    -2   6  -1  -2  -4   0  -1  -3   2  -4  -3   3  -2  -4  -3  -1  -2  -4  -2  -3    0  71   0   0   0   0   0   0   7   0   0  22   0   0   0   0   0   0   0   0  0.92 0.15
   71 R    -1   2  -1  -1  -2   2   2  -2  -1  -2  -2   2   2  -3  -2   2   0  -3  -2  -1    0  13   0   0   0  11  14   0   0   0   0  16  11   0   0  29   0   0   0   6  0.25 0.07
   72 I    -1  -3  -4  -4  -2  -3  -3  -4  -4   4   2  -3   1  -1  -3  -3  -1  -3  -2   4    0   0   0   0   0   0   0   0   0  32  17   0   0   0   0   0   0   0   0  51  0.52 0.10
   73 C    -2  -5  -4  -5  10  -4  -5  -4  -4  -2  -2  -4  -3  -4  -4  -2  -2  -4  -4  -2    0   0   0   0 100   0   0   0   0   0   0   0   0   0   0   0   0   0   0   0  2.29 0.26
   74 V     3  -2  -2  -2  -1  -2  -2   2  -3   1  -1  -2  -1  -2  -2   0   1  -3  -2   2   39   0   0   0   0   0   0  17   0  11   0   0   0   0   0   0  14   0   0  19  0.25 0.07
   75 S    -2  -1   5   4  -3   0   0  -1   3  -4  -4   0  -3  -3  -2   1  -1  -4  -2  -3    0   0  41  29   0   0   0   0  12   0   0   5   0   0   0  13   0   0   0   0  0.62 0.11
   76 P    -2  -3  -3  -3  -4  -2  -2  -3  -3  -4  -4  -2  -4  -5   8  -2  -2  -5  -4  -4    0   0   0   0   0   0   0   0   0   0   0   0   0   0 100   0   0   0   0   0  2.46 0.23
   77 H    -1   1   1  -1  -3   2   2   0   3  -3  -3   3  -2  -3  -2   1  -1  -3  -1  -3    0   5   7   0   0  12  14   5  13   0   0  33   0   0   0  11   0   0   0   0  0.37 0.07
   78 N     0  -1   3   2  -3   2   2  -2  -1  -2  -1   0  -1  -3  -2   1  -1  -3  -2  -1    5   0  27  13   0  15  17   0   0   0   7   0   0   0   0  10   0   0   0   5  0.31 0.07
   79 H    -2   2   1   2  -3  -1  -1  -2   2   0   0   0   1  -2   3  -1   0  -3  -2  -1    0  14  10  14   0   0   0   0   9   6  13   5   6   0  17   0   5   0   0   0  0.22 0.05
   80 T    -2  -3   0  -3  -3  -2  -1  -3  -3  -3  -3  -3  -2  -1  -4   0   0  11   0  -1    0   0   6   0   0   0   5   0   0   0   0   0   0   0   0  12   8  64   0   5  1.65 0.20
   81 V    -1  -3  -4  -4  -2  -3  -3  -4  -4   2   2  -3   1  -1  -3  -3  -1  -3  -2   5    0   0   0   0   0   0   0   0   0   5  22   0   0   0   0   0   0   0   0  74  0.57 0.13
   82 K     0   1   1  -1  -3   4   1  -2  -1  -3  -3   3  -2  -4   1   0   0  -3  -2  -3    5   0   5   0   0  38   0   0   0   0   0  35   0   0   5   7   5   0   0   0  0.48 0.11
   83 Q    -2   4   1   1  -4   3   2  -3   0  -3  -3   1  -2   0  -2  -1  -1  -2   0  -3    0  33   5   7   0  26  18   0   0   0   0   0   0   5   0   0   0   0   5   0  0.46 0.09
   84 W     1  -3  -3  -3  -2  -2  -3  -1   2   1   0  -2  -1   0  -3  -2  -2   7   4   0   16   0   0   0   0   0   0   5   7  11   6   0   0   0   0   0   0  25  25   5  0.58 0.10
   85 M    -2  -3  -3  -4  -2  -2  -3  -4  -3   2   2  -3   6   2  -3  -3  -1  -2  -1   2    0   0   0   0   0   0   0   0   0  14  11   0  49  12   0   0   0   0   0  15  0.52 0.13
   86 K    -1   3   2   0  -3   2   2  -2   2  -3  -3   3  -2  -3  -2   0  -1  -3  -2  -3    0  16  17   0   0  13  12   0   6   0   0  32   0   0   0   5   0   0   0   0  0.44 0.08
   87 V    -1   0  -1   1  -2  -1   0  -3   3   1   1   1   0   0  -2  -1  -1  -3  -1   0    5   6   0  11   0   0   5   0  14  13  21  15   0   6   0   0   0   0   0   4  0.08 0.04
   88 Q    -2  -2  -3  -3  -2   3  -1  -4  -2   0   4  -2   1  -1  -3  -1  -1  -2  -2   0    0   0   0   0   0  22   0   0   0   0  73   0   0   0   0   5   0   0   0   0  0.45 0.12
   89 A     0  -1   0   4  -3   0   3   0  -1  -3  -3  -1  -3  -4  -2   1   0  -4  -3  -3   10   0   0  31   0   0  31   6   0   0   0   0   0   0   0  16   7   0   0   0  0.46 0.08
   90 A     2   1   1  -1  -2   0  -1  -1  -1  -1   0   2  -1  -2  -2   0  -1  -3  -2   0   35   8  13   0   0   0   0   0   0   0  13  24   0   0   0   0   0   0   0   6  0.16 0.05
   91 K    -1   5  -1  -2  -4   1   0  -2  -1  -3  -3   4  -2  -3  -2  -1   1  -3  -2  -3    0  47   0   0   0   0   0   0   0   0   0  43   0   0   0   0  10   0   0   0  0.66 0.10
   92 K    -1   1   1  -1  -2   0   0  -2  -1  -1   1   3   0  -2   3  -1  -1  -2  -2  -1    1   1   9   1   0   1   1   1   0   1  21  44   0   1  14   1   1   0   1   1  0.24 0.04
   93 N    -1   1   5   0  -3   1   0  -1   3  -3  -3   0  -2  -3  -2   0   1  -3  -1  -2    1  10  50   0   0  10   0   1  10   0   1   0   0   0   0   1  14   0   0   0  0.43 0.06
   94 G     0  -1  -1  -1  -2  -1  -1   3  -2  -2   0   0  -1  -2   3   0   0  -2  -2  -1    1   1   1   1   0   1   1  39   0   1  13  10   0   1  17   1   9   0   1   1  0.32 0.02
   95 K    -1   3  -1  -1  -2   1   0  -2  -1  -1  -1   3  -1  -2  -1  -1  -1  -2  -1   0    2  32   1   1   0   1   2   2   1   1   2  32   1   1   1   2   1   0   1  16  0.23 0.02
   96 G    -1   0   0   2  -2   0   1   2   3  -2  -2   2  -2  -2  -1   0  -1  -2  -1  -2    2   1   1  12   0   1  14  22  15   1   2  20   1   1   1   2   1   0   1   2  0.21 0.01
   97 N    -1  -1   4   0  -2  -1  -1  -1  -1  -3  -3  -1  -2  -2   3   1   0   6  -1  -2    1   1  45   1   0   1   1   1   0   1   1   1   0   0  19  12   1  14   0   1  0.53 0.04
   98 V    -1   0  -1  -2  -2   0  -1  -2  -2   2   0   3   0  -2  -2  -1   0  -3  -1   2    1   1   1   1   0   1   1   1   0  11   1  38   0   0   1   1   1   0   0  41  0.15 0.03
   99 C     0  -1  -1  -2   6   2  -1  -2  -2  -1  -2  -1  -1  -3   2   1   1  -3  -2   0    0   0   0   0  32  18   0   0   0   0   0   0   0   0  11  14  12   0   0  12  0.37 0.04
  100 H     1  -1   0  -1  -2  -1  -1   2   6  -2  -2  -1  -1   1  -2  -1  -1  -2   1  -2   15   1   1   1   0   1   1  19  44   1   1   1   0  13   1   1   1   0   0   1  0.34 0.03
  101 R     1   1   0  -1   5   0  -1  -1  -1  -1  -1   0  -1  -2  -1   2   0  -2  -1  -1   15  11   1   2  19   1   2   2   1   2   3   2   1   1   2  29   2   0   1   2  0.18 0.01
  102 K    -1   3   0   2  -2   1   1  -1  -1  -2  -2   3  -1  -2  -1   0  -1  -2  -2  -2    2  19   1  15   0   1   1   2   1   1   2  46   1   1   1   2   1   0   1   1  0.31 0.02
  103 K     0   1   0  -1  -2   2   0  -1  -1  -1   0   3   0  -2  -1   1   0  -2  -1  -1    2   1   1   1   0  13   1   2   1   1  14  39   1   1   1  16   1   0   1   1  0.17 0.02
  104 H    -1   0   0   2  -3   3   1  -2   6  -3  -3   0  -1  -2  -2  -1  -1  -2   0  -3    1   1   1  19   0  25   1   1  45   1   1   1   0   0   1   1   1   0   0   1  0.51 0.04
  105 H     1   2   0  -1  -2   0  -1  -2   4  -2   0   0  -1  -2  -2   2   1  -3  -1  -1   10  18   0   0   0   0   0   0  22   0  12   0   0   0   0  23  14   0   0   0  0.20 0.03
  106 G     0  -2  -1  -1  -3  -1   1   5  -2  -3  -3  -1  -2  -3  -2   0  -1  -2  -3  -3    1   1   1   1   0   1  15  75   0   1   1   1   0   0   1   1   1   0   0   1  0.72 0.04
  107 K    -1   4  -1  -1  -2   1   0  -2  -1  -1  -1   3  -1  -2  -2  -1  -1  -3  -2   1    1  38   1   1   0   1   1   1   0   1   1  32   0   0   1   1   1   0   0  19  0.31 0.03
  108 R    -1   4  -1  -1  -3   1   0  -2  -1  -3  -2   3  -2  -3   3  -1  -1  -3  -2  -2    1  44   1   1   0   1   1   1   0   1   1  27   0   0  19   1   1   0   0   1  0.52 0.03
  109 N    -1   1   4   0  -3   2   0  -2   0  -3  -2   3  -2   1  -2   0  -1  -3  -1  -3    0   0  34   0   0  12   0   0   0   0   0  43   0  11   0   0   0   0   0   0  0.36 0.04
  110 S     0  -1   2  -1  -2  -1  -1  -1  -1  -1   0  -1  -1   1   2   2   1  -2  -1  -1    0   0  18   0   0   0   0   0   0   0  12   0   0  11  12  34  12   0   0   0  0.22 0.03
  111 N    -1   0   3   0  -3   4   0   2   0  -3  -3   1  -2  -3  -2   1   0  -3  -2  -3    0   0  24   0   0  36   0  18   0   0   0  10   0   0   0  12   0   0   0   0  0.38 0.04
  112 R    -1   3   0   2  -3   0   0   2  -1  -3  -3   2  -2  -3  -2   0   1  -3  -2  -2    0  25   0  15   0   0   0  25   0   0   0  20   0   0   0   0  15   0   0   0  0.31 0.02
  113 A     1   0  -1  -1  -2   0   0  -1  -1  -2  -2   2  -1   2   3   1   0  -2  -1  -2   23   0   0   0   0   0   0   0   0   0   0  34   0  15  14  15   0   0   0   0  0.24 0.02
  114 H    -1   0   0   2  -3   3   0   2   6  -4  -3   0  -2  -3  -2  -1  -2  -3   0  -3    0   0   0  14   0  29   0  20  37   0   0   0   0   0   0   0   0   0   0   0  0.46 0.04
  115 Q     1   2  -1  -1  -2   3   0  -2  -1  -2   0   2   0  -2  -2   1   0  -3  -2  -1   15  14   0   0   0  23   0   0   0   0  15  20   0   0   0  14   0   0   0   0  0.20 0.02
  116 G     0  -1  -1  -1  -3  -1   1   5  -2  -4  -4   1  -3  -3  -2   0  -2  -3  -3  -3    0   0   0   0   0   0  12  74   0   0   0  14   0   0   0   0   0   0   0   0  0.74 0.04
  117 K     0  -1  -1  -2   5  -1  -1   3  -2  -3  -3   2  -2  -3   3  -1  -1  -3  -3  -2    0   0   0   0  22   0   0  34   0   0   0  25   0   0  19   0   0   0   0   0  0.48 0.02
  118 H    -1   0   0  -1  -3   2   0  -2   6  -3  -3   2  -2  -2   2  -1  -1  -3   0  -3    0   0   0   0   0  19   0   0  46   0   0  22   0   0  13   0   0   0   0   0  0.55 0.03
  119 E     1   4  -1  -1  -2   1   2  -2  -1  -2  -2   1  -1  -3  -2   0   1  -3  -2  -2   19  40   0   0   0   0  25   0   0   0   0   0   0   0   0   0  16   0   0   0  0.33 0.02
  120 T     0  -2  -1  -2  -1  -1  -1  -2  -2   1  -1  -1   0  -2  -2   2   4  -3  -2   2    0   0   0   0   0   0   0   0   0  13   0   0   0   0   0  19  49   0   0  19  0.26 0.02
  121 Y    -1   2   0   0  -3   1   2  -2   4  -3  -3   2  -2  -1  -2  -1  -1  -1   2  -3    0  18   0   0   0   0  26   0  16   0   0  25   0   0   0   0   0   0  14   0  0.35 0.01
  122 G     0   1   0  -1  -3   3   1   1  -1  -3  -3   3  -1  -3  -1   1   0  -3  -2  -2    0   0   0   0   0  26   0  14   0   0   0  43   0   0   0  16   0   0   0   0  0.35 0.02
  123 H     0  -1   1  -1  -2   0   0  -1   7  -3  -3  -1  -2  -2  -2   2   0  -3   1  -3    0   0   0   0   0   0   0   0  63   0   0   0   0   0   0  37   0   0   0   0  0.55 0.02
  124 K    -1   3   0  -1  -3   4   1  -2   0  -3  -2   3  -1  -3  -1   0  -1  -3  -2  -2    0  23   0   0   0  37   0   0   0   0   0  40   0   0   0   0   0   0   0   0  0.50 0.01
  125 T     0  -1   0  -1  -1  -1  -1  -1  -2  -1  -2  -1  -1  -2  -1   2   5  -3  -2   0    0   0   0   0   0   0   0   0   0   0   0   0   0   0   0  21  79   0   0   0  0.44 0.01
  126 P    -1  -2  -2  -2  -3  -1  -1  -2  -2  -3  -3  -1  -3  -4   8  -1  -1  -4  -3  -3    0   0   0   0   0   0   0   0   0   0   0   0   0   0 100   0   0   0   0   0  2.06 0.01
  127 Y    -2  -2  -2  -3  -3  -2  -2  -3   2  -1  -1  -2  -1   3  -3  -2  -2   2   7  -1    0   0   0   0   0   0   0   0   0   0   0   0   0   0   0   0   0   0 100   0  0.85 0.00

                      K         Lambda
Standard Ungapped    0.1313     0.3237
Standard Gapped      0.0385     0.2670
PSI Ungapped         0.1257     0.3178
PSI Gapped           0.0385     0.2670
