
Last position-specific scoring matrix computed, weighted observed percentages rounded down, information per position, and relative weight of gapless real matches to pseudocounts
            A   R   N   D   C   Q   E   G   H   I   L   K   M   F   P   S   T   W   Y   V   A   R   N   D   C   Q   E   G   H   I   L   K   M   F   P   S   T   W   Y   V
    1 G     0  -3  -1  -2  -3  -2  -2   6  -2  -4  -4  -2  -3  -4  -2   0  -2  -3  -3  -3    0   0   0   0   0   0   0  92   0   0   0   0   0   0   0   8   0   0   0   0  1.05 0.04
    2 L    -2  -3  -4  -4  -2  -3  -3  -4  -3   3   3  -3   1   2  -3  -3  -1  -2   0   2    0   0   0   0   0   0   0   0   0  48  31   0   0  15   0   0   0   0   0   6  0.36 0.02
    3 F    -2  -3  -3  -3  -2  -3  -3  -3  -2   0   1  -3   0   6  -4  -1  -2   0   2  -1    0   0   0   0   0   0   0   0   0   0  14   0   0  77   0   9   0   0   0   0  0.61 0.04
    4 T     1  -1   0  -1  -1   0  -1  -1  -1  -2  -3  -1  -2  -3  -1   4   2  -3  -2  -2    0   0   0   0   0   0   0   0   0   0   0   0   0   0   0  85  15   0   0   0  0.51 0.05
    5 L    -2  -3  -4  -4  -2  -3  -3  -4  -3   3   4  -3   2   0  -3  -3  -1  -2  -1   1    0   0   0   0   0   0   0   0   0  35  65   0   0   0   0   0   0   0   0   0  0.44 0.03
    6 I    -2  -3  -3  -4  -2  -3  -3  -4  -3   3   2  -3   1   4  -3  -3  -1  -1   1   2    0   0   0   0   0   0   0   0   0  35  18   0   0  32   0   0   0   0   0  15  0.35 0.02
    7 K    -1   3   0  -1  -3   1   0  -2  -1  -3  -3   5  -2  -3  -1   0   0  -3  -2  -2    0  16   0   0   0   0   0   0   0   0   0  76   0   0   0   0   8   0   0   0  0.54 0.04
    8 G     1  -2  -1  -2  -2  -2  -2   6  -2  -3  -3  -2  -3  -3  -2   0   1  -3  -3  -3    6   0   0   0   0   0   0  80   0   0   0   0   0   0   0   0  14   0   0   0  0.83 0.04
    9 A     3  -2  -2  -2  -1  -2  -2   2  -2   0  -1  -2  -1  -2  -2   0   0  -3  -2   2   53   0   0   0   0   0   0  15   0   0   0   0   0   0   0   0   0   0   0  32  0.25 0.03
   10 A     4  -2  -2  -2  -1  -1  -1   2  -2   0  -1  -1  -1  -2  -1   1   0  -3  -2   0   74   0   0   0   0   0   0  12   0   8   0   0   0   0   0   0   6   0   0   0  0.34 0.03
   11 K    -1   2   0  -1  -4   2   1  -2  -1  -3  -3   5  -2  -4  -1   0  -1  -3  -2  -3    0   0   0   0   0  10   0   0   0   0   0  90   0   0   0   0   0   0   0   0  0.62 0.05
   12 L    -1  -3  -3  -4  -2  -3  -3  -3  -2   2   3  -3   1   4  -3  -2  -1  -1   1   1    8   0   0   0   0   0   0   0   0  18  38   0   0  36   0   0   0   0   0   0  0.33 0.02
   13 I     2  -2  -3  -3  -1  -2  -2  -2  -3   2   1  -2   0   1  -2   0  -1  -2  -1   2   43   0   0   0   0   0   0   0   0  23  14   0   0   6   0   0   0   0   0  14  0.18 0.02
   14 G     0  -2  -1  -2  -2  -2  -2   5  -2  -1  -1  -2  -2  -3  -2   1   1  -3  -3  -2    0   0   0   0   0   0   0  63   0   6   6   0   0   0   0  16  10   0   0   0  0.53 0.03
   15 K    -1   2   0  -1  -4   1   1  -2  -1  -3  -3   6  -2  -4  -1  -1  -1  -3  -2  -3    0   0   0   0   0   0   0   0   0   0   0 100   0   0   0   0   0   0   0   0  0.68 0.06
   16 I     0  -2   2  -1  -2  -1  -2   4  -1  -1  -2  -1  -2  -3  -2   0   2  -3  -3  -1    0   0  20   0   0   0   0  43   0   5   0   0   0   0   0   0  32   0   0   0  0.42 0.03
   17 V    -1  -3  -4  -4  -1  -2  -3  -4  -3   2   4  -3   2   0  -3  -3  -1  -2  -1   2    0   0   0   0   0   0   0   0   0   0  82   0   0   0   0   0   0   0   0  18  0.46 0.03
   18 A     3  -2  -2  -2  -1  -2  -2   3  -2  -1   1  -2   0   1  -2   0  -1  -2  -1  -1   44   0   0   0   0   0   0  27   0   0  20   0   0   8   0   0   0   0   0   0  0.24 0.02
   19 K    -1   2   0  -1  -4   1   1  -2  -1  -3  -3   6  -2  -4  -1  -1  -1  -3  -2  -3    0   0   0   0   0   0   0   0   0   0   0 100   0   0   0   0   0   0   0   0  0.68 0.06
   20 E    -1   0   2   3  -3   2   4  -2   0  -3  -2   0   0  -3  -2   0  -1  -3  -2  -2    0   0  18  16   0  14  45   0   0   0   0   0   8   0   0   0   0   0   0   0  0.46 0.03
   21 A     3  -2  -2  -3  -1  -2  -2   2  -2   0   2  -2   1  -1  -2   0  -1  -2  -2   0   46   0   0   0   0   0   0  15   0   0  33   0   6   0   0   0   0   0   0   0  0.20 0.02
   22 G     1  -2  -1  -2  -2  -2  -2   6  -2  -4  -4  -2  -3  -3  -2   0   0  -3  -3  -3    9   0   0   0   0   0   0  84   0   0   0   0   0   0   0   0   6   0   0   0  0.90 0.04
   23 K    -1   3   0  -1  -4   1   0  -2  -1  -3  -3   5  -2  -4  -1  -1  -1  -3  -2  -3    0   9   0   0   0   0   0   0   0   0   0  91   0   0   0   0   0   0   0   0  0.64 0.05
   24 T     2  -2  -2  -2  -1  -1  -2  -2  -2   0   1  -1   2   1  -2   0   2  -2  -1   1   28   0   0   0   0   0   0   0   0   0  16   0  18   9   0   0  23   0   0   6  0.15 0.02
   25 G     0  -3  -1  -2  -3  -2  -3   6  -2  -4  -4  -2  -3  -4  -3  -1  -2  -3  -4  -4    0   0   0   0   0   0   0 100   0   0   0   0   0   0   0   0   0   0   0   0  1.18 0.05
   26 L     0  -2  -3  -4  -1  -2  -3  -3  -3   1   3  -2   2   0  -3  -2  -1  -2  -1   2   15   0   0   0   0   0   0   0   0   0  64   0   6   0   0   0   0   0   0  16  0.31 0.02
   27 E    -1  -1   2   4  -4   1   5  -2   0  -4  -3   0  -3  -4  -2   0  -1  -4  -3  -3    0   0   9  24   0   0  67   0   0   0   0   0   0   0   0   0   0   0   0   0  0.69 0.04
   28 L    -2  -2  -2  -3  -2  -2  -2  -3   4   1   3  -2   1   1  -3  -2   0  -2   0   0    0   0   0   0   0   0   0   0  21   0  66   0   0   6   0   0   8   0   0   0  0.30 0.03
   29 M     0  -2  -3  -4  -1  -2  -3  -3  -3   2   2  -2   3   0  -3  -2  -1  -2  -1   3    5   0   0   0   0   0   0   0   0  10  28   0  23   0   0   0   0   0   0  33  0.29 0.02
   30 A     4  -2  -1  -2  -1  -1  -1   1  -2  -2  -2  -1   0  -2  -1   2   0  -3  -2  -1   77   0   0   0   0   0   0   5   0   0   0   0   5   0   0  12   0   0   0   0  0.38 0.04
   31 C    -1  -4  -3  -4  10  -4  -4  -3  -4  -2  -2  -4  -2  -3  -3  -1  -1  -3  -3  -1    0   0   0   0 100   0   0   0   0   0   0   0   0   0   0   0   0   0   0   0  1.60 0.08
   32 K    -1   2   0  -1  -4   1   1  -2  -1  -3  -3   6  -2  -4  -1  -1  -1  -3  -2  -3    0   0   0   0   0   0   0   0   0   0   0 100   0   0   0   0   0   0   0   0  0.68 0.06
   33 I     2  -3  -3  -3  -1  -2  -3  -2  -3   4   1  -2   0  -1  -2  -1  -1  -3  -2   2   28   0   0   0   0   0   0   0   0  57   0   0   0   0   0   0   0   0   0  14  0.27 0.03
   34 T     1  -1   1  -1  -1   0  -1  -1  -1  -2  -2   0  -1  -3  -1   3   3  -3  -2  -1   16   0   6   0   0   0   0   0   0   0   0   8   0   0   0  33  37   0   0   0  0.32 0.03
   35 N    -1   1   5   0  -3   0   0  -1   0  -3  -3   4  -2  -3  -2   0  -1  -4  -2  -3    0   0  53   0   0   0   0   0   0   0   0  47   0   0   0   0   0   0   0   0  0.55 0.04
   36 Q    -1   1   0   0  -4   6   3  -2   0  -3  -3   1  -1  -4  -2   0  -1  -3  -2  -3    0   0   0   0   0  75  25   0   0   0   0   0   0   0   0   0   0   0   0   0  0.73 0.05
   37 C    -1  -4  -3  -4  10  -4  -4  -3  -4  -2  -2  -4  -2  -3  -3  -1  -1  -3  -3  -1    0   0   0   0 100   0   0   0   0   0   0   0   0   0   0   0   0   0   0   0  1.60 0.08

                      K         Lambda
Standard Ungapped    0.1380     0.3216
Standard Gapped      0.0445     0.2670
PSI Ungapped         0.1452     0.3182
PSI Gapped           0.0445     0.2670
