
Last position-specific scoring matrix computed, weighted observed percentages rounded down, information per position, and relative weight of gapless real matches to pseudocounts
            A   R   N   D   C   Q   E   G   H   I   L   K   M   F   P   S   T   W   Y   V   A   R   N   D   C   Q   E   G   H   I   L   K   M   F   P   S   T   W   Y   V
    1 S     0  -2   0  -1  -2  -2  -2   5  -2  -4  -4  -1  -3  -3  -2   2  -1  -3  -3  -3    0   0   0   0   0   0   0  72   0   0   0   0   0   0   0  28   0   0   0   0  0.79 0.04
    2 F    -2  -3  -4  -4  -2  -3  -3  -4  -3   3   3  -3   1   3  -3  -3  -1  -2   0   2    0   0   0   0   0   0   0   0   0  41  36   0   0  18   0   0   0   0   0   5  0.36 0.03
    3 L    -2   2  -3  -3  -2  -1  -2  -4  -2   1   4  -1   3   0  -3  -2  -1  -2  -1   0    0  17   0   0   0   0   0   0   0   0  69   0  14   0   0   0   0   0   0   0  0.35 0.04
    4 D    -2  -2   2   6  -3  -1   1  -2  -1  -3  -4  -1  -3  -4  -2   1   0  -4  -3  -3    0   0   6  81   0   0   0   0   0   0   0   0   0   0   0   7   6   0   0   0  0.83 0.05
    5 T     0   0   0  -1  -2   0  -1  -2  -2  -2  -2   2  -1  -3  -1   2   4  -3  -2  -1    0   0   0   0   0   0   0   0   0   0   0  24   0   0   0  16  61   0   0   0  0.39 0.04
    6 L    -2  -3  -3  -4  -2  -3  -3  -1  -2   2   3  -3   1   4  -3  -3  -2  -1   1   0    0   0   0   0   0   0   0   6   0  11  49   0   0  34   0   0   0   0   0   0  0.35 0.03
    7 K    -1   2  -1  -1  -4   1   1  -2  -1  -3  -3   6  -2  -4  -1  -1  -1  -3  -2  -3    0   0   0   0   0   0   0   0   0   0   0 100   0   0   0   0   0   0   0   0  0.69 0.07
    8 N    -1  -1   4   2  -3   2   1   0   2  -3  -3   0  -2  -3  -2   0   1  -3  -2  -3    0   0  45  12   0  13   6   8   5   0   0   0   0   0   0   0  12   0   0   0  0.41 0.03
    9 L     0  -2  -3  -4  -1  -2  -3  -3  -3   2   3  -2   2   2  -3  -2  -1   3   0   2    8   0   0   0   0   0   0   0   0   6  40   0   9  12   0   0   0   6   0  18  0.26 0.02
   10 A     4  -2  -2  -2  -1  -1  -1   2  -2  -2  -1  -1   1  -2  -1   1   0  -3  -2  -1   78   0   0   0   0   0   0  14   0   0   0   0   8   0   0   0   0   0   0   0  0.39 0.04
   11 I     0  -1  -2  -3  -2  -1  -2  -3  -3   4   1   1   0  -1  -2  -2  -1  -3  -2   2    8   0   0   0   0   0   0   0   0  64   0  22   0   0   0   0   0   0   0   6  0.22 0.04
   12 S     0  -1   2   2  -2  -1   0   2  -1  -2  -3   0  -2  -3  -2   2   2  -3  -2  -2    0   0  10  17   0   0   0  19   0   0   0   6   0   0   0  23  25   0   0   0  0.30 0.02
   13 A     3  -2  -2  -3  -1  -2  -2  -1  -2   1   1  -2   0  -2  -2   0   0  -3  -2   2   58   0   0   0   0   0   0   0   0   6  12   0   0   0   0   0   0   0   0  25  0.24 0.03
   14 A     4  -2  -2  -2  -1  -1  -2   3  -2  -2  -1  -1  -1  -2  -2   0  -1  -3  -2  -1   63   0   0   0   0   0   0  30   0   0   7   0   0   0   0   0   0   0   0   0  0.40 0.04
   15 K    -1   2   0  -1  -4   2   1  -2  -1  -3  -3   5  -2  -4  -1  -1  -1  -3  -2  -3    0   6   0   0   0   7   0   0   0   0   0  86   0   0   0   0   0   0   0   0  0.62 0.06
   16 G     0  -2   0  -1  -2  -1  -2   5  -2  -3  -3  -1  -2  -3  -2   2   1  -3  -3  -3    0   0   0   0   0   0   0  60   0   0   0   0   0   0   0  32   8   0   0   0  0.64 0.04
   17 A     4  -2  -2  -2  -1  -1  -1  -1  -2   0  -1  -1  -1  -2  -1   1   0  -3  -2   1   80   0   0   0   0   0   0   0   0   6   0   0   0   0   0   0   0   0   0  14  0.36 0.04
   18 G     1  -2  -1  -2  -2  -2  -2   5  -2  -1   1  -2  -1  -2  -2  -1  -1  -3  -2  -1   19   0   0   0   0   0   0  56   0   0  25   0   0   0   0   0   0   0   0   0  0.46 0.03
   19 Q    -1   1   0  -1  -3   4   1  -2  -1  -2  -2   2  -1  -3  -2   0   2  -3  -2  -1    0   0   0   0   0  51   0   0   0   0   0  20   0   0   0   0  23   0   0   6  0.40 0.04
   20 S     0  -2   0  -1  -2  -1  -1   4  -2  -3  -3  -1  -2  -3  -2   3   1  -3  -3  -2    0   0   0   0   0   0   0  49   0   0   0   0   0   0   0  43   8   0   0   0  0.55 0.04
   21 V     0  -3  -3  -4  -1  -2  -3  -3  -3   2   3  -2   1  -1  -3  -2  -1  -3  -1   3    8   0   0   0   0   0   0   0   0   0  38   0   0   0   0   0   0   0   0  53  0.31 0.03
   22 L    -2  -3  -4  -4  -2  -3  -3  -4  -3   2   4  -3   2   0  -3  -3  -1  -2  -1   1    0   0   0   0   0   0   0   0   0   0  88   0   0   0   0   0   0   0   0  12  0.50 0.04
   23 S    -1   1   4   0  -3   0   0  -1   0  -3  -3   3  -2  -3  -2   1   1  -4  -2  -3    0   0  43   0   0   0   0   0   0   0   0  36   0   0   0  15   6   0   0   0  0.42 0.04
   24 T     1  -1  -1  -2  -1  -1  -1  -2   1  -1  -1  -1   1  -2  -1   1   5  -3  -2   0   17   0   0   0   0   0   0   0   5   0   0   0   6   0   0   0  72   0   0   0  0.39 0.05
   25 L     2  -2  -3  -3  -1  -2  -2  -2  -3   1   3  -2   1   0  -2  -1  -1  -2  -2   1   31   0   0   0   0   0   0   0   0   0  64   0   0   0   0   0   0   0   0   5  0.28 0.03
   26 S     1  -1   0  -1  -1  -1  -1  -1  -2   0   0  -1   1  -2  -1   4   1  -3  -2  -1    8   0   0   0   0   0   0   0   0   6  11   0   6   0   0  69   0   0   0   0  0.28 0.04
   27 C    -1  -4  -3  -4  10  -4  -4  -3  -4  -2  -2  -4  -2  -3  -3  -1  -1  -3  -3  -1    0   0   0   0 100   0   0   0   0   0   0   0   0   0   0   0   0   0   0   0  1.63 0.09
   28 K    -1   2   0  -1  -4   2   1  -2  -1  -3  -3   5  -2  -4  -1   0  -1  -3  -2  -3    0   0   0   0   0  11   0   0   0   0   0  89   0   0   0   0   0   0   0   0  0.63 0.06
   29 L    -2  -3  -4  -4  -2  -3  -3  -4  -3   3   4  -3   2   0  -3  -3  -1  -2  -1   1    0   0   0   0   0   0   0   0   0  22  78   0   0   0   0   0   0   0   0   0  0.48 0.04
   30 S     1  -1   0   4  -2   0   1  -1  -1  -3  -3  -1  -2  -3  -1   2   0  -4  -2  -2   19   0   0  37   0   0   8   0   0   0   0   0   0   0   0  36   0   0   0   0  0.41 0.03
   31 K    -1   2   1  -1  -3   1   0   2  -1  -3  -3   4  -2  -3  -2   0  -1  -3  -2  -3    0   6   6   0   0   0   0  17   0   0   0  71   0   0   0   0   0   0   0   0  0.47 0.04
   32 T     0  -1   0  -1  -1   2   0  -1  -1  -2  -2   0  -1  -3  -1   3   4  -3  -2  -1    0   0   0   0   0  17   0   0   0   0   0   0   0   0   0  29  54   0   0   0  0.40 0.04
   33 C    -1  -4  -3  -4  10  -4  -4  -3  -4  -2  -2  -4  -2  -3  -3  -1  -1  -3  -3  -1    0   0   0   0 100   0   0   0   0   0   0   0   0   0   0   0   0   0   0   0  1.63 0.09

                      K         Lambda
Standard Ungapped    0.1230     0.3139
Standard Gapped      0.0433     0.2670
PSI Ungapped         0.1416     0.3179
PSI Gapped           0.0433     0.2670
