
Last position-specific scoring matrix computed, weighted observed percentages rounded down, information per position, and relative weight of gapless real matches to pseudocounts
            A   R   N   D   C   Q   E   G   H   I   L   K   M   F   P   S   T   W   Y   V   A   R   N   D   C   Q   E   G   H   I   L   K   M   F   P   S   T   W   Y   V
    1 F    -3  -3  -3  -4  -3  -4  -4  -4  -1   0   0  -4   0   7  -4  -3  -2   1   3  -1    0   0   0   0   0   0   0   0   0   0   0   0   0 100   0   0   0   0   0   0  0.80 0.02
    2 L    -2  -3  -4  -4  -2  -3  -3  -4  -3   2   5  -3   2   0  -3  -3  -1  -2  -1   1    0   0   0   0   0   0   0   0   0   0 100   0   0   0   0   0   0   0   0   0  0.51 0.02
    3 P    -1  -2  -2  -2  -3  -1  -1  -2  -2  -3  -3  -1  -3  -4   8   1  -1  -4  -3  -3    0   0   0   0   0   0   0   0   0   0   0   0   0   0  85  15   0   0   0   0  1.69 0.03
    4 I    -1  -2  -3  -3  -2  -2  -3  -3  -3   2   2  -2   2   2  -3  -1   1  -1   0   1    0   0   0   0   0   0   0   0   0  22  29   0  11  16   0   0  15   0   0   6  0.22 0.01
    5 I    -1  -3  -4  -4  -1  -3  -3  -4  -3   3   3  -3   1   0  -3  -2  -1  -3  -1   3    0   0   0   0   0   0   0   0   0  39  33   0   0   0   0   0   0   0   0  28  0.35 0.01
    6 A     4  -2  -2  -2  -1  -1  -1   0  -2  -1   0  -1   0  -2  -1   1   0  -3  -2   0   85   0   0   0   0   0   0   0   0   0  15   0   0   0   0   0   0   0   0   0  0.33 0.02
    7 G     0  -2   2  -1  -3  -1  -2   5  -2  -4  -4  -1  -3  -3  -2   1  -1  -3  -3  -3    0   0  15   0   0   0   0  67   0   0   0   0   0   0   0  17   0   0   0   0  0.68 0.02
    8 A     0  -3  -3  -4  -1  -2  -3  -3  -3   2   3  -3   1   0  -3  -2  -1  -3  -1   3    8   0   0   0   0   0   0   0   0   8  40   0   0   0   0   0   0   0   0  44  0.28 0.01
    9 A     5  -2  -2  -2  -1  -1  -1   0  -2  -2  -2  -1  -1  -3  -1   1   0  -3  -2   0  100   0   0   0   0   0   0   0   0   0   0   0   0   0   0   0   0   0   0   0  0.47 0.03
   10 A     4  -2  -1  -2  -1  -1  -1   0  -2  -2  -2  -1  -1  -3  -1   2   0  -3  -2  -1   85   0   0   0   0   0   0   0   0   0   0   0   0   0   0  15   0   0   0   0  0.41 0.02
   11 K    -1   1   4   1  -3   1   2  -1   0  -3  -3   3  -2  -4  -2   0  -1  -4  -2  -3    0   0  47   0   0   0  16   0   0   0   0  37   0   0   0   0   0   0   0   0  0.46 0.02
   12 V    -1  -3  -3  -4  -2  -3  -3  -4  -2   1   1  -3   3   5  -3  -2  -1   0   2   2    0   0   0   0   0   0   0   0   0   0   6   0  16  46   0   0   0   0   0  31  0.34 0.02
   13 V    -1  -2  -3  -4  -1  -2  -3  -4  -3   2   3  -3   3   1  -3  -2  -1  -2  -1   2    0   0   0   0   0   0   0   0   0   0  41   0  16   8   0   0   0   0   0  35  0.29 0.01
   14 Q    -1  -1  -2  -1  -3   3   0  -2  -2  -3  -3   0  -2  -4   7  -1  -1  -4  -3  -3    0   0   0   0   0  24   0   0   0   0   0   0   0   0  76   0   0   0   0   0  1.48 0.03
   15 K    -1   2   0  -1  -3   1   0  -2   4  -3  -3   4  -2  -3  -1   0   1  -3  -1  -2    0   0   0   0   0   0   0   0  16   0   0  68   0   0   0   0  15   0   0   0  0.39 0.02
   16 I    -1  -3  -4  -4  -1  -3  -3  -4  -4   4   3  -3   1   0  -3  -3  -1  -3  -1   3    0   0   0   0   0   0   0   0   0  57  26   0   0   0   0   0   0   0   0  16  0.37 0.01
   17 F    -2  -3  -3  -4  -3  -3  -3  -4  -1   0   0  -3   0   6  -4  -3  -2   1   4   0    0   0   0   0   0   0   0   0   0   0   0   0   0  72   0   0   0   0  16  12  0.64 0.02
   18 C    -1  -4  -3  -4  10  -3  -4  -3  -4  -2  -2  -4  -2  -3  -3  -1  -1  -3  -3  -1    0   0   0   0 100   0   0   0   0   0   0   0   0   0   0   0   0   0   0   0  1.42 0.04
   19 A     3   1  -1  -1  -2   1   0  -1  -1  -2  -2   4  -1  -3  -1   0  -1  -3  -2  -1   43   0   0   0   0   0   0   0   0   0   0  57   0   0   0   0   0   0   0   0  0.33 0.02
   20 I     1  -3  -3  -3  -1  -3  -3  -3  -3   4   1  -3   1  -1  -3  -2  -1  -3  -2   2   16   0   0   0   0   0   0   0   0  84   0   0   0   0   0   0   0   0   0   0  0.32 0.02
   21 S     0  -1   0  -1  -1  -1  -1  -1  -2  -1  -2  -1  -1  -3  -1   3   5  -3  -2  -1    0   0   0   0   0   0   0   0   0   0   0   0   0   0   0  32  68   0   0   0  0.44 0.02
   22 K    -1   3   0  -1  -4   1   1  -2  -1  -3  -3   5  -2  -4  -1   0  -1  -3  -2  -3    0   7   0   0   0   0   0   0   0   0   0  93   0   0   0   0   0   0   0   0  0.58 0.03
   23 K    -1   2   0  -1  -4   1   1  -2  -1  -3  -3   5  -2  -4  -1   0  -1  -3  -2  -3    0   0   0   0   0   0   0   0   0   0   0 100   0   0   0   0   0   0   0   0  0.60 0.03
   24 C    -1  -4  -3  -4  10  -3  -4  -3  -4  -2  -2  -4  -2  -3  -3  -1  -1  -3  -3  -1    0   0   0   0 100   0   0   0   0   0   0   0   0   0   0   0   0   0   0   0  1.42 0.04

                      K         Lambda
Standard Ungapped    0.1409     0.3347
Standard Gapped      0.0472     0.2670
PSI Ungapped         0.1543     0.3190
PSI Gapped           0.0472     0.2670
