
Last position-specific scoring matrix computed, weighted observed percentages rounded down, information per position, and relative weight of gapless real matches to pseudocounts
            A   R   N   D   C   Q   E   G   H   I   L   K   M   F   P   S   T   W   Y   V   A   R   N   D   C   Q   E   G   H   I   L   K   M   F   P   S   T   W   Y   V
    1 V     0  -3  -3  -3  -1  -2  -3  -3  -3   3   1  -2   1  -1  -3  -2   0  -3  -1   4    0   0   0   0   0   0   0   0   0   0   0   0   0   0   0   0   0   0   0 100  0.34 0.00
    2 P    -1  -2  -2  -2  -3  -1  -1  -2  -2  -3  -3  -1  -3  -4   8  -1  -1  -4  -3  -3    0   0   0   0   0   0   0   0   0   0   0   0   0   0 100   0   0   0   0   0  2.03 0.00
    3 A     4  -2  -2  -2   0  -1  -1   0  -2  -1  -2  -1  -1  -2  -1   1   0  -3  -2   0  100   0   0   0   0   0   0   0   0   0   0   0   0   0   0   0   0   0   0   0  0.41 0.01
    4 E     2  -1  -1   1  -2   1   4  -1  -1  -2  -2   0  -2  -3  -1   0  -1  -3  -2  -1   41   0   0   0   0   0  59   0   0   0   0   0   0   0   0   0   0   0   0   0  0.40 0.00
    5 S     1   1   0   0  -2   1   0  -1  -1  -3  -3   3  -2  -3  -1   3   1  -3  -2  -2    0   0   0   0   0   0   0   0   0   0   0  41   0   0   0  59   0   0   0   0  0.34 0.00
    6 E     2  -1  -1   1  -2   1   4  -1  -1  -3  -3   0  -2  -3  -1   0  -1  -3  -2  -2   31   0   0   0   0   0  69   0   0   0   0   0   0   0   0   0   0   0   0   0  0.47 0.01
    7 A     2  -2  -3  -3  -1  -2  -2  -2  -3   2   0  -2   2  -1  -2   0   0  -3  -2   3   36   0   0   0   0   0   0   0   0   9   0   0  11   0   0   0   0   0   0  43  0.21 0.02
    8 A     2  -2  -3  -3  -1  -2  -2  -2  -3   2   0  -2   0  -2   2   0   0  -3  -2   3   36   0   0   0   0   0   0   0   0  11   0   0   0   0  12   0   0   0   0  40  0.27 0.03
    9 H    -2  -1   2  -1  -3   0  -1  -2   8  -4  -3  -1  -2  -2  -2   1  -1  -3   1  -3    0   0  12   0   0   0   0   0  75   0   0   0   0   0   0  12   0   0   0   0  0.85 0.07
   10 L    -1   1  -1  -2  -3   2   0   1  -1  -1   1   4   0  -2  -2  -1  -1  -3  -2   0    0   0   0   0   0  11   0  11   0   0  20  50   0   0   0   0   0   0   0   8  0.20 0.03
   11 R    -1   2  -3  -3  -2  -1  -2  -4  -2   1   3  -1   1  -1  -3  -2  -1  -2  -2   2    0  25   0   0   0   0   0   0   0   0  53   0   0   0   0   0   0   0   0  22  0.28 0.04
   12 V     2  -1  -1  -1  -2   1   2   1  -1  -1  -2  -1  -1  -3  -2   0  -1  -3  -2   1   39   0   0   0   0  10  23  12   0   0   0   0   0   0   0   0   0   0   0  17  0.21 0.03
   13 R    -1   4  -1  -1  -4   1   0  -2  -1  -3  -3   5  -2  -4  -2  -1  -1  -4  -2  -3    0  23   0   0   0   0   0   0   0   0   0  77   0   0   0   0   0   0   0   0  0.68 0.07
   14 R    -1   5  -1  -2  -3   0  -1  -2  -1  -2  -2   1   1  -3  -2   1   2  -3  -2  -2    0  55   0   0   0   0   0   0   0   0   0   0  10   0   0  12  24   0   0   0  0.43 0.05
   15 G    -1  -1  -1  -1  -3   3   1   5  -2  -4  -4  -1  -2  -4  -2  -1  -2  -3  -3  -3    0   0   0   0   0  25  10  65   0   0   0   0   0   0   0   0   0   0   0   0  0.76 0.08
   16 F    -3  -3  -4  -4   1  -4  -4  -4  -1  -1   0  -4  -1   7  -4  -3  -3   1   4  -2    0   0   0   0   4   0   0   0   0   0   0   0   0  79   0   0   0   0  17   0  1.01 0.10
   17 G     0  -3  -1  -2  -3  -3  -3   7  -3  -5  -5  -2  -3  -4  -3  -1  -2  -3  -4  -4    0   0   0   0   0   0   0 100   0   0   0   0   0   0   0   0   0   0   0   0  1.35 0.11
   18 C    -1  -5  -4  -5  11  -4  -5  -4  -4  -2  -2  -4  -3  -4  -4  -2  -2  -4  -4  -2    0   0   0   0 100   0   0   0   0   0   0   0   0   0   0   0   0   0   0   0  2.17 0.20
   19 P    -2  -3  -3  -3  -4  -2  -2  -3  -3  -3  -3  -2   1  -4   8  -2  -2  -5  -4  -3    0   0   0   0   0   0   0   0   0   0   0   0   8   0  92   0   0   0   0   0  2.11 0.16
   20 L     1   1  -2  -3  -2  -1  -2   1  -2   0   1  -1   1   1  -2  -1  -1   5   0   0   17  13   0   0   0   0   0  14   0   7  19   0   8  10   0   0   0  10   0   0  0.15 0.04
   21 N    -2  -2   5   3  -3  -1   0  -2   0  -1  -3  -1  -2  -1  -3   0  -1  -2   3  -2    0   0  46  26   0   0   0   0   0   7   0   0   0   0   0   5   0   0  16   0  0.51 0.09
   22 Q    -1   1   2   0  -4   5   3  -2   0  -4  -3   1  -2  -4   2  -1  -1  -3  -2  -3    0   4  12   0   0  40  28   0   0   0   0   7   0   0   9   0   0   0   0   0  0.58 0.08
   23 G    -1   0   0   1  -3  -1   0   3  -1  -2  -1   1   1  -1  -2  -1  -2  -1   2  -2    0   4   4   7   0   0   9  33   0   0   4  13  10   0   0   0   0   0  16   0  0.22 0.05
   24 A     2   0  -1   1  -3   2   2  -2   0  -3  -2   1  -2  -1  -2   0  -1  -1   4  -2   25   0   0   8   0  18  12   0   0   0   0  13   0   0   0   0   0   0  23   0  0.28 0.06
   25 C    -1  -5  -4  -5  11  -4  -5  -4  -4  -2  -2  -4  -3  -4  -4  -2  -2  -4  -4  -2    0   0   0   0 100   0   0   0   0   0   0   0   0   0   0   0   0   0   0   0  2.17 0.20
   26 H    -2  -1   3   1  -3   1   0  -2   7  -3  -3  -1   0  -1  -3   0  -1  -2   2  -3    0   0  16   8   0   8   0   0  48   0   0   0   4   0   0   7   0   0   9   0  0.61 0.10
   27 N    -1   3   4   1  -3   0  -1  -2  -1  -3  -3   0  -2   0  -2   1  -1  -3  -2  -3    4  30  38   8   0   0   0   0   0   0   0   0   0   7   0  12   0   0   0   0  0.42 0.08
   28 H    -3  -1   0  -2  -4  -1  -1  -3   9  -4  -4  -2  -3  -1  -3  -2  -3  -3   3  -4    0   0   0   0   0   0   0   0  91   0   0   0   0   0   0   0   0   0   9   0  1.56 0.18
   29 C    -1  -5  -4  -5  11  -4  -5  -4  -4  -2  -2  -4  -3  -4  -4  -2  -2  -4  -4  -2    0   0   0   0 100   0   0   0   0   0   0   0   0   0   0   0   0   0   0   0  2.17 0.20
   30 R    -2   3   1  -1  -3   4   0  -2  -1  -2   0   3  -1  -3  -2  -1  -1  -3  -2  -2    0  21   7   0   0  36   0   0   0   0  13  22   0   0   0   0   0   0   0   0  0.42 0.08
   31 S     0   1   0   3  -2  -1   0  -1  -2  -3  -3  -1  -2  -3  -2   4   1  -4  -3  -3    0   9   0  23   0   0   0   0   0   0   0   0   0   0   0  64   4   0   0   0  0.52 0.10
   32 I    -2  -3  -3  -3  -2  -3  -3  -4  -4   5   1  -3   1  -1  -3  -2   2  -3  -2   2    0   0   0   0   0   0   0   0   0  71   7   0   0   0   0   0  17   0   0   5  0.50 0.10
   33 R    -1   2  -1  -1  -3   0   3   4  -2  -4  -4   0  -3  -4  -2   0  -2  -3  -3  -3    0  14   0   0   0   0  27  50   0   0   0   5   0   0   0   4   0   0   0   0  0.57 0.08
   34 R    -2   5  -1  -2   4   2  -1  -3  -1  -3  -3   2  -2  -2  -3  -1  -2  -2   2  -3    0  53   0   0  12   8   0   0   0   0   0  15   0   0   0   0   0   0  11   0  0.58 0.09
   35 R    -1   4  -1  -1   1   0   0  -2   3  -3  -2   3  -2  -3   2   0  -1  -3  -2  -3    0  28   0   0   4   0   5   0  11   0   4  35   0   0   9   4   0   0   0   0  0.41 0.07
   36 G     1  -2  -1   2  -3  -1   1   4  -2  -3  -3  -1  -3   0  -2  -1  -2  -3  -2  -3   12   0   0  16   0   0  15  48   0   0   0   0   0   9   0   0   0   0   0   0  0.48 0.07
   37 G    -1  -3  -1  -2  -3  -3  -3   7  -3  -5  -5  -2  -4  -4  -3  -1  -2  -3  -4  -4    0   0   0   0   0   0   0 100   0   0   0   0   0   0   0   0   0   0   0   0  1.42 0.13
   38 Y    -2  -3  -3  -3  -3  -2  -1  -4   1   0  -1  -3  -1   4  -4  -1  -2   1   7  -1    0   0   0   0   0   0   4   0   0   8   0   0   0  13   0   4   0   0  71   0  0.94 0.13
   39 C    -1  -5  -4  -5  11  -4  -5  -4  -4  -2  -2  -4  -3  -4  -4  -2  -2  -4  -4  -2    0   0   0   0 100   0   0   0   0   0   0   0   0   0   0   0   0   0   0   0  2.17 0.20
   40 S     2  -2   0   2  -2  -1  -1   2   6  -3  -3  -1  -2  -3  -2   1  -1  -3  -1  -3   25   0   0  17   0   0   0  17  31   0   0   0   0   0   0   9   0   0   0   0  0.41 0.07
   41 G     1  -3  -1  -2  -3  -2  -2   6  -2  -4  -4  -2  -3  -3  -2  -1  -2  -3  -3  -3   13   0   0   0   0   0   0  82   0   0   1   0   0   0   0   0   0   0   0   0  1.01 0.10
   42 I    -1   1  -2  -2  -2  -1  -2  -2  -2   0   0   0  -1   3   2   0   1   3   0   0    1   9   0   0   0   0   0   1   0   6   6   7   0  22  14   4  16   4   0   8  0.17 0.03
   43 I    -1  -1  -1  -1  -1  -1  -1   1   1   1   2  -1   0   1  -1   0  -1  -1   0   0    2   2   1   2   1   1   2  14   5  10  34   2   1   7   2  11   2   0   1   2  0.05 0.02
   44 K    -1   4  -1  -1  -2   0   0   0  -1  -2  -2   2  -1  -1  -1  -1  -1   5  -1  -2    2  32   1   2   1   1   2   8   1   2   3  22   1   1   2   2   2  13   1   2  0.33 0.04
   45 Q     0  -1  -2  -2  -2   2  -1  -2  -1   1   2  -1   2   1   1  -1  -1  -1  -1   0    6   1   1   1   0  17   1   2   1  10  30   1   8   7   6   2   1   0   1   2  0.11 0.03
   46 T    -1   3  -1  -2  -2   0  -1  -2  -2  -2  -2   3  -1  -3  -2   0   4  -3  -2   0    0  21   0   0   0   0   0   0   0   0   0  31   0   0   0   0  41   0   0   6  0.41 0.08
   47 C    -1  -5  -4  -5  11  -4  -5  -4  -4  -2  -2  -4  -3  -4  -4  -2  -2  -4  -4  -2    0   0   0   0 100   0   0   0   0   0   0   0   0   0   0   0   0   0   0   0  2.17 0.20
   48 T    -1   0  -1  -2  -2   0  -1  -2  -2  -1  -2   4  -1   1  -2   0   4  -3  -1  -1    0   0   0   0   0   0   0   0   0   4   0  43   0   9   0   0  45   0   0   0  0.38 0.09
   49 C    -1  -5  -4  -5  11  -4  -5  -4  -4  -2  -2  -4  -3  -4  -4  -2  -2  -4  -4  -2    0   0   0   0 100   0   0   0   0   0   0   0   0   0   0   0   0   0   0   0  2.17 0.20
   50 Y     0  -2  -2  -2  -3  -2   0   2   0  -2  -2  -2  -2   3  -3  -1  -2   1   6  -2    7   0   0   0   0   0   7  22   0   0   0   0   0  10   0   0   0   0  52   0  0.54 0.07
   51 R    -2   5  -1  -2  -4   1   0  -2  -1  -3  -3   4  -2  -4  -2  -1  -1  -3  -2  -3    0  57   0   0   0   0   0   0   0   0   0  43   0   0   0   0   0   0   0   0  0.73 0.06
   52 N    -1  -1   4   3  -3   0   2  -1   0  -3  -3   0  -2  -3  -2   2   0  -4  -2  -3    0   0  44  15   0   0  14   0   0   0   0   0   0   0   0  27   0   0   0   0  0.45 0.01

                      K         Lambda
Standard Ungapped    0.1402     0.3284
Standard Gapped      0.0439     0.2670
PSI Ungapped         0.1435     0.3217
PSI Gapped           0.0439     0.2670
