
Last position-specific scoring matrix computed, weighted observed percentages rounded down, information per position, and relative weight of gapless real matches to pseudocounts
           A  R  N  D  C  Q  E  G  H  I  L  K  M  F  P  S  T  W  Y  V   A   R   N   D   C   Q   E   G   H   I   L   K   M   F   P   S   T   W   Y   V
    1 G    0 -3 -1 -2 -3 -2 -2  6 -2 -4 -4 -2 -3 -4 -2  0 -2 -3 -3 -4    0   0   0   0   0   0   0 100   0   0   0   0   0   0   0   0   0   0   0   0  1.06 0.01
    2 I   -2 -3 -4 -4 -1 -3 -4 -4 -4  5  2 -3  1  0 -3 -3 -1 -3 -2  3    0   0   0   0   0   0   0   0   0 100   0   0   0   0   0   0   0   0   0   0  0.41 0.01
    3 G    0 -3 -1 -2 -3 -2 -2  6 -2 -4 -4 -2 -3 -4 -2  0 -2 -3 -3 -4    0   0   0   0   0   0   0 100   0   0   0   0   0   0   0   0   0   0   0   0  1.06 0.01
    4 G    2 -2 -1 -1 -2 -1 -2  5 -2 -3 -3 -1 -2 -3 -2  1 -1 -3 -3 -2   26   0   0   0   0   0   0  58   0   0   0   0   0   0   0  16   0   0   0   0  0.56 0.00
    5 A    4 -2 -2 -2 -1 -1 -1  0 -2  0 -1 -1 -1 -2 -1  1  0 -3 -2  1   77   0   0   0   0   0   0   0   0   0   0   0   0   0   0   8   0   0   0  15  0.30 0.00
    6 L   -2 -3 -4 -4 -1 -3 -3 -4 -3  3  3 -3  2  0 -3 -3 -1 -2 -1  2    0   0   0   0   0   0   0   0   0  42  58   0   0   0   0   0   0   0   0   0  0.38 0.00
    7 L   -2 -2 -4 -4 -1 -2 -3 -4 -3  2  4 -3  2  0 -3 -3 -1 -2 -1  1    0   0   0   0   0   0   0   0   0   0 100   0   0   0   0   0   0   0   0   0  0.47 0.00
    8 S    1 -1  1  0 -1  0  0  0 -1 -3 -3  0 -2 -3 -1  4  2 -3 -2 -2    0   0   0   0   0   0   0   0   0   0   0   0   0   0   0 100   0   0   0   0  0.47 0.01
    9 A    4 -2 -2 -2  0 -1 -1  0 -2 -2 -2 -1 -1 -3 -1  1  0 -3 -2  0  100   0   0   0   0   0   0   0   0   0   0   0   0   0   0   0   0   0   0   0  0.42 0.01
   10 G    1 -2 -1 -2 -2 -2 -2  6 -2 -4 -4 -2 -3 -3 -2  0 -2 -3 -3 -3   11   0   0   0   0   0   0  89   0   0   0   0   0   0   0   0   0   0   0   0  0.90 0.00
   11 K   -1  2  0 -1 -3  1  1 -2 -1 -3 -3  5 -2 -4 -1  0 -1 -3 -2 -3    0   0   0   0   0   0   0   0   0   0   0 100   0   0   0   0   0   0   0   0  0.54 0.01
   12 S    2 -1  0 -1 -1  0 -1 -1 -1 -1 -2 -1 -1 -2 -1  4  1 -3 -2  0   15   0   0   0   0   0   0   0   0   0   0   0   0   0   0  74   0   0   0  11  0.31 0.00
   13 A    4 -2 -2 -2 -1 -1 -2  1 -2  1 -1 -1 -1 -2 -1  1  0 -3 -2  0   70   0   0   0   0   0   0  11   0  19   0   0   0   0   0   0   0   0   0   0  0.25 0.00
   14 L   -2 -3 -4 -4 -1 -3 -3 -4 -3  2  4 -3  2  0 -3 -3 -1 -2 -1  1    0   0   0   0   0   0   0   0   0  19  81   0   0   0   0   0   0   0   0   0  0.41 0.00
   15 K   -1  2  0 -1 -3  1  1 -2 -1 -3 -3  5 -2 -4 -1  0 -1 -3 -2 -3    0   0   0   0   0   0   0   0   0   0   0 100   0   0   0   0   0   0   0   0  0.54 0.01
   16 G    0 -3 -1 -2 -3 -2 -2  6 -2 -4 -4 -2 -3 -4 -2  0 -2 -3 -3 -4    0   0   0   0   0   0   0 100   0   0   0   0   0   0   0   0   0   0   0   0  1.06 0.01
   17 L   -2 -2 -4 -4 -1 -2 -3 -4 -3  2  4 -3  2  0 -3 -3 -1 -2 -1  1    0   0   0   0   0   0   0   0   0   0 100   0   0   0   0   0   0   0   0   0  0.47 0.00
   18 A    4 -2 -2 -2  0 -1 -1  0 -2 -2 -2 -1 -1 -3 -1  1  0 -3 -2  0  100   0   0   0   0   0   0   0   0   0   0   0   0   0   0   0   0   0   0   0  0.42 0.01
   19 K   -1  2  1 -1 -3  1  1 -2 -1 -3 -3  5 -2 -3 -1  0 -1 -3 -2 -3    0   0  10   0   0   0   0   0   0   0   0  90   0   0   0   0   0   0   0   0  0.48 0.01
   20 G    0 -3 -1 -2 -2 -2 -2  6 -2 -2 -3 -2 -2 -3 -2 -1 -1 -3 -3 -1    0   0   0   0   0   0   0  85   0   0   0   0   0   0   0   0   0   0   0  15  0.77 0.00
   21 L   -2 -3 -4 -4 -2 -3 -3 -4 -3  2  4 -3  2  2 -3 -3 -1 -1  0  1    0   0   0   0   0   0   0   0   0   0  91   0   0   9   0   0   0   0   0   0  0.43 0.00
   22 A    4 -2 -2 -2 -1 -1 -1  0 -2 -1 -1 -1 -1 -2 -1  1  0 -3 -2  1   91   0   0   0   0   0   0   0   0   0   0   0   0   0   0   0   0   0   0   9  0.35 0.00
   23 E   -1  0  0  2 -4  2  6 -2  0 -4 -3  1 -2 -4 -1  0 -1 -3 -2 -3    0   0   0   0   0   0 100   0   0   0   0   0   0   0   0   0   0   0   0   0  0.75 0.01
   24 H   -2  0  0 -1 -3  1  0 -2  8 -4 -3  1 -2 -2 -2 -1 -2 -3  1 -3    0   0   0   0   0   0   0   0  85   0   0  15   0   0   0   0   0   0   0   0  0.74 0.01
   25 F   -2 -3 -3 -4 -3 -3 -3 -4 -1  0  0 -3  0  7 -4 -3 -2  1  4 -1    0   0   0   0   0   0   0   0   0   0   0   0   0  85   0   0   0   0  15   0  0.72 0.01
   26 A    4 -2 -2 -2  0 -1 -1  0 -2 -2 -2 -1 -1 -3 -1  1  0 -3 -2  0  100   0   0   0   0   0   0   0   0   0   0   0   0   0   0   0   0   0   0   0  0.41 0.00
   27 N   -1 -1  6  1 -3  0  0  0  0 -3 -4  0 -2 -3 -2  1  0 -4 -2 -3    0   0  87   0   0   0   0   0   0   0   0   0   0   0   0  13   0   0   0   0  0.63 0.00

                      K         Lambda
Standard Ungapped    0.1344     0.3130
Standard Gapped      0.0410     0.2670
PSI Ungapped         0.1344     0.3130
PSI Gapped           0.0410     0.2670
