
Last position-specific scoring matrix computed, weighted observed percentages rounded down, information per position, and relative weight of gapless real matches to pseudocounts
            A   R   N   D   C   Q   E   G   H   I   L   K   M   F   P   S   T   W   Y   V   A   R   N   D   C   Q   E   G   H   I   L   K   M   F   P   S   T   W   Y   V
    1 G     0  -3   0  -1  -3  -2  -2   6  -2  -4  -4  -2  -3  -3  -2   0  -2  -3  -3  -3    0   0   0   0   0   0   0 100   0   0   0   0   0   0   0   0   0   0   0   0  1.04 0.00
    2 K     0   1   0  -1  -3   1   0   3  -1  -3  -3   4  -2  -3  -1   0  -1  -3  -2  -3    0   0   0   0   0   0   0  33   0   0   0  67   0   0   0   0   0   0   0   0  0.43 0.00
    3 N     0  -1   5   1  -2   0   0   0   0  -3  -3   0  -2  -3  -1   3   1  -4  -2  -2    0   0  50   0   0   0   0   0   0   0   0   0   0   0   0  50   0   0   0   0  0.46 0.00
    4 G     0  -3  -1  -1  -3  -2  -2   6  -2  -4  -4  -2  -3  -3  -2   0  -2  -3  -3  -3    0   0   0   0   0   0   0 100   0   0   0   0   0   0   0   0   0   0   0   0  1.06 0.01
    5 V     0  -3  -3  -3  -1  -2  -3  -3  -3   3   1  -3   1  -1  -3  -2   0  -3  -1   4    0   0   0   0   0   0   0   0   0   0   0   0   0   0   0   0   0   0   0 100  0.37 0.01
    6 F    -1  -3  -3  -4  -2  -3  -3  -4  -3   3   2  -3   1   4  -3  -2  -1  -1   1   2    0   0   0   0   0   0   0   0   0  40  13   0   0  29   0   0   0   0   0  17  0.31 0.00
    7 K    -1   1  -1  -1  -3   0   0  -2   3  -3  -3   3  -2  -3   6  -1  -1  -3  -2  -3    0   0   0   0   0   0   0   0  13   0   0  42   0   0  45   0   0   0   0   0  0.80 0.01
    8 T     0  -1   0  -1  -1  -1  -1  -2  -2  -1  -1  -1  -1  -2  -1   1   5  -3  -2   0    0   0   0   0   0   0   0   0   0   0   0   0   0   0   0   0 100   0   0   0  0.50 0.01
    9 I    -1  -3  -3  -3  -1  -3  -3  -4  -3   4   1  -3   1  -1  -3  -2   0  -3  -1   3    0   0   0   0   0   0   0   0   0  55   0   0   0   0   0   0   0   0   0  45  0.36 0.00
   10 S     1  -1   1   0  -1   0   0   0  -1  -3  -3   0  -2  -3  -1   4   1  -3  -2  -2    0   0   0   0   0   0   0   0   0   0   0   0   0   0   0 100   0   0   0   0  0.47 0.01
   11 H    -2  -1   0  -2  -3   0   0  -2   8  -3  -3  -1  -2   0  -3  -1  -2  -1   4  -3    0   0   0   0   0   0   0   0  83   0   0   0   0   0   0   0   0   0  17   0  0.78 0.01
   12 E    -1  -1   0   4  -4   1   5  -2   0  -4  -3   0  -2  -4  -1   0  -1  -3  -3  -3    0   0   0  27   0   0  73   0   0   0   0   0   0   0   0   0   0   0   0   0  0.68 0.01
   13 C    -1  -4  -3  -4   9  -3  -4  -3  -3  -1  -1  -3  -2  -3  -3  -1  -1  -3  -3  -1    0   0   0   0 100   0   0   0   0   0   0   0   0   0   0   0   0   0   0   0  1.28 0.01
   14 H    -2   2   3   0  -3   0   0  -2   7  -4  -3   0  -2  -2  -2   0  -1  -3   1  -3    0  17  26   0   0   0   0   0  57   0   0   0   0   0   0   0   0   0   0   0  0.56 0.01
   15 M    -1  -2  -3  -3  -2  -1  -2  -3  -2   1   3  -2   6   0  -3  -2  -1  -2  -1   1    0   0   0   0   0   0   0   0   0   0  18   0  82   0   0   0   0   0   0   0  0.37 0.01
   16 N    -2  -1   6   1  -3   0   0  -1   1  -4  -4   0  -2  -3  -2   1   0  -4  -2  -3    0   0 100   0   0   0   0   0   0   0   0   0   0   0   0   0   0   0   0   0  0.76 0.01
   17 S     1  -1   0  -1  -1   0  -1  -1  -1  -2  -2   0  -1  -2  -1   3   4  -3  -2  -1    0   0   0   0   0   0   0   0   0   0   0   0   0   0   0  55  45   0   0   0  0.40 0.01
   18 W    -3  -3  -4  -4  -3  -3  -3  -3  -2  -2  -1  -3  -1   4  -4  -3  -3  11   3  -2    0   0   0   0   0   0   0   0   0   0   0   0   0  27   0   0   0  73   0   0  1.70 0.01
   19 Q     1   1   0  -1  -3   5   2  -2   0  -3  -2   1  -1  -3  -1   0  -1  -2  -2  -2   18   0   0   0   0  82   0   0   0   0   0   0   0   0   0   0   0   0   0   0  0.52 0.01
   20 F    -2  -2  -2  -3  -3  -2  -3  -3   3  -1   0  -3   0   6  -4  -2  -2   1   3  -1    0   0   0   0   0   0   0   0  17   0   0   0   0  83   0   0   0   0   0   0  0.60 0.01
   21 L    -1  -2  -3  -4  -1  -2  -3  -4  -3   2   3  -2   3   0  -3  -2  -1  -2  -1   3    0   0   0   0   0   0   0   0   0   0  42   0  14   0   0   0   0   0   0  43  0.30 0.00
   22 F     0  -3  -3  -3  -2  -3  -3  -2  -1   0   0  -3   0   6  -3  -2  -2   1   3  -1   18   0   0   0   0   0   0   0   0   0   0   0   0  82   0   0   0   0   0   0  0.53 0.01
   23 T     0  -1   0  -1  -1  -1  -1  -2  -2  -1  -1  -1  -1  -2  -1   1   5  -3  -2   0    0   0   0   0   0   0   0   0   0   0   0   0   0   0   0   0 100   0   0   0  0.50 0.01
   24 C    -1  -4  -3  -4   9  -3  -4  -3  -3  -1  -1  -3  -2  -3  -3  -1  -1  -3  -3  -1    0   0   0   0 100   0   0   0   0   0   0   0   0   0   0   0   0   0   0   0  1.28 0.01
   25 C    -1  -4  -3  -4   9  -3  -4  -3  -3  -1  -1  -3  -2  -3  -3  -1  -1  -3  -3  -1    0   0   0   0 100   0   0   0   0   0   0   0   0   0   0   0   0   0   0   0  1.28 0.01
   26 S     1  -1   1   0  -1   0   0   0  -1  -3  -3   0  -2  -3  -1   4   1  -3  -2  -2    0   0   0   0   0   0   0   0   0   0   0   0   0   0   0 100   0   0   0   0  0.46 0.01

                      K         Lambda
Standard Ungapped    0.1354     0.3292
Standard Gapped      0.0410     0.2670
PSI Ungapped         0.1354     0.3292
PSI Gapped           0.0410     0.2670
