
Last position-specific scoring matrix computed, weighted observed percentages rounded down, information per position, and relative weight of gapless real matches to pseudocounts
            A   R   N   D   C   Q   E   G   H   I   L   K   M   F   P   S   T   W   Y   V   A   R   N   D   C   Q   E   G   H   I   L   K   M   F   P   S   T   W   Y   V
    1 K    -1   3  -1  -1  -4   2   0  -2  -1  -3  -3   5  -2  -4  -2  -1  -1  -3  -2  -3    0  14   0   0   0   9   0   0   0   0   0  78   0   0   0   0   0   0   0   0  0.64 0.07
    2 P    -2  -3  -3  -2  -4  -2  -2  -3  -3  -4  -4  -2  -3  -5   8  -2  -2  -5  -4  -3    0   0   0   0   0   0   0   0   0   0   0   0   0   0 100   0   0   0   0   0  2.36 0.15
    3 K    -1   2  -1  -1  -4   5   1  -3  -1  -4  -3   4  -2  -4   1  -1  -2  -4  -3  -3    3   7   0   0   0  39   7   0   0   0   0  38   0   0   7   0   0   0   0   0  0.69 0.18
    4 D    -2  -1   2   4  -4   3   2   0   1  -4  -4   0  -3  -4  -2   0  -1  -4  -3  -4    0   0  11  38   0  22  10   8   4   0   0   2   0   0   0   4   0   0   0   0  0.58 0.14
    5 M    -2  -2   3   3  -3  -1  -1  -3  -2  -1   1  -2   3   3  -3  -1  -2  -2   0  -2    0   0  21  27   0   0   2   0   0   0  13   0  17  17   0   0   0   0   2   0  0.36 0.14
    6 T    -1  -1  -1  -1  -3  -2  -1  -3  -3  -3  -2   0  -2  -2  -1   4   5  -4  -1  -2    0   2   0   3   0   0   1   0   0   0   3   4   0   1   3  38  43   0   2   0  0.63 0.28
    7 S     1   5  -2  -2  -3   0   0  -3  -2  -4  -4   0  -3  -4   2   2  -2   3  -3  -3   14  37   0   0   0   2   6   0   0   0   0   3   0   0  11  22   0   5   0   0  0.59 0.24
    8 S     4  -3  -3  -4  -3  -3  -3  -3  -2  -1  -3  -3  -3  -1  -1   2  -2   4   6  -1   38   0   0   0   0   0   0   0   0   4   0   0   0   0   2  16   1   5  32   2  0.72 0.31
    9 Q     0   2  -1   0  -4   5   2  -3   0  -2  -3   1   2  -4  -3  -1   0  -4  -3  -2    6  12   2   4   0  37  13   0   2   3   0   8   7   0   0   0   4   0   0   2  0.51 0.24
   10 W    -3   1   0   2  -5  -1  -2  -3   2  -5  -4   5  -4  -3  -4  -3  -3   8  -2  -5    0   5   4  12   0   1   0   1   6   0   0  45   0   0   0   0   0  27   0   0  1.20 0.38
   11 F    -5  -6  -6  -6  -5  -6  -6  -6  -4  -3  -1  -6  -3   9  -7  -5  -5  -2   0  -4    0   0   0   0   0   0   0   0   0   0   2   0   0  98   0   0   0   0   0   0  2.53 0.62
   12 K     0   1  -1  -1  -3   2   2  -3  -2  -2   2   2  -1  -3  -3  -1  -1  -3  -1  -2    6   5   1   2   0  12  16   0   0   0  29  19   0   0   0   3   3   0   1   0  0.27 0.19
   13 T    -1   5  -1  -2  -3  -1  -1  -4  -3   3  -2   0  -2  -3  -3  -1   3  -4  -2  -1    4  35   1   1   0   2   4   0   0  22   0   2   0   0   0   2  24   0   1   2  0.52 0.27
   14 Q    -3  -1  -3  -3  -5   7   0  -4   1  -5  -2   4  -3  -5  -4  -3  -2  -5  -4  -5    0   1   0   0   0  66   1   0   3   0   3  22   0   0   0   0   1   0   0   0  1.42 0.52
   15 H    -5   0  -3  -1  -6  -3  -3  -5  11  -7  -6  -4  -5  -5  -6  -4  -5  -6  -2  -7    0   5   0   3   0   0   0   0  93   0   0   0   0   0   0   0   0   0   0   0  3.08 0.80
   16 V    -3  -4  -5  -5  -3  -4  -5  -5  -1   4   0  -4   5  -1  -5  -4  -3  -3   4   3    0   0   0   0   0   0   0   0   1  32   5   0  22   0   0   0   0   0  17  23  0.91 0.38
   17 Q    -4  -1   2   6  -5   3  -1  -4  -1  -3  -5  -2  -4  -5  -2  -2  -1  -5   1  -5    0   2   8  58   0  14   0   0   1   2   0   0   0   0   1   2   4   0   6   0  1.10 0.47
   18 P     1  -2   2  -1  -3  -1  -2  -1  -3  -2  -1  -1   2  -3   4   3   0  -4  -3  -1   13   0  10   1   0   2   0   3   0   0   6   2   7   0  20  26   6   0   0   4  0.40 0.24
   19 S    -1   1   3  -1  -3   0  -2   1  -2  -3  -3   1   1  -2  -3   3   2  -4   0  -3    3   6  14   1   0   4   0   9   0   0   0   7   5   1   0  29  16   0   3   0  0.34 0.24
   20 P    -1  -2  -1   2  -4  -3  -1  -3   1  -3  -4  -3  -4  -5   6   2   0  -5  -4  -3    4   2   2  12   0   0   2   1   4   1   1   0   0   0  48  15   6   0   0   2  1.03 0.38
   21 Q    -2   3   2  -2  -3   3  -1  -2  -2  -1   0   0  -2  -1   0   0   2  -4  -3   0    1  20  11   0   0  15   2   1   0   2   9   5   0   2   5   7  13   0   0   6  0.25 0.19
   22 A     0   0  -1  -1  -5   2   0   0   0  -3  -4  -2  -4  -1  -3  -2  -2  -2   7  -4    9   6   2   4   0   9   6   7   1   1   0   1   0   0   1   1   2   0  51   0  0.94 0.43
   23 C    -4   0  -6  -7  11  -6  -7  -6  -6  -5  -5  -6  -5  -6  -7  -5  -5  -6  -6  -5    0   7   0   0  90   0   0   0   0   0   0   0   0   0   0   0   0   0   0   0  3.43 0.91
   24 N    -2  -3   7   2  -5  -3   1  -4  -2  -6  -6  -3  -5  -6  -5  -2   1  -6  -2  -5    3   0  68   9   0   0   9   0   0   0   0   0   0   0   0   0   8   0   2   0  1.50 0.57
   25 S     0   0   0   1  -3   3   0  -1   1  -2  -1   1  -2  -3  -3   2   1  -3  -1   0    4   5   4   9   0  16   3   3   3   1   5   8   0   0   0  17   9   0   3   8  0.17 0.16
   26 A     2  -4  -4  -4  -3  -3   0  -4  -4   1   0  -2   7  -3  -4  -1   1  -4  -4  -1   20   0   0   0   0   0   8   0   0   9   8   2  40   0   0   4   7   0   0   3  0.76 0.40
   27 M    -5  -2  -6  -7  -5  -4  -6  -6  -5   1   0  -5  10  -4  -6  -5  -4  -5  -5  -3    0   3   0   0   0   0   0   0   0   7   5   0  86   0   0   0   0   0   0   0  2.65 0.83
   28 S     1   4   2  -3  -2   1  -1  -3  -2  -3  -2   3   3  -2  -3   1  -1  -4  -3  -2   10  26  10   0   1   5   1   0   0   1   2  19  11   1   0   9   2   0   0   3  0.43 0.27
   29 I    -1   4   1   0  -1   0  -1  -1   0  -2  -2   2  -2  -4  -1   0   0  -4  -3  -1    5  32   8   5   2   2   1   5   2   1   3  17   0   0   2   5   4   0   0   6  0.35 0.26
   30 I    -3   5   0  -4  -4   0  -3  -1  -3   3  -1   0   1  -3   0  -3  -3  -4  -3   0    0  41   4   0   0   3   0   4   0  22   4   4   4   0   6   0   0   0   0   7  0.59 0.38
   31 N    -2   1   5   1  -4   1   0   0   1  -4  -4   3  -3  -4  -3  -1  -2  -4   0  -1    3   8  33   6   0   5   4   6   3   0   0  21   0   0   0   3   0   0   4   4  0.51 0.33
   32 K    -2   0   0  -2  -3  -2   0   0  -2   1   1   1   5   0  -1  -1  -2  -3   1   0    0   5   6   2   0   0   5   7   0   7  12   9  24   3   2   4   0   0   7   4  0.21 0.24
   33 Y    -2  -2  -1  -3  -3  -1  -3  -4   1  -2   0  -1   0   1   0  -2   4  -2   5   0    2   2   3   0   0   3   0   0   3   0  10   4   2   6   5   0  33   0  24   5  0.50 0.37
   34 T    -2   1   2   2  -3   2   0   0   0  -1  -3   2  -2  -4  -1   0   3  -4  -3  -2    0   6   8  14   0  10   2   5   3   4   2  16   0   0   3   5  22   0   0   0  0.29 0.24
   35 E    -2   1  -1   0  -4   1   0   3   3  -4  -4  -1  -3  -3   0   1  -1   3   1  -3    0  10   2   5   0   7   4  31  11   0   0   2   0   0   3  12   2   5   5   1  0.41 0.21
   36 R    -2   4  -2  -1  -4   2  -2  -4   3  -4  -4   1  -3  -2   3   1   0   2   1  -3    0  29   0   3   0   9   0   0   8   0   0   6   0   1  14  12   7   3   5   2  0.52 0.27
   37 C    -4  -7  -6  -7  12  -7  -8  -6  -7  -5  -5  -7  -5  -6  -7  -5  -5  -6  -6  -4    0   0   0   0 100   0   0   0   0   0   0   0   0   0   0   0   0   0   0   0  3.94 0.90
   38 K    -3   0  -3  -4  -5  -2  -2  -4  -3   0  -4   7  -4  -5   0  -3  -3  -5   0   0    0   2   0   0   0   0   0   0   0   7   0  77   0   0   5   0   0   0   3   7  1.32 0.51
   39 D    -1   0   1   3  -4  -1   1  -2  -2  -4  -4   1  -4  -2   5   0   0  -5  -4  -4    5   6   8  18   0   1   7   3   1   0   0   8   0   2  32   4   5   0   0   0  0.66 0.26
   40 L    -2   0  -3  -2  -3   2   1  -4  -3   2   1  -1   0   0  -3  -2   0  -4  -2   3    0   5   0   1   0  13  12   0   0  14  10   3   1   5   0   1   4   0   0  30  0.31 0.21
   41 N    -5  -2   8  -2  -6  -3  -3  -4   5  -6  -6  -3  -5  -5  -5  -3  -3  -5   2  -6    0   1  74   0   0   0   0   0  17   0   0   0   0   0   0   0   0   0   7   0  1.92 0.62
   42 T    -2  -4  -3  -4  -4  -4  -4  -5  -4  -2  -4  -4  -3  -3  -4  -2   7  -4   4  -1    1   0   0   0   0   0   0   0   0   2   0   0   0   0   0   0  78   0  14   4  1.56 0.58
   43 F    -5  -6  -6  -7  -5  -6  -6  -6  -4  -1  -3  -6  -3   9  -7  -6  -5  -2   0  -1    0   0   0   0   0   0   0   0   0   3   0   0   0  92   0   0   0   0   0   5  2.48 0.68
   44 L    -1  -5  -5  -5  -3  -4  -5  -4  -5   5   3  -4  -1  -2  -5  -4  -3  -4  -3   4    3   0   0   0   0   0   0   1   0  40  28   0   0   0   0   0   0   0   0  28  0.91 0.35
   45 H    -5  -1  -3  -4  -6  -1  -3  -2  10  -1  -1  -4  -4  -4  -5  -4  -5  -5   0  -5    0   4   0   0   0   1   0   3  78   4   7   0   0   0   0   0   0   0   2   0  2.30 0.67
   46 E     1  -2  -1   0  -4  -1   4   1  -3  -3  -3  -1   2  -4  -3   1   2  -4  -4  -2   11   0   1   4   0   0  37  11   0   0   0   1   7   0   0  11  14   0   0   3  0.46 0.28
   47 P    -2   0   2   1  -4   1   0  -3  -3  -4  -4  -1  -3  -4   4   3   2  -5  -4  -3    0   6  11   9   0   7   4   0   0   0   1   1   0   1  23  25  12   0   0   1  0.59 0.28
   48 F    -1  -1  -3  -4  -3  -2  -2  -2  -2  -1   2   0  -1   4   3  -2  -1   2   3  -2    6   3   0   0   0   0   2   2   0   3  23   9   0  21  14   2   4   3  10   0  0.34 0.20
   49 S     2   1   1   2  -3   1   1   0   0  -3  -4   0  -3  -4  -3   1   0   2  -3  -2   27   6   7  14   0   8  10   8   2   0   0   3   0   0   0   9   3   3   0   2  0.29 0.18
   50 S    -1  -2   4   4  -4  -1   2  -3   1  -4  -4   0  -4  -5   1   2   1  -5  -3  -3    4   0  21  22   0   0  12   0   4   0   0   4   0   0   6  14   8   0   0   1  0.52 0.25
   51 V    -2  -5  -5  -5  -3  -5  -5  -6  -5   4   1  -5  -1  -3  -5  -4  -2  -5  -3   5    2   0   0   0   0   0   0   0   0  29  13   0   0   0   0   0   1   0   0  54  1.07 0.39
   52 A     0   1   1  -2  -4   4   0  -3   0  -3  -3   4  -2  -4  -3  -2  -1  -4  -3   1    8   7   7   1   0  23   2   1   2   0   0  29   0   0   0   0   3   0   0  15  0.49 0.29
   53 I     4   0   1  -1  -3  -1  -1   0  -2  -2  -4   2  -3  -4  -3   0   1  -5  -4  -3   52   3   7   2   0   1   3   5   1   2   0  14   0   0   0   3   8   0   0   0  0.54 0.30
   54 T    -1  -5  -5  -5  -3  -4  -5  -5  -5   5   0  -4  -1   1  -4  -3   1  -4  -3   5    4   0   0   0   0   0   0   0   0  38   3   0   0   5   0   0  10   0   0  41  0.90 0.36
   55 C    -4  -7  -6  -7  12  -7  -8  -6  -7  -5  -5  -7  -5  -6  -7  -5  -5  -6  -6  -4    0   0   0   0 100   0   0   0   0   0   0   0   0   0   0   0   0   0   0   0  3.94 0.90
   56 Q    -1   1   1   1  -3   0  -1   2   0  -4  -4   1  -3   0  -3   3  -1  -3   1  -3    0   6   7   7   0   5   3  20   2   0   0  11   0   4   0  25   3   0   7   0  0.32 0.20
   57 T    -2   1   4   1  -4   4  -1   0   0  -4  -2  -1  -1  -3  -1   1   1  -3   1  -3    0   6  21   6   0  21   1   7   1   0   3   2   1   0   2  10  10   0   5   0  0.36 0.22
   58 P     0   2  -2  -1  -4   0   1   0  -1  -3  -3   3  -1  -4   4   0   0  -4  -3  -2    7  11   0   1   0   2  12   9   1   0   2  19   1   0  22   6   4   0   0   2  0.44 0.20
   59 N    -1  -2   5   0  -4   0   0   0  -2  -2  -3   1  -3   1  -1   1  -1  -4  -3  -2    3   0  38   3   0   3   6   5   0   2   2   9   0   7   2  13   2   0   0   2  0.43 0.24
   60 I    -1  -2  -3  -4  -3  -2  -3   2  -4   3  -1  -2   2  -3  -2  -1   0  -4  -3   4    2   2   0   0   0   1   0  17   0  23   0   1   6   0   2   5   4   0   0  36  0.45 0.25
   61 A     2   0   0   0  -2   1  -1  -2  -2  -1  -1  -1  -2   0   2   0   3  -3  -2  -1   19   7   4   4   0   6   2   1   0   3   6   1   0   5  11   3  25   0   0   2  0.23 0.16
   62 C    -2   0  -4  -4  10  -4  -4  -1  -4  -3  -2  -4  -3  -4  -1  -1  -3  -4  -4  -1    1   6   1   1  68   1   1   4   0   1   3   1   0   1   3   3   1   0   0   5  1.93 0.49
   63 K    -2   0   3   1  -4   1   1  -3  -2  -4  -4   5  -3  -4  -1  -1  -2  -4  -1  -4    1   3  18   6   0   3   8   1   0   0   1  48   0   0   3   4   0   0   3   0  0.72 0.31
   64 N    -2   0   6   0  -4  -2  -1  -3   0  -4  -1   0  -3  -4   2  -2   0  -5  -4  -3    2   4  52   4   0   0   2   0   1   0   7   5   0   0  11   0   5   0   0   2  0.81 0.35
   65 S    -1  -2  -2   0  -3  -2  -2   4  -1  -2  -3   0  -3  -2  -3   1   0  -2   4  -2    2   1   0   4   0   1   0  41   1   2   1   7   0   0   0  12   7   0  16   3  0.53 0.25
   66 C    -1   2   1  -1   0   2   0   1   0   0   0   0  -1  -2  -2   0  -1  -3  -1  -1    3  12  10   1   2  14   3  14   2   6  10   6   0   0   1   5   1   0   2   5  0.11 0.09
   67 K    -1   2   1   0  -3   0   1   1   2  -2  -2   2   0  -3  -1   1   1  -3  -2  -2    2  12   6   3   0   2  12  11   5   2   1  14   4   0   2   8  13   0   0   2  0.19 0.11
   68 N    -3  -2   6   0  -4  -2  -2  -1  -1  -4  -4   2  -3   0  -3   0  -2  -3   1  -3    1   1  54   4   0   1   1   3   0   1   1  14   0   4   1   4   1   0   5   1  0.87 0.33
   69 C    -3  -4  -4  -4  10  -3  -4  -4  -4  -3   1  -4  -3   0  -4  -3  -3  -4  -3  -3    1   1   1   1  68   2   1   1   0   1  14   1   0   5   1   1   1   0   0   1  2.05 0.51
   70 H    -3   3   1  -3  -4  -2  -2  -3   7  -4  -3  -2  -3   1  -3  -2   0  -2   5  -3    1  19   7   1   0   1   1   1  34   1   1   1   0   5   1   1   6   0  20   1  0.96 0.34
   71 Q    -2   2   0   0  -3   3   1  -3   1   1   0   2   1  -3  -2  -1  -1  -3  -2  -2    2  12   3   4   0  20   5   1   3  10   9  18   4   0   0   2   2   0   0   1  0.27 0.17
   72 S    -1  -3  -2  -3  -3  -3  -3  -3  -3  -4  -4  -3  -4  -4  -3   7   1  -5  -4  -4    1   0   0   0   0   0   0   1   0   0   1   0   0   0   0  86   8   0   0   0  1.50 0.54
   73 H    -1   1   2  -1  -3   1   0  -1   2  -3  -2   2   0  -3   0   2   2  -3   0  -2    3   7  12   1   0   5   3   3   6   1   1  16   3   0   5  16  14   0   4   0  0.23 0.15
   74 G    -1   1   1  -1  -2   0  -1   1  -2  -3  -4   1  -3  -1  -3   4   1  -4  -1  -2    2   9   7   2   0   4   2  10   0   0   0   6   0   2   0  37  11   0   2   3  0.35 0.22
   75 P     0   1  -1  -2  -3   2  -1  -3   0  -2   0   0  -2  -4   4   1   1  -4  -3  -1    9  10   1   0   0  12   3   0   2   1  10   5   0   0  22  14   9   0   0   3  0.39 0.20
   76 M    -3  -5  -5  -6  -4  -4  -5  -5  -4   1   1  -5   5   6  -5  -4  -3  -3  -1   3    0   0   0   0   0   0   0   0   0   4  12   0  15  42   0   0   0   0   0  27  1.09 0.40
   77 S    -2   1   0   1  -4   3   1  -3   4  -4  -4   0  -3  -3   3   1  -1  -4  -1  -4    2   8   4   9   0  15  10   0  14   0   0   5   0   1  16  11   3   0   2   0  0.47 0.23
   78 L    -3  -4  -5  -5  -3  -4  -5   0  -5   4   3  -4   2  -2  -5  -4  -3  -4  -2   3    0   0   0   0   0   0   0  10   0  31  33   0   6   0   0   0   0   0   1  19  0.69 0.29
   79 T    -3  -4   0  -4  -4  -4  -4  -4  -4  -1  -2  -4  -3  -5  -4  -1   7  -5  -4   1    0   0   4   0   0   0   0   0   0   3   3   0   0   0   0   2  78   0   0  10  1.43 0.55
   80 M    -2  -1  -1   4  -4  -1  -1  -4   1   0  -1  -2   1   1  -3  -2   3  -3   2   0    1   3   1  29   0   2   1   0   4   5   3   0   4   5   0   0  22   0   9   9  0.36 0.24
   81 G    -4  -7  -6  -7  12  -7  -7  -3  -7  -5  -5  -7  -5  -6  -7  -5  -5  -6  -6  -4    0   0   0   0  98   0   0   2   0   0   0   0   0   0   0   0   0   0   0   0  3.81 0.88
   82 E    -3   4   4  -1  -3   1   0  -2  -1  -2  -3   3  -3  -4  -3  -1   1  -4  -2  -2    0  26  21   2   1   3   4   1   1   3   1  20   0   0   0   3   8   0   1   3  0.49 0.26
   83 L    -3  -1  -1  -4  -3  -1  -2  -5   3   0   5  -3   0  -1  -4  -3   1  -4  -2   0    0   4   3   0   0   3   2   0   9   2  62   0   0   2   0   0   8   0   0   4  0.65 0.31
   84 T    -1   0  -2  -1  -3  -2  -2   2  -1   1  -3  -1  -2  -4  -2   1   4  -4  -3  -1    3   7   0   3   0   0   0  17   2  10   0   4   0   0   2   9  39   0   0   4  0.42 0.26
   85 S     0  -2   1  -1  -3  -2   0   4   2  -4  -4  -1  -3  -4  -3   3   0  -4  -3  -3    7   0   8   3   0   0   5  31   5   0   0   4   0   0   0  33   3   0   0   0  0.55 0.26
   86 G     0   2  -2  -3  -3   2  -2   4  -3  -2  -4  -1  -3  -4   1   3  -1  -4  -4  -3    4  12   0   0   0  11   0  29   0   3   0   2   0   0   6  29   2   0   0   0  0.53 0.28
   87 K    -1   2   2  -1  -3   2   0  -1  -2  -2  -3   3  -2  -4  -2   2   1  -4  -3  -1    3   9  12   1   0  11   2   3   0   1   0  28   0   0   1  15   8   0   0   5  0.37 0.21
   88 Y     0   2  -3  -4  -1  -3  -3  -4   2   2  -2  -2   0   0   1  -3   0   2   6  -2    9  13   0   0   1   0   0   0   5  13   2   0   3   1   9   0   6   2  35   1  0.58 0.29
   89 P    -3  -1  -4  -4  -5  -2  -3  -4  -4  -2  -4  -3  -4  -5   8  -1   1  -6  -5  -4    0   4   0   0   0   1   0   0   0   3   1   0   0   0  75   5   8   0   0   0  1.98 0.55
   90 N     0   0   5   0  -4   1  -2  -3   2  -4  -3  -1  -2  -5   4   0  -1  -5  -4  -4    6   4  39   2   0   6   0   0   5   0   2   2   1   0  21   6   3   0   0   0  0.75 0.33
   91 C    -4  -7  -6  -7  12  -7  -8  -6  -7  -5  -5  -7  -5  -6  -7  -5  -5  -6  -6  -5    0   0   0   0 100   0   0   0   0   0   0   0   0   0   0   0   0   0   0   0  3.95 0.88
   92 R     0   4   1   1  -4   1  -1  -2   1  -4  -3   2  -3  -4   0   0   0  -4  -1  -2    9  31   8   6   0   7   1   2   3   0   1  12   0   0   5   7   4   0   2   2  0.39 0.20
   93 Y    -5  -5  -6  -7  -2  -5  -6  -7  -2  -5  -5  -5  -5   0  -7  -5  -5  -1  10  -5    0   0   0   0   1   0   0   0   0   0   0   0   0   0   0   0   0   0  99   0  3.11 0.81
   94 K    -1   3   2  -2  -4   2   0  -2   1  -3  -2   3  -2  -4  -3   1   0  -4  -3  -2    4  20  12   0   0  10   4   1   4   0   4  22   0   0   0  11   5   0   0   3  0.39 0.21
   95 E     2  -3  -2   0  -3   1   0   0  -3  -2  -2  -2  -1  -4   0   2   4  -4  -2  -2   20   0   0   4   0   6   5   6   0   2   2   0   1   0   3  17  33   0   1   0  0.42 0.25
   96 K    -1   1   0  -1  -3  -2  -2  -2  -3  -1  -2   1  -1   2  -3   2   4  -3   0  -2    2  10   4   3   0   0   1   1   0   3   1   8   1  11   0  22  31   0   2   0  0.39 0.25
   97 H     1   1   1  -1  -3   3   0  -2   2  -1   0   0  -2  -2   2  -1   0  -3   1  -2   13   8   7   2   0  17   3   2   5   5   9   5   0   0  10   1   6   0   6   1  0.17 0.14
   98 L     1   1  -1   0  -2   1   0   1  -2  -1   0   0   0  -1  -2   1   1  -3  -1  -2   12   7   0   4   0   7   6  12   0   2  10   3   3   3   0  15  12   0   2   0  0.11 0.10
   99 N    -2   1   3  -1  -4   2   2  -3   0  -2  -2   1  -2   1  -3   0   2  -3   1  -2    0   7  20   0   0  12  14   0   1   3   2   7   0   8   0   5  15   0   4   2  0.31 0.21
  100 T    -2   4   2  -2  -5   1  -1   1   1  -5  -4   4   0  -5  -3  -2  -2  -5  -4  -4    1  23  10   0   0   7   2  13   3   0   0  37   3   0   0   0   2   0   0   0  0.69 0.30
  101 P    -3   2   1  -3  -4  -1  -3  -4   5  -3  -3   0  -3   3  -1   0  -2  -2   5  -1    0  14   6   0   0   2   0   0  18   0   1   7   0  16   3   6   1   0  21   4  0.59 0.28
  102 Y    -3  -5  -5  -5  -4  -5  -5  -6  -4   6   0  -5  -1   1  -1  -4  -3  -3   4   3    0   0   0   0   0   0   0   0   0  50   5   0   0   6   3   1   0   0  16  19  0.95 0.36
  103 I    -2   0  -4  -5   4  -4  -4  -5  -4   4   1  -3   0  -1  -4  -3   0  -4   1   3    1   8   0   0  10   0   0   0   0  32  13   0   1   1   0   0   5   0   5  25  0.57 0.26
  104 V    -2  -5  -5  -6  -3  -5  -5  -6  -6   5   0  -5   1  -3  -5  -4  -3  -5  -4   6    1   0   0   0   0   0   0   0   0  32   5   0   3   0   0   0   0   0   0  59  1.24 0.43
  105 A     5  -3  -3  -4  -3  -3  -3   0  -4  -3  -1  -1  -3  -4  -3   1   3  -5  -4  -2   57   1   0   0   0   0   0   6   0   0   5   4   0   0   0   8  19   0   0   0  0.76 0.36
  106 C    -4  -7  -6  -7  12  -7  -8  -6  -7  -5  -5  -7  -5  -6  -7  -5  -5  -6  -6  -5    0   0   0   0 100   0   0   0   0   0   0   0   0   0   0   0   0   0   0   0  3.95 0.88
  107 D    -3   0   2   4  -5   0   5  -4  -2  -5  -4  -1  -4  -5  -3   0  -1   0  -4  -3    0   6   9  20   0   1  46   0   0   0   2   1   0   0   0   7   3   1   0   1  0.80 0.34
  108 P    -2   0   4   3  -3  -1  -1   0   0  -3  -3  -1  -2  -3   3  -1  -1   3  -2  -2    2   7  27  18   0   1   2   8   1   1   2   3   1   1  14   3   1   5   1   2  0.44 0.16
  109 P    -1   2   1  -1  -2   2   0   2  -1  -2  -1   1   0  -2   2  -1  -1  -2  -2  -2    2  14   6   3   0  11   4  20   1   1   6   9   2   1  11   3   3   0   1   2  0.23 0.09
  110 Q     0   0   1   1  -2   2   0   0   1  -1  -1   0   0   0  -1   0   0   3   2  -1    6   5   7   9   1  12   3   6   5   2   4   7   2   3   2   3   8   4   8   3  0.09 0.04
  111 Q    -1   0   0   1  -1   2   1  -1  -1  -1  -1   1  -1  -1   4   0  -1  -1  -1  -1    4   5   2   7   1  12  10   4   1   3   5   8   1   2  19   5   3   1   2   4  0.23 0.05
  112 G     0   1   0   0  -1   1   0   1  -1   0  -1   0   0  -1   0   0   0  -1  -1   0   10  10   3   6   1   8   5  11   1   6   6   6   5   2   3   5   4   1   2   6  0.04 0.01
  113 D    -1  -1   0   4  -1   1   1  -1   0  -1   0   0  -1  -1   0   0  -1  -1  -1  -1    4   3   3  28   1   7   8   4   2   3   9   3   1   2   5   6   3   1   2   4  0.18 0.05
  114 P    -1  -1  -1  -1  -1  -1  -1  -1  -1  -1   0   1  -1  -1   5   0  -1  -1  -1  -1    4   3   3   3   1   2   4   5   1   5   9   8   1   2  35   5   3   1   2   4  0.45 0.07
  115 G    -1   0  -1  -1  -2   1   0   3  -1  -2  -1  -1   1  -2   2  -1  -1  -2  -2  -2    3   7   2   2   1   9   5  33   1   2   7   2   6   1  11   2   3   0   1   2  0.27 0.09
  116 Y    -1  -1   3   0  -2  -1  -1  -2   0   0  -1  -1  -1   0  -2   0  -1  -1   5  -1    3   2  19   4   1   1   4   3   2   8   3   3   1   2   2   5   3   0  29   2  0.29 0.12
  117 P    -1  -2   0  -2  -2   0  -1  -2   0  -2  -2  -1  -2  -3   7  -1  -1  -2  -2  -2    3   2   4   2   1   4   2   3   3   2   4   4   1   1  58   3   2   0   1   2  1.12 0.20
  118 L    -1  -1  -2  -2  -2  -1  -1  -2  -1   0   1  -1   0   1  -1  -1  -1   0   4   2    3   2   2   2   1   3   4   3   1   4  17   2   1   6   2   6   2   0  23  17  0.19 0.08
  119 V    -2  -3  -3  -4  -2  -3  -3  -4  -4   1   2  -3   0  -2  -3  -3  -2  -3  -2   5    1   1   1   1   0   1   1   1   0   3  25   1   0   1   1   1   1   0   0  62  0.71 0.23
  120 P    -3  -5  -5  -4  -6  -4  -4  -5  -5  -5  -6  -4  -5  -6   9  -3  -4  -6  -6  -5    0   0   0   0   0   0   0   0   0   0   0   0   0   0  99   0   0   0   0   0  2.98 0.57
  121 V    -3  -5  -5  -6  -3  -5  -5  -6  -6   0  -1  -5  -2  -3  -5  -4  -2  -5  -4   7    0   0   0   0   0   0   0   0   0   0   0   0   0   0   0   0   0   0   0 100  1.70 0.46
  122 H    -5  -3  -2  -4  -6  -2  -3  -5  11  -6  -6  -4  -4  -4  -5  -4  -5  -5  -1  -6    0   0   0   0   0   0   0   0 100   0   0   0   0   0   0   0   0   0   0   0  3.15 0.63
  123 L    -4  -4  -5  -6  -4  -4  -5  -5  -3  -1   4  -5  -1   6  -5  -4  -4  -2   2  -2    0   0   0   0   0   0   0   0   0   0  46   0   0  48   0   0   0   0   6   0  1.18 0.33
  124 D    -4  -4   0   8  -6  -2   0  -3  -3  -5  -6  -3  -5  -6  -4  -2  -3  -7  -5  -5    0   0   0  97   0   0   0   0   0   0   0   0   0   0   0   0   0   0   0   0  2.00 0.41
  125 K     2   2  -1  -1  -3   1   2   1  -2  -3  -3   2  -2  -4  -2   0   0  -4  -3  -2   30  11   1   2   0   5  15  12   0   0   0  14   0   0   0   3   6   0   0   0  0.31 0.12
  126 V     0  -2  -1  -2  -2  -2  -2  -2  -3   2  -2  -2  -2  -3  -2   4   3  -4  -2   1    3   1   0   0   0   0   0   0   0  13   0   0   0   0   0  49  20   0   1  12  0.48 0.20
  127 V    -2  -4  -4  -4  -2  -4  -4  -5  -4   4   1  -4   0  -2  -4  -3  -1  -4  -2   5    0   0   0   0   0   0   0   0   0  37   6   0   0   0   0   0   0   0   0  57  0.81 0.20

                      K         Lambda
Standard Ungapped    0.1310     0.3169
Standard Gapped      0.0486     0.2670
PSI Ungapped         0.1587     0.3179
PSI Gapped           0.0486     0.2670
