
Last position-specific scoring matrix computed, weighted observed percentages rounded down, information per position, and relative weight of gapless real matches to pseudocounts
            A   R   N   D   C   Q   E   G   H   I   L   K   M   F   P   S   T   W   Y   V   A   R   N   D   C   Q   E   G   H   I   L   K   M   F   P   S   T   W   Y   V
    1 G    -2  -1   6   2  -3  -1   0   2   0  -4  -4  -1  -3  -4  -2   0  -1  -4  -3  -3    0   0  70  13   0   0   0  17   0   0   0   0   0   0   0   0   0   0   0   0  0.68 0.04
    2 P    -1   0  -1  -2  -3  -1  -1  -2   3  -3  -3  -1  -2   0   6   1  -1  -3  -1  -3    0   7   0   0   0   0   0   0  12   0   0   0   0   7  58  16   0   0   0   0  1.00 0.04
    3 L    -1  -2  -3  -3  -2   2  -1  -3  -2   2   3  -2   1  -1  -3  -2  -1  -3  -2   3    0   0   0   0   0  19   0   0   0   0  38   0   0   0   0   0   0   0   0  44  0.25 0.03
    4 S     1  -1   0  -1  -1  -1  -1  -1  -2  -2  -3  -1  -2  -3  -1   4   3  -3  -2  -2    0   0   0   0   0   0   0   0   0   0   0   0   0   0   0  74  26   0   0   0  0.53 0.06
    5 C    -1  -4  -3  -4  10  -4  -5  -3  -4  -2  -2  -4  -2  -3  -4  -2  -2  -3  -3  -1    0   0   0   0 100   0   0   0   0   0   0   0   0   0   0   0   0   0   0   0  1.78 0.10
    6 G    -2   4  -1  -2  -3   0  -1  -1   4  -1   1   1  -1  -2  -3  -1  -2   3  -1  -1    0  50   0   0   0   0   0   4  16   0  19   0   0   0   0   0   0   5   0   5  0.33 0.04
    7 R    -2   4  -1  -2  -3   0  -1  -1  -2   0  -1   1  -1  -1  -3  -1   0   6  -1  -1    0  40   0   0   0   0   0   5   0  15   5  11   0   0   0   0   7  17   0   0  0.36 0.03
    8 N    -2  -1   6   1  -3   0  -1  -1   0  -4  -4   1  -3  -3  -3   0  -1  -3   0  -3    0   0  86   0   0   0   0   0   0   0   0   9   0   0   0   0   0   0   5   0  0.80 0.07
    9 G    -1   3  -1  -2  -3   0  -1   3  -1  -3  -2   3   1  -3  -2  -1  -1  -3  -2  -2    0  21   0   0   0   0   0  35   0   0   0  32  12   0   0   0   0   0   0   0  0.38 0.03
   10 G     1  -3  -1  -2  -3  -2  -2   6  -3  -4  -4  -2  -3  -4  -2   0  -2  -3  -3  -3   11   0   0   0   0   0   0  89   0   0   0   0   0   0   0   0   0   0   0   0  1.05 0.06
   11 V    -1  -3  -4  -4  -2  -3  -3  -4  -3   4   1  -3   1   2  -3  -2  -1  -2   0   3    0   0   0   0   0   0   0   0   0  47   0   0   0  15   0   0   0   0   0  38  0.39 0.04
   12 C    -1  -4  -3  -4  10  -4  -5  -3  -4  -2  -2  -4  -2  -3  -4  -2  -2  -3  -3  -1    0   0   0   0 100   0   0   0   0   0   0   0   0   0   0   0   0   0   0   0  1.78 0.10
   13 I     0  -2  -3  -3  -1  -2  -3  -3   2   3   2  -2   2  -1  -3  -2  -1  -3  -1   3    5   0   0   0   0   0   0   0  11  24  12   0   9   0   0   0   0   0   0  40  0.25 0.03
   14 P    -1  -3  -3  -2  -3  -2  -2  -3  -3  -2   0  -2  -1  -3   8  -2  -2  -4  -3  -2    0   0   0   0   0   0   0   0   0   0  19   0   0   0  81   0   0   0   0   0  1.62 0.07
   15 I    -1  -2   1  -2  -2  -2  -2   0  -2   3   0  -2   0   1  -3  -1   1  -3  -1   2    0   0  12   0   0   0   0   9   0  48   0   0   0   7   0   5   9   0   0  11  0.14 0.03
   16 R    -2   5  -1  -2  -3   0  -1  -3  -1  -2  -1   2  -1   1  -3   0  -1  -2  -1  -2    0  69   0   0   0   0   0   0   0   0   7   9   0  11   0   5   0   0   0   0  0.53 0.05
   17 C    -1  -4  -3  -4  10  -4  -5  -3  -4  -2  -2  -4  -2  -3  -4  -2  -2  -3  -3  -1    0   0   0   0 100   0   0   0   0   0   0   0   0   0   0   0   0   0   0   0  1.78 0.10
   18 P     0   0  -2  -2  -3  -2  -2  -2  -3  -3  -3  -1  -3  -4   8  -1  -1  -4  -3  -3    9   7   0   0   0   0   0   0   0   0   0   0   0   0  84   0   0   0   0   0  1.75 0.07
   19 V     0   2  -1  -2  -3  -1  -2   5  -2  -2  -3  -1  -2  -3   1  -1  -2  -3  -3  -1    0  20   0   0   0   0   0  60   0   0   0   0   0   0   9   0   0   0   0  11  0.55 0.04
   20 P    -1   3   2  -1  -3   0   0   0   4  -3  -3   1  -2  -3   2   1   0  -3  -1  -3    0  26  15   0   0   0   0   7  17   0   0   9   0   0  12  10   5   0   0   0  0.33 0.03
   21 M    -1   0  -2  -3  -2  -1  -2  -3  -1   0   1  -2   6   0  -3  -2   1  -1   2   0    0   5   0   0   0   0   0   0   0   0   5   0  69   0   0   0  10   0  11   0  0.42 0.07
   22 R    -2   6  -1  -2  -4   1   0  -3  -1  -1  -2   3  -2  -3  -2  -1  -1  -3  -2  -2    0  68   0   0   0   0   0   0   0   7   0  25   0   0   0   0   0   0   0   0  0.66 0.05
   23 Q    -1   1  -1  -1  -4   7   1  -2   0  -4  -3   1  -1  -4  -2  -1  -1  -3  -2  -3    0   0   0   0   0 100   0   0   0   0   0   0   0   0   0   0   0   0   0   0  0.98 0.09
   24 I    -2  -4  -4  -4  -2  -3  -4  -4  -4   6   1  -3   1  -1  -3  -3  -1  -3  -2   2    0   0   0   0   0   0   0   0   0 100   0   0   0   0   0   0   0   0   0   0  0.64 0.07
   25 G     0  -3  -1  -2  -3  -2  -3   6  -3  -4  -4  -2  -3  -4  -3  -1  -2  -3  -4  -4    0   0   0   0   0   0   0 100   0   0   0   0   0   0   0   0   0   0   0   0  1.25 0.07
   26 T    -1  -2  -1  -2  -1  -1  -1  -2  -2   0  -1  -1  -1  -3  -2   1   6  -3  -2   0    0   0   0   0   0   0   0   0   0   7   0   0   0   0   0   0  93   0   0   0  0.63 0.07
   27 C    -1  -4  -3  -4  10  -4  -5  -3  -4  -2  -2  -4  -2  -3  -4  -2  -2  -3  -3  -1    0   0   0   0 100   0   0   0   0   0   0   0   0   0   0   0   0   0   0   0  1.78 0.10
   28 F    -2  -1  -3  -3  -3  -3  -3   2  -2   0   1  -2   0   5  -4  -2  -2   0   2   0    0   5   0   0   0   0   0  19   0   0  15   0   0  55   0   0   0   0   0   5  0.39 0.04
   29 G     1   0  -1  -2  -2  -2  -2   5  -2  -2   0  -1   1  -2  -2   0   0  -3  -3  -2   11   7   0   0   0   0   0  58   0   0  11   0   9   0   0   0   5   0   0   0  0.45 0.03
   30 R    -1   2  -2  -2  -3  -1  -1  -3  -2  -3  -3   0  -3  -4   7  -1  -2  -4  -3  -3    5  23   0   0   0   0   0   0   0   0   0   0   0   0  73   0   0   0   0   0  1.47 0.06
   31 P     0   3  -1  -2  -3   2   0   1  -1  -3  -3   1  -2  -4   5   0  -1  -3  -3  -3    5  29   0   0   0  19   0  11   0   0   0   0   0   0  31   5   0   0   0   0  0.58 0.04
   32 V    -1  -3  -3  -3  -1  -3  -3  -4  -4   3   0  -3   0  -1  -3  -2   1  -3  -2   4    0   0   0   0   0   0   0   0   0  10   0   0   0   0   0   0  11   0   0  79  0.42 0.05
   33 K    -1   2  -1  -1  -4   1   0  -2  -1  -3  -3   5  -2  -4   2  -1  -1  -4  -2  -3    0   0   0   0   0   0   0   0   0   0   0  88   0   0  12   0   0   0   0   0  0.69 0.06
   34 C    -1  -4  -3  -4  10  -4  -5  -3  -4  -2  -2  -4  -2  -3  -4  -2  -2  -3  -3  -1    0   0   0   0 100   0   0   0   0   0   0   0   0   0   0   0   0   0   0   0  1.78 0.10
   35 C    -1  -4  -3  -4  10  -4  -5  -3  -4  -2  -2  -4  -2  -3  -4  -2  -2  -3  -3  -1    0   0   0   0 100   0   0   0   0   0   0   0   0   0   0   0   0   0   0   0  1.78 0.10
   36 R    -2   6  -1  -2  -4   1   0  -3  -1  -4  -3   3  -2  -3  -2  -1  -2  -3  -2  -3    0  81   0   0   0   0   0   0   0   0   0  19   0   0   0   0   0   0   0   0  0.85 0.06
   37 S     0   4   0  -1  -3   1   0  -2  -1  -3  -3   3  -2  -3  -2   2   0  -3  -2  -3    0  37   0   0   0   0   0   0   0   0   0  31   0   0   0  32   0   0   0   0  0.44 0.03
   38 W    -3  -3  -4  -5  -3  -2  -3  -3  -3  -3  -2  -3  -2   1  -4  -3  -3  12   2  -3    0   0   0   0   0   0   0   0   0   0   0   0   0   0   0   0   0 100   0   0  2.40 0.02

                      K         Lambda
Standard Ungapped    0.1516     0.3317
Standard Gapped      0.0451     0.2670
PSI Ungapped         0.1474     0.3161
PSI Gapped           0.0451     0.2670
