
Last position-specific scoring matrix computed, weighted observed percentages rounded down, information per position, and relative weight of gapless real matches to pseudocounts
            A   R   N   D   C   Q   E   G   H   I   L   K   M   F   P   S   T   W   Y   V   A   R   N   D   C   Q   E   G   H   I   L   K   M   F   P   S   T   W   Y   V
    1 G     0  -3  -1  -2  -3  -2  -2   6  -2  -4  -4  -2  -3  -3  -2   0  -2  -3  -3  -4    0   0   0   0   0   0   0 100   0   0   0   0   0   0   0   0   0   0   0   0  1.08 0.01
    2 L    -2  -3  -4  -4  -2  -3  -3  -4  -3   2   3  -3   1   4  -3  -3  -1  -1   1   1    0   0   0   0   0   0   0   0   0  25  44   0   0  31   0   0   0   0   0   0  0.36 0.01
    3 M    -1  -2  -3  -3  -2  -1  -2  -3  -2   1   3  -2   5   0  -3  -2   0  -2  -1   1    0   0   0   0   0   0   0   0   0   0  34   0  58   0   0   0   8   0   0   0  0.34 0.02
    4 D    -1  -2   2   6  -3   0   1  -1  -1  -3  -4  -1  -3  -4  -2   1  -1  -4  -3  -3    0   0   8  77   0   0   0   0   0   0   0   0   0   0   0  15   0   0   0   0  0.74 0.02
    5 T     0  -1   0  -1  -1  -1  -1  -2  -2  -1  -1  -1  -1  -2  -1   1   5  -3  -2   0    0   0   0   0   0   0   0   0   0   0   0   0   0   0   0   0 100   0   0   0  0.54 0.03
    6 I     1  -3  -3  -3  -1  -2  -3  -3  -3   3   2  -2   1  -1  -2  -1   0  -3  -1   3   17   0   0   0   0   0   0   0   0  20  16   0   0   0   0   0   0   0   0  47  0.24 0.01
    7 K    -1   2   0  -1  -3   1   1  -2  -1  -3  -3   5  -2  -3  -1   0  -1  -3  -2  -3    0   0   0   0   0   0   0   0   0   0   0 100   0   0   0   0   0   0   0   0  0.58 0.02
    8 G    -1  -1   5   1  -3  -1  -1   3   0  -4  -4  -1  -3  -3  -2   0  -1  -4  -3  -3    0   0  66   0   0   0   0  34   0   0   0   0   0   0   0   0   0   0   0   0  0.63 0.02
    9 V     2  -2  -2  -3  -1  -2  -2  -2  -3   2   1  -2   1  -1  -2   0   1  -3  -2   3   25   0   0   0   0   0   0   0   0   0  15   0   0   0   0   0  10   0   0  50  0.19 0.01
   10 A     5  -2  -2  -2  -1  -1  -1   0  -2  -2  -2  -1  -1  -3  -1   1   0  -3  -2   0  100   0   0   0   0   0   0   0   0   0   0   0   0   0   0   0   0   0   0   0  0.46 0.02
   11 K    -1   2   0  -1  -3   1   1  -2  -1  -3  -3   5  -1  -3  -1   0   1  -3  -2  -2    0   0   0   0   0   0   0   0   0   0   0  85   0   0   0   0  15   0   0   0  0.46 0.02
   12 N    -2  -1   6   2  -3   0   0  -1   0  -3  -4   0  -2  -3  -2   1   1  -4  -2  -3    0   0  83   9   0   0   0   0   0   0   0   0   0   0   0   0   8   0   0   0  0.67 0.02
   13 V    -1  -3  -3  -4  -1  -2  -3  -4  -3   2   2  -3   1   0  -3  -2  -1  -3  -1   4    0   0   0   0   0   0   0   0   0   0  35   0   0   0   0   0   0   0   0  65  0.34 0.01
   14 A     5  -2  -2  -2  -1  -1  -1   0  -2  -2  -2  -1  -1  -3  -1   1   0  -3  -2   0  100   0   0   0   0   0   0   0   0   0   0   0   0   0   0   0   0   0   0   0  0.46 0.02
   15 A     1  -2  -1  -2  -2  -2  -2   5  -2   0  -2  -2  -1  -2  -2   0  -1  -3  -2   1   18   0   0   0   0   0   0  56   0   0   0   0   0   0   0   0   0   0   0  27  0.43 0.01
   16 S     0  -1   0  -1  -2   2   0   1   2  -1  -1  -1  -1  -2  -2   1   3  -3  -1   1    0   0   0   0   0  16   0  10   8   0   0   0   0   0   0  18  31   0   0  16  0.17 0.01
   17 L    -1  -2  -4  -4  -1  -2  -3  -4  -3   2   4  -3   3   0  -3  -2  -1  -2  -1   2    0   0   0   0   0   0   0   0   0   0  77   0   8   0   0   0   0   0   0  15  0.40 0.01
   18 L    -2  -3  -4  -4  -1  -3  -3  -4  -3   3   4  -3   2   0  -3  -3  -1  -2  -1   1    0   0   0   0   0   0   0   0   0  25  75   0   0   0   0   0   0   0   0   0  0.42 0.01
   19 E    -2  -2   1   6  -4   0   2  -2  -1  -4  -4  -1  -3  -4  -2   0  -1  -5  -3  -3    0   0   0  91   0   0   9   0   0   0   0   0   0   0   0   0   0   0   0   0  0.92 0.02
   20 K    -1   2   0  -1  -3   1   1  -2  -1  -3  -3   5  -1  -3  -1   0   1  -3  -2  -2    0   0   0   0   0   0   0   0   0   0   0  85   0   0   0   0  15   0   0   0  0.46 0.02
   21 L    -2  -3  -4  -4  -1  -3  -3  -4  -3   3   4  -3   2   0  -3  -3  -1  -2  -1   1    0   0   0   0   0   0   0   0   0  25  75   0   0   0   0   0   0   0   0   0  0.42 0.01
   22 K    -1   3   0  -1  -3   1   1  -2  -1  -3  -3   5  -2  -3  -1   0  -1  -3  -2  -3    0  10   0   0   0   0   0   0   0   0   0  90   0   0   0   0   0   0   0   0  0.56 0.02
   23 C    -1  -4  -3  -4  10  -3  -4  -3  -3  -2  -2  -4  -2  -3  -3  -1  -1  -3  -3  -1    0   0   0   0 100   0   0   0   0   0   0   0   0   0   0   0   0   0   0   0  1.38 0.03
   24 K    -1   2   0  -1  -3   1   1  -2  -1  -3  -3   5  -2  -3  -1   0  -1  -3  -2  -3    0   0   0   0   0   0   0   0   0   0   0 100   0   0   0   0   0   0   0   0  0.58 0.02
   25 V    -1  -3  -3  -3  -1  -3  -3  -4  -3   4   1  -3   2   0  -3  -2  -1  -3  -1   3    0   0   0   0   0   0   0   0   0  56   0   0  10   0   0   0   0   0   0  34  0.35 0.01
   26 T     0  -1   0  -1  -1  -1  -1  -2  -2  -1  -1  -1  -1  -2  -1   1   5  -3  -2   0    0   0   0   0   0   0   0   0   0   0   0   0   0   0   0   0 100   0   0   0  0.54 0.03
   27 G     1  -2  -1  -2  -2  -2  -2   6  -2  -4  -4  -2  -3  -3  -2   0  -1  -3  -3  -3   16   0   0   0   0   0   0  84   0   0   0   0   0   0   0   0   0   0   0   0  0.87 0.02
   28 C    -1  -4  -3  -4  10  -3  -4  -3  -3  -1  -1  -3  -2  -3  -3  -1  -1  -3  -3  -1    0   0   0   0 100   0   0   0   0   0   0   0   0   0   0   0   0   0   0   0  1.27 0.01

                      K         Lambda
Standard Ungapped    0.1332     0.3184
Standard Gapped      0.0457     0.2670
PSI Ungapped         0.1492     0.3190
PSI Gapped           0.0457     0.2670
