
Last position-specific scoring matrix computed, weighted observed percentages rounded down, information per position, and relative weight of gapless real matches to pseudocounts
           A  R  N  D  C  Q  E  G  H  I  L  K  M  F  P  S  T  W  Y  V   A   R   N   D   C   Q   E   G   H   I   L   K   M   F   P   S   T   W   Y   V
    1 I   -1 -2 -3 -4 -1 -2 -3 -4 -3  2  4 -2  2  0 -3 -2 -1 -2 -1  1    0   0   0   0   0   0   0   0   0  13  87   0   0   0   0   0   0   0   0   0  0.44 0.01
    2 G    1 -2 -1 -1 -2 -2 -2  5 -2 -3 -3 -2 -3 -3 -2  0 -1 -3 -3 -3    6   0   0   0   0   0   0  94   0   0   0   0   0   0   0   0   0   0   0   0  0.98 0.02
    3 V    0 -1  0 -1 -1 -1 -1 -2 -2  0 -1 -1  0 -2 -1  1  4 -2 -2  1    0   0   0   0   0   0   0   0   0   0   0   0   4   0   0   0  88   0   0   8  0.42 0.02
    4 I   -1 -3 -3 -3 -1 -3 -3 -4 -3  4  1 -3  1  0 -3 -2 -1 -3 -1  2    0   0   0   0   0   0   0   0   0 100   0   0   0   0   0   0   0   0   0   0  0.43 0.02
    5 K   -1  0  5  1 -2  0  0 -1  0 -3 -3  1 -2 -3 -2  2  0 -3 -2 -3    0   0  70   0   0   0   0   0   0   0   0   8   0   0   0  22   0   0   0   0  0.54 0.02
    6 L   -2 -2 -3 -4 -1 -2 -3 -4 -3  1  4 -2  2  1 -3 -2 -1 -1 -1  1    0   0   0   0   0   0   0   0   0   0  95   0   0   5   0   0   0   0   0   0  0.46 0.01
    7 S    1 -1  1  0 -1  0  0  0 -1 -2 -2  0 -2 -2 -1  4  1 -3 -2 -2    0   0   0   0   0   0   0   0   0   0   0   0   0   0   0 100   0   0   0   0  0.49 0.02
    8 L   -2 -2 -3 -4 -1 -2 -3 -4 -3  1  4 -3  2  2 -3 -2 -1 -1  0  1    0   0   0   0   0   0   0   0   0   0  92   0   0   8   0   0   0   0   0   0  0.45 0.01
    9 C    0 -3 -2 -3  8 -3 -3 -2 -3 -1 -1 -3 -2 -2 -3  0 -1 -2 -2 -1    0   0   0   0  95   0   0   0   0   0   0   0   0   0   0   5   0   0   0   0  1.23 0.03
   10 E   -1  0  0  1 -4  3  5 -2  0 -3 -3  1 -2 -3 -1  0 -1 -3 -2 -2    0   0   0   0   0  12  88   0   0   0   0   0   0   0   0   0   0   0   0   0  0.72 0.02
   11 E   -1  0  0  2 -3  4  4 -2  0 -3 -3  1 -1 -3 -1  0 -1 -3 -2 -2    0   0   0   8   0  39  53   0   0   0   0   0   0   0   0   0   0   0   0   0  0.61 0.01
   12 E   -1  0  0  1 -3  2  5 -2  0 -3 -3  1 -2 -3 -1  0 -1 -2 -2 -2    1   0   0   0   0   0  92   1   0   0   1   0   0   0   0   1   0   0   0   1  0.67 0.02
   13 R   -1  5  0 -1 -3  1  1 -2  0 -2 -2  2 -1 -2 -2  0  0 -2 -1 -2    1  75   1   1   0   1   9   1   0   1   1   1   0   0   1   1   6   0   0   1  0.51 0.01
   14 N   -1  1  5  2 -2  0  0 -1  0 -3 -3  0 -2 -3 -2  1  0 -3 -2 -2    1  13  63  12   0   0   1   1   0   0   1   0   0   0   0   5   0   0   0   1  0.48 0.01
   15 A    3 -1  2 -1 -1 -1 -1  0 -1 -2 -2 -1 -1 -2 -1  1  0 -3 -2 -1   79   0  21   0   0   0   0   0   0   0   0   0   0   0   0   0   0   0   0   0  0.34 0.01
   16 D    1 -1  1  4 -2  0  2 -1 -1 -2 -3  0 -2 -3 -1  0 -1 -3 -2 -2   19   0   0  57   0   0  17   1   0   0   1   1   0   0   0   1   1   0   0   1  0.49 0.01
   17 E   -1  0  0  2 -3  2  5 -2  0 -3 -3  1 -2 -3 -1  0 -1 -3 -2 -2    0   0   0   7   0   0  88   0   0   0   0   0   0   0   0   0   0   0   0   0  0.69 0.02
   18 E   -1  0  0  3 -3  1  4 -2  0 -3 -3  0 -2 -3 -1  0 -1 -3 -2 -2    1   1   0  14   0   0  77   1   0   1   1   1   0   0   1   1   1   0   0   1  0.60 0.02
   19 K   -1  2  0  2 -3  1  4 -2  0 -3 -2  1 -2 -3 -1  0 -1 -2 -2 -2    1  17   1   8   0   1  61   1   0   1   1   5   0   0   1   1   1   0   0   1  0.47 0.01
   20 R   -1  5  0 -1 -3  1  1  0 -1 -3 -2  2 -1 -3 -2 -1 -1 -2 -2 -2    1  63   0   1   0   0   6  10   0   1   1  12   0   0   1   1   1   0   0   1  0.49 0.04
   21 R   -1  4  0  2 -3  0  1 -1 -1 -1 -2  1 -1 -2 -2 -1 -1 -2 -2 -2    1  56   1  17   0   1   6   5   0   7   1   1   0   1   1   1   1   0   0   1  0.36 0.03
   22 D   -1  0  1  5 -3  0  2 -1 -1 -2 -2  0  0 -3 -1  0 -1 -3 -2 -2    1   6   0  68   0   0  13   1   0   1   1   1   5   0   1   1   1   0   0   1  0.62 0.04
   23 D   -1 -1  1  4 -3  0  2  1 -1 -3 -3  0 -2 -3  1  0  0 -3 -3 -2    5   0   5  43   0   0  22  12   0   0   0   0   0   0   7   0   5   0   0   0  0.46 0.03
   24 P   -1 -2  0  3 -3  0  1 -1 -1 -2 -2 -1 -2 -3  4  0  0 -3 -2 -1    0   0   0  29   0   0  13   3   0   0   2   0   0   0  34   4   7   0   0   6  0.60 0.03
   25 D    0 -1  1  4 -2  0  2  1 -1 -2 -3  0 -2 -3 -1  0 -1 -3 -2 -2    7   1   3  50   0   1  16  14   0   1   1   1   0   1   1   1   1   0   0   1  0.45 0.03
   26 E   -1  0  0  1 -3  1  5 -1  0 -3 -3  1 -2 -3 -1  0 -1 -3 -2 -2    0   0   0   0   0   0  86   3   0   0   0   8   0   0   0   0   0   0   0   0  0.71 0.06
   27 M   -1  3 -1 -2 -2  0 -1 -2 -1  0  0  1  4 -1 -2  0  0 -2 -2 -1    0  30   0   0   0   0   0   0   0   0   0   7  46   0   0  11   7   0   0   0  0.26 0.05
   28 D   -1 -1  3  4 -3  0  2 -1 -1 -3 -3  0 -2 -3 -1  0  1 -3 -2 -2    0   0  21  55   0   3   9   0   0   0   0   0   0   0   0   0  10   0   0   0  0.58 0.03
   29 V    1 -2 -2 -2 -1 -1  1 -2 -2  2  0 -1  0 -1 -2 -1  0 -3 -2  3   17   0   0   0   0   0  14   0   0   3   0   0   0   0   0   0   4   0   0  62  0.20 0.03
   30 E   -1  0  0  2 -4  2  5 -2  0 -3 -3  0 -2 -3 -1  0 -1 -3 -2 -3    0   0   0   4   0   0  96   0   0   0   0   0   0   0   0   0   0   0   0   0  0.83 0.06
   31 V    0 -2 -3 -2 -1 -2  0 -3 -3  2  0 -2  0 -1 -2 -2  0 -3 -1  4    0   0   0   0   0   0   9   0   0   0   0   0   0   0   0   0   0   0   0  91  0.36 0.05
   32 E   -1  1  0  1 -3  2  4 -2  0 -3 -3  1 -2 -3 -1  0 -1 -3 -2 -1    0   5   0   0   0  11  75   0   0   0   0   4   0   0   0   0   0   0   0   5  0.62 0.04
   33 K   -1  2  1 -1 -3  1  0 -2 -1 -3 -3  4 -2 -3 -1  0 -1 -3 -2 -2    0   9   7   0   0   0   0   0   0   0   0  84   0   0   0   0   0   0   0   0  0.56 0.05
   34 R   -2  6 -1 -2 -4  1  0 -2  0 -3 -2  2 -2 -3 -2 -1 -1 -3 -2 -3    0 100   0   0   0   0   0   0   0   0   0   0   0   0   0   0   0   0   0   0  0.88 0.05

                      K         Lambda
Standard Ungapped    0.1332     0.3081
Standard Gapped      0.0398     0.2670
PSI Ungapped         0.1301     0.3174
PSI Gapped           0.0398     0.2670
