
Last position-specific scoring matrix computed, weighted observed percentages rounded down, information per position, and relative weight of gapless real matches to pseudocounts
            A   R   N   D   C   Q   E   G   H   I   L   K   M   F   P   S   T   W   Y   V   A   R   N   D   C   Q   E   G   H   I   L   K   M   F   P   S   T   W   Y   V
    1 V    -1  -3  -4  -4  -2  -3  -3  -4  -4   3   1  -3   0  -1  -3  -3  -1  -3  -2   5    0   0   0   0   0   0   0   0   0  15  11   0   0   0   0   0   0   0   0  74  0.60 0.13
    2 V     0  -2   4  -1  -2  -1  -1  -2  -1  -1  -2  -1  -2  -3  -2   4   2  -4  -2   1    0   0  25   0   0   0   0   0   0   2   0   0   0   0   0  46  10   0   0  17  0.42 0.14
    3 I     0  -3  -2  -3  -2  -2  -3  -3  -3   3   1  -2   0  -2  -3   1   3  -3  -2   2    7   0   0   0   0   0   0   0   0  24  17   0   0   0   0  10  29   0   0  13  0.32 0.14
    4 P    -1  -3   0  -2  -4   0   1  -3   0  -4  -4  -2  -3  -4   6   2  -2  -5  -4  -2    1   0   5   0   0   3   9   0   3   0   0   0   0   0  53  22   0   0   0   4  1.12 0.26
    5 S     0  -2   0  -1  -2  -1   2  -2  -2   0  -1  -1  -2  -2  -2   3   2  -3   1   0    4   0   5   2   0   0  17   0   0   4   6   2   0   0   0  26  20   0   7   7  0.25 0.16
    6 P     0   2  -1   4  -3  -1  -1  -3  -2  -2  -3  -1  -3  -4   1   2   2  -4  -3  -2    8  13   0  30   0   0   1   0   0   3   0   2   0   0   7  16  17   0   0   2  0.44 0.21
    7 C    -3  -6  -6  -6  11  -6  -7  -6  -6  -1  -4  -6  -4  -5  -6  -2  -2  -5  -5  -4    0   0   0   0  93   0   0   0   0   3   0   0   0   0   0   2   2   0   0   0  3.23 0.68
    8 C    -4  -7  -6  -7  11  -6  -7  -6  -6  -5  -5  -6  -5  -6   0  -4  -4  -6  -6  -4    0   0   0   0  95   0   0   0   0   0   0   0   0   0   5   0   0   0   0   0  3.50 0.77
    9 M    -3  -3  -4  -4   3  -2  -2  -5  -1   2   3  -4   2   5  -4  -3  -1  -2   2   0    0   1   0   0   8   1   2   0   1  11  28   0   4  27   0   0   3   0   7   6  0.53 0.23
   10 F     1   1   2  -1  -1   1   0  -1  -1  -3  -3   2  -2  -1  -2   3   1  -4  -1  -2   10   7  10   2   1   5   3   3   1   1   0  13   0   3   0  29   9   0   2   1  0.26 0.17
   11 F    -3  -4  -4  -4  -4  -3  -2  -5  -2  -1   0  -2   1   4  -5  -2   1  -1   7   0    0   0   0   0   0   0   3   0   0   1   8   2   3  15   0   3  10   0  46   8  0.92 0.36
   12 V     0  -1  -1  -3  -2   0  -2  -3   4   1   0  -1   0   1  -3   0   3  -3   0   0    6   2   3   0   0   3   0   0  13  12   8   2   2   8   0   8  23   0   3   6  0.20 0.15
   13 S    -1   0   1  -1  -3   1   1  -2   2  -4  -3   2  -3  -4  -1   4   1  -4  -3  -3    2   2   7   1   0   8   9   2   7   0   2  14   0   0   2  36  11   0   0   1  0.43 0.24
   14 K    -2   4  -1  -2  -4   2  -1   0   0  -3  -3   3  -2  -3  -3   0   0  -1   0  -2    1  26   2   0   0  12   2   6   2   0   2  26   0   0   0   7   7   1   4   2  0.46 0.22
   15 R     0   1  -1  -2  -3   1   0  -3   1  -1  -2   3  -1   0   4  -1  -1  -4  -2  -1    8   8   2   0   0   6   5   0   4   3   2  24   1   5  22   3   1   0   0   4  0.38 0.18
   16 I    -3  -2  -5  -5  -3  -4  -5  -6  -5   6   2  -4  -1   2  -1  -4  -3  -4  -1   1    0   3   0   0   0   0   0   0   0  59  22   0   0   8   3   0   0   0   2   3  0.95 0.35
   17 P    -2  -4  -2  -4  -5  -2  -3  -2   5  -5  -5  -2  -5  -6   7   0  -3  -6  -4  -5    2   0   2   0   0   1   0   2  14   0   0   2   0   0  70   7   0   0   0   0  1.93 0.52
   18 E    -1   3  -2  -2   2   0  -1  -2  -2   0   1   0   0   0   2  -1  -2   3  -1   0    2  20   1   2   6   4   4   3   0   3  15   4   3   4  12   3   0   6   1   9  0.19 0.13
   19 N     0   3   2  -2  -4   3  -1  -3  -1  -4  -2   3  -2  -4  -3   1   0  -4  -1  -2    9  16  11   0   0  13   0   0   1   0   3  27   0   0   0  14   4   0   1   1  0.44 0.23
   20 R    -1   3   0  -3  -3  -2  -2  -4   1   0   2   0   0   4  -4  -2  -2   1   0   0    4  20   6   0   0   0   0   0   4   6  20   7   2  21   0   2   0   2   1   6  0.27 0.16
   21 V    -3  -4  -5  -5  -3  -4  -5  -5  -5   5   3  -4   2   0  -4  -4  -2  -4  -3   3    0   0   0   0   0   0   0   0   0  37  30   0   4   3   0   0   0   0   0  26  0.81 0.28
   22 V    -1   2  -1  -1   0   2   0  -2  -2   0  -1   4   1  -3  -3  -1  -1  -4  -3   1    4  12   0   2   2   9   6   2   0   7   3  33   4   0   0   3   2   0   0  12  0.27 0.16
   23 S    -1   0   1   2   2  -1   2   1   2  -4  -4  -1  -3  -2  -3   3   1  -4  -2  -3    2   4   4  13   6   0  13  12   8   0   0   0   0   2   0  26   9   0   0   0  0.33 0.18
   24 Y    -4  -4  -5  -6  -2  -4  -5  -5  -1  -1   1  -4  -1   3  -5  -4  -2   5   8  -2    0   0   0   0   1   0   0   0   0   3  12   0   1   8   0   0   2   8  63   2  1.54 0.45
   25 Q    -2   4  -1  -2  -3   3   0  -2   0  -2  -2   2   0   0  -2  -1   1  -2   1  -2    1  28   1   1   0  16   4   1   2   2   2  12   2   6   1   2  10   0   7   2  0.34 0.15
   26 L    -2   3  -3  -3  -3   0  -2  -4  -2   3   0   1  -1   3  -3  -2  -2   2   3   0    0  18   0   0   0   3   0   0   0  22   9  11   0  12   0   0   0   3  16   3  0.35 0.18
   27 S    -1  -1   0  -1  -3   2   2  -3  -2   2   0   0   1  -2   2  -1   0   1  -2  -1    3   0   5   0   0  14  19   1   0  15  10   3   5   0   9   2   8   2   0   2  0.20 0.13
   28 S     0  -1   2  -1  -3   0   2  -1  -3  -2  -3  -2  -1  -4  -3   2   5  -4  -3  -2    5   2   9   1   0   2  13   3   0   2   1   0   1   0   0  17  43   0   0   0  0.53 0.27
   29 R    -1  -1   2  -1  -3  -1  -1   3  -2  -3  -4  -1  -3  -4  -1   4   1  -4  -3  -1    1   3   9   1   0   1   4  20   0   0   0   2   0   0   3  40   9   0   0   6  0.44 0.21
   30 S     0  -3   0   0  -3  -1   0   0  -3  -2  -4  -2  -3  -4   3   5  -1  -5  -4  -2    5   0   4   5   0   1   5   6   0   3   0   0   0   0  14  53   1   0   0   2  0.62 0.27
   31 T    -1   0   1  -1   1   1   0   2   3  -1  -1   1  -1  -2  -2   0  -1  -3   0  -2    3   5   6   3   4  10   5  20  10   4   7  13   0   0   0   3   2   0   3   2  0.15 0.08
   32 C    -3  -6  -5  -6  11  -5  -6  -5  -5  -4  -4  -5  -4  -5  -1  -4  -4  -5  -5  -4    0   0   0   0  93   0   0   0   0   0   0   0   0   0   4   0   0   0   0   0  3.19 0.61
   33 L     0   0   1   1  -3  -1   0  -1  -1  -3  -3  -1  -3  -4   4   3   0  -4  -3  -2    6   6   8   7   0   0   4   3   1   1   2   1   0   0  26  29   3   0   0   1  0.51 0.19
   34 K    -2   2   2  -2  -4   3  -1  -3  -1   0   1   3   2  -3   0  -2  -2   1  -3  -1    0   9  14   0   0  14   0   0   1   6  14  29   6   0   3   0   0   2   0   3  0.34 0.19
   35 A     0   1   0   0  -4   1   2  -3  -2  -4  -3   1  -3  -4   5   0   0  -4  -3  -3    7   8   3   4   0   6  14   0   0   0   1   8   0   1  36   5   7   0   0   1  0.68 0.21
   36 G     5  -3  -3  -3  -3  -2   2   3  -3  -1  -4  -2  -3  -4  -3  -1  -2  -4  -4  -2   57   0   0   0   0   0  16  21   0   5   0   0   0   0   0   1   0   0   0   0  0.76 0.30
   37 V    -1  -5  -5  -5  -3  -4  -5  -5  -5   4   0  -4  -1  -3  -5  -4  -2  -5  -3   6    2   0   0   0   0   0   0   0   0  30   3   0   0   0   0   0   0   0   0  65  1.17 0.36
   38 I    -1  -5  -5  -5  -3  -4  -5  -5  -5   6   0  -4  -1  -2  -5  -4  -2  -5  -3   4    5   0   0   0   0   0   0   0   0  62   3   0   0   0   0   0   0   0   0  30  1.15 0.35
   39 F    -2   0  -5  -6  -4  -5  -5  -5  -4  -1   0  -4  -2   8  -5  -4  -4  -2   0   1    4   5   0   0   0   0   0   0   0   2   6   0   0  74   0   0   0   0   0   9  1.46 0.40
   40 T    -1   0  -2  -3  -3   0   0  -3   0   1   2   2   0   0  -3  -1   1   2  -1   1    1   5   1   0   0   5   5   0   2   7  21  19   1   4   0   1  10   4   1  15  0.15 0.11
   41 T    -2  -3  -3  -3  -3  -3  -3  -4  -4  -1   1   0  -2  -1   1   0   6  -4  -3  -2    0   0   0   0   0   0   0   0   0   1  18   7   0   2   8   3  61   0   0   0  0.82 0.33
   42 K    -2   3   1  -2  -4   0  -1  -3   1  -1  -2   5  -2  -2  -1  -1  -1  -4  -3   0    0  15   6   0   0   1   0   0   4   3   3  51   0   2   2   3   1   0   0   7  0.59 0.25
   43 K    -2   4   3   0  -4   2  -1  -3  -1  -4  -1   4   0  -4  -2  -1  -2  -4  -3  -3    2  25  15   5   0   8   0   0   1   0   6  31   2   0   1   3   0   0   0   1  0.54 0.22
   44 G    -1   0   3   0  -4  -2  -2   5   2  -5  -5   1  -4  -5  -4  -1  -3  -5  -4  -5    4   4  16   5   0   0   0  55   7   0   0   8   0   0   0   1   0   0   0   0  0.89 0.27
   45 Q    -2   5  -1  -3  -5   0  -2  -4   0  -4  -1   4   0  -3  -3   0  -2  -4  -1  -4    1  43   1   0   0   3   0   0   2   0   5  32   3   1   0   5   1   0   2   0  0.80 0.28
   46 Q    -1   1  -2   0  -4   5   4  -3  -1  -2  -3   2   2  -4  -3   0  -2  -4  -3  -2    4   6   0   2   0  30  28   1   1   1   1  12   6   0   0   6   0   0   0   2  0.57 0.24
   47 S    -1  -4  -4  -5  -3  -4  -4  -5  -4   4   2  -4   0   1  -4  -1  -2  -4  -2   4    4   0   0   0   0   0   0   0   0  29  14   0   0   6   0   4   0   0   0  43  0.69 0.25
   48 C    -4  -7  -6  -7  11  -6  -7  -6  -6  -4  -4  -6  -5  -6  -6  -4  -4  -6  -6  -4    0   0   0   0 100   0   0   0   0   0   0   0   0   0   0   0   0   0   0   0  3.67 0.70
   49 G     5  -3  -3  -4  -2  -3  -3   1  -4  -1   1  -3  -2  -3  -3   0   0  -4  -3   1   58   0   0   0   0   0   0   9   0   3  14   0   0   0   0   4   3   0   0  10  0.57 0.25
   50 D    -3  -3   4   6  -5  -1   0  -3  -1  -5  -3  -1  -4  -5  -1   0  -2  -6  -4  -5    0   0  23  58   0   1   2   0   1   0   3   3   0   0   3   6   0   0   0   0  1.15 0.34
   51 P    -2  -5  -4  -1  -5  -4  -4  -5  -5  -5  -6  -3  -5  -6   8  -3  -1  -6  -6  -5    2   0   0   3   0   0   0   0   0   0   0   1   0   0  90   1   3   0   0   0  2.57 0.54
   52 K    -1   2   1   0  -4   1   1  -2   1  -4  -4   4  -3  -4  -3   1   0  -4  -3  -3    2   7   8   5   0   6   6   2   3   0   0  39   0   0   0  14   6   0   0   0  0.49 0.20
   53 Q     1  -1   0   1  -3   3   3  -2  -2  -3  -1   2  -2  -4  -2   0   0  -4  -3  -1   13   0   3   8   0  18  21   1   0   0   5  18   0   0   0   2   3   0   0   6  0.33 0.17
   54 E    -2   1   0   0  -4   0   0  -1  -1  -3  -2   5  -3  -4   3  -1   0  -4  -3  -3    1   7   4   3   0   2   5   5   1   1   3  45   0   0  13   1   8   0   0   1  0.50 0.21
   55 W    -5   1  -6  -7  -6  -2  -2  -4  -5  -6  -3  -3  -4  -2  -6  -5  -5  12  -1  -6    0   7   0   0   0   2   2   1   0   0   1   1   0   0   0   0   0  84   0   0  3.50 0.67
   56 V    -2  -5  -5  -5  -3  -4  -5  -5  -5   2   0  -4  -1  -3  -5  -4  -1  -5  -3   6    0   0   0   0   0   0   0   0   0   8   5   0   0   0   0   0   3   0   0  84  1.34 0.40
   57 Q    -3   1  -2  -1  -1   7   0  -4  -2  -5  -5   3  -3  -5  -1  -2  -2  -5  -4  -5    0   6   1   2   1  66   3   0   0   0   0  17   0   0   2   1   1   0   0   0  1.31 0.42
   58 R    -2   3   2   3  -4   1   2  -3  -2  -3  -2   2  -1  -2  -3  -1  -1  -4  -2  -3    2  22  10  16   0   4  18   0   0   1   3  15   1   2   0   0   3   0   1   1  0.43 0.18
   59 Y     1  -3  -3  -4   2  -3  -3  -2   2   1   0  -3   0   0  -4  -1  -1  -2   5   1   18   0   0   0   5   0   0   2   7  11  10   0   2   1   0   5   1   0  27  11  0.40 0.21
   60 M    -3  -1  -4  -5  -3  -3  -4  -5  -4   4   2  -2   6   0  -4  -4  -2  -4  -3   3    0   3   0   0   0   0   0   0   0  25  15   2  29   3   0   0   1   0   0  22  0.80 0.29
   61 K    -1   2   1  -1  -4   2   1  -3   1  -4  -3   4  -3  -4  -3   0  -1  -4  -2  -3    5   9   8   2   0  11   9   0   3   0   2  39   0   0   0   7   3   0   1   0  0.51 0.22
   62 N     0   0   0   1  -3   0  -1  -3   3   0   0   2   1   0  -3  -1   0  -2   2  -1    8   5   4  10   0   1   1   0  12   6   7  16   6   3   0   3   6   0  11   2  0.15 0.12
   63 L    -3  -4  -5  -6  -3  -4  -5  -6  -5   0   5  -5   1   2  -5  -4  -3  -3  -2   1    0   0   0   0   0   0   0   0   0   2  81   0   2   8   0   0   0   0   0   7  1.16 0.36
   64 D    -2  -1   2   5  -4   1   2  -2  -2  -3  -1   0  -1  -4  -2   0  -2  -5  -4  -3    2   3   9  40   0   5  17   1   0   0   8   4   2   0   1   8   0   0   0   1  0.58 0.21
   65 A     1   2   0  -2  -3   3   0  -1   0  -2   0   3   1  -3  -2   0   0  -3  -2  -2   13   9   5   0   0  16   2   3   2   0   9  24   6   0   0   5   5   0   0   0  0.24 0.14
   66 K    -2   5   2  -2  -4   2  -1  -2  -2  -2  -3   4  -1  -4  -1  -2   0  -4  -3  -3    0  35   9   0   0   7   0   2   0   3   0  33   1   0   2   0   5   0   0   0  0.69 0.24
   67 Q     2  -1   2  -2  -2   0  -1  -2  -1  -1  -1   0  -1  -2  -1   2   1   0  -2  -1   26   2  11   0   0   5   0   0   1   5   4   7   1   1   2  20   9   2   0   4  0.20 0.13
   68 K    -1   1   1  -1  -4   4   2  -3  -1  -4  -2   4  -1  -4  -1   1  -2  -4  -3  -3    2   3   7   0   0  25  11   0   1   0   3  34   1   0   1  10   0   0   0   1  0.55 0.22
   69 K    -1   0   1  -2  -3   0  -1   0  -2  -2  -2   3  -2  -4  -1   1   4  -4  -3  -2    3   4   5   0   0   4   0   7   0   2   2  25   0   0   2   8  38   0   0   0  0.41 0.19
   70 A    -1   1   1  -1  -3   2  -1  -3   1  -2  -1   0   0  -3   4   1   1  -4  -3  -1    3  10   7   3   0  15   0   0   4   0   6   2   2   0  24  10  10   0   0   3  0.38 0.14
   71 S    -1   1   1   0  -3   1   1  -2  -2  -3  -2   4  -2  -4  -2   2   1  -4  -3  -3    0   4   4   5   0   5   5   0   0   0   4  44   0   0   0  22   7   0   0   0  0.48 0.19
   72 P    -1  -1   0  -2  -4  -2  -2  -3  -3  -4  -4   1  -3  -5   7   1   1  -5  -4  -3    1   3   5   0   0   0   0   0   0   0   0   8   0   0  60  12  11   0   0   0  1.28 0.24
   73 R    -1   3  -1  -2  -3   3   0   2  -1  -2  -1   2   1  -3  -2   0   0  -3  -2  -2    0  28   0   0   0  19   0  20   0   0   5  11   6   0   0   6   6   0   0   0  0.31 0.07
   74 A     3   0   2  -1  -1  -1  -1  -1  -2  -1  -2  -1  -1  -3  -2   1   2  -3  -2   0   43   8  12   0   0   0   0   0   0   0   0   0   0   0   0   8  21   0   0   8  0.26 0.06
   75 R     1   3   0   0  -2   1   2  -1  -1  -3  -3   2  -2  -3  -1   2   0  -3  -2  -2   10  20   0   0   0   0  19   0   0   0   0  21   0   0   0  30   0   0   0   0  0.34 0.05
   76 A     2  -2  -2  -2  -1  -1  -1  -1  -2  -1  -1  -1  -1  -3   4   0   2  -3  -2   1   33   0   0   0   0   0   0   0   0   0   0   0   0   0  29   0  23   0   0  16  0.47 0.04
   77 V    -1  -3  -3  -3  -1  -2  -3  -4  -3   3   1  -3   2  -1  -3  -2  -1  -3  -1   4    0   0   0   0   0   0   0   0   0  31   0   0  12   0   0   0   0   0   0  57  0.38 0.04
   78 A     3  -1   0  -1  -1  -1  -1   0  -1  -2  -2  -1  -1  -3  -1   3   1  -3  -2  -1   55   0   0   0   0   0   0   0   0   0   0   0   0   0   0  45   0   0   0   0  0.38 0.02

                      K         Lambda
Standard Ungapped    0.1297     0.3204
Standard Gapped      0.0446     0.2670
PSI Ungapped         0.1457     0.3180
PSI Gapped           0.0446     0.2670
