
Last position-specific scoring matrix computed, weighted observed percentages rounded down, information per position, and relative weight of gapless real matches to pseudocounts
            A   R   N   D   C   Q   E   G   H   I   L   K   M   F   P   S   T   W   Y   V   A   R   N   D   C   Q   E   G   H   I   L   K   M   F   P   S   T   W   Y   V
    1 R    -2   6  -1  -2  -5   2  -1  -3  -1  -4  -4   4  -2  -4  -3  -2  -2  -4  -3  -4    0  60   0   0   0   7   0   0   0   0   0  33   0   0   0   0   0   0   0   0  1.02 0.20
    2 T    -1  -2  -1   1  -2  -1   0  -3   1   1  -1   0   1  -2  -2   0   4  -4  -2   1    0   0   0   8   0   0   7   0   4  10   3   4   6   0   0   0  45   0   0  12  0.31 0.13
    3 C    -2  -6  -5  -6  11  -5  -6  -5  -5  -3  -3  -5  -4  -5  -5  -3  -3  -4  -5  -3    0   0   0   0 100   0   0   0   0   0   0   0   0   0   0   0   0   0   0   0  2.94 0.41
    4 E    -1   2  -1  -1  -4   2   4  -3  -1  -3  -1   3   2  -3  -2  -1  -1  -4  -3  -3    2  10   0   0   0   6  35   0   0   0   6  31   8   0   0   0   2   0   0   0  0.49 0.15
    5 S     2   1   2  -1  -2   0  -1  -1  -2  -2  -3  -1  -2  -3  -2   3   3  -4  -3  -1   16   8  12   0   0   2   0   2   0   0   0   0   0   0   0  35  22   0   0   3  0.39 0.13
    6 K    -2   2  -1   0  -4   3   2  -3  -1  -2   0   3  -1  -3   2  -1  -2  -3  -3  -2    0  12   0   3   0  22  16   0   0   0  16  20   0   0   9   2   0   0   0   0  0.37 0.12
    7 S     0  -2  -1  -2   4  -2  -2  -2  -3  -3  -4   0  -3  -4  -2   6   0  -4  -3  -1    0   0   0   0   9   0   0   0   0   0   0   6   0   0   0  82   0   0   0   4  0.90 0.25
    8 H     0  -1   2   2  -3   0   1   0   5  -3  -2   0  -2  -3   2  -1  -2  -4  -1  -3   11   0  13  13   0   4   6   6  27   0   5   6   0   0   9   0   0   0   0   0  0.37 0.11
    9 R    -1   3   1  -1  -3  -1  -1   2   0  -3  -2   3  -2  -3  -2   0   3  -4  -3  -2    0  20   5   2   0   0   0  18   3   0   2  22   0   0   0   2  25   0   0   0  0.35 0.12
   10 F    -4  -4  -5  -5  -4  -4  -5  -5  -3  -2  -1  -5  -2   8  -5  -4  -4   7   3  -3    0   0   0   0   0   0   0   0   0   0   0   0   0  75   0   0   0  17   8   0  1.67 0.28
   11 K    -2   2   0   0  -4   1   0  -3   3  -3  -3   5  -2  -4   1  -1  -2  -4  -2  -2    0   8   2   6   0   3   3   0   9   0   0  52   0   0   6   3   0   0   0   4  0.50 0.15
   12 G    -1  -4  -2  -3  -4  -3  -4   7  -3  -5  -5  -3  -4  -4  -4   0  -3  -4  -1  -5    0   0   0   0   0   0   0  91   0   0   0   0   0   0   0   6   0   0   3   0  1.54 0.27
   13 P     0   0  -3  -3  -2  -2  -2  -3   0   1   1  -1   2  -1   4  -2   0  -3   1   1    8   5   0   0   0   0   0   0   3   9  17   2   7   0  26   0   5   0   5  13  0.35 0.10
   14 C    -3  -6  -5  -6  11  -5  -6  -5  -5  -3  -3  -5  -4  -5  -5  -3  -3  -5  -5  -3    0   0   0   0 100   0   0   0   0   0   0   0   0   0   0   0   0   0   0   0  3.01 0.43
   15 V    -2  -3  -2  -4  -2  -3  -3  -4  -3   3   2  -3   2   2  -3  -2   1  -2  -1   2    0   0   2   0   0   0   0   0   0  22  27   0   6  13   0   0  10   0   0  20  0.37 0.11
   16 S    -1   1   3  -1  -3  -1  -1   0   0  -1  -3   0  -2  -3   0   3   2  -4  -3  -2    0  11  16   0   0   0   0   6   1   5   0   4   0   0   4  40  12   0   0   0  0.36 0.14
   17 T    -1  -1   2   5  -4  -1   1  -2  -2  -4  -4   2  -3  -4  -2   1   1   3  -3  -3    2   0   8  45   0   0   3   0   0   0   0  17   0   0   0  12   9   4   0   0  0.61 0.16
   18 H     0   1   1  -1  -3   1  -1   0   3  -3  -3   2  -2  -3   1   1   2  -4  -2  -2    3   8   5   2   0   4   0   7  13   0   0  15   0   0   6  14  24   0   0   0  0.29 0.10
   19 N    -2  -2   7   0  -4  -2  -2  -1   1  -4  -5  -2  -4  -4   3   1   0  -5  -3  -4    0   0  64   2   0   0   0   3   3   0   0   0   0   0  15   8   5   0   0   0  0.98 0.23
   20 C    -3  -6  -5  -6  11  -5  -6  -5  -5  -3  -3  -5  -4  -5  -5  -3  -3  -5  -5  -3    0   0   0   0 100   0   0   0   0   0   0   0   0   0   0   0   0   0   0   0  3.01 0.43
   21 A     4   1   0   2  -2  -1  -1   0  -2  -2  -3   0  -2  -3  -2   0  -1  -4  -3   0   50   8   4  14   0   0   2   4   0   0   0   6   0   0   0   3   0   0   0   9  0.33 0.14
   22 N     0   0   3   0  -3   2   0  -2   3  -1  -2   2  -2  -3  -2   1   1  -4  -2  -2    6   2  19   3   0  10   0   0  10   6   3  19   0   0   0  13   9   0   0   0  0.25 0.10
   23 V     0  -3  -3  -4   4  -3  -3  -3   3   1  -1  -3  -1  -2  -3   0  -1  -4  -2   5    9   0   0   0   9   0   0   0  11   3   0   0   0   0   0   9   0   0   0  59  0.52 0.18
   24 C    -3  -6  -5  -6  11  -5  -6  -5  -5  -3  -3  -5  -4  -5  -5  -3  -3  -5  -5  -3    0   0   0   0 100   0   0   0   0   0   0   0   0   0   0   0   0   0   0   0  3.01 0.43
   25 H    -2   4  -1  -2  -4   2   0  -3   3   0   0   2   0  -3  -1  -2  -1  -3  -2  -2    0  36   0   0   0  14   2   0  11   8  11  11   2   0   2   0   3   0   0   0  0.40 0.13
   26 N    -1   1   3   0  -3   2  -1  -1  -1  -3  -3   2  -2  -3   0   1   3  -3   0  -2    0   7  17   4   0  12   0   3   0   0   0  13   0   0   3  12  25   0   4   0  0.31 0.11
   27 E    -1  -2  -2   0  -5   0   7  -4  -2  -5  -4  -1  -4  -4  -3  -2  -2  -4   1  -4    6   0   0   0   0   0  89   0   0   0   0   0   0   0   0   0   0   0   5   0  1.31 0.30
   28 G    -1   0   0  -2  -4  -2  -2   5   4  -5  -4   2  -3  -4  -3  -1  -2  -4  -1  -4    0   4   3   0   0   0   0  58  16   0   0  15   0   0   0   2   0   0   2   0  0.83 0.19
   29 F    -4  -4  -5  -5  -4  -4  -5  -5  -2  -2   1  -4  -1   7  -5  -4  -3   5   4  -2    0   0   0   0   0   0   0   0   0   0  11   0   0  68   0   0   0   7  14   0  1.32 0.25
   30 G    -1  -2  -1  -1  -2  -2  -2   1  -2  -1   0  -1   1  -3   4   2   2  -4  -3  -1    0   0   2   3   0   0   0  10   0   2  11   3   5   0  22  20  17   0   0   5  0.33 0.10
   31 G     0   0  -1   4  -3  -2  -1   4  -2  -4  -4  -2  -3  -4  -3   1  -1  -4  -4  -4    6   7   0  27   0   0   0  45   0   0   0   0   0   0   0  11   3   0   0   0  0.65 0.16
   32 G    -1  -4  -2  -3  -4  -4  -4   7  -4  -6  -6  -3  -5  -5  -4  -2  -3  -4  -5  -5    0   0   0   0   0   0   0 100   0   0   0   0   0   0   0   0   0   0   0   0  1.83 0.30
   33 K    -2   3   3   2  -4   1   0  -2   5  -3  -3   3  -2  -3  -3   0  -1  -4  -2  -2    0  18  15  13   0   3   2   0  18   0   0  20   0   0   0   6   0   0   0   4  0.44 0.13
   34 C    -2  -6  -5  -6  11  -5  -6  -5  -5  -3  -3  -5  -4  -5  -5  -3  -3  -5  -5  -3    0   0   0   0 100   0   0   0   0   0   0   0   0   0   0   0   0   0   0   0  2.98 0.42
   35 R    -2   3   1   3  -3   1   0  -2   3  -2  -3   1  -2  -3  -2   1  -1  -4  -2  -2    0  23   6  25   0   4   0   0   9   3   0  10   0   0   0  16   0   0   0   4  0.38 0.12
   36 G    -1  -1  -1   1  -3   0  -2   5  -3  -2  -4   1  -3  -4  -3  -1  -2  -4  -4  -2    2   2   0  11   0   4   0  59   0   2   0  13   0   0   0   3   0   0   0   2  0.69 0.15
   37 F     0  -2  -3  -3  -2  -2  -2  -3  -2   3   1  -2   0   4   0  -2  -1  -1   1   1    7   1   1   1   0   1   1   1   0  27  11   1   0  25   5   1   3   0   3  10  0.24 0.08
   38 R    -2   3  -1   1  -3   0   0  -2   1  -1   1   0   1   1  -2   0   0  -2  -1  -1    1  24   0  12   0   2   6   3   5   0  19   0   5   9   0   5   7   0   0   0  0.14 0.07
   39 R    -3   7   0  -3  -4  -1  -2  -2  -2  -3  -2   0  -2   1  -3  -2  -2  -3  -2  -2    0  77   3   0   0   0   0   2   0   0   3   0   0   9   0   0   0   0   0   3  1.02 0.23
   40 R    -3   7  -2  -3  -5   2  -1  -4   1  -5  -4   3  -3  -4  -3  -2  -2  -4  -3  -4    0  73   0   0   0   8   0   0   4   0   0  15   0   0   0   0   0   0   0   0  1.20 0.25
   41 C    -2  -6  -5  -6  11  -5  -6  -5  -5  -3  -3  -5  -4  -5  -5  -3  -3  -5  -5  -3    0   0   0   0 100   0   0   0   0   0   0   0   0   0   0   0   0   0   0   0  2.98 0.42
   42 Y    -3  -2  -3  -4  -3  -2  -3  -4   1   0   1   0   2   4  -4  -3  -2   6   4   0    0   0   0   0   0   0   0   0   4   6  12   9   8  23   0   0   0  11  21   5  0.53 0.13
   43 C    -2  -6  -5  -6  11  -5  -6  -5  -5  -3  -3  -5  -4  -5  -5  -3  -3  -5  -5  -3    0   0   0   0 100   0   0   0   0   0   0   0   0   0   0   0   0   0   0   0  2.98 0.42
   44 T    -1  -1   1  -1  -2  -1   0  -3  -2   1  -1  -1   0  -2  -3   1   5  -3   1  -1    0   3   6   3   0   0   4   0   0  10   5   3   2   0   0   7  50   0   6   2  0.36 0.15
   45 R    -2   5   0  -2  -4   0  -1  -3  -2  -4  -1   5  -2  -4  -3  -2  -1  -4  -3  -3    0  39   3   0   0   0   0   0   0   0   6  48   0   0   0   0   3   0   0   0  0.85 0.21
   46 H    -1   0   2   1  -4   2   0  -1   3  -2  -2   0  -2  -4   4  -1  -2  -4  -2  -2    3   4  15   9   0  13   4   2   9   2   3   4   0   0  27   2   0   0   0   3  0.47 0.11
   47 C    -3  -6  -5  -6  11  -5  -6  -5  -5  -3  -3  -5  -4  -5  -5  -3  -3  -5  -5  -3    0   0   0   0 100   0   0   0   0   0   0   0   0   0   0   0   0   0   0   0  3.03 0.43

                      K         Lambda
Standard Ungapped    0.1416     0.3307
Standard Gapped      0.0511     0.2670
PSI Ungapped         0.1671     0.3194
PSI Gapped           0.0511     0.2670
