
Last position-specific scoring matrix computed, weighted observed percentages rounded down, information per position, and relative weight of gapless real matches to pseudocounts
            A   R   N   D   C   Q   E   G   H   I   L   K   M   F   P   S   T   W   Y   V   A   R   N   D   C   Q   E   G   H   I   L   K   M   F   P   S   T   W   Y   V
    1 N     0  -1   5   1  -2   0   0   0   0  -3  -3   0  -2  -3  -2   3   1  -4  -2  -2    0   0  50   0   0   0   0   0   0   0   0   0   0   0   0  50   0   0   0   0  0.45 0.00
    2 L    -2  -3  -4  -4  -2  -3  -3  -4  -3   2   3  -3   2   3  -3  -3  -1  -1   0   1    0   0   0   0   0   0   0   0   0  23  54   0   0  23   0   0   0   0   0   0  0.35 0.01
    3 W    -2  -3  -4  -4  -2  -2  -3  -3  -3   0   1  -3   3   1  -4  -3  -2  10   1  -1    0   0   0   0   0   0   0   0   0   0  18   0  23   0   0   0   0  58   0   0  1.21 0.02
    4 N    -2  -1   4   5  -4   0   3  -1   0  -4  -4   0  -3  -4  -2   0  -1  -4  -3  -3    0   0  36  42   0   0  23   0   0   0   0   0   0   0   0   0   0   0   0   0  0.60 0.01
    5 T     0  -2   0  -1  -1  -1  -1   2  -2  -1  -2  -1  -1  -3  -2   1   5  -3  -2  -1    0   0   0   0   0   0   0  23   0   0   0   0   0   0   0   0  77   0   0   0  0.41 0.01
    6 I     1  -3  -3  -3  -1  -3  -3  -3  -3   4   1  -2   1  -1  -3  -1  -1  -3  -2   2   23   0   0   0   0   0   0   0   0  77   0   0   0   0   0   0   0   0   0   0  0.26 0.01
    7 K    -1   2   0  -1  -3   1   1  -2  -1  -3  -3   5  -2  -4  -1   0  -1  -3  -2  -3    0   0   0   0   0   0   0   0   0   0   0 100   0   0   0   0   0   0   0   0  0.56 0.02
    8 E    -2   0   5   1  -3   1   3  -1   0  -4  -4   0  -2  -4  -2   0   0  -4  -2  -3    0   0  64   0   0   0  36   0   0   0   0   0   0   0   0   0   0   0   0   0  0.58 0.01
    9 T     3  -2  -1  -2  -1  -1  -1  -1  -2   0  -1  -1   0  -2  -1   1   3  -3  -2   2   42   0   0   0   0   0   0   0   0   0   0   0   0   0   0   0  35   0   0  23  0.23 0.01
   10 G     3  -2  -1  -2  -2  -2  -2   5  -2  -3  -3  -1  -2  -3  -2   0  -1  -3  -3  -2   42   0   0   0   0   0   0  58   0   0   0   0   0   0   0   0   0   0   0   0  0.60 0.01
   11 K    -1   2   0  -1  -3   1   1  -2  -1  -3  -3   5  -2  -4  -1   0  -1  -3  -2  -3    0   0   0   0   0   0   0   0   0   0   0 100   0   0   0   0   0   0   0   0  0.56 0.02
   12 K    -1   1   4   0  -3   0   0   2   0  -4  -3   3  -2  -3  -2   0  -1  -4  -2  -3    0   0  42   0   0   0   0  23   0   0   0  36   0   0   0   0   0   0   0   0  0.41 0.01
   13 F    -2  -3  -3  -4  -2  -3  -3  -4  -2   1   2  -3   1   5  -4  -3  -2   0   2   1    0   0   0   0   0   0   0   0   0   0  18   0   0  58   0   0   0   0   0  23  0.42 0.01
   14 A     4  -2  -2  -2  -1  -1  -1   0  -2   0   1  -1   0  -2  -1   1   0  -3  -2   0   77   0   0   0   0   0   0   0   0   0  23   0   0   0   0   0   0   0   0   0  0.27 0.01
   15 V     0  -3  -3  -4  -1  -3  -3  -4  -4   3   1  -3   1  -1  -3  -2   0  -3  -1   4    0   0   0   0   0   0   0   0   0  19   0   0   0   0   0   0   0   0   0  81  0.37 0.01
   16 G     0  -1   3   0  -2  -1  -1   3  -1  -3  -3  -1  -2  -3  -2   2   2  -3  -2  -2    0   0  19   0   0   0   0  35   0   0   0   0   0   0   0  23  23   0   0   0  0.38 0.01
   17 L    -1  -3  -4  -4  -1  -3  -3  -4  -3   3   3  -3   2   0  -3  -3  -1  -2  -1   2    0   0   0   0   0   0   0   0   0  23  58   0   0   0   0   0   0   0   0  19  0.36 0.01
   18 L    -2  -3  -4  -4  -1  -3  -3  -4  -3   3   4  -3   2   0  -3  -3  -1  -2  -1   1    0   0   0   0   0   0   0   0   0  23  77   0   0   0   0   0   0   0   0   0  0.42 0.01
   19 D    -2  -2   1   7  -4   0   2  -2  -1  -4  -4  -1  -4  -4  -2   0  -1  -5  -4  -4    0   0   0 100   0   0   0   0   0   0   0   0   0   0   0   0   0   0   0   0  0.98 0.02
   20 K    -1   2   0  -1  -3   1   1  -2  -1  -3  -3   5  -2  -4  -1   0  -1  -3  -2  -3    0   0   0   0   0   0   0   0   0   0   0 100   0   0   0   0   0   0   0   0  0.56 0.02
   21 I    -1  -3  -4  -4  -1  -3  -3  -4  -4   4   2  -3   1   0  -3  -2  -1  -3  -1   3    0   0   0   0   0   0   0   0   0  54  23   0   0   0   0   0   0   0   0  23  0.35 0.01
   22 K    -1   5   0  -1  -4   1   0  -2  -1  -3  -3   4  -2  -3  -2  -1  -1  -3  -2  -3    0  65   0   0   0   0   0   0   0   0   0  35   0   0   0   0   0   0   0   0  0.63 0.01
   23 C    -1  -4  -3  -4  10  -3  -4  -3  -3  -2  -2  -4  -2  -3  -3  -1  -1  -3  -3  -1    0   0   0   0 100   0   0   0   0   0   0   0   0   0   0   0   0   0   0   0  1.33 0.03
   24 G     0   1   0  -1  -3   1   0   3  -1  -3  -3   4  -2  -4  -2   0  -1  -3  -3  -3    0   0   0   0   0   0   0  36   0   0   0  64   0   0   0   0   0   0   0   0  0.45 0.01
   25 I    -1  -3  -3  -4  -1  -2  -3  -4  -3   3   1  -3   3  -1  -3  -2   0  -3  -1   3    0   0   0   0   0   0   0   0   0  36   0   0  18   0   0   0   0   0   0  46  0.31 0.01
   26 T     3  -1  -1  -2  -1  -1  -1  -1  -2  -1  -2  -1  -1  -2  -1   1   4  -3  -2   0   42   0   0   0   0   0   0   0   0   0   0   0   0   0   0   0  58   0   0   0  0.34 0.01
   27 G     0  -3  -1  -2  -3  -2  -2   6  -2  -4  -4  -2  -3  -4  -2   0  -2  -3  -3  -4    0   0   0   0   0   0   0 100   0   0   0   0   0   0   0   0   0   0   0   0  1.08 0.02
   28 T     0  -2   0  -1  -2  -2  -2   6  -2  -3  -3  -2  -2  -3  -2   0   2  -3  -3  -2    0   0   0   0   0   0   0  77   0   0   0   0   0   0   0   0  23   0   0   0  0.73 0.01
   29 C    -1  -4  -3  -4  10  -3  -4  -3  -3  -1  -2  -4  -2  -3  -3  -1  -1  -3  -3  -1    0   0   0   0 100   0   0   0   0   0   0   0   0   0   0   0   0   0   0   0  1.29 0.02
   30 K    -1   2   0  -1  -3   1   1  -2  -1  -3  -3   5  -2  -3  -1   0  -1  -3  -2  -3    0   0   0   0   0   0   0   0   0   0   0 100   0   0   0   0   0   0   0   0  0.51 0.00
   31 T     0  -1   0  -1  -1  -1  -1  -2  -2  -1  -1  -1  -1  -2  -1   2   5  -3  -2   0    0   0   0   0   0   0   0   0   0   0   0   0   0   0   0   0 100   0   0   0  0.47 0.00

                      K         Lambda
Standard Ungapped    0.1376     0.3189
Standard Gapped      0.0445     0.2670
PSI Ungapped         0.1454     0.3206
PSI Gapped           0.0445     0.2670
