
Last position-specific scoring matrix computed, weighted observed percentages rounded down, information per position, and relative weight of gapless real matches to pseudocounts
            A   R   N   D   C   Q   E   G   H   I   L   K   M   F   P   S   T   W   Y   V   A   R   N   D   C   Q   E   G   H   I   L   K   M   F   P   S   T   W   Y   V
    1 K    -2   3  -1  -2  -5   0   1  -3  -2  -4  -4   6  -3  -4  -2  -1  -2  -4  -3  -4    0  12   0   0   0   0   5   0   0   0   0  83   0   0   0   0   0   0   0   0  1.03 0.25
    2 V    -1   0  -2  -1  -2   2  -2  -3  -3   3   0  -1   0  -2  -3  -1   2  -4  -2   3    0   7   0   5   0  13   0   0   0  25   1   1   0   0   0   0  17   0   0  32  0.27 0.14
    3 F    -3  -3  -4  -5  -3  -3  -4  -4  -1   1   2  -4   2   6  -4  -3  -3   1   5  -1    0   0   0   0   0   0   0   0   0   7  18   0   7  39   0   0   0   1  28   0  0.80 0.21
    4 E    -1   0   0   1  -3   1   3   1  -1  -3  -3   1  -2  -4   0   1   3  -4  -3  -2    0   4   1   7   0   4  22  14   1   0   0   7   0   0   3   6  31   0   0   0  0.33 0.13
    5 R    -3   6  -1  -3  -5   0  -1  -3   0  -3  -4   4  -3  -4  -3  -2  -2  -4  -3  -4    0  64   2   0   0   2   0   0   1   2   0  29   0   0   0   0   0   0   0   0  1.07 0.27
    6 C    -2  -5  -5  -5  11  -1  -5  -4  -5  -3  -3  -5  -3  -4  -5  -3  -3  -4  -4  -3    0   0   0   0  93   3   0   0   0   0   0   0   0   0   0   0   0   0   0   0  2.56 0.46
    7 E    -1  -1  -1   1  -4   1   5  -1  -1  -4  -4   1  -3  -4  -2   1  -1  -4  -3  -2    2   0   0   5   0   4  62   5   0   0   0   6   0   0   0  12   2   0   0   2  0.70 0.21
    8 L    -1  -3  -5  -5  -2  -3  -4  -4  -4   0   5  -4   1   2  -4  -3  -2   1  -1   1    5   0   0   0   0   0   0   0   0   0  77   0   0   8   0   0   0   2   0   8  0.71 0.22
    9 A     5  -3  -1  -3   1  -2  -2  -1  -3  -2  -2  -2  -2  -2  -1   2   0  -4  -3   1   64   0   2   0   3   0   0   0   0   0   0   0   0   1   1  15   2   0   0  12  0.53 0.21
   10 R     0   5   0  -1  -4   3   0  -3   3  -4  -3   3  -2  -4  -3  -1  -2  -4  -2  -3    6  40   2   2   0  14   2   0   9   0   0  25   0   0   0   0   0   0   0   0  0.66 0.19
   11 T     1   0  -1  -1  -2   0   2  -2  -2   2   0   1   0  -2  -2  -1   1  -3  -2   1   14   3   3   0   0   0  24   0   0  17   5   9   2   0   0   0  12   0   0  10  0.15 0.10
   12 L    -2  -3  -4  -5  -2  -3  -4  -5  -4   1   5  -3   5   1  -4  -3  -2  -3  -2   0    2   0   0   0   0   0   0   0   0   5  65   0  22   4   0   0   0   0   0   2  0.75 0.23
   13 K     0   3   0  -1  -4   2   1  -2   2  -3  -3   4  -2  -3  -2   0  -1  -3   1  -2    7  15   2   0   0   7   8   0   6   0   0  41   0   0   0   6   0   0   7   2  0.43 0.16
   14 R     0   4   1   3  -3   1   2  -2  -1  -3  -3   2  -2  -4  -2   0  -1  -4  -3  -3   10  28   8  17   0   3  13   0   0   0   1  11   0   0   0   7   2   0   0   0  0.39 0.13
   15 L     0  -1   0  -2  -2   1   0  -1   3  -1   2  -1   1   0  -2  -1  -1  -2   1  -1    9   3   5   1   0  10   4   4  10   1  34   1   3   4   1   4   1   0   5   1  0.10 0.08
   16 G     0  -2   0   0  -3  -2  -2   6   1  -4  -4  -2  -3  -3  -2  -1  -2  -3  -3  -3    8   1   3   4   0   1   2  69   4   1   1   1   0   0   1   2   1   0   0   1  0.86 0.18
   17 M    -2  -3  -3  -3  -2  -2  -1  -4  -3   1   3  -3   4   2  -3  -3  -2  -2  -1   2    0   0   0   0   0   0   5   0   0   3  42   0  22  10   0   0   0   0   0  14  0.42 0.15
   18 D    -1  -2   2   5  -4  -1   1   0  -2  -4  -4  -1  -3  -4   3   0  -2  -5  -4  -4    4   0  10  53   0   0   5   6   0   0   0   1   0   0  13   7   0   0   0   0  0.74 0.19
   19 G    -1   1   1  -1  -3  -1   0   5  -2  -4  -4   0  -3  -3  -3  -1  -2  -3   1  -3    1  10  10   3   0   0   5  55   0   0   1   6   0   0   0   1   0   0   7   1  0.60 0.16
   20 Y    -2  -3   1   0  -3  -2  -2  -3   0  -1  -2  -3  -2   5  -3  -1  -2   0   6  -2    2   0   7   8   0   0   0   0   1   3   1   0   0  28   0   5   0   0  43   0  0.73 0.21
   21 R    -1   4  -1  -1  -3   3   2   0   2  -3  -3   2  -2  -3  -2  -1  -2   1  -1  -2    4  27   0   1   0  15  14   8   6   0   1  17   0   0   0   0   0   2   1   2  0.38 0.13
   22 G    -1  -2  -1   0  -3  -1  -1   5  -1  -3  -3  -1  -2  -3  -2  -1  -2  -3  -3  -1    2   1   1   5   0   3   5  64   2   1   2   4   0   1   1   1   1   0   1   6  0.67 0.15
   23 I    -1  -2  -1  -2  -2  -2  -2  -2  -1   2   0  -1   0   1   0  -1   0  -1   4   2    4   1   4   1   0   1   1   1   0  23   2   3   0   4   5   1   4   0  23  18  0.21 0.09
   24 S     0  -1   0   0  -2  -1  -1  -1  -2  -2  -1  -1  -2  -2   0   4   2  -3  -2  -2    5   1   2   4   0   1   1   3   0   1   6   2   0   1   4  51  18   0   1   1  0.38 0.15
   25 L    -3  -3  -5  -5  -2  -3  -4  -5  -4   1   5  -4   3  -1  -4  -4  -2  -3  -2   1    0   0   0   0   0   0   0   0   0   5  82   0   8   0   0   0   0   0   0   5  0.87 0.25
   26 A     2   0  -2  -1  -2  -1   0   2  -2  -3  -2   0  -2  -3   4   0   0  -4  -3  -2   30   6   0   2   0   0   6  16   0   0   3   3   0   0  24   6   5   0   0   0  0.44 0.13
   27 N    -2   0   5   4  -4   1   3  -2   0  -4  -4   0  -3  -4  -3  -1   0  -5  -3  -4    0   5  38  26   0   3  18   0   2   0   0   4   0   0   0   0   4   0   0   0  0.68 0.20
   28 W    -5  -5  -6  -6  -4  -4  -5  -5  -4  -4  -1  -5   1  -1  -6  -5  -4  12   0  -4    0   0   0   0   0   0   0   0   0   0   6   0   4   0   0   0   0  86   0   0  3.15 0.52
   29 M     0  -3  -3  -4  -2  -3  -3  -4  -4   3   2  -3   2  -1  -3  -2   1  -3  -2   4    5   0   0   0   0   0   0   0   0  13  17   0   5   0   0   0  10   0   0  49  0.46 0.17
   30 C    -2  -5  -5  -6  11  -5  -6  -5  -5  -3  -3  -5  -3  -4  -5  -3  -3  -4  -4  -3    0   0   0   0  96   0   0   0   0   0   0   0   0   0   0   0   0   0   0   0  2.76 0.50
   31 L     0  -2  -3  -3  -2  -2  -3  -3  -3   2   3  -2   3  -1  -3  -1   2  -3  -2   2   11   0   0   0   0   0   0   0   0  13  36   0  11   0   0   0  18   0   0  11  0.27 0.09
   32 A     3  -2  -2  -3  -1  -2  -2  -1  -3   1   0  -2   2  -2  -2   1   1  -3  -2   1   51   0   0   0   0   0   0   0   0  10   9   0   7   0   0   7   7   0   0  10  0.27 0.11
   33 K    -2   1   0  -1  -4   2   1  -3   2  -2  -2   2  -1   4  -3  -1  -2  -1   3  -2    0   6   5   0   0  10  13   0   7   0   0  19   0  29   0   0   0   0  11   0  0.32 0.11
   34 W    -3  -2   2  -2  -4  -2  -2  -2   7  -3  -3  -1  -2   3  -4  -2  -3   6   4  -2    0   0  14   0   0   0   0   3  36   0   0   2   0  13   0   0   0  11  16   4  0.79 0.21
   35 E    -1  -2  -2   0  -4   0   6  -2  -2  -1  -3  -1  -1  -4  -2   0   1  -4  -3  -3    2   0   0   0   0   0  74   2   0   6   0   0   2   0   0   3  12   0   0   0  0.85 0.25
   36 S     0  -2  -1  -2  -3  -2  -2  -2  -3  -4  -4  -2  -3  -4  -2   6   0  -5  -3  -3    0   0   0   0   0   0   0   0   0   0   0   0   0   0   0 100   0   0   0   0  1.25 0.35
   37 G     0   0   2   1  -3  -1  -1   4   1  -4  -4   0  -3  -4  -3   1  -1  -4  -3  -3    5   4  15   7   0   1   0  46   4   0   0   6   0   0   0  11   1   0   0   0  0.53 0.13
   38 Y    -3   1  -3  -4  -4  -3  -3  -2  -1  -2   0  -3  -2   6  -4  -3  -3   0   7  -2    0  10   0   0   0   0   0   3   0   0   6   0   0  37   0   0   0   0  44   0  0.99 0.24
   39 N    -2   2   6   3  -4  -1  -1  -2  -1  -4  -4   0  -3  -2  -3   0  -1  -4   0  -4    0  12  54  20   0   0   0   0   0   0   0   2   0   2   0   7   0   0   3   0  0.77 0.21
   40 T    -1  -2  -2  -2  -2  -2  -2  -3  -3  -1  -3  -1  -2  -4   1   1   6  -4  -3  -1    3   0   0   0   0   0   0   0   0   4   0   2   0   0   7   4  80   0   0   0  0.93 0.28
   41 R     0   1   1   2  -3   3   1   0   0  -3  -3   1  -1  -3  -2   1   0   0  -2  -2    8   8   5  11   0  22   6   6   2   0   0   8   3   0   0  13   6   1   0   0  0.26 0.09
   42 A     4  -2  -2  -3  -2  -2  -2  -1  -3   0  -2   1  -2  -1  -2   0   1  -3  -2   1   59   0   0   0   0   0   0   0   0   5   0  14   0   4   0   1   7   0   0   9  0.40 0.17
   43 T    -1  -2  -2  -3  -2  -1   0  -4  -3   3   0  -2   0  -1  -3  -1   3  -3  -1   3    0   1   0   0   0   3   7   0   0  21   5   1   2   2   0   0  25   0   1  32  0.28 0.13
   44 N    -1  -2   5   1  -3  -2  -2   2  -1  -2  -3  -2  -2  -3  -3  -1   0  -4   0   1    3   0  45   9   0   0   0  18   0   0   0   0   0   0   0   0   3   0   5  18  0.47 0.17
   45 Y    -2   1   1   0  -3   0   1  -1   3  -3  -3   1  -2  -1   2  -1  -1  -2   4  -1    0  10  10   3   0   3  10   3  10   0   0   9   0   0  12   3   3   0  19   5  0.29 0.13
   46 N    -1  -1   6   0  -3  -1   1  -2  -1  -2  -3  -1  -1  -4   0  -1   0  -4  -3   0    4   2  59   3   0   0   8   1   0   2   1   2   1   0   4   1   4   0   0   7  0.71 0.24
   47 A    -1   0   4  -1  -2  -1  -1  -1   1  -2  -1  -1  -2  -3   3   0   1  -3  -2  -2    2   5  35   1   0   1   1   3   3   1   6   3   0   1  16   6  11   0   1   2  0.39 0.13
   48 G     1   0   0   0  -2   0   0   2  -1  -2  -2   1  -2  -2   0   1   0  -2   0  -1   10   5   4   6   0   3   5  18   1   1   2  14   1   1   4  13   4   0   4   3  0.14 0.05
   49 D    -2  -2   5   5  -4  -1   1  -2   1  -4  -4  -1  -3  -4  -1   1  -1  -4  -3  -4    1   0  35  41   0   0   4   1   4   0   1   0   0   0   2   8   0   0   0   0  0.75 0.17
   50 R    -1   0   0  -1  -3   0  -1   6  -2  -4  -4   1  -3  -4  -3  -1  -2  -3  -3  -4    1   4   2   3   0   5   3  68   0   0   1  10   0   0   0   1   0   0   0   1  0.84 0.17
   51 S     0  -2  -1  -2  -2  -1  -1  -1  -2  -3  -3  -1  -3  -1  -2   6   0  -3   0  -3    1   0   0   0   0   0   0   2   0   0   1   2   0   3   0  84   0   0   4   0  0.83 0.25
   52 T    -1   2   1  -2  -2  -1  -1  -2  -1  -1  -2   1  -2  -1  -2   1   5  -3  -2  -1    0  12   6   0   0   0   0   0   1   4   1   9   0   3   0  10  51   0   0   0  0.42 0.16
   53 D    -1  -2   1   6  -4  -1   3   1  -2  -4  -5  -1  -4  -5  -3   0  -2  -5  -4  -4    3   0   6  60   0   0  18   9   0   0   0   0   0   0   0   4   0   0   0   0  0.90 0.20
   54 Y    -2  -3   0  -4  -4  -3  -3  -4   2  -3  -3  -3  -3   3  -4  -2  -3   0   8  -3    3   0   4   0   0   0   0   0   4   0   0   0   0   7   0   2   0   0  80   0  1.52 0.31
   55 G    -1  -4  -2  -3  -4  -3  -4   7  -4  -6  -5  -3  -4  -5  -4  -2  -3  -4  -5  -5    0   0   0   0   0   0   0 100   0   0   0   0   0   0   0   0   0   0   0   0  1.77 0.30
   56 I    -3  -4  -5  -5  -2  -4  -4  -5  -4   5   3  -4   1  -1  -4  -4  -2  -3  -2   1    0   0   0   0   0   0   0   0   0  60  38   0   0   0   0   0   0   0   0   2  0.82 0.21
   57 F    -4  -4  -5  -5  -4  -5  -5  -5  -3  -1   1  -5   1   8  -5  -4  -4  -1   1  -2    0   0   0   0   0   0   0   0   0   0  10   0   3  87   0   0   0   0   0   0  1.53 0.30
   58 Q    -3  -1  -2  -2  -5   8   1  -4  -1  -5  -4   0  -2  -5  -3  -2  -2  -4  -3  -4    0   0   0   0   0  98   2   0   0   0   0   0   0   0   0   0   0   0   0   0  1.74 0.39
   59 I    -3  -4  -5  -5  -3  -4  -5  -5  -5   7   1  -4   2  -1  -4  -4  -2  -4  -3   1    0   0   0   0   0   0   0   0   0  91   5   0   4   0   0   0   0   0   0   0  1.14 0.28
   60 N    -2   1   7   0  -4  -1  -2  -2  -1  -4  -4  -1  -3  -4  -3   1  -1  -5  -3  -4    0   9  77   0   0   0   0   0   0   0   0   0   0   0   0  11   0   0   0   0  1.15 0.26
   61 S    -1  -1   3   3  -3   0  -1   0  -2  -4  -4  -1  -3  -4  -2   4   0  -4  -3  -3    0   2  20  22   0   2   0   4   0   0   0   0   0   0   0  48   0   0   0   0  0.59 0.18
   62 R    -1   4   1  -1  -4   0  -1  -3   2  -3  -2   3  -1  -1  -1  -1  -2  -3   1  -3    4  32   7   2   0   2   0   0   7   0   2  29   1   3   2   3   0   0   6   0  0.44 0.16
   63 Y    -2  -1  -2   0  -3  -2  -1  -1  -1  -2  -1  -2  -1   1  -4  -2  -1   8   6  -3    2   4   1   6   0   0   3   5   0   3   4   2   1   3   0   0   3  21  41   0  0.84 0.23
   64 W    -5  -5  -5  -6  -4  -4  -5  -5  -4  -5  -4  -5  -4   0  -5  -5  -4  13   0  -5    0   0   0   0   0   0   0   0   0   0   0   0   0   2   0   0   0  93   0   0  3.69 0.55
   65 C    -2  -5  -5  -5  11  -5  -5  -4  -5  -3  -3  -5  -3  -4  -5  -3  -3  -4  -4  -3    0   0   0   0  95   0   0   0   0   0   0   0   0   0   0   0   0   0   0   0  2.86 0.48
   66 N     0   1   4   2  -3   1   0   0   0  -3  -3   2  -2  -3  -2   1  -1  -4  -2  -2    7  10  28  12   0   5   2   6   1   0   0  12   0   0   0  12   0   0   1   2  0.33 0.12
   67 D    -1  -1   3   5  -3  -1   1  -2   1  -4  -4   0  -3  -4   2   1  -1  -4  -3  -3    2   2  16  39   0   0   5   0   4   0   1   6   0   0   9  13   2   0   0   0  0.55 0.16
   68 G     0  -2   1   0  -2  -1  -1   4  -2  -3  -2   0  -2  -2   0   1   0  -2   0  -2    6   1   6   5   0   1   1  41   0   1   3   8   0   1   4  11   5   0   5   1  0.35 0.11
   69 K    -1   2   1   0  -3   3   1  -2  -1  -2  -1   3  -1  -2  -2   1   0  -3   0  -2    4   8   5   3   0  15   5   1   0   3   5  29   0   0   1  11   4   0   3   2  0.24 0.10
   70 T    -1  -2   1  -1  -2  -1   0   1  -2  -1  -1  -1  -2  -1  -2   1   4  -3  -2  -1    1   1   7   1   0   1   5  14   0   4   4   1   0   3   1   8  47   0   0   2  0.35 0.15
   71 P    -1   2  -1   0  -3  -1   0  -2  -1  -2  -1   0  -2  -3   6   0  -1  -3  -1  -2    3  12   2   5   0   1   4   1   2   1   5   4   0   1  46   6   1   0   2   3  0.75 0.15
   72 G    -1   1   1  -1  -2   1   0   2   2  -2  -2   1  -1   1   0   0  -1  -2  -1  -1    1   7   7   1   0  10   4  22   8   1   2   8   0  10   5   5   3   0   1   5  0.14 0.06
   73 A     2  -1  -1  -1  -2   0   0  -1  -2  -2  -1   0  -2  -3  -2   3   1  -3  -2  -1   21   0   0   0   0   2   7   3   0   0   6   7   0   0   0  40   5   0   0   5  0.30 0.14
   74 V    -1   2   0  -1  -3   0   0  -1   0  -1  -2   2  -2  -2   2  -1  -1  -2   1   1    3  17   5   1   0   2   7   3   3   1   1  19   0   0  12   3   1   0   8  15  0.20 0.09
   75 N    -3  -2   7   1  -4  -1   0  -2  -1  -4  -4  -1  -3  -4  -3   0  -2  -5  -3  -4    1   0  79   4   0   0   6   1   0   0   1   2   0   0   0   5   0   0   0   0  1.29 0.31
   76 A     1   0  -2   1  -2  -1   1   0   2   1   1  -1  -1  -1  -2  -1  -1  -3  -2   1   20   6   0  10   0   0   9   7   8  13  14   0   0   1   0   0   1   0   0  11  0.08 0.08
   77 C    -3  -6  -5  -6  11  -6  -6  -5  -6  -4  -4  -6  -4  -5  -5  -3  -3  -5  -5  -3    0   0   0   0 100   0   0   0   0   0   0   0   0   0   0   0   0   0   0   0  3.19 0.54
   78 H    -2   0   3   1  -4   1  -1   3   6  -5  -4   0  -3  -4  -3  -1  -2  -4  -2  -4    0   3  20  10   0   8   0  26  24   0   0   7   0   0   0   3   0   0   0   0  0.60 0.19
   79 L    -2  -4  -4  -4  -2  -3  -1  -5  -4   5   1  -3   3  -2  -4  -3  -1  -4  -3   3    0   0   0   0   0   0   5   0   0  51   7   0  11   0   0   0   2   0   0  23  0.67 0.22
   80 S     0  -1   0   1  -2  -1  -1  -2  -2  -2   0   0   0  -2   2   3   1  -3   1  -2    6   2   3   8   0   1   1   0   0   0  10   3   2   0  12  37   7   0   7   0  0.28 0.14
   81 C    -3  -6  -5  -6  11  -6  -6  -5  -6  -4  -4  -6  -4  -5  -5  -3  -3  -5  -5  -3    0   0   0   0 100   0   0   0   0   0   0   0   0   0   0   0   0   0   0   0  3.19 0.54
   82 S     0  -1   2   2  -3   0   0  -2   0  -4  -4   0  -3  -4  -2   5   0  -4  -3  -3    4   1  11  15   0   4   2   0   2   0   0   3   0   0   0  55   4   0   0   0  0.59 0.22
   83 A     2  -1   0   3  -3   1   2  -2  -2  -3  -3   3  -2  -4  -2  -1  -1  -4  -3  -1   30   0   3  23   0   5  12   0   0   0   0  22   0   0   0   0   0   0   0   4  0.40 0.16
   84 L    -3  -4  -5  -5  -3  -4  -4  -5  -4   0   5  -4   2   3  -5  -4  -3  -3  -1  -1    0   0   0   0   0   0   0   0   0   0  84   0   2  14   0   0   0   0   0   0  1.00 0.27
   85 L    -3  -1  -5  -5  -3  -1  -4  -5  -4   1   5  -3   3  -1  -4  -4  -3  -3  -3  -1    0   3   0   0   0   3   0   0   0   3  84   0   7   0   0   0   0   0   0   0  0.92 0.26
   86 Q    -2  -1   4   4  -3   1   1  -1  -1  -3  -2   0  -2  -4  -2   1   3  -4  -3  -2    0   2  22  25   0   5   5   2   0   0   3   4   0   0   0   8  22   0   0   2  0.43 0.15
   87 D    -1  -1   1   6  -4  -2   0  -3  -3  -4  -5  -2  -4  -5   4   0  -2  -5  -4  -4    4   4   5  62   0   0   1   0   0   0   0   0   0   0  18   5   0   0   0   0  1.05 0.26
   88 N    -3  -3   4   6  -5  -2   0  -3   1  -5  -5  -2  -4  -5  -3  -1   0  -6  -4  -4    0   0  22  65   0   0   3   0   4   0   0   0   0   0   0   2   5   0   0   0  1.17 0.28
   89 I    -3  -4  -5  -5  -3  -4  -5  -5  -5   6   3  -4   0  -1  -4  -4  -2  -4  -3   1    0   0   0   0   0   0   0   0   0  63  34   0   0   0   0   0   1   0   0   2  0.91 0.25
   90 A     0  -1  -1   0  -2  -1   0  -2  -2  -1   0   1  -1  -3  -2   1   5  -3  -3  -1    7   0   0   4   0   0   7   1   0   3   8  10   0   0   0   8  49   0   0   1  0.36 0.16
   91 D     1  -1   1   5  -3   1   1  -2   0  -3  -3   1  -3  -4   0   0  -1  -4  -3  -1   12   0   5  44   0   7   4   0   2   0   0  11   0   0   4   3   0   0   0   7  0.46 0.15
   92 A     3  -2   1   4  -2  -2  -1  -1  -2  -2  -3  -2  -3  -4  -2   2   1  -4  -3  -2   34   0   5  31   0   0   0   1   0   1   0   0   0   0   0  15  12   0   0   0  0.49 0.18
   93 V    -1  -3  -4  -4  -2  -3  -4  -4  -4   5   0  -2   1  -2  -3  -1   0  -4  -2   4    4   0   0   0   0   0   0   0   0  45   3   1   2   0   0   6   5   0   0  34  0.57 0.19
   94 A     0   2   1  -1  -3   1   1  -2   0   0  -1   2   2  -2  -2  -1   0  -3  -1   0    9  10   8   0   0   5  12   0   3  10   1  19   9   0   0   1   6   0   2   5  0.14 0.08
   95 C    -3  -6  -5  -6  11  -5  -6  -5  -5  -4  -4  -6  -4  -5  -5  -3  -3  -5  -5  -3    0   0   0   0 100   0   0   0   0   0   0   0   0   0   0   0   0   0   0   0  3.12 0.51
   96 A     6  -3  -3  -4  -2  -3  -3  -2  -3  -3  -3  -2  -3  -4  -3  -1  -2  -4  -4   0   96   0   0   0   0   0   0   0   0   0   0   0   0   0   0   0   0   0   0   4  1.18 0.34
   97 K    -2   2  -2  -2  -5   2   0  -3  -2  -4  -3   6   2  -4  -3  -2  -2  -4  -3  -4    0   5   0   0   0   6   2   0   0   0   1  80   6   0   0   0   0   0   0   0  1.08 0.31
   98 R    -2   4  -1  -2  -4   1  -1  -3   1  -4  -2   5  -2  -4  -3   0   0  -4  -3  -3    0  21   0   0   0   3   0   0   3   0   3  60   0   0   0   5   6   0   0   0  0.78 0.24
   99 V    -2  -4  -5  -5  -3  -4  -4  -5  -5   6   0  -4   0  -2  -4  -4  -2  -4  -3   4    0   0   0   0   0   0   0   0   0  70   0   0   0   0   0   0   0   0   0  28  1.04 0.28
  100 V     0  -2  -3  -4  -2  -3  -3  -4  -1   1   2  -3   0   0  -3  -2   0  -3   2   4    5   2   0   0   0   0   0   0   2   0  28   0   0   1   0   0   4   0   7  49  0.42 0.17
  101 R     0   3   1  -1  -3   2   0  -1  -1  -3  -3   3  -2  -3  -2   2  -1  -3  -2  -2    4  18   5   1   0  10   1   2   0   1   2  28   0   0   1  25   1   0   0   1  0.38 0.13
  102 D    -2   2   0   4  -4   1   2   1  -2  -4  -2  -1  -3  -4  -2   1  -1  -4  -3  -3    0  14   0  35   0   7  15  11   0   0   4   0   0   0   0  13   0   0   0   0  0.47 0.15
  103 P     0  -1  -1  -1  -3   1   0   0   2  -1  -2   1  -2  -3   5   0   0  -3  -2  -2    7   1   2   1   0   7   2   9   9   6   1  14   0   1  28   4   6   0   0   1  0.40 0.10
  104 Q    -2   1   3   0  -4   5   2  -1   1  -4  -3   2  -2  -4  -3  -1  -2  -4  -3  -3    0   5  16   3   0  37  12   3   4   0   1  16   0   0   0   1   0   0   0   1  0.57 0.19
  105 G    -1  -2  -2  -3  -4  -3  -3   7  -3  -5  -4  -3  -4  -2  -3  -1  -3  -4  -4  -4    1   2   0   0   0   0   0  89   0   0   1   0   0   2   0   2   0   0   0   0  1.43 0.28
  106 I    -3  -4  -4  -5  -3  -3  -4  -5  -3   4   2  -4   6   3  -4  -3  -2   5   0   0    0   0   0   0   0   0   0   0   0  30  14   0  30  13   0   0   0  11   2   1  0.74 0.22
  107 R    -1   1   2   3  -3   0  -1   2  -2  -3  -3   1  -3  -4  -2   1   2  -4  -3  -3    1  10  15  18   0   2   0  16   0   0   0  11   0   0   0  12  15   0   0   0  0.34 0.12
  108 A     5  -3   0  -3  -2  -2  -2  -2   1  -3  -3  -2  -2  -2   0   0  -2  -2   4  -2   67   0   4   0   0   0   0   0   4   0   0   0   0   0   4   2   0   0  19   0  0.71 0.26
  109 W    -5  -5  -7  -7  -5  -5  -6  -5  -5  -5  -4  -6  -4  -1  -6  -5  -5  13   0  -6    0   0   0   0   0   0   0   0   0   0   0   0   0   0   0   0   0 100   0   0  4.14 0.60
  110 V    -1  -2  -2  -1  -2   0   0  -3  -2   0   0   0  -1  -1   1   0   1  -2   2   3    1   0   0   3   0   4   8   0   0   0  10   8   0   0   6   9   8   0  10  34  0.14 0.11
  111 A     4  -2  -2  -3  -2  -2  -1   2  -3  -2  -3  -1  -2  -4  -2   1   2  -4  -3  -1   56   0   0   0   0   0   3  15   0   1   0   1   0   0   0   5  16   0   0   2  0.52 0.19
  112 W    -5  -4  -5  -6  -5  -4  -5  -5   5  -5  -4  -5  -4  -1  -6  -5  -5  12   3  -5    0   0   0   0   0   0   0   0  15   0   0   0   0   0   0   0   0  77   8   0  3.05 0.49
  113 R    -2   4   1  -1  -4   1   0  -3   1  -3  -3   4  -2  -4  -2   0   0  -4  -3  -2    0  29   6   2   0   5   2   0   4   0   0  38   0   0   0   5   5   0   0   2  0.56 0.17
  114 N     0   1   3  -1  -3   0  -1  -2   1  -2  -1   2  -2  -3   3   0   0  -3  -2  -2    8   8  21   0   0   4   1   1   4   0   8  16   0   0  14   7   6   0   0   1  0.26 0.09
  115 R    -3   0   1  -3  -4  -1  -2  -4   7  -3   0   1   0   2  -4  -2  -3  -2   4  -3    0   4   7   0   0   1   0   0  43   0  11   8   3   7   0   0   0   0  15   0  0.75 0.22
  116 C    -3  -6  -5  -6  11  -5  -6  -5  -5  -4  -4  -6  -4  -5  -5  -3  -3  -5  -5  -3    0   0   0   0 100   0   0   0   0   0   0   0   0   0   0   0   0   0   0   0  3.11 0.50
  117 Q    -1   1   1   0  -3   4   1  -2  -1  -2  -2   2  -2  -3  -2   2  -1  -3  -1  -2    3   8   5   3   0  29   8   0   0   4   1  14   0   0   0  23   1   0   1   0  0.37 0.14
  118 N    -1  -2   3   0  -4  -1   2   5   2  -4  -3  -1  -3  -4  -3  -1  -2  -4  -1  -3    2   0  16   4   0   0  16  49   6   0   3   2   0   0   0   0   0   0   2   1  0.63 0.18
  119 R    -1   3  -1  -2  -3   1  -1  -2   2  -3  -3   4  -2  -3  -2   1   1   0  -1  -3    1  22   0   0   0   4   0   1   8   0   1  31   0   0   0  16  10   2   2   1  0.41 0.14
  120 D    -2  -2   2   6  -4  -1   0  -2  -2  -3  -2  -1  -3  -4   1  -1  -1  -4  -3  -3    1   1   8  66   0   1   1   1   0   1   4   3   0   1   7   1   3   0   0   1  0.88 0.19
  121 V    -2  -4  -5  -5  -2  -3  -4  -5  -4   1   5  -4   1  -1  -1  -4  -2  -3  -2   2    0   0   0   0   0   0   0   0   0   0  76   0   2   0   3   0   0   0   0  20  0.77 0.21
  122 R     0   0   0   3  -3   0   2  -2  -2  -4  -4  -1  -3  -2  -2   4   1  -4  -3  -3    4   4   2  17   0   1  14   0   0   0   0   0   0   2   0  52   5   0   0   0  0.52 0.17
  123 Q    -1   1  -1   0  -3   5   2  -2  -1  -3  -3   1  -2  -3  -1   1  -1  -3   0  -2    3   9   0   5   0  39  13   2   0   0   0   6   0   0   2  12   1   0   5   3  0.42 0.13
  124 Y    -4  -4  -5  -5  -4  -3  -4  -4  -2  -4  -3  -4  -3   1  -5  -4  -4  11   6  -4    0   0   0   0   0   0   0   0   0   0   0   0   0   2   0   0   0  64  30   0  2.51 0.36
  125 V    -2  -3  -4  -4  -2  -3  -3  -4  -4   3   3  -1   2  -1  -3  -3  -1  -3  -2   3    0   0   0   0   0   0   0   0   0  25  32   6   7   0   0   0   3   0   0  27  0.41 0.11
  126 Q     1   3   0   3  -3   1   1  -2  -1  -3  -3   2  -2  -4  -2  -1   0  -4  -3  -3   13  25   0  23   0   6   7   0   0   0   0  18   0   0   0   0   6   0   0   0  0.40 0.09
  127 G    -1  -3   1   0  -4  -2  -1   6  -3  -5  -5  -2  -4  -4  -3   0  -2  -4  -4  -4    0   0   6   3   0   0   4  83   0   0   0   0   0   0   0   4   0   0   0   0  1.17 0.18
  128 C    -2  -5  -4  -5  11  -5  -6  -4  -5  -3  -3  -5  -3  -4  -5  -3  -3  -4  -4  -2    0   0   0   0 100   0   0   0   0   0   0   0   0   0   0   0   0   0   0   0  2.65 0.33
  129 G    -1   2   1   2  -4   0   1   2   3  -4  -3   2  -2  -3  -2   0  -1  -4  -2  -3    0  13   5  13   0   0  12  22  10   0   0  18   0   0   0   3   3   0   0   0  0.34 0.06
  130 V    -2  -3  -4  -4  -2  -3  -4  -4  -4   1   4  -3   2  -1  -4  -3  -1  -3  -2   3    0   0   0   0   0   0   0   0   0   0  63   0   5   0   0   0   0   0   0  31  0.58 0.11

                      K         Lambda
Standard Ungapped    0.1353     0.3235
Standard Gapped      0.0491     0.2670
PSI Ungapped         0.1604     0.3171
PSI Gapped           0.0491     0.2670
