
Last position-specific scoring matrix computed, weighted observed percentages rounded down, information per position, and relative weight of gapless real matches to pseudocounts
            A   R   N   D   C   Q   E   G   H   I   L   K   M   F   P   S   T   W   Y   V   A   R   N   D   C   Q   E   G   H   I   L   K   M   F   P   S   T   W   Y   V
    1 N    -5  -4   7   4  -6  -4  -3  -4  -4  -6  -7  -4  -6  -7  -5   0   3  -7  -6  -6    0   0  51  26   0   0   0   0   0   0   0   0   0   0   0   7  15   0   0   0  1.61 0.67
    2 L    -2  -7  -7  -8  -5  -6  -7  -8  -7   4   4  -7   1  -3  -7  -6  -5  -6  -5   5    3   0   0   0   0   0   0   0   0  25  35   0   2   1   0   0   0   0   0  34  1.35 0.61
    3 P    -4   1   3  -2  -6  -1  -1  -6   1  -6  -7   1  -4  -5   6   1   1  -7  -6  -4    1   8  13   2   0   3   4   0   3   0   0   9   0   0  39   9   7   0   0   1  1.04 0.57
    4 I    -4  -4  -7  -7  -5  -6  -7  -6  -7   5   3  -5   0  -1  -7  -4  -2  -6   0   4    1   1   0   0   0   0   0   0   0  31  25   0   1   3   0   1   2   0   4  30  1.14 0.55
    5 V     0  -5  -3  -6  -5   0  -5  -6  -3   4   3  -4   3   0  -6  -4  -2   0  -2   4    7   0   1   0   0   5   0   0   1  20  24   1   7   3   0   0   1   2   1  27  0.75 0.42
    6 E    -2  -2   2   5  -6  -3   2  -2  -1  -6  -5  -2  -3  -7   1   3   0  -7  -6  -6    3   2  10  29   0   1  10   3   2   0   1   2   1   0   8  23   6   0   0   0  0.78 0.49
    7 R    -3   3   4   1  -6   2  -1  -3   3  -3  -3  -1  -3  -3   0  -1  -1  -1   3  -4    1  14  24   8   0  10   4   1   7   2   3   4   1   1   4   4   3   1  10   1  0.54 0.38
    8 P     1  -1   0   1   0   2   4  -3   0  -5  -4   1  -3  -4   0   1   0  -3  -3  -3   11   3   4   8   2   9  24   1   2   0   2  10   0   1   5   9   7   0   1   1  0.39 0.31
    9 V     0   0   0   1  -4   1   2  -3  -2  -1  -1   1   0  -3  -4  -1   2  -2  -3   2    8   4   4   7   0   7  14   1   1   2   4  10   3   1   0   3  13   1   0  16  0.23 0.23
   10 C    -4 -10  -9 -10  12 -10 -10  -9 -10  -8  -8 -10  -8  -9 -10  -3  -8  -9  -9  -8    1   0   0   0  96   0   0   0   0   0   0   0   0   0   0   2   0   0   0   0  4.71 1.59
   11 K     0   3   3   0  -3   2   1  -4   0  -2  -3   2  -1  -5  -2   1  -2  -6  -3  -1    7  14  14   5   0   9   9   0   2   3   2  13   2   0   2  12   1   0   1   4  0.34 0.28
   12 D     1   1   1   0  -1   2   0  -2   3  -3  -2   2  -1  -4  -3   2   0  -2  -3  -3   12   8   6   6   1   9   6   3   7   1   5  12   1   0   1  15   4   1   0   1  0.24 0.23
   13 S     2   1  -2  -2  -3   0  -2  -2   2  -1   0   0   0   1  -2   1  -1   2   2   0   20   8   1   1   0   4   1   3   5   4   8   5   3   5   1  11   3   3   8   7  0.15 0.18
   14 T    -5  -4  -3  -6  -7  -4  -2  -6   4  -6  -1  -3   0   3  -4  -1  -1   6   8  -4    0   1   1   0   0   1   2   1   8   0   5   2   2   9   1   5   4   9  46   1  1.52 0.72
   15 R    -2   2   1   0  -5   0  -1   2   2  -4  -4   1  -3  -3   3   0  -2  -2   1  -3    1  11   8   5   0   4   4  18   6   1   1  10   1   1  15   7   1   1   4   1  0.38 0.28
   16 I    -1  -1   2  -1  -3   0  -1   2   1  -1  -1   0  -1   1  -1   1   0   2   1  -1    3   3  10   3   0   4   3  17   4   4   7   5   1   6   2   9   5   3   6   4  0.11 0.12
   17 R    -1   1   1   0  -2   0  -1  -1   0  -1  -1   1   0  -3   2   1   1  -3   2  -1    4  10   6   4   1   4   4   5   1   3   6  11   3   0  11   9   8   0   8   4  0.13 0.13
   18 I    -1  -5  -3  -3  -4  -4  -3  -5  -5   5   1  -3  -1   1  -4  -2  -2  -2   0   4    5   0   2   2   0   0   2   1   0  34  11   1   1   5   1   3   1   0   3  28  0.74 0.37
   19 T    -2   0   0  -1  -4   0  -2  -2   1  -2  -3   1  -2  -3   0   1   5  -1   1  -3    1   5   5   3   0   3   2   3   3   2   3  10   1   1   4  12  35   1   5   1  0.48 0.36
   20 D    -2  -2   2   3  -5   0   2  -1  -2  -4  -4   1  -4  -4   2   1   0  -6  -3  -4    3   2  10  19   0   3  15   5   0   1   2   7   0   1  12  13   6   0   1   1  0.46 0.32
   21 N    -1   2   4   1  -4  -1  -2   0   0  -3  -2   0  -2   0  -4   1   2  -5  -3  -1    5  11  20   6   0   3   2   8   3   1   3   5   1   4   0  12  12   0   1   5  0.29 0.23
   22 M    -5  -6  -2  -6  -6   3   0  -5  -1  -2  -2  -4   9  -1  -7  -3   2  -6  -4  -2    0   0   2   0   0  12   5   1   2   2   3   1  53   2   0   2  13   0   1   2  1.79 0.79
   23 F    -5  -6  -7  -7  -5  -4  -4  -7  -6   4   4  -6   2   4  -7  -6  -4  -2  -4   3    0   0   0   0   0   1   1   0   0  24  38   0   4  14   0   0   1   1   0  16  1.14 0.50
   24 C    -7 -10  -1 -10  12 -10 -10  -9 -10  -8  -8 -10  -8  -9 -10  -7  -8  -9  -9  -8    0   0   4   0  96   0   0   0   0   0   0   0   0   0   0   0   0   0   0   0  4.69 1.49
   25 A     6  -5  -5  -5  -4  -5  -5  -2  -5  -3  -4  -5  -2  -2  -5   0   0  -6  -5   2   63   0   0   0   0   0   0   3   0   1   1   0   1   2   0   7   6   0   0  14  1.25 0.60
   26 G    -3  -5  -4  -4  -5  -4  -5   7  -5  -5  -3  -2  -5  -3  -5  -2  -2  -5  -5  -5    2   1   1   1   0   1   1  78   0   1   3   3   0   1   1   3   3   0   0   1  1.81 0.66
   27 Y    -1  -1   0   0  -2  -1  -1   0   3   1  -1  -1   0   1  -1   0   0   1   3   0    3   2   5   7   1   3   4   9   7  10   5   3   2   6   2   7   7   2  10   6  0.08 0.08
   28 K    -1   0  -1  -1  -2   0   0  -2  -1   0   1   0   0  -1   1   0   0   0  -1   0    4   6   2   3   1   4   6   3   1   7  19   7   3   2   9   7   7   1   1   7  0.07 0.06
   29 P     0   1  -1   1   2   1   1   0  -1  -1  -2   1  -1  -1   1   0   0  -2  -1  -1    9   8   2   9   4   7  11   6   1   3   3   8   1   3   8   5   6   0   2   4  0.10 0.07
   30 D     0   0   1   2  -1   0   1   1   0   0  -1   0  -1  -2   0   0   0  -2  -1  -1    5   5   5  13   1   2  11  12   2   7   4   5   1   2   4   7   5   0   2   5  0.08 0.05
   31 E    -1  -1   0   0  -2   0   1   1  -2  -1  -1  -1   0   0   2   0   0  -1   0  -1    4   3   3   6   1   5  12  14   1   4   5   3   3   6  12   5   5   1   3   5  0.13 0.08
   32 G     0   1   1   1  -1   1   0   2  -1  -2  -2   1  -1  -2  -2   1   0  -2  -2  -2    9   6   7   8   2   5   6  16   1   2   4  11   2   1   1   9   7   0   1   2  0.14 0.09
   33 K     0   0   0   0  -3  -1  -1   4   0  -1  -2   1  -1  -3  -2  -1  -1   1   0  -2    6   6   5   4   0   3   3  32   3   4   3  11   1   1   2   4   4   2   4   2  0.30 0.19
   34 R    -1   2  -1  -1  -3   0  -1   3  -1   0  -2   1  -1  -2   1  -1   0  -3  -2   0    4  13   2   3   0   4   3  25   2   5   2   8   2   2   6   4   6   0   1   7  0.22 0.16
   35 G    -1   3  -1  -1   1   1   0  -2   0   0  -3   3  -2  -1  -2  -1   0  -1   0  -1    5  15   2   3   3   8   7   3   2   5   2  22   1   3   2   3   6   1   3   4  0.24 0.20
   36 D    -2  -4   1   7  -1  -2  -1  -1  -4  -5  -4  -1  -5  -5  -4   2  -2  -5  -5  -5    4   1   5  52   1   2   2   5   0   1   2   4   0   0   1  16   2   0   0   1  1.14 0.53
   37 A     3  -2  -2  -4  -4  -2  -3  -1  -4   0  -2  -2  -3   0   1   3   3  -5  -4  -1   23   1   1   0   0   2   0   4   0   5   3   2   0   4   7  22  20   0   0   4  0.47 0.34
   38 C    -4  -5  -5  -5  10  -5  -5  -5   4  -4  -4  -5  -4   3  -5  -4  -4  -4   3   1    1   1   1   1  54   1   1   1   9   1   1   1   0  10   1   1   1   0   9   9  2.09 0.59
   39 E    -2   1   0  -1  -5   3   0  -2   1  -4  -2   4   1  -1  -1   0  -1   2   0  -2    3   5   3   3   0  16   4   3   3   0   4  28   4   3   3   6   3   3   3   3  0.35 0.22
   40 G     1  -3  -1  -1  -2  -2   1   6  -2  -5  -5  -3  -2  -2  -4   0  -3  -5  -3  -3   13   1   2   2   1   1  10  60   1   0   0   0   1   2   0   5   0   0   1   1  0.95 0.37
   41 D    -2  -3   0   7  -5  -1   1  -3  -3  -2  -3  -3  -4  -4  -3  -2  -3  -5  -4   0    2   0   3  70   0   2   7   1   0   3   3   0   0   0   0   1   1   0   0   7  1.30 0.44
   42 S     0  -1  -1  -2  -3  -2  -2  -1  -3  -4  -4  -2  -3  -4  -1   6   2  -4  -2  -3    5   3   2   0   0   0   1   3   0   0   1   0   0   0   3  63  15   0   2   1  0.91 0.41
   43 G     0  -4  -3  -3  -4  -4  -4   7  -4  -5  -5  -4  -4  -5  -4  -2  -4  -4  -5  -5    7   0   0   0   0   0   1  86   0   0   1   0   0   0   0   1   1   0   0   1  1.79 0.51
   44 G     1  -3  -1  -2  -4  -3  -1   6  -3  -4  -4  -3  -4  -4  -3   2  -1  -4  -4  -4    9   0   2   2   0   0   4  62   0   0   1   1   0   0   0  14   2   0   0   1  1.02 0.35
   45 P     0  -3  -4  -4  -4  -3  -3  -2  -4  -1  -4  -3  -4  -5   8  -1  -2  -5  -4  -1    6   2   0   0   0   0   1   3   0   4   1   0   0   0  70   4   2   0   0   6  1.71 0.49
   46 F     0  -3  -4  -4  -3  -3  -4  -4   0   0   4  -3   3   2  -4  -3  -2  -3   0   0   10   0   0   0   0   0   1   1   3   2  56   0   8   8   0   1   1   0   3   6  0.61 0.27
   47 V     1  -3  -2  -3  -2  -2  -3  -3  -2   3   0  -3   2   0  -2  -2  -1  -3  -1   4   13   1   2   1   0   1   1   1   1  17   5   1   6   4   2   2   2   0   1  41  0.42 0.22
   48 M    -1  -2  -3  -3   9  -3  -3  -3  -1   0  -1  -1  -1  -1  -3  -1  -1   1  -1   0    3   2   1   2  51   1   1   2   2   4   5   4   1   2   1   4   3   2   2   8  1.15 0.36
   49 K    -1   1   3   1  -3   2   1   0   2  -2  -2   0  -1  -2   0   0  -1   1  -1  -2    3   6  21   6   0  10  10   5   6   1   4   5   1   2   5   7   2   2   1   2  0.21 0.12
   50 S    -1   0   1   2  -3   0   0   3  -1  -2  -2   0  -2  -1  -1   0   0  -3  -2  -2    4   4   6  14   0   3   5  29   2   2   4   5   0   2   2   6   6   0   1   3  0.26 0.14
   51 P     0   0   0   0  -2   2   1  -1  -1  -1  -1   0   0  -1   2   1  -1  -2  -1   0    6   5   4   4   1  12   8   4   1   2   7   6   3   3  12  10   3   0   1   8  0.13 0.08
   52 F     0   0   0  -1  -1   0   0   0  -1   0   0   0   0   1   0   0   0   0   1   0    7   4   4   3   1   3   5   8   1   6  12   6   3  10   3   3   5   1   5   8  0.01 0.01
   53 N    -1   1   3   2  -3   3   1  -1   2  -3  -2   0  -2  -2  -2  -1   0  -3  -1  -2    4   8  13  15   0  17   8   4   6   1   3   5   0   1   1   3   5   0   2   3  0.30 0.17
   54 N     0  -1   1   2  -1  -1   0   3   0  -3  -2   0  -2  -3   0   0  -1  -2  -2  -2    8   3   7  14   1   3   5  30   2   2   4   6   1   1   4   5   2   0   1   2  0.29 0.13
   55 R    -1   2   0   0   0   0  -1  -1   0   0   0   1   0  -1  -1   0   2  -2  -1   0    4  16   3   5   2   4   2   3   2   5   7   7   2   2   2   5  18   0   2   9  0.10 0.08
   56 W    -2  -1  -2  -1  -3  -1  -2  -2   0  -2  -1  -2   0   2  -2  -2  -1   9   3  -1    4   3   2   5   1   3   3   3   2   2   6   2   3   7   2   3   3  35   8   4  1.01 0.30
   57 Y    -1  -1  -2  -2  -2  -1  -1  -3   1   2  -1  -2   0   2  -2  -1   1   2   4   2    3   3   1   2   0   3   3   2   4  14   3   2   3  11   1   4   8   3  15  16  0.24 0.15
   58 Q     0  -2  -2  -3  -2   2  -2  -3  -3   1   4  -2  -1  -2  -3  -2  -2  -3  -1   2    9   1   2   1   0  10   2   2   0   7  40   1   0   1   1   2   1   0   1  16  0.40 0.21
   59 M     1   0  -2  -2  -1   0  -1  -2   1   1   0  -2   1   0  -2  -1   1  -1   0   2   15   5   1   2   1   4   3   3   4  10   5   1   4   3   1   2   8   1   4  23  0.13 0.11
   60 G    -2  -3  -4  -4  -5  -5  -5   7  -5  -6  -6  -4  -5  -6  -5  -4  -5  -5  -5  -6    3   2   0   0   0   0   1  89   0   0   1   0   0   0   0   1   0   0   0   1  2.19 0.70
   61 I    -3  -5  -5  -4  -4  -4  -5  -5  -5   6   2  -4   0  -3  -5  -4  -1  -5  -4   4    2   0   0   1   0   0   0   1   0  48  14   0   1   0   0   1   3   0   0  25  1.09 0.43
   62 V    -1  -4  -3  -4  -2  -4  -4  -4  -5   2   1  -4   0  -2  -4  -2   2  -4  -4   5    4   0   1   1   1   0   0   1   0   9  10   0   2   1   0   2  14   0   0  51  0.81 0.38
   63 S    -1  -4  -1  -4  -4  -2  -4  -2  -4  -3  -5  -4  -4  -3  -4   7  -1  -5  -3  -3    4   0   3   0   0   1   0   2   0   2   1   0   0   1   0  80   2   0   1   2  1.57 0.67
   64 W    -4  -4  -3  -6  -6  -3  -6  -3  -2  -4  -4  -5  -3   4  -2  -4  -5  11   3  -5    1   1   1   0   0   1   0   3   1   1   2   1   1  19   3   1   1  55   9   0  2.52 0.80
   65 G     0  -4   1   0  -5  -4   0   5  -5   0  -5   0  -5  -5  -5   0   0  -5  -5  -1    6   0   6   6   0   0   5  47   0   5   1   5   0   0   0   7   5   0   0   5  0.80 0.41
   66 E    -1   1   0   0  -4   1   0  -1   2   0  -1   2   0   0  -1   1  -1   2   1  -1    3  10   3   5   0   7   4   4   7   8   4  13   3   4   3  10   3   3   4   3  0.11 0.12
   67 G     0  -1   1  -1  -4  -1  -1   4  -4  -3  -3   0  -4  -3   2   1  -1   0  -4  -1    5   4   8   3   0   2   3  31   0   2   3   6   0   1  11  12   4   1   0   4  0.41 0.28
   68 C    -5  -3  -1  -2  11  -6  -7  -6  -1  -6  -6  -2  -6  -2  -7  -2  -2  -6   0  -3    0   2   3   3  72   0   0   0   2   0   0   3   0   2   0   4   3   0   3   2  2.84 1.03
   69 D     4  -2   1  -2   5  -2  -2   3  -4  -4  -3  -2  -4  -5  -4  -1  -1  -5  -1  -2   30   2   7   2  13   1   2  25   0   0   3   2   0   0   0   3   3   0   2   3  0.66 0.39
   70 R    -1   2   0   0  -2   2   1   0   0  -1  -1   2   0  -2  -1   0   0  -1   0   0    3  10   4   6   1  10   8   6   2   2   7  13   2   1   2   8   5   1   3   6  0.10 0.11
   71 D     0   0  -1  -1  -4  -2  -1  -1  -1  -1  -3   1  -4  -3   5   1   1  -5  -1  -1    9   6   2   3   0   1   3   5   1   3   3   7   0   1  31  10   8   0   2   5  0.49 0.33
   72 G     0   1   2   0  -3   0  -1   2   1  -2  -1   1  -2  -2  -1   0   0   0  -1  -2    7  10  12   5   0   3   3  14   4   2   9   8   0   2   3   7   4   1   2   2  0.12 0.11
   73 K     0   1   0   0  -3   0   1  -2   0  -2  -2   3  -1   0  -1   0   1   1   2  -1    7   6   4   4   0   3   7   2   3   1   4  22   2   3   2   8   8   2   7   5  0.16 0.15
   74 Y    -4  -6  -3  -6  -7  -6  -6  -7  -6  -4  -3  -6  -1  -3   8  -2  -2  -7   3  -3    1   0   2   0   0   0   0   0   0   1   2   0   2   1  73   3   2   0  10   2  2.24 0.95
   75 G     2  -2  -2   0  -5  -3  -3   5  -5  -3  -5  -4  -5  -2  -2   1   0  -6  -5  -2   18   3   2   6   0   1   1  47   0   1   0   0   0   2   2   9   5   0   0   3  0.85 0.47
   76 F    -1  -6  -6  -6  -4  -5  -6  -2  -1   3   0  -5  -1   0  -5  -3  -4  -5  -4   6    5   0   0   0   0   0   0   4   1  17   6   0   1   4   0   1   0   0   0  58  1.20 0.57
   77 Y    -3  -6  -2  -7  -1  -6  -6  -7   0  -5  -3  -6  -5   6  -7  -4  -6  -3   8  -5    2   0   2   0   1   0   0   0   2   0   2   0   0  28   0   1   0   0  59   0  2.29 0.89
   78 T     1  -5  -4  -5  -2  -5  -5  -4  -5   0  -3  -5  -1  -5  -3   0   7  -6  -5  -1   13   0   0   0   1   0   0   1   0   5   2   0   1   0   1   6  63   0   0   5  1.38 0.69
   79 H    -2   6   2   0  -6   0  -2  -4   0  -6  -4   4  -3  -4  -3  -1  -4  -3  -2  -5    3  38   8   5   0   3   1   1   2   0   2  29   0   1   1   4   0   0   1   1  0.99 0.51
   80 V    -3  -6  -6  -6  -5  -6  -6  -5  -6   3   0  -6   0  -4  -2  -5  -1  -6  -5   7    1   0   0   0   0   0   0   1   0  12   9   0   2   0   2   0   3   0   0  68  1.52 0.66
   81 F     1  -2  -2  -3   2  -2  -3  -2  -2  -1  -2  -2   0   3  -1   4   2  -1   0  -2   12   1   1   1   4   2   1   2   1   3   4   2   2  12   2  33  11   1   3   2  0.41 0.32
   82 R     1   1   1   2  -4   0   0  -3   2  -3  -3   1  -2  -2   1   2  -1  -2   2  -2   10   9   6  12   0   3   3   0   6   1   2  11   1   2   6  14   2   0   7   3  0.23 0.21
   83 L    -5  -6  -2  -5  -7  -6  -6  -5   4  -3  -1  -6  -2   6  -7  -5  -6  -3   8  -1    1   0   2   1   0   0   0   1   8   1   6   0   1  26   0   1   0   0  48   4  1.84 0.77
   84 K    -2   1  -1  -3  -4   0  -3  -5  -2   2   2   0   1  -2  -3  -1   2  -4  -2   2    2   9   3   1   0   4   1   0   1  10  25   6   3   1   1   5  13   0   1  15  0.28 0.24
   85 K    -1  -3   1   5  -6  -2   1  -2   0  -4  -4   1  -3  -4   3   2  -1  -6  -5  -5    5   1   7  29   0   1   7   2   2   1   1   7   1   1  17  16   3   0   0   0  0.69 0.42
   86 W    -6  -9 -10  -6  -9  -8  -9  -9  -9  -9  -6  -9  -8  -2 -10  -9  -9  13  -2  -6    1   0   0   1   0   0   0   0   0   0   1   0   0   2   0   0   0  94   1   1  5.04 1.58
   87 I    -6  -7  -8  -8  -6  -7  -8  -8  -8   8   1  -7   1  -4  -7  -5  -5  -7  -6   1    0   0   0   0   0   0   0   0   0  80   9   0   3   0   0   1   0   0   0   7  2.17 0.81
   88 Q    -2   2   2  -1  -4   5   2  -5   2  -4  -3   3  -1  -4  -4  -1  -1  -2  -1  -2    3  10   8   3   0  27  11   0   5   1   2  16   2   0   0   3   3   1   2   4  0.57 0.36
   89 K    -1   2   1   1  -5   2   2  -1  -1  -5  -5   3  -3  -5  -3   3   0  -5  -3  -5    3   9   6   8   0   9  13   4   1   0   0  18   1   0   0  23   4   0   1   0  0.51 0.34
   90 V    -2  -3   1  -4  -3   1  -3  -4   3   4  -2  -1  -2  -2  -5  -2   4  -5  -1   3    2   0   6   0   0   6   1   1   8  21   1   5   0   1   0   1  24   0   2  20  0.56 0.36
   91 I    -2  -6  -6  -7  -5  -4  -6  -7  -6   6   1  -6   7  -4  -6  -5  -3  -6  -5   1    3   0   0   0   0   1   0   0   0  44  12   0  30   0   0   0   1   0   0   9  1.54 0.61
   92 D     3   2   1  -1  -4   2   0  -1  -1  -4  -4   3  -3  -5  -1   0  -2  -5  -4  -4   29  10   6   3   0   9   6   4   2   0   1  18   0   0   2   7   1   0   0   0  0.43 0.29
   93 Q     1   2   2   0  -4   2   2  -3  -1  -4  -4   2  -3  -5  -3   2   0  -5  -4  -3   13  14  12   5   0  11  13   0   1   0   1  10   0   0   0  14   6   0   0   1  0.42 0.25
   94 F    -2  -3   6  -2  -5  -3  -2  -2   4  -4   0  -1  -3   1  -3  -1  -2  -4   3  -4    2   1  50   1   0   0   2   2   9   0  10   3   0   6   1   4   1   0   9   0  0.88 0.40
   95 G     2  -3  -2  -3  -3  -1  -2   4  -3  -4  -3  -2  -3  -4  -3   4  -1  -4  -4  -3   14   0   0   0   0   3   0  39   0   0   2   1   0   0   0  40   0   0   0   0  0.79 0.27
   96 E    -2   2  -1  -1  -4   5   3  -3  -1  -4  -3   2  -2  -4  -2  -1  -2  -3  -2  -3    0  11   0   0   0  52  21   0   0   0   0  15   0   0   0   0   0   0   0   0  0.75 0.14

                      K         Lambda
Standard Ungapped    0.1437     0.3225
Standard Gapped      0.0528     0.2670
PSI Ungapped         0.1724     0.3182
PSI Gapped           0.0528     0.2670
