
Last position-specific scoring matrix computed, weighted observed percentages rounded down, information per position, and relative weight of gapless real matches to pseudocounts
            A   R   N   D   C   Q   E   G   H   I   L   K   M   F   P   S   T   W   Y   V   A   R   N   D   C   Q   E   G   H   I   L   K   M   F   P   S   T   W   Y   V
    1 G     0  -3  -1  -2  -3  -2  -2   6  -2  -4  -4  -2  -3  -3  -2   0  -2  -3  -3  -3    0   0   0   0   0   0   0 100   0   0   0   0   0   0   0   0   0   0   0   0  1.09 0.02
    2 I    -2  -3  -3  -4  -2  -3  -3  -4  -3   4   2  -3   1   2  -3  -3  -1  -2   0   2    0   0   0   0   0   0   0   0   0  78   4   0   0  12   0   0   0   0   0   5  0.37 0.02
    3 P    -1  -2  -2  -2  -3  -2  -1   0  -2  -3  -3  -1  -3  -4   8  -1  -1  -4  -3  -3    0   0   0   0   0   0   0   7   0   0   0   0   0   0  93   0   0   0   0   0  1.89 0.03
    4 C    -1  -4  -3  -4  10  -3  -4  -3  -3  -2  -2  -3  -2  -3  -3  -1  -1  -3  -3  -1    0   0   0   0 100   0   0   0   0   0   0   0   0   0   0   0   0   0   0   0  1.40 0.04
    5 G     2  -2  -1  -2  -2  -2  -2   5  -2  -3  -3  -1  -2  -3  -2   0  -1  -3  -3  -2   28   0   0   0   0   0   0  72   0   0   0   0   0   0   0   0   0   0   0   0  0.74 0.02
    6 E    -1   0   0   1  -4   2   6  -2   0  -4  -3   1  -2  -4  -1   0  -1  -3  -2  -3    0   0   0   0   0   0 100   0   0   0   0   0   0   0   0   0   0   0   0   0  0.81 0.03
    7 S     1  -1   1   0  -1   0   0   0  -1  -3  -3   0  -2  -3  -1   5   1  -3  -2  -2    0   0   0   0   0   0   0   0   0   0   0   0   0   0   0 100   0   0   0   0  0.52 0.02
    8 C    -1  -4  -3  -4  10  -3  -4  -3  -3  -2  -2  -3  -2  -3  -3  -1  -1  -3  -3  -1    0   0   0   0 100   0   0   0   0   0   0   0   0   0   0   0   0   0   0   0  1.40 0.04
    9 V     0  -3  -3  -3  -1  -2  -3  -3  -3   3   1  -3   1  -1  -3  -2   0  -3  -1   4    0   0   0   0   0   0   0   0   0   0   0   0   0   0   0   0   0   0   0 100  0.41 0.02
   10 Y    -3  -3  -4  -4  -3  -2  -3  -3  -1  -2  -1  -3  -1   4  -4  -3  -2  10   4  -2    0   0   0   0   0   0   0   0   0   0   0   0   0  21   0   0   0  59  20   0  1.49 0.03
   11 I     0   0   0   0   0   0   0   0   0   0   0   0   0   0   0   0   0   0   0   0    7   5   4   5   2   4   6   7   2  13   8   5   2   4   5   7   5   1   3   6  0.00 0.00
   12 I    -2  -3  -4  -3  -1  -3  -4  -4  -4   5   1  -3   1   0  -3  -3  -1  -3  -2   3    0   0   0   0   0   0   0   0   0 100   0   0   0   0   0   0   0   0   0   0  0.46 0.02
   13 P    -1  -2  -2  -2  -3  -2  -1  -2  -2  -3  -3  -1  -3  -4   8  -1  -1  -4  -3  -3    0   0   0   0   0   0   0   0   0   0   0   0   0   0 100   0   0   0   0   0  2.11 0.03
   14 C    -1  -4  -3  -4  10  -3  -4  -3  -3  -2  -2  -3  -2  -3  -3  -1  -1  -3  -3  -1    0   0   0   0 100   0   0   0   0   0   0   0   0   0   0   0   0   0   0   0  1.40 0.04
   15 T     0  -1   0  -1  -1   0  -1  -1  -1   0   0   0   0  -1   0   0   3  -1  -1   0    4   3   2   3   1   2   3   4   1   7  14   3   1   2   3   4  39   1   2   3  0.09 0.00
   16 V    -1  -3  -3  -3  -1  -2  -3  -3  -3   3   2  -2   1  -1  -3  -1   1  -3  -1   3    0   0   0   0   0   0   0   0   0  35  13   0   0   0   0   0  14   0   0  37  0.27 0.01
   17 T     1  -1   0  -1  -1  -1  -1  -1  -1  -2  -2  -1  -1  -2  -1   3   4  -3  -2  -1    0   0   0   0   0   0   0   0   0   0   0   0   0   0   0  47  53   0   0   0  0.42 0.02
   18 A     4  -1  -1  -2  -1  -1  -1   0  -2  -2  -2   0  -1  -2  -1   2   1  -3  -2   0   73   0   0   0   0   0   0   0   0   0   0   6   0   0   0   9  12   0   0   0  0.33 0.01
   19 L     1  -2  -3  -3  -1  -2  -2  -3  -3   2   2  -2   1   0  -2  -1   0  -2  -1   2   15   0   0   0   0   0   0   0   0  14  36   0   0   0   0   0   5   0   0  31  0.22 0.01
   20 A     0  -2  -2  -2  -1  -2  -2  -2  -2   3   2  -2   2   0  -2  -1   0  -2  -1   2   14   1   1   1   0   1   1   1   0  35  18   1   6   1   1   1   1   0   0  19  0.16 0.00
   21 Q     0  -2  -1  -1  -3   0  -2   6  -2  -4  -4  -1  -3  -3  -2   0  -2  -3  -3  -3    0   0   0   0   0   8   0  92   0   0   0   0   0   0   0   0   0   0   0   0  0.96 0.02
   22 C    -1  -4  -3  -4  10  -3  -4  -3  -3  -2  -2  -3  -2  -3  -3  -1  -1  -3  -3  -1    0   0   0   0 100   0   0   0   0   0   0   0   0   0   0   0   0   0   0   0  1.40 0.04
   23 K     1  -1   0  -1  -1   0   0   0  -1  -3  -3   1  -2  -3  -1   4   1  -3  -2  -2    6   0   0   0   0   0   0   5   0   0   0   8   0   0   0  81   0   0   0   0  0.40 0.02
   24 C    -1  -4  -3  -4  10  -3  -4  -3  -3  -2  -2  -3  -2  -3  -3  -1  -1  -3  -3  -1    0   0   0   0 100   0   0   0   0   0   0   0   0   0   0   0   0   0   0   0  1.40 0.04
   25 K    -1   2   0  -1  -3   1   1  -2  -1  -3  -3   4  -2  -3  -1   1   0  -3  -2  -2    0   7   0   0   0   0   0   0   0   0   0  76   0   0   0  17   0   0   0   0  0.46 0.02
   26 S     0  -1   4   2  -2   0   0  -1   0  -3  -3   0  -2  -3  -1   3   1  -4  -2  -2    0   0  41  10   0   0   0   0   0   0   0   0   0   0   0  49   0   0   0   0  0.45 0.02
   27 K    -1   3   1  -1  -3   1   1  -2  -1  -3  -3   5  -2  -3  -1   0  -1  -3  -2  -3    0   7   6   0   0   0   0   0   0   0   0  88   0   0   0   0   0   0   0   0  0.53 0.02
   28 V     0  -3  -3  -3  -1  -3  -3  -4  -3   3   1  -3   1  -1  -3  -2   0  -3  -1   4    0   0   0   0   0   0   0   0   0   7   0   0   0   0   0   0   0   0   0  93  0.40 0.02
   29 C    -1  -4  -3  -4  10  -3  -4  -3  -3  -2  -2  -3  -2  -3  -3  -1  -1  -3  -3  -1    0   0   0   0 100   0   0   0   0   0   0   0   0   0   0   0   0   0   0   0  1.40 0.04
   30 Y    -2  -2  -2  -3  -3  -2  -2  -3   2  -2  -1  -2  -1   3  -3  -2  -2   2   7  -1    0   0   0   0   0   0   0   0   0   0   0   0   0   0   0   0   0   0 100   0  1.00 0.03
   31 N    -1   5   3   0  -3   1   0  -2   0  -3  -3   2  -2  -3  -2   0  -1  -3  -2  -3    0  53  30   0   0   0   0   0   0   0   0  17   0   0   0   0   0   0   0   0  0.52 0.01

                      K         Lambda
Standard Ungapped    0.1397     0.3278
Standard Gapped      0.0465     0.2670
PSI Ungapped         0.1520     0.3193
PSI Gapped           0.0465     0.2670
