
Last position-specific scoring matrix computed, weighted observed percentages rounded down, information per position, and relative weight of gapless real matches to pseudocounts
            A   R   N   D   C   Q   E   G   H   I   L   K   M   F   P   S   T   W   Y   V   A   R   N   D   C   Q   E   G   H   I   L   K   M   F   P   S   T   W   Y   V
    1 L    -2  -2  -3  -4  -1  -2  -3  -4  -3   2   4  -3   2   0  -3  -3  -1  -2  -1   1    0   0   0   0   0   0   0   0   0   0 100   0   0   0   0   0   0   0   0   0  0.46 0.00
    2 Q    -1   1   0   0  -3   5   2  -2   0  -3  -2   1   0  -3  -1   0  -1  -2  -1  -2    0   0   0   0   0 100   0   0   0   0   0   0   0   0   0   0   0   0   0   0  0.67 0.01
    3 D    -2  -2   1   6  -4   0   2  -1  -1  -3  -4  -1  -3  -4  -2   0  -1  -4  -3  -3    0   0   0 100   0   0   0   0   0   0   0   0   0   0   0   0   0   0   0   0  0.94 0.00
    4 A     4  -1  -2  -2   0  -1  -1   0  -2  -1  -2  -1  -1  -2  -1   1   0  -3  -2   0  100   0   0   0   0   0   0   0   0   0   0   0   0   0   0   0   0   0   0   0  0.41 0.00
    5 A     4  -1  -2  -2   0  -1  -1   0  -2  -1  -2  -1  -1  -2  -1   1   0  -3  -2   0  100   0   0   0   0   0   0   0   0   0   0   0   0   0   0   0   0   0   0   0  0.41 0.00
    6 L    -1  -2  -3  -3  -1  -2  -3  -4  -3   3   3  -3   2   0  -3  -2  -1  -2  -1   2    0   0   0   0   0   0   0   0   0  26  50   0   0   0   0   0   0   0   0  25  0.34 0.00
    7 G     0   2   0  -1  -3  -1  -1   5  -2  -4  -3   0  -2  -3  -2   0  -1  -3  -3  -3    0  26   0   0   0   0   0  74   0   0   0   0   0   0   0   0   0   0   0   0  0.71 0.00
    8 W    -2   2  -2  -3  -2  -1  -2  -3  -2  -1   0   0   2   0  -3  -2  -2   9   1  -1    0  26   0   0   0   0   0   0   0   0   0   0  25   0   0   0   0  50   0   0  0.93 0.00
    9 G     3  -2  -1  -2  -1  -1  -1   4  -2  -2  -2  -1  -2  -3  -1   0  -1  -3  -2  -1   50   0   0   0   0   0   0  50   0   0   0   0   0   0   0   0   0   0   0   0  0.52 0.00
   10 R    -1   6   0  -2  -3   1   0  -2   0  -3  -2   2  -1  -3  -2  -1  -1  -3  -2  -3    0 100   0   0   0   0   0   0   0   0   0   0   0   0   0   0   0   0   0   0  0.76 0.00
   11 R    -1   5  -1  -2  -3   1   0  -2  -1  -3  -2   2  -2  -3   4  -1  -1  -3  -2  -3    0  75   0   0   0   0   0   0   0   0   0   0   0   0  25   0   0   0   0   0  0.72 0.00
   12 C     0  -3  -3  -4   9  -3  -4  -3  -3  -1  -1  -3  -1  -2  -3  -1  -1  -2  -2  -1    0   0   0   0 100   0   0   0   0   0   0   0   0   0   0   0   0   0   0   0  1.24 0.01
   13 P    -1  -2  -2  -2  -3  -1  -1  -2  -2  -3  -3  -1  -3  -4   8  -1  -1  -4  -3  -2    0   0   0   0   0   0   0   0   0   0   0   0   0   0 100   0   0   0   0   0  2.05 0.01
   14 Q    -1   2  -1  -1  -3   2   0  -2  -1  -3  -3   1  -2  -3   6  -1  -1  -3  -2  -2    0  26   0   0   0  23   0   0   0   0   0   0   0   0  50   0   0   0   0   0  0.93 0.00
   15 C     0  -3  -3  -4   9  -3  -4  -3  -3  -1  -1  -3  -1  -2  -3  -1  -1  -2  -2  -1    0   0   0   0 100   0   0   0   0   0   0   0   0   0   0   0   0   0   0   0  1.24 0.01
   16 P    -1  -2  -2  -2  -3  -1  -1  -2  -2  -3  -3  -1  -3  -4   8  -1  -1  -4  -3  -2    0   0   0   0   0   0   0   0   0   0   0   0   0   0 100   0   0   0   0   0  2.05 0.01
   17 R     0   2   0  -1  -2   0   0  -1  -1  -3  -3   0  -2  -3   4   2   0  -3  -2  -2    0  23   0   0   0   0   0   0   0   0   0   0   0   0  26  50   0   0   0   0  0.50 0.00
   18 C     0  -3  -3  -4   9  -3  -4  -3  -3  -1  -1  -3  -1  -2  -3  -1  -1  -2  -2  -1    0   0   0   0 100   0   0   0   0   0   0   0   0   0   0   0   0   0   0   0  1.24 0.01
   19 P    -1  -2  -2  -2  -2  -2  -2  -3  -2  -1   1  -1  -1  -2   7  -1  -1  -3  -2  -1    0   0   0   0   0   0   0   0   0   0  26   0   0   0  74   0   0   0   0   0  1.31 0.00
   20 S     1   2   0  -1  -1   0   0  -1  -1  -3  -2   1  -1  -3  -1   3   1  -3  -2  -2    0  26   0   0   0   0   0   0   0   0   0   0   0   0   0  74   0   0   0   0  0.37 0.00
   21 C     0  -3  -3  -4   9  -3  -4  -3  -3  -1  -1  -3  -1  -2  -3  -1  -1  -2  -2  -1    0   0   0   0 100   0   0   0   0   0   0   0   0   0   0   0   0   0   0   0  1.24 0.01
   22 P     0  -2  -1  -1  -2  -1  -1  -2  -2  -3  -3  -1  -2  -3   7   1   0  -3  -3  -2    0   0   0   0   0   0   0   0   0   0   0   0   0   0  74  26   0   0   0   0  1.39 0.00
   23 S    -1  -2  -2  -3  -2  -1  -2  -2  -2  -3  -2  -2  -2   0  -3   1  -1  10   2  -3    0   0   0   0   0   0   0   0   0   0   0   0   0   0   0  23   0  77   0   0  1.60 0.01
   24 C     0  -3  -3  -4   9  -3  -4  -3  -3  -1  -1  -3  -1  -2  -3  -1  -1  -2  -2  -1    0   0   0   0 100   0   0   0   0   0   0   0   0   0   0   0   0   0   0   0  1.24 0.01
   25 P    -1  -2  -2  -2  -3  -1  -1  -2  -2  -3  -3  -1  -3  -4   8  -1  -1  -4  -3  -2    0   0   0   0   0   0   0   0   0   0   0   0   0   0 100   0   0   0   0   0  2.05 0.01
   26 R    -1   5  -1  -2  -3   1  -1  -2  -1  -1   0   2   2  -2  -2  -1  -1  -2  -2  -1    0  75   0   0   0   0   0   0   0   0   0   0  25   0   0   0   0   0   0   0  0.47 0.00
   27 C     0  -3  -3  -4   9  -3  -4  -3  -3  -1  -1  -3  -1  -2  -3  -1  -1  -2  -2  -1    0   0   0   0 100   0   0   0   0   0   0   0   0   0   0   0   0   0   0   0  1.24 0.01
   28 P    -1  -2  -2  -2  -2  -2  -2  -3  -2  -1   1  -1  -1  -2   7  -1  -1  -3  -2  -1    0   0   0   0   0   0   0   0   0   0  26   0   0   0  74   0   0   0   0   0  1.31 0.00
   29 R    -1   5   0  -1  -3   1   0  -2  -1  -2  -2   2  -1  -3  -2   0   2  -3  -2  -2    0  74   0   0   0   0   0   0   0   0   0   0   0   0   0   0  26   0   0   0  0.51 0.00
   30 C     0  -3  -3  -4   9  -3  -4  -3  -3  -1  -1  -3  -1  -2  -3  -1  -1  -2  -2  -1    0   0   0   0 100   0   0   0   0   0   0   0   0   0   0   0   0   0   0   0  1.24 0.01
   31 P    -1  -2  -2  -2  -3  -1  -1  -2  -2  -3  -3  -1  -3  -4   8  -1  -1  -4  -3  -2    0   0   0   0   0   0   0   0   0   0   0   0   0   0 100   0   0   0   0   0  2.05 0.01
   32 R     0   4   0  -2  -2   0  -1  -2  -1  -1   0   1   2  -2  -2   1   0  -2  -2  -1    0  50   0   0   0   0   0   0   0   0   0   0  26   0   0  25   0   0   0   0  0.28 0.00
   33 C     0  -3  -3  -4   9  -3  -4  -3  -3  -1  -1  -3  -1  -2  -3  -1  -1  -2  -2  -1    0   0   0   0 100   0   0   0   0   0   0   0   0   0   0   0   0   0   0   0  1.24 0.01
   34 K    -1   2   3   0  -3   1   1  -1   0  -3  -3   4  -2  -3  -1   0  -1  -3  -2  -2    0   0  26   0   0   0   0   0   0   0   0  74   0   0   0   0   0   0   0   0  0.44 0.00
   35 C     0  -3  -3  -4   9  -3  -4  -3  -3  -1  -1  -3  -1  -2  -3  -1  -1  -2  -2  -1    0   0   0   0 100   0   0   0   0   0   0   0   0   0   0   0   0   0   0   0  1.24 0.01
   36 N    -2   0   6   1  -3   0   0   0   1  -3  -3   0  -2  -3  -2   1   0  -4  -2  -3    0   0 100   0   0   0   0   0   0   0   0   0   0   0   0   0   0   0   0   0  0.74 0.01
   37 P    -1  -2  -2  -2  -3  -1  -1  -2  -2  -3  -3  -1  -3  -4   8  -1  -1  -4  -3  -2    0   0   0   0   0   0   0   0   0   0   0   0   0   0 100   0   0   0   0   0  2.05 0.01
   38 K    -1   2   0  -1  -3   1   1  -2  -1  -3  -3   5  -1  -3  -1   0  -1  -3  -2  -2    0   0   0   0   0   0   0   0   0   0   0 100   0   0   0   0   0   0   0   0  0.53 0.00

                      K         Lambda
Standard Ungapped    0.1468     0.3298
Standard Gapped      0.0410     0.2670
PSI Ungapped         0.1468     0.3298
PSI Gapped           0.0410     0.2670
