
Last position-specific scoring matrix computed, weighted observed percentages rounded down, information per position, and relative weight of gapless real matches to pseudocounts
           A  R  N  D  C  Q  E  G  H  I  L  K  M  F  P  S  T  W  Y  V   A   R   N   D   C   Q   E   G   H   I   L   K   M   F   P   S   T   W   Y   V
    1 S    1 -1  1  0 -1  0  0  0 -1 -2 -3  0 -2 -2 -1  4  1 -3 -2 -2    0   0   0   0   0   0   0   0   0   0   0   0   0   0   0 100   0   0   0   0  0.46 0.00
    2 V   -2 -3 -3 -4 -2 -3 -3 -3 -2  1  2 -3  1  5 -3 -2 -2  0  2  1    0   0   0   0   0   0   0   0   0   0  29   0   0  59   0   0   0   0   0  12  0.44 0.01
    3 L   -2 -2 -4 -4 -2 -2 -3 -4 -3  1  4 -3  2  0 -3 -3 -1  5  0  0    0   0   0   0   0   0   0   0   0   0  85   0   0   0   0   0   0  15   0   0  0.51 0.01
    4 S    0 -1  1  5 -2  0  1 -1 -1 -3 -3 -1 -2 -3 -1  2  0 -4 -3 -3    0   0   0  59   0   0   0   0   0   0   0   0   0   0   0  41   0   0   0   0  0.56 0.01
    5 T    0 -1 -2 -2 -1 -1 -2 -3 -2  2  1  0  0 -1 -2 -1  2 -3 -1  3    0   0   0   0   0   0   0   0   0  17   7  12   0   0   0   0  21   0   0  43  0.17 0.00
    6 I   -1 -3 -3 -3 -1 -3 -3 -4 -3  3  3 -3  1  0 -3 -2 -1 -2 -1  2    0   0   0   0   0   0   0   0   0  48  33   0   0   0   0   0   0   0   0  19  0.35 0.00
    7 T   -1  1  0 -1 -2  1  0  1 -1 -2 -2  4 -1 -3 -1  0  2 -3 -2 -2    0   0   0   0   0   0   0  10   0   0   0  67   0   0   0   0  23   0   0   0  0.33 0.01
    8 D   -2  0  3  2 -3  0  1 -1  6 -3 -3  0 -2 -2 -2  0 -1 -3  0 -3    0   0  33  10   0   0  11   0  47   0   0   0   0   0   0   0   0   0   0   0  0.53 0.01
    9 M   -1 -2 -3 -3 -1 -2 -2 -3 -3  2  1 -2  3 -1 -3 -2  0 -2 -1  3    0   0   0   0   0   0   0   0   0   9   0   0  31   0   0   0   0   0   0  60  0.29 0.01
   10 A    2 -2 -1 -2 -2 -2 -2  5 -2 -3 -3 -1 -2 -3 -2  0 -1 -3 -3 -2   31   0   0   0   0   0   0  69   0   0   0   0   0   0   0   0   0   0   0   0  0.69 0.01
   11 K    0  2  0 -1 -3  1  1 -1 -1 -3 -2  5 -1 -3 -1  0 -1 -3 -2 -2   11   0   0   0   0   0   0   0   0   0   0  89   0   0   0   0   0   0   0   0  0.46 0.01
   12 A    4 -1 -1 -2 -1 -1 -1  0 -2 -1 -2 -1 -1 -2 -1  1  1 -3 -2  0   89   0   0   0   0   0   0   0   0   0   0   0   0   0   0   0  11   0   0   0  0.38 0.01
   13 A    3 -2 -2 -2 -1 -1 -1 -1 -2  1 -1 -1  0 -2 -1  0  0 -3 -2  2   65   0   0   0   0   0   0   0   0   0   0   0   0   0   0   0   0   0   0  35  0.25 0.01
   14 G    0 -2  0 -1 -3 -2 -2  6 -2 -4 -4 -2 -3 -3 -2  0 -2 -3 -3 -3    0   0   0   0   0   0   0 100   0   0   0   0   0   0   0   0   0   0   0   0  1.07 0.01
   15 R   -1  3  0 -1 -3  1  1 -2 -1 -3 -3  4 -1 -3 -1  0 -1 -3 -2 -2    0  20   0   0   0   0   0   0   0   0   0  80   0   0   0   0   0   0   0   0  0.53 0.01
   16 A    4 -2 -2 -2  0 -1 -1  0 -2 -1 -2 -1 -1 -2 -1  1  0 -3 -2  0  100   0   0   0   0   0   0   0   0   0   0   0   0   0   0   0   0   0   0   0  0.43 0.01
   17 A    4 -2 -2 -2 -1 -1 -1  0 -2  0 -1 -1 -1 -2 -1  1  0 -3 -2  1   83   0   0   0   0   0   0   0   0   0   0   0   0   0   0   0   0   0   0  17  0.32 0.01
   18 L   -2 -2 -4 -4 -1 -2 -3 -4 -3  2  4 -3  2  0 -3 -3 -1 -2 -1  1    0   0   0   0   0   0   0   0   0   0 100   0   0   0   0   0   0   0   0   0  0.48 0.01
   19 N   -2 -1  6  1 -3  0  0 -1  1 -3 -4  0 -2 -3 -2  1  0 -4 -2 -3    0   0 100   0   0   0   0   0   0   0   0   0   0   0   0   0   0   0   0   0  0.77 0.01
   20 A    4 -1 -1 -2 -1 -1 -1  0 -2 -1 -2 -1 -1 -2 -1  2  1 -3 -2  0   83   0   0   0   0   0   0   0   0   0   0   0   0   0   0   9   8   0   0   0  0.37 0.01
   21 I    0 -3 -3 -3 -1 -2 -3 -3 -3  3  1 -2  1 -1 -3 -2  0 -3 -1  4    0   0   0   0   0   0   0   0   0  20   0   0   0   0   0   0   0   0   0  80  0.36 0.01
   22 T    0 -1  3  0 -1 -1 -1 -1 -1 -1 -2 -1 -1 -2 -1  1  4 -3 -2 -1    0   0  22   0   0   0   0   0   0   0   0   0   0   0   0   0  78   0   0   0  0.42 0.01
   23 G   -1 -1  0  4 -3  0  3  3 -1 -3 -4  0 -3 -3 -2  0 -1 -3 -3 -3    0   0   0  39   0   0  31  31   0   0   0   0   0   0   0   0   0   0   0   0  0.54 0.01
   24 L   -1 -2 -3 -3 -2 -1 -2 -3 -2  1  3 -2  5  0 -3 -2 -1 -2 -1  1    0   0   0   0   0   0   0   0   0   0  27   0  73   0   0   0   0   0   0   0  0.37 0.01
   25 V    0 -3 -3 -3 -1 -2 -3 -3 -3  3  1 -2  1 -1 -2 -2  0 -3 -1  4    0   0   0   0   0   0   0   0   0   0   0   0   0   0   0   0   0   0   0 100  0.37 0.01
   26 N   -2 -1  6  1 -3  0  0 -1  1 -3 -4  0 -2 -3 -2  1  0 -4 -2 -3    0   0 100   0   0   0   0   0   0   0   0   0   0   0   0   0   0   0   0   0  0.77 0.01
   27 Q   -1  1  0  0 -3  5  2 -2  0 -3 -2  2 -1 -3 -1  0 -1 -2 -2 -2    0   0   0   0   0  91   0   0   0   0   0   9   0   0   0   0   0   0   0   0  0.65 0.01
   28 G    1 -2 -1 -1 -2 -2 -2  5 -2 -3 -3 -1 -2 -3  2  0 -1 -3 -3 -3   13   0   0   0   0   0   0  78   0   0   0   0   0   0   9   0   0   0   0   0  0.79 0.01
   29 E   -1  0  0  1 -4  2  5 -2  0 -3 -3  1 -2 -3 -1  0 -1 -3 -2 -3    0   0   0   0   0   0 100   0   0   0   0   0   0   0   0   0   0   0   0   0  0.77 0.01
   30 Q   -1  1  0  0 -3  6  2 -2  0 -3 -2  1 -1 -3 -1  0 -1 -2 -2 -2    0   0   0   0   0 100   0   0   0   0   0   0   0   0   0   0   0   0   0   0  0.70 0.02

                      K         Lambda
Standard Ungapped    0.1214     0.3093
Standard Gapped      0.0404     0.2670
PSI Ungapped         0.1320     0.3196
PSI Gapped           0.0404     0.2670
