
Last position-specific scoring matrix computed, weighted observed percentages rounded down, information per position, and relative weight of gapless real matches to pseudocounts
           A  R  N  D  C  Q  E  G  H  I  L  K  M  F  P  S  T  W  Y  V   A   R   N   D   C   Q   E   G   H   I   L   K   M   F   P   S   T   W   Y   V
    1 G    1 -2 -1 -1 -2 -2 -2  6 -2 -4 -3 -2 -3 -3 -2  0 -1 -3 -3 -3   10   0   0   0   0   0   0  90   0   0   0   0   0   0   0   0   0   0   0   0  0.92 0.01
    2 L   -2 -3 -3 -4 -2 -3 -3 -4 -2  1  3 -3  1  4 -3 -3 -2  0  1  0    0   0   0   0   0   0   0   0   0   0  55   0   0  45   0   0   0   0   0   0  0.44 0.02
    3 W   -2 -3 -4 -4 -2 -2 -3 -3 -3  0  3 -3  1  1 -3 -3 -2  9  1  0    0   0   0   0   0   0   0   0   0   0  56   0   0   0   0   0   0  44   0   0  0.95 0.02
    4 S    0 -1  1  4 -2  0  1 -1 -1 -3 -3 -1 -2 -3 -1  3  0 -4 -2 -2    0   0   0  52   0   0   0   0   0   0   0   0   0   0   0  48   0   0   0   0  0.53 0.02
    5 K   -1  0 -2 -2 -2 -1 -1 -3 -2  2  0  2  0 -1 -2 -1  1 -3 -2  2    0   0   0   0   0   0   0   0   0  12   5  31   0   0   0   0  11   0   0  40  0.14 0.01
    6 I   -1 -3 -3 -3 -1 -3 -3 -4 -3  4  2 -3  1  0 -3 -2 -1 -2 -1  2    0   0   0   0   0   0   0   0   0  61  26   0   0   0   0   0   0   0   0  12  0.37 0.01
    7 K   -1  2  0 -1 -3  1  0  1 -1 -3 -3  4 -2 -3 -1  0  0 -3 -2 -2    0   0   0   0   0   0   0  11   0   0   0  81   0   0   0   0   9   0   0   0  0.42 0.02
    8 E   -2  0  3  2 -3  1  2 -2  6 -3 -3  0 -2 -2 -2  0 -1 -3  0 -3    0   0  26   8   0   0  22   0  43   0   0   0   0   0   0   0   0   0   0   0  0.52 0.02
    9 A    1 -2 -3 -3 -1 -2 -2 -2 -3  2  1 -2  2 -1 -2 -1  0 -3 -1  3   24   0   0   0   0   0   0   0   0   7   0   0  17   0   0   0   0   0   0  52  0.21 0.01
   10 A    2 -2 -1 -1 -1 -1 -1  4 -2 -2 -2 -1 -2 -2 -1  0 -1 -2 -2 -1   42   1   1   1   0   1   1  46   0   1   1   1   0   1   1   1   1   0   0   1  0.43 0.01
   11 K    0  2  0 -1 -2  1  1 -1 -1 -2 -2  4 -1 -3 -1  0 -1 -2 -2 -2    7   1   1   1   0   1   1   1   0   1   1  81   0   1   1   1   1   0   0   1  0.39 0.02
   12 A    3 -1 -1 -1 -1 -1 -1  0 -1 -1 -1 -1 -1 -2 -1  1  2 -2 -2  0   62   1   1   1   0   1   1   1   0   1   1   1   0   1   1   1  27   0   0   1  0.27 0.01
   13 A    3 -1 -2 -2 -1 -1 -1  0 -2  0 -1 -1  0 -2 -1  1  0 -2 -1  1   65   1   1   1   0   1   1   1   0   1   1   1   0   1   1   1   1   0   0  23  0.22 0.01
   14 G    0 -2 -1 -1 -3 -2 -2  6 -2 -4 -4 -2 -3 -3 -2  0 -2 -3 -3 -3    0   0   0   0   0   0   0 100   0   0   0   0   0   0   0   0   0   0   0   0  1.09 0.03
   15 K   -1  3  0 -1 -3  1  1 -2 -1 -3 -3  5 -1 -3 -1  0 -1 -3 -2 -2    0  11   0   0   0   0   0   0   0   0   0  89   0   0   0   0   0   0   0   0  0.56 0.03
   16 A    4 -2 -2 -2 -1 -1 -1  0 -2 -1 -1 -1  1 -2 -1  1  0 -3 -2  0   89   0   0   0   0   0   0   0   0   0   0   0  11   0   0   0   0   0   0   0  0.36 0.02
   17 A    4 -2 -2 -2 -1 -1 -1  0 -2 -1 -1 -1 -1 -2 -1  1  0 -3 -2  1   88   0   0   0   0   0   0   0   0   0   0   0   0   0   0   0   0   0   0  12  0.36 0.02
   18 L   -2 -2 -3 -4 -1 -2 -3 -4 -3  1  4 -2  3  0 -3 -2 -1 -2 -1  1    0   0   0   0   0   0   0   0   0   0  89   0  11   0   0   0   0   0   0   0  0.46 0.02
   19 N   -1 -1  5  1 -3 -1 -1  3  0 -4 -4 -1 -2 -3 -2  0 -1 -3 -3 -3    0   0  67   0   0   0   0  33   0   0   0   0   0   0   0   0   0   0   0   0  0.63 0.02
   20 A    3 -2 -2 -2 -1 -1 -1 -1 -2  0 -1 -1 -1  2 -1  1  0 -2  0  1   55   0   0   0   0   0   0   0   0   0   0   0   0  20   0   7   6   0   0  14  0.19 0.01
   21 V    0 -3 -3 -3 -1 -2 -3 -3 -3  3  1 -2  1 -1 -3 -2  0 -3 -1  4    0   0   0   0   0   0   0   0   0  11   0   0   0   0   0   0   0   0   0  89  0.39 0.02
   22 T   -1 -1  3  0 -1 -1 -1 -1 -1 -1 -2 -1 -1 -3 -1  1  4 -3 -2 -1    0   0  34   0   0   0   0   0   0   0   0   0   0   0   0   0  66   0   0   0  0.43 0.02
   23 G   -1 -1  0  4 -3  0  3  2  3 -3 -3  0 -3 -3 -2  0 -1 -3 -2 -3    0   0   0  37   0   0  28  21  14   0   0   0   0   0   0   0   0   0   0   0  0.47 0.01
   24 L   -1 -2 -3 -3 -2 -1 -2 -3 -2  1  3 -2  5  0 -3 -2 -1 -2 -1  1    0   0   0   0   0   0   0   0   0   0  33   0  67   0   0   0   0   0   0   0  0.40 0.03
   25 V    0 -3 -3 -3 -1 -2 -3 -3 -3  3  1 -2  1 -1 -3 -2  0 -3 -1  4    0   0   0   0   0   0   0   0   0  14   0   0   0   0   0   0   0   0   0  86  0.38 0.02
   26 N   -1 -1  5  1 -3  0 -1  2  0 -4 -4 -1 -2 -3 -2  0  0 -4 -2 -3    0   0  80   0   0   0   0  20   0   0   0   0   0   0   0   0   0   0   0   0  0.66 0.03
   27 Q   -1  1  0  0 -3  5  3 -2  0 -3 -2  1 -1 -3 -1  0 -1 -2 -2 -2    0   0   0   0   0  75  20   0   0   0   0   5   0   0   0   0   0   0   0   0  0.63 0.03
   28 G    1 -2 -1 -1 -2 -2 -2  5 -2 -3 -3 -1 -3 -3  1  0 -1 -3 -3 -3   11   0   0   0   0   0   0  81   0   0   0   0   0   0   8   0   0   0   0   0  0.83 0.01
   29 D   -1  0  0  2 -4  2  5 -2  0 -3 -3  1 -2 -3 -1  0 -1 -3 -2 -3    0   0   0   8   0   0  92   0   0   0   0   0   0   0   0   0   0   0   0   0  0.73 0.02
   30 Q   -1  1  0  0 -3  6  2 -2  0 -3 -2  1 -1 -3 -1  0 -1 -2 -2 -2    0   0   0   0   0 100   0   0   0   0   0   0   0   0   0   0   0   0   0   0  0.71 0.03
   31 P   -1  0 -1 -1 -3  4  1 -2 -1 -3 -3  0 -1 -3  6  0 -1 -3 -2 -2    0   0   0   0   0  50   0   0   0   0   0   0   0   0  50   0   0   0   0   0  0.97 0.00
   32 S    1 -1  1  0 -1  0  0  0 -1 -2 -3  0 -2 -2 -1  4  1 -3 -2 -2    0   0   0   0   0   0   0   0   0   0   0   0   0   0   0 100   0   0   0   0  0.46 0.00

                      K         Lambda
Standard Ungapped    0.1220     0.3055
Standard Gapped      0.0392     0.2670
PSI Ungapped         0.1281     0.3186
PSI Gapped           0.0392     0.2670
