
Last position-specific scoring matrix computed, weighted observed percentages rounded down, information per position, and relative weight of gapless real matches to pseudocounts
           A  R  N  D  C  Q  E  G  H  I  L  K  M  F  P  S  T  W  Y  V   A   R   N   D   C   Q   E   G   H   I   L   K   M   F   P   S   T   W   Y   V
    1 T    0 -1  0 -1 -1 -1 -1 -1 -1 -1 -2 -1 -1 -2 -1  3  4 -3 -2 -1    0   0   0   0   0   0   0   0   0   0   0   0   0   0   0  39  61   0   0   0  0.43 0.02
    2 Y   -2 -2 -2 -3 -3 -2 -2 -3  1 -1 -1 -2 -1  3 -3 -2 -2  2  7 -1    0   0   0   0   0   0   0   0   0   0   0   0   0   0   0   0   0   0 100   0  1.00 0.04
    3 M   -1 -2 -2 -3 -1 -2 -2 -3 -2  2  2 -2  3  0 -2 -1  1 -2 -1  1    0   0   0   0   0   0   0   0   0  22  39   0  19   0   0   0  20   0   0   0  0.25 0.01
    4 P    1 -2 -2 -2 -2 -1 -1 -2 -2 -2 -3 -1 -2 -3  7  0 -1 -3 -3 -2   20   0   0   0   0   0   0   0   0   0   0   0   0   0  80   0   0   0   0   0  1.56 0.03
    5 V    0 -1 -1 -2 -1 -1 -1 -2 -2  1  1 -1  0 -1 -2  1  3 -2 -1  1    0   0   0   0   0   0   0   0   0   0  22   0   0   0   0  20  39   0   0  19  0.19 0.01
    6 E   -1 -1  0  2  4  2  3 -2 -1 -3 -2  0 -2 -3 -2  0 -1 -3 -2 -2    0   0   0  20  22  20  38   0   0   0   0   0   0   0   0   0   0   0   0   0  0.47 0.02
    7 E   -1 -1 -1  0 -3  0  3 -2 -1 -3 -3  0 -2 -3  6 -1 -1 -3 -3 -2    0   0   0   0   0   0  40   0   0   0   0   0   0   0  60   0   0   0   0   0  1.20 0.02
    8 G    0 -2 -1 -1 -3 -2 -2  6 -2 -4 -4 -2 -3 -3 -2  0 -2 -3 -3 -3    0   0   0   0   0   0   0 100   0   0   0   0   0   0   0   0   0   0   0   0  1.10 0.02
    9 E    1 -1 -1  0 -2  1  4 -1 -1 -3 -2  0 -2 -3  3  0 -1 -3 -2 -2   22   0   0   0   0   0  58   0   0   0   0   0   0   0  20   0   0   0   0   0  0.55 0.02
   10 Y   -2 -2 -2 -3 -3 -2 -2 -3  1 -1 -1 -2 -1  3 -3 -2 -2  2  7 -1    0   0   0   0   0   0   0   0   0   0   0   0   0   0   0   0   0   0 100   0  1.00 0.04
   11 I   -1 -2 -1  2 -1 -1 -1 -2 -2  2  0 -1  0 -1 -2  0  3 -3 -2  1    0   0   0  20   0   0   0   0   0  40   0   0   0   0   0   0  40   0   0   0  0.20 0.01
   12 V   -1 -3 -3 -3 -1 -2 -3 -3 -3  3  1 -2  1 -1 -3 -2  0 -3 -1  3    0   0   0   0   0   0   0   0   0  39   0   0   0   0   0   0   0   0   0  61  0.38 0.02
   13 N    0 -1  3  0 -1  0 -1 -1 -1 -2 -2  0 -1 -2 -1  2  3 -3 -2 -1    0   0  38   0   0   0   0   0   0   0   0   0   0   0   0  20  42   0   0   0  0.40 0.02
   14 I   -1 -3 -3 -3 -1 -3 -3 -4 -3  4  1 -3  1  0 -3 -2 -1 -3 -1  3    0   0   0   0   0   0   0   0   0  80   0   0   0   0   0   0   0   0   0  20  0.41 0.02
   15 S   -1  3  0 -1 -2  0  0 -2 -1 -1  0  3  0 -2 -1  1  0 -3 -2 -1    0  20   0   0   0   0   0   0   0   0  19  42   0   0   0  19   0   0   0   0  0.24 0.01
   16 Y   -2 -2 -2 -3 -2 -2 -2 -3  1 -1 -1 -2 -1  5 -3 -2 -2  2  6 -1    0   0   0   0   0   0   0   0   0   0   0   0   0  39   0   0   0   0  61   0  0.79 0.03
   17 A    3 -2 -1 -2 -1 -1 -1  2 -2 -2 -2 -1 -1 -2 -1  1  0 -3 -2 -1   78   0   0   0   0   0   0  22   0   0   0   0   0   0   0   0   0   0   0   0  0.42 0.02
   18 D   -1 -1  1  5 -3  0  2  2 -1 -3 -3 -1 -3 -3 -2  0 -1 -3 -3 -3    0   0   0  60   0   0  19  22   0   0   0   0   0   0   0   0   0   0   0   0  0.63 0.02
   19 Q    1  1  0  0 -2  4  2 -1  0 -2 -2  2 -1 -3 -1  0 -1 -2 -2 -2   19   0   0   0   0  41  20   0   0   0   0  20   0   0   0   0   0   0   0   0  0.40 0.01
   20 P   -1 -1 -1 -1 -3  0  2 -2  5 -3 -3 -1 -2 -2  5 -1 -1 -3  0 -3    0   0   0   0   0   0  20   0  39   0   0   0   0   0  41   0   0   0   0   0  0.85 0.02
   21 K   -1 -1 -2 -2 -1 -1 -2 -3 -3  3  1  1  1 -1 -2 -2 -1 -3 -1  2    0   0   0   0   0   0   0   0   0  59   0  19   0   0   0   0   0   0   0  22  0.23 0.01
   22 K   -1 -1 -2 -1 -3 -1 -1 -2 -2 -3 -3  1 -2 -4  7 -1 -1 -4 -3 -2    0   0   0   0   0   0   0   0   0   0   0  19   0   0  81   0   0   0   0   0  1.58 0.03
   23 N   -1  2  4  0 -3  0 -1  3  0 -3 -3  0 -2 -3 -2  0 -1 -3 -2 -3    0  20  41   0   0   0   0  39   0   0   0   0   0   0   0   0   0   0   0   0  0.49 0.02
   24 S    1 -1  0  0 -1  0  0  0 -1 -2 -2  0 -1 -2 -1  4  1 -2 -1 -1    2   1   1   1   0   1   1   2   0   1   2   1   0   1   1  80   1   0   1   1  0.34 0.02
   25 P   -1 -2 -1 -1 -2 -1 -1 -2 -2 -2 -2 -1 -2 -2  7 -1 -1 -2 -2 -2    2   1   1   1   0   1   1   2   0   1   2   1   0   1  79   2   1   0   1   1  1.46 0.02
   26 F   -2 -3 -3 -4 -2 -3 -3 -3 -1  0  0 -3  0  6 -4 -2 -2  1  3 -1    0   0   0   0   0   0   0   0   0   0   0   0   0 100   0   0   0   0   0   0  0.85 0.03
   27 T    0  1  0 -1 -2  0  0 -1 -1 -2 -2  3 -1 -2  3  0  1 -2 -2 -1    2   1   1   1   0   1   1   1   0   1   2  40   0   1  23   1  20   0   1   1  0.37 0.01
   28 A    2 -1 -1 -1 -1 -1 -1  0 -1  0 -1 -1  0 -1 -1  2  0 -2 -1  1   39   1   1   1   0   1   1   1   0   1   2   1   0   1   1  23   1   0   1  22  0.15 0.01
   29 K   -1  3  0 -1 -3  1  0 -2 -1 -2 -2  4 -1 -3 -1  0  1 -3 -2 -2    0  20   0   0   0   0   0   0   0   0   0  61   0   0   0   0  19   0   0   0  0.42 0.02
   30 K   -1 -1 -2 -3 -1 -1 -2 -3 -2  2  2  1  1 -1 -2 -2 -1 -2 -1  2    0   0   0   0   0   0   0   0   0  19  22  19   0   0   0   0   0   0   0  40  0.19 0.01
   31 Q   -1  0 -1 -1 -2  4  1 -2 -1  0  2  0  1 -1 -2 -1 -1 -2 -1 -1    0   0   0   0   0  60   0   0   0   0  40   0   0   0   0   0   0   0   0   0  0.32 0.02
   32 P    0 -1 -1 -1 -1 -1 -1 -1 -1  1  0 -1  0 -1  3 -1  0 -1 -1  2    3   2   2   2   1   2   2   3   1   2   3   2   1   1  21   3   2   1   1  44  0.22 0.01
   33 G    0  0  0  1 -2  1  3  2  0 -2 -2  0 -1 -2 -1  0 -1 -1 -1 -1    3   2   2   2   1   2  44  22   1   2   3   2   1   1   2   3   2   1   1   2  0.25 0.01
   34 P   -1 -2 -2 -1 -3  0  1 -2 -2 -3 -3 -1 -2 -4  7 -1 -1 -3 -3 -2    0   0   0   0   0   0  20   0   0   0   0   0   0   0  80   0   0   0   0   0  1.59 0.03
   35 K    1  0 -1 -1 -1  0 -1 -1 -2  0 -1  1 -1 -2 -1  1  3 -3 -2  1   22   0   0   0   0   0   0   0   0   0   0  19   0   0   0   0  40   0   0  19  0.19 0.01
   36 V   -1 -2 -3 -3 -1 -2 -2 -3 -1  2  0 -2  0  3 -3 -2 -1  0  3  3    0   0   0   0   0   0   0   0   0   0   0   0   0  19   0   0   0   0  20  61  0.31 0.02
   37 D   -2 -2  1  6 -3  0  1 -1 -1 -3 -4 -1 -3 -4 -2  0 -1 -4 -3 -3    0   0   0 100   0   0   0   0   0   0   0   0   0   0   0   0   0   0   0   0  1.01 0.03
   38 L    1 -2 -2 -2 -1 -1 -1 -2 -2 -1  0 -1  0 -2  5  0  1 -3 -2 -1   20   0   0   0   0   0   0   0   0   0  19   0   0   0  39   0  22   0   0   0  0.57 0.01
   39 S    1 -1  0  0 -1  0  0  0 -1 -2 -3  0 -2 -2 -1  4  1 -3 -2 -2    0   0   0   0   0   0   0   0   0   0   0   0   0   0   0 100   0   0   0   0  0.52 0.03
   40 G    0  1  0 -1 -3  0  0  3 -1 -3 -3  3 -2 -3 -1  0 -1 -3 -2 -3    0   0   0   0   0   0   0  41   0   0   0  59   0   0   0   0   0   0   0   0  0.48 0.02
   41 V    0 -3 -3 -3 -1 -2 -2 -3 -3  2  1 -2  1 -1 -2 -2  0 -3 -1  4    0   0   0   0   0   0   0   0   0   0   0   0   0   0   0   0   0   0   0 100  0.41 0.03
   42 K   -1  3  0 -1 -2  3  1 -2 -1 -2 -2  3 -1 -3 -1  0  1 -3 -2 -2    0  19   0   0   0  22   0   0   0   0   0  39   0   0   0   0  20   0   0   0  0.38 0.01
   43 A    3 -2 -2 -2  5 -1 -2 -1 -2  0 -1 -1 -1 -2 -1  0  0 -3 -2  1   58   0   0   0  22   0   0   0   0   0   0   0   0   0   0   0   0   0   0  20  0.32 0.02
   44 Y    0 -1 -1 -2 -2 -1 -1 -2  1 -2 -2 -1 -1  2 -2  2  0  1  5 -1    0   0   0   0   0   0   0   0   0   0   0   0   0   0   0  39   0   0  61   0  0.49 0.02
   45 G    0 -2 -1 -1 -3 -2 -2  6 -2 -4 -4 -2 -3 -3 -2  0 -2 -3 -3 -3    0   0   0   0   0   0   0 100   0   0   0   0   0   0   0   0   0   0   0   0  1.10 0.02
   46 P   -1 -2 -2 -2 -3 -1 -1 -2 -2 -3 -3 -1 -3 -4  7 -1 -1 -4 -3 -2    0   0   0   0   0   0   0   0   0   0   0   0   0   0 100   0   0   0   0   0  2.11 0.03
   47 G    0 -2 -1 -1 -3 -2 -2  6 -2 -4 -4 -2 -3 -3 -2  0 -2 -3 -3 -3    0   0   0   0   0   0   0 100   0   0   0   0   0   0   0   0   0   0   0   0  1.10 0.02

                      K         Lambda
Standard Ungapped    0.1327     0.3075
Standard Gapped      0.0381     0.2670
PSI Ungapped         0.1245     0.3238
PSI Gapped           0.0381     0.2670
