
Last position-specific scoring matrix computed, weighted observed percentages rounded down, information per position, and relative weight of gapless real matches to pseudocounts
            A   R   N   D   C   Q   E   G   H   I   L   K   M   F   P   S   T   W   Y   V   A   R   N   D   C   Q   E   G   H   I   L   K   M   F   P   S   T   W   Y   V
    1 V    -1  -3  -4  -4  -1  -3  -3  -4  -3   3   2  -3   1   0  -3  -2   0  -3  -1   4    0   0   0   0   0   0   0   0   0   0  32   0   0   0   0   0   0   0   0  68  0.32 0.00
    2 T     0  -2  -1  -2  -1  -1  -2  -2  -2   1  -1  -1   0  -2  -2   1   4  -3  -2   2    0   0   0   0   0   0   0   0   0   0   0   0   0   0   0   0  68   0   0  32  0.31 0.01
    3 C    -1  -4  -3  -4  10  -3  -4  -3  -4  -1  -2  -4  -2  -3  -3  -1  -1  -3  -3  -1    0   0   0   0 100   0   0   0   0   0   0   0   0   0   0   0   0   0   0   0  1.27 0.01
    4 F    -2  -3  -3  -4  -3  -3  -3  -4   0  -1   0  -3   0   6  -4  -2  -2   2   5  -1    0   0   0   0   0   0   0   0   0   0   0   0   0  68   0   0   0   0  32   0  0.70 0.01
    5 C    -1  -4  -3  -4  10  -3  -4  -3  -4  -1  -2  -4  -2  -3  -3  -1  -1  -3  -3  -1    0   0   0   0 100   0   0   0   0   0   0   0   0   0   0   0   0   0   0   0  1.27 0.01
    6 K    -1   6   0  -2  -4   1   0  -2   0  -3  -3   3  -2  -3  -2  -1  -1  -3  -2  -3    0  73   0   0   0   0   0   0   0   0   0  27   0   0   0   0   0   0   0   0  0.64 0.01
    7 R     0   5   0  -1  -3   1   0  -2  -1  -3  -3   2  -2  -3  -2   2   0  -3  -2  -3    0  68   0   0   0   0   0   0   0   0   0   0   0   0   0  32   0   0   0   0  0.49 0.01
    8 P    -1   5  -1  -2  -4   1   0  -3  -1  -3  -3   2  -2  -3   4  -1  -1  -3  -2  -3    0  73   0   0   0   0   0   0   0   0   0   0   0   0  27   0   0   0   0   0  0.75 0.01
    9 V     0  -3  -1  -2  -2  -2  -3   5  -3  -1  -2  -2  -2  -3  -3  -1  -1  -3  -3   1    0   0   0   0   0   0   0  73   0   0   0   0   0   0   0   0   0   0   0  27  0.59 0.00
   10 C    -1  -4  -3  -4  10  -3  -4  -3  -4  -1  -2  -4  -2  -3  -3  -1  -1  -3  -3  -1    0   0   0   0 100   0   0   0   0   0   0   0   0   0   0   0   0   0   0   0  1.27 0.01
   11 D     2   0   0   3  -2   0   1  -1  -1  -2  -3   2  -2  -3  -1   0  -1  -4  -2  -2   41   0   0  27   0   0   0   0   0   0   0  32   0   0   0   0   0   0   0   0  0.27 0.00
   12 S     1  -1   0  -1  -2  -1  -1   3  -1  -3  -3  -1  -2  -3  -1   4   1  -3  -2  -2    0   0   0   0   0   0   0  32   0   0   0   0   0   0   0  68   0   0   0   0  0.45 0.01
   13 G    -1   5  -1  -2  -4   0  -1   3  -1  -4  -3   2  -2  -3  -2  -1  -1  -3  -2  -3    0  73   0   0   0   0   0  27   0   0   0   0   0   0   0   0   0   0   0   0  0.56 0.01
   14 E    -1   0   0   2  -4   2   6  -2   0  -4  -3   1  -2  -4  -1   0  -1  -3  -2  -3    0   0   0   0   0   0 100   0   0   0   0   0   0   0   0   0   0   0   0   0  0.75 0.01
   15 T    -1   5   0  -2  -3   1   0  -2  -1  -3  -2   2  -1  -3  -2   0   2  -3  -2  -2    0  73   0   0   0   0   0   0   0   0   0   0   0   0   0   0  27   0   0   0  0.51 0.01
   16 Q    -1  -1  -1  -2  -2   3   0  -3   4   0   2  -1   4  -1  -2  -1  -1  -2   0   0    0   0   0   0   0  27   0   0  20   0  21   0  32   0   0   0   0   0   0   0  0.21 0.00
   17 I    -2  -2   3  -1  -2  -2  -2  -3  -2   4   1  -2   0  -1  -3  -1  -1  -3  -2   2    0   0  32   0   0   0   0   0   0  68   0   0   0   0   0   0   0   0   0   0  0.20 0.01
   18 G     0  -3  -1  -2  -3  -2  -2   6  -2  -4  -4  -2  -3  -4  -2   0  -2  -3  -4  -4    0   0   0   0   0   0   0 100   0   0   0   0   0   0   0   0   0   0   0   0  1.06 0.01
   19 Y    -1  -2  -2  -3  -2  -1  -2  -3   1  -1  -1  -2  -1   2  -3   0   2   1   7  -1    0   0   0   0   0   0   0   0   0   0   0   0   0   0   0   0  32   0  68   0  0.52 0.01
   20 C    -1  -4  -3  -4  10  -3  -4  -3  -4  -1  -2  -4  -2  -3  -3  -1  -1  -3  -3  -1    0   0   0   0 100   0   0   0   0   0   0   0   0   0   0   0   0   0   0   0  1.27 0.01
   21 R    -2   6  -1  -2  -4   1   0  -3   0  -3  -3   2  -2  -3  -2  -1  -1  -3  -2  -3    0 100   0   0   0   0   0   0   0   0   0   0   0   0   0   0   0   0   0   0  0.77 0.01
   22 L    -2   0  -2  -3  -3  -1  -1  -3  -2   0   2   2   0   4  -3  -2  -2  -1   1  -1    0   0   0   0   0   0   0   0   0   0  27  32   0  41   0   0   0   0   0   0  0.22 0.00
   23 G     0  -3  -1  -2  -3  -2  -2   6  -2  -4  -4  -2  -3  -4  -2   0  -2  -3  -4  -4    0   0   0   0   0   0   0 100   0   0   0   0   0   0   0   0   0   0   0   0  1.06 0.01
   24 N    -2   0   6   1  -3   0   0  -1   5  -4  -4   0  -2  -3  -2   0  -1  -4   0  -3    0   0  68   0   0   0   0   0  32   0   0   0   0   0   0   0   0   0   0   0  0.60 0.01
   25 T    -1  -2  -1  -2  -1  -1  -2  -2  -2   0   2  -1   1  -1  -2   1   4  -3  -2   0    0   0   0   0   0   0   0   0   0   0  32   0   0   0   0   0  68   0   0   0  0.29 0.01
   26 F    -2  -3  -4  -4  -2  -3  -4  -4  -3   3   3  -3   1   4  -3  -3  -1  -1   1   2    0   0   0   0   0   0   0   0   0  41  32   0   0  27   0   0   0   0   0   0  0.33 0.00
   27 Y    -2  -2  -2  -4  -3  -2  -2  -4   2  -2  -1  -2  -1   3  -3  -2  -2   2   8  -1    0   0   0   0   0   0   0   0   0   0   0   0   0   0   0   0   0   0 100   0  0.90 0.01
   28 R    -1   4  -1  -2  -3   0  -1   2  -1  -1   0   1   3  -2  -3  -1  -1  -3  -2  -1    0  47   0   0   0   0   0  21   0   0   0   0  32   0   0   0   0   0   0   0  0.27 0.00
   29 L    -2  -3  -4  -4  -2  -2  -3  -4  -3   2   4  -3   2   0  -3  -3  -1  -2  -1   1    0   0   0   0   0   0   0   0   0   0 100   0   0   0   0   0   0   0   0   0  0.47 0.01
   30 C    -1  -4  -3  -4  10  -3  -4  -3  -4  -1  -2  -4  -2  -3  -3  -1  -1  -3  -3  -1    0   0   0   0 100   0   0   0   0   0   0   0   0   0   0   0   0   0   0   0  1.27 0.01
   31 C    -1  -4  -3  -4  10  -3  -4  -3  -4  -1  -2  -4  -2  -3  -3  -1  -1  -3  -3  -1    0   0   0   0 100   0   0   0   0   0   0   0   0   0   0   0   0   0   0   0  1.27 0.01
   32 R    -2   6  -1  -2  -4   1   0  -3   0  -3  -3   2  -2  -3  -2  -1  -1  -3  -2  -3    0 100   0   0   0   0   0   0   0   0   0   0   0   0   0   0   0   0   0   0  0.77 0.01
   33 Q    -1   5   0  -1  -4   4   1  -2   0  -3  -2   2  -1  -3  -2  -1  -1  -3  -2  -3    0  62   0   0   0  38   0   0   0   0   0   0   0   0   0   0   0   0   0   0  0.58 0.00

                      K         Lambda
Standard Ungapped    0.1474     0.3353
Standard Gapped      0.0470     0.2670
PSI Ungapped         0.1534     0.3309
PSI Gapped           0.0470     0.2670
