
Last position-specific scoring matrix computed, weighted observed percentages rounded down, information per position, and relative weight of gapless real matches to pseudocounts
            A   R   N   D   C   Q   E   G   H   I   L   K   M   F   P   S   T   W   Y   V   A   R   N   D   C   Q   E   G   H   I   L   K   M   F   P   S   T   W   Y   V
    1 A     4  -2  -2  -2   0  -1  -1   0  -2  -1  -2  -1  -1  -2  -1   1   0  -3  -2   0  100   0   0   0   0   0   0   0   0   0   0   0   0   0   0   0   0   0   0   0  0.40 0.00
    2 V     0  -3  -3  -3  -1  -2  -3  -3  -3   3   1  -2   1  -1  -3  -2   0  -3  -1   4    0   0   0   0   0   0   0   0   0   0   0   0   0   0   0   0   0   0   0 100  0.34 0.00
    3 P    -1  -2  -2  -2  -3  -1  -1  -2  -2  -3  -3  -1  -3  -4   8  -1  -1  -4  -3  -3    0   0   0   0   0   0   0   0   0   0   0   0   0   0 100   0   0   0   0   0  2.04 0.00
    4 L    -2  -2  -4  -4  -1  -2  -3  -4  -3   2   4  -3   2   0  -3  -3  -1  -2  -1   1    0   0   0   0   0   0   0   0   0   0 100   0   0   0   0   0   0   0   0   0  0.46 0.00
    5 A     4  -1  -1  -1   0  -1  -1   0  -1  -1  -1  -1  -1  -2   0   1   0  -2  -1   0   74   1   1   2   1   1   2   2   1   1   3   2   1   1   1   2   2   0   1   2  0.24 0.00
    6 V    -1  -3  -3  -3  -1  -3  -3  -4  -4   4   1  -3   1  -1  -3  -2   0  -3  -1   3    0   0   0   0   0   0   0   0   0  58   0   0   0   0   0   0   0   0   0  42  0.36 0.01
    7 P    -1  -2  -2  -2  -3  -1  -1  -2  -2  -3  -3  -1  -3  -4   8  -1  -1  -4  -3  -3    0   0   0   0   0   0   0   0   0   0   0   0   0   0 100   0   0   0   0   0  2.07 0.01
    8 L     1  -2  -3  -3  -1  -2  -2  -2  -3   2   3  -2   1   0  -2  -1  -1  -2  -1   1   29   0   0   0   0   0   0   0   0  29  42   0   0   0   0   0   0   0   0   0  0.21 0.00
    9 V     2  -2  -3  -3  -1  -2  -2  -2  -3   3   1  -2   0  -1  -2  -1   0  -3  -2   3   29   0   0   0   0   0   0   0   0  29   0   0   0   0   0   0   0   0   0  42  0.22 0.00
   10 Y    -2  -2  -2  -3  -3  -2  -2  -3   2  -2  -1  -2  -1   3  -3  -2  -2   2   7  -1    0   0   0   0   0   0   0   0   0   0   0   0   0   0   0   0   0   0 100   0  0.92 0.01
   11 M    -1  -3  -3  -4  -1  -2  -3  -3  -3   3   1  -3   3   0  -3  -2  -1   7   0   2    0   0   0   0   0   0   0   0   0  29   0   0  21   0   0   0   0  21   0  29  0.43 0.01
   12 G     0  -3  -1  -1  -3  -2  -2   6  -2  -4  -4  -2  -3  -3  -2   0  -2  -3  -3  -3    0   0   0   0   0   0   0 100   0   0   0   0   0   0   0   0   0   0   0   0  1.07 0.01
   13 A     4  -2  -2  -2  -1  -1  -1  -1  -2   0   0  -1   3  -2  -1   1   0  -2  -2   0   71   0   0   0   0   0   0   0   0   0   0   0  29   0   0   0   0   0   0   0  0.26 0.01
   14 S     2  -1   0  -1  -1  -1  -1  -1  -1  -2  -2  -1  -1  -2  -1   3   3  -3  -2  -1   29   0   0   0   0   0   0   0   0   0   0   0   0   0   0  42  29   0   0   0  0.33 0.00
   15 V     0  -3  -3  -3  -1  -2  -3  -3  -3   3   1  -3   1  -1  -3  -2   0  -3  -1   4    0   0   0   0   0   0   0   0   0   0   0   0   0   0   0   0   0   0   0 100  0.37 0.01
   16 S     2  -1   0  -1  -1  -1  -1   3  -2  -3  -3  -1  -2  -3  -1   3   0  -3  -2  -2   29   0   0   0   0   0   0  29   0   0   0   0   0   0   0  42   0   0   0   0  0.38 0.00
   17 P    -1  -2  -2  -2  -3  -1  -1  -2  -2  -3  -3  -1  -3  -4   8  -1  -1  -4  -3  -3    0   0   0   0   0   0   0   0   0   0   0   0   0   0 100   0   0   0   0   0  2.07 0.01
   18 A     3   0   0  -1  -1   3   0   0  -1  -2  -2   0  -1  -3  -1   2   0  -3  -2  -1   42   0   0   0   0  29   0   0   0   0   0   0   0   0   0  29   0   0   0   0  0.30 0.00
   19 V     0  -3  -3  -3  -1  -2  -3  -3  -3   3   1  -3   1  -1  -3  -2   0  -3  -1   4    0   0   0   0   0   0   0   0   0   0   0   0   0   0   0   0   0   0   0 100  0.37 0.01
   20 W    -3  -3  -4  -4  -3  -3  -3  -3  -2  -2  -1  -3  -1   4  -4  -3  -3  10   3  -2    0   0   0   0   0   0   0   0   0   0   0   0   0  29   0   0   0  71   0   0  1.67 0.01
   21 N     1   3   4   0  -2   0   0  -1   0  -3  -3   1  -2  -3  -2   0   0  -3  -2  -2   29  29  42   0   0   0   0   0   0   0   0   0   0   0   0   0   0   0   0   0  0.33 0.01
   22 W    -3  -3  -4  -4  -3  -2  -3  -3  -1  -2  -2  -3  -2   2  -4  -3  -2  11   5  -3    0   0   0   0   0   0   0   0   0   0   0   0   0   0   0   0   0  71  29   0  1.74 0.01
   23 L    -2  -2  -4  -4  -1  -2  -3  -4  -3   2   4  -3   2   0  -3  -3  -1  -2  -1   1    0   0   0   0   0   0   0   0   0   0 100   0   0   0   0   0   0   0   0   0  0.48 0.01
   24 L    -1  -3  -3  -4  -1  -2  -3  -4  -3   2   3  -3   1   0  -3  -2  -1  -2  -1   3    0   0   0   0   0   0   0   0   0   0  42   0   0   0   0   0   0   0   0  58  0.32 0.00
   25 V     2   3  -2  -2  -1  -1  -1  -2  -2   1   0   0   0  -2  -2   0   0  -3  -2   2   29  29   0   0   0   0   0   0   0   0   0   0   0   0   0   0   0   0   0  42  0.16 0.00
   26 T     2  -2  -1  -2  -1  -1  -1  -1  -2   0   1  -1   0  -1  -2   1   3  -2  -2   0   29   0   0   0   0   0   0   0   0   0  29   0   0   0   0   0  42   0   0   0  0.20 0.00
   27 F    -2  -3  -3  -4  -2  -3  -3  -3   0   1   0  -3   0   5  -3  -2  -1   1   5   1    0   0   0   0   0   0   0   0   0   0   0   0   0  42   0   0   0   0  29  29  0.44 0.01
   28 G     0  -3  -1  -1  -3  -2  -2   6  -2  -4  -4  -2  -3  -3  -2   0  -2  -3  -3  -3    0   0   0   0   0   0   0 100   0   0   0   0   0   0   0   0   0   0   0   0  1.07 0.01
   29 A     4  -2  -2  -2  -1  -1  -1   0  -2  -1  -2  -1  -1  -2  -1   1   0  -3  -2   0  100   0   0   0   0   0   0   0   0   0   0   0   0   0   0   0   0   0   0   0  0.43 0.01
   30 A     4  -2  -2  -2  -1  -1  -1   0  -2  -1  -2  -1  -1  -2  -1   1   0  -3  -2   0  100   0   0   0   0   0   0   0   0   0   0   0   0   0   0   0   0   0   0   0  0.43 0.01
   31 A     4  -2  -2  -2  -1  -1  -1   0  -2  -1  -2  -1  -1  -2  -1   1   0  -3  -2   0  100   0   0   0   0   0   0   0   0   0   0   0   0   0   0   0   0   0   0   0  0.43 0.01
   32 V     0  -3  -3  -3  -1  -2  -3  -3  -3   3   1  -3   1  -1  -3  -2   0  -3  -1   4    0   0   0   0   0   0   0   0   0   0   0   0   0   0   0   0   0   0   0 100  0.37 0.01
   33 A     3  -1  -1  -1  -1  -1  -1  -1  -2  -1  -1  -1  -1  -2  -1   1   4  -3  -2   0   42   0   0   0   0   0   0   0   0   0   0   0   0   0   0   0  58   0   0   0  0.34 0.01
   34 A     4  -2  -2  -2  -1  -1  -1   0  -2  -1  -2  -1  -1  -2  -1   1   0  -3  -2   0  100   0   0   0   0   0   0   0   0   0   0   0   0   0   0   0   0   0   0   0  0.43 0.01
   35 A     4  -2  -2  -2  -1  -1  -1   0  -2  -1  -2  -1  -1  -2  -1   1   0  -3  -2   0  100   0   0   0   0   0   0   0   0   0   0   0   0   0   0   0   0   0   0   0  0.43 0.01
   36 A     2  -1   3  -1  -2  -1  -1   3  -1  -3  -3  -1  -2  -3  -2   1   0  -3  -2  -2   42   0  29   0   0   0   0  29   0   0   0   0   0   0   0   0   0   0   0   0  0.36 0.00
   37 V    -1  -3  -3  -3  -1  -3  -3  -4  -3   3   1  -3   1  -1  -3  -2   0  -3  -1   4    0   0   0   0   0   0   0   0   0  29   0   0   0   0   0   0   0   0   0  71  0.36 0.01
   38 T     0   3   0  -1  -2   0  -1  -2  -1  -1  -2   0  -1  -3  -2   1   4  -3  -2  -1    0  29   0   0   0   0   0   0   0   0   0   0   0   0   0   0  71   0   0   0  0.38 0.01
   39 V    -1   3  -2  -3  -2  -1  -2  -3  -2   1   2   0   1  -1  -3  -2  -1  -3  -1   2    0  29   0   0   0   0   0   0   0   0  29   0   0   0   0   0   0   0   0  42  0.19 0.00
   40 S     2   3   0  -1  -1   0   0  -1  -1  -2  -2   1  -1  -3  -1   3   0  -3  -2  -1   29  29   0   0   0   0   0   0   0   0   0   0   0   0   0  42   0   0   0   0  0.30 0.00
   41 D     0  -1   1   4  -2   0   1  -1  -1  -3  -3   0  -2  -3  -1   3   1  -4  -2  -2    0   0   0  42   0   0   0   0   0   0   0   0   0   0   0  58   0   0   0   0  0.47 0.01
   42 N    -1  -1   5   1  -2   0   0   0   0  -3  -3   0  -2  -3  -2   2   0  -4  -2  -3    0   0  71   0   0   0   0   0   0   0   0   0   0   0   0  29   0   0   0   0  0.56 0.01
   43 D    -2  -2   1   6  -4   0   2  -1  -1  -3  -4  -1  -3  -4  -2   0  -1  -5  -3  -3    0   0   0 100   0   0   0   0   0   0   0   0   0   0   0   0   0   0   0   0  0.96 0.01
   44 S     0  -1   5   1  -2   0   0   0   0  -3  -3   0  -2  -3  -2   3   1  -4  -2  -3    0   0  58   0   0   0   0   0   0   0   0   0   0   0   0  42   0   0   0   0  0.49 0.01
   45 H    -2   0   1  -1  -3   0   0  -2   8  -4  -3  -1  -2  -1  -2  -1  -2  -3   2  -3    0   0   0   0   0   0   0   0 100   0   0   0   0   0   0   0   0   0   0   0  0.93 0.02
   46 S     1  -1   1   0  -1   0   0   0  -1  -3  -3   0  -2  -3  -1   4   1  -3  -2  -2    0   0   0   0   0   0   0   0   0   0   0   0   0   0   0 100   0   0   0   0  0.48 0.01
   47 C    -1  -4  -3  -4  10  -3  -4  -3  -3  -1  -1  -3  -2  -3  -3  -1  -1  -3  -3  -1    0   0   0   0 100   0   0   0   0   0   0   0   0   0   0   0   0   0   0   0  1.29 0.02
   48 A     3  -2  -2  -2  -1  -1  -1  -1   0  -1  -2  -1  -1   0  -1   1   0   0   4  -1   71   0   0   0   0   0   0   0   0   0   0   0   0   0   0   0   0   0  29   0  0.31 0.01
   49 N    -1  -2   4   0  -3  -1  -1   5  -1  -4  -4  -1  -3  -3  -2   0  -1  -3  -3  -3    0   0  42   0   0   0   0  58   0   0   0   0   0   0   0   0   0   0   0   0  0.66 0.01
   50 N    -2  -1   6   1  -3   0   0  -1   1  -4  -4   0  -2  -3  -2   1   0  -4  -2  -3    0   0 100   0   0   0   0   0   0   0   0   0   0   0   0   0   0   0   0   0  0.77 0.01
   51 R    -2   6  -1  -2  -4   1   0  -3   0  -3  -2   2  -2  -3  -2  -1  -1  -3  -2  -3    0 100   0   0   0   0   0   0   0   0   0   0   0   0   0   0   0   0   0   0  0.78 0.01
   52 G     0  -3  -1  -1  -3  -2  -2   6  -2  -4  -4  -2  -3  -3  -2   0  -2  -3  -3  -3    0   0   0   0   0   0   0 100   0   0   0   0   0   0   0   0   0   0   0   0  1.07 0.01
   53 W    -3  -3  -4  -5  -3  -2  -3  -3  -3  -3  -2  -3  -2   1  -4  -3  -3  12   2  -3    0   0   0   0   0   0   0   0   0   0   0   0   0   0   0   0   0 100   0   0  2.41 0.02
   54 C    -1  -4  -3  -4  10  -3  -4  -3  -3  -1  -1  -3  -2  -3  -3  -1  -1  -3  -3  -1    0   0   0   0 100   0   0   0   0   0   0   0   0   0   0   0   0   0   0   0  1.29 0.02
   55 R    -2   6  -1  -2  -4   1   0  -3   0  -3  -2   2  -2  -3  -2  -1  -1  -3  -2  -3    0 100   0   0   0   0   0   0   0   0   0   0   0   0   0   0   0   0   0   0  0.78 0.01
   56 S     1  -1   1   0  -1   0   0   0  -1  -3  -3   0  -2  -3  -1   4   1  -3  -2  -2    0   0   0   0   0   0   0   0   0   0   0   0   0   0   0 100   0   0   0   0  0.48 0.01
   57 R     0   4   0  -1  -3   1   0  -2  -1  -3  -3   3  -2  -3  -2   2   0  -3  -2  -2    0  42   0   0   0   0   0   0   0   0   0  29   0   0   0  29   0   0   0   0  0.41 0.00
   58 C    -1  -4  -3  -4  10  -3  -4  -3  -3  -1  -1  -3  -2  -3  -3  -1  -1  -3  -3  -1    0   0   0   0 100   0   0   0   0   0   0   0   0   0   0   0   0   0   0   0  1.29 0.02
   59 F    -2   3  -2  -3  -3  -1  -2  -3  -1  -1   0  -1   0   6  -3  -2  -2   0   2  -1    0  29   0   0   0   0   0   0   0   0   0   0   0  71   0   0   0   0   0   0  0.47 0.01
   60 S     1   3   0  -1  -2   0   0  -1  -1  -3  -3   1  -2  -3  -1   4   1  -3  -2  -2    0  29   0   0   0   0   0   0   0   0   0   0   0   0   0  71   0   0   0   0  0.38 0.01
   61 H    -2  -1   0  -2  -3   0  -1  -3   7  -3  -2  -1  -2   1  -3  -1  -2   0   5  -3    0   0   0   0   0   0   0   0  71   0   0   0   0   0   0   0   0   0  29   0  0.73 0.01
   62 E    -1   0   0   2  -4   2   5  -2   0  -4  -3   1  -2  -4  -1   0  -1  -3  -2  -3    0   0   0   0   0   0 100   0   0   0   0   0   0   0   0   0   0   0   0   0  0.76 0.01
   63 Y    -2   3  -2  -3  -3  -1  -2  -3   1  -2  -2   0  -1   2  -3  -2  -2   1   6  -2    0  29   0   0   0   0   0   0   0   0   0   0   0   0   0   0   0   0  71   0  0.60 0.01
   64 I    -1  -3  -3  -3  -2  -2  -3  -4  -1   3   1  -3   1   1  -3  -2  -1   0   4   3    0   0   0   0   0   0   0   0   0  42   0   0   0   0   0   0   0   0  29  29  0.30 0.00
   65 D    -2   3   1   5  -4   0   1  -2  -1  -3  -3   0  -3  -4  -2   0  -1  -4  -3  -3    0  29   0  71   0   0   0   0   0   0   0   0   0   0   0   0   0   0   0   0  0.66 0.01
   66 S     1  -1   0  -1  -1  -1  -1   3  -2  -2  -3  -1  -2  -3  -1   3   3  -3  -2  -2    0   0   0   0   0   0   0  29   0   0   0   0   0   0   0  42  29   0   0   0  0.37 0.00
   67 W    -1  -3  -2  -3  -3  -2  -3   3  -1  -3  -2  -2  -2   1  -3  -2  -2   9   4  -3    0   0   0   0   0   0   0  29   0   0   0   0   0   0   0   0   0  42  29   0  1.00 0.01
   68 H    -2  -1   3  -1  -3   0  -1  -2   6  -3  -3  -1  -2   0  -3  -1  -1   0   4  -3    0   0  29   0   0   0   0   0  42   0   0   0   0   0   0   0   0   0  29   0  0.51 0.01
   69 S     1  -1   0  -1  -1  -1  -1  -1  -1  -1   1  -1   0  -1  -1   3   1  -3  -2  -1    0   0   0   0   0   0   0   0   0   0  29   0   0   0   0  71   0   0   0   0  0.23 0.01
   70 D     2  -2   0   4  -2  -1   0   3  -2  -3  -3  -1  -2  -3  -2   0  -1  -3  -3  -2   29   0   0  42   0   0   0  29   0   0   0   0   0   0   0   0   0   0   0   0  0.43 0.00
   71 V     0  -3  -3  -3  -1  -2  -3  -3  -3   3   1  -3   1  -1  -3  -2   0  -3  -1   4    0   0   0   0   0   0   0   0   0   0   0   0   0   0   0   0   0   0   0 100  0.37 0.01
   72 C    -1  -4  -3  -4  10  -3  -4  -3  -3  -1  -1  -3  -2  -3  -3  -1  -1  -3  -3  -1    0   0   0   0 100   0   0   0   0   0   0   0   0   0   0   0   0   0   0   0  1.29 0.02
   73 G     0  -3  -1  -1  -3  -2  -2   6  -2  -4  -4  -2  -3  -3  -2   0  -2  -3  -3  -3    0   0   0   0   0   0   0 100   0   0   0   0   0   0   0   0   0   0   0   0  1.07 0.01
   74 S     1   3   0  -1  -2   0   0  -1  -1  -3  -3   1  -2  -3  -1   4   1  -3  -2  -2    0  29   0   0   0   0   0   0   0   0   0   0   0   0   0  71   0   0   0   0  0.38 0.01
   75 Y    -2  -2  -2  -3  -3  -2  -2  -3   2  -2  -1  -2  -1   3  -3  -2  -2   2   7  -1    0   0   0   0   0   0   0   0   0   0   0   0   0   0   0   0   0   0 100   0  0.92 0.01
   76 D    -2   0   0   4  -3   0   1  -2  -1  -2  -2   2  -2   3  -2  -1  -1  -2   0  -2    0   0   0  42   0   0   0   0   0   0   0  29   0  29   0   0   0   0   0   0  0.31 0.01
   77 C    -1  -4  -3  -4  10  -3  -4  -3  -3  -1  -1  -3  -2  -3  -3  -1  -1  -3  -3  -1    0   0   0   0 100   0   0   0   0   0   0   0   0   0   0   0   0   0   0   0  1.29 0.02
   78 C    -1  -4  -3  -4  10  -3  -4  -3  -3  -1  -1  -3  -2  -3  -3  -1  -1  -3  -3  -1    0   0   0   0 100   0   0   0   0   0   0   0   0   0   0   0   0   0   0   0  1.29 0.02
   79 R    -2   6   0  -2  -4   1   0  -3   0  -3  -2   2  -2  -3  -2  -1  -1  -3  -2  -3    0 100   0   0   0   0   0   0   0   0   0   0   0   0   0   0   0   0   0   0  0.75 0.00
   80 P     0  -2  -1  -1  -2  -1  -1  -1  -2  -3  -3  -1  -2  -3   7   2   0  -4  -3  -2    0   0   0   0   0   0   0   0   0   0   0   0   0   0  60  40   0   0   0   0  1.09 0.00
   81 R    -2   6   0  -2  -4   1   0  -3   0  -3  -2   2  -2  -3  -2  -1  -1  -3  -2  -3    0 100   0   0   0   0   0   0   0   0   0   0   0   0   0   0   0   0   0   0  0.75 0.00
   82 Y    -2  -2  -2  -3  -3  -2  -2  -3   2  -1  -1  -2  -1   3  -3  -2  -2   2   7  -1    0   0   0   0   0   0   0   0   0   0   0   0   0   0   0   0   0   0 100   0  0.85 0.00

                      K         Lambda
Standard Ungapped    0.1317     0.3238
Standard Gapped      0.0410     0.2670
PSI Ungapped         0.1317     0.3238
PSI Gapped           0.0410     0.2670
