
Last position-specific scoring matrix computed, weighted observed percentages rounded down, information per position, and relative weight of gapless real matches to pseudocounts
            A   R   N   D   C   Q   E   G   H   I   L   K   M   F   P   S   T   W   Y   V   A   R   N   D   C   Q   E   G   H   I   L   K   M   F   P   S   T   W   Y   V
    1 M    -3  -3  -4  -5  -3  -2  -4  -5  -3  -1   0  -3  10  -2  -4  -3  -2  -3  -3  -1    0   0   0   0   0   0   0   0   0   0   0   0 100   0   0   0   0   0   0   0  1.93 0.35
    2 S     0  -2  -1  -2  -2  -2  -2  -2  -2  -4  -3  -2  -3   2  -2   6   0  -4  -2  -3    0   0   0   0   0   0   0   0   0   0   0   0   0  10   0  90   0   0   0   0  0.97 0.24
    3 D    -3  -3   0   8  -5  -2   0  -3  -3  -5  -5  -2  -5  -5  -3  -2  -3  -6  -5  -5    0   0   0 100   0   0   0   0   0   0   0   0   0   0   0   0   0   0   0   0  1.80 0.27
    4 I    -3  -4  -4  -4  -3  -4  -4  -5  -5   7   0  -4   0  -2  -4  -3   1  -4  -3   1    0   0   0   0   0   0   0   0   0  90   0   0   0   0   0   0  10   0   0   0  1.04 0.22
    5 N    -3  -2   8   0  -4  -2  -2  -2  -1  -5  -5  -2  -4  -5  -4  -1  -2  -6  -4  -5    0   0 100   0   0   0   0   0   0   0   0   0   0   0   0   0   0   0   0   0  1.75 0.29
    6 A     5  -2  -2  -3  -2  -2  -2   0  -3  -2  -2  -2  -2  -3  -2   1   2  -4  -3   0   68   0   0   0   0   0   0   5   0   0   0   0   0   0   0   5  16   0   0   6  0.58 0.16
    7 T     1  -3  -2  -2  -2  -2  -2  -3  -3   0  -2  -2  -2  -3  -2   0   6  -4  -3  -1   16   0   0   0   0   0   0   0   0   6   0   0   0   0   0   2  77   0   0   0  0.84 0.21
    8 R    -3   7  -2  -3   1   0  -2  -4  -2  -5  -4   1  -3  -4  -4  -2  -3  -4  -3  -4    0  96   0   0   4   0   0   0   0   0   0   0   0   0   0   0   0   0   0   0  1.55 0.26
    9 L    -1  -3  -5  -5  -2  -3  -4  -5  -4   0   5  -4   1  -1  -4  -3  -2  -3  -2   0    6   0   0   0   0   0   0   0   0   0  91   0   0   0   0   0   0   0   0   3  0.88 0.19
   10 P    -2  -4  -4  -3  -5  -3  -3  -4  -4  -5  -5  -3  -4  -5   9  -2  -3  -6  -5  -4    0   0   0   0   0   0   0   0   0   0   0   0   0   0 100   0   0   0   0   0  2.68 0.31
   11 I     0  -3  -3  -3   0  -2  -3   0   2   3   1  -3   0   1  -3  -1  -1  -3  -1   2   10   0   0   0   2   0   0   8   8  35  14   0   0   5   0   4   0   0   0  12  0.23 0.12
   12 I    -2  -4  -4  -4  -3  -3  -4  -4  -3   2   0  -4   0   4  -2  -2  -3   9   1   0    3   0   0   0   0   0   0   0   0  19   9   0   3  25   2   3   0  30   2   4  0.96 0.24
   13 G    -1  -2  -2  -2  -2  -1  -1   3  -2  -1   0  -2   1   1   0   0  -1   6   0  -1    1   1   1   1   0   3   3  28   0   3  12   1   5   7   4   7   1  13   2   4  0.27 0.09
   14 I    -1  -3  -4  -4  -2  -3  -3  -4  -3   3   3  -3   0   2   2  -1  -2  -3  -1   1    5   0   0   0   0   0   0   0   0  24  37   0   0  10  13   4   0   0   0   6  0.41 0.15
   15 L     1  -1  -2  -3  -3  -2  -2   3  -3   1  -1  -2   0  -1   4  -1  -1  -3  -2   0   18   5   0   0   0   0   0  25   0  12   4   0   2   4  21   2   1   0   0   4  0.36 0.12
   16 L     0  -1  -2   0   5  -2  -2  -1  -2   2   0  -2  -1   1  -3  -1   0  -2   3   1    7   3   0   7  17   0   2   4   0  15  11   0   0   4   0   4   5   0  13   8  0.17 0.10
   17 P    -2  -3   2  -1   4  -1  -2  -3  -2   0   1  -2  -1   2   4  -1  -2  -3  -2  -1    0   0  15   3  14   4   0   0   0   6  14   0   0  12  23   5   0   0   0   3  0.38 0.14
   18 P    -3  -4  -4  -4  -5  -3  -3   0  -4  -4  -2  -3  -4  -5   8  -3  -3  -6  -5  -4    0   0   0   0   0   0   0   7   0   0   4   0   0   0  89   0   0   0   0   0  2.33 0.41
   19 C    -2  -5  -5  -5  10  -5  -5  -5  -4   0  -3  -5  -3   0  -5  -1  -3   5   1  -2    0   0   0   0  73   0   0   0   0   7   0   0   0   4   0   3   0   8   5   0  1.97 0.39
   20 I     0  -4  -4  -4  -2  -3  -4  -4  -4   3  -1  -3  -1  -2   1  -2   1  -4  -3   5    5   0   0   0   0   0   0   0   0  12   0   0   0   0   7   0   9   0   0  67  0.70 0.24
   21 G     1  -3   1  -2  -3  -2  -3   6  -3  -5  -5  -2  -4  -4  -3   2  -2  -4  -4  -4    8   0   6   0   0   0   0  62   0   0   0   0   0   0   0  24   0   0   0   0  0.97 0.24
   22 D    -4  -3  -1   7  -5  -2   2  -3  -3  -5  -6  -2  -5  -5  -3  -2  -3  -6  -5  -5    0   0   0  90   0   0  10   0   0   0   0   0   0   0   0   0   0   0   0   0  1.76 0.37
   23 D    -1  -3   0   6  -4  -1   1   0   3  -4  -4  -2  -3  -4  -3  -1  -2  -5  -3  -2    6   0   3  66   0   0   5   5   8   0   1   0   0   0   0   0   0   0   0   4  0.94 0.24
   24 V     0  -3  -1   1   1  -3  -3  -4  -4   4   0  -3  -1  -2  -3  -2   0  -4  -3   4    9   0   3   9   3   0   0   0   0  32   0   0   0   0   0   0   5   0   0  40  0.44 0.18
   25 T    -1  -2   4   4  -4   1   2  -2  -1  -2  -3  -1  -3  -4  -3   0   1  -4  -3  -2    4   0  29  27   0   8  16   0   0   3   2   0   0   0   0   2   8   0   0   2  0.52 0.17
   26 L     1   0  -1  -2  -2   1  -1  -2   0  -1   0  -1   3   1   1   1   0  -3  -1   0   16   4   2   0   0   8   0   0   2   0  10   0  17   7   8  16   4   0   0   5  0.14 0.10
   27 L    -1  -3  -3  -3  -2  -3  -3  -4  -4   1   2  -3   0  -2  -3  -1   4  -4  -3   3    3   0   0   0   0   0   0   0   0   6  22   0   0   0   0   0  45   0   0  24  0.52 0.21
   28 L    -3  -4  -5  -5  -3  -3  -4  -5  -4   1   6  -4   1  -1  -4  -4  -1  -3  -2   0    0   0   0   0   0   0   0   0   0   3  95   0   0   0   0   0   3   0   0   0  1.02 0.24
   29 T     0   0   1  -2  -2  -2  -2  -3  -3  -2  -3  -2  -2  -4  -2   1   6  -4  -3   0    7   5   7   0   0   0   0   0   0   0   0   0   0   0   0   3  73   0   0   5  0.79 0.24
   30 R    -2   7  -2  -3   0   0  -1  -3   1  -4  -4   1  -3  -4  -3   1  -2  -4  -3  -4    0  77   0   0   2   0   0   0   4   0   0   4   0   0   0  12   0   0   0   0  1.12 0.26
   31 G    -1  -4  -2  -3  -4  -3  -4   7  -4  -5  -5  -3  -4  -5  -4  -2  -3  -4  -5  -5    0   0   0   0   0   0   0 100   0   0   0   0   0   0   0   0   0   0   0   0  1.79 0.30
   32 E    -2  -1  -2   0  -5   2   7  -4  -1  -5  -4  -1  -3  -5  -3  -2  -2  -4  -4  -4    0   0   0   0   0   7  93   0   0   0   0   0   0   0   0   0   0   0   0   0  1.40 0.27

                      K         Lambda
Standard Ungapped    0.1493     0.3248
Standard Gapped      0.0526     0.2670
PSI Ungapped         0.1718     0.3195
PSI Gapped           0.0526     0.2670
