
Last position-specific scoring matrix computed, weighted observed percentages rounded down, information per position, and relative weight of gapless real matches to pseudocounts
            A   R   N   D   C   Q   E   G   H   I   L   K   M   F   P   S   T   W   Y   V   A   R   N   D   C   Q   E   G   H   I   L   K   M   F   P   S   T   W   Y   V
    1 M    -3  -3  -4  -5  -4  -3  -4  -5  -4  -1   0  -3  10   2  -5  -4  -3  -3  -2  -1    0   0   0   0   0   0   0   0   0   0   0   0  92   8   0   0   0   0   0   0  1.81 0.35
    2 K    -2   1  -2  -2  -5   0  -1  -3  -2  -5  -4   7  -3  -5  -3  -2  -2  -5  -4  -4    0   2   0   0   0   0   0   0   0   0   0  98   0   0   0   0   0   0   0   0  1.42 0.29
    3 V    -2  -4  -2  -4  -2  -3  -4  -4  -4   2   0  -3  -1  -2  -4  -3   0  -4  -3   6    0   0   2   0   0   0   0   0   0   8   1   1   0   0   0   0   6   0   0  82  0.85 0.21
    4 R    -2   7  -1  -3  -5   1  -1  -4  -2  -4  -3   3  -2  -4  -3  -1  -2  -4  -1  -4    1  72   1   0   0   6   0   0   0   0   1  15   0   0   0   2   0   0   2   0  1.08 0.22
    5 P     4  -3  -2  -2  -2  -2  -2   0  -3  -3  -3  -2  -2  -4   4   2   1  -4  -3  -2   53   0   0   0   0   0   0   3   0   0   0   0   0   0  18  19   6   0   0   1  0.63 0.16
    6 S     0  -2  -1  -2  -2  -2  -2  -1  -3  -3  -4  -2  -3  -4  -2   6   0  -5  -3  -1    2   0   0   0   0   0   0   1   0   0   0   0   0   0   0  92   0   0   0   5  1.07 0.27
    7 V    -2  -4  -5  -5  -2  -4  -4  -5  -5   3   1  -4   0  -2  -4  -3  -1  -4  -3   6    0   0   0   0   0   0   0   0   0  10   7   0   0   0   0   0   0   0   0  84  0.96 0.22
    8 K    -2   4  -2  -2  -5   0  -1  -2  -2  -4  -4   6  -3  -5  -3  -2  -2  -5  -3  -4    0  18   0   0   0   0   0   2   0   0   0  79   0   0   0   0   0   0   0   0  1.14 0.24
    9 P    -2   3  -2  -2  -3   0  -1  -3  -2  -4  -4   6  -3  -4   2  -1  -1  -4  -3  -3    1  11   0   0   1   1   0   0   0   0   0  69   0   0  10   1   3   0   0   2  0.84 0.20
   10 I    -2   3  -3  -4  -3  -2  -3  -5  -3   5   1  -2   4  -1  -4  -3  -2  -4  -2   1    0  23   0   0   0   0   0   0   0  55   5   0  14   1   0   0   0   0   0   1  0.61 0.18
   11 C    -2  -5  -4  -5  11  -5  -5  -4  -5  -3  -3  -5  -3  -4  -5   0  -1  -4  -4  -3    0   0   0   0  91   0   0   0   0   0   0   0   0   0   0   5   3   0   0   0  2.51 0.35
   12 E    -1   2   0   3  -4   0   3  -1  -1  -3  -3   2  -3  -4   1   1  -1  -4  -3  -3    4  17   3  18   0   1  23   2   0   0   0  13   0   0   7  10   1   0   0   1  0.39 0.09
   13 K    -1   0   3   3  -4   0   1  -1   2  -4  -4   4  -3  -4  -2   0  -1  -4  -1  -3    2   2  20  18   0   0   5   2   5   0   0  36   0   0   0   7   0   0   2   1  0.46 0.12
   14 C    -2  -6  -5  -2  11  -5  -5  -5  -5  -3  -3  -5  -4  -5  -5  -3  -3  -5  -5  -3    0   0   0   3  97   0   0   0   0   0   0   0   0   0   0   0   0   0   0   0  2.78 0.38
   15 K    -2   4  -1  -2  -3   2   0  -2  -1  -3  -3   5  -2   0  -3  -2  -1  -3   2  -3    0  21   0   0   0  10   1   1   0   0   0  51   0   3   0   0   1   0   9   1  0.63 0.16
   16 I    -1  -3  -3  -4  -2  -3  -4  -4  -4   4   2  -2   1   0  -3  -3  -1  -3  -1   3    1   0   1   0   0   0   0   0   0  39  19   2   2   4   1   0   1   0   1  30  0.49 0.12
   17 I    -2  -4  -5  -5  -2  -4  -4  -5  -4   6   0  -3   0  -2  -4  -3  -2  -4  -1   4    0   0   0   0   0   0   0   0   0  63   2   1   0   0   0   0   0   0   1  33  0.88 0.20
   18 R    -3   6  -2  -3  -5   0  -1  -3  -1  -4  -4   5  -3  -4  -3  -2  -2   0  -3  -4    0  58   0   0   0   0   0   0   1   0   0  40   0   0   0   0   0   1   0   0  1.12 0.22
   19 R    -3   8  -2  -3  -5  -1  -2  -4  -2  -5  -4   1  -3  -5  -4  -3  -3  -5  -4  -4    0 100   0   0   0   0   0   0   0   0   0   0   0   0   0   0   0   0   0   0  1.79 0.31
   20 E    -2   4   3  -1  -4   0   0  -1   4  -4  -4   4  -3  -3  -3  -1  -2  -4  -1  -4    0  24  16   0   0   1   2   4  16   0   0  34   0   1   0   1   0   0   1   0  0.59 0.15
   21 G    -1   0   0  -2  -4  -2  -3   6  -3  -5  -5   0  -4  -5  -4  -1  -3  -4  -4  -5    0   6   4   0   0   1   0  84   0   0   0   5   0   0   0   1   0   0   0   0  1.29 0.22
   22 K    -2   5  -2  -3  -3  -1  -2  -4  -1   1  -2   2  -1  -3  -3  -2  -1  -4  -3   2    1  45   1   0   0   0   0   0   1   9   0  13   0   0   0   1   2   0   0  27  0.51 0.15
   23 V    -2  -2  -1  -4  -2  -3  -4  -4  -4   3   2  -3   0  -1  -4  -3  -1   3  -2   4    0   2   4   0   0   0   0   0   0  20  20   0   0   0   0   0   3   5   0  47  0.49 0.13
   24 M    -2   4  -3  -4  -4  -1  -2  -3  -1  -1   0  -1   5   2  -4  -2  -2   0   4  -2    1  38   0   0   0   0   0   0   0   2   6   0  23   8   0   1   0   0  19   1  0.56 0.17
   25 V    -2  -4  -3  -5  -2  -4  -4  -5  -5   3   0  -4  -1  -2  -4  -3  -1  -4  -3   6    0   0   1   0   0   0   0   0   0  14   0   0   0   0   0   0   0   0   0  84  1.00 0.23
   26 I    -2  -3  -4  -5  -3  -4  -4  -5  -4   6   1  -4   0   1  -4  -3  -2  -3   0   2    0   1   0   0   0   0   0   0   0  74   8   0   0   4   0   1   0   0   3   8  0.81 0.19
   27 C    -2  -5   1  -5  11  -5  -5  -4  -5  -3  -3  -5  -4  -5  -5  -3  -3  -5  -4  -3    0   0   9   0  91   0   0   0   0   0   0   0   0   0   0   0   0   0   0   0  2.53 0.36
   28 E    -1   0  -1   0  -3   0   2  -2  -2  -1  -2   3  -2  -2  -2   2   1  -4  -2  -1    2   1   0   3   0   1  13   0   0   5   1  32   0   1   0  24  10   0   1   5  0.28 0.11
   29 N    -3  -2   6   2  -4   0   0  -2   3  -2  -4   0  -3  -4  -3  -1   0  -5  -3  -2    0   0  61  10   0   2   5   0   7   3   0   3   0   0   0   0   6   0   0   2  0.82 0.19
   30 P    -1  -3  -2  -3  -4  -2  -2  -3  -4  -4  -4   0  -4  -4   8  -1  -2  -5  -4  -3    5   0   1   0   0   1   0   0   0   0   1   5   0   1  83   2   0   0   0   0  1.99 0.27
   31 K    -2   5  -1  -2  -5   0  -1  -3  -2  -4  -4   6  -3  -5  -3  -1  -2  -4  -3  -4    0  38   1   0   0   0   0   0   0   0   0  59   0   0   0   2   0   0   0   0  1.05 0.22
   32 H    -4  -2   0  -3  -5  -1  -2  -4  10  -5  -3  -3  -3  -1  -4  -3  -4  -4   1  -5    0   0   3   0   0   0   0   0  91   0   2   0   0   2   0   0   0   0   2   0  2.15 0.34
   33 K    -2   1   0  -2  -5   0  -1  -3  -2  -4  -4   7  -3  -5  -3  -1  -2  -5  -4  -4    0   0   4   0   0   0   0   0   0   0   0  94   0   0   0   1   1   0   0   0  1.30 0.27
   34 Q    -3  -1  -2  -2  -5   8   0  -4  -1  -5  -4   0  -2  -5  -3  -2  -1  -4  -3  -4    0   0   0   0   0  98   0   0   0   0   0   0   0   0   0   0   2   0   0   0  1.77 0.34
   35 K    -3   7  -2  -3  -3   0  -2  -3  -2  -4  -4   2  -3  -5  -4  -2  -3  -4  -3  -3    1  86   0   0   1   0   0   1   0   0   0  10   0   0   0   0   0   0   0   2  1.39 0.26
   36 Q    -2  -1  -2  -2  -5   8   0  -4  -1  -5  -4   0  -2  -5  -3  -2  -3  -4  -3  -4    2   0   0   0   0  98   0   0   0   0   0   0   0   0   0   0   0   0   0   0  1.77 0.35
   37 G    -1  -4  -2  -3  -4  -3  -4   7  -4  -5  -5  -3  -4  -5  -4  -2  -3  -4  -5  -5    0   0   0   0   0   0   0 100   0   0   0   0   0   0   0   0   0   0   0   0  1.73 0.24

                      K         Lambda
Standard Ungapped    0.1373     0.3219
Standard Gapped      0.0590     0.2670
PSI Ungapped         0.1927     0.3177
PSI Gapped           0.0590     0.2670
