
Last position-specific scoring matrix computed, weighted observed percentages rounded down, information per position, and relative weight of gapless real matches to pseudocounts
           A  R  N  D  C  Q  E  G  H  I  L  K  M  F  P  S  T  W  Y  V   A   R   N   D   C   Q   E   G   H   I   L   K   M   F   P   S   T   W   Y   V
    1 M   -2 -2 -3 -4 -2 -1 -3 -4 -2  1  2 -2  8 -1 -3 -2 -1 -2 -2  0    0   0   0   0   0   0   0   0   0   0   0   0 100   0   0   0   0   0   0   0  0.83 0.09
    2 L   -2 -2 -3 -3 -2 -2  0 -4 -3  1  4 -2  1  2 -1 -3 -2 -2  0  0    0   0   0   0   0   0   9   0   0   0  75   0   0  13   4   0   0   0   0   0  0.36 0.04
    3 T    1 -2 -1 -2 -1 -1 -2 -2 -2  1 -1 -1 -1 -2 -2  1  5 -3 -2  1   13   0   0   0   0   0   0   0   0  10   2   0   0   0   0   0  69   0   0   6  0.38 0.04
    4 L   -2 -3 -4 -4 -2 -3 -4 -4 -3  1  5 -3  2  0 -4 -3 -2 -2 -2  1    0   0   0   0   0   0   0   0   0   0 100   0   0   0   0   0   0   0   0   0  0.62 0.05
    5 K   -1  2 -1 -1 -4  1  0 -2 -1 -3 -3  6 -2 -4 -2 -1 -1 -4 -2 -3    0   0   0   0   0   0   0   0   0   0   0 100   0   0   0   0   0   0   0   0  0.76 0.07
    6 I   -1 -3 -4 -4 -2 -3 -3 -4 -4  4  2 -3  1  0 -3 -2 -1  3 -1  2    0   0   0   0   0   0   0   0   0  59  20   0   0   0   0   4   0   6   0  11  0.38 0.03
    7 A    0 -3 -2 -3 -2 -2 -3 -2 -2  0  1 -2  0  5 -3  0  0 -1  1  1   10   0   0   0   0   0   0   0   0   0   8   0   0  49   0  13   6   0   0  14  0.29 0.03
    8 V   -1 -3 -4 -4 -1 -3 -3 -4 -4  2  0 -3  0 -1 -3 -2  0 -4 -2  5    0   0   0   0   0   0   0   0   0   0   0   0   0   0   0   0   0   0   0 100  0.56 0.06
    9 Y   -2 -2 -1 -3 -3 -2 -3 -4  1 -2 -2 -2 -2  3 -4 -2 -1  2  8 -2    0   0   3   0   0   0   0   0   0   0   0   0   0   0   0   0   6   0  92   0  1.06 0.07
   10 I    1 -2 -1 -2 -1 -1 -2 -2 -2  2 -1 -1  0 -2 -2  1  4 -3 -2  1   14   0   0   0   0   0   0   0   0  22   0   0   0   0   0  10  52   0   0   3  0.28 0.03
   11 V   -1 -3 -3 -4  2 -3 -3 -4 -4  2  1 -3  0 -1 -3 -2  1 -3 -2  4    0   0   0   0   5   0   0   0   0   4   4   0   0   0   0   0   9   0   0  78  0.38 0.04
   12 V   -1 -3 -4 -4 -1 -3 -3 -4 -4  3  1 -3  0 -1 -3 -2  0 -4 -2  5    0   0   0   0   0   0   0   0   0  10   0   0   0   0   0   0   0   0   0  90  0.51 0.05
   13 A    0 -2 -2 -3 -1 -2 -2 -2 -3  3  1 -2  1  1 -2  0  2 -2 -1  1   12   0   0   0   0   0   0   2   0  35  16   0   0  10   0   4  19   0   0   2  0.15 0.02
   14 F   -2 -3 -3 -4 -3 -4 -4 -4 -2  0  1 -4  0  7 -4 -2 -2  0  2 -1    0   0   0   0   0   0   0   0   0   4  10   0   0  82   0   4   0   0   0   0  0.77 0.06
   15 F   -3 -4 -4 -4 -3 -4 -4 -4 -2 -1  0 -4  0  8 -5 -3 -3  1  3 -1    0   0   0   0   0   0   0   0   0   0   0   0   0 100   0   0   0   0   0   0  1.08 0.07
   16 V   -1 -3 -3 -4  1 -3 -3 -4 -4  3  1 -3  1 -1 -3 -2  0 -3 -2  4    0   0   0   0   3   0   0   0   0  15   4   0   0   0   0   2   0   0   0  77  0.42 0.04
   17 S    2 -2  0 -1  0 -1 -1  1 -2 -2 -1 -1 -1 -1 -1  4  1 -3 -2 -2   12   0   0   0   2   0   0   9   0   0   8   0   0   2   0  65   2   0   0   0  0.32 0.04
   18 L   -2 -3 -4 -4 -2 -3 -3 -4 -3  2  4 -3  2  0 -1 -3 -1 -2 -2  1    0   0   0   0   0   0   0   0   0  15  78   0   0   0   4   0   0   0   0   4  0.46 0.04
   19 F   -3 -4 -4 -4 -3 -4 -4 -4 -2 -1  0 -4  0  8 -5 -3 -3  1  3 -1    0   0   0   0   0   0   0   0   0   0   0   0   0 100   0   0   0   0   0   0  1.08 0.07
   20 I    0 -3 -3 -3 -1 -3 -3 -4 -4  4  1 -3  1 -1 -3 -2  0 -3 -2  3    6   0   0   0   0   0   0   0   0  50   5   0   0   0   0   0   5   0   0  35  0.35 0.03
   21 F   -3 -4 -4 -4 -3 -4 -4 -4 -2 -1  0 -4  0  8 -5 -3 -3  1  3 -1    0   0   0   0   0   0   0   0   0   0   0   0   0 100   0   0   0   0   0   0  1.08 0.07
   22 G    0 -3 -1 -2 -3 -2 -3  7 -3 -5 -4 -2 -3 -4 -3 -1 -2 -3 -4 -4    0   0   0   0   0   0   0 100   0   0   0   0   0   0   0   0   0   0   0   0  1.24 0.06
   23 F   -3 -4 -4 -4 -3 -4 -4 -4 -2  0  1 -4  0  7 -4 -3 -3  0  3 -1    0   0   0   0   0   0   0   0   0   0   7   0   0  93   0   0   0   0   0   0  0.96 0.07
   24 L   -2 -3 -4 -4 -2 -3 -4 -4 -3  1  5 -3  2  0 -4 -3 -2 -2 -2  1    0   0   0   0   0   0   0   0   0   0 100   0   0   0   0   0   0   0   0   0  0.62 0.05
   25 S    2 -1  0 -1 -1 -1 -1 -1 -1 -3 -3 -1 -2 -3 -1  5  1 -3 -2 -2   10   0   0   0   0   0   0   0   0   0   0   0   0   0   0  90   0   0   0   0  0.57 0.06
   26 S   -1 -1  6  0 -3 -1 -1  1  0 -4 -4 -1 -3 -4 -2  2  0 -4 -3 -3    0   0  63   0   0   0   0  11   0   0   0   0   0   0   0  26   0   0   0   0  0.60 0.05
   27 D   -2 -2  1  7 -4 -1  1 -2 -2 -4 -5 -1 -4 -4 -2 -1 -2 -5 -4 -4    0   0   0 100   0   0   0   0   0   0   0   0   0   0   0   0   0   0   0   0  1.19 0.07
   28 P   -1 -3 -3 -2 -3 -2 -2 -3 -3 -3 -4 -2 -3 -4  8 -1 -1 -4 -4 -3    3   0   0   0   0   0   0   0   0   0   0   0   0   0  95   0   2   0   0   0  2.06 0.07
   29 T    2 -1  0 -1 -2 -1 -1  3 -2 -3 -3 -1 -2 -3 -2  3  1 -3 -3 -2   17   4   0   0   0   0   0  33   0   0   0   0   0   0   0  34  13   0   0   0  0.38 0.03
   30 R   -2  7 -1 -2 -4  1 -1 -3 -1 -4 -3  2 -2 -4 -3 -1 -2 -3 -2 -3    0 100   0   0   0   0   0   0   0   0   0   0   0   0   0   0   0   0   0   0  1.02 0.07
   31 N   -2  0  6  1 -3  0 -1 -1  0 -3 -4  0 -2 -4 -2  0  1 -4 -3 -3    0   4  81   0   0   0   0   0   0   0   0   2   0   0   0   0  13   0   0   0  0.74 0.06
   32 P   -1 -3 -3 -2 -4 -2 -2 -3 -3 -4 -4 -2 -3 -5  8 -1 -2 -5 -4 -3    0   0   0   0   0   0   0   0   0   0   0   0   0   0 100   0   0   0   0   0  2.25 0.08
   33 G    0 -1  3  0 -3 -1 -1  4 -1 -4 -4  0 -3 -4 -2  1 -1 -3 -3 -3    4   0  24   0   0   0   3  48   0   0   0   7   0   0   0  13   0   0   0   0  0.52 0.03
   34 R   -2  6 -1 -2 -4  1  0 -1 -1 -4 -3  2 -2 -4 -1 -1 -1 -3 -2 -3    0  81   0   0   0   2   2   3   0   0   0   5   0   0   3   2   2   0   0   0  0.76 0.06
   35 K   -1  3  0 -1 -4  1  1  0 -1 -4 -3  5 -2 -4 -2 -1 -1 -4 -2 -3    0  13   2   0   0   0   8   8   0   0   0  69   0   0   0   0   0   0   0   0  0.52 0.05
   36 D   -2 -2  1  6 -4  0  3 -2 -1 -4 -4 -1 -3 -4 -2  0 -1 -5 -3 -4    0   0   3  69   0   0  21   0   0   0   0   0   0   0   0   7   0   0   0   0  0.82 0.05
   37 F   -2 -3 -3 -3 -2 -2 -2 -1 -3  1  3 -3  2  3 -3 -2 -2 -1  0  0    0   0   0   0   0   0   4   8   0   9  53   0   4  21   0   0   0   0   0   0  0.27 0.02
   38 E   -1  0  0  3 -4  2  5 -3  0 -4 -3  1 -2 -4 -2  0 -1 -3 -3 -3    0   4   0  11   0   8  77   0   0   0   0   0   0   0   0   0   0   0   0   0  0.73 0.04

                      K         Lambda
Standard Ungapped    0.1495     0.3346
Standard Gapped      0.0410     0.2670
PSI Ungapped         0.1495     0.3346
PSI Gapped           0.0410     0.2670
