
Last position-specific scoring matrix computed, weighted observed percentages rounded down, information per position, and relative weight of gapless real matches to pseudocounts
           A  R  N  D  C  Q  E  G  H  I  L  K  M  F  P  S  T  W  Y  V   A   R   N   D   C   Q   E   G   H   I   L   K   M   F   P   S   T   W   Y   V
    1 M   -2 -2 -3 -4 -2 -1 -3 -3 -2  1  2 -2  7 -1 -3 -2 -1 -2 -2  0    0   0   0   0   0   0   0   0   0   7   0   0  93   0   0   0   0   0   0   0  0.77 0.11
    2 A    2 -1 -1 -1 -1 -1 -1 -1 -2 -1 -1 -1  1 -2 -1  3  2 -3 -2 -1   29   0   0   0   0   0   0   0   0   0   0   0  11   0   0  37  23   0   0   0  0.32 0.05
    3 G    0 -2 -1 -1 -3 -2  0  6 -2 -4 -4 -2 -3 -4 -2  1 -2 -3 -3 -3    0   0   0   0   0   0   9  82   0   0   0   0   0   0   0   9   0   0   0   0  0.97 0.09
    4 G   -1  3 -1 -2 -3  0 -1  4 -1 -4 -3  1 -2 -3 -2  0  0 -3 -3 -3    0  33   0   0   0   0   0  44   0   0   0  11   0   0   0   7   4   0   0   0  0.54 0.07
    5 K    0  1 -1 -1 -3  0  0  4 -2 -3 -3  2 -2 -3  0  0 -1 -3 -3 -3    6   4   0   0   0   0   7  46   0   0   0  28   0   0   3   0   3   0   0   0  0.47 0.06
    6 A    1  1 -1 -1 -2  0 -1  2 -1 -3 -3  3 -2 -3 -2  1  0 -3 -2 -2   15   8   0   0   0   0   0  23   0   0   0  37   0   0   0   8   6   0   0   0  0.32 0.06
    7 G    1  0 -1 -1 -2 -1 -1  5 -2 -3 -3  0 -2 -3 -2  0  1 -3 -3 -2    8   4   0   0   0   0   3  59   0   0   0   7   0   0   0   7  10   0   0   0  0.59 0.07
    8 K    0  1 -1 -1 -2  0 -1  3 -2 -2 -2  3 -2 -3 -2  1 -1 -3 -2 -2    5   7   0   0   0   0   1  32   0   3   4  35   0   0   0  11   0   0   0   1  0.32 0.06
    9 D    1  2  0  1 -2  1  0  2 -1 -3 -3  2 -2 -3  0  0  0 -3 -2 -2   16  15   0  10   0   6   3  17   0   0   0  19   0   0   3   3   5   0   0   0  0.23 0.04
   10 S    1  0  0 -1 -2  0 -1  2 -1 -2 -2  2 -2 -2  0  2  1 -3 -2 -1   12   0   3   0   0   2   0  19   0   0   2  23   0   2   3  25   6   0   0   3  0.23 0.05
   11 G    1 -1 -1  0 -2 -1 -1  5 -2 -3 -3  0 -2 -3 -2  1 -1 -3 -3 -1   17   3   0   7   0   0   0  54   0   0   0   5   0   0   0   9   0   0   0   5  0.53 0.07
   12 K    1  0  0  0 -2  0  1  2 -1 -2 -3  3 -2 -3  0  1 -1 -3 -2 -1   11   0   4   2   0   0  10  15   0   0   0  37   0   0   3  10   0   0   0   6  0.24 0.05
   13 A    2 -1  0  0 -2 -1 -1  0 -2 -1 -2  2 -2 -3  3  0  1 -3 -2 -1   28   0   3   5   0   0   0   5   0   2   0  19   0   0  19   4   8   0   0   5  0.29 0.04
   14 K    1  3  0 -1 -3  1  1 -1 -1 -3 -3  3 -2 -3 -2  0  0 -3 -2 -2   12  22   4   0   0   2   8   3   0   0   0  39   0   0   0   6   3   0   0   0  0.35 0.05
   15 A    1  0 -1 -1 -2  0  0  1 -1 -2 -2  3  0 -3 -1  2  1 -3 -2 -1   12   0   0   0   0   0   0   9   0   0   2  37   4   0   0  19  11   0   0   4  0.21 0.04
   16 K    1  1  0 -1 -3  0  0 -2 -1 -3 -3  5 -2 -3 -1  1  0 -3 -2 -2   11   0   3   0   0   0   0   0   0   0   0  69   0   0   0   8   7   0   0   0  0.47 0.07
   17 A    2 -1 -1 -1 -2  1  0  0 -1 -2 -2  1 -2 -3  3  2  0 -3 -2 -1   25   0   0   0   0  12   0   2   0   0   0   9   0   0  18  32   2   0   0   1  0.38 0.04
   18 V   -1  0 -1 -1 -2  2  0 -2 -2  1  0  1  1 -2 -2 -1  2 -3 -2  2    0   0   2   0   0  18   5   0   0   4   3  14   3   0   0   0  18   0   0  33  0.15 0.03
   19 S    1 -1  0 -1 -1 -1 -1 -1 -1 -2 -3 -1 -2 -3  0  4  3 -3 -2 -2    0   2   0   0   0   0   0   0   0   0   0   0   0   0   4  74  20   0   0   0  0.50 0.06
   20 R   -2  6  0 -2 -4  1  0 -3  3 -3 -3  2 -2 -3 -2 -1 -2 -3 -1 -3    0  74   2   0   0   2   0   0  13   0   0   9   0   0   0   0   0   0   0   0  0.75 0.06
   21 S    1 -1  0 -1 -1 -1 -1 -1 -1 -3 -3 -1 -2 -3 -1  5  1 -3 -2 -2    0   0   0   0   0   0   0   0   0   0   0   0   0   0   0 100   0   0   0   0  0.68 0.08
   22 A    3 -1 -1 -2 -1  0 -1 -1 -2  0 -1 -1  0 -1 -1  2  1 -3 -1  1   39   0   0   0   0   2   0   0   0   4   0   0   2   1   0  34   5   0   1  11  0.23 0.03
   23 R   -1  5 -1 -2 -4  1  0 -2 -1 -3 -3  4 -2 -3 -2 -1 -1 -3 -2 -3    0  52   0   0   0   0   0   0   0   0   0  48   0   0   0   0   0   0   0   0  0.71 0.05
   24 A    5 -2 -2 -2 -1 -1 -1  0 -2 -2 -2 -1 -1 -3 -1  1  0 -3 -2 -1   97   0   0   0   0   0   0   0   0   0   0   0   0   0   0   3   0   0   0   0  0.59 0.06
   25 G    0 -3 -1 -2 -3 -2 -3  6 -3 -4 -4 -2 -3 -4 -3 -1 -2 -3 -4 -4    0   0   0   0   0   0   0 100   0   0   0   0   0   0   0   0   0   0   0   0  1.26 0.07
   26 L   -2 -3 -4 -4 -2 -3 -3 -4 -3  2  4 -3  2  0 -3 -3 -1 -2 -1  1    0   0   0   0   0   0   0   0   0   7  85   0   0   0   0   0   0   0   0   8  0.53 0.05
   27 Q    0  0 -1 -1 -3  5  1 -2  0  0 -2  0 -1 -3 -2  0  1 -3 -2 -1    5   0   0   0   0  73   0   0   0  12   0   0   0   0   0   0  11   0   0   0  0.53 0.06
   28 F   -3 -3 -4 -4 -3 -4 -4 -4 -2 -1  0 -4  0  7 -4 -3 -3  0  3 -1    0   0   0   0   0   0   0   0   0   0   0   0   0 100   0   0   0   0   0   0  1.12 0.08
   29 P   -1 -3 -3 -2 -3 -2 -2 -3 -3 -3 -4 -2 -3 -4  8 -1 -2 -4 -4 -3    0   0   0   0   0   0   0   0   0   0   0   0   0   0 100   0   0   0   0   0  2.27 0.09
   30 V   -1 -3 -3 -4  2 -3 -3 -4 -4  2  0 -3  0 -1 -3 -2  0 -3 -2  5    0   0   0   0   4   0   0   0   0   0   0   0   0   0   0   0   0   0   0  96  0.54 0.06
   31 G    0 -3 -1 -2 -3 -2 -2  6 -2 -4 -4 -2 -3 -4 -3  0 -2 -3 -3 -4    0   0   0   0   0   0   0  95   0   0   0   0   0   0   0   5   0   0   0   0  1.17 0.06
   32 R   -2  6 -1 -2 -4  1 -1 -3 -1 -4 -3  2 -2 -3 -3 -1 -2 -3 -2 -3    0 100   0   0   0   0   0   0   0   0   0   0   0   0   0   0   0   0   0   0  1.06 0.08
   33 I   -1 -3 -3 -4 -1 -3 -3 -4 -3  4  1 -3  2 -1 -3 -2 -1 -3 -2  3    0   0   0   0   0   0   0   0   0  54   5   0   5   0   0   0   0   0   0  36  0.44 0.04
   34 H    0  0  0  0 -3  0 -1  2  6 -2 -1  1  0 -2 -2 -1 -1 -3  0 -2    9   1   0   5   0   0   0  17  44   0   5  12   3   0   0   1   2   0   0   0  0.36 0.04
   35 R   -2  6 -1 -2 -4  1 -1 -3 -1 -4 -3  2 -2 -3 -3 -1 -2 -3 -2 -3    0 100   0   0   0   0   0   0   0   0   0   0   0   0   0   0   0   0   0   0  1.06 0.08
   36 H   -2 -2 -3 -3 -2 -1 -2 -3  1  0  2 -2  1  4 -3 -2 -2  1  5 -1    0   0   0   0   0   4   0   0   4   2  24   0   4  28   0   0   0   0  34   0  0.46 0.04
   37 L   -2 -3 -4 -4 -2 -3 -3 -4 -3  2  4 -3  2  0 -3 -3 -2 -2 -1  1    0   0   0   0   0   0   0   0   0   5  92   0   3   0   0   0   0   0   0   0  0.59 0.05
   38 K   -1  4 -1 -1 -4  1  0 -2 -1 -3 -3  5 -2 -3 -2 -1 -1 -3 -2 -3    0  32   0   0   0   0   0   0   0   0   0  68   0   0   0   0   0   0   0   0  0.68 0.06

                      K         Lambda
Standard Ungapped    0.1304     0.3165
Standard Gapped      0.0410     0.2670
PSI Ungapped         0.1340     0.3166
PSI Gapped           0.0410     0.2670
