
Last position-specific scoring matrix computed, weighted observed percentages rounded down, information per position, and relative weight of gapless real matches to pseudocounts
           A  R  N  D  C  Q  E  G  H  I  L  K  M  F  P  S  T  W  Y  V   A   R   N   D   C   Q   E   G   H   I   L   K   M   F   P   S   T   W   Y   V
    1 M   -1 -2 -3 -4 -2 -1 -2 -3 -2  1  2 -2  7  0 -3 -2 -1 -2 -1  0    0   0   0   0   0   0   0   0   0   0   0   0 100   0   0   0   0   0   0   0  0.56 0.04
    2 I   -2 -3 -4 -4 -2 -3 -4 -4 -4  5  2 -3  1  0 -3 -3 -1 -3 -2  2    0   0   0   0   0   0   0   0   0  89  11   0   0   0   0   0   0   0   0   0  0.48 0.03
    3 T    0 -1  0  1 -2 -1 -1 -1 -1 -2 -2 -1 -1 -1 -2  3  3 -1  3 -1    0   0   0   9   0   0   0   0   0   0   0   0   0   0   0  40  33   0  18   0  0.30 0.02
    4 D   -2 -2  1  7 -4 -1  1 -2 -2 -4 -4 -1 -4 -4 -2 -1 -1 -5 -4 -4    0   0   0 100   0   0   0   0   0   0   0   0   0   0   0   0   0   0   0   0  1.09 0.04
    5 F    0 -1  0 -1 -1 -1 -1 -1 -2  0 -1 -1 -1  1 -2  3  2 -2 -1 -1    0   0   0   0   0   0   0   0   0  11   0   0   0  10   0  58  21   0   0   0  0.26 0.02
    6 Q   -1  1  0 -1 -4  7  2 -2  0 -3 -3  1 -1 -4 -2  0 -1 -2 -2 -3    0   0   0   0   0 100   0   0   0   0   0   0   0   0   0   0   0   0   0   0  0.86 0.05
    7 V   -1 -3 -4 -4 -1 -3 -3 -4 -4  4  1 -3  1 -1 -3 -2 -1 -3 -2  4    0   0   0   0   0   0   0   0   0  47   0   0   0   0   0   0   0   0   0  53  0.42 0.03
    8 Y   -2 -2 -3 -4 -3 -2 -3 -4  0 -1  0 -3  2  5 -4 -2 -2  1  6 -1    0   0   0   0   0   0   0   0   0   0   0   0  11  38   0   0   0   0  50   0  0.70 0.03
    9 I   -1 -3 -3 -3 -1 -2 -3 -3 -3  3  1 -2  1 -1 -3 -1  2 -3 -2  4    0   0   0   0   0   0   0   0   0  21   0   0   0   0   0   0  18   0   0  61  0.32 0.02
   10 A    4 -2 -2 -2 -1 -1 -2  1 -2  0 -1 -1 -1 -2 -1  1  0 -3 -2  1   70   0   0   0   0   0   0  12   0   0   0   0   0   0   0   0   0   0   0  18  0.32 0.02
   11 L   -2 -3 -4 -4 -2 -3 -3 -4 -3  1  5 -3  2  0 -3 -3 -2 -2 -1  1    0   0   0   0   0   0   0   0   0   0 100   0   0   0   0   0   0   0   0   0  0.56 0.03
   12 M   -1 -3 -3 -4  3 -2 -3 -4 -3  2  2 -3  2  2 -3 -2 -1 -2  0  3    0   0   0   0   9   0   0   0   0  10  26   0  10  11   0   0   0   0   0  34  0.26 0.01
   13 A    1 -3 -2 -3 -1 -2 -2 -2 -2  3  1 -2  0  2 -2  0 -1 -2  0  1   21   0   0   0   0   0   0   0   0  41  10   0   0  17   0  11   0   0   0   0  0.15 0.02
   14 A    5 -2 -2 -2 -1 -1 -1  0 -2 -2 -2 -1 -1 -3 -1  1  0 -3 -2  0  100   0   0   0   0   0   0   0   0   0   0   0   0   0   0   0   0   0   0   0  0.52 0.04
   15 L   -2 -3 -4 -4 -2 -3 -3 -4 -3  1  5 -3  2  0 -3 -3 -2 -2 -1  1    0   0   0   0   0   0   0   0   0   0 100   0   0   0   0   0   0   0   0   0  0.56 0.03
   16 L   -1 -3 -4 -4 -2 -3 -3 -4 -3  2  3 -3  1  3 -3 -3 -1 -1  0  2    0   0   0   0   0   0   0   0   0  11  39   0   0  21   0   0   0   0   0  29  0.32 0.02
   17 A    2 -2 -1 -1 -1 -1 -1 -1 -2 -2 -2 -1 -2 -3  4  2  2 -3 -2 -1   28   0   0   0   0   0   0   0   0   0   0   0   0   0  23  27  22   0   0   0  0.46 0.02
   18 S    3 -2 -1 -1 -1 -1 -1  2 -2 -2 -2 -1 -2  1 -1  2  0 -2 -1 -1   40   0   0   0   0   0   0  21   0   0   0   0   0  10   0  30   0   0   0   0  0.29 0.02
   19 V   -1 -3 -3 -4 -1 -3 -3 -4 -3  3  1 -3  1  2 -3 -2 -1 -2 -1  4    0   0   0   0   0   0   0   0   0  32   0   0   0  11   0   0   0   0   0  57  0.36 0.02
   20 L   -2 -3 -4 -4 -2 -3 -3 -4 -3  1  5 -3  2  0 -3 -3 -2 -2 -1  1    0   0   0   0   0   0   0   0   0   0 100   0   0   0   0   0   0   0   0   0  0.56 0.03
   21 A    5 -2 -2 -2 -1 -1 -1  0 -2 -2 -2 -1 -1 -3 -1  1  0 -3 -2  0  100   0   0   0   0   0   0   0   0   0   0   0   0   0   0   0   0   0   0   0  0.52 0.04
   22 I   -2 -3 -4 -4 -2 -3 -4 -4 -3  4  2 -3  1  3 -3 -3 -1 -2  0  2    0   0   0   0   0   0   0   0   0  55  11   0   0  23   0   0   0   0   0  11  0.36 0.02
   23 R   -2  6 -1 -2 -4  1  0 -3 -1 -4 -3  3 -2 -3 -2 -1 -1 -3 -2 -3    0  88   0   0   0   0   0   0   0   0   0  12   0   0   0   0   0   0   0   0  0.82 0.04
   24 L   -2 -3 -4 -4 -2 -3 -3 -4 -3  1  5 -3  2  0 -3 -3 -2 -2 -1  1    0   0   0   0   0   0   0   0   0   0 100   0   0   0   0   0   0   0   0   0  0.56 0.03
   25 G    0 -3 -1 -2 -3 -2 -2  6 -2 -4 -4 -2 -3 -4 -2  1 -1 -3 -3 -3    0   0   0   0   0   0   0  89   0   0   0   0   0   0   0  11   0   0   0   0  0.98 0.03
   26 A    1 -1 -1 -2 -1 -1 -1 -2 -2 -1  1  0  0 -2 -2  2  3 -3 -2  0   10   0   0   0   0   0   0   0   0   0  23   9   0   0   0  18  40   0   0   0  0.20 0.02
   27 T    1 -1  0  1 -2  0  3 -1 -1 -2 -2  0 -2 -3 -1  2  2 -3 -2 -1   11   0   0   8   0   0  31   0   0   0   0   0   0   0   0  21  28   0   0   0  0.32 0.02
   28 L   -2 -3 -4 -4 -2 -3 -3 -4 -3  1  5 -3  2  0 -3 -3 -2 -2 -1  1    0   0   0   0   0   0   0   0   0   0 100   0   0   0   0   0   0   0   0   0  0.56 0.03
   29 Y   -2 -2 -3 -4 -3 -2 -3 -4  2 -2 -2 -2 -1  3 -4 -2 -2  2  8 -2    0   0   0   0   0   0   0   0   0   0   0   0   0   0   0   0   0   0 100   0  1.12 0.05
   30 Q   -1  1  0  2 -4  4  3 -2  0 -3 -3  3 -1 -4 -1  0 -1 -3 -2 -3    0   0   0  13   0  39  23   0   0   0   0  25   0   0   0   0   0   0   0   0  0.50 0.02

                      K         Lambda
Standard Ungapped    0.1414     0.3362
Standard Gapped      0.0410     0.2670
PSI Ungapped         0.1414     0.3362
PSI Gapped           0.0410     0.2670
