
Last position-specific scoring matrix computed, weighted observed percentages rounded down, information per position, and relative weight of gapless real matches to pseudocounts
            A   R   N   D   C   Q   E   G   H   I   L   K   M   F   P   S   T   W   Y   V   A   R   N   D   C   Q   E   G   H   I   L   K   M   F   P   S   T   W   Y   V
    1 M    -2  -2  -3  -4  -2  -1  -3  -4  -3   2   1  -2   8  -1  -3  -2  -1  -2  -2   1    0   0   0   0   0   0   0   0   0   7   0   0  86   0   0   0   0   0   0   7  0.84 0.15
    2 L    -2   0  -2  -2  -3   0  -1  -3  -2   0   3   4   0  -1  -2  -2  -1  -3  -2  -1    0   0   0   0   0   0   0   0   0   0  51  49   0   0   0   0   0   0   0   0  0.36 0.09
    3 K    -2   2  -1  -1  -4   1   0  -2  -2  -4  -3   6  -2  -4  -2  -1  -1  -4  -3  -3    0   0   0   0   0   0   0   0   0   0   0 100   0   0   0   0   0   0   0   0  0.94 0.14
    4 T     0  -3  -1  -2  -3  -2  -3   6  -3  -4  -4  -2  -3  -4  -3  -1   1  -3  -4  -3    0   0   0   0   0   0   0  86   0   0   0   0   0   0   0   0  14   0   0   0  1.08 0.11
    5 I    -1  -2  -2  -3  -1  -2  -2  -3  -3   4   1  -2   1  -1  -2  -2  -1  -2  -1   3    2   1   1   1   0   1   1   1   0  42   2   1   0   1   1   1   1   0   1  40  0.31 0.05
    6 S    -2  -3   0  -3  -3  -2  -2  -3   5  -3  -4  -2  -3  -4   1   3   5  -4  -3  -3    0   0   3   0   0   0   0   0  17   0   1   0   0   0   6  22  47   0   0   0  0.86 0.33
    7 P     2  -2  -2  -3  -3  -2  -2   4  -3  -3  -3   0  -2  -4   3   0   2  -4  -2  -3   17   2   0   0   0   0   1  32   0   1   1   6   1   0  18   3  16   0   1   0  0.54 0.21
    8 L    -1  -4  -5  -5  -3  -4  -5  -5  -5   5   4  -4   1  -2  -5  -4  -3  -4  -3   3    4   0   0   0   0   0   0   0   0  33  41   0   2   0   0   0   0   0   0  19  0.86 0.30
    9 I    -4  -5  -6  -6  -4  -5  -5  -6  -5   3   6  -5   1   0  -5  -5  -4  -4  -3  -1    0   0   0   0   0   0   0   0   0  16  79   0   1   3   0   0   0   0   0   1  1.29 0.42
   10 S    -4  -3   8  -2  -5  -3  -3  -3   2  -6  -6  -3  -5  -6  -5   1  -2  -7  -5  -6    0   0  83   0   0   0   0   0   4   0   0   0   0   0   0  12   2   0   0   0  2.00 0.59
   11 P     2   1  -2  -3  -3  -1  -2  -3  -3  -1  -4  -1  -3  -4   3   4  -1  -5  -4  -2   17   9   1   0   0   3   1   0   0   4   0   1   0   0  16  45   1   0   0   2  0.65 0.31
   12 E     0  -2  -1   3  -5   2   5  -3   4  -5  -5  -2  -4  -5   0  -1  -2  -5  -3  -4    7   1   2  20   0  10  40   1  11   0   0   0   0   0   5   2   1   0   0   1  0.77 0.31
   13 L    -4  -5  -6  -6  -4  -5  -5  -6  -5   5   5  -5   1  -2  -5  -5  -3  -4  -3   1    0   0   0   0   0   0   0   0   0  34  60   0   2   0   0   0   0   0   0   4  1.16 0.38
   14 L     2  -3  -1  -3   1  -3  -3  -1  -4  -4   1  -3  -3  -4  -3   5  -1  -5  -4  -3   18   0   3   0   3   0   0   2   0   0  13   0   0   0   0  60   0   0   0   0  0.85 0.39
   15 K     1   3  -1  -2  -4   0   1  -1   1  -4  -3   3  -3  -1  -3   1  -1  -3   3  -3   12  19   2   0   0   3   8   5   2   0   0  21   0   3   0   9   2   0  15   0  0.37 0.20
   16 V     2  -4  -4  -5  -1  -4  -3  -4  -4   2   2  -4   0  -1  -4  -3  -1  -4  -2   5   17   0   0   0   1   0   1   0   0  12  17   0   1   1   0   0   3   0   1  46  0.61 0.27
   17 L    -2  -5  -5  -5  -3  -4  -5  -6  -5   5   3  -5   0  -1  -5  -4  -2  -4  -3   3    3   0   0   0   0   0   0   0   0  44  32   0   0   1   0   0   1   0   0  19  0.93 0.32
   18 A     6  -4  -4  -2  -3  -3  -3  -3  -4  -4  -4  -3  -4  -5  -3   3  -2  -5  -4  -3   80   0   0   3   0   0   0   0   0   0   0   0   0   0   0  18   0   0   0   0  1.35 0.49
   19 E    -1   3   0   3  -4   1   2   0  -2  -4  -4   1  -3  -4  -3   2   2  -4  -3  -3    2  19   2  15   0   6  13   6   0   0   0   5   0   0   0  18  14   0   0   0  0.42 0.21
   20 M    -4  -5  -6  -6  -4  -4  -5  -6  -5   0   5  -5   7  -1  -5  -5  -4  -4  -3  -1    0   0   0   0   0   0   0   0   0   3  57   0  37   2   0   0   0   0   0   1  1.44 0.47
   21 G    -3  -5  -3  -4  -6  -5  -5   7  -5  -7  -7  -5  -6  -6  -5  -3  -5  -6  -6  -6    0   0   0   0   0   0   0 100   0   0   0   0   0   0   0   0   0   0   0   0  2.37 0.60
   22 H    -5  -4  -3  -5  -7  -3  -4  -6  11  -7  -7  -4  -5  -5  -6  -5  -5  -6  -2  -7    0   0   0   0   0   0   0   0 100   0   0   0   0   0   0   0   0   0   0   0  3.55 0.82
   23 G    -2  -3  -3  -4  -4  -3  -4   3  -4  -3  -3  -1   2   1  -4  -2   6  -4  -2  -3    0   1   0   0   0   0   0  28   0   0   0   4   7   7   0   0  52   0   1   0  0.94 0.40
   24 D    -4  -5  -2   8  -7  -2  -1  -4  -2  -6  -7  -4  -6  -7  -5  -3  -4  -7  -6  -6    1   0   0  95   0   2   2   0   1   0   0   0   0   0   0   0   0   0   0   0  2.34 0.62
   25 E    -1  -1  -2  -2  -3   1   3  -1  -2   0   0   0   2  -3  -3   0   2   3  -2  -1    2   3   0   0   0   7  22   4   0   7  12   6   6   0   0   7  17   5   1   1  0.24 0.18
   26 I    -3  -5  -6  -6  -3  -5  -5  -6  -5   5   4  -5   0  -1  -5  -4  -3   0  -3   2    0   0   0   0   0   0   0   0   0  39  45   0   0   2   0   0   0   1   0  13  1.00 0.34
   27 I     1  -4  -3  -4   1  -3  -3  -2  -4   1   0  -3   1  -3  -4   0   3  -4  -3   4    9   0   0   0   3   0   0   3   0   4   5   0   3   0   0   8  20   0   0  45  0.53 0.27
   28 F    -3  -5  -6  -6  -3  -5  -5  -6  -6   6   1  -5  -1   0  -5  -5  -3  -5  -3   3    0   0   0   0   0   0   0   0   0  62  11   0   0   4   0   0   0   0   0  23  1.23 0.40
   29 S     3  -4  -1  -4   7  -4  -4   3  -4  -3  -4  -3  -3  -4  -4   0  -2  -5  -4   1   28   0   3   0  25   0   0  26   0   0   0   0   0   0   0   8   0   0   0  10  0.85 0.32
   30 D    -5  -5  -2   8  -7  -3  -2  -5  -4  -7  -7  -4  -6  -7  -5  -3  -4  -8  -6  -7    0   0   0 100   0   0   0   0   0   0   0   0   0   0   0   0   0   0   0   0  2.60 0.67
   31 A     6  -4  -4  -4   5  -3  -4  -3  -4  -3  -1  -3   0  -4  -4   0  -2  -5  -3  -2   68   0   0   0  15   0   0   0   0   0   6   0   2   0   0   6   0   0   1   1  1.10 0.42
   32 H    -3  -5   0  -4  -5  -4  -5   7   3  -7  -7  -4  -5  -6  -5  -3  -4  -5  -5  -6    0   0   5   0   0   0   0  87   8   0   0   0   0   0   0   0   0   0   0   0  1.93 0.52
   33 F    -4  -4  -5  -6  -4  -4  -5  -6  -4  -1   5  -5   5   5  -3  -4  -2  -3  -1  -2    0   0   0   0   0   0   0   0   0   0  59   0  14  23   1   0   2   0   1   0  1.10 0.38
   34 P    -4  -6  -6  -5  -6  -5  -5  -6  -6  -6  -6  -4  -6  -7   9  -4  -5  -7  -7  -6    0   0   0   0   0   0   0   0   0   0   0   0   0   0 100   0   0   0   0   0  3.21 0.74
   35 A     0  -5  -5  -5  -1  -5  -5  -5  -5   6  -1  -5  -1  -3  -5  -3  -1  -5  -4   4    9   0   0   0   1   0   0   0   0  58   0   0   0   0   0   1   3   0   0  28  1.10 0.39
   36 H    -4  -5  -5  -4  -6  -4  -4  -5   3  -6  -6  -4  -6  -7   8   0  -4  -7  -5  -6    0   0   0   0   0   0   0   0   8   0   0   0   0   0  85   7   0   0   0   0  2.54 0.63
   37 S     0   0   2   2  -3   0   1  -2   1  -3  -3   1   0  -3   2   2  -1  -4  -3  -2    8   5   9  15   0   4   8   0   3   0   2   7   3   1  12  20   1   0   0   2  0.31 0.16
   38 M    -1  -2  -1   2  -3  -1   1   4   1  -1  -2  -2   0  -3  -3   0   0  -4  -3  -2    3   1   2  13   0   2  11  37   4   5   5   0   4   0   0   7   5   0   0   2  0.38 0.18
   39 G     0  -3  -3  -2  -3  -1  -2   1   2   0  -2  -3  -2  -3   1   0   2  -4  -3   4    9   0   0   1   0   2   2  12   5   3   0   0   0   0   6   4  18   0   0  38  0.36 0.23
   40 P    -1   1  -1  -2  -4   2   3  -3   2  -4  -3   3  -3  -2   3  -1   0  -2  -3  -3    3   6   2   0   0  11  23   0   5   0   1  19   0   2  17   2   7   1   0   0  0.51 0.22
   41 Q    -3   6  -2  -3   3   0   0  -4  -2  -2  -1   3   0  -2  -4  -2  -3  -4  -3   0    0  45   1   0   7   4   4   0   0   1   6  20   2   1   0   0   0   0   0   8  0.71 0.29
   42 V    -3  -2  -5  -5  -3  -4  -1  -5  -5   7  -1  -4  -1  -3  -5  -4  -3  -5  -4   4    0   2   0   0   0   0   5   0   0  66   0   0   0   0   0   0   0   0   0  23  1.21 0.40
   43 I    -4  -4  -2   8  -5  -3  -1  -4  -4   2  -4  -3  -4  -5  -4  -3  -3  -6  -5  -2    0   0   0  79   0   0   0   0   0  15   0   0   0   0   0   0   0   0   0   2  1.73 0.50
   44 R    -3   2  -4  -2  -3  -3  -4  -5  -4   0   5  -3   2  -2  -4  -4  -3  -4  -3  -1    0  14   0   2   0   0   0   0   0   3  71   0   3   0   0   0   0   0   0   2  0.92 0.34
   45 A     6  -4  -4  -4  -1  -3  -3  -2  -4  -3  -2  -3  -3  -4  -2   1  -2  -5  -4   0   79   0   0   0   1   0   0   0   0   0   2   0   0   0   1   8   0   0   0   5  1.15 0.42
   46 D    -2  -4  -3   2  -3  -3  -3  -3  -4   1   4  -3   0   1  -4  -3  -2  -3  -2   2    3   0   0  13   0   0   0   2   0   5  52   0   0   4   0   0   0   0   0  18  0.56 0.25
   47 G     0   0  -2   1  -1  -2   0   2  -3   0  -1  -1  -2  -3  -3   0   4  -4  -3   0    5   5   0  10   1   0   5  15   0   7   4   3   0   0   0   3  36   0   0   4  0.31 0.19
   48 L     0   1  -1  -2  -3   2   0  -3   2   0   1   2   0   0   2  -1  -2  -3  -2  -1    7   5   3   0   0   9   5   0   8   6  16  18   2   4  10   1   0   0   0   4  0.16 0.12
   49 R    -1   0   1  -1  -4  -2  -2   6  -4  -5  -4  -1  -4  -5  -4   0  -3  -5  -5  -5    3   4   7   4   0   1   2  69   0   0   1   3   0   0   0   5   0   0   0   0  1.15 0.35
   50 V    -2  -2  -4  -4  -3  -2  -3  -3  -4   4   1   0   0   0  -4  -3  -1  -4  -1   4    0   2   0   0   0   1   1   2   0  32  13   8   1   4   0   0   4   0   1  30  0.47 0.22
   51 S    -2  -5  -3   0  -5  -4  -4  -5  -5  -2  -5  -4  -5  -6   8  -1  -2  -6  -6  -5    2   0   1   5   0   0   0   0   0   3   0   0   0   0  82   4   2   0   0   0  2.29 0.57
   52 D    -1   0   0   4  -3   0   0   0  -3  -3  -2  -1  -3  -4   0   3   2  -5  -4  -3    3   4   1  29   0   4   2   8   0   1   4   2   0   0   5  25  13   0   0   0  0.43 0.22
   53 L    -2  -4  -3  -5  -4  -4  -4  -5  -4   0   2  -4  -1   7  -4  -2  -1  -2   0   2    2   0   1   0   0   0   0   0   0   2  19   0   0  53   0   4   3   0   0  14  0.97 0.33
   54 L    -2  -3  -4  -5  -3  -1  -4  -4  -4   2   5  -3   4  -1  -4  -4  -3  -3  -3   1    2   1   0   0   0   3   0   1   0   9  62   1  11   1   0   0   0   0   0   6  0.77 0.29
   55 Q    -1   2  -1   2  -4   4   4  -3  -2  -4  -4   1  -3  -4  -1   0   0  -4  -3  -4    4  12   1  14   0  20  28   0   0   0   0   7   0   0   3   5   5   0   0   0  0.57 0.24
   56 A     2  -3  -1  -2  -2  -2  -1  -2  -3   0  -2  -2  -2  -3  -2  -1   4  -4  -3   3   17   0   3   1   0   0   3   3   0   4   1   2   0   0   1   2  29   0   0  32  0.42 0.23
   57 I    -1  -2  -3  -3  -2  -2  -2   0  -3   3   1  -2   0   0  -2  -2  -1  -2  -2   4    2   1   1   1   0   2   2   7   1  17   8   1   1   4   1   2   1   0   1  46  0.42 0.17
   58 I    -1   0  -1  -2  -2  -1  -1  -2  -1   1   3   0   0   0  -2  -1   1  -2  -1   0    3   5   3   2   1   1   4   3   1   7  38   5   1   2   1   3  12   0   1   6  0.14 0.09
   59 P     1   0   0  -1  -2   0   0   0  -1  -1  -1   1  -1  -2   3   1   0  -2  -2   1   11   3   4   3   1   4   4   5   1   3   3  10   1   1  16  11   5   0   1  13  0.16 0.06
   60 L     0  -1  -1   0  -2  -1   2  -2  -2   0   2  -1   0  -1  -1   0   1  -2  -2   1    8   1   1   5   1   1  18   2   1   5  25   2   1   1   1   7   8   0   1  10  0.10 0.07
   61 F    -1  -2  -2  -2  -2  -1  -2  -2  -1   1   2  -2   4   3  -2  -1   0  -1   0   1    3   2   2   1   1   2   2   2   2   7  22   1  16  17   1   4   5   0   2   7  0.22 0.11
   62 E     0   0   0  -1  -2   3   3  -2  -1  -1  -1   0  -1  -2   1   0   0  -2  -2  -1    8   3   3   1   1  18  25   2   1   3   7   4   1   2   7   7   4   0   1   4  0.25 0.11
   63 L    -1  -2  -2   0  -1  -1   2  -2  -2   1   2  -2   1   1  -2  -1  -1  -2  -1   2    3   1   1   4   1   1  17   2   0   7  29   1   4   5   1   3   3   0   2  15  0.17 0.11
   64 D    -3  -1   0   4  -4   2   4  -3  -2  -3  -1   0   1  -4  -3  -1  -2  -4  -3  -3    0   2   3  29   0  12  31   0   0   0   7   4   6   0   0   3   2   0   0   0  0.65 0.26
   65 S     0   0   0  -1  -2   2   1   0  -2  -1   0   1   1  -1  -2   0   1  -3  -2   0    7   6   2   2   0  11   8   7   0   2   8  10   7   3   0   8  11   0   0   8  0.08 0.08
   66 Y    -1  -3  -3  -4  -3  -1  -1  -4   2   3   0  -3   0   0  -4  -3  -1  -2   4   4    5   0   0   0   0   3   5   0   5  20   4   0   1   2   0   0   1   0  17  36  0.49 0.23
   67 A     0  -3  -2  -2  -2  -1   1  -3  -1   1   2  -2   0  -1  -3  -2   0  -3   1   2    8   0   1   2   0   2  13   0   1   7  26   0   1   0   0   1   7   0   6  23  0.22 0.15
   68 P     1   1   0   1  -3   0   3  -1  -1  -3  -2   1  -1  -3   0   1  -1  -3  -1  -2   13   6   3   6   0   1  28   4   0   1   3  10   2   1   5  11   3   0   3   1  0.25 0.12
   69 P     0   0   0   0  -2   0   3   0   0   0  -2   1  -2  -2   2   0  -1  -2  -1   0    9   4   4   2   0   1  24   6   3   8   3   9   1   1  13   4   1   0   2   6  0.19 0.09
   70 V     0  -2  -3  -3  -2  -2  -1  -3  -3   2   3  -2   2  -1  -2  -2  -1  -2  -1   2    7   1   1   1   0   1   4   2   0  15  33   1   6   2   1   1   1   0   2  21  0.30 0.13
   71 V     1  -2  -2  -2  -1   0   0  -1  -2   1   1   0   1  -1  -2  -1   0  -2  -2   2   16   1   1   1   1   6   6   3   0   9  18   5   3   2   1   1   4   0   1  20  0.11 0.08
   72 M     0  -1  -2  -2  -2  -1   0  -2  -1   1   0  -1   4  -2  -1  -1  -1  -2  -2   4    7   4   1   1   0   3   6   2   2   3   6   3  14   1   2   4   2   0   1  38  0.26 0.15
   73 M    -1  -1  -1   0  -2   1   4  -2  -1   0   0  -1   4  -1  -2  -1  -1  -2  -2  -1    5   2   1   3   1   4  40   2   1   5   6   2  15   2   2   2   4   0   1   3  0.38 0.16
   74 A     0   0  -1   0  -2   1   1  -1  -1   1   1   1   1  -1  -2  -1  -1  -2  -2   0   10   4   1   3   0   6  13   6   1  15  16  10   4   2   1   1   2   0   0   4  0.06 0.07
   75 A     5  -3  -4  -2  -3  -1  -1  -3  -2   2  -1  -1  -2  -4  -3  -1  -2  -5  -4   1   63   0   0   2   0   2   3   0   1  12   5   3   0   0   0   0   1   0   0   8  0.70 0.33
   76 V    -1  -1  -2  -2  -3   0   3  -4  -2   1  -1   0  -2  -2  -3  -1   1  -4   1   3    2   2   1   1   0   4  21   0   1   9   1   5   0   0   0   5   9   0   5  34  0.31 0.21
   77 E    -1  -3  -1  -1  -5   0   6  -4   0   0   0  -1  -3  -4   2  -2  -3  -5  -4  -2    4   0   3   0   0   3  58   0   2   6  10   1   0   0   9   0   0   0   0   2  0.80 0.35
   78 G     2  -2   1  -2  -1  -1  -1   1  -1   2  -1  -1   2   1  -3   1   0  -3  -2   0   24   1   7   0   1   2   2   9   1  21   1   4   6   7   0   9   4   0   0   1  0.16 0.15
   79 D     0   1   0   3  -3   0   1  -1   1  -1  -2   3  -1  -3   0  -1  -1  -4  -3  -1   11   7   3  17   0   1   9   3   5   4   2  23   1   0   5   2   2   0   0   5  0.23 0.14
   80 A    -1  -2   0   1  -4   2   4   0  -2  -2  -2  -1   0  -4  -3   0   1  -4  -2  -2    4   0   4   6   0  11  37   8   0   3   3   1   2   0   0   4  11   0   1   3  0.40 0.21
   81 L    -1  -2  -3  -3  -3  -1  -1  -3   2   3   2   0   2  -1  -4  -3  -2  -3  -2   2    4   2   0   1   0   3   4   1   7  22  26   6   6   2   0   0   0   0   0  17  0.30 0.17
   82 D     0   0   4   2  -3   1   0  -2   2  -2  -2   2  -3  -4  -3   2  -1  -4  -2  -3    9   3  24  12   0   4   3   0   6   2   5  14   0   0   0  16   0   0   1   1  0.35 0.19
   83 P    -1  -2  -1   1  -4  -1   1  -2  -1  -3  -3   0  -3  -4   6   0   1  -5  -4  -2    3   1   2   7   0   1  11   3   2   1   2   4   0   0  44   6   9   0   0   3  0.85 0.27
   84 T     2  -1   0   0  -3   2   2  -2   1  -3  -2   0  -2  -3   2   0   1   1  -2  -1   19   0   4   4   0  11  19   2   4   0   2   5   0   0  11   4   8   2   0   4  0.27 0.15
   85 V    -1  -2   3  -2  -1  -1  -2  -2  -2   2   2  -2   1  -2  -3  -1   1  -3  -1   2    3   1  18   0   1   3   2   1   1  16  19   0   3   0   0   3   8   0   2  17  0.20 0.14
   86 E    -1  -1  -1  -2  -4   1   2  -3   5  -3   0   0  -2   0   3  -1  -2   4   1  -3    3   2   3   0   0   5  13   1  20   0  14   5   0   3  17   2   0   6   4   0  0.43 0.20
   87 Q    -1   0   0   3  -4   4   3  -3   0  -3  -3   1  -1  -4  -1  -1   1  -4  -3  -2    5   3   3  19   0  20  21   1   2   0   2   7   1   0   3   1  10   0   0   2  0.44 0.20
   88 R     1   2   0  -1   0   3   1  -1   1  -2  -1   1  -1  -3  -2   0  -1  -3  -2  -1   13  12   5   0   3  18   9   5   3   1   6  10   1   0   0   7   2   0   0   3  0.20 0.12
   89 Y    -1  -3  -2  -4  -3   0  -3  -4   0   2   4  -3   0   1  -2  -3  -2   1   4  -1    4   0   3   0   0   5   1   1   2  10  42   0   1   5   2   1   1   2  19   1  0.46 0.21
   90 R     0   1  -2  -2  -2   1   2  -2  -2   0   1   1   0  -1  -1   0   0  -3  -2   0    7   6   0   0   0   6  15   2   0   7  20  11   2   1   2   8   4   0   1   8  0.10 0.08
   91 Q     1   1   1   0  -3   3   3  -1   0  -2  -3   1  -2  -4  -2   1   0  -1  -2  -2   13   6   7   5   0  19  19   4   2   2   1   7   0   0   1   9   4   1   1   1  0.29 0.16
   92 A     2  -3  -3  -3  -1  -1   0  -2  -3   2   2  -2   2   0  -3  -1  -1   1  -2   0   20   0   0   0   1   3   8   1   0  14  30   0   4   4   0   3   3   2   0   5  0.21 0.14
   93 L     0  -2  -3  -3  -3   0   1  -3  -3   3   3  -1   2   0  -3  -2  -2  -3  -2   1    7   1   0   0   0   4  13   1   0  26  30   4   5   3   0   1   0   0   0   4  0.31 0.17
   94 S     0   1  -1   0  -3   2   2  -1  -1  -2  -1   2  -2  -1   0   1   0  -3  -2  -2    8   5   2   3   0  14  12   5   1   1   7  18   0   3   3  13   3   0   0   1  0.19 0.11
   95 T     1   1  -1  -1  -1   2   0  -2   2  -1   0   2  -1  -2  -2   0   1  -3  -2  -1   14   7   2   2   1  13   4   2   7   3  13  17   0   0   1   3   9   0   0   2  0.15 0.11
   96 Q     0   0   1   0  -2   3   1  -1   1  -1   0   0   0  -1  -2  -1   0  -2  -1  -1    7   5   7   4   0  21  12   3   5   4  10   3   3   4   1   1   6   0   1   3  0.13 0.09
   97 A     0  -1   0   0  -2  -1  -1   4  -2  -1  -1  -1  -1   0  -2   0  -1  -2  -2  -1    9   4   5   6   0   1   2  37   0   4   8   3   1   6   1   4   3   0   1   4  0.25 0.11
   98 P    -1   1   3   1   0   0   0  -1   0  -3  -3   1  -1  -1   3   1  -1  -3  -1  -3    4   7  17   6   2   2   6   4   1   1   2  11   1   3  18  10   2   0   2   1  0.29 0.12
   99 C     0  -1   1   2   1   0   0   0   0  -1  -1   0  -1   0   1   0   1  -2  -1  -1    6   3   6  14   5   6   5   5   3   5   8   3   0   5   6   6  10   0   1   5  0.06 0.04
  100 P    -1  -2  -2  -2  -3  -1  -2   0  -3   3  -1  -1  -1  -1   3  -2   0  -4  -3   3    4   1   1   1   0   3   3   7   0  26   1   3   0   3  19   1   5   0   0  21  0.35 0.18
  101 D     1  -1   0   1  -3   2   4  -3  -1  -4  -3   2  -3  -3   2   0   1   0  -3  -3   11   0   4   5   0   7  29   0   1   0   1  13   0   1   9   7   8   1   0   0  0.38 0.19
  102 I    -3  -1  -5  -5  -3  -2  -3  -5  -4   5   2  -4   0   1  -4  -4  -2  -4  -2   3    0   4   0   0   0   1   1   0   0  42  19   0   2   7   0   0   0   0   0  22  0.70 0.27
  103 V     0   1  -1   1  -3   1   4  -1   2  -1  -1   0  -1  -3  -2   0   1  -4  -3  -1    6   6   1   6   0   4  33   3   6   3   4   6   1   0   0   4  11   0   0   6  0.28 0.16
  104 R    -2   1  -3  -3  -1  -2  -1  -2   0  -2  -1   0  -1   4  -2  -2   0   2   6  -1    1   9   0   1   1   1   4   3   1   2   5   5   1  19   2   1   7   3  31   3  0.51 0.23
  105 I    -2  -2  -4  -4   1  -3  -3  -5  -4   4   1  -3   3  -2  -4  -3  -1  -4  -3   5    0   2   0   0   3   0   2   0   0  29   8   2   8   0   0   0   3   0   0  42  0.71 0.28
  106 D    -1  -2   1   1  -4  -2   1  -2  -3  -4  -3  -2  -3  -4   5   4   0  -5  -4  -3    1   2   5   7   0   0   9   2   0   0   3   0   0   0  25  39   6   0   0   1  0.70 0.30
  107 R    -5   3  -3  -4  -6  -3  -3  -5  11  -6  -6  -3  -5  -5  -5  -4  -5  -5  -2  -6    0  13   0   0   0   0   0   0  85   0   0   0   0   0   0   0   0   0   0   0  2.79 0.68
  108 F    -2  -3  -1   0  -5  -1   6  -3  -3  -4  -4  -1  -4   3  -3   1  -1  -1  -2  -3    2   0   2   4   0   0  61   1   0   0   0   1   0  12   0   9   2   1   1   2  0.93 0.37
  109 A     2  -1  -1   2  -4   3   5  -3  -1  -4  -3   0  -2  -4  -3  -1  -1  -4  -4  -3   18   1   2  10   0  16  39   0   1   0   2   2   1   0   0   2   4   0   0   1  0.63 0.28
  110 F    -4  -5  -5  -6  -4  -5  -5  -6  -4  -2   3  -5   3   7  -6  -5  -4  -2   0  -2    0   0   0   0   0   0   0   0   0   0  29   0   8  61   0   0   0   0   0   0  1.51 0.45
  111 Y    -4  -1  -3  -4  -6  -2  -2  -4  -3  -5  -3   7  -4  -4  -4  -3  -3  -4   4  -5    0   0   0   0   0   0   0   0   0   0   2  83   0   0   0   0   0   0  13   0  1.67 0.53
  112 D     1   0  -1   1  -3   3   3  -3  -1  -2  -2   2  -2  -4  -3   0   1  -4  -3   0   13   3   1   8   0  14  21   0   1   1   4  16   0   0   0   3   8   0   0   7  0.31 0.18
  113 R    -2   4   0   0  -2   2   0  -4   1   0   2   0   3  -2  -4  -2  -2  -3  -1  -2    2  25   4   6   1   9   4   0   4   4  25   2   8   1   0   1   1   0   2   0  0.29 0.19
  114 A     2  -3  -1  -3   1  -3  -3  -3  -4  -2   1  -3  -2  -3  -3   3   4  -4  -3  -1   20   0   2   0   3   0   0   0   0   0  18   0   0   0   0  22  32   0   0   3  0.52 0.28
  115 Q     2   3   1  -2  -2   2  -1  -1   1  -4  -3   4  -3  -4  -1   0  -1  -4  -3  -3   17  16   5   0   1   9   2   2   4   0   1  30   0   0   2   7   2   0   0   0  0.44 0.22
  116 K    -1   0   2   2  -4   3   2  -2   2  -3  -4   3  -3  -4  -3   0   0  -4  -3  -4    4   3  12  13   0  19  11   2   6   1   0  21   0   0   0   6   4   0   0   0  0.46 0.21
  117 A     5  -3   0  -3   3  -3  -3  -2  -4  -3  -4  -3  -3  -4  -3   3   0  -5  -4   0   49   0   4   0   7   0   0   0   0   0   0   0   0   0   0  27   5   0   0   8  0.77 0.34
  118 F    -2   4  -3  -3  -5   1  -1  -4   2  -4  -4   5  -3   2  -4  -2  -3  -4   1  -1    1  21   0   0   0   4   1   0   5   0   0  49   0   9   0   2   0   0   4   4  0.84 0.34
  119 A     6  -4  -4  -5  -3  -4  -4   0  -4  -4  -2  -4  -3   0  -4  -2  -3  -5  -4  -2   83   0   0   0   0   0   0   7   0   0   4   0   0   4   0   0   0   0   0   2  1.27 0.47
  120 I    -2  -5  -2  -5  -3  -5  -5  -6  -5   4  -1  -5  -1   3  -5  -4  -3  -4  -2   6    1   0   3   0   0   0   0   0   0  27   1   0   0  11   0   0   0   0   1  57  1.05 0.38
  121 V    -3  -5  -6  -6  -4  -5  -5  -6  -6   6  -1  -5  -1  -3  -5  -5  -3  -5  -4   6    0   0   0   0   0   0   0   0   0  48   0   0   0   0   0   0   0   0   0  52  1.45 0.46
  122 I    -1   8  -4  -5  -6  -2  -3  -5  -3   0  -5  -1  -4  -6  -5  -4  -4  -6  -5  -3    5  87   0   0   0   0   0   0   0   7   0   0   0   0   0   0   0   0   0   1  1.92 0.57
  123 T    -3  -4  -3  -4  -4  -4  -4  -4  -5  -4  -4  -4  -4  -5  -4   2   7  -6  -5  -3    0   0   0   0   0   0   0   0   0   0   0   0   0   0   0  12  88   0   0   0  1.85 0.60
  124 G    -3  -5  -3  -4  -6  -5  -5   7  -5  -7  -7  -5  -6  -6  -5  -3  -5  -6  -6  -6    0   0   0   0   0   0   0 100   0   0   0   0   0   0   0   0   0   0   0   0  2.37 0.60
  125 E    -1  -3  -3  -1  -7  -1   7  -5  -3  -6  -6  -2  -5  -6  -4  -3  -4  -6  -5  -5    6   0   0   2   0   0  92   0   0   0   0   0   0   0   0   0   0   0   0   0  1.98 0.60
  126 C     1  -2  -1  -2   8   0  -2  -4  -2   0  -2  -3   3   1  -4  -2   1   1   0  -1   15   2   3   2  33   4   2   0   1   5   2   0   9   7   0   0   9   2   3   3  0.63 0.27
  127 A     1   0  -2  -2  -3   1  -1  -3  -3  -2  -4  -1  -3  -4  -3   2   6  -5  -4  -2   14   5   0   2   0   5   2   0   0   1   0   2   0   0   0  14  53   0   0   2  0.77 0.35
  128 K    -2  -4  -5  -5  -6  -4  -4  -5  -5  -5  -2   1  -5  -6   8  -2  -4  -7  -6  -5    2   0   0   0   0   0   0   0   0   0   5   8   0   0  83   2   0   0   0   0  2.37 0.60
  129 Y    -5  -5  -6  -7  -6  -5  -6  -6  -2  -5  -4  -5  -4   3  -6  -5  -5   4   9  -5    0   0   0   0   0   0   0   0   0   0   0   0   0   9   0   0   0   4  87   0  2.69 0.68
  130 G     5  -4  -3  -3   1  -3  -3   2  -4  -4  -4  -3  -4  -5  -3   3  -2  -5  -4  -3   52   0   0   0   3   0   0  17   0   0   0   0   0   0   0  28   0   0   0   0  0.93 0.38
  131 N    -5  -4   9  -2  -6  -3  -4  -4  -3  -7  -7  -3  -6  -6  -5  -2  -3  -7  -5  -6    0   0  98   0   0   0   0   0   0   0   0   0   0   0   0   2   0   0   0   0  2.59 0.69
  132 I    -2  -5  -5  -6   2  -5  -5  -6  -6   6   1  -5  -1  -3  -5  -4  -3  -5  -4   4    2   0   0   0   4   0   0   0   0  51   7   0   0   0   0   0   0   0   0  37  1.15 0.38
  133 L    -1  -5  -5  -6  -4  -5  -5  -2  -6   7   1  -5  -1  -3  -5  -4  -2  -5  -4   1    6   0   0   0   0   0   0   4   0  75  10   0   0   0   0   0   1   0   0   3  1.28 0.43
  134 L    -4  -5  -6  -6  -4  -5  -6  -6  -5   1   6  -5   0   2  -6  -5  -4  -4  -3  -1    0   0   0   0   0   0   0   0   0   5  86   0   0   7   0   0   0   0   0   2  1.40 0.44
  135 K    -2   2  -2  -2   3   2   2  -3   2  -1  -3   3  -2  -2  -3  -2  -2  -3   2   1    1  11   0   0   9  11  13   1   6   2   0  20   0   1   0   1   0   0  10  13  0.35 0.21
  136 K     3  -3  -2  -3   4  -2  -3  -1  -3  -4  -4   2  -4  -5  -3   5  -1  -5  -4  -3   27   0   0   0   8   0   0   3   0   0   0  13   0   0   0  48   1   0   0   0  0.83 0.37
  137 G    -3  -5   0  -2  -6  -5  -5   7  -5  -7  -7  -4  -6  -6  -5  -3  -4  -6  -6  -6    0   0   4   1   0   0   0  95   0   0   0   0   0   0   0   0   0   0   0   0  2.16 0.56
  138 V    -3  -6  -6  -6  -4  -5  -6  -6  -6   0  -2  -5  -2  -4  -5  -5  -3  -6  -4   7    0   0   0   0   0   0   0   0   0   0   0   0   0   0   0   0   0   0   0 100  2.01 0.59
  139 T    -2  -4  -3  -4  -3  -3  -3  -4  -4   4  -2  -3  -2  -3  -4  -1   6  -5  -4  -1    0   0   0   0   0   0   0   0   0  36   0   0   0   0   0   2  63   0   0   0  1.09 0.36
  140 P    -1  -2  -2  -2  -3  -2  -1  -2  -3  -3  -3  -1  -3  -4   8  -1  -1  -4  -3  -3    0   0   0   0   0   0   0   0   0   0   0   0   0   0 100   0   0   0   0   0  2.11 0.03

                      K         Lambda
Standard Ungapped    0.1395     0.3232
Standard Gapped      0.0455     0.2670
PSI Ungapped         0.1488     0.3174
PSI Gapped           0.0455     0.2670
