
Last position-specific scoring matrix computed, weighted observed percentages rounded down, information per position, and relative weight of gapless real matches to pseudocounts
            A   R   N   D   C   Q   E   G   H   I   L   K   M   F   P   S   T   W   Y   V   A   R   N   D   C   Q   E   G   H   I   L   K   M   F   P   S   T   W   Y   V
    1 V    -1  -3  -3  -4  -1  -3  -3  -4  -4   3   1  -3   1  -1  -3  -2   0  -3  -2   5    0   0   0   0   0   0   0   0   0  13   0   0   0   0   0   0   0   0   0  87  0.43 0.03
    2 I    -1  -3  -3  -4  -1  -3  -3  -4  -4   5   1  -3   1  -1  -3  -2   0  -3  -2   3    0   0   0   0   0   0   0   0   0  78   0   0   0   0   0   0   4   0   0  18  0.42 0.03
    3 G     0  -3  -1  -2  -3  -2  -3   7  -3  -4  -4  -2  -3  -4  -3  -1  -2  -3  -4  -4    0   0   0   0   0   0   0 100   0   0   0   0   0   0   0   0   0   0   0   0  1.15 0.04
    4 G     0  -3  -1  -2  -3  -2  -3   7  -3  -4  -4  -2  -3  -4  -3  -1  -2  -3  -4  -4    0   0   0   0   0   0   0 100   0   0   0   0   0   0   0   0   0   0   0   0  1.15 0.04
    5 D    -1   0   1   6  -4   0   1  -2   1  -2  -3  -1  -3  -3  -2  -1  -1  -4  -3  -1    4   7   0  75   0   0   0   0   7   0   0   0   0   0   0   0   0   0   0   7  0.63 0.03
    6 E    -1  -1  -1   1  -4   2   5  -3  -1  -4  -3   0  -3  -4   3   0  -1  -4  -3  -3    0   0   0   0   0   0  86   0   0   0   0   0   0   0  14   0   0   0   0   0  0.78 0.04
    7 C    -1  -4  -3  -4  10  -4  -4  -3  -4  -2  -2  -4  -2  -3  -4  -1  -1  -3  -3  -1    0   0   0   0 100   0   0   0   0   0   0   0   0   0   0   0   0   0   0   0  1.53 0.06
    8 N    -2  -1   6   3  -3   0   0  -1   0  -4  -4  -1  -3  -4  -2   0   0  -4  -3  -4    0   0  85  15   0   0   0   0   0   0   0   0   0   0   0   0   0   0   0   0  0.79 0.04
    9 I    -2  -1  -4  -4  -2  -3  -3  -4  -3   5   1  -2   1  -1  -3  -3  -1  -3  -2   2    0   7   0   0   0   0   0   0   0  93   0   0   0   0   0   0   0   0   0   0  0.42 0.04
   10 N    -2  -1   7   2  -3   0   0  -1   0  -4  -4   0  -3  -4  -2   0   0  -4  -3  -3    0   0  92   4   0   0   0   0   0   0   0   0   0   0   0   0   4   0   0   0  0.80 0.04
   11 E    -1   0  -1   1  -4   2   6  -3   0  -4  -3   1  -2  -4  -2   0  -1  -3  -2  -3    0   0   0   0   0   5  95   0   0   0   0   0   0   0   0   0   0   0   0   0  0.82 0.04
   12 H    -2  -1   0  -2  -4   0   0  -3   9  -4  -3  -1  -2  -2  -3  -1  -2  -3   1  -4    0   0   0   0   0   0   0   0  96   0   0   0   0   0   0   4   0   0   0   0  1.07 0.05
   13 R    -2   6   0  -2  -4   0  -1  -2  -1  -4  -3   2  -2  -4   4  -1  -1  -3  -2  -3    0  74   2   0   0   0   0   3   0   0   0   0   0   0  21   0   0   0   0   0  0.72 0.03
   14 F    -1  -3  -2  -3  -2  -2  -3  -3  -2  -1   0  -2   0   6  -3   1  -1   0   2  -1    0   0   0   0   0   0   0   0   0   0   3   0   0  71   0  26   0   0   0   0  0.49 0.03
   15 L    -2  -3  -4  -4  -2  -3  -3  -4  -3   2   5  -3   2   0  -3  -3  -2  -2  -1   1    0   0   0   0   0   0   0   0   0   0 100   0   0   0   0   0   0   0   0   0  0.55 0.03
   16 V     3  -2  -3  -3  -1  -2  -2  -2  -3   2   0  -2   0  -2  -2   0   0  -3  -2   3   41   0   0   0   0   0   0   0   0   0   0   0   0   0   0   0   0   0   0  59  0.26 0.02
   17 A     2  -2  -3  -3  -1  -2  -1  -2  -2   1   2  -2   1   2  -2  -1  -1  -1   0   1   35   0   0   0   0   0   4   0   0   5  30   0   0  17   0   0   0   0   2   8  0.15 0.01
   18 L    -1  -3  -4  -4  -1  -2  -3  -4  -3   2   3  -3   2   1  -3  -2  -1  -2  -1   2    0   0   0   0   0   0   0   0   0   9  58   0   6   5   0   0   2   0   0  20  0.34 0.02
   19 Y    -2  -2  -2  -4  -3  -2  -3  -4   3  -1  -1  -2  -1   4  -4  -2  -2   2   7  -2    0   0   0   0   0   0   0   0   5   0   0   0   0  20   0   0   0   0  74   0  0.85 0.04
   20 D    -1  -1   4   3  -3   0   1  -1   0  -3  -3   1  -2  -3  -2   2   0  -4  -2  -3    0   0  39  18   0   0   9   0   0   0   0   7   0   0   0  25   3   0   0   0  0.43 0.02
   21 F    -2  -2  -2  -3  -3  -2  -2  -3   4  -1   0  -2   0   4  -3  -2  -2   1   6  -1    0   0   0   0   0   0   0   0  17   0  12   0   0  23   0   0   0   0  48   0  0.52 0.01

                      K         Lambda
Standard Ungapped    0.1524     0.3300
Standard Gapped      0.0480     0.2670
PSI Ungapped         0.1567     0.3180
PSI Gapped           0.0480     0.2670
