
Last position-specific scoring matrix computed, weighted observed percentages rounded down, information per position, and relative weight of gapless real matches to pseudocounts
            A   R   N   D   C   Q   E   G   H   I   L   K   M   F   P   S   T   W   Y   V   A   R   N   D   C   Q   E   G   H   I   L   K   M   F   P   S   T   W   Y   V
    1 A     6  -3  -2  -3  -2  -2  -2  -1  -3  -3  -3  -2  -2  -3  -2   1  -1  -4  -3  -1   91   0   0   0   0   0   0   0   0   0   0   0   0   0   0   9   0   0   0   0  0.88 0.21
    2 T    -1  -3   1  -1  -2  -2  -2  -3  -3  -1  -3  -2  -2  -4  -3   3   5  -4  -3   1    1   0   8   2   0   0   0   0   0   1   0   0   0   0   0  22  55   0   0  10  0.69 0.27
    3 Y    -4  -2  -3  -4  -5  -3  -2  -5   6  -3  -3  -3  -3   3  -5  -2  -3  -1   8  -1    0   2   0   0   0   0   3   0  22   0   0   0   0   9   0   4   0   0  57   4  1.45 0.42
    4 K    -1   0   1  -2  -4   3   1  -1  -2  -4  -4   5  -2  -5  -3   0   1  -4  -3  -4    3   0   7   0   0  17   5   3   0   0   0  52   1   0   0   5   8   0   0   0  0.72 0.31
    5 V    -1  -5  -5  -5   1  -4  -5  -5  -5   4   0  -4  -1  -3  -4  -4  -2  -5  -3   6    3   0   0   0   3   0   0   0   0  24   5   0   0   0   0   0   1   0   0  64  1.02 0.37
    6 K     0   0  -1  -2  -3  -1   1  -3   2  -3  -3   3  -3  -4  -3   0   4  -4  -3   0    7   4   2   0   0   1   9   0   5   0   0  26   0   0   0   3  35   0   0   8  0.49 0.29
    7 L    -2  -4  -5  -5  -3  -4  -4  -5  -4   2   5  -4   0   2  -4  -4  -2  -3  -2   2    2   0   0   0   0   0   0   0   0   9  61   0   0  11   0   0   2   0   0  15  0.82 0.32
    8 V    -1  -1  -1  -1  -3  -1   1  -3  -1   4   0   0  -1  -2  -3  -2   0  -3  -2   2    2   4   3   2   0   3   9   1   1  35   7   6   0   1   0   2   5   0   0  20  0.28 0.18
    9 T    -2   0   2   0  -1   0  -1  -1  -1  -2   0   0  -1   2  -1   0   3  -3  -1  -1    1   6  14   4   1   4   3   3   1   0  10   4   0  11   3   3  27   0   1   4  0.17 0.16
   10 P     0  -1   0   0  -4   0   2  -2   2  -2  -2   1  -3  -4   5  -1   0  -4  -3  -1    8   3   3   6   0   3  17   1   6   2   4   9   0   0  29   0   4   0   0   4  0.49 0.21
   11 D    -2   0   2   5  -5   0   2  -1  -2  -4  -5   1  -4  -5  -1   1  -1  -5  -4  -4    1   4  11  39   0   2  16   4   0   1   0   8   0   0   3  10   2   0   0   0  0.66 0.28
   12 G    -1  -1  -1   0  -4  -1   0   5  -2  -2  -3  -2  -3  -4  -1   0   0  -4  -4  -2    3   3   2   5   0   2   5  54   1   2   3   2   0   0   3   5   7   0   0   3  0.64 0.26
   13 P    -1  -1   1   2  -3   0   3   2  -2  -3  -3   0  -3  -2   0   1   0  -4  -3  -1    4   2   8   9   0   4  23  19   0   0   0   4   0   2   3   9   7   0   0   6  0.28 0.16
   14 V    -1   1  -1  -2  -1   2  -1  -3  -1   2   1   1  -1  -1  -3  -1   1  -3  -2   1    4   9   2   0   1  14   1   0   1  18  12   7   0   2   0   1  14   0   0  12  0.17 0.15
   15 E    -1   1  -1   1   1   0   3  -2   0  -2  -3   1  -2  -2  -1   0   2  -3  -1  -1    1   7   1   7   4   1  30   2   2   2   0   6   0   2   3   6  20   0   1   4  0.29 0.19
   16 F    -3  -1  -4  -5  -1  -4  -4  -3  -3   3   1  -1   1   6  -5  -4  -2  -2   1   1    0   4   0   0   1   0   0   1   0  23  11   4   3  40   0   0   1   0   2   9  0.67 0.28
   17 D    -2   1   1   2  -4   1   4  -3  -1  -3  -4   0  -3  -4  -1   0   2  -4  -1  -2    1   6   8  14   0   5  33   0   1   0   0   3   0   0   3   4  16   0   2   4  0.45 0.23
   18 C     1  -4  -4  -4   6  -4  -4  -1  -4   1  -1  -4   1  -2  -4  -2  -1   3  -3   4   10   0   0   0  20   0   0   4   0   6   2   0   3   1   0   2   1   5   0  44  0.68 0.29
   19 P     0   1   0   2  -1   1   1  -1  -3  -3  -4  -1  -2  -5   6   0  -2  -5  -4  -3    6   7   4  10   1   5   9   3   0   2   0   2   1   0  40   8   0   0   0   0  0.77 0.27
   20 D     1   0   0   3  -3   0   2  -2  -2  -2  -3  -1  -3  -4   3   1   0  -4  -3  -1   14   4   3  18   0   4  19   1   0   2   0   1   0   0  14  11   5   0   0   5  0.35 0.17
   21 D    -2  -3   2   5  -5  -1   0   4   2  -5  -5  -2  -4  -5  -3   0  -2  -5  -4  -5    0   0   8  35   0   1   6  37   5   0   0   2   0   0   0   4   2   0   0   0  0.85 0.31
   22 V    -1   0  -2   0   0   3   3  -2  -1  -1  -2   0   1  -4  -3   0   1  -4  -3   0    3   3   0   2   2  19  29   3   1   2   2   3   6   0   0   5  11   0   0  10  0.34 0.21
   23 Y    -2   0   0   0  -2  -2  -3  -3  -2  -3  -3   0  -3  -1  -3   2   5  -2   5  -2    0   4   3   4   1   0   0   0   0   0   1   4   0   2   0  14  44   0  22   1  0.67 0.33
   24 I    -2  -4  -5  -5  -3  -4  -5  -5  -5   5   3  -4   0  -2  -5  -4  -3   2  -3   2    3   0   0   0   0   0   0   0   0  46  33   0   0   0   0   0   0   3   0  14  0.88 0.32
   25 L    -2  -4  -5  -5  -3  -4  -5  -5  -5   2   5  -4   1  -2  -5  -2  -1  -4  -3   0    3   0   0   0   0   0   0   0   0  10  75   0   2   0   0   3   3   0   0   3  0.96 0.35
   26 D    -2  -2   0   5  -5   3   3  -2   1  -4  -4  -2  -4  -5  -3   1  -1  -5  -2  -3    1   0   1  45   0  14  18   1   3   0   1   0   0   0   0   9   2   0   2   2  0.80 0.31
   27 Q     4   0  -2  -3  -2   0  -2  -2   1   1  -2  -1   0  -2  -3   1   0  -4  -2   2   44   4   1   0   0   4   0   1   4   7   0   1   3   1   0   9   4   0   1  17  0.36 0.23
   28 A     4  -4  -4  -4   0  -3  -3  -1  -4   0   3  -3   1  -1  -3  -1  -2  -4  -3  -1   53   0   0   0   1   0   0   3   0   3  31   0   2   2   0   3   0   0   0   0  0.62 0.31
   29 E    -1   0  -2   0  -4   1   5  -3   0  -2   2  -2  -2  -1  -3  -1  -2  -3   1  -2    5   4   0   3   0   4  46   1   2   0  26   0   0   2   0   2   0   0   5   1  0.51 0.28
   30 E     1   3   1   2  -4   1   3  -1  -1  -4  -3   1  -3  -4  -3   0  -1  -4  -3  -3   12  18   5  11   0   6  28   3   1   0   1   7   0   0   0   6   2   0   0   0  0.42 0.19
   31 E     1  -2   4  -1  -3   3   2  -1   3  -3  -2   0  -2  -4  -3   0  -1  -4  -3  -1   17   0  25   1   0  15  12   3   9   1   2   4   1   0   0   5   1   0   0   4  0.39 0.22
   32 G    -1  -1   3   0  -5  -1  -1   6  -3  -5  -5  -3  -4  -5  -4  -2  -3  -5  -5  -3    4   3  15   5   0   2   3  67   0   0   0   0   0   0   0   0   0   0   0   1  1.15 0.37
   33 H    -1  -4  -4  -4  -3  -3  -4  -3   0   5   1  -3   0   0  -4  -2  -2  -3   0   3    3   0   0   0   0   0   0   2   3  47  13   0   1   4   0   3   0   0   3  19  0.57 0.24
   34 E     0   0   1   4  -1   0   1  -1   2  -2  -3   0  -3  -1   0  -1  -1   1  -2  -2    7   4   7  34   1   2   9   4   6   3   0   4   0   4   4   3   2   3   0   1  0.35 0.17
   35 L    -2  -2  -5  -5  -3  -4  -4  -5  -2   3   4  -4   2   1  -4  -4  -2   1  -2   2    2   2   0   0   0   0   0   0   1  20  49   0   4   6   0   0   0   2   0  14  0.65 0.25
   36 P    -2  -2  -1  -1  -5  -2   2  -4  -4  -4  -2  -3   0  -5   7   0  -1  -6  -5  -3    2   1   2   2   0   0  15   0   0   0   3   0   3   0  62   5   3   0   0   1  1.44 0.42
   37 Y     0  -3  -1  -4   1  -3  -3  -2   3  -2  -1  -3   1   3  -4   1  -2   1   6  -1    7   0   2   0   3   0   0   3   8   0   6   0   4  11   0  14   0   1  37   4  0.60 0.28
   38 S     2  -3  -2   1  -3   1   0   0  -3  -4  -2  -2  -3  -4   0   5  -1  -5  -4  -3   15   0   0   7   0   5   6   6   0   0   3   0   0   0   3  55   0   0   0   0  0.64 0.32
   39 C    -4  -7  -6  -7  11  -6  -7  -6  -6  -5  -5  -6  -5  -6  -6  -4  -4  -6  -6  -4    0   0   0   0 100   0   0   0   0   0   0   0   0   0   0   0   0   0   0   0  3.73 0.80
   40 R    -1   6   0  -2  -5   1   2   0   0  -4  -3   1  -1  -5  -4  -2  -2  -4  -3  -4    3  52   4   0   0   6  11   9   2   0   2   7   1   0   0   0   2   0   0   0  0.79 0.31
   41 A     3  -2  -1   0  -3   2   2   1   0  -3  -3  -1  -1  -4  -2   2  -1  -4  -3  -2   30   0   1   3   0  13  16  12   3   0   2   1   2   0   0  16   2   0   0   1  0.36 0.20
   42 G    -1  -5  -3  -4   1  -4  -4   7  -4  -6  -6  -4  -5  -6  -5  -1  -4  -5  -5  -5    4   0   0   0   4   0   0  89   0   0   0   0   0   0   0   3   0   0   0   0  1.82 0.47
   43 S     2   0  -1  -2  -1  -1  -1  -1   0   1  -2  -2  -1  -2  -2   2   1  -3   0   1   24   5   1   1   1   2   3   4   2  10   0   0   0   0   0  15  12   0   4  13  0.17 0.13
   44 C    -4  -7  -6  -7  11  -6  -7  -6  -6  -5  -5  -6  -5  -6  -6  -4  -4  -6  -6  -4    0   0   0   0 100   0   0   0   0   0   0   0   0   0   0   0   0   0   0   0  3.74 0.76
   45 S     1  -3  -2  -3  -3  -1  -3   5  -3  -4  -4  -1  -1  -4  -3   3   0  -4  -4  -4    9   0   0   0   0   2   0  46   0   0   0   4   2   0   0  31   6   0   0   0  0.81 0.29
   46 S     0  -3   0  -3  -1   1  -2  -3  -3  -1  -3  -2  -1  -4  -3   3   5  -5  -4  -2    6   0   3   0   1   7   0   0   0   3   0   0   1   0   0  29  48   0   0   2  0.78 0.34
   47 C    -4  -7  -6  -7  11  -6  -7  -6  -6  -5  -5  -6  -5  -6  -6  -4  -4  -6  -6  -4    0   0   0   0 100   0   0   0   0   0   0   0   0   0   0   0   0   0   0   0  3.74 0.76
   48 A     2   2  -2  -2  -1   0   1  -3   2  -1  -1   3   0  -3  -1  -1  -1  -4  -3  -1   28  12   0   0   1   1   8   0   7   4   5  25   2   0   2   0   1   0   0   4  0.30 0.19
   49 G     1  -3  -2  -3   4  -3  -3   3  -3   0  -2  -3  -2  -2  -3   0   2  -4  -2   2   12   0   0   0  11   0   0  27   0   4   2   0   0   2   0   5  18   0   1  19  0.40 0.20
   50 K    -1   3  -2   0  -4   1   0  -3   0   0  -1   4  -1   0  -1  -2   0  -3   0  -2    5  16   0   5   0   5   4   0   2   9   3  34   1   4   2   0   5   0   3   1  0.30 0.17
   51 V    -2  -4  -5  -5   3  -4  -4  -5  -5   3   2  -3   1  -2  -4  -3  -2  -4  -3   4    1   0   0   0   8   0   0   0   0  21  22   1   2   0   0   0   0   0   0  44  0.73 0.27
   52 S    -1  -1  -3  -3  -1  -2   0  -4  -3   2   2   0   1  -2  -3  -1   1   0  -2   3    2   3   0   0   1   0   7   0   0   9  26   7   3   0   0   3  12   1   0  26  0.24 0.15
   53 A     1  -1  -1   2  -3   0   3  -2   1  -4  -4   1  -3  -4  -2   3   0  -4  -3  -3   11   1   1  11   0   1  27   1   3   0   1  11   0   0   0  27   5   0   0   1  0.46 0.22
   54 G    -2  -4  -3  -3  -4  -4  -4   7  -4  -5  -3  -4  -4  -5  -4  -2  -2  -4  -5  -5    0   0   0   0   0   0   0  90   0   0   3   0   0   0   0   0   2   0   0   0  1.81 0.46
   55 T    -1   0   2   2  -3   0   4  -3   1  -2  -3   0  -3  -1  -2   1   1  -4  -2  -2    3   3   9  11   0   2  31   0   4   2   1   5   0   3   1  13  12   0   0   2  0.35 0.18
   56 V     0  -4  -4  -2  -3  -3  -1  -2  -3   2   0  -3   0  -1   1  -2  -2  -3   3   5    7   0   0   2   0   0   3   2   0   8   5   0   2   1   8   1   0   0  12  49  0.49 0.25
   57 D    -2   0   2   6  -5   1   2  -3  -1  -3  -2  -1  -4  -5  -2   1  -1  -5  -2  -3    2   4   8  49   0   5  10   0   1   1   3   1   0   0   2   9   2   0   2   1  0.76 0.33
   58 Q    -2  -1  -1   0  -4   5   0  -3   4  -2   1  -2   3  -3   1   0  -2  -4   0  -1    3   2   2   4   0  30   4   1  13   1  12   0  10   0   6   5   0   0   3   3  0.42 0.27
   59 S    -1   1  -1   1  -3  -1   1   0  -1  -1  -2   0  -3  -2   3   3   0  -4  -1  -3    1   9   1   6   0   0  11   6   1   4   2   4   0   2  14  33   4   0   2   0  0.33 0.22
   60 D    -2  -2   0   5  -5  -1   3   0  -3  -2  -4   0   0  -4   0  -1  -2  -5  -1  -3    1   1   3  45   0   1  18   8   0   3   1   4   3   0   4   3   1   0   3   1  0.68 0.30
   61 G     1   0   0  -1   1   3   0   2  -1  -3  -2  -1   0  -2   0   0  -1   2   1  -2   15   6   5   2   3  18   5  15   0   0   3   2   3   0   5   4   2   3   7   3  0.18 0.14
   62 N     0  -2   1   2  -3   0   0  -2  -1  -2  -2  -2   2  -2   0   3   0  -4   0   0    6   0   6  13   0   3   5   1   1   1   3   0   8   1   5  33   5   0   3   7  0.27 0.22
   63 F     1  -3  -2  -3  -3  -3  -1   0   0   0   1  -3  -1   5  -4  -2   1  -2   2   0   14   0   1   0   0   0   5   8   3   5  11   0   0  32   0   1  11   0   5   5  0.36 0.22
   64 L    -2  -1  -4  -5  -3  -2  -3  -2  -4   1   4  -2   1   3  -4  -1  -2  -3  -2   0    2   3   0   0   0   1   1   3   0   5  56   3   3  13   0   4   1   0   0   4  0.58 0.29
   65 D    -1  -1   0   4  -4   0   2  -1  -3  -4  -4  -1  -2  -5   2   2   2  -5  -4  -4    3   3   4  26   0   3  15   3   0   0   0   1   1   0   9  17  14   0   0   0  0.51 0.26
   66 D    -1  -1  -1   5  -5   0   2  -1  -3  -5  -3   1  -1  -5   2  -1  -3  -5  -4  -4    6   3   1  41   0   3  16   3   0   0   2   8   2   0  12   4   0   0   0   0  0.70 0.31
   67 D     0   2  -1   4  -4   2   3  -1  -2  -3  -4   0  -3  -2  -1  -1  -2  -5  -4  -4    9  12   2  28   0   9  24   4   1   1   0   4   0   2   3   3   0   0   0   0  0.54 0.26
   68 Q    -2   0  -1   1  -4   5   4  -4  -1  -2  -1   1  -1  -4  -2  -1  -2  -4  -3  -1    2   4   1   9   0  28  31   0   1   1   6   6   2   0   1   2   2   0   0   5  0.58 0.30
   69 M     0   1  -2  -1   1  -1   0  -2   1   1   2  -1   2  -1  -3  -2  -1  -3  -1   1   12  11   0   3   3   2   5   3   4  13  20   3   8   1   0   0   3   0   1   7  0.10 0.11
   70 A     2   0  -1   3  -3   1   4  -1  -2  -4  -3   1  -3  -4  -2   0  -1  -4  -3  -3   21   4   1  16   0   5  31   4   0   0   1   7   0   0   0   7   1   0   0   0  0.48 0.24
   71 D     1   0   0   1  -4   3   3  -1  -2  -4  -2   3  -2  -4   0   0  -2  -4  -3  -3   10   3   3   7   0  14  23   3   0   0   3  21   0   0   4   6   0   0   0   0  0.39 0.21
   72 G     0   0   2  -3  -4  -1  -2   6  -1  -5  -5   0  -4  -5  -4  -1  -3  -4  -4  -4    7   4  13   0   0   3   2  61   1   0   0   5   0   0   0   2   0   0   0   0  1.01 0.35
   73 F    -3  -1  -1   2  -4  -1  -1  -4  -1  -2  -1  -1  -1   3  -4  -1   0   7   5  -3    1   3   2  13   0   2   3   0   1   1   6   5   1  12   0   3   7  17  22   0  0.62 0.27
   74 V    -1   3  -4  -4  -2   0  -3  -5  -4   3  -1  -2   3  -2  -4  -3  -1  -4  -3   4    3  19   0   0   1   5   0   0   0  17   1   0  10   1   0   0   2   0   0  40  0.64 0.33
   75 L    -4  -5  -6  -6  -4  -2  -5  -6  -5  -1   6  -5   3   2  -5  -5  -4  -4  -3  -1    0   0   0   0   0   2   0   0   0   0  83   0   6   8   0   0   0   0   0   1  1.36 0.49
   76 T     2  -3  -2  -3  -1  -3  -3  -1  -3   0   1  -3  -2  -3   1   2   4  -4  -3  -1   15   0   0   0   1   0   0   3   0   6  15   0   0   0   7  15  34   0   0   2  0.41 0.26
   77 C    -4  -7  -6  -7  12  -7  -7  -6  -7  -5  -5  -7  -5  -6  -7  -4  -4  -6  -6  -4    0   0   0   0 100   0   0   0   0   0   0   0   0   0   0   0   0   0   0   0  3.91 0.88
   78 V    -1   0  -3  -4   6   5  -2  -3  -1   1  -3  -2  -2  -4  -4  -2  -2  -5  -4   3    3   5   0   0  18  34   0   2   1   7   0   0   0   0   0   2   1   0   0  27  0.75 0.37
   79 A     4  -4  -3  -4   6  -3  -3  -1  -4  -3  -3  -3   0  -4  -3   3   2  -5  -4  -1   36   0   0   0  19   0   0   2   0   0   0   0   2   0   0  24  13   0   0   3  0.78 0.35
   80 Y    -1   4  -3  -4  -4  -1  -2  -4   1  -1  -2   2  -2   1  -2  -1   0  -2   5   0    5  24   0   0   0   1   0   0   3   4   3  12   0   3   1   2   7   0  28   6  0.50 0.27
   81 P     3  -4  -4  -4  -1  -3  -3  -2  -4  -1  -2  -3  -3  -5   7  -1  -3  -5  -4   1   25   0   0   0   1   0   0   3   0   3   3   0   0   0  50   3   0   0   0  12  1.18 0.40
   82 Q    -1   2  -1  -1  -3   2   0  -3  -2  -2  -1   4  -2  -2  -3   0   2  -4  -1  -1    3   9   2   2   0  10   5   0   0   0   7  30   0   1   0   5  19   0   2   5  0.33 0.21
   83 S     0  -3   0  -2  -3   0   0   2   2  -5  -5  -2  -4  -5  -3   5   1  -5  -4  -4    4   0   2   0   0   4   6  16   5   0   0   0   0   0   0  56   8   0   0   0  0.77 0.36
   84 D    -1  -4   2   8  -6  -3  -1  -4  -4  -6  -6  -2  -5  -6  -4  -1  -3  -7  -6  -6    5   0   8  82   0   0   0   0   0   0   0   2   0   0   0   2   0   0   0   0  1.79 0.52
   85 V    -2  -4  -4  -5   7  -4  -5  -4  -5   2   2  -4   3  -2  -4  -2  -1  -4  -3   2    2   0   0   0  31   0   0   1   0  15  20   0  10   0   0   3   2   0   0  17  0.84 0.29
   86 T    -1  -1  -1  -1   0  -1   2  -3   1  -1   0   0  -1  -3  -3  -1   3  -4  -3   3    2   3   2   1   2   2  16   0   4   0   8   7   0   0   0   1  22   0   0  29  0.26 0.19
   87 I    -3  -5  -5  -5  -3  -4  -2  -6  -5   6   2  -4  -1  -1  -5  -4  -3  -4  -3   3    0   0   0   0   0   0   3   0   0  61  16   0   0   2   0   0   0   0   0  18  1.04 0.35
   88 E    -2   2   0   1  -5   1   5  -4   2  -3  -2   2  -2  -4  -3  -2  -2  -4  -2  -2    0  10   3   7   0   4  49   0   6   0   4  12   1   0   0   1   0   0   1   3  0.66 0.26
   89 T     0  -3   0  -3  -2  -2  -3  -3  -3   1  -1  -3   2  -3  -3  -1   5  -4  -3   3    6   0   5   0   0   0   0   0   0   7   0   0   5   0   0   0  53   0   0  24  0.62 0.25
   90 H    -2  -1   0   0  -4   0  -2  -4   8  -1  -4  -2  -3   0   3  -2  -3  -3   1  -4    3   2   3   5   0   5   0   0  55   5   0   0   0   5  14   0   0   0   5   0  1.07 0.29
   91 K     0   0   0   2  -2   2   2  -2  -1  -3  -3   3  -2  -1   1  -1  -2  -3  -1  -1   10   1   2  12   1  13  12   0   0   0   0  29   0   4   7   0   0   0   2   7  0.30 0.14
   92 E    -1  -1  -2   1  -5   1   6  -2  -2  -4  -3  -1  -3  -1  -3   0  -2  -4  -1  -4    5   2   0   3   0   4  70   2   0   0   2   0   0   4   0   6   0   0   2   0  0.86 0.27
   93 E     0  -1  -1   4  -4   0   4  -2  -2  -4  -4  -1  -3  -4   2   1  -1  -4  -3  -3    7   3   0  31   0   2  34   1   0   0   0   0   0   0  10  10   1   0   0   0  0.63 0.17
   94 E     0  -2   0   4  -4   0   5  -2  -1  -4  -4   0  -3  -4  -2  -1  -2  -4   0  -4    8   0   2  22   0   0  60   1   0   0   0   2   0   0   0   2   0   0   5   0  0.82 0.22
   95 L    -2  -3  -5  -5  -2  -3  -4  -5  -4   2   5  -4   1  -1  -4  -4  -2  -3  -2   2    0   0   0   0   0   0   0   0   0  11  75   0   2   0   0   0   0   0   0  12  0.79 0.20
   96 T     1  -2  -2  -3  -1  -2  -2  -3  -3   1   2  -2   0  -1  -2   0   2  -3   0   2   10   0   0   0   0   0   0   0   0   9  22   0   0   0   0   6  26   0   4  23  0.22 0.08
   97 G     3  -2  -1  -2  -2  -2  -2   4  -2  -3  -3  -1  -2  -3  -2   1  -1  -3  -3  -2   48   0   0   0   0   0   0  43   0   0   0   0   0   0   0   9   0   0   0   0  0.58 0.08

                      K         Lambda
Standard Ungapped    0.1332     0.3131
Standard Gapped      0.0488     0.2670
PSI Ungapped         0.1595     0.3184
PSI Gapped           0.0488     0.2670
