
Last position-specific scoring matrix computed, weighted observed percentages rounded down, information per position, and relative weight of gapless real matches to pseudocounts
            A   R   N   D   C   Q   E   G   H   I   L   K   M   F   P   S   T   W   Y   V   A   R   N   D   C   Q   E   G   H   I   L   K   M   F   P   S   T   W   Y   V
    1 M    -5  -6  -7  -8  -6  -5  -7  -7  -6  -3  -2  -6  11  -4  -7  -6  -5  -6  -5  -4    0   0   0   0   0   0   0   0   0   0   0   0 100   0   0   0   0   0   0   0  3.64 1.02
    2 L    -5  -6  -7  -7  -5  -6  -4  -7  -7   8  -1  -2   1  -3  -6  -5  -2  -6  -5   0    0   0   0   0   0   0   1   0   0  83   2   3   3   0   0   1   2   0   0   4  1.91 0.66
    3 I    -2  -1  -3  -5  -3  -3  -4  -5   1   4   2  -1   0   1  -5  -4  -3  -2   3   3    3   3   1   0   0   0   0   0   4  25  19   5   2   5   0   0   0   0  11  21  0.49 0.27
    4 G    -1  -3   0  -5  -6  -5  -5   7  -3  -7  -6  -5  -6  -4  -6  -2  -5  -6  -2  -4    4   2   5   0   0   0   0  82   1   0   0   0   0   1   0   2   0   0   1   1  1.89 0.65
    5 V    -4  -6  -5  -6  -2  -5  -6  -7   1   6   1  -6  -1  -3  -6  -5   0  -6  -4   4    0   0   0   0   1   0   0   0   3  51  12   0   1   0   0   0   6   0   0  24  1.24 0.50
    6 G    -4  -7  -5  -6  -7  -6  -7   8  -7  -9  -8  -6  -7  -8  -7  -5  -6  -7  -8  -8    0   0   0   0   0   0   0 100   0   0   0   0   0   0   0   0   0   0   0   0  2.83 0.91
    7 T    -3  -5  -1  -5   0  -5  -5  -6  -1   5  -1  -5  -2  -4  -5   0   4  -6  -5   3    1   0   4   0   2   0   0   0   2  33   3   0   0   0   0   5  31   0   0  19  0.94 0.47
    8 D    -7  -7  -3   9  -9  -5  -2  -6  -6  -8  -9  -6  -8  -9  -6  -5  -6  -9  -8  -8    0   0   0  98   0   0   2   0   0   0   0   0   0   0   0   0   0   0   0   0  3.07 1.01
    9 I    -4  -6  -4  -6  -4  -4  -6  -6  -6   6   3  -6   0  -2  -6  -4  -2  -5  -4   2    1   0   1   0   0   0   0   0   0  51  28   0   1   1   0   1   2   0   0  13  1.27 0.50
   10 V     0  -5  -6  -6   3  -2  -1  -6  -6   3  -1  -5  -1  -4  -5  -4  -1  -6  -5   6    8   0   0   0   7   2   6   0   0  18   4   0   1   0   0   1   3   0   0  52  1.03 0.48
   11 Q    -2  -2   1   3  -4   1   5  -4   1  -6  -5   0  -4  -5  -3   0  -2  -6   0  -5    3   1   6  16   0   6  43   1   4   0   1   5   0   0   1   8   1   0   4   0  0.84 0.44
   12 I    -4  -6  -2  -7   0  -6  -7  -7  -7   7   2  -6   0  -4  -5  -6  -3  -2  -5   3    1   0   2   0   2   0   0   0   0  59  16   0   1   0   1   0   1   1   0  15  1.40 0.57
   13 P     1   1   0   2  -4  -1   3  -2  -2  -3  -3   0  -4  -3   2   2  -1  -5  -4  -3   14   9   3  10   0   1  20   2   0   1   2   6   0   1  11  15   2   0   0   1  0.38 0.26
   14 R    -1   8  -5  -2  -7  -3  -3  -6  -5  -7  -6  -2  -5  -7  -4  -3  -5  -7  -6  -6    5  86   0   2   0   1   1   0   0   0   0   1   0   0   1   2   0   0   0   0  2.36 0.85
   15 I    -5  -6  -6  -6  -5  -6  -6  -6  -6   7  -1  -6   1   5  -4  -5  -4  -1  -3   2    0   0   0   0   0   0   0   0   0  54   3   0   4  22   1   0   0   1   0  12  1.43 0.55
   16 E     2   1  -1  -1  -4   2   4  -1  -1  -3  -2   2  -3  -4  -3   0   0  -4  -4  -2   16   9   2   3   0   9  26   5   1   1   4  13   0   0   0   4   4   0   0   2  0.40 0.26
   17 K     2   4   1  -1  -4   1   0  -2   0  -4  -4   3  -3  -5  -3   0  -1  -5  -4  -3   17  21   6   2   0   7   6   3   2   0   1  22   0   0   0   6   4   0   0   1  0.49 0.30
   18 I     2  -2  -3  -3  -2   1  -3  -3  -1   2   1  -2   2  -1  -3   1   0  -1  -2   1   22   1   0   1   1   7   1   1   1  15  14   1   5   3   0  13   5   1   1   7  0.25 0.21
   19 L    -2  -3  -5  -5  -1  -3  -3  -5   0   4   4  -3   1  -1  -5  -4  -3   2   1   2    2   1   0   0   1   1   1   1   2  21  41   1   3   2   0   1   0   3   6  12  0.67 0.33
   20 H     0  -2   2   2  -4   1   4  -3  -1  -2  -3   0  -1  -4  -2   0  -1  -5  -3  -3    9   2  10  10   0   6  33   2   1   3   2   6   2   0   1   7   4   0   0   1  0.46 0.28
   21 L    -2   7   0  -3  -3   1  -2  -3  -3  -2  -3   3  -2  -5  -4  -3  -2  -5  -4  -3    2  51   4   1   1   4   2   2   0   3   3  20   1   0   0   1   2   0   0   2  1.11 0.48
   22 Y    -2  -1   0  -2  -2   0  -1  -1   4  -3  -2  -1  -2   3   1   0   2   2   3  -3    2   3   5   2   1   5   4   4  12   1   3   3   1  14   7   6  13   2  12   1  0.32 0.22
   23 P    -3  -2   2   1  -5  -3  -3   5  -3  -5  -4   0  -5  -5   3   0  -3  -5  -5  -5    1   2  12   6   0   1   1  45   0   0   1   7   0   0  16   6   1   0   0   1  0.91 0.41
   24 E    -1  -1   1   3  -4   2   3   0   0  -2  -3   0  -1  -4  -2  -1   0  -2  -2  -2    4   2   5  20   0   8  24   8   2   2   2   5   2   0   2   4   7   0   1   2  0.37 0.22
   25 L    -1   6  -2  -2  -2   0  -1  -2   0  -2  -1   3  -3  -4  -2  -1  -1  -1  -4  -2    4  42   1   2   1   2   2   2   2   2   5  19   0   0   1   4   4   1   0   3  0.71 0.34
   26 F    -2  -5  -5  -7  -6  -6  -6  -5  -5  -1   2  -6   0   8  -6  -6  -5  -3  -1  -3    3   1   1   0   0   0   0   1   0   4  19   0   2  67   0   0   0   0   1   1  1.87 0.65
   27 A     3   0  -4  -3  -3  -3  -3  -4  -4   2   2  -2   2  -2  -1  -2   1  -5  -3   1   28   5   0   1   0   0   1   0   0  12  23   1   7   1   3   1   8   0   1   8  0.40 0.28
   28 K    -2   2   2   2  -5   2   4  -2   1  -4  -5   3  -3  -5  -3  -1  -1  -5  -3  -3    3  13  11  10   0   8  25   2   3   1   0  17   1   0   0   3   3   0   0   1  0.58 0.32
   29 K    -4   7  -3  -5  -7  -1  -3  -6  -2  -6  -5   4  -5  -6  -5  -4  -2  -6  -5  -6    1  66   1   0   0   1   1   0   1   0   1  24   0   0   0   1   2   0   0   0  1.91 0.71
   30 I    -3  -5  -1  -5   0  -3  -5  -6  -5   5   2  -5  -1   3  -5  -4  -3  -5  -2   4    1   0   4   0   2   1   0   0   0  31  16   0   1  11   0   1   0   0   0  31  0.89 0.39
   31 L    -6  -6  -7  -7  -6  -6  -7  -7  -5  -3   4  -6   1   7  -7  -6  -5  -1   2  -4    0   0   0   0   0   0   0   0   0   0  45   0   2  45   0   0   0   1   7   0  1.71 0.63
   32 A     0  -4  -2  -5  -2  -4  -4  -1   3  -4  -2  -4  -4  -6  -4   3   6  -6  -5  -1    6   0   2   0   1   0   0   4   7   1   4   0   0   0   0  17  56   0   0   3  1.15 0.57
   33 S     0  -3  -2   2  -1   0   4  -2  -1  -3  -3   0  -3  -2   5  -1  -1  -5  -4  -3    9   1   1   9   1   4  25   3   2   1   2   6   1   2  26   4   3   0   0   1  0.61 0.33
   34 K     1   1   2   1   0   1   1   0   1  -2  -2   1  -2  -3  -2   1   0  -4  -1  -2   14   7   9   6   2   7  10   7   4   2   3  10   0   0   1   9   5   0   2   2  0.16 0.13
   35 E    -6  -5  -5  -3  -8  -3   8  -7  -5  -8  -7  -4  -7  -8  -6  -5  -6  -7  -7  -7    0   0   0   0   0   0  99   0   0   0   0   0   0   0   0   0   0   0   0   0  2.81 0.99
   36 L    -3   4  -3  -5  -3   3  -3  -5  -1   3   2  -1   0   0  -5  -4  -3   4   0   0    2  21   1   0   0  13   0   0   1  20  18   2   2   3   0   0   1   6   3   4  0.54 0.32
   37 K     2   1   1   1  -4   1   4  -3  -2  -2  -2   1  -3  -3  -2  -1  -1  -5  -4  -2   22   9   6   6   0   5  26   1   1   2   3   9   0   1   1   3   3   0   0   2  0.38 0.25
   38 Q    -2   1  -1   1  -3   2  -1  -3   1   0   1   1  -2  -1  -3  -1  -1   0   3  -1    3   7   3   8   0  10   3   1   4   6  17  11   0   1   0   4   3   1  14   4  0.18 0.16
   39 F     1  -2  -4  -4   5  -3  -4  -4  -3   0   0  -4   0   4  -2  -1  -3   1   4  -1   11   2   1   1  15   0   1   1   0   6  11   1   2  21   2   5   1   2  16   4  0.59 0.28
   40 A     1   1   0  -1  -1   2   1  -1   1  -2  -1   2  -1  -2   0   1  -1  -1  -1  -2   12   7   5   2   1   9  11   3   3   1   7  12   1   1   5  10   3   1   2   2  0.13 0.10
   41 L     1   1   0  -1  -1   1   0  -1  -1  -1   0   1  -1   0   0   1   0  -1  -1  -1   11   8   5   2   1   9   6   4   1   3   9   7   1   4   4  12   5   1   2   4  0.06 0.05
   42 L    -1   2  -1   0  -2   0   0  -1  -1   0   2   1   0   0  -2  -1  -1  -2   1  -1    4  17   3   5   0   4   4   4   1   6  22   8   2   4   1   4   3   0   6   3  0.10 0.09
   43 G     1   1   2  -1  -1  -1   0   1   0  -2  -2   2  -2  -1   1   2   0  -3  -2  -2   11   6   9   3   1   2   4  13   2   2   3  13   0   3   5  17   3   0   1   1  0.18 0.13
   44 K     1   2   0   0  -3   0   1   1   2  -3  -2   2  -1  -2  -1   1   0  -3  -1  -2   10  10   5   4   0   3   9   9   6   1   3  16   1   2   2  13   4   0   1   1  0.19 0.13
   45 I     1   2   1   0  -2   1   0  -1  -1  -2  -3   3  -2  -3   2   1   0  -4  -2  -2   10  12   7   4   1   6   4   3   1   2   2  18   1   1  10   9   5   0   1   3  0.24 0.16
   46 N     0   4   1   3  -4   2   0  -1   1  -3  -3   0   1  -3  -3   0  -2  -4  -2  -3    6  26   8  16   0   9   4   5   3   2   2   4   4   1   1   6   1   0   1   1  0.39 0.23
   47 H     0   2  -1  -2  -4   2  -1   0   0  -2  -2   2   0  -2   4   0  -2  -4  -1  -1    9  10   2   2   0   9   2   6   2   2   2  16   2   2  19   6   1   0   2   4  0.33 0.21
   48 A     3  -1  -2  -3  -2  -1  -2  -2  -1   1   0  -2   0   0  -1  -1   0  -2   0   2   32   3   2   0   0   3   2   2   2   8   9   2   2   3   3   2   5   0   4  14  0.21 0.18
   49 A     2   3  -1  -2  -2   0   3  -1  -1  -3  -2   0  -2  -1   0   0  -1  -4  -2  -2   19  17   3   1   1   3  24   5   1   1   3   3   1   3   5   5   3   0   1   1  0.32 0.23
   50 F    -2  -1  -4  -5  -1  -4  -4  -4   3  -3  -3  -4  -1   5  -4   3   1   2   4  -3    3   3   0   0   2   0   0   0   8   1   2   0   1  27   1  24   9   3  14   1  0.82 0.42
   51 L    -2  -4  -6  -6  -2  -4  -6  -6  -4   1   5  -5  -1   3  -6  -5  -4  -4   4   0    4   1   0   0   1   1   0   0   0   8  56   0   1  10   0   0   0   0  13   5  1.02 0.45
   52 A     7  -2  -5  -6  -3  -5  -5  -3  -5  -5  -6  -3  -5  -2  -5   0  -2  -6  -2  -4   85   2   0   0   0   0   0   1   0   0   0   1   0   2   0   5   1   0   2   0  1.77 0.73
   53 K     2   0  -2  -4  -5  -2  -3   4  -2  -4  -4   4  -4  -3  -4  -1  -1  -5  -5  -2   19   5   1   0   0   1   1  36   1   1   1  23   0   2   0   3   4   0   0   3  0.71 0.37
   54 R    -5   8  -2  -6  -3  -3  -4  -5   0  -2  -2  -1  -3   0  -6  -5  -3  -6  -2  -2    0  74   1   0   1   0   0   1   3   2   4   2   1   5   0   0   2   0   2   3  1.76 0.69
   55 F    -6  -7  -7  -7  -6  -7  -7  -7  -6  -5  -3  -7  -5   8  -7  -7  -6  10  -1  -6    0   0   0   0   0   0   0   0   0   0   1   0   0  64   0   0   0  31   1   0  2.95 0.90
   56 A     7  -6  -5  -6   1  -5  -5  -4  -6  -6  -6  -5  -5  -6  -5   2   0  -7  -6  -3   79   0   0   0   3   0   0   0   0   0   0   0   0   0   0  13   4   0   0   1  1.74 0.73
   57 A     6  -6  -6  -6   1  -5  -5  -2  -6  -1  -1  -5  -1  -6  -5  -2  -3  -6  -6   1   74   0   0   0   3   0   0   2   0   3   5   0   1   0   0   1   1   0   0   9  1.41 0.63
   58 K    -5  -2  -4  -5  -7  -3  -3  -5  -5  -6  -6   8  -5  -7  -5  -4  -5  -6  -6  -6    0   0   0   0   0   0   0   0   0   0   0  95   0   0   0   0   0   0   0   0  2.61 0.89
   59 E    -5  -4  -4  -3  -6  -1   8  -6  -4  -6  -6  -3  -5  -6  -5  -4  -5  -6  -5  -6    1   0   0   0   0   1  93   1   0   0   1   0   0   0   0   0   0   0   0   0  2.44 0.85
   60 A     7  -5  -5  -6  -1  -5  -2  -4  -6  -6  -6   0  -5  -7  -5   1  -4  -7  -6  -5   84   0   0   0   1   0   2   0   0   0   0   5   0   0   0   7   0   0   0   0  1.84 0.76
   61 V     1  -5  -5  -5   4  -4  -1  -4  -4   1   0  -5  -2   5  -5  -3  -2  -3   2   3   15   0   0   0   9   0   5   1   0   7   6   0   0  25   0   2   1   0   7  22  0.66 0.35
   62 S     3  -4  -4  -4  -4  -2  -4  -3  -4   1   0  -3  -1   2  -4   3  -2  -5  -1   1   30   0   0   0   0   1   0   1   0   9   8   0   1   8   0  29   1   0   2  10  0.56 0.37
   63 K    -3  -1  -5  -5  -8  -3  -4  -6  -5  -7  -3   8  -6  -8  -6  -5  -5  -8  -7  -7    1   2   0   0   0   0   0   0   0   0   3  93   0   0   0   0   0   0   0   0  2.51 0.91
   64 A     7  -6  -6  -6   1  -5  -5  -4  -6  -5  -4  -2  -2  -6  -5  -1  -3  -7  -6  -2   87   0   0   0   3   0   0   0   0   0   1   2   1   0   0   3   1   0   0   2  1.90 0.77
   65 F    -2  -4  -4  -6  -2  -5  -5  -6  -5   2   5  -1   1   2  -5  -5  -1   4   0   0    3   0   1   0   1   0   0   0   0   8  56   5   2   8   0   0   4   5   3   4  0.87 0.40
   66 G     0  -3  -3  -3   1   0  -4   7  -2  -7  -7  -2  -6  -6  -5  -1  -5  -6  -4  -6    7   1   1   1   2   4   1  72   1   0   0   3   0   0   0   4   0   0   1   0  1.59 0.62
   67 V    -1  -4  -4  -3   2  -2  -3  -3  -5  -1   0  -2  -2  -3   0   0   6  -5  -3   0    6   0   0   1   4   2   1   1   0   4  10   2   1   1   5   5  48   0   1   7  0.74 0.43
   68 G     0  -2  -3  -3  -1  -3  -3   7  -1  -5  -3  -3  -5  -5  -2  -1  -4  -2  -5  -5    6   2   1   1   1   1   1  69   2   0   4   2   0   0   3   5   0   1   0   0  1.37 0.54
   69 I    -1  -4  -4  -2  -4  -3  -4  -2  -2   5   2  -2   3   3  -3  -2  -2  -1  -1   0    6   0   0   2   0   1   0   3   1  34  17   2   6  14   1   3   2   1   1   5  0.55 0.29
   70 G     1   3  -1  -3  -3  -2  -3   4  -1  -3  -4  -1  -4  -4   2   2  -2  -5  -3  -3   11  18   2   1   1   1   1  29   2   1   1   3   0   1  11  13   2   0   1   1  0.54 0.32
   71 Q     1   2   1  -1  -2   2   1   0   1  -2  -3   2   1  -2   0  -1  -1   0  -1  -2   13   9   6   3   1   9   7   8   4   2   1  15   5   2   4   4   1   2   2   2  0.17 0.15
   72 G    -1  -1   0  -2  -4  -2  -1   5   1  -3  -4  -1  -2  -2   2   0  -2  -4  -1  -3    4   3   4   2   0   1   4  48   3   2   1   4   1   2   9   6   2   0   2   2  0.68 0.33
   73 I     0  -5  -4  -6   1  -4  -5  -5  -2   3   2  -5   4   1  -2  -4  -3  -1  -3   4    7   0   1   0   3   1   0   0   1  17  21   0  12   5   2   0   1   1   0  28  0.70 0.35
   74 N     1   0   1  -1  -1  -1  -1   1   1  -2  -1  -1  -1   0  -1   2   1   0  -1  -2   10   5   7   2   1   2   3  10   4   2   6   3   1   4   3  22  11   1   2   2  0.15 0.15
   75 F    -5  -4  -7  -7  -6  -6  -7  -7  -2  -4   1  -4   3   6  -3  -6  -6  10   1  -5    1   1   0   0   0   0   0   0   1   0  13   1   8  32   2   0   0  35   4   0  2.04 0.74
   76 K    -3   3   0  -3  -1   3  -2  -4   4  -1  -2   3  -1  -3  -2   0   1  -5  -2  -3    1  17   4   1   1  13   1   1  11   3   4  23   1   1   2   7   8   0   1   1  0.49 0.32
   77 D    -2  -2   0   7  -6   1   1  -4   1  -6  -5  -1  -6  -6  -5  -2  -4  -1  -6  -6    4   2   3  62   0   5   8   1   4   0   1   3   0   0   0   3   1   1   0   0  1.43 0.60
   78 I    -1  -6  -6  -6   2  -5  -6  -6  -6   6   1  -6   4   2  -6  -5  -3  -5  -4   2    5   0   0   0   5   0   0   0   0  50   9   0  12   8   0   0   1   0   0  10  1.21 0.51
   79 T    -2  -3  -2  -2  -2   0   6   0  -2  -2  -5  -3  -3  -4  -3  -1   0   2  -5  -4    4   1   2   1   1   3  61   7   1   3   1   1   1   1   1   4   5   3   0   1  1.12 0.56
   80 I    -3  -4  -6  -6   0  -6  -6  -7  -6   6  -1  -6  -2  -3  -6  -4  -1  -6   0   5    1   1   0   0   2   0   0   0   0  38   4   0   0   1   0   1   4   0   3  43  1.31 0.55
   81 L    -1   1  -3  -3   0  -1  -2  -2  -1   1   2  -1   0   0  -2   0   0   2   1   2    4   8   0   1   2   2   3   3   1   5  23   3   1   4   1   6   5   3   5  20  0.14 0.15
   82 N    -3   2   6   0  -5  -1  -1  -2   3  -5  -3   2  -4  -5  -2  -1   0  -2  -2  -2    2   9  39   4   0   2   3   2   7   0   2  13   0   0   1   4   6   1   2   3  0.73 0.40
   83 N    -1  -3   2   6  -5  -2   1  -2   0  -4   0  -1  -1  -5  -4   0   0  -6  -5  -3    4   1  10  41   0   1   8   2   2   0  11   3   2   0   0   5   6   0   0   1  0.70 0.38
   84 D     1  -1   0   2  -4   0   3  -1  -2  -3  -3   1  -1  -5   3   0  -1  -5  -4  -2   10   3   4  11   0   3  20   5   1   1   2   7   2   0  17   8   3   0   0   3  0.37 0.25
   85 L    -1   0   2   0  -3   0  -1   1   1  -2   1   1  -2  -2  -3   2   0   2   0  -2    3   5  11   5   0   3   2   9   4   1  14   9   0   2   0  17   6   3   3   2  0.14 0.16
   86 G    -3  -3  -2  -5  -6  -2  -3   7  -3  -6  -6  -2  -6  -6  -5  -4  -5  -6  -6  -6    1   1   2   0   0   2   2  86   1   0   1   3   0   0   0   0   0   0   0   0  2.09 0.75
   87 K     2   4  -1  -3  -1   2  -1  -2  -1  -3  -5   5  -4  -5  -2  -2  -3  -5  -2  -2   17  20   2   1   1  10   3   2   1   1   0  32   0   0   2   1   0   0   1   3  0.70 0.40
   88 P    -3  -6  -6  -6  -7  -3  -6  -6  -6  -3  -7  -3  -7  -7   9  -5  -6  -7  -7  -4    2   0   0   0   0   1   0   0   0   2   0   1   0   0  90   0   0   0   0   2  2.97 1.06
   89 I    -1   1  -2  -2  -1   1   1  -3   0   0  -1   0   0   0  -3   0   2  -2   3   1    4   7   1   1   2   7  10   0   3   7   4   7   2   3   0   5  14   0  11  13  0.17 0.18
   90 V    -3  -4  -6  -6  -3  -5  -5  -6  -5   3   4  -5   3   2  -4  -5  -3  -2  -2   4    1   1   0   0   0   0   0   0   0  15  33   0   7   9   1   0   1   0   1  28  0.88 0.42
   91 E    -1   3   0  -1  -1   1   1  -2   2   0  -2   1  -2  -2  -3   0   0  -4  -1   1    5  15   4   2   1   5  11   2   6   4   3  10   1   2   0   6   7   0   1  15  0.17 0.15
   92 V    -2  -3  -4  -5   0  -4  -4  -5  -3   2   4  -3   0   3  -4  -3  -1  -2   1   2    3   1   1   0   2   1   1   1   0   9  44   1   1  11   0   1   3   0   5  14  0.65 0.32
   93 S     0   0   0  -1  -4  -2  -2  -2   6  -3  -2   0  -3  -3   0   2   3  -2   0  -3    7   5   4   3   0   1   2   2  18   1   4   6   0   1   5  19  17   1   3   1  0.43 0.29
   94 S     0  -2   1   1  -4  -1  -1   5  -4  -3  -3   0  -4  -5   1  -1  -2  -5  -3  -4    6   2   8   8   0   3   4  47   0   1   2   5   0   0   7   3   2   0   1   1  0.72 0.36
   95 N     1   1   1   0  -2   0   2   1   0  -3  -2   2  -2  -1  -1   0   0   1  -1  -2   11   9   5   5   1   4  13  12   2   1   3  12   0   2   3   3   7   2   2   3  0.14 0.12
   96 Y     4  -1  -3  -3   0  -3  -3  -2  -2   1   1  -2  -1  -1  -3  -1  -1  -1   1   1   36   3   1   1   2   1   1   2   1   9  15   2   1   3   1   2   3   1   6  11  0.36 0.25
   97 T     4  -1  -2  -1   0   1   0  -1   0  -1   0   0  -1  -3  -3  -1   1  -4   0  -1   37   2   1   3   2   5   6   4   2   4   9   6   1   0   1   3   8   0   3   2  0.28 0.23
   98 N     1   1   1   0  -1   2   4  -3  -3  -3  -3   3  -3  -4  -3   0  -1  -4  -4  -2   13   5   7   4   1   8  28   1   0   1   2  17   0   0   1   5   3   0   0   2  0.46 0.29
   99 T    -1   3  -1  -1  -2   1   1  -2   0  -1   0   1   0   1  -3   0   0   4   0  -1    5  17   3   2   0   5   8   2   2   5   9  11   2   7   0   5   4   5   3   3  0.16 0.14
  100 L     1  -2  -3  -4  -2  -1  -4  -2  -3   1   4  -2   2   3   0  -3  -2  -3   1  -1   12   2   1   0   1   3   1   2   1   6  39   3   5  13   4   1   1   0   4   2  0.43 0.27
  101 S     1   0   1   0  -4   1   1   3  -1  -2  -3   0  -3   1  -1   0  -2  -2  -2  -2   13   6   7   6   0   6   9  26   1   2   2   5   0   6   3   5   2   1   1   2  0.25 0.18
  102 P     1  -2   0   1  -1   0   1   0  -3   2  -1   0  -2  -2  -1  -1  -1  -4  -2   1   12   2   5   8   1   5  12   7   0  15   4   4   0   1   3   3   2   0   1  13  0.10 0.13
  103 F     0   2  -1  -1  -1   0   0   0   0  -1   0   2   1   0  -2  -1   0  -3   1  -1    6  13   1   2   1   4   4   8   2   2  11  14   5   4   1   4   7   0   6   4  0.09 0.11
  104 N    -1   2   3  -1  -4   0  -1   2   3  -3  -4   1  -3  -5  -2   1   1  -5  -4  -2    3  11  17   3   0   4   4  16   6   2   1   9   0   0   1  11   7   0   0   3  0.35 0.25
  105 I     0  -5  -6  -6  -1  -5  -6  -3  -4   5   1  -5  -1   0  -4  -3  -1   5  -3   3    7   0   0   0   1   0   0   2   0  36  10   0   1   4   1   2   3   8   0  23  0.86 0.43
  106 H    -4  -1  -3  -1  -6   0  -2  -6   9  -4  -1   0  -2   2  -6   1  -4   1   0  -4    1   3   1   4   0   4   2   0  48   1   8   5   1   7   0  10   1   2   2   1  1.36 0.62
  107 L    -3  -6  -7  -7  -5  -6  -7  -7  -7   3   5  -6  -2  -4  -4  -4  -4  -6  -5   5    2   0   0   0   0   0   0   0   0  14  46   0   0   0   1   1   0   0   0  36  1.31 0.59
  108 S    -3  -6  -4  -5  -6  -5  -3  -5  -6  -7  -7  -5  -6  -7  -6   7   2  -8  -7  -6    1   0   0   0   0   0   1   0   0   0   0   0   0   0   0  84  13   0   0   0  2.17 0.98
  109 L    -5  -7  -7  -8  -3  -7  -7  -8  -7   7   4  -7   1  -3  -7  -6  -5  -6  -5   1    0   0   0   0   0   0   0   0   0  53  35   0   3   0   0   0   0   0   0   9  1.62 0.66
  110 A     0  -5  -4  -5  -5  -5  -5  -3  -6  -6  -7  -5  -6  -7  -5   6   4  -7  -6  -6    7   0   0   0   0   0   0   1   0   0   0   0   0   0   0  66  26   0   0   0  1.74 0.83
  111 D    -7  -6  -3   5  -8  -5  -4  -4  10  -8  -8  -6  -7  -7  -7  -4  -6  -8  -1  -8    0   0   1  32   0   0   0   1  63   0   0   0   0   0   0   1   0   0   2   0  2.85 1.02
  112 D    -3  -5  -2   6   2  -2   4  -3  -5  -6  -7  -4  -6  -7  -5   1   2  -7  -6  -6    1   0   1  38   4   1  30   2   0   0   0   0   0   0   0  11  11   0   0   0  1.19 0.59
  113 Y     0   3   1   0  -5   0   0   2   3  -5  -4   2  -4  -2  -2  -2  -2  -1  -1  -4    8  20   6   6   0   2   7  19   6   0   1  16   0   2   1   1   1   1   2   1  0.42 0.28
  114 P    -2  -2   1   4  -2  -1   2   1   4  -5  -3  -1  -3  -2   2  -1   0  -5  -3  -4    1   2   5  21   1   1  15  13  10   0   3   3   0   2  11   4   7   0   1   1  0.47 0.30
  115 V    -4  -3  -1  -5   0   0  -3  -6   2   0   0  -4   0   2  -6  -2  -1   3   7   0    0   1   3   0   2   5   2   0   5   6   9   0   2   8   0   3   4   4  39   6  0.93 0.47
  116 C     6  -6  -6  -6   0  -5  -5  -4  -6  -1  -2  -5  -5  -6  -5  -1  -3  -7  -6   1   76   0   0   0   2   0   0   0   0   3   3   0   0   0   0   3   1   0   0  11  1.57 0.73
  117 V     0  -4  -3  -5   2   2  -4  -5  -5   4  -1  -4   1  -2  -5   0   1  -5  -2   4    8   0   1   0   4   9   1   0   0  22   4   0   4   1   0   7   9   0   1  29  0.57 0.36
  118 A     7  -6  -6  -6  -5  -5  -6  -3  -6  -6  -6  -5  -6  -7  -6   0   0  -7  -7  -5   89   0   0   0   0   0   0   1   0   0   0   0   0   0   0   5   4   0   0   0  2.11 0.89
  119 F    -3  -5  -3  -5  -2   2  -3  -6  -2   1  -2  -4   3   5  -5  -2   2  -4   2   3    2   0   1   0   1   9   1   0   1   6   2   0   7  28   0   3  12   0   6  22  0.70 0.41
  120 A     3  -7  -7  -7   2  -6  -6  -6  -7  -1  -4  -6  -4  -5  -6  -4  -3  -7  -6   7   24   0   0   0   3   0   0   0   0   1   0   0   0   0   0   1   1   0   0  70  1.72 0.74
  121 V    -3  -7  -7  -7  -5  -6  -7  -7  -7   6   1  -6   0  -4  -6  -6  -2  -6  -5   5    1   0   0   0   0   0   0   0   0  46  10   0   1   0   0   0   2   0   0  39  1.54 0.61
  122 I     2  -5  -6  -6  -2  -5  -5  -4  -5   4   4  -3   0   0  -5  -3  -3  -1  -4   2   18   0   0   0   1   0   0   1   0  22  40   1   1   3   0   1   1   1   0  10  0.76 0.39
  123 E    -5  -4  -5  -2  -4   0   8  -6  -4  -4  -5  -4  -6  -7  -5  -1  -5  -1  -6  -6    0   0   0   0   1   3  89   0   0   1   1   0   0   0   0   4   0   1   0   0  2.23 0.85
  124 S     3  -1   1  -1  -3  -1   1   0  -3  -4  -4   1  -2  -5  -3   3   1  -5  -4  -2   24   2   5   3   0   1   9   5   0   0   0   9   1   0   0  30  10   0   0   1  0.46 0.28
  125 S    -1   1   3   2  -4   1   3   0  -2  -4  -4  -1  -3  -4  -1   2   0  -4  -3  -4    2   6  16  14   0   8  19   7   0   0   0   1   0   0   2  19   6   0   0   0  0.42 0.20
  126 Y    -2   1   3   3   3  -1   1  -1   0  -4  -4   2  -3  -1  -3   0  -2  -3   1  -3    0   9  23  21   8   0   5   2   2   0   0  16   0   3   0   5   0   0   6   0  0.38 0.15
  127 N    -1  -2   4   2  -3   0   3   2  -1  -4  -4  -1  -3  -4  -2   2  -1  -4  -3  -3    0   0  31   9   0   0  22  17   0   0   0   0   0   0   0  21   0   0   0   0  0.52 0.13
  128 V    -1  -3  -2   2  -2  -2  -1  -3  -3   2   1  -2   0  -1  -3  -2  -1  -3  -2   3    0   0   0  22   0   0   0   0   0  10  17   0   0   0   0   0   0   0   0  51  0.26 0.05
  129 I    -1  -3  -4  -4  -1  -3  -3  -4  -4   4   1  -3   1  -1  -3  -2  -1  -3  -2   4    0   0   0   0   0   0   0   0   0  58   0   0   0   0   0   0   0   0   0  42  0.49 0.06
  130 L    -2  -3  -4  -4  -1  -3  -3  -4  -3   3   4  -3   2   0  -3  -3  -1  -2  -1   1    0   0   0   0   0   0   0   0   0  23  77   0   0   0   0   0   0   0   0   0  0.43 0.01
  131 G     1  -2   0  -1  -2  -1  -1   5  -2  -3  -3  -1  -2  -3  -2   2   0  -3  -3  -3    0   0   0   0   0   0   0  58   0   0   0   0   0   0   0  42   0   0   0   0  0.58 0.00

                      K         Lambda
Standard Ungapped    0.1401     0.3223
Standard Gapped      0.0537     0.2670
PSI Ungapped         0.1754     0.3171
PSI Gapped           0.0537     0.2670
