
Last position-specific scoring matrix computed, weighted observed percentages rounded down, information per position, and relative weight of gapless real matches to pseudocounts
           A  R  N  D  C  Q  E  G  H  I  L  K  M  F  P  S  T  W  Y  V   A   R   N   D   C   Q   E   G   H   I   L   K   M   F   P   S   T   W   Y   V
    1 M   -1 -2 -3 -4 -2 -1 -2 -3 -2  1  2 -2  7  0 -3 -2 -1 -2 -1  0    0   0   0   0   0   0   0   0   0   0   0   0 100   0   0   0   0   0   0   0  0.59 0.05
    2 G    2 -1 -1  0 -2  0  2  2 -1 -3 -3 -1 -2 -3  3  1  1 -3 -2 -2   27   0   0   0   0   0  24  19   0   0   0   0   0   0  13   9   8   0   0   0  0.33 0.01
    3 I   -2 -3 -4 -4 -2 -3 -3 -4 -3  4  3 -3  1  0 -3 -3 -1 -3 -1  2    0   0   0   0   0   0   0   0   0  61  39   0   0   0   0   0   0   0   0   0  0.43 0.03
    4 S    0 -1  0  1 -1 -1  0 -1 -2 -2 -2 -1 -1 -3 -1  3  4 -3 -2 -1    0   0   0   8   0   0   0   0   0   0   0   0   0   0   0  48  44   0   0   0  0.41 0.03
    5 E   -1 -1  2  5 -3  0  2 -1 -1 -3 -3 -1 -2 -3 -2  1  2 -4 -3 -2    0   0   8  46   0   0   9   0   0   0   0   0   0   0   0  14  22   0   0   0  0.48 0.02
    6 V    0 -1  0 -1 -1 -1 -1 -2 -2 -1 -1 -1 -1 -2 -1  2  5 -3 -2  1    0   0   0   0   0   0   0   0   0   0   0   0   0   0   0  12  79   0   0   9  0.46 0.04
    7 Q   -1  1  0 -1 -3  7  2 -2  0 -3 -3  1 -1 -4 -2  0 -1 -2 -2 -3    0   0   0   0   0 100   0   0   0   0   0   0   0   0   0   0   0   0   0   0  0.85 0.06
    8 V   -1 -3 -3 -4 -1 -3 -3 -4 -4  4  1 -3  1 -1 -3 -2 -1 -3 -2  4    0   0   0   0   0   0   0   0   0  47   0   0   0   0   0   0   0   0   0  53  0.42 0.03
    9 F   -2 -3 -3 -4 -2 -3 -3 -4  0  0  1 -3  0  5 -4 -2 -2  1  5  1    0   0   0   0   0   0   0   0   0   0  18   0   0  40   0   0   0   0  30  12  0.49 0.03
   10 L    0 -3 -2 -3 -1 -2 -3  0 -3  3  1 -2  1 -1 -2 -1  1 -3 -2  3    8   0   0   0   0   0   0  10   0  30   9   0   0   0   0   0  11   0   0  31  0.18 0.01
   11 A    4 -2 -2 -1 -1 -1  1  0 -2  0 -1 -1 -1 -2 -1  1  0 -3 -2  0   78   0   0   0   0   0  12   0   0  10   0   0   0   0   0   0   0   0   0   0  0.32 0.03
   12 L   -2 -3 -4 -4 -2 -3 -3 -4 -3  1  5 -3  2  0 -3 -3 -2 -2 -1  1    0   0   0   0   0   0   0   0   0   0 100   0   0   0   0   0   0   0   0   0  0.56 0.04
   13 I   -1 -3 -4 -4 -1 -3 -3 -4 -3  3  3 -3  1  2 -3 -2 -1 -2  0  2    0   0   0   0   0   0   0   0   0  33  33   0   0  11   0   0   0   0   0  23  0.33 0.02
   14 I    0 -2 -2 -2 -1 -2 -2 -3 -3  3  1 -2  1 -1 -2  0  2 -3 -2  2    0   0   0   0   0   0   0   0   0  27  12   0   0   0   0  12  23   0   0  27  0.20 0.02
   15 A    4 -2 -1 -2 -1 -1 -1  0 -2 -2 -2 -1 -1 -3 -1  2  0 -3 -2 -1   88   0   0   0   0   0   0   0   0   0   0   0   0   0   0  12   0   0   0   0  0.46 0.04
   16 L   -2 -3 -4 -4 -2 -3 -3 -4 -3  1  5 -3  2  0 -3 -3 -2 -2 -1  1    0   0   0   0   0   0   0   0   0   0 100   0   0   0   0   0   0   0   0   0  0.56 0.04
   17 I   -1 -3 -4 -4 -1 -3 -3 -4 -4  4  2 -3  1  0 -3 -3 -1 -3 -2  3    0   0   0   0   0   0   0   0   0  72  16   0   0   0   0   0   0   0   0  12  0.43 0.03
   18 P   -1 -2 -2 -2 -3 -1 -1 -2 -2 -3 -3 -1 -2 -4  7  0  2 -4 -3 -2    0   0   0   0   0   0   0   0   0   0   0   0   0   0  77   0  23   0   0   0  1.53 0.05
   19 G    3 -2 -1 -2 -2 -2 -2  4 -2 -3 -3 -1 -2 -3 -2  0 -1 -3 -3 -2   50   0   0   0   0   0   0  50   0   0   0   0   0   0   0   0   0   0   0   0  0.57 0.03
   20 I   -2 -3 -3 -3 -2 -3 -3 -4 -3  3  1 -3  1  4 -3 -2  1 -1  1  2    0   0   0   0   0   0   0   0   0  42   8   0   0  31   0   0  12   0   0   8  0.29 0.02
   21 L   -2 -3 -4 -4 -2 -3 -3 -4 -3  1  4 -3  2  3 -3 -3 -2 -1  0  0    0   0   0   0   0   0   0   0   0   0  77   0   0  23   0   0   0   0   0   0  0.46 0.03
   22 A    4 -2 -2 -2 -1 -1 -1  0 -2 -2 -2 -1 -1 -3 -1  2  0 -3 -2 -1   89   0   0   0   0   0   0   0   0   0   0   0   0   0   0  11   0   0   0   0  0.46 0.04
   23 D   -2 -3 -3  0 -2 -2 -2 -3 -2  0  3 -3  1  4 -3 -2 -2  4  3  0    0   0   0   9   0   0   0   0   0   0  46   0   0  28   0   0   0   8  10   0  0.35 0.02
   24 R   -2  5  2 -1 -4  1  0 -2  0 -3 -3  3 -2 -3 -2 -1 -1 -3 -2 -3    0  65  12   0   0   0   0   0   0   0   0  23   0   0   0   0   0   0   0   0  0.63 0.03
   25 L   -2 -3 -4 -4 -2 -3 -3 -4 -3  1  5 -3  2  0 -3 -3 -2 -2 -1  1    0   0   0   0   0   0   0   0   0   0 100   0   0   0   0   0   0   0   0   0  0.56 0.04
   26 G    2 -2 -1 -1 -2 -2 -2  5 -2 -3 -3 -1 -2 -3 -2  1 -1 -3 -3 -2   18   0   0   0   0   0   0  66   0   0   0   0   0   0   0  16   0   0   0   0  0.69 0.03
   27 K   -1  3  1 -1 -2  0  0 -2 -1 -2 -2  3 -1 -3 -2  0  3 -3 -2 -2    0  19  10   0   0   0   0   0   0   0   0  36   0   0   0   0  35   0   0   0  0.34 0.02
   28 E   -1  0 -1  1 -4  3  6 -3  0 -4 -3  1 -2 -4 -1  0 -1 -3 -2 -3    0   0   0   0   0  11  89   0   0   0   0   0   0   0   0   0   0   0   0   0  0.80 0.04
   29 L   -2 -3 -4 -4 -2 -3 -3 -4 -3  1  5 -3  2  0 -3 -3 -2 -2 -1  1    0   0   0   0   0   0   0   0   0   0 100   0   0   0   0   0   0   0   0   0  0.56 0.04
   30 N    0 -1  2 -1 -2 -1 -1 -2  1 -2 -2 -1 -1  1 -2  1  1  0  5 -1   10   0  16   0   0   0   0   0   0   0   0   0   0   0   0  15  12   0  46   0  0.35 0.03
   31 K   -1  3  0 -1 -4  1  1 -2 -1 -3 -3  5 -2 -4 -1 -1 -1 -3 -2 -3    0  12   0   0   0   0   0   0   0   0   0  88   0   0   0   0   0   0   0   0  0.62 0.04

                      K         Lambda
Standard Ungapped    0.1484     0.3267
Standard Gapped      0.0410     0.2670
PSI Ungapped         0.1484     0.3267
PSI Gapped           0.0410     0.2670
