
Last position-specific scoring matrix computed, weighted observed percentages rounded down, information per position, and relative weight of gapless real matches to pseudocounts
            A   R   N   D   C   Q   E   G   H   I   L   K   M   F   P   S   T   W   Y   V   A   R   N   D   C   Q   E   G   H   I   L   K   M   F   P   S   T   W   Y   V
    1 N    -3  -2   8   1  -5  -2  -2  -2  -1  -5  -6  -2  -4  -5  -4  -1  -2  -6  -4  -5    0   0  96   4   0   0   0   0   0   0   0   0   0   0   0   0   0   0   0   0  1.78 0.34
    2 L    -3  -2  -5  -5  -3  -3  -4  -5  -4   1   5  -4   2   1  -4  -4  -2  -3  -2   0    0   2   0   0   0   0   0   0   0   5  81   0   3   4   0   0   2   0   0   4  0.83 0.22
    3 Y    -1  -2  -1  -4  -3  -1  -3  -4  -1   2   0  -1   0   1  -4  -2  -2   4   5   1    6   0   4   0   0   4   0   0   0  19   6   6   3   3   0   0   0   6  32  13  0.40 0.15
    4 Q    -3  -1   1  -1  -5   8   0  -4  -1  -5  -3  -1  -2  -5  -3  -2  -3  -4  -1  -4    0   0   6   2   0  88   0   0   0   0   2   0   0   0   0   0   0   0   2   0  1.51 0.37
    5 F    -4  -5  -5  -6  -4  -5  -5  -5  -3   0   0  -5  -2   9  -6  -4  -4  -1   1  -2    0   0   0   0   0   0   0   0   0   3   6   0   0  91   0   0   0   0   0   0  1.75 0.34
    6 K     0   1   0  -1  -3   0  -1   3  -2  -2  -3   4   0  -4  -2   1  -1  -4  -3  -3    3   7   2   1   0   2   0  24   0   3   0  36   4   0   0  16   0   0   0   0  0.39 0.14
    7 N    -2   0   6   0  -4  -1   0  -1  -1  -4  -2   2  -3  -1  -3   1  -1  -4   1  -4    0   2  54   1   0   1   4   2   0   0   4  14   0   3   0   8   0   0   5   0  0.63 0.19
    8 M    -3  -4  -4  -5  -3  -3  -4  -5  -4   0   1  -4  10  -2  -5  -4  -3  -4  -3   0    0   0   0   0   0   0   0   0   0   2   7   0  86   0   0   0   0   0   0   4  1.73 0.39
    9 I    -3  -5  -5  -5  -3  -5  -5  -6  -5   7   0  -5   0  -2  -5  -4  -2  -5  -3   2    0   0   0   0   0   0   0   0   0  94   0   0   0   0   0   0   0   0   0   6  1.35 0.31
   10 K    -2   2  -1  -2  -4   6   2  -2   0  -4  -3   3  -2   0  -3  -1  -1  -3  -2  -3    0   8   0   0   0  52  10   2   2   0   0  18   0   5   0   1   2   0   0   1  0.74 0.22
   11 C    -3  -5  -5  -6  11  -5  -5  -5  -5  -3  -3  -1  -4  -4  -5  -3  -3  -4   0  -3    0   0   0   0  90   0   0   0   0   0   0   5   0   0   0   0   0   0   5   0  2.56 0.42
   12 T     4  -3  -2  -3  -2  -2  -2  -2  -3  -2  -2  -2   1  -3  -2   0   5  -4  -3   0   44   0   0   0   0   0   0   0   0   0   0   0   5   0   0   0  46   0   0   5  0.67 0.23
   13 N    -2  -2   5  -1  -4  -2  -2   3  -2   1  -3  -2  -3  -4   2   0   1  -5  -4  -2    0   0  45   0   0   0   0  24   0  12   0   0   0   0   9   2   9   0   0   0  0.60 0.19
   14 T    -1   2   0  -1  -3  -1  -1  -2  -2  -3  -3   1  -2  -2   2   3   3  -4  -3  -2    1  15   3   2   0   0   0   0   0   0   0   9   0   2  12  28  27   0   0   0  0.42 0.15
   15 R    -3   7  -2  -3  -5   2   0  -4   0  -4  -3   3  -3  -4  -3  -2  -3  -4  -3  -4    0  72   0   0   0   7   2   0   2   0   2  13   0   0   0   1   0   0   0   0  1.14 0.26
   16 M     0  -1  -2  -2  -3  -2  -2  -2   2  -3  -2  -2  -1  -4   5   3   1  -4  -3  -2    6   2   0   0   0   0   0   0   6   0   5   0   2   0  32  35  11   0   0   2  0.66 0.18
   17 W     0  -2  -4  -4   2  -3  -4  -3  -4  -3  -1  -3  -2  -1  -3   0   1  10   0  -2   11   2   0   0   5   0   0   0   0   0   7   0   0   1   1   6  10  50   2   3  1.38 0.27
   18 W    -1  -2  -3  -4  -3  -2  -3  -1  -3   1   3  -3   1   0  -2  -2  -1   7   0   1    2   2   0   0   0   1   0   6   0   4  39   1   3   1   2   2   3  20   3   8  0.46 0.14
   19 S     1  -2   1   4  -3   0   1  -1   5  -4  -4  -1  -3  -4  -2   2  -1  -4  -2  -3   13   0   5  28   0   1   9   3  20   0   0   2   0   0   0  17   0   0   0   0  0.47 0.15
   20 F    -4  -4  -4  -5  -4  -4  -4  -5  -1  -3  -2  -4  -2   6  -5  -4  -4   0   8  -3    0   0   0   0   0   0   0   0   0   0   0   0   0  32   0   0   0   0  68   0  1.74 0.34
   21 T     3  -3  -1  -3  -2  -2  -2  -2  -3   0   0  -2   4  -2  -3   0   2  -3  -2   2   29   0   4   0   0   0   0   0   0   1   7   0  19   0   0   5  13   0   0  22  0.30 0.14
   22 N    -3  -2   4   7  -5  -1   1  -3  -2  -5  -5   0  -4  -5  -3  -1  -2  -6  -4  -5    0   0  24  65   0   0   3   0   0   0   0   6   0   0   0   2   0   0   0   0  1.19 0.26
   23 A    -2  -4  -4  -5  -4  -3  -4  -5   0  -3  -3  -4  -3   1  -5  -3  -3   1   9  -3    3   0   0   0   0   0   0   0   0   0   0   0   0   0   0   0   0   0  97   0  2.06 0.33
   24 G    -1  -4  -2  -3  -4  -3  -4   7  -4  -6  -5  -3  -4  -5  -4  -2  -3  -4  -5  -5    0   0   0   0   0   0   0 100   0   0   0   0   0   0   0   0   0   0   0   0  1.77 0.26
   25 C    -1  -6  -5  -6  11  -5  -6  -5  -5  -3  -3  -5  -3  -5  -5  -3  -3  -4  -5  -3    3   0   0   0  97   0   0   0   0   0   0   0   0   0   0   0   0   0   0   0  2.74 0.36
   26 Y    -4  -4  -1  -5  -4  -3  -4  -5   0  -3  -3  -4  -3   1  -5  -3  -3   1   9  -3    0   0   4   0   0   0   0   0   0   0   0   0   0   0   0   0   0   0  96   0  2.02 0.33
   27 D    -2  -5  -4  -1  11  -5  -5  -5  -5  -3  -3  -5  -3  -5  -5  -3  -3  -4  -5  -3    0   0   0   5  95   0   0   0   0   0   0   0   0   0   0   0   0   0   0   0  2.60 0.33
   28 G    -1  -4  -2  -3  -4  -3  -4   7  -4  -5  -5  -3  -4  -5  -4  -2  -3  -4  -5  -5    0   0   0   0   0   0   0 100   0   0   0   0   0   0   0   0   0   0   0   0  1.66 0.21

                      K         Lambda
Standard Ungapped    0.1350     0.3264
Standard Gapped      0.0499     0.2670
PSI Ungapped         0.1630     0.3184
PSI Gapped           0.0499     0.2670
