
Last position-specific scoring matrix computed, weighted observed percentages rounded down, information per position, and relative weight of gapless real matches to pseudocounts
            A   R   N   D   C   Q   E   G   H   I   L   K   M   F   P   S   T   W   Y   V   A   R   N   D   C   Q   E   G   H   I   L   K   M   F   P   S   T   W   Y   V
    1 M    -4  -5  -6  -7  -5  -4  -6  -6  -5  -2  -1  -5  11  -3  -6  -5  -4  -5  -4  -3    0   0   0   0   0   0   0   0   0   0   0   0 100   0   0   0   0   0   0   0  3.15 0.75
    2 P     3  -3  -2  -3  -3  -2  -2   1  -3  -3  -4  -1  -3  -4   3   3   3  -5  -4  -2   27   0   0   0   0   0   0   9   0   0   0   2   0   0  18  23  20   0   0   1  0.62 0.26
    3 R    -5   8  -4  -5  -7  -2  -3  -6  -3  -6  -5  -1  -5  -6  -5  -4  -4  -6   0  -6    0  97   0   0   0   0   0   0   0   0   0   0   0   0   0   0   0   0   3   0  2.40 0.63
    4 S    -2  -4  -2  -3  -4  -3  -3  -3  -4  -5  -3  -1  -4  -5  -4   7  -2  -6  -5  -5    0   0   0   0   0   0   0   0   0   0   3   3   0   0   0  94   0   0   0   0  1.75 0.59
    5 L    -2  -2  -4  -4  -3  -3  -4  -4  -4   3   4  -3   0  -2  -4  -1  -1  -4  -3   2    2   2   0   0   0   1   0   0   0  15  53   1   0   0   0   6   4   0   0  14  0.61 0.24
    6 K    -4   0  -3  -4  -6   0  -2  -3  -2  -6  -6   7  -5  -6  -4  -2  -3   5  -4  -6    0   3   1   0   0   4   1   1   1   0   0  81   0   0   0   1   1   7   0   0  1.77 0.59
    7 K    -4   0  -1  -4  -7  -2   0  -5  -4  -6  -6   8  -5  -7  -5  -4  -3  -7  -5  -6    0   2   2   0   0   0   4   0   0   0   0  92   0   0   0   0   1   0   0   0  2.11 0.66
    8 G    -2  -5   3  -4  -6  -4  -4   7  -5  -6  -7  -4  -6  -6  -2  -2  -4  -6  -6  -4    2   0  12   0   0   0   1  80   0   0   0   0   0   0   2   1   0   0   0   1  1.77 0.54
    9 P    -3  -6  -6  -5  -6  -5  -5  -6  -6  -6  -6  -5  -6  -2   9  -1  -3  -7  -6  -4    2   0   0   0   0   0   0   0   0   0   0   0   0   2  90   4   1   0   0   1  2.79 0.74
   10 F    -3  -6  -3  -7  -6  -6  -7  -7  -4  -2  -3  -6  -4   9  -7  -6  -6  -2   4  -4    2   0   1   0   0   0   0   0   0   1   0   0   0  85   0   0   0   0  11   0  2.50 0.68
   11 I    -1  -5  -6  -6   2  -5  -5  -6  -5   4  -1  -5  -2  -2  -5  -4  -2  -5   0   6    4   0   0   0   5   0   0   0   0  20   3   0   0   1   0   0   1   0   4  63  1.18 0.43
   12 D     3  -1  -1   6   0  -2   0  -3   1  -5  -5  -3  -4  -4  -4  -1  -3  -6  -3  -3   29   4   1  49   2   1   5   0   3   0   0   0   0   0   0   2   0   0   1   1  0.98 0.40
   13 L     0  -1   2   2  -4   0   1   0   3  -2  -2   0  -2  -2   2  -1  -1  -4   0  -2    8   1  14  16   0   2   9   7   8   2   5   5   1   1  11   2   2   0   4   3  0.24 0.14
   14 H    -3  -1   0  -2  -5  -2  -2  -3   9  -6  -5   2  -4  -3  -2   1  -1  -5   2  -4    0   3   3   2   0   1   1   1  52   0   0  13   0   1   2  11   4   0   7   1  1.39 0.48
   15 L    -4  -5  -6  -7  -4  -5  -6  -7  -6  -1   6  -6   0  -1  -6  -4  -4  -5  -4   0    0   0   0   0   0   0   0   0   0   1  90   0   1   1   0   1   0   0   0   6  1.62 0.53
   16 L    -2  -4  -5  -3  -4  -2  -1  -5  -4   1   5  -3   4   1  -5  -3  -3   0  -1   0    2   0   0   1   0   2   6   0   0   7  57   1  11   6   0   1   1   1   2   3  0.75 0.32
   17 K     0   3   0  -2  -5   0   0  -1  -2  -5  -4   6  -4  -4  -4  -1  -2  -5  -4  -3    7  14   5   1   0   2   4   4   1   0   1  56   0   1   0   3   1   0   0   2  0.90 0.37
   18 K    -4   1  -2  -4  -7  -2  -1  -5  -4  -6  -3   8  -5  -6  -4  -4  -4  -6  -5  -6    0   6   1   0   0   0   3   0   0   0   2  87   0   0   0   0   0   0   0   0  1.95 0.63
   19 V     0  -5  -6  -6  -4  -5  -5  -6  -6   5  -1  -5   1  -3  -5  -4  -2  -5  -4   5    9   0   0   0   0   0   0   0   0  39   2   0   3   0   0   0   1   0   0  46  1.17 0.42
   20 E    -2   0   1   2  -5   1   5  -4  -1  -2   0  -1  -1  -3  -4  -2  -2  -5  -3  -2    2   4   8  13   0   6  46   0   1   3  10   1   2   1   0   0   1   0   1   2  0.66 0.31
   21 K     2   0   1   0  -4   0   2  -3  -2  -2  -3   4  -2  -3  -3   0  -1  -4  -3   0   20   2   9   4   0   3  11   0   0   2   1  32   1   1   0   4   2   0   1   7  0.38 0.23
   22 A     3  -3  -2  -4  -3   1  -2  -3  -4  -1   3  -3   5  -2  -4  -1  -2  -4  -3   0   31   0   1   0   0   7   2   1   0   1  31   0  16   0   0   4   1   0   0   4  0.54 0.30
   23 V    -2   1   6  -1  -4   0  -1  -2  -1  -1  -1   0  -2  -3  -4  -1  -2  -5  -4   0    3   7  51   1   0   4   2   1   1   4   6   6   1   1   0   3   1   0   0   7  0.77 0.34
   24 E     2   0  -1   0  -3   0   3   0  -2   0  -2   1   1  -2  -2   0   0  -4  -3  -2   20   5   2   4   0   2  26   5   0   6   2   8   4   2   1   6   5   0   0   1  0.23 0.18
   25 S     1   1   1  -1  -3   1   0   0  -2  -3  -2   3  -3  -4  -2   3   1  -4  -3  -3   10   7   7   2   0   7   3   7   0   1   3  18   0   0   1  26   8   0   0   1  0.32 0.22
   26 G    -1  -1   3   0  -5  -1   2   4  -3  -5  -5   2  -4  -5  -3  -1  -2  -2  -4  -4    3   3  16   4   0   1  12  38   0   0   0  16   0   0   1   4   2   0   0   1  0.65 0.30
   27 D    -2   1   1   3  -5   1   3  -3  -2  -4  -5   3  -4  -4  -2   1  -1  -5  -4  -4    1   8   5  21   0   3  25   1   0   1   0  18   0   1   1  12   2   0   0   0  0.59 0.29
   28 K    -3   2   1  -2  -6  -1  -1  -3  -2  -6  -4   7  -4  -6  -3  -2  -3  -6  -5  -5    0   8   7   1   0   1   1   1   1   0   1  75   0   0   0   2   1   0   0   0  1.47 0.56
   29 K    -1   2   1  -1  -5   1   3  -3   0  -3  -4   5  -2  -5  -3   0  -1  -5  -4  -2    3  12   5   2   0   5  18   1   2   2   0  39   1   0   1   5   2   0   0   2  0.62 0.31
   30 P    -3  -5  -5  -5  -4  -3  -4  -5  -5   3  -1  -4   0  -4   4  -2  -1  -5  -4   5    1   0   0   0   0   1   0   0   0  16   5   0   2   0  25   2   2   0   0  47  1.01 0.42
   31 I    -4  -6  -7  -7  -4  -6  -6  -7  -7   8   0  -6  -2  -2  -6  -6  -4  -6  -4   2    0   0   0   0   0   0   0   0   0  85   4   0   0   1   0   0   0   0   0   9  1.95 0.61
   32 R    -4   3  -3  -4  -6   1  -2  -5  -3  -6  -5   7  -4  -6  -4  -3  -4  -6  -5  -5    0  11   0   0   0   3   0   0   0   0   0  86   0   0   0   0   0   0   0   0  1.82 0.55

                      K         Lambda
Standard Ungapped    0.1390     0.3165
Standard Gapped      0.0570     0.2670
PSI Ungapped         0.1862     0.3171
PSI Gapped           0.0570     0.2670
