
Last position-specific scoring matrix computed, weighted observed percentages rounded down, information per position, and relative weight of gapless real matches to pseudocounts
           A  R  N  D  C  Q  E  G  H  I  L  K  M  F  P  S  T  W  Y  V   A   R   N   D   C   Q   E   G   H   I   L   K   M   F   P   S   T   W   Y   V
    1 S    2 -1  2 -1 -1 -1 -1 -1 -1 -2 -2 -1 -2 -3 -1  3  2 -3 -2 -1   26   0  13   0   0   0   0   0   0   0   0   0   0   0   0  41  19   0   0   0  0.34 0.03
    2 K    0  1 -1 -1 -3  2  1 -2 -1 -3 -2  4 -2 -3  2  1 -1 -3 -2 -2    4   2   0   0   0  11   5   0   0   0   2  54   0   0   9  14   0   0   0   0  0.39 0.04
    3 T    1  0  0 -1 -2  1  0 -1 -1 -2 -2  0 -1 -3  3  2  2 -3 -2 -1   19   2   3   0   0  11   5   0   0   0   0   4   0   0  13  19  23   0   0   0  0.30 0.02
    4 P    0 -3 -3 -2 -3 -2 -2 -3 -3 -3 -2 -2 -3 -4  8 -1 -1 -4 -3 -2    8   0   0   0   0   0   0   0   0   0   2   0   0   0  87   0   0   0   0   3  1.79 0.07
    5 I    0 -2 -3 -3 -1 -2 -3 -3 -3  3  1 -1  1 -1 -3 -2 -1 -3 -2  4    6   2   0   0   0   0   0   0   0  23   6   5   5   0   0   0   0   0   0  53  0.27 0.03
    6 R   -1  5  0 -1 -3  1  0 -2  0 -2 -2  3 -1 -3 -2 -1  1 -3 -2 -1    0  54   4   0   0   0   0   0   2   0   0  24   0   0   0   0  11   0   0   6  0.46 0.03
    7 V   -1 -3 -3 -4 -1 -3 -3 -4 -4  3  1 -3  1 -1 -3 -2  0 -3 -2  4    0   0   0   0   0   0   0   0   0  19   0   0   0   0   0   0   0   0   0  81  0.45 0.04
    8 A    3 -2 -1 -2 -1 -1 -1 -1 -2 -1  0 -1  0 -2 -1  1  2 -3 -2  0   60   0   0   0   0   0   0   0   0   0  13   0   0   0   0   0  28   0   0   0  0.28 0.03
    9 V   -1 -3 -3 -4 -1 -3 -3 -4 -4  3  1 -3  1 -1 -3 -2  0 -3 -2  5    0   0   0   0   0   0   0   0   0  16   0   0   0   0   0   0   0   0   0  84  0.45 0.04
   10 T    0 -2  0 -1 -1 -1 -1 -2 -2 -1 -2 -1 -1 -3 -1  2  5 -3 -2  0    0   0   0   0   0   0   0   0   0   0   0   0   0   0   0   8  92   0   0   0  0.60 0.05
   11 G    0 -3 -1 -2 -3 -2 -3  6 -3 -4 -4 -2 -3 -4 -3 -1 -2 -3 -4 -4    0   0   0   0   0   0   0 100   0   0   0   0   0   0   0   0   0   0   0   0  1.19 0.05
   12 A    5 -2 -2 -2 -1 -1 -1  1 -2 -2 -2 -1 -1 -3 -1  1  0 -3 -2 -1   94   0   0   0   0   0   0   6   0   0   0   0   0   0   0   0   0   0   0   0  0.50 0.04
   13 A    5 -2 -2 -2 -1 -1 -1  0 -2 -2 -2 -1 -1 -3 -1  1  0 -3 -2 -1   93   0   0   0   0   0   0   3   0   0   0   0   0   0   0   4   0   0   0   0  0.49 0.04
   14 G    0 -3 -1 -2 -3 -2 -3  6 -3 -4 -4 -2 -3 -4 -3 -1 -2 -3 -4 -4    0   0   0   0   0   0   0 100   0   0   0   0   0   0   0   0   0   0   0   0  1.19 0.05
   15 N   -1  1  1 -1 -3  6  1 -2  2 -3 -3  1 -1 -4 -2  0 -1 -3 -2 -3    0   3   5   0   0  79   0   0   7   0   0   0   0   0   0   6   0   0   0   0  0.65 0.05
   16 I   -2 -4 -4 -4 -2 -3 -4 -4 -4  5  1 -3  1  0 -3 -3 -1 -3 -2  3    0   0   0   0   0   0   0   0   0  92   0   0   0   0   0   0   0   0   0   8  0.52 0.05
   17 G    3 -2 -1 -2  1 -1 -2  4 -2 -3 -3 -1 -2 -3 -2  1 -1 -3 -3 -2   35   0   0   0   3   0   0  48   0   0   0   0   0   0   0  13   0   0   0   0  0.51 0.03
   18 Y   -2 -2 -3 -4 -3 -2 -3 -4  1 -2 -2 -2 -2  3 -4 -2 -2  2  8 -2    0   0   0   0   0   0   0   0   0   0   0   0   0   0   0   0   0   0 100   0  1.16 0.07
   19 H    3 -1  0 -1 -1  0  0  0  0 -2 -3 -1 -2 -3 -1  4  1 -3 -2 -1   33   0   0   0   0   4   0   2   2   0   0   0   0   0   0  58   0   0   0   0  0.38 0.03
   20 L   -1 -2 -4 -4 -2 -2 -3 -4 -3  1  4 -3  2  0 -3 -2 -1 -2 -1  1    5   0   0   0   0   0   0   0   0   0  89   0   3   0   0   3   0   0   0   0  0.45 0.04
   21 L   -2 -3 -4 -4 -2 -3 -3 -4 -3  2  4 -3  2  0 -3 -3 -1 -2 -1  1    0   0   0   0   0   0   0   0   0   5  86   0   3   0   0   0   0   0   0   6  0.49 0.03
   22 F   -3 -3 -4 -4 -3 -4 -4 -4 -2 -1  0 -4  0  7 -1 -3 -3  4  3 -1    0   0   0   0   0   0   0   0   0   0   0   0   0  86   3   0   0   5   4   2  0.82 0.05
   23 R   -2  6 -1 -2 -4  1 -1 -2 -1 -3 -2  2  0 -3 -3 -1 -1 -3 -2 -3    0  87   0   0   0   0   0   3   0   0   0   0   7   0   0   4   0   0   0   0  0.72 0.05
   24 I   -2 -3 -4 -4 -2 -3 -4 -4 -4  5  2 -3  1  0 -3 -3 -1 -3 -2  2    0   0   0   0   0   0   0   0   0  85  12   0   0   0   0   0   0   0   0   3  0.49 0.04
   25 A    5 -2 -2 -2 -1 -1 -1  0 -2 -2 -2 -1 -1 -3 -1  1  0 -3 -2  0  100   0   0   0   0   0   0   0   0   0   0   0   0   0   0   0   0   0   0   0  0.54 0.05

                      K         Lambda
Standard Ungapped    0.1407     0.3262
Standard Gapped      0.0436     0.2670
PSI Ungapped         0.1424     0.3190
PSI Gapped           0.0436     0.2670
