
Last position-specific scoring matrix computed, weighted observed percentages rounded down, information per position, and relative weight of gapless real matches to pseudocounts
            A   R   N   D   C   Q   E   G   H   I   L   K   M   F   P   S   T   W   Y   V   A   R   N   D   C   Q   E   G   H   I   L   K   M   F   P   S   T   W   Y   V
    1 M    -1  -2  -2  -3  -2  -1  -2  -3  -2   1   2  -2   6   0  -3  -2  -1  -2  -1   1    0   0   0   0   0   0   0   0   0   0   0   0 100   0   0   0   0   0   0   0  0.38 0.01
    2 L    -2  -3  -4  -4  -1  -3  -3  -4  -3   3   4  -3   2   0  -3  -3  -1  -2  -1   2    0   0   0   0   0   0   0   0   0  36  64   0   0   0   0   0   0   0   0   0  0.39 0.01
    3 F    -2  -3  -3  -4  -2  -3  -3  -4  -2   2   1  -3   1   5  -3  -3  -1   0   2   2    0   0   0   0   0   0   0   0   0  17  10   0   0  53   0   0   0   0   0  20  0.38 0.01
    4 T     0   0   0  -1  -2   3   0  -2  -1  -2  -2   0  -1  -3  -1   2   4  -3  -2  -1    0   0   0   0   0  28   0   0   0   0   0   0   0   0   0   9  63   0   0   0  0.36 0.01
    5 V    -1  -3  -4  -4  -2  -3  -3  -4  -3   3   3  -3   1   3  -3  -3  -1  -1   0   2    0   0   0   0   0   0   0   0   0  28  39   0   0  18   0   0   0   0   0  15  0.31 0.00
    6 A     2  -2  -1  -2  -2  -2  -2   5  -2  -3  -3  -1  -2  -3  -2   0  -1  -3  -3  -2   30   0   0   0   0   0   0  70   0   0   0   0   0   0   0   0   0   0   0   0  0.70 0.01
    7 W    -3  -3  -4  -5  -3  -2  -3  -3  -3  -3  -2  -3  -2   1  -4  -3  -3  12   2  -3    0   0   0   0   0   0   0   0   0   0   0   0   0   0   0   0   0 100   0   0  2.43 0.02
    8 A     5  -2  -2  -2  -1  -1  -1   0  -2  -2  -2  -1  -1  -3  -1   1   0  -3  -2   0  100   0   0   0   0   0   0   0   0   0   0   0   0   0   0   0   0   0   0   0  0.43 0.01
    9 S     3  -1   0  -1  -1  -1  -1   0  -1  -2  -2  -1  -1  -3  -1   3   1  -3  -2  -1   48   0   0   0   0   0   0   0   0   0   0   0   0   0   0  52   0   0   0   0  0.36 0.01
   10 L    -1  -2  -3  -3  -1  -2  -3  -3  -3   1   4  -2   2   0  -3  -1   1  -2  -1   1    0   0   0   0   0   0   0   0   0   0  80   0   0   0   0   0  20   0   0   0  0.33 0.01
   11 A     4  -2  -2  -2   5  -1  -2  -1  -2  -1   0  -1  -1  -2  -1   1   0  -3  -2   0   70   0   0   0  20   0   0   0   0   0  10   0   0   0   0   0   0   0   0   0  0.32 0.01
   12 A     4  -2  -2  -2  -1  -1  -1   0  -2   0  -1  -1  -1  -2  -1   1   0  -3  -2   1   80   0   0   0   0   0   0   0   0   0   0   0   0   0   0   0   0   0   0  20  0.31 0.01
   13 M    -1  -2  -3  -3  -1  -1  -3  -3  -3   3   2  -2   4   0  -3  -1   1  -2  -1   2    0   0   0   0   0   0   0   0   0  24   8   0  42   0   0   0   9   0   0  18  0.25 0.01
   14 F    -3  -3  -3  -4  -3  -4  -4  -4  -1   0   0  -4   0   7  -4  -3  -2   1   3  -1    0   0   0   0   0   0   0   0   0   0   0   0   0 100   0   0   0   0   0   0  0.79 0.01
   15 S     1  -1   0  -1  -1   0  -1  -1  -1  -2  -2   0  -1  -3  -1   3   4  -3  -2  -1    0   0   0   0   0   0   0   0   0   0   0   0   0   0   0  57  43   0   0   0  0.40 0.01
   16 F    -3  -3  -3  -4  -3  -4  -4  -4  -1   0   0  -4   0   7  -4  -3  -2   1   3  -1    0   0   0   0   0   0   0   0   0   0   0   0   0 100   0   0   0   0   0   0  0.79 0.01
   17 S     1  -1   1   0  -1   0   0   0  -1  -3  -3   0  -2  -3  -1   5   1  -3  -2  -2    0   0   0   0   0   0   0   0   0   0   0   0   0   0   0 100   0   0   0   0  0.48 0.01
   18 I    -2  -3  -4  -4  -1  -3  -3  -4  -3   4   3  -3   2   0  -3  -3  -1  -3  -1   2    0   0   0   0   0   0   0   0   0  70  30   0   0   0   0   0   0   0   0   0  0.38 0.01
   19 A     4  -1  -1  -2  -1  -1  -1   0  -2  -2  -2  -1  -1  -3  -1   2   0  -3  -2  -1   80   0   0   0   0   0   0   0   0   0   0   0   0   0   0  20   0   0   0   0  0.38 0.01
   20 M    -1  -2  -3  -4  -2  -1  -2  -3  -2   1   3  -2   6   0  -3  -2  -1  -2  -1   1    0   0   0   0   0   0   0   0   0   0  20   0  80   0   0   0   0   0   0   0  0.38 0.01
   21 V     0  -3  -3  -4  -1  -3  -3  -4  -4   3   1  -3   1  -1  -3  -2   0  -3  -1   4    0   0   0   0   0   0   0   0   0   0   0   0   0   0   0   0   0   0   0 100  0.38 0.01
   22 V     0  -3  -3  -4  -1  -3  -3  -4  -4   3   1  -3   1  -1  -3  -2   0  -3  -1   4    0   0   0   0   0   0   0   0   0   0   0   0   0   0   0   0   0   0   0 100  0.38 0.01
   23 W    -3  -3  -4  -5  -3  -2  -3  -3  -3  -3  -2  -3  -2   1  -4  -3  -3  12   2  -3    0   0   0   0   0   0   0   0   0   0   0   0   0   0   0   0   0 100   0   0  2.43 0.02
   24 G     0  -3  -1  -2  -3  -2  -2   6  -2  -4  -4  -2  -3  -4  -2   0  -2  -3  -3  -4    0   0   0   0   0   0   0 100   0   0   0   0   0   0   0   0   0   0   0   0  1.07 0.01
   25 R    -2   6  -1  -2  -4   1   0  -3   0  -3  -2   2  -2  -3  -2  -1  -1  -3  -2  -3    0 100   0   0   0   0   0   0   0   0   0   0   0   0   0   0   0   0   0   0  0.79 0.01
   26 N    -1  -1   6   1  -3   0   0  -1   0  -3  -4   0  -2  -3  -2   2   0  -4  -2  -3    0   0  80   0   0   0   0   0   0   0   0   0   0   0   0  20   0   0   0   0  0.62 0.01
   27 G     0  -3  -1  -2  -3  -2  -2   6  -2  -4  -4  -2  -3  -4  -2   0  -2  -3  -3  -4    0   0   0   0   0   0   0 100   0   0   0   0   0   0   0   0   0   0   0   0  1.07 0.01
   28 D    -2  -2   1   7  -4   0   2  -2  -1  -4  -4  -1  -3  -4  -2   0  -1  -5  -3  -4    0   0   0 100   0   0   0   0   0   0   0   0   0   0   0   0   0   0   0   0  0.96 0.01
   29 G     0  -3  -1  -2  -3  -2  -2   6  -2  -4  -4  -2  -3  -4  -2   0  -2  -3  -3  -4    0   0   0   0   0   0   0 100   0   0   0   0   0   0   0   0   0   0   0   0  1.07 0.01
   30 T     1  -1   0  -1  -1   0  -1  -1  -1  -2  -2   0  -1  -3  -1   3   4  -3  -2  -1    0   0   0   0   0   0   0   0   0   0   0   0   0   0   0  56  44   0   0   0  0.40 0.01
   31 L    -2  -3  -4  -4  -1  -2  -3  -4  -3   4   3  -3   3   0  -3  -3  -1  -2  -1   2    0   0   0   0   0   0   0   0   0  55  35   0  10   0   0   0   0   0   0   0  0.35 0.00
   32 K    -1  -1   4   4  -3   0   0   1   0  -4  -4   1  -3  -4  -2   0  -1  -4  -3  -3    0   0  46  31   0   0   0  13   0   0   0   9   0   0   0   0   0   0   0   0  0.50 0.00
   33 F    -2  -3  -3  -4  -2  -3  -4  -4  -2   1   1  -3   0   6  -4  -3  -2   0   3   0    0   0   0   0   0   0   0   0   0  12  10   0   0  78   0   0   0   0   0   0  0.57 0.01

                      K         Lambda
Standard Ungapped    0.1352     0.3323
Standard Gapped      0.0472     0.2670
PSI Ungapped         0.1544     0.3176
PSI Gapped           0.0472     0.2670
