
Last position-specific scoring matrix computed, weighted observed percentages rounded down, information per position, and relative weight of gapless real matches to pseudocounts
            A   R   N   D   C   Q   E   G   H   I   L   K   M   F   P   S   T   W   Y   V   A   R   N   D   C   Q   E   G   H   I   L   K   M   F   P   S   T   W   Y   V
    1 M    -2  -3  -3  -4  -3  -2  -3  -4  -3   0   1  -3   9  -1  -4  -3  -2  -3  -2   0    0   0   0   0   0   0   0   0   0   0   0   0 100   0   0   0   0   0   0   0  1.37 0.26
    2 A     4  -2   3  -2  -2  -2  -2  -1  -2  -3  -2  -2  -2  -4   3   1  -1  -4  -3  -2   53   0  21   0   0   0   0   0   0   0   2   0   0   0  13  11   0   0   0   0  0.58 0.20
    3 F    -4  -4  -5  -5  -4  -4  -5  -5  -3   0   1  -5   2   7  -5  -4  -4   5   2  -2    0   0   0   0   0   0   0   0   0   4  10   0   5  71   0   0   0   7   3   0  1.40 0.34
    4 T     0  -2   0   0   1  -1  -1  -2  -2   1   1  -2   1  -1  -2   1   1  -3   0   1    8   0   6   6   4   0   3   0   0   8  18   0   4   2   0  18  10   0   3  12  0.10 0.08
    5 G    -1  -4  -2  -3  -4  -4  -4   7  -4  -6  -6  -3  -5  -5  -4  -1  -3  -5  -5  -5    3   0   0   0   0   0   0  95   0   0   0   0   0   0   0   2   0   0   0   0  1.81 0.40
    6 K    -1   1   0  -2  -3   0  -1  -3  -1  -2  -3   4  -2  -3  -3   1   4  -4   0  -2    1   4   3   0   0   2   0   0   1   1   0  37   0   0   0   9  39   0   4   0  0.59 0.26
    7 F    -5  -5  -6  -6  -5  -4  -5  -5  -3  -5  -4  -5  -4   2  -6  -5  -5  11   5  -5    0   0   0   0   0   0   0   0   0   0   0   0   0   6   0   0   0  71  23   0  3.04 0.58
    8 E    -2   1   0   0  -2   3   2  -3  -2  -4  -4   5  -3  -4  -3   0  -1  -4  -3  -4    0   5   3   3   1  14  13   0   0   1   0  52   0   0   0   7   1   0   0   0  0.70 0.26
    9 M    -2  -3  -3  -4  -2  -2  -3  -4  -3   1   4  -3   3   1  -3  -1   1  -3   0   2    0   0   0   0   0   1   0   0   0   6  46   0  10   6   0   7   8   0   2  13  0.41 0.18
   10 E     0  -2  -1   3  -2   0   2  -2  -2   0  -1  -1  -1  -2  -3  -1  -1  -3   1   1    8   1   0  25   1   5  18   2   0   5   2   3   1   0   0   2   3   0   8  17  0.23 0.15
   11 S     0   2  -1   1  -3   0   0  -2   2  -4  -4   2  -3  -4   0   3   0  -4  -3  -3    5  16   1   9   0   2   5   0   5   0   0  13   0   0   4  40   1   0   0   0  0.43 0.21
   12 E     0  -2   1  -1   1   3   1  -2  -1  -2  -4  -1  -3  -4  -3   5   0  -4  -3  -3    2   0   5   2   3  20   6   0   1   2   0   0   0   0   0  58   3   0   0   0  0.69 0.31
   13 K    -2  -2  -2   1  -5   1   6  -4   3  -5  -5   2  -4  -5  -3  -2  -2  -5  -3  -4    1   0   0   5   0   2  73   0   7   0   0  10   0   0   0   0   1   0   0   0  1.18 0.37
   14 N    -4  -3   8  -1  -5  -2  -3   0   0  -6  -6  -2  -4  -5  -4  -2  -2  -6  -4  -5    0   0  91   0   0   0   0   7   2   0   0   0   0   0   0   0   0   0   0   0  1.87 0.50
   15 Y    -4  -4  -5  -5  -4  -4  -5  -5  -2  -1   0  -4   2   7  -5  -3  -3   5   4  -1    0   0   0   0   0   0   0   0   0   1   6   0   6  57   0   1   0   8  16   4  1.23 0.34
   16 D    -3  -2  -1   6  -5   1   5  -2  -2  -5  -5  -1  -4  -5  -3  -2  -3  -5  -4  -3    0   0   0  46   0   5  45   3   0   0   0   0   0   0   0   0   0   0   0   1  1.17 0.35
   17 E     2  -2   1   3  -4   0   4   0  -2  -4  -4   1  -3  -4  -1  -1  -2  -4  -3  -3   22   0   5  15   0   1  40   7   0   0   0   7   0   0   2   0   0   0   0   0  0.54 0.23
   18 F    -4  -4  -4  -5  -4  -4  -5  -5  -1  -1  -1  -4   0   6  -5  -4  -4   0   7  -1    0   0   0   0   0   0   0   0   0   2   3   0   2  46   0   0   0   0  43   4  1.42 0.39
   19 M    -3  -2  -4  -5  -3  -3  -4  -5  -4   1   3  -1   7   1  -4  -4  -2   0  -2   2    0   1   0   0   0   0   0   0   0   3  35   4  37   6   0   0   0   1   0  13  0.80 0.34
   20 K    -2   2  -1   2  -4   1   1  -3  -2  -4  -3   5  -3  -4  -3   0   1  -5  -3  -4    2   8   0  10   0   3   9   0   0   0   2  53   0   0   0   5   9   0   0   0  0.69 0.30
   21 L     4   0  -1  -2  -2  -1   1  -2  -3  -2   0   2  -2  -3  -2   0  -1  -4  -3  -1   49   5   1   0   0   0  12   0   0   0   8  13   0   0   0   6   1   0   0   4  0.41 0.25
   22 L    -2  -2  -4  -4  -3  -3  -1  -5  -4   2   4  -1   2  -1  -4  -3  -2  -3  -3   1    2   2   0   0   0   0   6   0   0  15  57   5   5   0   0   0   0   0   0   8  0.58 0.26
   23 G    -1  -3  -1   0  -4   0  -3   6  -4  -6  -5   0  -4  -5  -4  -1  -3  -5  -5  -5    2   0   2   4   0   4   0  79   0   0   0   6   0   0   0   2   0   0   0   0  1.36 0.41
   24 L    -1  -4  -4  -5  -3  -4  -4  -5  -4   2   3  -4   1   1  -4  -3  -2  -3   1   4    3   0   0   0   0   0   0   0   0  10  37   0   1   6   0   0   0   0   4  38  0.61 0.26
   25 P    -1  -3   2   0  -4  -2  -1   3  -3  -5  -5  -2  -4  -5   6   1  -2  -5  -4  -4    3   0  13   5   0   0   2  21   0   0   0   0   0   0  44  12   0   0   0   0  1.04 0.33
   26 S    -1  -1  -2   1   0  -1   2  -2  -2  -1   0  -1   2   2  -3   0  -1   5   0   0    2   2   0  11   2   0  19   1   0   2  10   2   7  13   0  10   1   9   1   5  0.21 0.15
   27 D     2  -2  -1   3  -2   1   2  -1  -2  -1  -1  -1   1   1  -1   0  -1  -3  -2   0   20   0   0  24   0   6  14   2   0   4   3   1   5   7   2   5   1   0   0   6  0.21 0.14
   28 V    -1  -1  -1  -2  -2   0  -1  -3   1   1   1   0   2   0  -1  -1   2  -2   0   1    2   1   1   0   0   5   2   1   4  11  17   7   7   3   3   2  16   0   3  13  0.10 0.09
   29 V    -1   5  -2  -3  -3  -1  -2  -2  -2   3  -2   0  -2  -3  -1   0  -2  -4  -1   0    3  45   0   0   0   0   0   3   0  27   0   2   0   0   3   7   0   0   2   7  0.56 0.29
   30 E    -1   1  -1   1  -4   4   2  -3  -2  -4  -4   4  -3  -5   0  -1   1  -4  -3  -3    3   6   2   6   0  21  10   0   0   0   0  38   0   0   5   1   9   0   0   0  0.58 0.27
   31 K     1   0  -2  -3  -2   1  -2  -2   0   1   1   1   3  -1  -3  -2  -1  -3   1   1   13   4   0   0   0   7   0   2   3   8  16  14  13   0   0   0   0   0   5  15  0.16 0.15
   32 S     0  -2   1  -2  -2  -1  -2   1  -1   1   0  -2   2  -1   2   0  -1  -2   1   1   10   0   9   0   0   0   1  10   0  10  10   1   9   0  10  10   1   0   9  10  0.10 0.09
   33 R     2   1   2  -1   1  -1  -1   1  -2  -2  -1   3  -2  -3  -2   0  -1  -4  -3  -1   20   6  12   1   3   0   2  10   0   0   6  23   0   0   0   5   3   0   0   5  0.20 0.19
   34 N     0  -1   2   1  -3   0  -1  -3   1  -1   2  -1   3  -2  -3   0   1   2  -2   0    9   2  13  11   0   3   2   0   4   0  22   1  10   0   0   5   8   3   0   5  0.16 0.17
   35 I     1  -2  -2   0  -2  -1  -1  -2   0   1   1  -2   0   1  -3   1   1  -3   0   1   18   0   0   6   0   2   4   0   3  13  13   0   2   6   0  10  13   0   2   8  0.12 0.14
   36 K    -3   0   1  -3  -5  -1  -2  -1   1  -5  -5   7  -4  -5  -4  -1   0  -5  -4  -5    0   3   5   0   0   0   0   4   3   0   0  77   0   0   0   2   6   0   0   0  1.29 0.57
   37 I    -3  -4  -3  -3  -4  -1  -1   0  -4  -1  -2  -1  -3  -2   7  -1   1  -5  -4   0    0   0   0   0   0   2   4   7   0   3   5   3   0   2  55   3   8   0   0   7  1.11 0.43
   38 V    -1  -2   0   0  -3  -1  -1  -3   0   2  -2  -1  -1  -2  -3   0   3   2  -2   2    4   1   5   7   0   1   3   0   2  18   0   4   0   1   0   5  28   3   0  17  0.26 0.23
   39 T    -1  -2  -2  -3   1   0  -2  -3   2   1   1   1   0   1  -3   1   1  -3  -1   2    0   0   0   0   3   5   0   0   6  10  15  12   1   6   0  11  11   0   0  18  0.14 0.16
   40 E    -1  -2  -2  -1   1   0   4  -3   0   3  -2   1  -2  -3  -3  -1   2  -4  -1   0    2   0   0   1   4   2  33   0   3  21   0   9   0   0   0   3  13   0   2   4  0.35 0.27
   41 I    -3  -4  -4  -4  -3  -4  -4  -5   0   6   1  -1   1   2  -4  -4  -3  -3   0   1    0   0   0   0   0   0   0   0   3  60   7   4   2  11   0   0   0   0   4   7  0.84 0.39
   42 K     0   0   0   0  -3   1   1  -2  -1  -2  -2   1  -2  -2  -2   2   2   2   2   0    4   5   2   4   0   8  12   0   1   1   0  12   0   0   0  17  13   3   8   9  0.20 0.17
   43 Q    -1  -1  -1  -1   0   5   0  -3   1  -1  -1   3   1  -2  -3  -1  -1  -4  -2   0    5   0   2   3   2  33   1   0   4   3   6  22   5   2   0   3   2   0   0   8  0.38 0.28
   44 D    -2  -1   5   4  -4   1   3  -3  -2  -4  -2   0  -3  -2  -3  -1  -1  -4  -3  -4    3   1  30  23   0   6  21   0   0   0   3   5   0   2   0   2   2   0   0   0  0.64 0.32
   45 G    -1  -4  -1  -3  -4  -2  -2   7  -4  -5  -5  -1  -5  -5  -4  -2  -3  -5  -5  -5    2   0   2   0   0   1   2  85   0   0   0   4   0   0   0   1   0   0   0   0  1.63 0.54
   46 Q    -3  -2   4   6  -5   0   1  -1  -2  -5  -5   1  -4  -5  -3  -1  -1  -5  -4  -4    0   0  22  49   0   4   9   3   0   0   0   8   0   0   0   1   2   0   0   0  0.98 0.40
   47 D    -2   1   2   1  -3   1   1  -1   4  -2  -1   2  -1  -3  -2   0   1  -3  -1  -2    0   5   9   9   0   7   6   3  14   2   5  20   1   0   0   7   9   0   1   3  0.24 0.17
   48 F    -3  -2  -4  -4  -3  -3  -4  -3  -2   1   0  -2   3   5  -4  -3  -2   3   5   0    0   2   0   0   0   0   0   2   0   9   8   2  11  31   0   0   2   4  23   5  0.73 0.33
   49 T    -2  -2   0   1  -3  -2  -2  -3   4  -1  -2   1  -2  -1  -3   0   4  -1   2   0    0   0   4   7   0   0   0   0  15   2   2  13   0   2   0   4  34   1   7   8  0.40 0.29
   50 W    -2  -3  -2  -4  -3  -3  -3  -4   3   4   0  -1   3   1  -3  -3  -2   3   2   2    0   0   2   0   0   0   0   0  11  30   5   3   8   5   0   0   0   4   8  19  0.44 0.26
   51 S    -1   1  -1  -1  -3   0   1  -2   1   0  -2   3   1  -3  -2   1   2  -3  -2  -1    1   8   2   1   0   3   8   1   4   9   1  26   5   1   1  10  18   0   0   2  0.24 0.18
   52 H    -1   1   2  -1  -2   1   0  -2   0   1  -1   0  -1  -1  -2   1   3  -3  -2   0    1   8  12   1   0   6   4   1   2  12   4   6   0   2   0  14  22   0   0   6  0.18 0.16
   53 H     0  -1   0   0  -2   1   1  -2   1   0   0   1   0  -2  -2   2   2  -3  -1  -1    4   1   2   4   0   8   9   1   4   5  12   8   2   0   1  17  19   0   1   3  0.15 0.14
   54 Y    -1  -2   0  -1   0  -1   1  -1  -1   0   0  -1  -1  -1  -2   1   3  -2   1   0    2   1   4   1   2   1  10   5   0   7  12   1   0   2   1   8  26   0   8   6  0.12 0.13
   55 S     0  -3   0  -2  -3  -2  -2  -2  -3  -2  -2  -2  -3  -4   2   5   3  -4  -3  -3    6   0   3   0   0   0   0   1   0   3   4   0   0   0  12  49  19   0   0   0  0.66 0.38
   56 G    -1  -2   0   1  -3  -1  -1   2  -2  -1  -3   1  -2   0   0   1   3  -3  -2  -1    3   0   2  11   0   2   0  18   0   4   1  11   0   4   3   7  26   0   0   3  0.23 0.19
   57 G    -1   1  -2  -3  -1  -2  -2   0  -2  -1   0   3  -1   4  -2  -1  -2  -2  -1  -1    3   9   0   0   2   0   1   9   0   1   9  23   0  29   2   5   1   0   0   3  0.30 0.22
   58 Q    -2   2   3   1  -4   1   0  -3   2  -4  -3   5  -3  -4  -3   0   0  -4  -3  -3    0  10  16   6   0   5   3   0   5   0   2  41   0   0   0   6   6   0   0   0  0.57 0.30
   59 I    -2  -2   4  -1  -3  -2  -2  -3  -2   0  -1   0  -2  -1  -3   0   4  -3   1   1    1   0  26   2   0   0   0   1   0   6   4   4   0   2   0   6  29   0   5  12  0.39 0.27
   60 M    -2   0   0  -2  -3  -1   1  -3   1   1   0   1   0  -1  -3   0   3  -3   1   0    0   4   4   0   0   1  11   0   4  10   6  11   3   2   0   3  27   0   7   5  0.18 0.18
   61 T    -1   0   0   0  -3   1   2  -3   1   0  -2   0  -2  -2   0   0   2  -3   1  -1    3   3   5   4   0   7  22   0   3   9   2   6   0   1   4   4  16   0   7   4  0.17 0.15
   62 N    -2  -2   3   1   0   0  -2  -3   0   2   0   0  -1   1  -3  -1   0  -1  -1   1    0   0  20   8   2   3   0   0   2  19   6   6   1   8   0   2   6   1   1  12  0.16 0.16
   63 K     0  -1   1   1  -3   0   1  -1  -2  -1  -3   1  -2  -3  -2   3   1  -3  -3  -1    3   1   8   6   0   3  12   3   0   4   1   9   0   0   1  37   7   0   0   4  0.32 0.22
   64 F    -4  -5  -5  -6   0  -5  -5  -4  -4  -3  -2  -5  -3   8  -6  -3  -4   5   1  -1    0   0   0   0   2   0   0   1   0   0   0   0   0  79   0   2   0   7   2   5  1.91 0.64
   65 T    -1  -1  -1  -2  -4   2   1  -2   0  -3  -3   4  -3  -4  -3  -1   4  -4  -3  -3    3   1   1   1   0   7   9   2   2   0   1  38   0   0   0   2  33   0   0   0  0.66 0.36
   66 I    -3  -4  -4  -4  -3  -3  -4  -4  -4   3   4  -4   0   1  -4  -1  -2   1  -2   2    0   0   0   0   0   0   0   0   0  14  56   0   0   6   0   5   0   2   0  13  0.68 0.31
   67 G    -1  -3  -1   0  -4  -3  -2   7  -4  -5  -5  -3  -4  -5  -4  -2  -3  -4  -5  -5    3   2   2   5   0   0   2  83   0   0   0   0   0   0   0   0   0   0   0   0  1.55 0.49
   68 K    -2  -1  -2  -1  -4   3   5  -3  -2  -2  -3   2  -1  -2  -3  -1  -1  -4  -3   1    1   0   0   0   0  13  44   0   0   1   0  16   2   2   0   2   4   0   0  14  0.63 0.33
   69 E    -1  -2  -2  -1  -5   0   7  -3  -2  -5  -5   1  -4  -5  -2  -2  -1  -5  -4  -4    3   0   1   1   0   2  77   1   0   0   0   9   0   0   1   1   4   0   0   0  1.32 0.53
   70 S     0  -4  -4  -4   2  -4  -3  -3  -3  -2  -2  -4  -2   7  -4   0   0  -2   0  -1    7   0   0   0   5   0   2   2   0   0   1   0   0  66   0   7   6   0   0   3  1.17 0.46
   71 E    -3  -1   0   5  -5   1   4  -2  -2  -5  -5   1  -4  -5  -2  -2  -3  -5  -4  -3    1   2   4  39   0   4  36   2   0   0   0   9   0   0   1   0   0   0   0   2  0.93 0.39
   72 I    -1  -2  -2   1  -4  -1   5  -2  -2   1  -1   0   1  -3  -3  -2  -1  -3   2  -1    4   0   0   6   0   0  48   3   0  11   5   4   5   0   0   0   2   0   8   2  0.49 0.31
   73 Q    -2  -1   0   0  -3   1   3  -3  -1  -1  -3   0  -2  -2   0   0   3  -4  -2   0    0   1   3   5   0   7  26   0   1   4   0   6   0   1   5   5  28   0   1   7  0.36 0.25
   74 T     0  -2  -1  -1  -3  -1  -2   0   1   0  -1  -2  -2  -3  -2   0   5  -4  -3  -1    5   1   2   3   0   2   0   7   4   5   6   0   0   1   1   5  56   0   0   2  0.58 0.35
   75 F     3  -2  -3  -3  -2  -1  -2  -1   1   0   1  -1   3  -1   2  -1  -1  -3  -2   1   30   0   0   0   0   2   0   4   4   4  16   3  10   3  10   3   0   0   0  10  0.22 0.18
   76 G    -2  -1   1   7  -5  -1   0   1  -3  -5  -5  -3  -5  -6  -4  -2   0  -6  -5  -5    2   3   5  69   0   2   2  10   0   0   0   0   0   0   0   1   8   0   0   0  1.28 0.48
   77 G    -2  -2   2   3  -4  -3  -1   6  -3  -5  -5  -3  -4  -5  -1   0  -3  -5  -5  -5    0   1  12  16   0   0   2  59   0   0   0   0   0   0   2   6   0   0   0   0  1.04 0.39
   78 K    -1   6  -1   0  -4  -1   1  -4   1  -4  -3   2  -3  -4  -3  -2   2  -5  -3  -2    3  48   2   4   0   0  10   0   4   0   2  10   0   0   0   0  14   0   0   2  0.72 0.35
   79 K    -1   1   1  -1  -4   1   2  -3   3  -4  -2   4  -1  -4   0   0   0  -4  -3  -3    2   3   7   1   0   5  12   0   7   0   3  42   2   0   4   5   7   0   0   0  0.49 0.28
   80 F     0  -4  -3  -4   4  -3  -4  -4   3   2   1  -3  -1   0  -4  -2   0  -3   0   4    7   0   0   0  11   0   0   0   9  10  10   0   0   5   0   1   7   0   2  38  0.45 0.26
   81 K    -2   1   0  -2  -4   1   1  -3  -2  -4  -4   6   1  -4  -3  -1   0  -4  -4  -2    1   3   3   0   0   5   6   0   0   0   0  64   5   0   0   2   5   0   0   4  0.87 0.41
   82 A     0  -3  -1  -2   2  -2  -2   1  -3   1  -2  -2  -2  -1  -3   4   3  -3  -1  -1    6   0   1   0   4   0   0   9   0   9   2   0   0   2   0  38  21   0   2   4  0.39 0.27
   83 V    -1  -2  -2  -3  -2  -2  -2  -3  -3   1   1   1   1  -2  -3   0   4  -4  -3   2    3   0   1   0   0   0   0   0   0   7  15  11   3   0   0   3  33   0   0  21  0.36 0.25
   84 V    -1  -4  -4  -4   2  -3  -4  -4  -3   2  -1  -3  -1   3  -2  -3  -2   4   3   4    3   0   0   0   5   0   0   1   0   9   2   0   0  13   2   1   0   5  13  44  0.59 0.29
   85 N    -1  -1   2   0  -3   1  -1  -3   3  -2  -3   1  -2  -1  -3   1   5  -4  -2  -2    1   3   9   4   0   6   1   0   8   2   0   8   0   3   0   8  44   0   0   2  0.48 0.30
   86 M    -1  -1  -3  -3  -3  -1   0  -4  -3   0   2   0   3   2  -3  -3  -2   6   1   0    4   3   0   0   0   2   9   0   0   4  29   6   9  12   0   0   0  11   3   7  0.35 0.20
   87 E    -2  -2  -1   5  -4   0   5  -3  -2  -4  -4   1  -3  -4  -3  -2   0  -5  -4  -1    2   0   1  33   0   2  40   0   0   0   0   9   0   0   0   0   6   0   0   4  0.83 0.36
   88 G    -2  -2   2   3  -4  -2  -1   5  -3  -5  -5  -2  -4  -4  -3   1  -2  -4  -4  -4    0   2  12  18   0   0   3  53   0   0   0   1   0   0   0   9   1   0   0   0  0.89 0.35
   89 G    -2  -3   4   2  -4  -2   2   4  -2  -5  -5  -2  -4  -4  -3  -1  -1  -4  -4  -4    0   0  28  13   0   0  17  36   0   0   0   0   0   0   0   0   3   0   0   0  0.79 0.34
   90 K     0   0   2  -2  -3   0  -1  -3   2  -1  -3   5   0  -4  -3   0   0  -4  -3   0    6   1   9   0   0   3   0   0   5   2   0  48   3   0   0   7   6   0   0   8  0.48 0.29
   91 V    -3  -3  -4  -4  -3  -2  -2  -5  -4   0   5  -2   3   0  -4  -4  -3  -3  -2   1    0   0   0   0   0   1   3   0   0   1  69   3   9   3   0   0   0   0   0   7  0.82 0.36
   92 V    -2  -2  -1  -3  -2   0  -1  -3  -3   2  -1   0  -1  -1  -3   0   2  -4  -2   4    0   0   3   0   0   6   3   0   0  14   3   8   0   2   0   8  12   0   0  40  0.34 0.24
   93 A     1  -2  -1  -2   3   3   0   2   4  -2  -3  -2  -2  -3  -3   1   1  -3  -1  -1   10   0   0   0   9  18   4  17  13   2   0   0   0   0   0   8  12   0   1   5  0.31 0.22
   94 N    -2   0   1   3  -3   0   2  -2  -1   0  -1   2  -2  -2  -2  -1   1  -4  -3   1    0   4   6  21   0   3  12   2   1   5   3  15   0   1   0   2   9   0   0  15  0.21 0.16
   95 F    -1  -2  -1   0   1   3  -1   3   0  -2  -1  -1  -2   2  -3   0  -1  -3  -2   0    2   0   2   5   3  17   2  27   2   1   5   1   0  12   0   6   4   0   0  11  0.22 0.19
   96 P    -2   0   1   0  -4   1   0  -3  -2  -2  -3   6  -3  -4   2  -2  -1  -4  -4  -3    1   1   5   5   0   6   2   0   0   2   1  61   0   0  10   0   3   0   0   1  0.82 0.38
   97 N    -1   2   0   1  -4   1   3   2  -2  -3  -3   2  -3  -4  -2   0   1  -4  -3  -2    0  10   4   6   0   4  21  20   0   0   0  17   0   0   0   5   9   0   0   2  0.35 0.20
   98 Y    -1  -3  -2  -1  -2  -2   1  -3  -1   3  -1  -2  -1   1   0   0   3  -3   0   1    3   0   0   2   0   0  10   0   1  26   2   1   0   6   4   5  27   0   4   6  0.25 0.21
   99 Q    -1   0   1   1  -3   1   1  -2   3  -1  -3   2  -2  -2  -2   1   2  -3   0  -1    4   3   5   7   0   4   7   0   9   3   0  18   0   2   0  10  21   0   3   4  0.22 0.16
  100 H    -1  -2   1   1  -1  -1  -1  -1   3   2  -1  -2  -1  -1  -3   0  -1   6   1   0    2   0   8  11   1   2   2   4  11  18   5   1   0   1   0  11   2  12   5   5  0.24 0.18
  101 T    -1   0  -2  -1  -1  -1   1  -3  -3   1  -2   1  -1  -3  -1   1   3  -4  -3   3    0   4   1   2   1   0  14   0   0   8   0   8   0   0   2   9  21   0   0  29  0.27 0.22
  102 S    -2   6  -2  -3  -4   2  -2  -4   1  -3  -2   0  -3  -1  -3  -1   2  -3   3  -3    3  47   0   0   0   9   0   0   3   0   2   3   0   3   0   3  15   0  11   1  0.70 0.34
  103 E    -2  -1  -2   0  -4   0   5  -4  -2  -3  -2   2  -3  -3  -3  -2  -2   5   1  -1    1   2   0   4   0   1  50   0   0   0   5  15   0   0   0   0   1  10   5   5  0.74 0.35
  104 I    -2  -3  -4  -4  -3  -3  -4  -4  -4   4   3  -4   0   2  -4  -3  -2  -3   1   3    0   1   0   0   0   0   0   0   0  25  29   0   1  11   0   0   0   0   4  27  0.58 0.26
  105 K    -1  -1   2   2  -3   1   2  -2  -2  -1  -2   2  -1  -3  -2   0  -1  -4  -1   1    2   1  15  11   0   8  19   0   0   4   1  15   1   0   0   5   2   0   2  15  0.25 0.18
  106 G    -2  -3   2   4  -4  -1  -1   5  -3  -5  -5  -1  -4  -5  -3  -2  -3  -4  -4  -5    1   0  10  23   0   2   2  57   0   0   0   3   0   0   0   0   0   0   0   0  1.04 0.38
  107 D    -3  -3   2   6  -5  -2   1   4  -3  -5  -5  -2  -4  -5  -2  -2  -3  -5  -4  -5    0   0  11  49   0   0   7  29   0   0   0   0   0   0   1   0   0   0   0   0  1.04 0.39
  108 K    -2   0   0   0  -4   2   3  -3   1  -3  -3   4   0  -1  -3  -1   1  -4  -1  -3    1   1   5   3   0   9  25   0   3   1   0  34   4   3   0   1  10   0   2   0  0.52 0.30
  109 L    -3  -4  -5  -6  -1  -4  -5  -6  -5   1   5  -4   6  -2  -5  -4  -2  -4  -3   0    0   0   0   0   1   0   0   0   0   4  67   0  23   0   0   0   1   0   0   4  1.16 0.46
  110 V    -2  -2  -4  -4  -3  -3  -1  -5   0   4   0  -1  -1  -2  -4  -2   0  -4   1   4    1   2   0   0   0   0   4   0   3  27   3   4   0   0   0   1   5   0   4  44  0.54 0.31
  111 E     0  -1   0  -2  -3   2   1  -3  -2   0   1   1   2  -2  -3  -1   0  -3  -2   2    6   0   6   0   0  10  10   0   0   3  19  11   7   0   0   1   4   0   0  23  0.18 0.17
  112 V    -2  -1  -2  -2  -3  -1   2  -4  -3  -2  -3   0  -3  -1  -3  -1   6  -4  -3   0    0   3   0   0   0   1  18   0   0   1   0   7   0   3   0   1  58   0   0   5  0.80 0.44
  113 S    -1  -2  -1  -4   4  -3  -4  -4  -2   1   2  -3   5   0  -4   0  -2   0   3   1    2   1   3   0  12   0   0   0   0   8  20   0  19   3   0   8   0   1  15   7  0.43 0.26
  114 S    -1  -2  -2  -2  -3   0  -1  -2  -3  -2  -3   2  -2  -2  -3   2   5  -4  -3   0    1   1   0   1   0   3   3   3   0   1   0  14   0   2   0  12  51   0   0   8  0.62 0.36
  115 I     0  -1  -1  -3   2  -2  -3  -3   0   1   1  -2   4   2  -3   0  -1   1   1   2   11   3   3   0   5   0   0   0   2   8   8   1  16   9   0   8   1   2   5  17  0.18 0.16
  116 G    -2  -1   3   1  -4  -2   1   5  -3  -5  -5   0  -4  -5  -3   0  -3  -5  -4  -5    1   2  20   9   0   0  10  48   0   0   0   7   0   0   0   4   0   0   0   0  0.81 0.34
  117 G    -2  -3   3   5  -5  -2   0   4  -1  -5  -5  -3  -4  -5  -4   0  -2  -5  -4  -5    0   0  17  39   0   0   3  30   1   0   0   0   0   0   0   7   1   0   0   0  0.91 0.38
  118 V     0  -4  -4  -4  -3  -1  -4  -2  -4   3   0  -4  -1   0  -4  -3  -1  -4  -3   5    7   0   0   1   0   4   0   4   0  15   3   0   0   3   0   1   3   0   0  59  0.70 0.36
  119 T    -2  -1  -3  -3  -3  -3   0  -3  -4   1  -2  -1  -2  -3  -4  -1   3  -5  -3   5    1   3   0   0   0   0   8   1   0   4   0   4   0   0   0   2  26   0   0  50  0.62 0.36
  120 Y     2  -4  -3  -4   8  -3  -4  -1  -3  -3  -2  -3   1   0  -4   1  -1  -3   2  -2   24   0   0   0  36   0   0   3   0   0   3   0   5   4   0  13   2   0   9   0  0.87 0.38
  121 E    -2   2  -2  -3  -3   0   0  -3  -3   0  -3   4  -2  -3  -3  -1   3  -4  -1   1    0  14   0   0   0   2   5   0   0   6   0  31   0   0   0   2  27   0   2  12  0.47 0.29
  122 R    -4   8  -1  -4  -1   1  -2  -5  -3  -6  -5   1  -4  -5  -5  -3  -2  -5  -4  -5    0  86   2   0   2   5   0   0   0   0   0   3   0   0   0   0   1   0   0   0  1.84 0.61
  123 V    -2  -1  -1  -3  -1  -2  -1  -4   1   3  -1  -1  -1   0  -3  -1   2   5   1   3    1   2   3   0   1   0   3   0   4  19   0   5   0   4   1   2  16  11   6  23  0.35 0.23
  124 S    -3  -4  -4  -5  -4  -4  -4  -5  -1  -4  -2  -4  -3   5  -5   2  -3   1   8  -4    0   0   0   0   0   0   0   0   0   0   1   0   0  22   0  19   0   1  57   0  1.54 0.55
  125 K    -2   2   0  -2  -5   1   3  -4  -1  -3  -4   5  -2  -5  -3  -1  -1  -5  -3  -1    0   8   3   0   0   5  18   0   1   1   0  52   1   0   0   3   2   0   0   7  0.73 0.34
  126 R    -3   6  -3  -3  -6  -1  -2  -4  -3  -5  -5   5  -4  -5  -4  -3  -3  -5  -4  -5    0  54   0   0   0   1   0   0   0   0   0  46   0   0   0   0   0   0   0   0  1.51 0.50
  127 L    -1  -3  -3  -3  -2  -2   0  -4   0   2   1  -3   2  -2  -3  -3  -1  -4  -2   4    2   0   0   0   0   1   8   0   4  12  14   0   6   0   0   0   0   0   0  53  0.48 0.20
  128 A     5  -2  -2  -2  -1  -1  -1  -1  -2  -2  -2  -1  -2  -3  -2   2   0  -3  -3  -1   86   0   0   0   0   0   0   0   0   0   0   0   0   0   0  14   0   0   0   0  0.68 0.15

                      K         Lambda
Standard Ungapped    0.1322     0.3137
Standard Gapped      0.0430     0.2670
PSI Ungapped         0.1405     0.3172
PSI Gapped           0.0430     0.2670
