
Last position-specific scoring matrix computed, weighted observed percentages rounded down, information per position, and relative weight of gapless real matches to pseudocounts
           A  R  N  D  C  Q  E  G  H  I  L  K  M  F  P  S  T  W  Y  V   A   R   N   D   C   Q   E   G   H   I   L   K   M   F   P   S   T   W   Y   V
    1 T    0 -1  0 -1 -1 -1 -1 -2 -2 -1 -1 -1 -1 -2 -1  1  5 -2 -2  0    0   0   0   0   0   0   0   0   0   0   0   0   0   0   0   0 100   0   0   0  0.47 0.00
    2 Q   -1  0  2  0 -2  4  1 -1  1 -3 -2  0 -1 -1 -2  1  0 -1  2 -2    0   0  21   0   0  44   0   0   0   0   0   0   0   0   0  16   0   0  18   0  0.32 0.01
    3 A    4 -1 -2 -2  0 -1 -1  0 -2 -1 -2 -1 -1 -2 -1  1  0 -3 -2  0  100   0   0   0   0   0   0   0   0   0   0   0   0   0   0   0   0   0   0   0  0.42 0.01
    4 C    0 -4 -3 -4  9 -3 -4 -3 -3 -1 -1 -3 -2 -2 -3 -1 -1 -2 -3 -1    0   0   0   0 100   0   0   0   0   0   0   0   0   0   0   0   0   0   0   0  1.28 0.02
    5 R    0  3  0 -1 -2  3  1 -1  0 -3 -2  1 -1 -3 -1  2  0 -3 -2 -2    0  33   0   0   0  28   0   0   0   0   0   0   0   0   0  39   0   0   0   0  0.38 0.01
    6 I   -1 -3 -3 -3 -1 -3 -3 -4 -3  4  1 -3  1  0 -3 -2 -1 -3 -1  3    0   0   0   0   0   0   0   0   0 100   0   0   0   0   0   0   0   0   0   0  0.42 0.01
    7 N   -1 -1  5  1 -3  0 -1  3  0 -3 -4 -1 -2 -3 -2  0  0 -3 -2 -3    0   0  72   0   0   0   0  28   0   0   0   0   0   0   0   0   0   0   0   0  0.61 0.01
    8 S    2 -1  0 -1 -1  0  0  0 -1 -2 -2  0 -1 -2 -1  3  1 -2 -1 -1   29   1   1   1   0   1   1   2   0   1   2   1   0   1   1  53   1   0   1   1  0.26 0.00
    9 G    0 -2 -2 -2 -1 -2 -2  3 -3  1  0 -2  0 -2 -2 -1 -1 -3 -2  3    0   0   0   0   0   0   0  38   0   0   0   0   0   0   0   0   0   0   0  62  0.28 0.01
   10 N   -1 -1  5  1 -2  0  0  0  0 -3 -3  0 -2 -3 -2  2  0 -4 -2 -3    0   0  82   0   0   0   0   0   0   0   0   0   0   0   0  18   0   0   0   0  0.62 0.01
   11 V    1 -2 -3 -3 -1 -2 -2 -2 -3  3  2 -2  1 -1 -2 -1  0 -2 -1  2   21   0   0   0   0   0   0   0   0  28  18   0   0   0   0   0   0   0   0  33  0.21 0.00
   12 P   -1 -2 -2 -2 -3 -1 -1 -2 -2 -3 -3 -1 -3 -4  8 -1 -1 -4 -3 -2    0   0   0   0   0   0   0   0   0   0   0   0   0   0 100   0   0   0   0   0  2.07 0.01
   13 S    2 -1  3  0 -1  0  0  0 -1 -2 -2  0 -2 -3 -1  3  1 -3 -2 -2   21   0  28   0   0   0   0   0   0   0   0   0   0   0   0  51   0   0   0   0  0.35 0.00
   14 E   -1  0  0  1 -4  2  5 -2  0 -3 -3  1 -2 -3 -1  0 -1 -3 -2 -3    0   0   0   0   0   0 100   0   0   0   0   0   0   0   0   0   0   0   0   0  0.76 0.01
   15 L   -1 -3 -3 -3 -1 -2 -3 -4 -3  3  3 -3  2  0 -3 -2 -1 -2 -1  2    0   0   0   0   0   0   0   0   0  49  51   0   0   0   0   0   0   0   0   0  0.38 0.00
   16 D   -2 -2  1  6 -4  0  1 -1 -1 -3 -4 -1 -3 -4 -2  0 -1 -4 -3 -3    0   0   0 100   0   0   0   0   0   0   0   0   0   0   0   0   0   0   0   0  0.96 0.01
   17 L   -2 -2 -3 -4 -1 -2 -3 -4 -3  2  4 -3  2  0 -3 -3 -1 -2 -1  1    0   0   0   0   0   0   0   0   0   0 100   0   0   0   0   0   0   0   0   0  0.47 0.01
   18 R   -1  6 -1 -2 -3  1  0 -2  0 -3 -2  2 -1 -3 -2 -1 -1 -3 -2 -3    0 100   0   0   0   0   0   0   0   0   0   0   0   0   0   0   0   0   0   0  0.78 0.01
   19 S    2  0  0 -1 -1  2  0  0 -1 -2 -2  0 -1 -3 -1  3  1 -3 -2 -1   28   0   0   0   0  21   0   0   0   0   0   0   0   0   0  51   0   0   0   0  0.32 0.00
   20 L   -1 -2 -3 -4 -1 -2 -3 -3 -3  1  4 -2  3  0 -3 -2 -1 -2 -1  1    0   0   0   0   0   0   0   0   0   0  79   0  21   0   0   0   0   0   0   0  0.41 0.01
   21 R   -1  5  0 -2 -3  0 -1  2 -1 -3 -3  1 -2 -3 -2 -1 -1 -3 -2 -3    0  72   0   0   0   0   0  28   0   0   0   0   0   0   0   0   0   0   0   0  0.56 0.01
   22 T    0 -1 -1 -2 -1 -1 -1 -2  0 -1 -1 -1 -1  0 -2  1  4  0  3  0    0   0   0   0   0   0   0   0   0   0   0   0   0   0   0   0  72   0  28   0  0.37 0.01
   23 V    0 -3 -3 -3 -1 -2 -3 -3 -3  3  1 -2  1 -1 -2 -2  0 -3 -1  4    0   0   0   0   0   0   0   0   0   0   0   0   0   0   0   0   0   0   0 100  0.37 0.01
   24 T    0 -1  0 -1 -1 -1 -1 -2 -2 -1 -1 -1 -1 -2 -1  1  5 -3 -2  0    0   0   0   0   0   0   0   0   0   0   0   0   0   0   0   0 100   0   0   0  0.50 0.01
   25 P   -1  0 -1 -1 -3  0 -1 -2 -2 -3 -3  2 -2 -4  7 -1 -1 -4 -3 -2    0   0   0   0   0   0   0   0   0   0   0  28   0   0  72   0   0   0   0   0  1.36 0.01
   26 I   -1 -3 -3 -3 -1 -3 -3 -4 -3  4  1 -3  1  0 -3 -2 -1 -3 -1  3    0   0   0   0   0   0   0   0   0 100   0   0   0   0   0   0   0   0   0   0  0.42 0.01
   27 R   -1  5  0 -1 -3  1  0 -2  0 -3 -2  3 -1 -3 -2 -1 -1 -3 -2 -3    0  72   0   0   0   0   0   0   0   0   0  28   0   0   0   0   0   0   0   0  0.64 0.01
   28 M   -1 -1  3 -1 -2  0 -1 -2 -1  0  1 -1  5 -1 -2 -1 -1 -2 -1  0    0   0  28   0   0   0   0   0   0   0   0   0  72   0   0   0   0   0   0   0  0.25 0.01
   29 Q   -1  1  0  0 -3  6  2 -2  0 -3 -2  1 -1 -3 -1  0 -1 -2 -2 -2    0   0   0   0   0 100   0   0   0   0   0   0   0   0   0   0   0   0   0   0  0.69 0.01
   30 G    0 -2  0 -1 -3 -2 -2  6 -2 -4 -4 -2 -3 -3 -2  0 -2 -3 -3 -3    0   0   0   0   0   0   0 100   0   0   0   0   0   0   0   0   0   0   0   0  1.04 0.00

                      K         Lambda
Standard Ungapped    0.1313     0.3180
Standard Gapped      0.0410     0.2670
PSI Ungapped         0.1313     0.3180
PSI Gapped           0.0410     0.2670
