
Last position-specific scoring matrix computed, weighted observed percentages rounded down, information per position, and relative weight of gapless real matches to pseudocounts
            A   R   N   D   C   Q   E   G   H   I   L   K   M   F   P   S   T   W   Y   V   A   R   N   D   C   Q   E   G   H   I   L   K   M   F   P   S   T   W   Y   V
    1 Q    -1   1   0   0  -3   6   2  -2   0  -3  -2   1   0  -4  -1   0  -1  -2  -2  -2    0   0   0   0   0 100   0   0   0   0   0   0   0   0   0   0   0   0   0   0  0.66 0.00
    2 G    -1   2   3  -1  -3   0  -1   4  -1  -4  -3   0  -2  -3  -2   0  -1  -3  -3  -3    0  26  24   0   0   0   0  50   0   0   0   0   0   0   0   0   0   0   0   0  0.50 0.00
    3 C     0  -4  -3  -4  10  -3  -4  -3  -3  -1  -1  -3  -2  -3  -3  -1  -1  -3  -3  -1    0   0   0   0 100   0   0   0   0   0   0   0   0   0   0   0   0   0   0   0  1.23 0.01
    4 C     0  -4  -3  -4  10  -3  -4  -3  -3  -1  -1  -3  -2  -3  -3  -1  -1  -3  -3  -1    0   0   0   0 100   0   0   0   0   0   0   0   0   0   0   0   0   0   0   0  1.23 0.01
    5 N    -2   0   6   1  -3   1   2  -1   0  -4  -4   0  -2  -3  -2   0   0  -4  -2  -3    0   0  79   0   0   0  21   0   0   0   0   0   0   0   0   0   0   0   0   0  0.61 0.00
    6 G     0  -3  -1  -2  -2  -2  -2   5  -2  -1  -2  -2  -2  -3  -2  -1  -1  -3  -3   0    0   0   0   0   0   0   0  78   0   0   0   0   0   0   0   0   0   0   0  22  0.64 0.00
    7 P    -1   2  -1  -1  -2   0  -1  -2  -1  -2  -2   0  -2  -3   7  -1  -1  -3  -2  -2    1  21   1   1   0   1   1   1   0   1   2   1   0   1  62   1   1   0   1   1  1.04 0.00
    8 K    -1   3   4   0  -2   1   0  -1   0  -2  -2   2  -2  -2  -1   0   0  -3  -2  -2    1  21  44   1   0   1   1   1   0   1   2  19   0   1   1   1   1   0   1   1  0.32 0.00
    9 G     0  -3   0  -1  -3  -2  -2   6  -2  -4  -4  -2  -3  -3  -2   0  -2  -3  -3  -3    0   0   0   0   0   0   0 100   0   0   0   0   0   0   0   0   0   0   0   0  1.05 0.00
   10 C     0  -4  -3  -4  10  -3  -4  -3  -3  -1  -1  -3  -2  -3  -3  -1  -1  -3  -3  -1    0   0   0   0 100   0   0   0   0   0   0   0   0   0   0   0   0   0   0   0  1.23 0.01
   11 S     1  -1   1   0  -1   0   0   0  -1  -3  -3   0  -2  -3  -1   4   1  -3  -2  -2    0   0   0   0   0   0   0   0   0   0   0   0   0   0   0 100   0   0   0   0  0.46 0.00
   12 S     1  -1   0  -1  -1   0  -1   3  -1  -3  -3  -1  -2  -3  -1   4   1  -3  -2  -2    0   0   0   0   0   0   0  22   0   0   0   0   0   0   0  78   0   0   0   0  0.42 0.00
   13 K    -1   5   0  -1  -4   1   0  -2   0  -3  -2   4  -2  -3  -2  -1  -1  -3  -2  -3    0  63   0   0   0   0   0   0   0   0   0  37   0   0   0   0   0   0   0   0  0.60 0.00
   14 W    -3  -3  -4  -5  -3  -2  -3  -3  -3  -3  -2  -3  -2   1  -4  -3  -3  12   2  -3    0   0   0   0   0   0   0   0   0   0   0   0   0   0   0   0   0 100   0   0  2.33 0.01
   15 C     0  -4  -3  -4  10  -3  -4  -3  -3  -1  -1  -3  -2  -3  -3  -1  -1  -3  -3  -1    0   0   0   0 100   0   0   0   0   0   0   0   0   0   0   0   0   0   0   0  1.23 0.01
   16 R    -1   6   0  -2  -4   1   0  -2   0  -3  -2   3  -2  -3  -2  -1  -1  -3  -2  -3    0  79   0   0   0   0   0   0   0   0   0  21   0   0   0   0   0   0   0   0  0.66 0.00
   17 D    -2  -2   1   6  -4   0   2  -1  -1  -3  -4  -1  -3  -4  -2   0  -1  -5  -3  -3    0   0   0 100   0   0   0   0   0   0   0   0   0   0   0   0   0   0   0   0  0.94 0.00
   18 H    -2   0   1  -1  -3   0   0  -2   8  -4  -3  -1  -2  -1  -2  -1  -2  -3   2  -3    0   0   0   0   0   0   0   0 100   0   0   0   0   0   0   0   0   0   0   0  0.88 0.01
   19 A     4  -1  -1  -2  -1  -1  -1   0  -2  -2  -2  -1  -1  -2  -1   2   0  -3  -2   0   80   0   0   0   0   0   0   0   0   0   0   0   0   0   0  20   0   0   0   0  0.36 0.00
   20 R    -1   5   0  -1  -4   3   0  -2   0  -3  -2   2  -1  -3  -2  -1  -1  -3  -2  -3    0  78   0   0   0  22   0   0   0   0   0   0   0   0   0   0   0   0   0   0  0.63 0.00
   21 C     0  -4  -3  -4  10  -3  -4  -3  -3  -1  -1  -3  -2  -3  -3  -1  -1  -3  -3  -1    0   0   0   0 100   0   0   0   0   0   0   0   0   0   0   0   0   0   0   0  1.23 0.01
   22 C     0  -4  -3  -4  10  -3  -4  -3  -3  -1  -1  -3  -2  -3  -3  -1  -1  -3  -3  -1    0   0   0   0 100   0   0   0   0   0   0   0   0   0   0   0   0   0   0   0  1.23 0.01

                      K         Lambda
Standard Ungapped    0.1416     0.3284
Standard Gapped      0.0410     0.2670
PSI Ungapped         0.1416     0.3284
PSI Gapped           0.0410     0.2670
