
Last position-specific scoring matrix computed, weighted observed percentages rounded down, information per position, and relative weight of gapless real matches to pseudocounts
            A   R   N   D   C   Q   E   G   H   I   L   K   M   F   P   S   T   W   Y   V   A   R   N   D   C   Q   E   G   H   I   L   K   M   F   P   S   T   W   Y   V
    1 M    -1  -2  -2  -3  -2  -1  -2  -3  -2   1   2  -2   6   0  -3  -2  -1  -2  -1   1    0   0   0   0   0   0   0   0   0   0   0   0 100   0   0   0   0   0   0   0  0.45 0.02
    2 T     1  -1   0  -1  -1   0   0  -1  -1  -2  -2   0  -1  -3  -1   4   3  -3  -2  -1    0   0   0   0   0   0   0   0   0   0   0   0   0   0   0  80  20   0   0   0  0.43 0.01
    3 E     0  -1   0   4  -3   1   4  -2  -1  -3  -3   0  -2  -3  -1   0  -1  -3  -2  -2   15   0   0  29   0   0  57   0   0   0   0   0   0   0   0   0   0   0   0   0  0.54 0.01
    4 F    -3  -3  -3  -4  -3  -3  -3  -3  -2  -1   0  -3   0   6  -4  -3  -2   6   3  -1    0   0   0   0   0   0   0   0   0   0   0   0   0  83   0   0   0  17   0   0  0.89 0.03
    5 L    -2  -3  -4  -4  -2  -2  -3  -3  -3  -1   2  -3   0   1  -4  -3  -2  10   1  -1    0   0   0   0   0   0   0   0   0   0  33   0   0   0   0   0   0  67   0   0  1.49 0.03
    6 F    -2  -1  -1  -2  -3   2   0  -3   6  -1   1  -1   0   2  -3  -1  -2  -2   1  -1    0   0   0   0   0  17   0   0  44   0  22   0   0  16   0   0   0   0   0   0  0.33 0.02
    7 C    -1   0  -2  -2   6   0  -1  -2  -2  -2  -2   3  -2  -2  -2  -1  -1   6  -1  -2    0   0   0   0  38   0   0   0   0   0   0  44   0   0   0   0   0  17   0   0  0.59 0.02
    8 F    -2  -3  -3  -4  -2  -3  -3  -4  -2   1   2  -3   1   5  -4  -3  -2   0   2   0    0   0   0   0   0   0   0   0   0  12  32   0   0  56   0   0   0   0   0   0  0.46 0.02
    9 S     0  -1   2   0  -2  -1  -1   4  -1  -3  -3  -1  -2  -3  -2   2   0  -3  -2  -3    0   0  15   0   0   0   0  44   0   0   0   0   0   0   0  41   0   0   0   0  0.50 0.01
   10 C    -1  -4  -3  -4   9  -3  -4  -3  -3  -2  -2  -3  -2  -3  -3  -1  -1  -3  -3  -1    0   0   0   0 100   0   0   0   0   0   0   0   0   0   0   0   0   0   0   0  1.42 0.04
   11 C    -1  -4  -3  -4   9  -3  -4  -3  -3  -2  -2  -3  -2  -3  -3  -1  -1  -3  -3  -1    0   0   0   0 100   0   0   0   0   0   0   0   0   0   0   0   0   0   0   0  1.42 0.04
   12 I    -1  -3  -3  -3  -1  -3  -3  -4  -3   3   1  -3   1   2  -3  -2  -1  -2   0   3    0   0   0   0   0   0   0   0   0  38   0   0   0  17   0   0   0   0   0  44  0.32 0.01
   13 G     2  -1  -1  -2  -1   1  -1   2  -2   0  -1  -1   0  -2  -2   0   0  -3  -2   2   35   0   0   0   0  17   0  16   0   0   0   0   0   0   0   0   0   0   0  32  0.16 0.01
   14 E    -1   0   0   1  -4   3   5  -2   0  -3  -3   2  -2  -3  -1   0  -1  -3  -2  -3    0   0   0   0   0  17  71   0   0   0   0  12   0   0   0   0   0   0   0   0  0.63 0.02
   15 Q    -1   1   0  -1  -3   5   1  -2   0  -3  -3   3  -1  -3   2   0  -1  -3  -2  -2    0   0   0   0   0  56   0   0   0   0   0  32   0   0  12   0   0   0   0   0  0.54 0.02
   16 P    -1   2  -2  -2  -3  -1  -1  -2  -2  -3  -3   0  -3  -4   7  -1  -1  -4  -3  -3    0  17   0   0   0   0   0   0   0   0   0   0   0   0  83   0   0   0   0   0  1.64 0.03
   17 Q    -1   0   0  -1  -3   5   1  -2   0  -3  -3   1  -1  -3   2   1   0  -3  -2  -2    0   0   0   0   0  71   0   0   0   0   0   0   0   0  12  17   0   0   0   0  0.55 0.02
   18 P    -1  -1  -2  -2  -3  -1  -1  -2  -2  -3  -3   1  -3  -4   8  -1  -1  -4  -3  -3    0   0   0   0   0   0   0   0   0   0   0  12   0   0  88   0   0   0   0   0  1.77 0.03
   19 K     0   2   0  -1  -3   1   1  -1  -1  -3  -3   5  -2  -3  -1   1   0  -3  -2  -2    0   0   0   0   0   0   0   0   0   0   0  83   0   0   0  17   0   0   0   0  0.47 0.02
   20 R    -1   5  -1  -2  -4   1   0  -2  -1  -3  -2   3  -2  -3  -2  -1  -1  -3  -2  -3    0  71   0   0   0   0   0   0   0   0   0  29   0   0   0   0   0   0   0   0  0.67 0.02
   21 R    -2   6  -1  -2  -4   1   0  -2   0  -3  -2   3  -2  -3  -2  -1  -1  -3  -2  -3    0  83   0   0   0   0   0   0   0   0   0  17   0   0   0   0   0   0   0   0  0.74 0.02
   22 R    -2   5  -1  -2  -3   1  -1  -3  -1  -2   0   2  -1  -2  -2  -1  -1  -3  -2  -2    0  83   0   0   0   0   0   0   0   0  17   0   0   0   0   0   0   0   0   0  0.58 0.02
   23 R    -2   6  -1  -2  -4   1   0  -2   0  -3  -2   3  -2  -3  -2  -1  -1  -3  -2  -3    0  83   0   0   0   0   0   0   0   0   0  17   0   0   0   0   0   0   0   0  0.74 0.02
   24 I    -2  -3  -4  -3  -1  -3  -4  -4  -4   5   1  -3   1   0  -3  -3  -1  -3  -2   3    0   0   0   0   0   0   0   0   0 100   0   0   0   0   0   0   0   0   0   0  0.47 0.03
   25 D    -2  -2   1   6  -4   0   1  -2  -1  -3  -4  -1  -3  -4  -2   0  -1  -5  -3  -3    0   0   0 100   0   0   0   0   0   0   0   0   0   0   0   0   0   0   0   0  1.02 0.03
   26 R    -2   6  -1  -2  -4   1   0  -3   0  -3  -2   2  -2  -3  -2  -1  -1  -3  -2  -3    0 100   0   0   0   0   0   0   0   0   0   0   0   0   0   0   0   0   0   0  0.85 0.03
   27 S     1  -1   0   0  -1   0   0  -1  -1  -2  -3   0  -2  -3  -1   4   2  -3  -2  -2    0   0   0   0   0   0   0   0   0   0   0   0   0   0   0  92   8   0   0   0  0.49 0.02
   28 M    -1  -2  -3  -3  -2  -1  -2  -3  -2   1   2  -2   7   0  -3  -2  -1  -2  -1   1    0   0   0   0   0   0   0   0   0   0   0   0 100   0   0   0   0   0   0   0  0.52 0.04
   29 I    -2  -3  -4  -3  -1  -3  -4  -4  -4   5   1  -3   1   0  -3  -3  -1  -3  -2   3    0   0   0   0   0   0   0   0   0 100   0   0   0   0   0   0   0   0   0   0  0.47 0.03
   30 G     0  -3  -1  -2  -3  -2  -2   6  -2  -4  -4  -2  -3  -3  -2   0  -2  -3  -3  -3    0   0   0   0   0   0   0 100   0   0   0   0   0   0   0   0   0   0   0   0  1.11 0.02
   31 E    -1   0   2   1  -4   2   5  -2   0  -4  -3   1  -2  -3  -1   0  -1  -3  -2  -3    0   0  17   0   0   0  83   0   0   0   0   0   0   0   0   0   0   0   0   0  0.67 0.02
   32 P    -1  -2  -2  -2  -3  -2  -1  -2  -2  -3  -3  -1  -3  -4   8  -1  -1  -4  -3  -3    0   0   0   0   0   0   0   0   0   0   0   0   0   0 100   0   0   0   0   0  2.12 0.03
   33 M    -1  -1  -1  -2  -1  -1  -2  -2  -2   0   1  -1   4  -1  -2   0   4  -2  -2   0    0   0   0   0   0   0   0   0   0   0   0   0  48   0   0   0  52   0   0   0  0.31 0.02
   34 N    -2  -1   6   1  -3   0   0  -1   0  -4  -4   0  -2  -3  -2   0   0  -4  -2  -3    0   0 100   0   0   0   0   0   0   0   0   0   0   0   0   0   0   0   0   0  0.83 0.03
   35 F    -3  -3  -3  -4  -3  -4  -4  -3  -1   0   0  -3   0   7  -4  -3  -2   1   3  -1    0   0   0   0   0   0   0   0   0   0   0   0   0 100   0   0   0   0   0   0  0.86 0.03
   36 V     0  -3  -3  -3  -1  -2  -3  -3  -3   2   1  -2   1  -1  -2  -2   0  -3  -1   4    8   0   0   0   0   0   0   0   0   0   0   0   0   0   0   0   0   0   0  92  0.36 0.02
   37 H    -2   0   0  -1  -3   0   0  -2   8  -4  -3  -1  -2  -2  -3  -1  -2  -3   2  -4    0   0   0   0   0   0   0   0 100   0   0   0   0   0   0   0   0   0   0   0  1.05 0.04
   38 T    -1  -2  -1  -2  -1  -1  -2  -3  -2   0   2  -2   1  -1  -2   0   4  -2  -2   0    0   0   0   0   0   0   0   0   0   0  44   0   0   0   0   0  56   0   0   0  0.28 0.02
   39 A     2  -2  -1  -2  -1  -1  -1   2  -2  -1  -2  -1  -1  -3  -1   1   3  -3  -2  -1   38   0   0   0   0   0   0  17   0   0   0   0   0   0   0   0  44   0   0   0  0.32 0.01
   40 H    -2   0   0  -1  -3   0   0  -2   8  -4  -3  -1  -2  -2  -3  -1  -2  -3   2  -4    0   0   0   0   0   0   0   0 100   0   0   0   0   0   0   0   0   0   0   0  1.05 0.04
   41 V    -1  -3  -3  -3  -1  -3  -3  -4  -3   4   1  -3   1  -1  -3  -2  -1  -3  -1   3    0   0   0   0   0   0   0   0   0  53   0   0   0   0   0   0   0   0   0  47  0.39 0.02
   42 G     0  -3  -1  -2  -3  -2  -2   6  -2  -4  -4  -2  -3  -3  -2   0  -2  -3  -3  -3    0   0   0   0   0   0   0 100   0   0   0   0   0   0   0   0   0   0   0   0  1.11 0.02
   43 S     1  -1   0   0  -1   0   0   0  -1  -3  -3   0  -2  -3  -1   5   1  -3  -2  -2    0   0   0   0   0   0   0   0   0   0   0   0   0   0   0 100   0   0   0   0  0.52 0.03
   44 G     1  -2  -1  -2  -2  -2  -2   6  -2  -3  -3  -2  -3  -3  -2   0  -1  -3  -3  -3   17   0   0   0   0   0   0  83   0   0   0   0   0   0   0   0   0   0   0   0  0.86 0.02
   45 D    -2  -1   1   6  -4   0   3  -2  -1  -3  -4   0  -3  -4  -2   0  -1  -4  -3  -3    0   0   0  80   0   0  20   0   0   0   0   0   0   0   0   0   0   0   0   0  0.86 0.02
   46 T     0  -2  -2  -3  -1  -1  -2  -3  -2   1   2  -2   4   0  -2  -1   0  -2  -1   2    8   0   0   0   0   0   0   0   0   0  22   0  44   0   0   0   8   0   0  17  0.24 0.02
   47 N     1  -2   2   0  -2  -1   1   2  -1  -2  -2  -1  -1   2  -2   0  -1  -2   0  -2   20   0  16   0   0   0  17  25   0   0   0   0   0  22   0   0   0   0   0   0  0.20 0.01
   48 A     2  -2  -1   1  -1  -1  -1  -1  -2  -1   0  -1   0  -2  -1   1   1  -3  -2   0   40   0   0  12   0   0   0   0   0   0  17   0   0   0   0  15  15   0   0   0  0.17 0.01
   49 G     0  -2   0  -1  -2  -2  -2   6  -2  -4  -4  -1  -3  -3  -2   1  -1  -3  -3  -3    0   0   0   0   0   0   0  83   0   0   0   0   0   0   0  17   0   0   0   0  0.86 0.02
   50 F     1  -2  -3  -3  -1  -1  -2  -2  -2   1   2  -2   4   2  -3  -1  -1  -1   0   0   17   0   0   0   0   0   0   0   0   0  32   0  35  16   0   0   0   0   0   0  0.23 0.01
   51 A     1  -1   4   0  -2   1   0  -1   0  -3  -3   0  -2  -3   4   0   0  -3  -2  -2   24   0  40   0   0  12   0   0   0   0   0   0   0   0  24   0   0   0   0   0  0.48 0.01
   52 M    -1   3  -1  -2  -2   0  -1  -2  -1  -1   0   0   4  -2   2   1   0  -2  -2  -1    0  26   0   0   0   0   0   0   0   0   0   0  40   0  12  22   0   0   0   0  0.23 0.02
   53 G     1  -2  -1  -2  -1  -1  -2   1  -2   0   1  -1   0  -1  -2   1   1  -3  -2   1   17   0   0   0   0   0   0  16   0   0  17   0   0   0   0  12  16   0   0  22  0.12 0.00
   54 G     0  -2   3   0  -2  -1  -1   5  -1  -4  -4  -1  -3  -3  -2   1  -1  -3  -3  -3    0   0  25   0   0   0   0  60   0   0   0   0   0   0   0  15   0   0   0   0  0.63 0.01
   55 S     2  -1   0  -1  -1  -1  -1   1  -2  -2  -2  -1  -2  -3   2   3   1  -3  -2  -1   33   0   0   0   0   0   0   8   0   0   0   0   0   0  12  38   8   0   0   0  0.35 0.01
   56 F    -1  -3  -3  -3  -1  -3  -3  -4  -3   4   1  -3   1   2  -3  -2  -1  -2   0   3    0   0   0   0   0   0   0   0   0  52   0   0   0  16   0   0   0   0   0  32  0.33 0.01
   57 Q    -1   1   0  -1  -3   5   1  -2   0  -3  -2   2  -1  -3  -1   1   0  -2  -2  -2    0   0   0   0   0  71   0   0   0   0   0  12   0   0   0  17   0   0   0   0  0.53 0.02
   58 D    -1  -1   3   3  -3   2   3  -2   0  -3  -3   0  -2  -3  -2   0   1  -3  -2  -2    0   0  22  16   0   8  36   0   0   0   0   0   0   0   0   0  17   0   0   0  0.42 0.01
   59 Q    -1   1   0   0  -3   6   2  -2   0  -3  -2   1  -1  -3  -1   0  -1  -2  -2  -2    1   0   0   0   0  93   0   1   0   0   1   0   0   0   0   1   0   0   0   0  0.67 0.03
   60 M    -1  -2  -3  -3  -2  -1  -2  -3  -2   1   2  -2   7   0  -3  -2  -1  -2  -1   1    0   0   0   0   0   0   0   0   0   0   0   0 100   0   0   0   0   0   0   0  0.52 0.04
   61 K    -1   4   0  -1  -3   4   1  -2   0  -3  -2   3  -1  -3  -2  -1  -1  -3  -2  -3    0  44   0   0   0  40   0   0   0   0   0  16   0   0   0   0   0   0   0   0  0.56 0.02
   62 S     1  -1   0   0  -1   0   0   0  -1  -3  -3   0  -2  -3  -1   5   1  -3  -2  -2    0   0   0   0   0   0   0   0   0   0   0   0   0   0   0 100   0   0   0   0  0.52 0.03
   63 K    -1   2   0  -1  -3   1   1  -2  -1  -3  -3   5  -2  -3  -1   0  -1  -3  -2  -3    0   0   0   0   0   0   0   0   0   0   0 100   0   0   0   0   0   0   0   0  0.60 0.03
   64 G     0  -3  -1  -2   4  -2  -3   5  -3  -2  -2  -2  -2  -3  -2  -1  -1  -3  -3  -1    0   0   0   0  17   0   0  71   0   0   0   0   0   0   0   0   0   0   0  12  0.67 0.02
   65 G     0  -3  -1  -2  -3  -2  -2   6  -2  -4  -4  -2  -3  -3   2   0  -2  -3  -3  -3    0   0   0   0   0   0   0  86   0   0   0   0   0   0  14   0   0   0   0   0  0.97 0.02
   66 Y    -2  -1  -1  -3  -3  -1  -2  -3   5  -2  -2  -2  -1   2  -3  -2  -2   2   7  -2    0   0   0   0   0   0   0   0  22   0   0   0   0   0   0   0   0   0  78   0  0.78 0.02
   67 T     2  -1  -1  -1  -1   0   1   2  -1  -2  -2  -1  -1  -3  -1   1   2  -3  -2  -1   29   0   0   0   0   0  18  17   0   0   0   0   0   0   0   0  35   0   0   0  0.25 0.00
   68 P    -1  -2   3   0  -3  -1  -1   3  -1  -3  -3  -1  -3  -3   5   0  -1  -3  -3  -3    0   0  29   0   0   0   0  35   0   0   0   0   0   0  35   0   0   0   0   0  0.74 0.00
   69 G     0  -2   2  -1  -3  -1  -2   5  -1  -4  -4  -1  -3  -3  -2   0  -1  -3  -3  -3    0   0  18   0   0   0   0  82   0   0   0   0   0   0   0   0   0   0   0   0  0.84 0.01
   70 I    -1  -3  -3  -3  -1  -2  -3  -4  -3   4   2  -2   3   0  -3  -2  -1  -2  -1   2    0   0   0   0   0   0   0   0   0  75   0   0  25   0   0   0   0   0   0   0  0.32 0.00
   71 S     1  -1   1   0  -1   0   0   0  -1  -2  -3   0  -2  -3  -1   4   1  -3  -2  -2    0   0   0   0   0   0   0   0   0   0   0   0   0   0   0 100   0   0   0   0  0.45 0.00
   72 E    -1   0   0   2  -4   2   5  -2   0  -3  -3   1  -2  -3  -1   0  -1  -3  -2  -3    0   0   0   0   0   0 100   0   0   0   0   0   0   0   0   0   0   0   0   0  0.73 0.00
   73 V     0  -3  -3  -3  -1  -2  -3  -3  -3   3   1  -2   1  -1  -2  -2   0  -3  -1   4    0   0   0   0   0   0   0   0   0   0   0   0   0   0   0   0   0   0   0 100  0.34 0.00
   74 A     4  -1  -2  -2   0  -1  -1   0  -2  -1  -2  -1  -1  -2  -1   1   0  -3  -2   0  100   0   0   0   0   0   0   0   0   0   0   0   0   0   0   0   0   0   0   0  0.40 0.00
   75 L    -2  -2  -4  -4  -1  -2  -3  -4  -3   2   4  -3   2   0  -3  -3  -1  -2  -1   1    0   0   0   0   0   0   0   0   0   0 100   0   0   0   0   0   0   0   0   0  0.45 0.00

                      K         Lambda
Standard Ungapped    0.1381     0.3229
Standard Gapped      0.0410     0.2670
PSI Ungapped         0.1381     0.3229
PSI Gapped           0.0410     0.2670
