
Last position-specific scoring matrix computed, weighted observed percentages rounded down, information per position, and relative weight of gapless real matches to pseudocounts
            A   R   N   D   C   Q   E   G   H   I   L   K   M   F   P   S   T   W   Y   V   A   R   N   D   C   Q   E   G   H   I   L   K   M   F   P   S   T   W   Y   V
    1 M    -1  -2  -2  -3  -2   0  -2  -3  -2   1   2  -2   6   0  -3  -2  -1  -2  -1   1    0   0   0   0   0   0   0   0   0   0   0   0 100   0   0   0   0   0   0   0  0.33 0.00
    2 I    -1  -2  -3  -4  -2  -1  -3  -3  -2   3   2  -2   6   0  -3  -2  -1  -2  -1   1    0   0   0   0   0   0   0   0   0  29   0   0  71   0   0   0   0   0   0   0  0.32 0.01
    3 H    -2   2   4   0  -3   0   0  -2   7  -4  -3   0  -2  -2  -2   0  -1  -3   0  -3    0  16  35   0   0   0   0   0  50   0   0   0   0   0   0   0   0   0   0   0  0.53 0.01
    4 M    -2  -2  -3  -4  -2  -1  -3  -4  -2   2   2  -2   8  -1  -3  -2  -1  -2  -2   0    0   0   0   0   0   0   0   0   0   7   7   0  86   0   0   0   0   0   0   0  0.71 0.10
    5 D    -2  -2   1   7  -4  -1   2  -2  -2  -4  -4  -1  -1  -4  -2   0  -1  -5  -4  -4    0   0   2  84   0   0   7   0   0   0   0   0   4   0   0   4   0   0   0   0  0.95 0.08
    6 I    -2  -3  -4  -4  -2  -3  -4  -4  -4   5   2  -3   1  -1  -3  -2  -1  -3  -2   2    0   0   0   0   0   0   0   0   0  74  18   0   2   0   0   4   2   0   0   0  0.45 0.06
    7 V    -1  -3  -3  -2  -2  -3  -3  -4  -3   3   2  -3   1   1  -3  -2  -1  -2  -1   3    0   0   0   2   0   0   0   0   0  26  24   0   0   8   0   0   2   0   0  38  0.31 0.03
    8 S     0  -1   2   0  -2   1   0  -1  -1  -2  -2  -1  -2  -3  -2   3   3  -3  -2  -1    2   0   9   4   0   6   0   2   0   0   0   0   0   0   0  44  31   0   0   2  0.36 0.05
    9 L    -1  -3  -4  -4  -2  -3  -4  -4  -3   3   4  -3   2   1  -3  -3  -1  -2  -1   1    2   0   0   0   0   0   0   0   0  35  54   0   2   7   0   0   0   0   0   0  0.42 0.04
   10 A     3  -2  -1  -2  -2  -2  -2   5  -2  -3  -3  -2  -2  -3  -2   0   1  -3  -3  -2   33   0   0   0   0   0   0  54   0   0   0   0   0   0   0   2  11   0   0   0  0.59 0.05
   11 W    -4  -4  -5  -6  -3  -3  -4  -4  -4  -4  -3  -4  -2   0  -5  -4  -4  13   2  -4    0   0   0   0   0   0   0   0   0   0   0   0   0   0   0   0   0 100   0   0  3.02 0.15
   12 A     4  -2  -2  -2  -1  -2  -2   1  -2   0  -1  -2  -1  -2  -2   1   0  -3  -2   2   65   0   0   0   0   0   0   7   0   0   0   0   0   0   0   4   0   0   0  24  0.33 0.05
   13 A     4  -2  -1  -2   2  -1  -1   1  -2  -2  -2  -1  -2   0  -2   2   0  -3  -2  -1   53   0   0   0   6   0   0   9   0   0   0   0   0   7   0  24   0   0   0   0  0.32 0.05
   14 L    -2  -3  -4  -4  -2  -3  -3  -4  -3   2   4  -3   2   0  -3  -3  -1  -2  -2   2    0   0   0   0   0   0   0   0   0   2  79   0   0   0   0   0   3   0   0  16  0.49 0.05
   15 M     1  -2  -3  -4   1  -1  -3  -3  -3   1   3  -2   6  -1  -3  -2  -1  -2  -2   0   15   0   0   0   3   0   0   0   0   0  21   0  60   0   0   0   0   0   0   0  0.44 0.08
   16 V     2  -2  -2  -3  -1  -2  -2  -1  -3   1   0  -2   0  -2  -2   0   1  -3  -2   3   32   0   0   0   0   0   0   3   0   2   0   0   0   0   0   3   9   0   0  52  0.25 0.05
   17 V    -1  -3  -3  -3  -1  -2  -3  -3  -3   3   2  -2   3   1  -3  -1   0  -2  -1   3    2   0   0   0   0   0   0   0   0  14  12   0  14   6   0   6   5   0   0  42  0.24 0.03
   18 F    -2  -3  -3  -4  -3  -3  -3  -3  -2  -1   0  -3  -1   7  -4   0  -2   0   2  -2    0   0   0   0   0   0   0   0   0   0   0   0   0  88   0  12   0   0   0   0  0.89 0.09
   19 T     0  -2   0  -2  -1  -1  -1  -2  -2  -2  -2  -1  -1  -3  -2   2   6  -3  -2  -1    4   0   0   0   0   0   0   0   0   0   0   0   0   0   0  15  82   0   0   0  0.62 0.08
   20 F    -1  -3  -3  -4  -3  -3  -3  -3  -2  -1   0  -3   0   6  -4  -1  -2   5   3  -1    4   0   0   0   0   0   0   0   0   0   7   0   0  68   0   4   0   9   5   3  0.71 0.07
   21 S     1  -1   0  -1  -2  -1  -1  -1  -2  -3  -3  -1  -2  -3  -1   6   1  -4  -2  -2    0   0   0   0   0   0   0   0   0   0   0   0   0   0   0 100   0   0   0   0  0.71 0.10
   22 L    -2  -3  -4  -4  -2  -3  -4  -4  -4   4   4  -3   2   0  -4  -3  -1  -3  -2   1    0   0   0   0   0   0   0   0   0  38  62   0   0   0   0   0   0   0   0   0  0.50 0.05
   23 S     4  -2  -1  -1  -1  -1  -1   0  -2  -2  -2  -1  -2  -3  -1   4   1  -3  -2  -1   50   0   0   0   0   0   0   0   0   0   0   0   0   0   0  47   3   0   0   0  0.45 0.06
   24 L    -2  -3  -4  -4  -2  -2  -3  -4  -3   1   4  -3   5   1   0  -3  -2  -2  -1   0    0   0   0   0   0   0   0   0   0   0  61   0  28   7   4   0   0   0   0   0  0.45 0.06
   25 V    -1  -3  -4  -4  -1  -3  -3  -4  -4   2   0  -3   0  -1  -3  -2   0  -4  -2   5    0   0   0   0   0   0   0   0   0   0   0   0   0   0   0   0   3   0   0  97  0.58 0.08
   26 V     0  -3  -4  -4  -1  -3  -3  -4  -4   3   0  -3   0  -1  -3  -2  -1  -4  -2   5    4   0   0   0   0   0   0   0   0   6   0   0   0   0   0   0   0   0   0  90  0.53 0.07
   27 W    -4  -1  -5  -5  -3  -3  -4  -4  -3  -4  -3  -4  -2   0  -5  -4  -3  12   1  -4    0   4   0   0   0   0   0   0   0   0   0   0   0   0   0   0   0  96   0   0  2.80 0.15
   28 G     1  -3  -1  -2  -3  -2  -3   6  -3  -4  -4  -2  -3  -4  -3   0  -2  -3  -4  -3   13   0   0   0   0   0   0  87   0   0   0   0   0   0   0   0   0   0   0   0  1.05 0.07
   29 R    -2   7  -1  -2  -4   1  -1  -3  -1  -4  -3   2  -2  -4  -3  -1  -2  -4  -2  -3    0 100   0   0   0   0   0   0   0   0   0   0   0   0   0   0   0   0   0   0  1.10 0.10
   30 S    -1  -1   5   0  -2   0  -1  -1   3  -4  -4  -1  -2  -3  -2   3   0  -4  -2  -3    0   0  51   0   0   0   0   0   8   0   0   0   0   0   0  41   0   0   0   0  0.58 0.07
   31 G     0  -3  -1  -2  -3  -3  -3   7  -3  -5  -5  -2  -4  -4  -3  -1  -2  -3  -4  -4    0   0   0   0   0   0   0 100   0   0   0   0   0   0   0   0   0   0   0   0  1.30 0.08
   32 L    -2  -3  -4  -4  -2  -3  -3  -4  -3   1   4  -3   3   4  -4  -3  -2  -1   0   0    0   0   0   0   0   0   0   0   0   0  60   0  15  25   0   0   0   0   0   0  0.46 0.05

                      K         Lambda
Standard Ungapped    0.1381     0.3353
Standard Gapped      0.0410     0.2670
PSI Ungapped         0.1381     0.3353
PSI Gapped           0.0410     0.2670
