
Last position-specific scoring matrix computed, weighted observed percentages rounded down, information per position, and relative weight of gapless real matches to pseudocounts
            A   R   N   D   C   Q   E   G   H   I   L   K   M   F   P   S   T   W   Y   V   A   R   N   D   C   Q   E   G   H   I   L   K   M   F   P   S   T   W   Y   V
    1 E    -2   2  -1   3  -4   4   3  -3   2  -4  -4   2  -2  -4  -2  -1  -2  -4  -3  -4    0  15   0  19   0  22  26   0   5   0   0  12   0   0   0   0   0   0   0   0  0.62 0.15
    2 G    -2  -5  -1  -1  -5  -4  -4   7  -4  -6  -6  -3  -5  -6  -4  -3  -4  -5  -5  -6    1   0   2   3   0   0   0  92   0   0   0   1   0   0   0   0   0   0   0   0  1.89 0.42
    3 E     5  -3  -3  -3  -3  -1   2  -2  -3  -3  -4   0  -3  -1  -3   2  -1  -1  -3  -1   52   0   0   0   0   1  14   0   0   0   0   5   0   4   0  20   1   1   0   3  0.65 0.29
    4 E    -1  -1  -1  -1  -5   6   2  -4   4  -4  -3   0   1  -5  -3  -2   0  -4  -3  -3    3   1   2   2   0  49  15   0  11   0   1   5   4   0   0   1   5   0   0   1  0.92 0.35
    5 C    -4  -7  -6  -7  11  -7  -7  -6  -7  -5  -5  -7  -5  -6  -7  -4  -4  -6  -6  -4    0   0   0   0 100   0   0   0   0   0   0   0   0   0   0   0   0   0   0   0  3.93 0.78
    6 E     3  -3  -2   0  -3  -2   1   1  -3   0  -3  -2  -2  -4  -3   2   1  -4  -2   0   36   0   1   6   0   0  11  11   0   6   0   0   0   0   0  18   7   0   1   5  0.36 0.20
    7 S    -1  -2   0   2  -1   1   2  -3   2  -3  -3  -1  -3   0  -3   3   1  -4  -1  -3    2   0   3  14   1   6  17   0   6   1   1   2   0   4   0  31   8   0   2   0  0.41 0.21
    8 G    -2  -5  -2  -2  -5  -4  -2   7  -1  -6  -6  -4  -5  -6  -5  -1  -4  -5  -6  -6    0   0   1   2   0   0   3  89   1   0   0   0   0   0   0   4   0   0   0   0  1.89 0.48
    9 P    -2  -3  -3   0  -4  -1   3  -4  -3  -2   2  -1  -2  -3   5  -1  -1  -4  -2  -2    3   0   0   4   0   1  20   0   0   1  27   2   0   0  33   4   2   0   2   1  0.69 0.27
   10 C    -4  -7  -6  -7  11  -7  -7  -6  -7  -5  -5  -7  -5  -6  -7  -5  -5  -6  -6  -4    0   0   0   0 100   0   0   0   0   0   0   0   0   0   0   0   0   0   0   0  3.94 0.80
   11 C    -4  -7  -6  -7  11  -7  -7  -6  -7  -5  -5  -7  -5  -6  -7  -5  -5  -6  -6  -4    0   0   0   0 100   0   0   0   0   0   0   0   0   0   0   0   0   0   0   0  3.94 0.80
   12 R    -2   3   0   4  -4   1   3  -2   1  -4  -4   2  -3  -3  -2   0   0  -2  -1  -3    1  16   3  25   0   5  19   2   4   0   1  11   0   1   1   4   5   1   2   1  0.48 0.20
   13 N    -3   0   4   2  -5   6   0  -2   0  -5  -5   1  -3  -5  -3  -1  -1  -5  -2  -5    0   4  22  11   0  41   2   2   1   0   0   9   0   0   1   4   3   0   1   0  0.86 0.33
   14 C    -4  -7  -6  -7  11  -7  -7  -3  -7  -5  -5  -7  -5  -6  -7  -4  -4  -6  -6  -4    0   0   0   0  98   0   0   2   0   0   0   0   0   0   0   0   0   0   0   0  3.82 0.78
   15 K    -1   4  -1  -3  -5   3   0  -4  -1  -4  -2   5  -3  -4  -3  -1   0  -4  -1  -4    3  22   1   0   0  17   4   0   1   0   3  39   0   0   0   3   5   0   2   0  0.76 0.30
   16 F    -5  -5  -6  -6  -5  -5  -6  -6  -4   0   2  -6   0   8  -6  -5  -4  -2   1  -1    0   0   0   0   0   0   0   0   0   5  17   0   1  71   0   0   0   0   2   4  1.66 0.45
   17 L    -1   1  -2  -3  -4   0   0  -4  -2   0   1   4   3  -3  -3  -1  -1  -4  -3  -1    2   6   1   0   0   3   4   0   1   6  16  41  11   0   0   4   3   0   0   2  0.45 0.24
   18 K     0   1   1  -2  -4  -1   0  -1  -2  -3  -3   3  -1  -4   4   1   0  -5  -4  -3    6   7   8   0   0   1   5   5   0   1   1  27   2   0  23   9   6   0   0   0  0.52 0.21
   19 E     4   0  -1  -2  -3  -1   2  -2  -3  -3  -3   2  -2  -4   0   1  -2  -4  -4  -2   45   4   2   0   0   1  14   1   0   0   1  13   1   0   4  11   1   0   0   2  0.50 0.25
   20 G    -2  -2  -1  -2  -5  -1  -1   7  -4  -6  -6  -3  -5  -6  -5  -1  -2  -5  -5  -6    0   2   2   2   0   2   4  82   0   0   0   1   0   0   0   3   2   0   0   0  1.58 0.43
   21 T     0  -1  -1  -2  -3  -1   1  -4  -1  -2  -3   0   0  -4  -3  -1   5   1  -2   0    6   2   3   2   0   1   9   0   2   0   0   7   3   0   0   2  54   2   1   6  0.66 0.31
   22 I    -1  -3  -2  -3  -3   0   1  -4  -3   3   1   0   0  -2  -1  -2   0  -4  -3   3    2   0   1   0   0   3  12   0   0  24  12   8   2   0   3   2   5   0   0  28  0.32 0.18
   23 C    -4  -7  -6  -7  11  -7  -7  -6  -7  -5  -5  -7  -5  -6  -7  -5  -5  -6  -6  -4    0   0   0   0 100   0   0   0   0   0   0   0   0   0   0   0   0   0   0   0  3.94 0.80
   24 K    -4   8  -2  -4  -6   0  -3  -5  -1  -6  -4   1  -4  -5  -5  -4  -4   3  -4  -5    0  81   2   0   0   4   0   0   1   0   2   7   0   0   0   0   0   5   0   0  1.83 0.52
   25 R     1   2  -2   0  -4   1   1  -2  -2  -1  -2   2  -1  -3   4  -1  -2  -4  -3  -2   12  16   0   5   0   6  10   2   0   3   3  15   1   1  20   1   1   0   0   3  0.38 0.17
   26 A     5  -2  -3  -1  -3  -1   0  -1  -3  -3  -4  -1  -3  -4   0   2   1  -5  -4  -2   54   2   0   3   0   1   6   1   0   1   0   3   0   0   3  16   9   0   0   1  0.64 0.29
   27 R    -2   4  -1  -1  -4   0  -1  -3  -2  -1  -2   3   1  -2  -3   1   0  -1  -3   1    1  33   1   2   0   2   2   1   0   4   2  17   4   2   0  13   4   1   0  11  0.39 0.20
   28 G    -2  -3   3   4  -4  -1   0   4   0  -4  -3  -2  -4  -4  -3   0  -1  -5  -4  -3    0   0  15  26   0   2   5  33   2   0   3   1   0   0   0   8   4   0   0   2  0.63 0.24
   29 D    -3  -4  -2   5   7  -2   4  -4  -4  -5  -5  -3  -5  -5  -4  -1  -3  -6  -5  -4    0   0   1  37  28   0  30   0   0   0   0   0   0   0   0   3   0   0   0   0  1.38 0.42
   30 D    -1  -1   1   7  -5  -3  -1  -1  -3  -5  -5  -1  -3  -2  -4  -1  -3   4  -2  -5    4   3   5  68   0   0   2   3   0   0   0   2   1   2   0   2   0   6   1   0  1.31 0.40
   31 M    -2  -3   1  -2  -3  -1  -3  -2  -3   2   3  -1   3   1   1  -2  -1  -3  -2   1    0   0   9   1   0   2   0   2   0  13  32   6   8   8   8   0   3   0   0   8  0.27 0.16
   32 D     1  -2   1   3  -4  -1   1  -3   1  -3  -3  -2  -2  -3   5   0   0  -5  -3  -1   12   1   7  20   0   1   9   0   3   0   2   0   1   1  27   6   5   0   0   4  0.56 0.22
   33 D    -2  -3  -1   5  -6   0   6  -1   2  -6  -5  -2  -5  -5  -4  -1  -3  -5  -3  -5    2   0   2  29   0   2  54   5   5   0   0   0   0   0   0   2   0   0   1   0  1.18 0.39
   34 Y    -2   1  -1  -4  -4  -2  -3  -4   0  -1  -1  -2  -1   3  -4   0   0   3   6  -1    2   9   3   0   0   2   0   0   2   3   5   2   1  11   0   7   7   4  39   3  0.67 0.27
   35 C    -4  -7  -6  -7  11  -7  -7  -6  -7  -5  -5  -7  -5  -6  -7  -5  -5  -6  -6  -4    0   0   0   0 100   0   0   0   0   0   0   0   0   0   0   0   0   0   0   0  3.94 0.80
   36 N    -3  -3   5   1  -4  -3  -3  -4  -3  -3  -4  -3  -4  -5  -1   0   6  -6  -4  -3    1   0  32   7   0   0   0   0   0   1   1   0   0   0   2   3  53   0   0   0  1.17 0.42
   37 G    -3  -5  -3  -2  -6  -5  -5   7  -5  -7  -7  -4  -6  -6  -5  -3  -5  -6  -6  -6    0   0   0   2   0   0   0  98   0   0   0   0   0   0   0   0   0   0   0   0  2.29 0.56
   38 K    -1   1   1   0  -3   4  -1  -3   0   2  -2   1  -2  -2  -3   0   1  -4  -1  -1    2   8   8   5   0  23   1   0   2  16   2  11   0   1   0   7  11   0   1   3  0.27 0.18
   39 T    -1  -3  -1  -1  -4  -3  -3  -3   0  -5  -5  -2  -4  -5  -4   6   2  -5  -3  -4    1   0   2   2   0   0   0   0   2   0   0   1   0   0   0  79  12   0   1   0  1.34 0.48
   40 C     4  -3  -2  -2   3  -1  -1   1   1  -4  -4  -2  -3  -4   3   2  -1  -5  -4  -2   40   0   1   1   7   2   2   8   4   0   0   0   0   0  13  21   1   0   0   1  0.59 0.27
   41 D    -1  -2   0   5  -5   2   3  -1   2  -4  -2  -1  -3  -2  -3  -1  -2  -4   0  -3    3   0   3  40   0  10  18   5   5   0   4   2   0   1   0   2   2   0   4   2  0.61 0.25
   42 C    -4  -7  -6  -7  11  -7  -7  -6  -7  -5  -5  -7  -5  -6  -7  -5  -5  -6  -6  -4    0   0   0   0 100   0   0   0   0   0   0   0   0   0   0   0   0   0   0   0  3.94 0.80
   43 P    -2  -5  -5  -5  -6  -2  -2  -5  -5  -5  -4  -4  -5  -6   8  -4  -4  -7  -6  -1    2   0   0   0   0   2   2   0   0   0   1   0   0   0  87   0   0   0   0   6  2.51 0.58
   44 R     0   4  -1  -1  -4  -1   1  -3   0  -2  -2   0  -1  -4   3   0   1  -1  -3  -2    6  28   2   3   0   0   8   1   2   2   3   4   2   0  18   6  12   1   0   3  0.40 0.19
   45 N    -4  -3   6   6  -5  -2  -2  -3  -2  -4  -6  -2  -5  -5  -2  -1  -3  -5   1  -5    0   0  39  48   0   0   0   0   0   1   0   2   0   0   2   4   0   0   5   0  1.32 0.40
   46 P    -1   1  -2   0  -3  -1  -1   1   1   0  -1  -2  -2  -2   4   0   1  -4  -2   0    2   9   0   5   0   2   3  11   5   6   4   0   0   2  25   6   9   0   1   9  0.31 0.14
   47 H    -2  -2  -1  -4  -4  -3  -4  -2   3  -2  -1  -2  -2   6  -2  -2  -3   3   6  -2    2   2   4   0   0   0   0   4   9   1   5   2   0  35   2   2   0   4  27   1  0.86 0.29
   48 K     0   0   1  -2  -3   2  -1  -3   5  -1  -1   2   0  -2  -3  -1  -2   0   2   0    8   3   7   0   0  14   0   0  18   4   7  18   3   0   0   2   0   1   7   8  0.30 0.18
   49 G     1   3  -2  -2  -3   3   0   2   1  -2  -1   1   0  -4  -3  -1  -2  -1  -3  -2   15  20   0   1   0  16   5  20   4   2   5   5   3   0   0   2   0   1   0   2  0.31 0.17
   50 P    -4  -3   6   6  -5  -2   1  -3  -2  -5  -6  -2  -5  -6  -1  -2  -1  -6  -5  -5    0   0  42  45   0   0   7   0   0   0   0   0   0   0   3   0   2   0   0   0  1.33 0.36
   51 A     0  -4  -3  -1  -5  -4  -4   7  -4  -6  -6  -4  -5  -5  -4  -1  -4  -5  -5  -5    4   0   0   4   0   0   0  87   0   0   0   0   0   0   0   4   0   0   0   0  1.72 0.38
   52 T    -1  -2  -1  -2  -2  -1  -2  -2  -2  -2  -2  -1  -2  -3  -2   3   6  -4  -3  -1    0   0   0   0   0   0   0   0   0   0   0   0   0   0   0  26  74   0   0   0  0.78 0.15

                      K         Lambda
Standard Ungapped    0.1408     0.3191
Standard Gapped      0.0559     0.2670
PSI Ungapped         0.1825     0.3175
PSI Gapped           0.0559     0.2670
