
Last position-specific scoring matrix computed, weighted observed percentages rounded down, information per position, and relative weight of gapless real matches to pseudocounts
            A   R   N   D   C   Q   E   G   H   I   L   K   M   F   P   S   T   W   Y   V   A   R   N   D   C   Q   E   G   H   I   L   K   M   F   P   S   T   W   Y   V
    1 M    -3  -3  -4  -5  -3  -2  -4  -5  -3  -1   0  -3  10  -2  -4  -3  -3  -3  -3  -1    0   0   0   0   0   0   0   0   0   0   0   0 100   0   0   0   0   0   0   0  1.97 0.36
    2 S     0  -2  -1  -2  -2  -2  -2  -2  -2  -4  -4  -2  -3   1  -2   6   0  -4  -2  -3    0   0   0   0   0   0   0   0   0   0   0   0   0   9   0  91   0   0   0   0  1.00 0.25
    3 D    -3  -3   0   8  -5  -2   0  -3  -3  -5  -5  -2  -5  -5  -3  -2  -3  -6  -5  -5    0   0   0 100   0   0   0   0   0   0   0   0   0   0   0   0   0   0   0   0  1.83 0.29
    4 I    -3  -4  -4  -4  -3  -4  -4  -5  -5   7   0  -4   0  -2  -4  -3   1  -4  -3   1    0   0   0   0   0   0   0   0   0  91   0   0   0   0   0   0   9   0   0   0  1.07 0.24
    5 N    -3  -2   8   0  -4  -2  -2  -2  -1  -5  -5  -2  -4  -5  -4  -1  -2  -6  -4  -5    0   0 100   0   0   0   0   0   0   0   0   0   0   0   0   0   0   0   0   0  1.78 0.30
    6 A     5  -2  -2  -3  -2  -2  -2   0  -3  -2  -2  -2  -2  -3  -2   1   2  -4  -3   0   69   0   0   0   0   0   0   4   0   0   0   0   0   0   0   5  16   0   0   6  0.61 0.17
    7 T     1  -3  -2  -2  -2  -2  -2  -3  -3   0  -2  -2  -2  -3  -2   0   6  -4  -3  -1   15   0   0   0   0   0   0   0   0   6   0   0   0   0   0   2  77   0   0   0  0.87 0.22
    8 R    -3   7  -2  -3   1  -1  -2  -4  -2  -5  -4   1  -3  -4  -4  -2  -3  -4  -3  -4    0  96   0   0   4   0   0   0   0   0   0   0   0   0   0   0   0   0   0   0  1.57 0.28
    9 L    -1  -3  -5  -5  -2  -3  -4  -4  -4   0   5  -4   1  -1  -4  -3  -2  -3  -2   0    6   0   0   0   0   0   0   0   0   0  91   0   0   0   0   0   0   0   0   3  0.89 0.20
   10 P    -3  -4  -4  -4  -5  -3  -3  -4  -4  -5  -5  -3  -5  -6   9  -3  -3  -6  -5  -5    0   0   0   0   0   0   0   0   0   0   0   0   0   0 100   0   0   0   0   0  2.86 0.48
   11 I     1  -3  -3  -3   0  -2  -3   0   0   3   1  -2   0   1  -3  -1  -1  -3  -1   2   13   0   0   0   2   0   0   8   4  35  14   0   0   5   0   3   0   0   0  12  0.21 0.11
   12 I    -2  -4  -4  -4  -3  -3  -4  -4   1   3   0  -4   0   4  -1  -2  -3   9   1   0    2   0   0   0   0   0   0   0   4  21   5   0   3  20   4   3   0  31   2   3  0.93 0.24
   13 L    -2  -2  -2  -3  -2  -1  -2   2  -2   0   2  -2   1   2  -3  -1  -2   5   0   0    0   0   0   0   0   4   3  19   0   4  34   0   5  10   0   6   0   9   2   3  0.27 0.12
   14 A     0  -3  -3  -3  -2  -3  -3   0  -3   2   1  -3   0   2   3  -1  -1  -3  -1   1   11   0   0   0   0   0   0   7   0  21  16   0   0  11  19   3   1   0   0  11  0.30 0.12
   15 P     1  -1  -2   0  -3  -2  -1   2  -2   0   0  -2   0  -1   4  -1  -2  -3  -2  -1   13   5   0   6   0   0   2  23   0   7  14   0   3   3  21   2   0   0   0   0  0.29 0.11
   16 I     0  -3  -3  -1   6  -3  -2  -1  -2   2   0  -3  -1  -1  -3  -1   0  -2   3   1    7   0   0   3  23   0   2   5   0  16  10   0   0   0   0   4   6   0  13  10  0.31 0.14
   17 I    -1  -2   1  -1   2   0  -2  -2  -2   1   1  -2  -1   2   3   0  -1  -2  -1   0    1   1  12   3   6   4   1   1   0  12  15   1   0  16  16   6   1   0   0   3  0.20 0.10
   18 P    -3  -4  -4  -4  -5  -3  -3   0  -4  -5  -5  -3  -5  -6   8  -3  -3  -6  -5  -5    0   0   0   0   0   0   0   7   0   0   0   0   0   0  93   0   0   0   0   0  2.56 0.47
   19 C    -2  -5  -4  -5  10  -4  -5  -4  -4   0   0  -5  -2   0  -5  -1  -3   4   1  -2    0   0   0   0  69   0   0   0   0   7   7   0   0   3   0   3   0   6   4   0  1.76 0.39
   20 I     0  -4  -4  -4   3  -3  -4  -4  -4   2  -1  -3  -1  -2   1  -2   1  -4  -3   5    5   0   0   0   7   0   0   0   0  10   0   0   0   0   7   0   7   0   0  64  0.66 0.25
   21 N     0  -3   0  -2  -3  -3  -3   5  -3  -3  -4  -2  -3  -4  -3   2  -2  -4  -4  -1    6   0   5   0   0   0   0  64   0   0   0   0   0   0   0  19   0   0   0   7  0.92 0.26
   22 D    -3  -3   0   7  -5  -2   2  -3  -3  -5  -5  -2  -5  -5  -3   0  -3  -6  -5  -5    0   0   0  85   0   0   9   0   0   0   0   0   0   0   0   7   0   0   0   0  1.59 0.38
   23 D    -1  -3   0   7  -4  -2   1  -1   2  -4  -4  -2  -4  -4  -3  -2  -2  -5  -4  -2    6   0   2  72   0   0   4   5   6   0   0   0   0   0   0   0   0   0   0   4  1.10 0.30
   24 V     0  -3  -1   1   1  -3  -3  -4  -4   4   0  -3  -1  -2  -3  -2   0  -4  -3   4    9   0   2  10   3   0   0   0   0  34   0   0   0   0   0   0   4   0   0  38  0.45 0.20
   25 N    -1  -2   4   4  -4   1   3  -2  -1  -2  -2  -1  -3  -4  -3   0   0  -4  -3  -2    3   0  30  24   0   6  20   0   0   3   3   0   0   0   0   2   7   0   0   2  0.53 0.19
   26 S     1   0  -1  -2  -2   1  -2  -2   0  -1   0  -1   4   1   1   1   0  -3  -1   0   15   5   2   0   0   6   0   0   2   0  10   0  20   8   8  15   4   0   0   5  0.16 0.12
   27 T    -1  -3  -3  -3  -2  -3  -3  -4  -4   1   2  -3   0  -2  -3  -1   4  -4  -3   3    3   0   0   0   0   0   0   0   0   8  22   0   0   0   0   0  44   0   0  23  0.52 0.22
   28 L    -3  -4  -5  -5  -3  -4  -4  -5  -4   1   6  -4   1  -1  -4  -4  -1  -3  -2   0    0   0   0   0   0   0   0   0   0   2  95   0   0   0   0   0   2   0   0   0  1.06 0.27
   29 T     0   0   1  -2  -2  -2  -2  -3  -3  -2  -3  -2  -2  -4  -3   1   6  -4  -3  -1    6   5   7   0   0   0   0   0   0   0   0   0   0   0   0   4  74   0   0   4  0.84 0.26
   30 S    -2   7  -2  -3   0   0  -1  -3   2  -4  -4   1  -3  -4  -3   1  -2  -4  -3  -4    0  79   0   0   2   0   0   0   4   0   0   4   0   0   0  10   0   0   0   0  1.20 0.29
   31 G    -1  -4  -2  -3  -4  -3  -4   7  -4  -5  -5  -3  -4  -5  -4  -2  -3  -4  -5  -5    0   0   0   0   0   0   0 100   0   0   0   0   0   0   0   0   0   0   0   0  1.82 0.33
   32 E    -2  -1  -2   0  -5   2   7  -4  -2  -5  -4  -1  -3  -5  -3  -2  -2  -4  -4  -4    0   0   0   0   0   6  94   0   0   0   0   0   0   0   0   0   0   0   0   0  1.44 0.30
   33 R    -1   5  -1  -1  -3   0   0  -2  -1  -3  -3   3  -2  -3  -2   2  -1  -3  -2  -3    0  52   0   0   0   0   0   0   0   0   0  25   0   0   0  23   0   0   0   0  0.59 0.08

                      K         Lambda
Standard Ungapped    0.1366     0.3186
Standard Gapped      0.0503     0.2670
PSI Ungapped         0.1645     0.3187
PSI Gapped           0.0503     0.2670
