
Last position-specific scoring matrix computed, weighted observed percentages rounded down, information per position, and relative weight of gapless real matches to pseudocounts
            A   R   N   D   C   Q   E   G   H   I   L   K   M   F   P   S   T   W   Y   V   A   R   N   D   C   Q   E   G   H   I   L   K   M   F   P   S   T   W   Y   V
    1 G     0  -3  -1  -2  -3  -2  -2   6  -2  -4  -4  -2  -3  -4  -2   0  -2  -3  -3  -4    0   0   0   0   0   0   0 100   0   0   0   0   0   0   0   0   0   0   0   0  1.06 0.01
    2 I    -1  -3  -3  -4  -1  -3  -3  -4  -3   4   1  -3   3  -1  -3  -2  -1  -3  -2   3    0   0   0   0   0   0   0   0   0  54   0   0  15   0   0   0   0   0   0  31  0.38 0.03
    3 C    -1  -5  -4  -5  11  -4  -5  -4  -4  -2  -2  -4  -2  -3  -4  -2  -2  -3  -3  -2    0   0   0   0 100   0   0   0   0   0   0   0   0   0   0   0   0   0   0   0  1.90 0.12
    4 P    -2  -3  -3  -2  -4  -2  -2  -3  -3  -4  -4  -2  -3  -5   8  -2  -2  -5  -4  -3    0   0   0   0   0   0   0   0   0   0   0   0   0   0 100   0   0   0   0   0  2.30 0.10
    5 R    -2   6  -1  -2  -4   1   0  -3  -1  -3  -2   3  -2  -3  -3  -1  -2  -3  -2  -3    0  74   0   0   0   0   0   0   0   0   5  22   0   0   0   0   0   0   0   0  0.78 0.07
    6 I    -2  -4  -4  -4  -2  -4  -4  -5  -4   6   1  -3   1  -1  -4  -3  -1  -3  -2   2    0   0   0   0   0   0   0   0   0 100   0   0   0   0   0   0   0   0   0   0  0.70 0.08
    7 L    -2  -3  -4  -4  -2  -3  -3  -4  -3   1   4  -3   1   1  -4  -3  -2   6   2   0    0   0   0   0   0   0   0   0   0   0  79   0   0   0   0   0   0  13   8   0  0.60 0.06
    8 M    -2  -1  -2  -3  -2   1  -2  -3  -2   0   1   1   8  -1  -3  -2  -1  -2  -2   0    0   0   0   0   0   5   0   0   0   0   0  12  83   0   0   0   0   0   0   0  0.65 0.10
    9 E    -1   2  -1   0  -4   2   4  -2  -1  -4  -3   3  -2  -4   3  -1  -1  -4  -3  -3    0  15   0   0   0   5  38   0   0   0   0  28   0   0  15   0   0   0   0   0  0.54 0.04
   10 C    -1  -5  -4  -5  11  -4  -5  -4  -4  -2  -2  -4  -2  -3  -4  -2  -2  -3  -3  -2    0   0   0   0 100   0   0   0   0   0   0   0   0   0   0   0   0   0   0   0  1.90 0.12
   11 K    -1   3  -1  -1  -3   1   0  -2  -1  -3  -3   5  -2  -4  -2   0   0  -4  -2  -3    0  12   0   0   0   0   0   0   0   0   0  76   0   0   0   6   5   0   0   0  0.60 0.06
   12 R     0   4  -1  -2  -3   1   0  -2   3  -2  -1   2  -1  -3  -2   0   0  -3  -1  -1    6  44   0   0   0   7   0   0  11   0   6   8   0   0   0   6   5   0   0   7  0.31 0.04
   13 D    -2  -2   2   7  -4  -1   1  -2  -2  -4  -5  -1  -4  -4  -2  -1  -2  -5  -4  -4    0   0   7  93   0   0   0   0   0   0   0   0   0   0   0   0   0   0   0   0  1.16 0.08
   14 S     1  -1   0   2  -2  -1   0  -1  -2  -3  -3  -1  -2  -3  -1   5   2  -4  -2  -2    5   0   0  11   0   0   0   0   0   0   0   0   0   0   0  78   6   0   0   0  0.52 0.07
   15 D    -3  -2   1   7  -4  -1   1  -2  -2  -4  -5  -1  -4  -4  -2  -1  -2  -5  -4  -4    0   0   0 100   0   0   0   0   0   0   0   0   0   0   0   0   0   0   0   0  1.26 0.09
   16 C    -1  -5  -4  -5  11  -4  -5  -4  -4  -2  -2  -4  -2  -3  -4  -2  -2  -3  -3  -2    0   0   0   0 100   0   0   0   0   0   0   0   0   0   0   0   0   0   0   0  1.90 0.12
   17 L    -2  -3  -4  -4  -2  -2  -3  -4  -3   1   4  -3   3   1   3  -2  -2  -2  -1   0    0   0   0   0   0   0   0   0   0   0  64   0  13   6  17   0   0   0   0   0  0.46 0.05
   18 A     3   0  -2  -2  -2  -1  -2   2  -2  -2   0  -1  -1  -3   2   0  -1  -3  -2  -1   54   7   0   0   0   0   0  17   0   0  11   0   0   0  11   0   0   0   0   0  0.31 0.04
   19 Q     0   0   0   3  -3   2   3   2  -1  -3  -3   1  -2  -4  -2   0   0  -3  -3  -3    9   0   0  20   0  17  22  18   0   0   0   8   0   0   0   0   6   0   0   0  0.34 0.03
   20 C    -1  -5  -4  -5  11  -4  -5  -4  -4  -2  -2  -4  -2  -3  -4  -2  -2  -3  -3  -2    0   0   0   0 100   0   0   0   0   0   0   0   0   0   0   0   0   0   0   0  1.90 0.12
   21 V    -1  -1  -3  -3  -2  -2  -3  -4  -3   4   1  -1   0  -1  -3  -2   1  -3  -2   3    0   5   0   0   0   0   0   0   0  47   0   7   0   0   0   0   9   0   0  32  0.29 0.04
   22 C    -1  -5  -4  -5  11  -4  -5  -4  -4  -2  -2  -4  -2  -3  -4  -2  -2  -3  -3  -2    0   0   0   0 100   0   0   0   0   0   0   0   0   0   0   0   0   0   0   0  1.90 0.12
   23 K    -1   2  -2  -2  -2   1   0  -2  -2   1   3   0   1  -1  -3  -2  -1  -3  -2   1    0  15   0   0   0   9   6   3   0   0  43   7   5   0   0   0   0   0   0  13  0.15 0.03
   24 R     0   0   0   0  -3   1   3   1  -1  -3  -3   1  -2  -3   2   1  -1  -3  -2  -2    6   4   1   1   0   5  39  10   0   1   1   7   0   1  10  12   1   0   0   1  0.32 0.02
   25 Q    -1  -1   4   2  -3   1   1  -1   5  -4  -4  -1  -2  -3  -2   1  -1  -4  -1  -3    5   0  36  11   0   6   4   0  25   0   0   0   0   0   0  12   0   0   0   0  0.46 0.04
   26 G     0  -3  -1  -2  -3  -2  -1   6  -3  -5  -4  -2  -3  -4  -3  -1  -2  -3  -4  -4    0   0   0   0   0   0   5  95   0   0   0   0   0   0   0   0   0   0   0   0  1.19 0.07
   27 Y    -2  -2  -2  -4  -3  -2  -3  -4   4   0  -1  -3  -1   5  -4  -2  -2   1   6  -1    0   0   0   0   0   0   0   0  13   8   0   0   0  32   0   0   0   0  46   0  0.72 0.06
   28 C    -1  -5  -4  -5  11  -4  -5  -4  -4  -2  -2  -4  -2  -3  -4  -2  -2  -3  -3  -2    0   0   0   0 100   0   0   0   0   0   0   0   0   0   0   0   0   0   0   0  1.90 0.12
   29 G     0  -3  -1  -2  -3  -2  -3   7  -3  -5  -5  -2  -3  -4  -3  -1  -2  -3  -4  -4    0   0   0   0   0   0   0 100   0   0   0   0   0   0   0   0   0   0   0   0  1.30 0.08

                      K         Lambda
Standard Ungapped    0.1474     0.3335
Standard Gapped      0.0410     0.2670
PSI Ungapped         0.1474     0.3335
PSI Gapped           0.0410     0.2670
