
Last position-specific scoring matrix computed, weighted observed percentages rounded down, information per position, and relative weight of gapless real matches to pseudocounts
            A   R   N   D   C   Q   E   G   H   I   L   K   M   F   P   S   T   W   Y   V   A   R   N   D   C   Q   E   G   H   I   L   K   M   F   P   S   T   W   Y   V
    1 Y    -2  -2  -2  -3  -3  -2  -2  -3   2  -2  -1  -2  -1   3  -3  -2  -2   2   7  -1    0   0   0   0   0   0   0   0   0   0   0   0   0   0   0   0   0   0 100   0  0.93 0.02
    2 C    -1  -4  -3  -4  10  -3  -4  -3  -3  -1  -2  -3  -2  -3  -3  -1  -1  -3  -3  -1    0   0   0   0 100   0   0   0   0   0   0   0   0   0   0   0   0   0   0   0  1.33 0.02
    3 Q    -1   1   0   0  -3   6   2  -2   0  -3  -2   1  -1  -4  -2   0  -1  -2  -2  -3    0   0   0   0   0 100   0   0   0   0   0   0   0   0   0   0   0   0   0   0  0.72 0.02
    4 K    -1   2   0  -1  -3   1   1  -2  -1  -3  -2   5  -1   0  -1   0  -1  -3  -1  -2    0   0   0   0   0   0   9   0   0   0   0  84   0   7   0   0   0   0   0   0  0.43 0.01
    5 W    -3  -2  -3  -4  -3  -2  -3  -3  -2  -2  -1  -1  -1   3  -4  -3  -3  11   2  -3    0   0   0   0   0   0   0   0   0   0   0   7   0  22   0   0   0  71   0   0  1.60 0.02
    6 M    -1  -2  -3  -4  -2  -1  -2  -3  -2   1   3  -2   6   0  -3  -2  -1  -2  -1   1    0   0   0   0   0   0   0   0   0   0  27   0  73   0   0   0   0   0   0   0  0.39 0.01
    7 W    -3  -3  -4  -5  -3  -2  -3  -3  -3  -3  -2  -3  -2   1  -4  -3  -3  12   2  -3    0   0   0   0   0   0   0   0   0   0   0   0   0   0   0   0   0 100   0   0  2.45 0.03
    8 T     0  -1   0  -1  -1  -1  -1  -2  -2  -1   0  -1   0  -2  -1   1   5  -3  -2   0    0   0   0   0   0   0   0   0   0   0   7   0   0   0   0   0  93   0   0   0  0.45 0.01
    9 C    -1  -4  -3  -4  10  -3  -4  -3  -3  -1  -2  -3  -2  -3  -3  -1  -1  -3  -3  -1    0   0   0   0 100   0   0   0   0   0   0   0   0   0   0   0   0   0   0   0  1.33 0.02
   10 D    -2  -2   1   6  -4   0   2  -2  -1  -4  -4  -1  -3  -4  -2   0  -1  -5  -3  -4    0   0   0 100   0   0   0   0   0   0   0   0   0   0   0   0   0   0   0   0  0.98 0.02
   11 S     1  -1   0   0  -2   1   2  -1  -1  -3  -3   0  -2  -3  -1   3   1  -3  -2  -2    7   0   0   0   0   7  26   0   0   0   0   0   0   0   0  53   7   0   0   0  0.35 0.01
   12 A     0   0   0   1  -3   2   5  -2   0  -3  -3   2  -2  -3  -1   0  -1  -3  -2  -2    6   0   0   0   0   0  71   0   0   0   0  23   0   0   0   0   0   0   0   0  0.55 0.01
   13 R    -2   6  -1  -2  -4   1   0  -3   0  -3  -2   2  -2  -3  -2  -1  -1  -3  -2  -3    0 100   0   0   0   0   0   0   0   0   0   0   0   0   0   0   0   0   0   0  0.80 0.02
   14 K     0   2  -1  -1  -3   1   0  -2  -1  -3  -3   4  -2  -3   3   0  -1  -3  -2  -2   10   0   0   0   0   0   0   0   0   0   0  77   0   0  13   0   0   0   0   0  0.46 0.01
   15 C    -1  -4  -3  -4  10  -3  -4  -3  -3  -1  -2  -3  -2  -3  -3  -1  -1  -3  -3  -1    0   0   0   0 100   0   0   0   0   0   0   0   0   0   0   0   0   0   0   0  1.33 0.02
   16 C    -1  -4  -3  -4  10  -3  -4  -3  -3  -1  -2  -3  -2  -3  -3  -1  -1  -3  -3  -1    0   0   0   0 100   0   0   0   0   0   0   0   0   0   0   0   0   0   0   0  1.33 0.02
   17 E    -1   0   0   1  -4   2   5   0   0  -4  -3   1  -2  -4  -1   0  -1  -3  -2  -3    0   0   0   0   0   0  91   9   0   0   0   0   0   0   0   0   0   0   0   0  0.67 0.01
   18 G    -1  -2   1   5  -3  -1   0   4  -2  -4  -4  -1  -3  -4  -2   0  -1  -4  -3  -3    0   0   0  55   0   0   0  45   0   0   0   0   0   0   0   0   0   0   0   0  0.68 0.01
   19 L    -1  -2  -3  -4  -2  -1  -3  -3  -2   1   3  -2   5   0  -3  -2  -1  -1   1   1    0   0   0   0   0   0   0   0   0   0  33   0  60   0   0   0   0   0   6   0  0.34 0.01
   20 V     0   0  -3  -3  -1  -2  -2  -3  -3   2   0  -1   0  -1  -2  -1   0  -3  -1   4    7  10   0   0   0   0   0   0   0   0   0   0   0   0   0   0   0   0   0  83  0.25 0.01
   21 C    -1  -4  -3  -4  10  -3  -4  -3  -3  -1  -2  -3  -2  -3  -3  -1  -1  -3  -3  -1    0   0   0   0 100   0   0   0   0   0   0   0   0   0   0   0   0   0   0   0  1.33 0.02
   22 R    -1   5   0   0  -4   2   2  -2   0  -3  -3   3  -2  -3  -2  -1  -1  -3  -2  -3    0  50   0   0   0   6  20   0   0   0   0  24   0   0   0   0   0   0   0   0  0.52 0.01
   23 L    -2  -2  -4  -4  -1  -2  -3  -4  -3   2   4  -3   2   0  -3  -3  -1  -2  -1   1    0   0   0   0   0   0   0   0   0   0 100   0   0   0   0   0   0   0   0   0  0.49 0.01
   24 W    -3  -3  -4  -5  -3  -2  -3  -3  -3  -3  -2  -3  -2   1  -4  -3  -3  12   2  -3    0   0   0   0   0   0   0   0   0   0   0   0   0   0   0   0   0 100   0   0  2.45 0.03
   25 C    -1  -4  -3  -4  10  -3  -4  -3  -3  -1  -2  -3  -2  -3  -3  -1  -1  -3  -3  -1    0   0   0   0 100   0   0   0   0   0   0   0   0   0   0   0   0   0   0   0  1.33 0.02
   26 K    -1   3   0  -1  -3   1   1  -2  -1  -3  -3   5  -2  -3  -1   0  -1  -3  -2  -3    0  10   0   0   0   0   0   0   0   0   0  90   0   0   0   0   0   0   0   0  0.55 0.01
   27 K    -1   3  -1  -1  -3   1   0  -2  -1  -1  -2   4  -1  -3  -1  -1  -1  -3  -2  -1    0   9   0   0   0   0   0   0   0  11   0  79   0   0   0   0   0   0   0   0  0.39 0.01
   28 I    -1   3  -1  -2  -2   0  -1  -3  -2   2   0   2   0  -1  -2  -1  -1  -3  -2   1    0  35   0   0   0   0   0   0   0  47   0  19   0   0   0   0   0   0   0   0  0.20 0.00
   29 I    -2  -3  -4  -4  -1  -3  -3  -4  -3   3   3  -3   2   0  -3  -3  -1  -2  -1   2    0   0   0   0   0   0   0   0   0  50  50   0   0   0   0   0   0   0   0   0  0.37 0.00

                      K         Lambda
Standard Ungapped    0.1417     0.3348
Standard Gapped      0.0410     0.2670
PSI Ungapped         0.1417     0.3348
PSI Gapped           0.0410     0.2670
