
Last position-specific scoring matrix computed, weighted observed percentages rounded down, information per position, and relative weight of gapless real matches to pseudocounts
            A   R   N   D   C   Q   E   G   H   I   L   K   M   F   P   S   T   W   Y   V   A   R   N   D   C   Q   E   G   H   I   L   K   M   F   P   S   T   W   Y   V
    1 D    -1  -2   1   5  -4   0   2   2  -1  -4  -4  -1  -3  -4  -2   0  -1  -4  -3  -3    0   0   3  69   0   0   8  20   0   0   0   0   0   0   0   0   0   0   0   0  0.71 0.03
    2 C    -1  -4  -3  -4  10  -3  -4  -3  -4  -2  -2  -4  -2  -3  -3  -1  -1  -3  -3  -1    0   0   0   0 100   0   0   0   0   0   0   0   0   0   0   0   0   0   0   0  1.49 0.05
    3 A     3  -1  -1  -2  -1  -1  -1   3  -2  -2  -2   1  -2  -3  -1   0  -1  -3  -2  -1   55   0   0   0   0   0   0  28   0   0   0  14   0   0   0   0   0   0   0   3  0.34 0.02
    4 G     0  -3  -1  -2  -3  -2  -3   6  -2  -3  -2  -2  -2  -3  -3  -1  -2  -3  -3  -3    0   0   0   0   0   0   0  92   0   0   8   0   0   0   0   0   0   0   0   0  0.96 0.03
    5 Y    -2  -2  -3  -4  -2  -2  -3  -4   2   0   2  -2   0   3  -3  -2  -2   1   6  -1    0   0   0   0   0   0   0   0   3   0  28   0   0  14   0   0   0   0  55   0  0.55 0.03
    6 M    -1  -1  -2  -3  -2   2  -1  -3  -2   1   2  -1   7  -1  -3  -2  -1  -2  -1   0    0   0   0   0   0  14   0   0   0   0   0   0  86   0   0   0   0   0   0   0  0.44 0.05
    7 R     0   5  -1   1  -3   0   0  -2  -1  -1  -2   1  -1  -3  -2  -1   0  -3  -2   0    6  58   0  14   0   0   0   0   0   0   0   0   0   0   0   0   8   0   0  14  0.34 0.02
    8 E     0   1  -1   1  -3   1   4   1  -1  -3  -3   2  -2  -3  -1   0  -1  -3  -2  -3    8   8   0   0   0   0  58  12   0   0   0  14   0   0   0   0   0   0   0   0  0.44 0.02
    9 C    -1  -4  -3  -4  10  -3  -4  -3  -4  -2  -2  -4  -2  -3  -3  -1  -1  -3  -3  -1    0   0   0   0 100   0   0   0   0   0   0   0   0   0   0   0   0   0   0   0  1.49 0.05
   10 K    -1   2   0  -1  -4   1   1  -2  -1  -3  -3   5  -2  -4  -1   0  -1  -3  -2  -3    0   0   0   0   0   0   4   0   0   0   0  96   0   0   0   0   0   0   0   0  0.61 0.04
   11 E    -1  -1   1   2  -3   1   4  -1  -1  -3  -3   0  -2  -3  -1   1   0  -3  -2  -2    0   0   7  12   0   0  56   3   0   0   0   0   0   0   0  16   7   0   0   0  0.46 0.02
   12 K     0   1   1  -1  -2   1   1  -2  -1  -2  -2   4  -1  -3  -1   1   2  -3  -2  -2    0   0   5   0   0   0   3   0   0   0   0  59   0   0   0  11  21   0   0   0  0.34 0.02
   13 L    -1  -2  -3  -2  -2  -2   0   0  -2   1   3  -2   1   3  -3  -2  -2  -1   0   0    0   0   0   0   0   0  11  10   0   0  58   0   0  21   0   0   0   0   0   0  0.21 0.01
   14 C    -1  -1  -3  -4  10  -3  -4  -3  -3  -2  -2  -3  -2  -3  -3  -1  -1  -3  -3  -1    0   5   0   0  95   0   0   0   0   0   0   0   0   0   0   0   0   0   0   0  1.30 0.04
   15 C    -1  -4  -3  -4  10  -3  -4  -3  -3  -2  -2  -4  -2  -3  -3  -1  -1  -3  -3  -1    0   0   0   0 100   0   0   0   0   0   0   0   0   0   0   0   0   0   0   0  1.43 0.04
   16 S     1  -1   1   0  -1   0   0   0  -1  -3  -3   0  -2  -3  -1   4   1  -3  -2  -2    0   0   5   0   0   0   0   0   0   0   0   0   0   0   0  95   0   0   0   0  0.50 0.03
   17 G     0  -2   0  -1  -3  -2  -2   6  -2  -4  -4  -2  -3  -3  -2   1  -1  -3  -3  -3    0   0   0   0   0   0   0  89   0   0   0   0   0   0   0  11   0   0   0   0  0.95 0.02
   18 Y    -2  -2  -2  -4  -3  -2  -2  -3   1  -1  -1  -2   0   3  -3  -2  -2   2   7  -1    0   0   0   0   0   0   0   0   0   0   0   0   6   6   0   0   0   0  88   0  0.87 0.03
   19 V    -1  -2   2  -2  -1  -2  -2  -3  -2   2   0  -2   0  -1  -3  -1   0  -3  -2   4    0   0  21   0   0   0   0   0   0   0   0   0   0   0   0   0   0   0   0  79  0.25 0.02
   20 C    -1  -1  -3  -4  10  -3  -4  -3  -3  -2  -2  -3  -2  -3  -3  -1  -1  -3  -3  -1    0   5   0   0  95   0   0   0   0   0   0   0   0   0   0   0   0   0   0   0  1.30 0.04
   21 S     1  -1   0  -1  -1   0  -1   1  -1  -3  -3  -1  -2  -3   1   4   1  -3  -2  -2    0   0   0   0   0   0   0  11   0   0   0   0   0   0   4  85   0   0   0   0  0.45 0.02
   22 S     0   2   0  -1  -2   0   0  -1  -1  -3  -3   0  -2  -3   4   3   1  -3  -2  -2    0  16   0   0   0   0   0   0   0   0   0   0   0   0  26  58   0   0   0   0  0.53 0.02
   23 R    -1   5   0  -1  -3   2   0  -1  -1  -2  -2   1  -1  -3  -2   0   2  -3  -2  -2    0  54   0   0   0  11   0   4   0   0   0   0   0   0   0   0  31   0   0   0  0.41 0.02
   24 W    -3  -3  -4  -5  -3  -2  -3  -3  -3  -3  -2  -4  -2   1  -4  -3  -3  12   2  -3    0   0   0   0   0   0   0   0   0   0   0   0   0   0   0   0   0 100   0   0  2.55 0.05
   25 K    -1   2   0  -1  -3   1   1  -2  -1  -3  -3   5  -2  -4  -1   0  -1  -3  -2  -3    0   0   0   0   0   0   0   0   0   0   0 100   0   0   0   0   0   0   0   0  0.60 0.03
   26 W    -3  -1  -4  -5  -3  -2  -3  -3  -3  -3  -2  -3  -2   1  -4  -3  -3  12   2  -3    0   5   0   0   0   0   0   0   0   0   0   0   0   0   0   0   0  95   0   0  2.36 0.05
   27 C    -1  -1  -3  -4  10  -3  -4  -3  -3  -2  -2  -3  -2  -3  -3  -1  -1  -3  -3  -1    0   5   0   0  95   0   0   0   0   0   0   0   0   0   0   0   0   0   0   0  1.30 0.04
   28 V     0  -3  -3  -4  -1  -3  -3  -4  -4   3   1  -3   1  -1  -3  -2   0  -3  -1   5    0   0   0   0   0   0   0   0   0   0   0   0   0   0   0   0   0   0   0 100  0.42 0.03
   29 L    -2  -1  -3  -3  -2  -2  -3  -4  -1   1   3  -2   1   1  -3  -2  -1   0   4   0    0   5   0   0   0   0   0   0   0   0  64   0   0   0   0   4   0   0  27   0  0.32 0.02
   30 P     1  -2  -2   0  -2  -1  -1  -2  -2  -3  -3  -1  -2  -4   7   0  -1  -4  -3  -2   21   0   0   5   0   0   0   0   0   0   0   0   0   0  70   4   0   0   0   0  1.30 0.02
   31 A     3   1  -1  -2   2  -1  -1   1  -2  -2  -2   0  -1  -3  -1   1   0  -3  -2  -1   59  13   0   0   6   0   0  11   0   0   0   0   0   0   0  11   0   0   0   0  0.28 0.01
   32 P    -1  -2  -2  -2  -3  -2  -1  -3  -3  -3  -3  -1  -3  -4   8  -1  -1  -4  -3  -3    0   0   0   0   0   0   0   0   0   0   0   0   0   0 100   0   0   0   0   0  2.13 0.04

                      K         Lambda
Standard Ungapped    0.1397     0.3277
Standard Gapped      0.0411     0.2670
PSI Ungapped         0.1343     0.3122
PSI Gapped           0.0411     0.2670
