
Last position-specific scoring matrix computed, weighted observed percentages rounded down, information per position, and relative weight of gapless real matches to pseudocounts
            A   R   N   D   C   Q   E   G   H   I   L   K   M   F   P   S   T   W   Y   V   A   R   N   D   C   Q   E   G   H   I   L   K   M   F   P   S   T   W   Y   V
    1 M    -3  -3  -4  -5  -3   1  -3  -5  -3  -1   1  -3  10  -2  -4  -3  -3  -3  -3  -1    0   0   0   0   0   7   0   0   0   0   3   0  90   0   0   0   0   0   0   0  1.69 0.33
    2 A     4  -3  -3  -2  -4  -1   5  -3  -3  -4  -4  -2  -4  -5  -1  -1  -2  -5  -4  -3   47   0   0   0   0   0  48   0   0   0   0   0   0   0   2   2   1   0   0   0  1.02 0.34
    3 R    -3   6  -2  -4  -6  -1  -2  -5  -3  -6  -5   5  -4  -6  -4  -3  -3  -6  -4  -5    1  53   1   0   0   0   0   0   0   0   0  43   0   0   0   1   1   0   0   0  1.54 0.44
    4 K    -2  -1  -2   0  -4  -1  -1  -4  -2  -1   1   3   1   2  -4  -2   0   6   0  -2    3   2   1   5   0   2   3   0   0   2  16  24   4  12   0   1   7  14   2   2  0.37 0.18
    5 S     2  -1   0   1  -2   0   4  -2  -2  -2  -3   0  -3  -4  -2   3  -1  -5  -4  -3   17   2   4   5   1   3  30   1   0   2   1   6   0   0   0  26   1   0   0   1  0.45 0.22
    6 L     4  -3  -3  -3  -3  -1  -3  -3  -4   2   2   0   3  -1  -3  -2  -2  -1  -3  -1   41   0   1   1   0   2   0   0   0  14  24   5   9   2   0   0   0   1   0   1  0.44 0.23
    7 C    -1   2  -2  -3  -3   2  -1  -3   3   2  -1   1   1  -2  -3  -1   0  -1   3   1    5  11   1   0   0  14   1   0   8  14   2   9   3   0   0   3   5   0  12  11  0.22 0.15
    8 V     1   1  -1  -1  -2   0   1  -1  -1   1   1   0   0  -1  -3  -1  -1  -2  -2   1   12   8   3   1   0   3  14   4   1   7  20   5   1   1   0   2   1   0   1  15  0.08 0.08
    9 K     0   1  -2  -3  -5   1   1  -1  -3  -4  -4   6  -4  -4  -3  -2  -3  -5  -4  -4    8   6   1   0   0   6   8   4   0   0   1  66   0   1   0   1   0   0   0   0  1.03 0.35
   10 A     1  -3  -2  -3  -2   0  -3  -4  -2   1   5  -3   2  -1  -4  -2  -3   1  -3  -1   11   0   2   1   0   5   0   0   1   6  61   1   5   1   0   3   0   2   0   0  0.60 0.25
   11 Q     2   0   1  -2  -4   6   0  -3   0  -4  -3   1  -2  -5  -3   1  -1  -4  -3  -3   18   4   8   1   0  41   4   0   1   0   2   8   1   0   0   9   2   0   0   0  0.63 0.27
   12 R     1   4  -1  -2  -3   2   1  -2  -1  -4  -3   4  -2  -4  -2   1  -1  -4  -2  -2   10  23   1   1   1   8   6   1   1   0   0  31   1   0   1  12   1   0   1   2  0.51 0.21
   13 T    -1  -2  -3  -4  -3   0  -2  -3   0   0   4   0   2  -1   1  -1  -1  -3  -2  -1    4   1   0   0   0   5   2   1   3   3  52   7   5   1   8   3   3   0   1   0  0.38 0.19
   14 P    -1   0  -3  -3  -5   0  -3  -5  -3  -5  -5  -2  -5  -6   8  -3  -4  -6  -5  -5    4   5   1   1   0   4   0   0   0   0   0   2   0   0  82   1   0   0   0   0  2.20 0.46
   15 K    -3   7   0  -3  -6  -1  -2  -4  -3  -5  -4   5  -4  -5  -4  -2  -2  -5  -4  -3    1  57   3   0   0   0   1   0   0   0   1  34   0   0   0   1   2   0   0   1  1.31 0.38
   16 F    -3  -3   6   4  -5  -3  -2  -3  -1  -4  -4  -2  -4   4  -4  -1  -3  -1   3  -4    0   0  41  24   0   0   0   0   0   0   0   2   0  18   0   2   0   1  11   0  0.95 0.32
   17 K     3  -2  -1  -3  -3  -2  -2  -2  -3  -4  -4   1  -3  -2   1   5   0  -5  -4  -3   21   1   1   0   0   0   0   1   0   0   0   9   0   2   6  57   2   0   0   0  0.78 0.32
   18 V     0  -1  -1  -4  -2  -3  -3  -2  -4   1  -2  -3  -2  -4  -3   1   5  -5  -3   4    5   3   2   0   1   0   0   3   0   5   0   0   0   0   0   8  41   0   0  32  0.62 0.27
   19 R    -4   8  -3  -4  -6   1  -3  -5  -3  -6  -3   1  -4  -6  -5  -4  -4  -6  -5  -5    0  87   0   0   0   6   0   0   0   0   3   4   0   0   0   0   0   0   0   0  1.95 0.50
   20 T     0  -2  -2  -3  -3   2   0  -1  -1   2   2  -1   1  -2  -3  -2  -1  -3  -2   2    7   1   1   0   0  14   5   6   1  17  28   3   2   0   0   1   1   0   1  13  0.20 0.14
   21 Y    -3   6  -2  -4  -5  -1  -2  -5   5  -4  -3   1  -2  -3  -4  -3  -2  -3   4  -1    1  46   1   0   0   1   1   0  15   0   2   9   0   0   0   0   1   0  17   6  0.96 0.33
   22 N    -3   2   7   0  -5  -2  -3  -3  -1  -4  -4  -2  -3  -5  -4  -1   2  -6  -4  -5    1  12  66   3   0   1   0   0   1   0   1   0   0   0   0   2  12   0   0   0  1.32 0.39
   23 R    -4   8  -3  -5  -6  -2  -2  -5  -3  -3  -5  -1  -1  -6  -5  -4  -4  -6  -5  -4    0  93   0   0   0   0   2   0   0   1   0   0   2   0   0   0   0   0   0   1  2.13 0.53
   24 C    -4  -7  -5   2  11  -6  -6  -6  -6  -5  -5  -6  -5  -6  -6  -4  -4  -6  -6  -4    0   0   0  10  90   0   0   0   0   0   0   0   0   0   0   0   0   0   0   0  3.26 0.64
   25 P     0   0  -1  -1   0   1   1  -2  -1   0  -1   1  -1   1   0   0  -1   3   0   0    7   5   2   0   3   9  13   2   1   4   4  10   1  10   3   8   2   5   2  10  0.08 0.07
   26 L    -1   1  -2  -2  -3  -1  -2  -4  -2   3   2  -1   1   0  -3  -1  -1  -3  -2   2    5  11   1   2   0   3   2   0   1  20  28   2   3   3   0   5   1   0   1  13  0.22 0.12
   27 C    -3  -4  -3   2   7  -3  -3  -4  -4  -4  -4  -4  -4  -5  -4   1   6  -5  -5  -3    0   0   0  11  24   0   0   0   0   0   0   0   0   0   0   8  58   0   0   0  1.33 0.41
   28 G    -3  -5  -3  -4  -5  -5  -5   7  -5  -7  -7  -4  -6  -6  -5  -1  -4  -5  -6  -6    0   0   0   0   0   0   0  96   0   0   0   0   0   0   0   4   0   0   0   0  2.16 0.49
   29 R    -4   8  -3  -5  -7  -2  -3  -5   1  -6  -5   0  -4  -6  -5  -4  -4  -6  -5  -6    0  95   0   0   0   0   0   0   3   0   0   2   0   0   0   0   0   0   0   0  2.26 0.54
   30 P     0  -3  -4  -4  -5  -1  -3  -1  -5  -5  -5  -1  -5  -6   8   0  -1  -6  -5  -4    6   1   0   0   0   2   0   4   0   0   0   3   0   0  72   7   4   0   0   1  1.85 0.43
   31 R    -4   7  -3  -4  -6   0  -2  -4   6  -6  -5   1  -4  -5  -5  -3  -4  -5  -3  -5    0  67   0   0   0   4   0   1  21   0   0   7   0   0   0   0   0   0   0   0  1.66 0.44
   32 G     3  -4  -3  -3  -4  -3  -3   5  -4  -5  -5  -3  -4  -2  -4   2  -3  -5  -4  -4   32   0   0   0   0   0   0  51   0   0   0   0   0   2   0  15   0   0   0   0  1.05 0.32
   33 Y    -3  -4   2  -4  -2  -3  -4  -5   0  -1  -1  -2  -2   3  -5  -3   0  -2   6   4    0   0  10   0   0   0   0   0   2   1   3   2   0  10   0   0   6   0  30  35  0.71 0.28
   34 M    -4  -4  -4  -5  -2  -4  -4  -5  -1   2   2  -2   3   3  -5  -4  -2  -1   7   0    0   0   0   0   1   0   0   0   1  11  19   2   7   9   0   0   1   0  43   5  0.93 0.30
   35 R    -3   7  -1  -4  -3  -1  -2  -3  -2  -6  -5   2  -4  -5  -4   0  -2  -5  -4  -5    1  77   1   0   0   1   2   1   1   0   0   8   0   0   0   6   1   0   0   0  1.54 0.42
   36 K    -2   1   0   3  -5   0   0  -3  -1  -5  -4   6  -4  -2  -1  -2  -2  -5  -2  -4    2   6   4  22   0   3   2   0   1   0   1  54   0   2   2   0   1   0   2   1  0.83 0.30
   37 F    -4  -5  -3  -6  -3  -6  -6  -6  -4  -3  -1  -6  -2   9  -6  -5  -4   2   3  -4    1   0   1   0   1   0   0   0   0   0   3   0   1  82   0   0   1   2   9   0  2.05 0.48
   38 G    -2   2   0   0  -3  -2  -2   6  -2  -6  -5   1  -4  -5  -4  -2  -3  -5  -5  -5    1  11   4   4   0   1   2  64   1   0   0  11   0   0   0   1   0   0   0   0  1.07 0.31
   39 I    -3  -4  -5  -6  -3  -4  -5  -6  -5   3   5  -5   4  -1  -5  -4  -3  -4  -3   1    0   0   0   0   0   0   0   0   0  15  67   0  11   1   0   0   0   0   0   6  1.08 0.32
   40 C     0  -4  -1  -4   8  -3  -4  -1  -4  -5  -5  -4  -4  -5  -4   5  -1  -5  -5  -4    5   0   2   0  34   0   0   4   0   0   0   0   0   0   0  55   1   0   0   0  1.43 0.42
   41 R    -4   8  -3  -5  -7  -2  -3   0  -3  -6  -5  -1  -4  -6  -5  -4  -4  -6  -5  -6    0  93   0   0   0   0   0   7   0   0   0   0   0   0   0   0   0   0   0   0  2.16 0.53
   42 I    -2  -3   2  -3  -4  -2  -3  -4   6   5   0  -3  -1  -1  -4  -3  -2  -4   0   2    2   0  11   0   0   1   0   1  24  37   6   0   1   1   0   1   2   0   3  11  0.68 0.26
   43 C     0   1  -1  -3   6   1  -2  -3  -3   1  -1   2   1  -3  -2  -2  -1  -4  -3   1   10   7   4   0  25   6   1   0   0   9   3  15   5   0   1   1   2   0   0  11  0.40 0.18
   44 F    -2  -5  -5  -6  -4  -5  -5  -5  -4   1   4  -5   0   6  -5  -4  -3  -2  -1   0    3   0   0   0   0   0   0   0   0   7  42   0   1  42   0   0   0   0   0   5  1.05 0.31
   45 R    -4   8  -1  -5  -7  -2  -3  -5  -3  -6  -4   0  -4  -6  -5  -4  -4  -6  -5  -6    0  95   3   0   0   0   0   0   0   0   1   1   0   0   0   0   0   0   0   0  2.24 0.54
   46 N    -3   0  -1   2  -6   1   6  -3   0  -5  -3   2  -4  -4  -3  -2  -3  -5  -3  -4    0   3   2  10   0   5  60   1   2   0   3  11   0   1   0   1   0   0   1   0  0.95 0.31
   47 M    -1  -1  -2  -4  -2  -2  -4  -4   1   1   3  -1   6   0  -4  -3  -2   0   0  -1    6   3   2   0   1   2   0   0   4   7  36   3  29   4   0   0   1   1   3   0  0.57 0.24
   48 A     6  -4  -4  -4  -1  -3  -3   1  -4  -2  -3  -3  -1  -1  -3  -1  -1  -5  -4   0   74   0   0   0   1   0   0  10   0   1   1   0   1   2   0   1   2   0   0   6  0.99 0.35
   49 S    -2  -2   1   0  -4  -2  -2  -3   7  -3   0  -2   3   1  -4   1  -3  -3   2  -3    1   1   7   4   0   0   1   1  36   0  11   2  11   5   0  13   0   0   6   0  0.69 0.27
   50 E     1   3   1  -1  -4   2   2  -2   1  -3  -3   2  -1  -2  -3  -1  -1  -2  -2  -3   16  22   6   1   0   9  15   1   3   1   1  16   2   2   0   2   2   0   1   1  0.36 0.17
   51 G    -2  -5  -2  -4   5  -4  -5   7  -5  -6  -6  -4  -5  -6  -5  -1  -4  -5  -6  -5    1   0   1   0  13   0   0  83   0   0   0   0   0   0   0   3   0   0   0   0  1.82 0.43
   52 L    -1  -1  -1   0  -4   3   3  -4  -1  -2   3   1   0  -1  -2  -1  -2  -4  -1  -2    4   0   2   5   0  15  23   0   1   0  32   9   2   2   1   2   0   0   1   1  0.32 0.18
   53 L    -3  -5  -6  -6  -3  -5  -5  -6  -5   5   4  -5   0  -2  -5  -4  -3  -4  -3   2    1   0   0   0   0   0   0   0   0  41  49   0   1   0   0   0   0   0   0   9  1.04 0.30
   54 P    -3  -5  -5  -4  -6   0  -4  -5  -5  -4  -6  -4  -2  -6   8  -1  -2  -7  -6  -5    1   0   0   0   0   5   0   0   0   1   0   0   1   0  85   5   2   0   0   0  2.41 0.52
   55 G    -3  -5   0  -4  -5  -5  -5   7  -5  -7  -7  -4  -6  -6  -5  -3  -4  -5  -6  -6    0   0   4   0   0   0   0  96   0   0   0   0   0   0   0   0   0   0   0   0  2.15 0.48
   56 V     0  -4  -5  -5   0  -4  -4  -4  -5   3   2  -4   2  -1  -4  -3   0  -4  -3   5    7   0   0   0   2   0   0   1   0  12  17   0   5   1   0   0   4   0   0  51  0.68 0.24
   57 I    -2   3  -2  -3  -3   1  -1  -4  -1   0  -2   3  -1  -3  -3  -1   3  -4  -3   2    0  16   1   0   0   5   1   0   1   4   1  26   1   0   0   2  25   0   0  16  0.43 0.21
   58 K    -3   3  -3  -4  -6  -1  -2  -4  -3  -5  -4   7  -4  -6  -4  -3   0  -6  -5  -5    0  12   0   0   0   0   0   0   0   0   1  82   0   0   0   0   5   0   0   0  1.61 0.45
   59 S     4  -3  -2  -3  -3  -2  -3  -1  -3  -3  -4   0  -3  -5  -3   5  -1  -5  -4  -3   43   0   0   0   0   0   0   4   0   1   0   4   0   0   0  48   1   0   0   0  0.91 0.33
   60 S    -2  -4  -2  -3  -1  -3  -3  -3  -4  -1  -5  -3   0  -5  -4   7   0  -6  -4  -3    0   0   0   0   1   0   0   0   0   3   0   0   3   0   0  89   2   0   0   1  1.47 0.46
   61 W    -6  -7  -8  -8  -6  -6  -7  -6  -6  -6  -5  -7  -5  -3  -8  -7  -6  13  -1  -7    0   0   0   0   0   0   0   0   0   0   0   0   0   0   0   0   0 100   0   0  4.69 0.77

                      K         Lambda
Standard Ungapped    0.1418     0.3312
Standard Gapped      0.0595     0.2670
PSI Ungapped         0.1945     0.3177
PSI Gapped           0.0595     0.2670
