
Last position-specific scoring matrix computed, weighted observed percentages rounded down, information per position, and relative weight of gapless real matches to pseudocounts
            A   R   N   D   C   Q   E   G   H   I   L   K   M   F   P   S   T   W   Y   V   A   R   N   D   C   Q   E   G   H   I   L   K   M   F   P   S   T   W   Y   V
    1 T     0  -2  -1  -2  -1  -2  -2  -3  -3   0  -1  -2  -1  -2  -2   1   5  -3  -2   2    0   0   0   0   0   0   0   0   0   0   0   0   0   0   0   0  71   0   0  29  0.46 0.06
    2 V    -2  -3  -4  -4   2  -3  -4  -4  -3   3   2  -4   0   5  -4  -3  -1  -1   1   2    0   0   0   0   5   0   0   0   0  24  15   0   0  39   0   0   2   0   0  14  0.46 0.09
    3 I    -2  -3  -3  -4  -2  -3  -3  -4  -4   5   1  -3   0  -2  -3  -2   4  -4  -3   1    0   0   0   0   0   0   0   0   0  54   8   0   0   0   0   0  36   0   0   3  0.62 0.17
    4 D    -2  -2   5   5  -4   0   0  -1  -1  -4  -5  -1  -4  -5   0   0  -2  -5  -4  -4    0   0  38  43   0   3   3   4   0   0   0   0   0   0   5   4   0   0   0   0  0.85 0.17
    5 V    -2  -3  -1  -3  -2  -1  -1  -4  -4   4   0  -2   1  -2  -4  -3  -1  -4  -2   5    0   0   3   0   0   3   5   0   0  26   3   3   2   0   0   0   0   0   0  56  0.54 0.16
    6 K    -2   3  -1   0  -4   0   1  -3  -2  -4  -4   5  -3  -4   0   1  -2  -4  -3  -4    0  16   0   4   0   0   5   0   0   0   0  59   0   0   4  13   0   0   0   0  0.74 0.19
    7 C    -3  -6  -5  -6  11  -5  -6  -5  -6  -4  -4  -6  -4  -5  -5  -3  -3  -5  -5  -3    0   0   0   0 100   0   0   0   0   0   0   0   0   0   0   0   0   0   0   0  3.05 0.42
    8 T    -1   2   1  -2  -3  -1  -1  -1  -2  -2  -3   1  -2   0  -2   3   3  -3   1  -2    0  12   5   0   0   0   0   2   0   2   0   7   0   3   0  31  30   0   7   0  0.36 0.14
    9 S     2  -1   1  -1  -2  -1  -2   3   1  -2  -2  -1  -2  -3  -2   2   1  -3  -1  -1   20   3   6   2   0   0   0  23   4   0   1   0   0   0   0  24   7   0   3   7  0.28 0.10
   10 P    -1  -3  -1  -2  -3  -2  -2  -2  -3  -4  -4  -2  -3  -4   5   5   2  -5  -4  -3    0   0   0   0   0   0   0   0   0   0   0   0   0   0  25  63  12   0   0   0  0.95 0.23
   11 K    -1   3   1  -2  -3   1  -1  -1  -1  -4  -4   4  -2  -3   0   2  -1  -3   0  -3    3  14   5   0   0   5   0   4   0   0   0  39   0   0   4  21   0   0   5   0  0.43 0.14
   12 Q    -2  -1  -1   2  -5   6   4  -3  -1  -5  -4   1  -3  -5  -3  -1  -2  -4  -3  -4    0   0   0  12   0  50  31   0   0   0   0   5   0   0   0   2   0   0   0   0  0.96 0.23
   13 C    -3  -6  -5  -6  11  -5  -6  -5  -6  -4  -4  -6  -4  -5  -5  -3  -3  -5  -5  -3    0   0   0   0 100   0   0   0   0   0   0   0   0   0   0   0   0   0   0   0  3.05 0.42
   14 V    -2  -4  -4  -5  -3  -3  -4  -4   0  -1   2  -4  -1   2  -4  -3  -1   9   5   0    3   0   0   0   0   0   0   0   3   2  25   0   0   5   0   1   3  33  21   5  1.02 0.19
   15 P     0   0  -1   1  -3   0   1  -1  -2   0  -2   1  -2  -3   4   1  -1  -4  -3  -1    5   5   0   9   0   3   8   5   0   8   2  12   0   0  26  13   2   0   0   3  0.36 0.08
   16 A     1  -3  -3  -3  -3  -2  -2  -3   2   0  -2  -1   0  -4   6  -1  -1  -5  -3   1   15   0   0   0   0   0   0   0   6   4   0   3   3   0  49   2   2   0   0  15  0.93 0.18
   17 C    -3  -6  -5  -6  11  -5  -6  -5  -6  -4  -4  -6  -4  -5  -5  -3  -3  -5  -5  -3    0   0   0   0 100   0   0   0   0   0   0   0   0   0   0   0   0   0   0   0  3.05 0.42
   18 K    -2   3  -2  -2  -5   1   1  -3  -2  -1  -3   6  -3  -2  -3  -2  -2  -4  -3  -3    0  14   0   0   0   4   8   0   0   5   0  67   0   2   0   0   0   0   0   0  0.84 0.21
   19 A     0   2  -1   2  -4   1   1  -1  -2  -4  -4   4  -3  -4  -2   0  -2  -4  -1  -3   10   8   0  13   0   6   9   4   0   0   0  44   0   0   0   5   0   0   3   0  0.44 0.13
   20 A     2   1  -2  -3  -2   1  -1  -1  -2   1   1   0   1  -2  -2  -1  -1  -3  -2   2   25  10   0   0   0  10   2   3   0   9  19   6   2   0   0   0   0   0   0  16  0.14 0.08
   21 M    -2  -3  -2  -3  -2  -2  -3  -2   1   0  -1  -2   0   4  -3  -1   3  -1   4   1    1   0   0   0   0   0   0   3   4   4   1   0   3  26   0   1  32   0  14   9  0.39 0.13
   22 G    -1  -4   2  -3  -4  -3  -4   7  -3  -5  -5  -3  -4  -5  -4  -2  -1  -4  -5  -5    0   0  10   0   0   0   0  87   0   0   0   0   0   0   0   0   3   0   0   0  1.49 0.25
   23 T    -1   2  -1  -2   5   0  -1  -3   2  -2  -2   2   2  -3  -1   1   2  -3  -1   0    0  14   0   0  14   1   0   0   7   0   0  14   7   0   1  11  22   0   2   6  0.27 0.12
   24 V     2   1  -1   0  -2  -1  -1  -1  -1  -2  -1  -1  -2  -1   2   1   1  -3   0  -1   28  13   2   7   0   0   0   3   1   0   4   0   0   2  11   7  13   0   4   4  0.18 0.07
   25 R     1   2   3  -1  -3   2   0   1   3  -3  -3   0  -2   0  -3   0  -1  -3   0  -3   13  18  18   0   0   9   5  12  10   0   0   2   0   6   0   2   3   0   2   0  0.26 0.09
   26 A     3  -3  -2  -3  -3  -3  -3   6  -3  -4  -4  -3  -4  -4  -3   0  -2  -4  -4  -3   26   0   0   0   0   0   0  68   0   0   0   0   0   0   0   7   0   0   0   0  1.08 0.21
   27 K    -3   2  -2  -3  -5   0  -1  -3  -2  -5  -4   7  -3  -5  -3  -2  -2  -5  -4  -4    0   5   0   0   0   0   0   0   0   0   0  95   0   0   0   0   0   0   0   0  1.44 0.30
   28 C    -3  -6  -5  -6  11  -5  -6  -5  -6  -4  -4  -6  -4  -5  -5  -3  -3  -5  -5  -3    0   0   0   0 100   0   0   0   0   0   0   0   0   0   0   0   0   0   0   0  3.05 0.42
   29 M    -3  -3  -4  -4  -3   2  -3  -5  -3   2   0  -1   9  -2  -4  -3  -1  -4  -3   1    0   0   0   0   0   9   0   0   0  15   0   2  66   0   0   0   3   0   0   5  1.08 0.28
   30 N    -3  -2   8  -1  -5  -2  -2   0  -1  -5  -6  -2  -4  -5  -4  -1  -2  -6  -4  -5    0   0  93   0   0   0   0   7   0   0   0   0   0   0   0   0   0   0   0   0  1.71 0.32
   31 G    -1   2   1  -2  -4  -1  -2   5  -2  -5  -4   3  -3  -4  -3   0  -2  -4  -4  -4    0  12   8   0   0   0   0  51   0   0   0  24   0   0   0   5   0   0   0   0  0.74 0.17
   32 K    -1   2  -2  -2  -4   2  -1  -3   0  -3  -2   6  -2  -4  -3  -1  -1  -4  -3  -2    2  10   0   0   0   9   0   0   3   0   5  65   0   0   0   2   3   0   0   2  0.72 0.19
   33 C    -3  -6  -5  -6  11  -5  -6  -5  -6  -4  -4  -6  -4  -5  -5  -3  -3  -5  -5  -3    0   0   0   0 100   0   0   0   0   0   0   0   0   0   0   0   0   0   0   0  3.05 0.42
   34 K    -2   4   1   1  -4   0  -1  -3   1  -2  -3   4  -2  -3  -3  -1   0  -4   0  -3    0  32   6  10   0   0   0   0   4   2   0  33   0   0   0   0   7   0   5   0  0.51 0.15
   35 C    -3  -6  -5  -6  11  -5  -6  -5  -6  -4  -4  -6  -4  -5  -5  -3  -3  -5  -5  -3    0   0   0   0 100   0   0   0   0   0   0   0   0   0   0   0   0   0   0   0  3.05 0.40
   36 Y    -4  -3  -4  -5  -4  -3  -4  -5   2  -3  -3  -4  -3   3  -5  -3  -3   1   9  -3    0   0   0   0   0   0   0   0   3   0   0   0   0   8   0   0   0   0  88   0  1.83 0.28
   37 I    -1  -3  -3  -4  -1  -3  -3  -4  -4   4   1  -3   1   0  -3  -2  -1  -3  -1   3    0   0   0   0   0   0   0   0   0  61   0   0   0   0   0   0   0   0   0  39  0.35 0.00

                      K         Lambda
Standard Ungapped    0.1333     0.3271
Standard Gapped      0.0511     0.2670
PSI Ungapped         0.1670     0.3180
PSI Gapped           0.0511     0.2670
