
Last position-specific scoring matrix computed, weighted observed percentages rounded down, information per position, and relative weight of gapless real matches to pseudocounts
            A   R   N   D   C   Q   E   G   H   I   L   K   M   F   P   S   T   W   Y   V   A   R   N   D   C   Q   E   G   H   I   L   K   M   F   P   S   T   W   Y   V
    1 F    -2  -3  -4  -4  -2  -3  -3  -4  -3   3   3  -3   1   3  -3  -3  -1  -1   0   2    0   0   0   0   0   0   0   0   0  48  33   0   0  19   0   0   0   0   0   0  0.33 0.01
    2 F    -2  -3  -3  -4  -2  -3  -3  -4  -2   2   1  -3   0   6  -4  -3  -2   0   2   0    0   0   0   0   0   0   0   0   0  21   7   0   0  72   0   0   0   0   0   0  0.53 0.02
    3 E    -1   0   0   2  -4   2   5  -2   0  -4  -3   1  -2  -4  -1   0  -1  -3  -2  -3    0   0   0   0   0   0 100   0   0   0   0   0   0   0   0   0   0   0   0   0  0.78 0.02
    4 C    -1  -4  -3  -4  10  -3  -4  -3  -3  -1  -2  -3  -2  -3  -3  -1  -1  -3  -3  -1    0   0   0   0 100   0   0   0   0   0   0   0   0   0   0   0   0   0   0   0  1.34 0.03
    5 T     0  -2  -1  -2  -1  -1  -1  -2  -2   0   0  -1   0   2  -2   2   2  -2   0   2    0   0   0   0   0   0   0   0   0   0   0   0   0  21   0  33  16   0   0  29  0.15 0.01
    6 F    -2  -3  -3  -4  -2  -3  -3  -4  -2   1   2  -3   1   5  -4  -3  -2   0   2   1    0   0   0   0   0   0   0   0   0   0  23   0   0  63   0   0   0   0   0  14  0.47 0.01
    7 E     1   0   0   0  -2   0   2  -1  -1  -3  -3   1  -2  -3  -1   4   1  -3  -2  -2    0   0   0   0   0   0  16   0   0   0   0  10   0   0   0  73   0   0   0   0  0.38 0.02
    8 C    -1  -4  -3  -4  10  -3  -4  -3  -3  -1  -2  -3  -2  -3  -3  -1  -1  -3  -3  -1    0   0   0   0 100   0   0   0   0   0   0   0   0   0   0   0   0   0   0   0  1.34 0.03
    9 D    -2  -1   1   5  -4   1   4  -2  -1  -3  -4   0  -3  -4  -2   0  -1  -4  -3  -3    0   0   0  64   0   0  36   0   0   0   0   0   0   0   0   0   0   0   0   0  0.76 0.02
   10 I    -2  -3  -4  -3  -1  -3  -4  -4  -4   5   2  -3   1   0  -3  -3  -1  -3  -2   3    0   0   0   0   0   0   0   0   0 100   0   0   0   0   0   0   0   0   0   0  0.44 0.02
   11 K    -1   1   0   0  -4   2   4  -2   0  -3  -3   3  -2  -3  -1   0  -1  -3  -2  -3    0   0   0   0   0  10  43   0   0   0   0  47   0   0   0   0   0   0   0   0  0.50 0.01
   12 K    -1   2   0  -1  -3   1   1  -2   0  -3  -3   5  -2  -2  -1   0  -1  -2   1  -2    0   0   0   0   0   0   0   0   0   0   0  90   0   0   0   0   0   0  10   0  0.46 0.02
   13 E    -1  -1   4   3  -4   1   4  -1   0  -3  -3   0  -2  -3  -2   0  -1  -4  -2  -3    0   0  35  21   0   0  43   0   0   0   0   0   0   0   0   0   0   0   0   0  0.56 0.01
   14 G     0  -3  -1  -2  -3  -2  -2   6  -2  -4  -4  -2  -3  -3  -2   0  -2  -3  -3  -3    0   0   0   0   0   0   0 100   0   0   0   0   0   0   0   0   0   0   0   0  1.08 0.02
   15 K    -1   2   0  -1  -3   1   1  -1  -1  -2  -2   5  -1  -3  -1   0  -1  -3  -2  -2    1   1   1   1   0   1   1   1   0   1   1  87   0   1   1   1   1   0   0   1  0.43 0.02
   16 P     0  -1   1  -1  -2  -1  -1  -1  -1  -2  -2  -1  -2  -3   6   1   0  -3  -2  -2    1   1  11   1   0   1   1   1   0   1   1   1   0   1  55  22   1   0   0   1  0.91 0.01
   17 C    -1  -1  -2  -2   8  -1  -2  -2  -2  -1  -1   1  -1  -2  -2  -1  -1  -2  -2  -1    1   1   1   1  65   1   1   1   0   1   1  22   0   1   1   1   1   0   0   1  0.65 0.02
   18 K    -1   2   0   0  -3   1   2  -1  -1  -2  -2   4  -1  -3  -1   0  -1  -3  -2  -2    1   1   1   1   0   1  22   1   0   1   1  65   0   1   1   1   1   0   0   1  0.38 0.01
   19 P     0  -2  -1  -1  -2  -1  -1   4  -2  -3  -3  -1  -2  -3   5   0  -1  -2  -3  -2    1   1   1   1   0   1   1  52   0   1   1   1   0   1  36   1   1   0   0   1  0.79 0.01
   20 K     0   2   0  -1  -2   1   0  -1  -1  -2  -2   4  -1  -3  -1   1   0  -2  -2  -2    8   1   1   1   0   1   1   1   0   1   1  68   0   1   1  13   1   0   0   1  0.32 0.01
   21 G     0  -2  -1  -1  -2  -1  -2   5  -2  -3  -3  -1  -2  -3   4   0  -1  -2  -3  -3    1   1   1   1   0   1   1  65   0   1   1   1   0   1  22   1   1   0   0   1  0.72 0.01
   22 C     0  -1  -1  -1   6  -1  -1  -1  -1  -1  -1  -1  -1  -1   0   0   0  -1  -1   0    5   3   3   3  39   3   4   5   1   3   6   4   1   2   3   4   4   1   2   4  0.25 0.00
   23 K     0   1   0   0  -1   1   0   0   0  -1  -1   3  -1  -1   0   0   0  -1  -1  -1    5   3   3   3   1   3   4   5   1   3   6  41   1   2   3   4   4   1   2   4  0.11 0.00
   24 C     0  -1   0   0   4   0   0   0  -1  -1  -1   0  -1  -1   3   0   0  -1  -1   0    6   4   3   4  18   3   5   5   2   4   7   4   2   3  14   5   4   1   2   5  0.14 0.00
   25 K     0   0   0   1  -1   0   0  -1   0  -1  -1   2  -1  -1   3   0   0  -1  -1  -1    5   3   3  12   1   3   4   5   1   3   6  22   1   2  14   4   4   1   2   4  0.14 0.00
   26 D     0   0   0   2  -1   0   0   1  -1  -1  -1   1  -1  -1   0   0   0  -1  -1  -1    5   3   3  20   1   3   4  15   1   3   6  14   1   2   3   4   4   1   2   4  0.09 0.00
   27 K     0   0   2   2  -1   0   0   1   0  -2  -1   1  -1  -2   0   0   0  -1  -1  -1    4   2  16  13   1   2   3  14   1   2   4  19   1   2   3   3   3   1   2   3  0.12 0.00
   28 D    -1   0   0   3  -2   0   1  -1  -1  -1  -1   2  -1  -2   0   0   0  -1  -1  -1    4   2   2  30   1   2   3   4   1   2   4  28   1   2   3   3   3   1   2   3  0.18 0.00
   29 N    -1   0   2   3  -2   0   1  -1   0  -2  -2   1  -1  -2   0   0   0  -1  -1  -1    4   2  18  27   1   2   3   4   1   2   4  14   1   2   3   3   3   1   2   3  0.18 0.00
   30 K     0   1   1   0   4   0   0  -1   0  -1  -1   2  -1  -1   0   0   0  -1  -1  -1    4   2  13   3  15   2   3   4   1   2   4  30   1   2   3   3   3   1   2   3  0.12 0.00
   31 D    -1   0   0   3  -2   0   1  -1  -1  -1  -1   2  -1  -2   0   0   0  -1  -1  -1    4   2   2  29   1   2   3   4   1   2   4  28   1   2   3   3   3   1   2   3  0.18 0.00
   32 H    -1   0   0   2  -3   1   4  -2   3  -3  -3   2  -2  -3  -1   0  -1  -3  -1  -2    1   1   0  11   0   0  49   1  16   1   1  15   0   0   1   1   1   0   0   1  0.41 0.01
   33 K    -1   2   1  -1  -3   1   1  -2  -1  -3  -3   5  -2  -3  -1   0  -1  -3  -2  -3    0   0  10   0   0   0   0   0   0   0   0  90   0   0   0   0   0   0   0   0  0.50 0.02
   34 K    -1   2   0  -1  -3   1   1  -2  -1  -3  -3   5  -2  -3  -1   0  -1  -3  -2  -3    0   0   0   0   0   0   0   0   0   0   0 100   0   0   0   0   0   0   0   0  0.57 0.02
   35 C    -1  -4  -3  -4  10  -3  -4  -3  -3  -1  -2  -3  -2  -3  -3  -1  -1  -3  -3  -1    0   0   0   0 100   0   0   0   0   0   0   0   0   0   0   0   0   0   0   0  1.34 0.03
   36 S     1   2   0  -1  -1   0   0  -1  -1  -2  -2   0  -2  -3  -1   4   2  -3  -2  -2    0  14   0   0   0   0   0   0   0   0   0   0   0   0   0  73  13   0   0   0  0.37 0.02
   37 G     0  -3  -1  -2  -3  -2  -2   6  -2  -4  -4  -2  -3  -3  -2   0  -2  -3  -3  -3    0   0   0   0   0   0   0 100   0   0   0   0   0   0   0   0   0   0   0   0  1.08 0.02
   38 G     0  -3  -1  -2  -3  -2  -2   6  -2  -4  -4  -2  -3  -3  -2   0  -2  -3  -3  -3    0   0   0   0   0   0   0 100   0   0   0   0   0   0   0   0   0   0   0   0  1.08 0.02
   39 W    -3  -3  -4  -5  -3  -2  -3  -3  -3  -3  -2  -3  -2   1  -4  -3  -3  12   2  -3    0   0   0   0   0   0   0   0   0   0   0   0   0   0   0   0   0 100   0   0  2.46 0.04
   40 R    -1   6   0  -2  -4   1   0  -2   0  -3  -2   3  -2  -3  -2  -1  -1  -3  -2  -3    0  79   0   0   0   0   0   0   0   0   0  21   0   0   0   0   0   0   0   0  0.69 0.02
   41 C    -1  -4  -3  -4  10  -3  -4  -3  -3  -1  -2  -3  -2  -3  -3  -1  -1  -3  -3  -1    0   0   0   0 100   0   0   0   0   0   0   0   0   0   0   0   0   0   0   0  1.34 0.03
   42 K    -1   3   0  -1  -3   1   1  -2  -1  -3  -3   5  -2  -3  -1   0  -1  -3  -2  -3    0  10   0   0   0   0   0   0   0   0   0  90   0   0   0   0   0   0   0   0  0.55 0.02
   43 L    -2  -3  -3  -4  -2  -2  -3  -4  -2   3   2  -3   3   3  -3  -2  -1  -1   0   1    0   0   0   0   0   0   0   0   0  40  16   0  19  25   0   0   0   0   0   0  0.30 0.01
   44 K    -1   1   4   0  -3   1   0  -1   0  -3  -3   4  -2  -3  -2   0  -1  -4  -2  -3    0   0  39   0   0   0   0   0   0   0   0  61   0   0   0   0   0   0   0   0  0.46 0.02
   45 L    -2  -2  -3  -4  -2  -2  -3  -3  -2   1   3  -2   4   3  -3  -2  -1  -1   1   0    0   0   0   0   0   0   0   0   0   0  40   0  36  25   0   0   0   0   0   0  0.34 0.01
   46 C    -1  -4  -3  -4  10  -3  -4  -3  -3  -1  -2  -3  -2  -3  -3  -1  -1  -3  -3  -1    0   0   0   0 100   0   0   0   0   0   0   0   0   0   0   0   0   0   0   0  1.34 0.03
   47 L    -1  -2  -4  -4  -1  -2  -3  -4  -3   2   4  -3   2   0  -3  -2  -1  -2  -1   2    0   0   0   0   0   0   0   0   0   0  73   0   0   0   0   0   0   0   0  27  0.38 0.01
   48 K    -1   2   0  -1  -3   1   1  -2  -1  -3  -3   5  -2  -3  -1   0  -1  -3  -2  -3    0   0   0   0   0   0   0   0   0   0   0 100   0   0   0   0   0   0   0   0  0.57 0.02
   49 F    -1  -3  -3  -4  -2  -3  -3  -4  -3   3   1  -3   1   3  -3  -2  -1  -1   1   3    0   0   0   0   0   0   0   0   0  45   0   0   0  29   0   0   0   0   0  27  0.32 0.01

                      K         Lambda
Standard Ungapped    0.1447     0.3253
Standard Gapped      0.0377     0.2670
PSI Ungapped         0.1233     0.3221
PSI Gapped           0.0377     0.2670
