
Last position-specific scoring matrix computed, weighted observed percentages rounded down, information per position, and relative weight of gapless real matches to pseudocounts
            A   R   N   D   C   Q   E   G   H   I   L   K   M   F   P   S   T   W   Y   V   A   R   N   D   C   Q   E   G   H   I   L   K   M   F   P   S   T   W   Y   V
    1 I    -2  -3  -4  -4  -2  -3  -3  -4  -3   3   3  -3   2   2  -3  -3  -1  -2   0   2    0   0   0   0   0   0   0   0   0  44  45   0   0  11   0   0   0   0   0   0  0.34 0.01
    2 L    -2  -3  -4  -4  -3  -3  -4  -4  -2   1   1  -3   0   6  -4  -3  -2   0   3   0    0   0   0   0   0   0   0   0   0   8  12   0   0  80   0   0   0   0   0   0  0.63 0.02
    3 E    -1   0   0   1  -4   2   5  -2   0  -3  -3   1  -2  -4  -1   0   0  -3  -2  -3    0   0   0   0   0   0  90   0   0   0   0   0   0   0   0   0  10   0   0   0  0.69 0.02
    4 C    -1  -4  -3  -4  10  -3  -4  -3  -4  -2  -2  -4  -2  -3  -3  -1  -1  -3  -3  -1    0   0   0   0 100   0   0   0   0   0   0   0   0   0   0   0   0   0   0   0  1.40 0.04
    5 V     1  -2  -1  -2  -1  -1  -1  -1  -2   1  -1  -1   0   0  -2   2   1  -3  -1   2   10   0   0   0   0   0   0   0   0   0   0   0   0   8   0  40   8   0   0  34  0.15 0.01
    6 F    -2  -3  -4  -4  -2  -3  -3  -4  -2   2   2  -3   1   5  -3  -3  -1   0   2   2    0   0   0   0   0   0   0   0   0  10  23   0   0  45   0   0   0   0   0  22  0.36 0.01
    7 S     1   0   0   0  -1   0   1  -1  -1  -3  -3   1  -2  -3  -1   4   1  -3  -2  -2    0   0   0   0   0   0   8   0   0   0   0  11   0   0   0  81   0   0   0   0  0.41 0.02
    8 C    -1  -4  -3  -4  10  -3  -4  -3  -4  -2  -2  -4  -2  -3  -3  -1  -1  -3  -3  -1    0   0   0   0 100   0   0   0   0   0   0   0   0   0   0   0   0   0   0   0  1.40 0.04
    9 D    -2  -1   1   6  -4   0   3  -2  -1  -4  -4   0  -3  -4  -2   0  -1  -4  -3  -3    0   0   0  70   0   0  30   0   0   0   0   0   0   0   0   0   0   0   0   0  0.80 0.02
   10 I    -2  -4  -4  -4  -2  -3  -4  -4  -4   5   2  -3   1   0  -3  -3  -1  -3  -2   3    0   0   0   0   0   0   0   0   0 100   0   0   0   0   0   0   0   0   0   0  0.46 0.02
   11 K    -1   1   0   0  -4   3   4  -2   0  -3  -3   4  -2  -4  -1   0  -1  -3  -2  -3    0   0   0   0   0  11  36   0   0   0   0  53   0   0   0   0   0   0   0   0  0.50 0.02
   12 K    -1   2  -1  -1  -3   1   0  -2  -1  -2  -2   5  -1  -2  -2  -1  -1  -2   2  -1    0   0   0   0   0   0   0   0   0   0   0  79   0   0   0   0   0   0  11  10  0.36 0.02
   13 E    -1   0   4   1  -4   1   4  -2   0  -4  -4   0  -2  -4  -2   0  -1  -4  -2  -3    0   0  44   0   0   0  56   0   0   0   0   0   0   0   0   0   0   0   0   0  0.58 0.02
   14 G     0  -3  -1  -2  -3  -2  -3   6  -2  -4  -4  -2  -3  -4  -3   0  -2  -3  -4  -4    0   0   0   0   0   0   0 100   0   0   0   0   0   0   0   0   0   0   0   0  1.11 0.02
   15 K    -1   2   2  -1  -3   1   1  -2  -1  -3  -3   5  -2  -4  -1   0  -1  -4  -2  -3    0   0  12   0   0   0   0   0   0   0   0  88   0   0   0   0   0   0   0   0  0.51 0.02
   16 P    -1  -2   1   1  -3  -1  -1  -2  -2  -3  -3  -1  -2  -3   7  -1  -1  -3  -3  -2    1   1  12  10   0   1   1   1   0   1   1   1   0   0  67   1   1   0   0   1  1.21 0.02
   17 C    -1  -3  -3  -3  10  -3  -3  -2  -3  -1  -1  -3  -2  -2  -3  -1  -1  -2  -2  -1    1   1   1   1  88   1   1   1   0   1   1   1   0   0   1   1   1   0   0   1  1.10 0.03
   18 K    -1   2   0  -1  -4   1   1  -2  -1  -3  -3   5  -2  -4  -1   0  -1  -3  -2  -3    0   0   0   0   0   0   0   0   0   0   0 100   0   0   0   0   0   0   0   0  0.59 0.03
   19 P    -1  -2  -1   1  -3  -1  -1   4  -2  -3  -3  -1  -3  -3   5  -1  -1  -3  -3  -3    1   1   0  13   0   0   1  39   0   1   1   1   0   0  40   1   1   0   0   1  0.78 0.01
   20 K     0   1   0  -1   4   0   0  -1  -1  -2  -2   3  -1  -3  -1   2   0  -3  -2  -2    7   1   0   1  13   0   1   1   0   1   1  51   0   0   1  22   1   0   0   1  0.26 0.01
   21 G     0  -1   0  -1  -3  -1  -2   6  -2  -3  -3   1  -2  -3  -2   0  -1  -3  -3  -3    1   1   0   1   0   0   1  78   0   1   1  13   0   0   1   1   1   0   0   1  0.73 0.01
   22 E    -1   0   0   2  -4   2   5  -2   2  -4  -3   2  -2  -3  -1   0  -1  -3  -2  -3    0   0   0   8   0   0  62   0   8   0   0  22   0   0   0   0   0   0   0   0  0.54 0.02
   23 K    -1   2   2  -1  -3   1   1  -2  -1  -3  -3   5  -2  -4  -1   0  -1  -4  -2  -3    0   0  11   0   0   0   0   0   0   0   0  89   0   0   0   0   0   0   0   0  0.52 0.02
   24 K    -1   2   0  -1  -4   1   1  -2  -1  -3  -3   5  -2  -4  -1   0  -1  -3  -2  -3    0   0   0   0   0   0   0   0   0   0   0 100   0   0   0   0   0   0   0   0  0.59 0.03
   25 C    -1  -4  -3  -4  10  -3  -4  -3  -4  -2  -2  -4  -2  -3  -3  -1  -1  -3  -3  -1    0   0   0   0 100   0   0   0   0   0   0   0   0   0   0   0   0   0   0   0  1.40 0.04
   26 T     1   1   0  -1  -1   0   0  -1  -1  -2  -3   1  -2  -3  -1   3   2  -3  -2  -2    0  10   0   0   0   0   0   0   0   0   0  12   0   0   0  60  18   0   0   0  0.34 0.01
   27 G     0  -3  -1  -2  -3  -2  -3   6  -2  -4  -4  -2  -3  -4  -3   0  -2  -3  -4  -4    0   0   0   0   0   0   0 100   0   0   0   0   0   0   0   0   0   0   0   0  1.11 0.02
   28 G     0  -3  -1  -2  -3  -2  -3   6  -2  -4  -4  -2  -3  -4  -3   0  -2  -3  -4  -4    0   0   0   0   0   0   0 100   0   0   0   0   0   0   0   0   0   0   0   0  1.11 0.02
   29 W    -3  -3  -4  -5  -3  -2  -3  -3  -3  -3  -2  -4  -2   1  -4  -3  -3  12   2  -3    0   0   0   0   0   0   0   0   0   0   0   0   0   0   0   0   0 100   0   0  2.53 0.05
   30 R    -1   5   0  -1  -3   1   2  -2   0  -3  -3   3  -2  -3  -2   0  -1  -3  -2  -3    0  62   0   0   0   0  12   0   0   0   0  16   0   0   0  10   0   0   0   0  0.53 0.02
   31 C    -1  -4  -3  -4  10  -3  -4  -3  -4  -2  -2  -4  -2  -3  -3  -1  -1  -3  -3  -1    0   0   0   0 100   0   0   0   0   0   0   0   0   0   0   0   0   0   0   0  1.40 0.04
   32 K    -1   3   0  -1  -4   1   1  -2  -1  -3  -3   5  -2  -4  -1   0  -1  -3  -2  -3    0  11   0   0   0   0   0   0   0   0   0  89   0   0   0   0   0   0   0   0  0.57 0.02
   33 I    -2  -3  -3  -4  -2  -3  -3  -4  -2   2   2  -3   3   5  -4  -3  -2  -1   1   1    0   0   0   0   0   0   0   0   0  31   8   0  18  43   0   0   0   0   0   0  0.36 0.01
   34 K    -1   1   5   1  -3   1   0  -1   0  -3  -3   3  -2  -4  -2   0   0  -4  -2  -3    0   0  56   0   0   0   0   0   0   0   0  44   0   0   0   0   0   0   0   0  0.50 0.02
   35 L    -2  -2  -3  -4  -2  -2  -3  -4  -2   1   3  -3   4   3  -3  -2  -1  -1   0   1    0   0   0   0   0   0   0   0   0   0  37   0  30  24   0   0   0   0   0  10  0.32 0.01
   36 C    -1  -4  -3  -4  10  -3  -4  -3  -4  -2  -2  -4  -2  -3  -3  -1  -1  -3  -3  -1    0   0   0   0 100   0   0   0   0   0   0   0   0   0   0   0   0   0   0   0  1.40 0.04
   37 L    -1  -3  -4  -4  -1  -3  -3  -4  -3   2   3  -3   2   0  -3  -2  -1  -2  -1   3    0   0   0   0   0   0   0   0   0   0  56   0   0   0   0   0   0   0   0  44  0.35 0.01
   38 K    -1   2   0  -1  -4   1   1  -2  -1  -3  -3   5  -2  -4  -1   0  -1  -3  -2  -3    0   0   0   0   0   0   0   0   0   0   0 100   0   0   0   0   0   0   0   0  0.59 0.03
   39 I    -1  -3  -3  -4  -1  -3  -3  -4  -3   3   1  -3   1   3  -3  -2  -1  -2   0   3    0   0   0   0   0   0   0   0   0  37   0   0   0  20   0   0   0   0   0  43  0.31 0.01

                      K         Lambda
Standard Ungapped    0.1458     0.3251
Standard Gapped      0.0455     0.2670
PSI Ungapped         0.1488     0.3182
PSI Gapped           0.0455     0.2670
