
Last position-specific scoring matrix computed, weighted observed percentages rounded down, information per position, and relative weight of gapless real matches to pseudocounts
            A   R   N   D   C   Q   E   G   H   I   L   K   M   F   P   S   T   W   Y   V   A   R   N   D   C   Q   E   G   H   I   L   K   M   F   P   S   T   W   Y   V
    1 M    -3  -5  -5  -6  -4  -4  -5  -6  -5   2   0  -4   9  -3  -5  -4  -3  -5  -4   4    0   0   0   0   0   0   0   0   0  10   3   0  60   0   0   0   0   0   0  27  1.63 0.52
    2 R    -3   8  -4  -5  -7  -1  -3  -4  -4  -6  -3   1  -5  -6  -5  -2  -4  -6  -5  -4    2  85   0   0   0   1   0   1   0   0   2   6   0   0   0   2   0   0   0   1  2.02 0.68
    3 D    -2  -2  -2   1  -3  -1   2  -3  -4   3  -1   0  -1  -3   1  -2  -1  -5  -3   3    1   1   1   8   0   2  15   2   0  24   2   6   1   0   6   1   2   0   0  27  0.36 0.25
    4 K    -2   0   1  -3  -2   2  -2  -1   1   2  -1   4  -2  -4  -3  -2   1  -5  -3   0    2   2   6   0   1   8   0   4   3  15   5  36   0   0   1   1   9   0   0   7  0.38 0.27
    5 I    -2  -3  -6  -6  -4  -5  -6  -6  -6   6  -1  -5  -2  -1  -6  -5  -2  -6  -4   5    2   2   0   0   0   0   0   0   0  54   2   0   0   2   0   0   1   0   0  37  1.38 0.51
    6 K    -1   1  -1  -3  -4  -1  -2  -2   0   2  -2   3  -2  -2  -2   0   4  -4  -2  -1    4   9   2   0   0   2   0   3   2  18   1  20   0   2   2   4  29   0   1   2  0.38 0.28
    7 L    -5  -5  -7  -7  -5  -5  -6  -7  -6   0   6  -6   3  -1  -6  -6  -4  -5  -4  -1    0   0   0   0   0   0   0   0   0   2  88   0   7   2   0   0   0   0   0   2  1.66 0.61
    8 E     1  -1  -1  -2  -4   0   4  -1  -3  -1  -2   1   1  -2  -3  -1  -2  -5  -4   2   15   3   2   0   0   3  38   5   0   2   2   7   3   1   0   2   2   0   0  15  0.43 0.30
    9 S    -4  -6  -1  -5  10  -5  -2  -5   1  -5  -6  -5  -5  -6  -6   3  -4  -6  -6  -5    0   0   3   0  63   0   3   0   4   0   0   0   0   0   0  26   0   0   0   0  2.39 0.81
   10 S    -1  -2   0   0  -4  -1   0  -2  -4  -2  -4   0  -4  -3  -4   3   5  -5  -4  -2    2   1   3   4   0   3   7   2   0   2   0   6   0   1   0  21  47   0   0   2  0.74 0.43
   11 A     3  -2   0   0   0   0   4  -2  -1  -2  -4  -1  -3  -5  -3   0  -1  -5  -4  -1   28   1   5   4   2   2  36   2   1   2   1   2   0   0   0   7   2   0   0   4  0.55 0.35
   12 G    -1  -5  -1  -1   9  -4  -2   3  -2  -4  -5  -3  -4  -5  -5  -1   1  -5  -5  -1    4   0   3   4  48   0   3  19   1   0   0   2   0   0   0   5   7   0   0   4  1.38 0.53
   13 T    -2   0  -1  -2  -1  -1  -2   2   1  -2  -3   3  -3  -5  -2   0   4  -5  -4  -1    2   5   2   2   1   1   1  18   3   1   2  18   0   0   1   6  32   0   0   3  0.45 0.34
   14 G    -1   1   1   1  -4   1   0   4   0  -3  -3   0  -1  -4  -2   2  -1  -4  -4  -2    4   8   6   7   0   8   7  30   2   2   2   3   2   0   1  15   2   0   0   3  0.34 0.25
   15 H    -2   5   1  -3  -4   0  -1  -4   3  -2  -2   0  -1   2  -4  -1  -2  -3   4  -1    2  32   6   0   0   2   4   0   7   2   2   4   2  11   0   3   2   0  15   6  0.50 0.31
   16 F    -3   1   5  -1   1  -1  -3  -3   0  -2  -2  -2   1   4  -4  -1   0  -3   2  -2    0   9  28   2   3   3   0   0   2   2   2   0   5  22   0   5   5   0   8   2  0.51 0.32
   17 Y    -5  -5  -5  -6   4  -5  -5  -6   3  -5  -1   0  -4   2  -6  -5  -5   5   8  -5    0   0   0   0   7   0   0   0   7   0   7   7   0   8   0   0   0   7  56   0  1.77 0.58
   18 T    -1  -1   1  -1  -3  -3  -3  -2   1   2  -1  -1   1   0  -4  -1   2   2   0   3    3   3   8   3   0   0   0   3   3  12   4   3   3   3   0   4  15   3   3  26  0.21 0.17
   19 T    -2  -2  -3  -4  -4  -3  -4  -5  -2  -1  -2  -1   0  -3  -4   0   7  -5  -2   0    1   1   0   0   0   0   0   0   1   4   2   4   2   1   0   5  70   0   1   7  1.18 0.51
   20 T    -1   1   1   0  -2   2   0  -2  -2  -2  -3   2   0  -3  -1   1   4  -3  -2  -2    3   7   5   4   1  11   4   1   0   1   0  18   3   1   3   9  28   0   1   1  0.35 0.23
   21 K    -2   3  -3  -4  -6  -2  -2  -5  -4  -4  -4   7  -4  -6  -4  -2  -3  -1  -5  -3    2  13   0   0   0   0   1   0   0   1   1  76   0   0   0   1   1   1   0   2  1.54 0.57
   22 N    -3  -3   8  -1  -5  -1  -1  -2  -2  -5  -6  -3  -5  -5  -2   1  -3  -6  -5  -5    1   0  74   2   0   3   2   2   0   0   0   0   0   0   2  12   0   0   0   0  1.66 0.56
   23 K    -1   5  -2  -3  -5  -1  -1  -2  -3  -3  -3   5  -2  -5   2   0  -2  -5  -4  -3    4  33   1   1   0   1   1   2   0   1   2  38   1   0   8   6   1   0   0   1  0.84 0.36
   24 R    -1   5  -1  -3  -4   1  -1  -2   2  -4  -3   4  -2  -4  -3  -1  -1  -4  -2  -3    4  40   1   0   0   4   2   2   6   0   3  27   1   0   1   3   2   0   1   1  0.76 0.31
   25 T    -1  -1   6  -1  -4  -1  -2  -2  -1  -4  -2   1  -3  -5  -1   0   3  -5  -4  -3    4   3  50   2   0   1   1   1   1   0   4   8   0   0   2   6  17   0   0   1  0.84 0.37
   26 M    -1   0   2   1  -3   1  -1  -3   3  -2   0   1   2  -3  -3  -1   3  -4  -2  -1    2   3   9   9   0   6   1   1   9   1   9   8   7   0   0   2  28   0   0   3  0.29 0.22
   27 P    -1  -1  -3  -3  -4   0  -1  -2  -4  -3  -4  -1  -4  -2   7  -1   3  -1  -4  -3    4   3   1   0   0   4   3   3   0   1   1   2   0   2  49   3  21   1   0   1  1.12 0.40
   28 E    -2  -2   2   4  -5   0   5   0  -2  -3  -4   0  -4  -5  -2   0   0  -5  -4  -4    2   1   9  22   0   2  38   7   0   2   1   4   0   0   2   5   7   0   0   0  0.65 0.30
   29 K    -4   7  -3  -4  -6  -1  -3  -5  -3  -6  -5   5  -4  -6  -2  -4  -4  -6  -5  -6    0  57   0   0   0   2   0   0   0   0   0  40   0   0   1   0   0   0   0   0  1.73 0.59
   30 M    -4  -5  -6  -6  -4  -5  -5  -6  -5   2   5  -5   5  -1  -5  -4  -4  -4  -2   0    0   0   0   0   0   0   0   0   0  12  68   0  13   2   0   1   0   0   1   4  1.21 0.45
   31 E    -1  -2  -3  -1  -5   0   6  -5  -3  -3  -4  -1  -2  -5  -4   1   1  -6  -5  -1    4   2   0   1   0   2  65   0   0   2   1   2   1   0   0   8   8   0   0   6  1.06 0.47
   32 I    -2  -4  -5  -5  -3  -3  -5  -5  -5   2   5  -2   3   2  -5  -4  -2  -4  -2   2    2   0   0   0   0   0   0   0   0  10  56   3   6  10   0   0   1   0   0  12  0.80 0.33
   33 K    -3   3   3  -3  -5   0  -2  -4  -3  -2  -2   6   1  -5  -3  -1  -2  -5  -4  -4    1  17  13   0   0   2   1   0   0   2   3  51   5   0   1   3   2   0   0   0  0.90 0.41
   34 K    -4   0  -4  -4  -7  -2  -3  -5   0  -6  -6   8  -1  -7  -5  -4  -4  -7  -5  -6    0   2   0   0   0   0   0   0   2   0   0  94   1   0   0   0   0   0   0   0  2.17 0.72
   35 F    -5  -6  -6  -7  -6  -5  -6  -7   0  -4  -4  -6  -4   7  -7  -5  -5  -2   8  -4    0   0   0   0   0   0   0   0   2   0   0   0   0  47   0   0   0   0  51   0  2.30 0.68
   36 D    -4  -6   0   5  10  -5  -4  -5  -5  -5  -5  -5  -5  -6  -6  -2  -4  -6  -6  -5    0   0   5  29  63   0   0   0   0   0   0   0   0   0   0   3   0   0   0   0  2.43 0.71
   37 P    -3   1  -3  -4  -4  -2  -3  -5  -2  -6  -6   3  -5  -4   7   0  -3  -6  -5  -5    1   7   1   0   0   1   0   0   1   0   0  16   0   1  64   7   1   0   0   0  1.76 0.57
   38 V    -2   2   0  -3  -3  -1  -2  -4   4   0  -2   2  -1   1  -4  -2   0   0   3   2    2  13   5   0   0   1   0   0  11   4   1  15   1   7   0   1   5   1  12  20  0.32 0.22
   39 A     0  -6  -5  -2   9  -5  -2  -5  -6   0   0  -4  -2  -4  -5  -3  -3  -5  -5   2    7   0   0   2  54   0   3   0   0   5  11   0   0   0   0   1   1   0   0  15  1.55 0.51
   40 R    -3   5   4  -3  -3   0  -2   1   1  -5  -4   2  -4  -4  -4  -1  -3  -5   1  -4    0  34  25   0   1   3   0  11   3   0   1  13   0   0   0   2   0   0   5   0  0.78 0.36
   41 K    -1   2  -3  -3  -5   2  -1  -3  -2  -4  -5   7  -2  -6  -4  -1  -1  -6  -4  -4    4  10   0   0   0   7   2   2   1   1   0  66   1   0   0   4   3   0   0   1  1.16 0.47
   42 H    -4   0  -3  -5  -6  -1  -3  -5  10  -5  -5   0   0  -4  -4  -2  -4  -5   2  -1    1   5   0   0   0   2   0   0  71   0   0   5   3   0   0   3   1   0   5   5  2.09 0.66
   43 V    -2  -3  -4  -4  -1  -2  -3  -5  -5  -2  -3  -2  -1  -5  -4  -2   6  -5  -4   4    1   1   0   0   1   2   1   0   0   1   0   2   1   0   0   1  60   0   0  30  1.20 0.52
   44 L    -1  -3  -3  -1  -3  -2   0  -4  -4   3   3  -2   1  -1  -2  -3  -1  -1  -3   2    4   0   0   3   0   2   7   0   0  22  37   3   3   1   1   1   4   1   0  13  0.39 0.22
   45 Y    -5  -4  -4  -5  -2  -4  -4  -6  10  -6  -5  -5  -5   5  -6  -5  -5  -4   4  -6    0   0   0   0   1   0   0   0  66   0   0   0   0  22   0   0   0   0  10   0  2.44 0.72
   46 K    -2   4  -1  -3  -5   0  -1  -1  -2  -3  -3   5  -3  -4  -4  -2  -1  -5  -4  -1    2  25   1   1   0   3   2   5   0   1   2  49   0   1   0   1   3   0   0   5  0.85 0.37
   47 E    -4  -4  -4  -2  -7   0   8  -6  -4  -7  -7  -3  -6  -7  -5  -4  -4  -7  -6  -6    0   0   0   0   0   2  98   0   0   0   0   0   0   0   0   0   0   0   0   0  2.37 0.75
   48 T     0  -1  -2  -3  -3  -1   0  -1  -3   3  -2   0   0  -3  -3   1   4  -4  -3   0    9   2   0   0   0   2   7   5   0  21   1   6   2   0   0   7  34   0   0   4  0.38 0.26
   49 K    -4   3  -3  -4  -7  -2  -2  -5  -4  -6  -6   7  -5  -6  -4  -3  -4  -6  -5  -6    0  16   0   0   0   0   0   0   0   0   0  84   0   0   0   0   0   0   0   0  1.97 0.63
   50 L    -2   0  -4  -4  -2  -3  -3  -5  -4   5   3  -1   2  -1  -4  -3  -2  -3  -2   2    0   5   0   0   0   0   0   0   0  51  27   5   4   0   0   0   0   0   0   8  0.53 0.15
   51 K    -2   2  -1  -2  -4   0   0  -3  -2  -4  -4   7  -3  -4  -2  -1  -2  -4  -3  -4    0   4   0   0   0   0   0   0   0   0   0  96   0   0   0   0   0   0   0   0  1.16 0.22

                      K         Lambda
Standard Ungapped    0.1284     0.3140
Standard Gapped      0.0578     0.2670
PSI Ungapped         0.1887     0.3174
PSI Gapped           0.0578     0.2670
