
Last position-specific scoring matrix computed, weighted observed percentages rounded down, information per position, and relative weight of gapless real matches to pseudocounts
            A   R   N   D   C   Q   E   G   H   I   L   K   M   F   P   S   T   W   Y   V   A   R   N   D   C   Q   E   G   H   I   L   K   M   F   P   S   T   W   Y   V
    1 A     3  -2  -1  -2  -1  -1  -1   3  -2  -2  -2  -1  -2  -3  -1   1  -1  -3  -2  -1   66   0   0   0   0   0   0  34   0   0   0   0   0   0   0   0   0   0   0   0  0.43 0.01
    2 N    -1  -1   6   2  -3   0   0  -1   0  -4  -4   0  -3  -3  -2   2   0  -4  -3  -3    0   0  75   9   0   0   0   0   0   0   0   0   0   0   0  16   0   0   0   0  0.69 0.05
    3 K    -1   5  -1  -2  -4   1   0  -2  -1  -3  -3   4  -2  -3  -2  -1  -1  -3  -2  -3    0  55   0   0   0   0   0   0   0   0   0  45   0   0   0   0   0   0   0   0  0.71 0.06
    4 R    -2   6  -1  -2  -4   1   0  -3  -1  -4  -3   3  -2  -4  -3  -1  -2  -3  -2  -3    0  88   0   0   0   0   0   0   0   0   0  12   0   0   0   0   0   0   0   0  0.95 0.09
    5 P    -1  -3  -3  -2  -4  -2  -2  -3  -3  -4  -4  -2  -3  -4   8  -1  -2  -5  -4  -3    0   0   0   0   0   0   0   0   0   0   0   0   0   0 100   0   0   0   0   0  2.30 0.12
    6 V    -1  -3  -3  -3  -2  -3  -3  -4  -3   5   1  -3   1   1  -3  -2   1  -3  -1   2    3   0   0   0   0   0   0   0   0  72   0   0   0   6   0   0  13   0   0   6  0.39 0.06
    7 W    -4  -4  -5  -6  -4  -3  -4  -4  -3  -4  -3  -4  -3   0  -5  -4  -4  12   4  -4    0   0   0   0   0   0   0   0   0   0   0   0   0   0   0   0   0  87  13   0  2.90 0.25
    8 I     0  -3   2   1  -2  -2  -2  -3  -2   4   0  -2   0  -2  -3  -1  -1  -4  -2   2    8   0  18   8   0   0   0   0   0  54   1   0   0   0   0   0   2   0   0   9  0.29 0.09
    9 M    -2  -3  -4  -4  -2  -2  -3  -4  -3   3   2  -3   8  -1  -4  -3  -2  -3  -2   1    0   0   0   0   0   0   0   0   0  17  14   0  67   0   0   0   0   0   0   2  0.84 0.17
   10 A     3  -3  -2  -2  -3  -2  -3   6  -3  -4  -4  -2  -3  -4  -3  -1  -2  -3  -4  -3   28   0   0   0   0   0   0  72   0   0   0   0   0   0   0   0   0   0   0   0  1.01 0.14
   11 H    -1  -2  -1  -2  -4  -1  -1  -1  10  -5  -4  -2  -3  -2  -3  -2  -3  -4   1  -4    4   0   0   0   0   0   0   5  90   0   0   0   0   0   0   0   0   0   2   0  1.68 0.24
   12 M    -2  -3  -4  -5  -3  -2  -4  -4  -3   1   1  -3   9  -1  -4  -3  -2  -3  -2  -1    0   0   0   0   0   0   0   0   0   3   0   0  97   0   0   0   0   0   0   0  1.52 0.28
   13 V    -1  -4  -4  -4  -2  -3  -4  -4  -4   2   0  -3   0  -2  -4  -3  -1  -4  -2   6    0   0   0   0   0   0   0   0   0   0   0   0   0   0   0   0   0   0   0 100  0.97 0.20
   14 N    -3  -2   7   1  -4  -1  -1  -2  -1  -4  -1  -1  -3  -4  -3  -1  -1  -5  -3  -4    0   0  88   5   0   0   0   0   0   0   7   0   0   0   0   0   0   0   0   0  1.18 0.21
   15 A     3  -2   1   4  -2  -1   0   0  -2  -3  -3   0  -2  -4  -1   1  -1  -4  -3  -2   37   0   6  32   0   0   2   5   0   0   0   4   0   0   1  12   0   0   0   0  0.41 0.10
   16 V    -2   0  -2  -3  -2  -2  -3  -4  -3   4   2  -1   1   2  -3  -3  -1  -3  -1   2    0   7   2   0   0   0   0   0   0  43  21   6   0   9   0   0   0   0   0  11  0.30 0.08
   17 A     1   0   0   1  -3   1   2   0  -1  -3  -3   2  -2  -1   0   0  -1   2   2  -2   13   0   2  10   0   3  15   5   0   0   0  24   0   0   4   7   0   3  13   0  0.23 0.06
   18 Q    -1  -1  -1  -1  -3   6   0   0  -1   0   0   0   2  -3  -3  -1  -2  -3  -2  -2    3   0   0   3   0  62   0   7   0   8  10   0   7   0   0   0   0   0   0   0  0.55 0.15
   19 I    -1  -3  -4  -4  -2  -3  -4  -4  -4   5   2  -3   1  -1  -3  -3  -1  -3  -2   3    2   0   0   0   0   0   0   0   0  54  13   0   2   0   0   0   1   0   0  27  0.56 0.12
   20 D    -2  -1   0   5  -4   0   1  -1   0  -4  -4   2  -3  -4   1   0  -2  -4  -3  -4    0   0   1  55   0   1   3   2   2   0   0  21   0   0   8   4   0   0   0   0  0.66 0.12
   21 E    -1  -1  -1   2  -4   2   5  -3  -1  -4  -3   0  -2  -3  -2   1   0  -3   0  -3    0   0   0  13   0  10  54   0   0   0   0   4   0   0   0   8   7   0   4   0  0.61 0.12
   22 F    -1  -3  -4  -4  -3  -4  -4  -4  -1  -1  -1  -4  -1   7  -4  -2  -3   0   5  -2    7   0   0   0   0   0   0   0   0   0   0   0   0  69   0   2   0   0  22   0  1.07 0.18
   23 V    -1  -3  -4  -4  -2  -3  -3  -2  -4   2   3  -3   2  -1  -3  -2  -1  -3  -2   3    3   0   0   0   0   0   0   2   0   7  43   0   4   0   0   0   0   0   0  41  0.44 0.10
   24 N    -1  -1   4   4  -4  -1   0   1  -1  -4  -4   1  -3  -4  -2   0  -1  -4  -3  -4    4   1  35  33   0   0   3  12   0   0   0   8   0   0   0   2   0   0   0   0  0.58 0.11
   25 L    -2  -2   1   1  -3  -1   0  -3  -2   0   4   0   0  -1  -2  -2  -2  -3  -2  -1    0   0  10  12   0   2   8   0   0   0  60   8   0   0   2   0   0   0   0   0  0.28 0.10
   26 G    -1  -4  -1  -2  -4  -3  -3   7  -3  -5  -5  -3  -4  -4  -3  -1  -3  -4  -4  -4    0   0   0   0   0   0   0 100   0   0   0   0   0   0   0   0   0   0   0   0  1.58 0.20
   27 A     5  -2  -2  -3  -1  -2  -2  -1  -3  -2  -1  -2  -2  -3  -2   1   0  -4  -3   0   84   0   0   0   0   0   0   0   0   0   4   0   0   0   0   6   3   0   0   3  0.66 0.16
   28 N    -3  -2   7   2  -4  -1  -1  -2  -1  -5  -5  -1  -4  -4  -3  -1  -1  -5  -3  -4    0   0  94   6   0   0   0   0   0   0   0   0   0   0   0   0   0   0   0   0  1.40 0.23
   29 S     3  -2   1  -1  -2  -1  -1   2  -2  -3  -3  -1  -2  -3  -2   4   0  -4  -3  -2   28   0   6   0   0   0   0  17   0   0   0   0   0   0   0  48   0   0   0   0  0.50 0.12
   30 I    -2  -3  -4  -4  -2  -3  -3  -4  -4   5   2  -3   1  -1  -1  -1  -1  -3  -2   2    0   0   0   0   0   0   0   0   0  57  22   0   0   0   2   4   2   0   0  13  0.48 0.10
   31 E    -2  -1  -1   1  -5   1   7  -3  -1  -5  -4   0  -3  -5  -2  -1  -2  -4  -3  -4    0   0   0   3   0   0  97   0   0   0   0   0   0   0   0   0   0   0   0   0  1.28 0.20
   32 T     0  -2  -2  -2  -2  -2  -2  -2  -2   1   1  -1   1   2  -2   1   3  -2  -1   0    6   0   0   0   0   0   0   0   0  12  13   5   4  14   0   9  35   0   0   2  0.19 0.07
   33 D    -3  -3   0   7  -5  -1   1  -3  -2  -4  -5  -2  -4  -5  -3  -1  -2  -6  -4  -5    0   0   0 100   0   0   0   0   0   0   0   0   0   0   0   0   0   0   0   0  1.60 0.21

                      K         Lambda
Standard Ungapped    0.1287     0.3185
Standard Gapped      0.0503     0.2670
PSI Ungapped         0.1642     0.3182
PSI Gapped           0.0503     0.2670
