
Last position-specific scoring matrix computed, weighted observed percentages rounded down, information per position, and relative weight of gapless real matches to pseudocounts
           A  R  N  D  C  Q  E  G  H  I  L  K  M  F  P  S  T  W  Y  V   A   R   N   D   C   Q   E   G   H   I   L   K   M   F   P   S   T   W   Y   V
    1 S    1 -1  0 -1 -1 -1 -1 -1 -1 -2 -3 -1 -2 -3 -1  4  3 -3 -2 -2    0   0   0   0   0   0   0   0   0   0   0   0   0   0   0  82  18   0   0   0  0.55 0.07
    2 K    2  0 -1 -1 -2  2  0 -1 -1 -3 -3  2 -2 -3  5  0 -1 -3 -2 -2   26   0   0   0   0  20   0   0   0   0   0  25   0   0  29   0   0   0   0   0  0.55 0.04
    3 E   -2 -1  0  4 -4  1  5 -2 -1 -4 -4  0 -3 -4 -2 -1 -1 -4 -3 -3    0   0   0  40   0   0  60   0   0   0   0   0   0   0   0   0   0   0   0   0  0.80 0.06
    4 V   -1 -3 -3 -4 -1 -3 -3 -4 -4  3  1 -3  0 -1 -3 -2  0 -3 -2  5    0   0   0   0   0   0   0   0   0  13   0   0   0   0   0   0   0   0   0  87  0.51 0.06
    5 M   -1 -2 -3 -4 -2 -1 -3 -3 -2  2  2 -2  7 -1 -3 -2 -1 -2 -2  1    0   0   0   0   0   0   0   0   0   7   0   0  85   0   0   0   0   0   0   8  0.64 0.10
    6 K   -1  1  0 -1 -3  1  0 -2  3 -3 -3  5 -2 -3 -1  1 -1 -3 -1 -3    0   0   0   0   0   0   0   0  12   0   0  70   0   0   0  18   0   0   0   0  0.48 0.06
    7 Q   -1  0  4  1 -3  2  0 -1  4 -3 -3  1 -2 -3 -2  1 -1 -3 -1 -3    0   0  36   8   0  18   0   0  18   0   0   8   0   0   0  12   0   0   0   0  0.43 0.04
    8 M   -1 -2 -3 -4 -2 -2 -3 -4 -3  2  4 -2  4  0 -3 -2 -1 -2 -1  2    0   0   0   0   0   0   0   0   0   0  56   0  26   0   0   0   0   0   0  18  0.42 0.05
    9 T    1 -1  0 -1  4 -1 -1 -1 -2 -2 -2 -1 -1 -3 -1  3  3 -3 -2 -1   12   0   0   0  12   0   0   0   0   0   0   0   0   0   0  45  31   0   0   0  0.39 0.05
   10 I    1 -2  0 -2 -1  0  0 -2 -2  1  2 -1  2 -1 -2 -1  0 -2 -2  0   18   0   6   0   0   7   5   0   0  13  32   0  12   0   0   0   8   0   0   0  0.11 0.02
   11 N   -2  0  5  0 -3  0 -1  1  4 -4 -4  1 -2 -3 -2  0 -1 -4 -1 -3    0   0  62   0   0   0   0   8  18   0   0  12   0   0   0   0   0   0   0   0  0.60 0.06
   12 F   -3 -3 -4 -4 -3 -4 -4 -4 -1 -1  0 -4  0  7 -4 -3 -3  1  3 -1    0   0   0   0   0   0   0   0   0   0   0   0   0  94   0   0   0   0   6   0  1.03 0.09
   13 A    2  0 -1 -2  3 -1 -2  4 -2 -3 -3 -1 -2 -3 -2  0 -1 -3 -3 -2   20   8   0   0  12   0   0  53   0   0   0   0   0   0   0   7   0   0   0   0  0.52 0.04
   14 K   -1  2 -1 -1 -3  1  0 -2 -1 -3 -3  5 -2 -4 -1  0  0 -3 -2 -3    0   0   0   0   0   0   0   0   0   0   0  92   0   0   0   0   8   0   0   0  0.65 0.08
   15 P    4 -2 -2 -2 -1 -1 -1  1 -2 -2 -2 -1 -2 -3  5  0 -1 -3 -3 -1   61   0   0   0   0   0   0   8   0   0   0   0   0   0  31   0   0   0   0   0  0.65 0.05
   16 M   -2 -2 -3 -4 -2 -2 -3 -4 -3  2  4 -2  4  0 -3 -3 -1 -2 -1  1    0   0   0   0   0   0   0   0   0  12  59   0  29   0   0   0   0   0   0   0  0.46 0.05
   17 E   -2  0  0  5 -4  1  4 -2 -1 -4 -4  1 -3 -4 -2  0 -1 -4 -3 -3    0   0   0  43   0   0  44   0   0   0   0  12   0   0   0   0   0   0   0   0  0.69 0.05
   18 A    1  0 -1  1 -2  3  2 -2 -1 -1  0  1 -1 -2 -2  0 -1 -3 -2  0   14   0   0   6   0  33  21   0   0   0  12   8   0   0   0   0   0   0   0   7  0.25 0.03
   19 C   -1 -4 -3 -4  9 -3 -4 -3 -3 -1  0 -3 -1 -2 -3 -2 -1 -3 -3 -1    0   0   0   0  81   0   0   0   0   0  12   0   0   0   0   0   0   0   0   0  1.21 0.09
   20 K   -1  4 -1 -1 -4  2  0 -2 -1 -3 -3  4 -2 -3 -2 -1 -1 -3 -2 -3    0  26   0   0   0  12   0   0   0   0   0  62   0   0   0   0   0   0   0   0  0.60 0.06
   21 Q    0  1  0  2 -3  4  3 -2  0 -3 -3  2 -1 -4 -2  0 -1 -3 -2 -3    6   0   0  14   0  42  18   0   0   0   0  20   0   0   0   0   0   0   0   0  0.49 0.05
   22 E   -1 -1 -1  1 -4  2  6 -3 -1 -4 -3  0 -3 -4 -2 -1 -1 -3 -3 -3    0   0   0   0   0   0 100   0   0   0   0   0   0   0   0   0   0   0   0   0  0.96 0.09
   23 L   -1 -2 -2 -3 -2 -2 -2 -3 -2  1  3 -2  4  0 -3  1 -1 -2 -1  0    0   0   0   0   0   0   0   0   0   0  57   0  25   0   0  18   0   0   0   0  0.32 0.05
   24 N   -1 -1  4  1 -3 -1 -1  4 -1 -4 -4 -1 -3 -3 -2  1  0 -4 -3 -3    0   0  45   6   0   0   0  37   0   0   0   0   0   0   0   6   6   0   0   0  0.56 0.05
   25 V    0 -2 -3 -4 -1 -2 -3 -3 -3  2  4 -3  2  0 -3 -2 -1 -2 -1  1   12   0   0   0   0   0   0   0   0   7  75   0   0   0   0   0   0   0   0   6  0.39 0.04
   26 P   -1 -2 -1  1 -3  0 -1 -2 -2 -3 -3 -1 -2 -4  7  1  0 -4 -3 -3    0   0   0  12   0   7   0   0   0   0   0   0   0   0  60  15   6   0   0   0  1.13 0.06
   27 D   -2 -2  1  6 -3 -1  1 -2 -2 -2 -3 -1 -3 -4 -2 -1  0 -4 -3 -1    0   0   0  82   0   0   0   0   0   0   0   0   0   0   0   0   9   0   0   9  0.81 0.07
   28 A    3 -1  0 -1 -1  0  1 -1 -1 -2 -2  0 -2 -3 -1  3  1 -3 -2 -1   35   0   0   0   0   0  14   0   0   0   0   0   0   0   0  42   8   0   0   0  0.35 0.04
   29 V   -1 -3 -3 -4 -1 -3 -3 -4 -4  3  1 -3  1 -1 -3 -2  0 -3 -2  4    0   0   0   0   0   0   0   0   0  20   0   0   0   0   0   0   0   0   0  80  0.49 0.06
   30 V   -1 -2  1 -2 -2 -1 -2 -3 -2  2  1 -1  3 -1 -3 -1  0 -3 -2  2    0   0  14   0   0   0   0   0   0  18   9   6  24   0   0   0   6   0   0  24  0.16 0.03
   31 Q    2  0  0  2 -2  3  2 -1 -1 -3 -2  2 -1 -3 -1  0  0 -3 -2 -2   27   0   0  15   0  20  15   0   0   0   0  17   0   0   0   0   6   0   0   0  0.30 0.03
   32 D   -2 -2  1  6 -4  0  3 -2 -1 -4 -4 -1 -3 -4 -2 -1 -1 -5 -3 -4    0   0   0  82   0   0  18   0   0   0   0   0   0   0   0   0   0   0   0   0  0.99 0.07
   33 F   -2 -3 -4 -4 -3 -3 -4 -4 -2  0  2 -3  0  6 -4 -3 -2  0  2 -1    0   0   0   0   0   0   0   0   0   0  23   0   0  77   0   0   0   0   0   0  0.76 0.07
   34 F    0 -2 -3 -3 -2 -2 -3 -3  0 -1  1 -2  0  4 -3 -2 -2  1  6 -1    9   0   0   0   0   0   0   0   0   0  16   0   0  20   0   0   0   0  55   0  0.57 0.04
   35 N   -2 -1  6  3 -3  0  0 -1  0 -4 -4 -1 -3 -4 -2  0  0 -4 -3 -3    0   0  84  16   0   0   0   0   0   0   0   0   0   0   0   0   0   0   0   0  0.83 0.06

                      K         Lambda
Standard Ungapped    0.1289     0.3188
Standard Gapped      0.0435     0.2670
PSI Ungapped         0.1421     0.3163
PSI Gapped           0.0435     0.2670
