
Last position-specific scoring matrix computed, weighted observed percentages rounded down, information per position, and relative weight of gapless real matches to pseudocounts
            A   R   N   D   C   Q   E   G   H   I   L   K   M   F   P   S   T   W   Y   V   A   R   N   D   C   Q   E   G   H   I   L   K   M   F   P   S   T   W   Y   V
    1 G     0  -3  -1  -2  -3  -2  -2   6  -2  -4  -4  -2  -3  -4  -2   0  -2  -3  -3  -4    0   0   0   0   0   0   0 100   0   0   0   0   0   0   0   0   0   0   0   0  1.07 0.01
    2 D    -2  -2   1   7  -4   0   2  -2  -1  -4  -4  -1  -3  -4  -2   0  -1  -5  -3  -4    0   0   0 100   0   0   0   0   0   0   0   0   0   0   0   0   0   0   0   0  0.96 0.01
    3 W    -2   3  -3  -4  -3  -1  -2  -3  -2  -3  -2   0  -2   0  -3  -2  -2  10   1  -3    0  32   0   0   0   0   0   0   0   0   0   0   0   0   0   0   0  68   0   0  1.48 0.01
    4 G     0  -3  -1  -2  -3  -2  -2   6  -2  -4  -4  -2  -3  -4  -2   0  -2  -3  -3  -4    0   0   0   0   0   0   0 100   0   0   0   0   0   0   0   0   0   0   0   0  1.07 0.01
    5 T     0  -1  -1  -2  -1  -1  -1  -2  -2   0   0  -1   3  -2  -2   1   4  -2  -2   0    0   0   0   0   0   0   0   0   0   0   0   0  27   0   0   0  73   0   0   0  0.36 0.02
    6 C    -1  -4  -3  -4  10  -3  -4  -3  -4  -2  -2  -4  -2  -3  -3  -1  -1  -3  -3  -1    0   0   0   0 100   0   0   0   0   0   0   0   0   0   0   0   0   0   0   0  1.40 0.03
    7 S     1  -1   1   0  -1   0   0   0  -1  -3  -3   0  -2  -3  -1   5   1  -3  -2  -2    0   0   0   0   0   0   0   0   0   0   0   0   0   0   0 100   0   0   0   0  0.51 0.02
    8 W    -1  -2   3  -1  -3  -1  -2   4  -1  -4  -3  -2  -3  -2  -3  -1  -1   7  -1  -3    0   0  26   0   0   0   0  50   0   0   0   0   0   0   0   0   0  24   0   0  0.75 0.02
    9 P    -1   3  -1  -2  -3   0  -1  -3  -2   1  -1   2  -1  -2   4  -1  -1  -3  -2   0    0  23   0   0   0   0   0   0   0  27   0  26   0   0  24   0   0   0   0   0  0.35 0.01
   10 G     0  -3  -1  -2  -3  -2  -2   6  -2  -4  -4  -2  -3  -4  -2   0  -2  -3  -3  -4    0   0   0   0   0   0   0 100   0   0   0   0   0   0   0   0   0   0   0   0  1.10 0.02
   11 Q    -1   1   0  -1  -3   6   2  -2   0  -3  -3   1  -1  -4  -2   0  -1  -2  -2  -3    0   0   0   0   0 100   0   0   0   0   0   0   0   0   0   0   0   0   0   0  0.76 0.03
   12 E    -1   0   0   0  -4   3   4   3   0  -4  -3   0  -2  -4  -2   0  -1  -3  -2  -3    0   0   0   0   0  26  47  27   0   0   0   0   0   0   0   0   0   0   0   0  0.49 0.01
   13 C    -1  -4  -3  -4  10  -3  -4  -3  -4  -2  -2  -4  -2  -3  -3  -1  -1  -3  -3  -1    0   0   0   0 100   0   0   0   0   0   0   0   0   0   0   0   0   0   0   0  1.40 0.03
   14 E     0   0   0   0  -3   0   2   4  -1  -4  -4   2  -2  -4  -2   0  -1  -3  -3  -3    0   0   0   0   0   0  24  53   0   0   0  23   0   0   0   0   0   0   0   0  0.51 0.01
   15 H    -2   0   1   3  -4   3   1  -2   6  -4  -3   0  -2  -2  -2  -1  -1  -3   0  -3    0   0   0  26   0  27   0   0  47   0   0   0   0   0   0   0   0   0   0   0  0.56 0.02
   16 D    -2  -2   1   7  -4   0   2  -2  -1  -4  -4  -1  -4  -4  -2   0  -1  -5  -4  -4    0   0   0 100   0   0   0   0   0   0   0   0   0   0   0   0   0   0   0   0  1.01 0.02
   17 S     1  -1   1   0  -1   0   0   0  -1  -3  -3   0  -2  -3  -1   5   1  -3  -2  -2    0   0   0   0   0   0   0   0   0   0   0   0   0   0   0 100   0   0   0   0  0.51 0.02
   18 D    -2  -1   4   6  -4   0   1  -1  -1  -4  -4  -1  -3  -4  -2   0  -1  -5  -3  -4    0   0  27  73   0   0   0   0   0   0   0   0   0   0   0   0   0   0   0   0  0.80 0.02
   19 C    -1  -4  -3  -4  10  -3  -4  -3  -4  -2  -2  -4  -2  -3  -3  -1  -1  -3  -3  -1    0   0   0   0 100   0   0   0   0   0   0   0   0   0   0   0   0   0   0   0  1.40 0.03
   20 C    -1  -4  -3  -4  10  -3  -4  -3  -4  -2  -2  -4  -2  -3  -3  -1  -1  -3  -3  -1    0   0   0   0 100   0   0   0   0   0   0   0   0   0   0   0   0   0   0   0  1.40 0.03
   21 G     0  -3  -1  -2  -3  -2  -3   5  -2  -4  -3  -2  -3  -2  -3  -1  -2   8  -1  -4    0   0   0   0   0   0   0  74   0   0   0   0   0   0   0   0   0  26   0   0  1.02 0.02
   22 S    -1  -1   1   3  -3   0   0  -2   6  -3  -3  -1  -2  -2  -2   1  -1  -3   0  -3    0   0   0  27   0   0   0   0  49   0   0   0   0   0   0  24   0   0   0   0  0.50 0.02
   23 F    -2  -2  -3  -4  -2  -2  -3  -4  -2   1   3  -3   4   3  -3  -2  -1  -1   0   0    0   0   0   0   0   0   0   0   0   0  49   0  27  24   0   0   0   0   0   0  0.36 0.01
   24 C    -1  -4  -3  -4  10  -3  -4  -3  -4  -2  -2  -4  -2  -3  -3  -1  -1  -3  -3  -1    0   0   0   0 100   0   0   0   0   0   0   0   0   0   0   0   0   0   0   0  1.40 0.03
   25 C    -1  -4  -3  -4  10  -3  -4  -3  -4  -2  -2  -4  -2  -3  -3  -1  -1  -3  -3  -1    0   0   0   0 100   0   0   0   0   0   0   0   0   0   0   0   0   0   0   0  1.40 0.03
   26 V     1  -2  -3  -3  -1  -2  -2  -2  -1   1   0  -2   0   1  -2  -1  -1  -1   4   3   23   0   0   0   0   0   0   0   0   0   0   0   0   0   0   0   0   0  27  50  0.22 0.01
   27 G     0  -2   3  -1  -3  -1  -2   5  -1  -4  -4  -1  -3  -4  -2   0  -1  -3  -3  -3    0   0  26   0   0   0   0  74   0   0   0   0   0   0   0   0   0   0   0   0  0.80 0.02
   28 R    -1   3   3  -1  -3   3   0  -2   0   1  -1   1  -1  -2  -2  -1  -1  -3  -2   0    0  24  26   0   0  27   0   0   0  23   0   0   0   0   0   0   0   0   0   0  0.23 0.01
   29 R    -1   3  -1  -2  -2   0  -1  -2  -1   1  -1   2   0  -2  -2   0   2  -3  -2   0    0  24   0   0   0   0   0   0   0  27   0  26   0   0   0   0  23   0   0   0  0.18 0.01
   30 C    -1  -4  -3  -4  10  -3  -4  -3  -4  -2  -2  -4  -2  -3  -3  -1  -1  -3  -3  -1    0   0   0   0 100   0   0   0   0   0   0   0   0   0   0   0   0   0   0   0  1.40 0.03
   31 L     3  -1  -2  -2  -1   2   0  -1  -1  -1   1  -1   0  -2  -2   0  -1  -2  -2   0   53   0   0   0   0  23   0   0   0   0  24   0   0   0   0   0   0   0   0   0  0.19 0.01
   32 H    -2  -1  -1  -2  -3   0  -1  -3   6  -1   0  -2   3   3  -3  -2  -2  -1   2  -1    0   0   0   0   0   0   0   0  50   0   0   0  27  23   0   0   0   0   0   0  0.41 0.02
   33 I    -1  -2  -1  -2  -1  -2  -2  -3  -3   2   2  -2   1  -1  -2   0   3  -3  -2   1    0   0   0   0   0   0   0   0   0  24  26   0   0   0   0   0  50   0   0   0  0.24 0.01
   34 Y    -2  -3  -3  -4  -2  -2  -3  -4   0   2   0  -3   0   4  -3  -2  -2   1   6   0    0   0   0   0   0   0   0   0   0  26   0   0   0  27   0   0   0   0  47   0  0.52 0.02
   35 F     1  -3  -3  -3  -1  -2  -3  -2  -2   2   2  -2   1   3  -3  -1  -1  -1   0   1   27   0   0   0   0   0   0   0   0  23  26   0   0  24   0   0   0   0   0   0  0.19 0.01
   36 P     2  -2  -2  -2  -2  -2  -2  -2  -2  -1   1  -1   0  -2   6  -1  -1  -3  -2  -1   27   0   0   0   0   0   0   0   0   0  26   0   0   0  47   0   0   0   0   0  0.72 0.01
   37 C    -1  -4  -3  -4  10  -3  -4  -3  -4  -2  -2  -4  -2  -3  -3  -1  -1  -3  -3  -1    0   0   0   0 100   0   0   0   0   0   0   0   0   0   0   0   0   0   0   0  1.40 0.03
   38 N    -1   0   5   0  -3   0   0   3   0  -4  -4   2  -2  -3  -2   0  -1  -4  -3  -3    0   0  50   0   0   0   0  27   0   0   0  23   0   0   0   0   0   0   0   0  0.46 0.01
   39 L    -2  -2  -4  -4  -1  -2  -3  -4  -3   2   4  -3   2   0  -3  -3  -1  -2  -1   1    0   0   0   0   0   0   0   0   0   0 100   0   0   0   0   0   0   0   0   0  0.46 0.00
   40 S     1  -1   1   0  -1   0   0   0  -1  -2  -2   0  -2  -2  -1   4   1  -3  -2  -2    0   0   0   0   0   0   0   0   0   0   0   0   0   0   0   0   0   0   0   0  0.00     0.00
   41 R    -1   6   0  -2  -3   1   0  -2   0  -3  -2   2  -1  -3  -2  -1  -1  -3  -2  -3    0   0   0   0   0   0   0   0   0   0   0   0   0   0   0   0   0   0   0   0  0.00     0.00
   42 S     1  -1   1   0  -1   0   0   0  -1  -2  -2   0  -2  -2  -1   4   1  -3  -2  -2    0   0   0   0   0   0   0   0   0   0   0   0   0   0   0   0   0   0   0   0  0.00     0.00

                      K         Lambda
Standard Ungapped    0.1453     0.3287
Standard Gapped      0.0410     0.2670
PSI Ungapped         0.1453     0.3287
PSI Gapped           0.0410     0.2670
