
Last position-specific scoring matrix computed, weighted observed percentages rounded down, information per position, and relative weight of gapless real matches to pseudocounts
           A  R  N  D  C  Q  E  G  H  I  L  K  M  F  P  S  T  W  Y  V   A   R   N   D   C   Q   E   G   H   I   L   K   M   F   P   S   T   W   Y   V
    1 M   -1 -2 -2 -3 -2  0 -2 -3 -2  1  2 -2  6  0 -3 -2 -1 -2 -1  1    0   0   0   0   0   0   0   0   0   0   0   0 100   0   0   0   0   0   0   0  0.33 0.00
    2 I   -1 -3 -4 -4 -1 -3 -4 -4 -4  5  2 -3  1  0 -3 -3 -1 -3 -2  3    0   0   0   0   0   0   0   0   0 100   0   0   0   0   0   0   0   0   0   0  0.38 0.00
    3 I   -1 -3 -4 -4 -1 -3 -4 -4 -4  5  2 -3  1  0 -3 -3 -1 -3 -2  3    0   0   0   0   0   0   0   0   0 100   0   0   0   0   0   0   0   0   0   0  0.38 0.00
    4 L   -1 -3 -4 -4 -1 -2 -3 -4 -3  2  3 -3  2  0 -3 -2 -1 -2 -1  3    0   0   0   0   0   0   0   0   0   0  56   0   0   0   0   0   0   0   0  44  0.33 0.00
    5 S    1 -1  1  0 -1  0  0  0 -1 -3 -3  0 -2 -3 -1  4  2 -3 -2 -2    0   0   0   0   0   0   0   0   0   0   0   0   0   0   0 100   0   0   0   0  0.46 0.00
    6 N   -2 -1  6  1 -3  0  0 -1  1 -4 -4  0 -2 -3 -2  1  0 -4 -2 -3    0   0 100   0   0   0   0   0   0   0   0   0   0   0   0   0   0   0   0   0  0.73 0.01
    7 K   -1  2  0 -1 -3  1  1 -2 -1 -3 -3  5 -2 -3 -1  0 -1 -3 -2 -3    0   0   0   0   0   0   0   0   0   0   0 100   0   0   0   0   0   0   0   0  0.52 0.00
    8 P   -1 -2 -2 -2 -3 -2 -1 -3 -3 -3 -3 -1 -3 -4  8 -1 -1 -4 -3 -3    0   0   0   0   0   0   0   0   0   0   0   0   0   0 100   0   0   0   0   0  2.08 0.02
    9 N   -2  0  6  1 -3  3  1 -1  1 -4 -3  0 -2 -4 -2  0  0 -4 -2 -3    0   0  71   0   0  29   0   0   0   0   0   0   0   0   0   0   0   0   0   0  0.59 0.01
   10 I   -1 -3 -3 -4 -1 -2 -3 -4 -3  3  2 -2  4  0 -3 -2 -1 -3 -1  3    0   0   0   0   0   0   0   0   0  39   0   0  29   0   0   0   0   0   0  33  0.30 0.01
   11 R    0  4  0 -1 -2  0 -1  3 -1 -3 -3  1 -2 -3 -2  2  0 -3 -2 -3    0  39   0   0   0   0   0  29   0   0   0   0   0   0   0  33   0   0   0   0  0.38 0.01
   12 G    2 -2  0 -1 -1 -1 -1  4 -2 -3 -3 -1 -2 -3 -1  2  0 -3 -2 -2   29   0   0   0   0   0   0  39   0   0   0   0   0   0   0  33   0   0   0   0  0.43 0.01
   13 I   -2 -3 -4 -4 -1 -3 -4 -4 -4  5  2 -3  1  0 -3 -3 -1 -3 -2  3    0   0   0   0   0   0   0   0   0 100   0   0   0   0   0   0   0   0   0   0  0.43 0.01
   14 K   -1  1  0  3 -4  4  2 -2  0 -3 -3  3 -2 -4 -1  0 -1 -3 -2 -3    0   0   0  29   0  33   0   0   0   0   0  39   0   0   0   0   0   0   0   0  0.45 0.01
   15 R    2  2  2  0 -2  0  0 -1 -1 -3 -3  0 -2 -3 -1  2  0 -3 -2 -2   29  19  19   0   0   0   0   0   0   0   0   0   0   0   0  33   0   0   0   0  0.27 0.01
   16 V   -1 -2 -2 -3 -1 -2 -2 -3  0  1  0 -2  0  1 -2 -1  2  0  4  2    0   0   0   0   0   0   0   0   0   0   0   0   0   0   0   0  29   0  33  39  0.24 0.01
   17 V    0 -3 -3 -4 -1 -3 -3 -4 -4  3  1 -3  1 -1 -3 -2  0 -3 -1  4    0   0   0   0   0   0   0   0   0   0   0   0   0   0   0   0   0   0   0 100  0.38 0.01
   18 E   -1  0  0  2 -4  2  6 -2  0 -4 -3  1 -2 -4 -1  0 -1 -3 -2 -3    0   0   0   0   0   0 100   0   0   0   0   0   0   0   0   0   0   0   0   0  0.77 0.02
   19 D   -1 -2  1  6 -3  0  1 -1 -1 -3 -4 -1 -3 -4 -1  2  0 -4 -3 -3    0   0   0  71   0   0   0   0   0   0   0   0   0   0   0  29   0   0   0   0  0.66 0.01
   20 I   -2 -3 -4 -4 -1 -3 -4 -4 -4  4  3 -3  2  0 -3 -3 -1 -3 -1  2    0   0   0   0   0   0   0   0   0  67  33   0   0   0   0   0   0   0   0   0  0.38 0.01
   21 K   -1  4  0  0 -4  2  3 -2  0 -3 -3  3 -2 -3 -2  0 -1 -3 -2 -3    0  29   0   0   0   0  33   0   0   0   0  39   0   0   0   0   0   0   0   0  0.49 0.01
   22 Y   -2 -2 -2 -4 -3 -2 -2 -4  2 -2 -1 -2 -1  3 -3 -2 -2  2  8 -1    0   0   0   0   0   0   0   0   0   0   0   0   0   0   0   0   0   0 100   0  0.94 0.02
   23 R   -1  5  0 -2 -4  1  0 -2 -1 -3 -3  4 -2 -3 -2 -1 -1 -3 -2 -3    0  67   0   0   0   0   0   0   0   0   0  33   0   0   0   0   0   0   0   0  0.63 0.01
   24 N    2 -1  4 -1 -1 -1 -1 -1 -1  0 -1 -1 -1 -2 -2  0  0 -3 -2  2   29   0  39   0   0   0   0   0   0   0   0   0   0   0   0   0   0   0   0  33  0.19 0.01
   25 Q   -1  0  0 -1 -3  5  1  3  0 -4 -3  1 -1 -4 -2  0 -1 -2 -2 -3    0   0   0   0   0  67   0  33   0   0   0   0   0   0   0   0   0   0   0   0  0.52 0.01
   26 L   -2 -2 -4 -4 -2 -2 -3 -4 -3  2  4 -3  2  0 -3 -3 -1 -2 -1  1    0   0   0   0   0   0   0   0   0   0 100   0   0   0   0   0   0   0   0   0  0.48 0.01
   27 I   -2 -3 -4 -4 -1 -3 -4 -4 -4  5  2 -3  1  0 -3 -3 -1 -3 -2  3    0   0   0   0   0   0   0   0   0 100   0   0   0   0   0   0   0   0   0   0  0.43 0.01
   28 G    2 -2 -1 -2 -1 -1 -1  4 -2 -2 -2 -1 -2 -3 -2  1  2 -3 -2 -1   29   0   0   0   0   0   0  39   0   0   0   0   0   0   0   0  33   0   0   0  0.38 0.01
   29 R   -2  6 -1 -2 -4  1  0 -3  0 -3 -3  2 -2 -3 -2 -1 -1 -3 -2 -3    0 100   0   0   0   0   0   0   0   0   0   0   0   0   0   0   0   0   0   0  0.80 0.02
   30 D   -2 -1  5  4 -3  0  1 -1  0 -4 -4  0 -3 -4 -2  0 -1 -4 -3 -3    0   0  61  39   0   0   0   0   0   0   0   0   0   0   0   0   0   0   0   0  0.68 0.01
   31 G   -1  3  0 -1 -3  3  0  4 -1 -4 -3  1 -2 -3 -2  0 -1 -3 -2 -3    0  33   0   0   0  29   0  39   0   0   0   0   0   0   0   0   0   0   0   0  0.45 0.01
   32 R   -1  4  0 -1 -3  0  0  3 -1 -4 -3  3 -2 -3 -2 -1 -1 -3 -2 -3    0  39   0   0   0   0   0  33   0   0   0  29   0   0   0   0   0   0   0   0  0.45 0.01
   33 L   -2 -2 -4 -4 -2 -2 -3 -4 -3  2  4 -3  2  0 -3 -3 -1 -2 -1  1    0   0   0   0   0   0   0   0   0   0 100   0   0   0   0   0   0   0   0   0  0.48 0.01
   34 F   -2 -2  0  3 -3  0  3 -2 -1 -2 -1 -1 -1  4 -2 -1 -2 -1  1 -2    0   0   0  29   0   0  33   0   0   0   0   0   0  39   0   0   0   0   0   0  0.36 0.01
   35 A    3 -1  0 -1 -1  0 -1  0 -1 -2 -2 -1 -1 -3 -1  4  1 -3 -2 -1   39   0   0   0   0   0   0   0   0   0   0   0   0   0   0  61   0   0   0   0  0.37 0.01
   36 G    0 -3 -1 -2 -3 -2 -2  6 -2 -4 -4 -2 -3 -4 -2  0 -2 -3 -4 -4    0   0   0   0   0   0   0 100   0   0   0   0   0   0   0   0   0   0   0   0  1.08 0.01
   37 L   -1 -2 -2 -3 -1 -2 -2 -3 -3  2  2 -2  1 -1 -2 -1  2 -2 -1  2    0   0   0   0   0   0   0   0   0   0  39   0   0   0   0   0  33   0   0  29  0.22 0.01
   38 I    2 -2 -2 -1 -2  0  3 -2 -2  2  0 -1  0 -2 -2  0 -1 -3 -2  1   29   0   0   0   0   0  33   0   0  39   0   0   0   0   0   0   0   0   0   0  0.14 0.01
   39 A    4 -1 -1 -1 -1 -1 -1  0 -2 -2 -2 -1 -1 -3 -1  3  1 -3 -2 -1   67   0   0   0   0   0   0   0   0   0   0   0   0   0   0  33   0   0   0   0  0.37 0.01
   40 T    2 -1 -1 -1 -1 -1 -1 -1 -2 -1 -2 -1 -1 -2 -1  1  4 -3 -2  0   33   0   0   0   0   0   0   0   0   0   0   0   0   0   0   0  67   0   0   0  0.36 0.01
   41 R    0  4 -1 -2 -3  0 -1  5 -1 -4 -3  0 -2 -3 -2 -1 -2 -3 -3 -3    0  39   0   0   0   0   0  61   0   0   0   0   0   0   0   0   0   0   0   0  0.62 0.01
   42 I   -1 -3 -2 -3 -1 -2 -3 -3 -3  4  1 -2  1 -1 -2 -1  3 -3 -2  2    0   0   0   0   0   0   0   0   0  67   0   0   0   0   0   0  33   0   0   0  0.26 0.01
   43 S    0  0  0 -1 -2  0  0 -2 -2  1 -1  2 -1 -2 -2  2  0 -3 -2  0    0   0   0   0   0   0   0   0   0  29   0  33   0   0   0  39   0   0   0   0  0.14 0.01
   44 G    0 -3 -1 -2 -3 -2 -2  6 -2 -4 -4 -2 -3 -4 -2  0 -2 -3 -4 -4    0   0   0   0   0   0   0 100   0   0   0   0   0   0   0   0   0   0   0   0  1.08 0.01
   45 I   -2 -3 -4 -4 -2 -3 -4 -4 -3  3  3 -3  1  4 -3 -3 -1 -1  1  1    0   0   0   0   0   0   0   0   0  39  33   0   0  29   0   0   0   0   0   0  0.34 0.01
   46 A    3 -2 -2 -2 -1 -2 -2 -1 -2  2  0 -1  0 -2 -2  0  0 -3 -2  1   67   0   0   0   0   0   0   0   0  33   0   0   0   0   0   0   0   0   0   0  0.23 0.01
   47 I    2 -3 -3 -3 -1 -2 -3 -2 -3  4  1 -2  1 -1 -2 -1 -1 -3 -2  2   29   0   0   0   0   0   0   0   0  71   0   0   0   0   0   0   0   0   0   0  0.24 0.01
   48 G    0 -3 -1 -2 -3 -2 -2  6 -2 -4 -4 -2 -3 -4 -2  0 -2 -3 -4 -4    0   0   0   0   0   0   0 100   0   0   0   0   0   0   0   0   0   0   0   0  1.08 0.01
   49 F   -2 -3 -3 -4 -2 -3 -3 -4 -2  1  1 -3  0  6 -4 -2 -1  0  2  2    0   0   0   0   0   0   0   0   0   0   0   0   0  67   0   0   0   0   0  33  0.47 0.01
   50 L   -1 -3 -4 -4 -1 -2 -3 -4 -3  2  4 -3  2  0 -3 -2 -1 -2 -1  2    0   0   0   0   0   0   0   0   0   0  67   0   0   0   0   0   0   0   0  33  0.36 0.01
   51 L   -1 -2 -2 -2 -2 -2 -2 -2 -2  0  2 -2  1  4 -2  1  0 -1  1  0    0   0   0   0   0   0   0   0   0   0  39   0   0  29   0  33   0   0   0   0  0.18 0.01
   52 A    4 -1 -1 -1 -1 -1 -1  0 -2 -2 -2 -1 -1 -3 -1  3  0 -3 -2 -1   71   0   0   0   0   0   0   0   0   0   0   0   0   0   0  29   0   0   0   0  0.37 0.01
   53 V   -1 -3 -4 -4 -1 -3 -3 -4 -3  3  2 -3  1  0 -3 -2 -1 -3 -1  3    0   0   0   0   0   0   0   0   0  33  29   0   0   0   0   0   0   0   0  39  0.33 0.01
   54 L   -1 -3 -4 -4 -1 -2 -3 -4 -3  2  4 -3  2  0 -3 -2 -1 -2 -1  2    0   0   0   0   0   0   0   0   0   0  67   0   0   0   0   0   0   0   0  33  0.36 0.01
   55 L   -2 -2 -3 -4 -2 -2 -3 -4 -3  2  4 -2  4  0 -3 -2 -1 -2 -1  1    0   0   0   0   0   0   0   0   0   0  71   0  29   0   0   0   0   0   0   0  0.40 0.01
   56 V   -1 -2 -3 -4 -1 -2 -3 -3 -3  2  1 -2  4 -1 -3 -2  0 -3 -1  4    0   0   0   0   0   0   0   0   0   0   0   0  33   0   0   0   0   0   0  67  0.30 0.01
   57 G    0 -3  0 -2 -3 -2 -2  6 -2 -4 -4 -2 -3 -4 -2  0 -2 -3 -3 -4    0   0   0   0   0   0   0 100   0   0   0   0   0   0   0   0   0   0   0   0  1.05 0.00
   58 V   -1 -3 -3 -4 -1 -3 -3 -4 -4  4  1 -3  1 -1 -3 -2  0 -3 -1  4    0   0   0   0   0   0   0   0   0  44   0   0   0   0   0   0   0   0   0  56  0.35 0.00
   59 P   -1 -2 -2 -2 -3 -1 -1 -2 -2 -3 -3 -1 -3 -4  8 -1 -1 -4 -3 -3    0   0   0   0   0   0   0   0   0   0   0   0   0   0 100   0   0   0   0   0  2.05 0.01
   60 A    3 -2 -2 -3 -1 -1 -2 -1 -2  0  2 -2  1 -1 -2  0 -1 -2 -2  0   56   0   0   0   0   0   0   0   0   0  44   0   0   0   0   0   0   0   0   0  0.21 0.00
   61 M    2 -2 -2 -3 -1 -1 -2 -1 -2  0  1 -1  5 -1 -2  0  0 -2 -1  0   44   0   0   0   0   0   0   0   0   0   0   0  56   0   0   0   0   0   0   0  0.20 0.00
   62 M   -1 -2 -3 -4 -2 -1 -3 -3 -2  1  3 -2  5  0 -3 -2 -1 -2 -1  1    0   0   0   0   0   0   0   0   0   0  44   0  56   0   0   0   0   0   0   0  0.35 0.00
   63 S    0 -1  0 -1 -2 -1 -1 -1  1 -2 -2 -1 -1  1 -2  3  0  0  5 -2    0   0   0   0   0   0   0   0   0   0   0   0   0   0   0  56   0   0  44   0  0.35 0.00
   64 I   -2 -3 -4 -4 -2 -3 -4 -4 -2  3  1 -3  1  5 -4 -3 -1 -1  1  2    0   0   0   0   0   0   0   0   0  56   0   0   0  44   0   0   0   0   0   0  0.36 0.00
   65 L   -2 -2 -4 -4 -1 -2 -3 -4 -3  2  4 -3  2  0 -3 -3 -1 -2 -1  1    0   0   0   0   0   0   0   0   0   0 100   0   0   0   0   0   0   0   0   0  0.46 0.00
   66 G    0 -3  0 -1 -3 -2 -2  6 -2 -4 -4 -2 -3 -4 -2  0 -2 -3 -3 -4    0   0   0   0   0   0   0 100   0   0   0   0   0   0   0   0   0   0   0   0  1.04 0.00
   67 V    0 -3 -3 -4 -1 -2 -3 -4 -4  3  1 -3  1 -1 -3 -2  0 -3 -1  4    0   0   0   0   0   0   0   0   0   0   0   0   0   0   0   0   0   0   0 100  0.34 0.00
   68 I   -1 -3 -4 -4 -1 -3 -4 -4 -4  5  2 -3  1  0 -3 -3 -1 -3 -2  3    0   0   0   0   0   0   0   0   0 100   0   0   0   0   0   0   0   0   0   0  0.38 0.00

                      K         Lambda
Standard Ungapped    0.1507     0.3312
Standard Gapped      0.0410     0.2670
PSI Ungapped         0.1507     0.3312
PSI Gapped           0.0410     0.2670
