
Last position-specific scoring matrix computed, weighted observed percentages rounded down, information per position, and relative weight of gapless real matches to pseudocounts
            A   R   N   D   C   Q   E   G   H   I   L   K   M   F   P   S   T   W   Y   V   A   R   N   D   C   Q   E   G   H   I   L   K   M   F   P   S   T   W   Y   V
    1 M    -3  -4  -5  -6  -4  -3  -5  -5  -4  -1   1  -4  10  -2  -5  -4  -3  -4  -3  -2    0   0   0   0   0   0   0   0   0   0   4   0  96   0   0   0   0   0   0   0  2.31 0.49
    2 A     4  -1  -1  -2  -2  -1  -1  -1  -3  -3  -3   2  -3  -4   1   2   0  -4  -3  -2   53   0   1   0   0   0   1   1   0   0   0  18   0   0   5  18   3   0   0   0  0.58 0.22
    3 K    -2   1  -2  -2  -5   0   1  -3  -3  -5  -5   7  -3  -5  -3  -2  -3  -5  -4  -4    1   4   0   1   0   1   5   1   0   0   0  86   0   0   0   0   0   0   0   0  1.41 0.37
    4 Q    -2  -1   0   2  -5   3   6  -3  -1  -5  -4   0  -3  -5  -3  -1  -1  -4  -4  -4    1   0   3  12   0  17  57   0   1   0   0   4   0   0   0   3   2   0   0   0  0.95 0.27
    5 S    -1  -1   1   5  -5   1   3  -1  -2  -4  -5   1  -4  -5  -3  -1  -1  -5  -4  -4    4   1   6  42   0   6  25   4   0   0   0   8   0   0   0   2   2   0   0   0  0.74 0.21
    6 A     1   0  -1  -3  -1  -1  -1  -2  -1   0   2   1   1  -2  -2   0   0   1  -1   2   11   4   3   0   1   0   1   2   1   1  22  14   3   0   0   7   5   2   1  23  0.11 0.09
    7 I    -3  -5  -5  -5  -3  -4  -5  -6  -5   6   2  -5   0   0  -5  -4  -3   3  -3   1    0   0   0   0   0   0   0   0   0  71  17   0   1   2   0   0   0   5   0   4  1.11 0.30
    8 E    -2  -1  -1   0  -4   1   5  -3  -1  -2  -3   1  -3  -2  -3   0   0  -4  -3  -1    0   2   1   3   0   4  58   0   1   3   2  10   0   1   0   5   4   0   0   6  0.67 0.23
    9 Q    -2  -3  -3  -4  -3  -1  -3  -4   1   2   2  -3   6   2  -4  -3  -2  -2  -1   2    2   0   0   0   0   2   0   0   5   8  20   1  30  12   0   0   1   0   0  17  0.50 0.18
   10 D    -2  -1  -1   2  -4   3   5  -2  -1  -4  -3   0  -2   0  -1  -1   1  -4  -3  -3    1   2   1   9   0  12  49   1   1   0   1   3   0   5   2   3   9   0   0   0  0.61 0.21
   11 G     0  -4  -2  -3  -4  -4  -4   7  -4  -6  -6  -3  -5  -5  -4  -1  -3  -5  -5  -5    5   0   0   0   0   0   0  92   0   0   0   0   0   0   0   3   0   0   0   0  1.75 0.37
   12 S    -1  -1  -2  -3  -3  -1   0  -3  -3   1   1   2   0  -2  -3  -1   2  -4  -2   2    0   2   0   0   0   1   5   0   0   5  15  23   1   1   0   3  21   0   0  25  0.25 0.15
   13 I    -2  -5  -5  -5  -3  -4  -5  -5  -5   4  -1  -4  -1  -3  -4  -4  -2  -5  -3   6    0   0   0   0   0   0   0   0   0  24   0   0   0   0   0   0   0   0   0  76  1.21 0.33
   14 I    -1  -2  -1   0  -2  -1   0  -3  -3   2   1   0   0  -2  -3   0   4  -4  -3   2    1   0   1   6   0   2   5   0   0  13  14   6   1   0   0   3  34   0   0  16  0.27 0.15
   15 E    -3  -2  -2   1  -5   0   6  -4   0  -5  -5   1  -4  -5  -3   0  -2  -5  -4  -4    0   0   0   6   0   1  78   0   2   0   0   6   0   0   0   5   1   0   0   0  1.26 0.34
   16 A     2  -2  -1  -2   0  -2  -2  -2  -3   1   0  -1   2  -2   0   2   1  -3  -2   1   23   0   3   0   2   0   0   1   0   7   9   2  10   0   4  18  10   0   0  11  0.18 0.11
   17 L    -3  -2  -4  -5  -3  -3  -4  -5   1   1   5  -3   1   1  -3  -4  -3  -3   0  -1    0   2   0   0   0   0   0   0   4   4  81   1   1   4   1   0   0   0   3   0  0.85 0.26
   18 S    -1  -2  -1  -3  -4  -1  -2   0   0  -4  -4  -2  -4  -5   7   1   0  -5  -4  -4    2   2   3   0   0   2   0   6   3   0   0   1   0   0  66  11   4   0   0   0  1.49 0.30
   19 N     0  -2   6   2  -4  -1  -1   1  -2  -4  -4  -2  -2  -4  -3   0   0  -5  -4  -4    7   0  60  12   0   0   1  10   0   0   0   0   1   0   0   4   6   0   0   0  0.90 0.26
   20 A     3  -2  -1   2  -2  -1  -2   3  -3  -3  -3  -1  -1  -4  -2   1   1  -4  -3  -2   38   0   2  12   0   1   0  25   0   0   0   3   3   0   0   7  10   0   0   0  0.43 0.16
   21 M    -2   2   0  -2  -3   0  -1  -4   3  -1   0   1   7  -2  -3  -2   1  -3  -2  -2    0  12   6   1   0   3   3   0   8   0   3   8  42   1   0   0  12   0   0   0  0.54 0.24
   22 F    -4  -5  -5  -6  -4  -5  -5  -5  -2   0  -2  -5  -2   8  -6  -4  -4  -1   5  -2    0   0   0   0   0   0   0   0   0   6   0   0   0  78   0   0   0   0  16   0  1.72 0.37
   23 R    -3   6  -2   0  -5   0   0  -3  -2  -3  -2   3  -2  -4  -3  -2  -1   3  -3  -4    0  59   0   4   0   2   3   1   0   1   2  17   0   0   0   1   3   5   0   0  0.89 0.25
   24 V    -2  -5  -5  -5  -3  -4  -4  -5  -5   1   0  -4  -1  -3  -4  -4  -2  -5  -3   7    1   0   0   0   0   0   0   0   0   3   2   0   0   0   0   0   0   0   0  94  1.34 0.36
   25 E    -2   2  -2  -1   2   2   3  -3  -1  -2  -1   2   0  -3  -3  -1   1  -3  -2  -2    0  16   0   1   7   9  30   0   0   1   8  13   3   0   0   1   9   0   1   1  0.34 0.15
   26 L    -3  -4  -5  -5   3  -4  -5  -5  -5   0   6  -4   0  -1  -5  -4  -2  -3  -3   0    0   0   0   0   6   0   0   0   0   0  92   0   0   0   0   0   1   0   0   1  1.17 0.31
   27 E    -2  -2  -1   5  -5   1   6  -3  -2  -5  -5  -1  -4  -5  -2  -1  -2  -5  -4  -4    1   0   0  33   0   2  60   0   0   0   0   1   0   0   1   1   1   0   0   0  1.17 0.30
   28 N    -3  -2   8   1  -5  -1  -2  -2   0  -5  -5  -2  -4  -5  -4  -1  -1  -6  -4  -5    1   0  88   6   0   1   0   0   1   0   0   0   0   0   0   1   1   0   0   0  1.68 0.39
   29 G    -1  -3   1   1  -4  -2   0   6  -3  -5  -5   1  -4  -5  -3  -1  -3  -4  -4  -4    1   0   6   8   0   1   7  67   0   0   0   9   0   0   0   0   0   0   0   0  0.97 0.24
   30 H    -1  -2  -1   1   2   0  -2  -3   7   0  -2  -2   0   0  -1  -2  -2  -4  -1   1    3   1   1   9   5   5   0   0  43   4   2   1   2   3   2   0   1   0   0  16  0.61 0.22
   31 I    -1   0  -1  -1  -2   2   3  -3  -1   1   0   1  -1  -3   1  -1   0  -4  -2   1    0   5   2   1   0   9  31   0   0   8   7   9   0   0   5   1   5   0   0  14  0.23 0.12
   32 V    -2   0  -4  -5  -3  -4  -4  -5  -4   5   1  -3   0  -2  -4  -3  -2  -4  -3   4    0   6   0   0   0   0   0   0   0  42   7   0   0   0   0   1   0   0   0  45  0.77 0.24
   33 I    -2  -2  -2  -1  -2  -2  -2  -3  -2   2   4  -1   1  -1  -2  -2   0   0  -2   0    0   1   2   3   0   1   1   2   0  16  51   6   2   0   2   0   7   2   0   3  0.32 0.15
   34 A     5  -3  -2  -3   2  -3  -3   2  -3  -3  -3  -2  -3  -4  -3   0   0  -4  -4  -2   71   0   1   0   5   0   0  17   0   0   0   0   0   0   0   2   4   0   0   0  0.83 0.27
   35 H    -4   1  -1  -4  -5  -1  -2  -4   9  -4  -4  -2  -3  -1  -4  -3  -2  -2   6  -4    0   6   1   0   0   1   0   1  55   0   0   1   0   0   0   0   2   0  31   1  1.51 0.36
   36 I     0  -4  -4  -4  -2  -3  -4  -3  -4   5   1  -3   1  -2  -4  -2   1  -4  -3   3    7   0   0   0   0   0   0   1   0  49  10   0   1   0   0   2   9   0   0  21  0.55 0.19
   37 S     2  -3  -1  -2   1  -2  -2  -1  -3  -4  -4  -2  -3  -4   1   5  -1  -5  -4  -3   18   0   0   0   3   0   0   3   0   0   0   0   0   0   6  70   0   0   0   0  0.88 0.30
   38 G    -2  -4  -2  -3  -5  -4  -4   7  -4  -6  -6  -4  -5  -5  -4  -2  -4  -5  -5  -5    0   0   0   0   0   0   0 100   0   0   0   0   0   0   0   0   0   0   0   0  1.99 0.39
   39 K    -3   4  -1  -3  -5   0  -1  -4  -2  -5  -4   7  -3  -5  -3  -2  -3  -5  -4  -4    0  17   1   0   0   1   0   0   0   0   0  80   0   0   0   0   0   0   0   0  1.34 0.35
   40 M    -3  -4  -5  -5  -3  -3  -4  -5  -4   4   1  -4   8  -2  -5  -4  -3  -4  -3   0    0   0   0   0   0   0   0   0   0  32   5   0  62   0   0   0   0   0   0   1  1.41 0.38
   41 R    -3   8  -2  -3  -5   0  -2  -4  -2  -5  -4   2  -3  -5  -4  -1  -3  -5  -4  -5    0  88   0   0   0   1   0   0   0   0   0   9   0   0   0   3   0   0   0   0  1.65 0.38
   42 M    -2   3  -2  -3  -4   0  -1  -4   2   0  -1   4   5  -3  -3  -2  -2  -4  -3   0    0  15   0   0   0   3   0   0   6   4   3  40  24   0   0   1   0   0   0   6  0.56 0.22
   43 H    -2  -1   5  -1  -4  -1  -2  -2   7  -4  -4   0  -3   0  -3   1  -2  -4   0  -4    0   2  37   0   0   0   0   0  34   0   1   4   0   4   0  13   0   0   2   0  0.89 0.25
   44 Y    -2   3   0  -3  -4  -1  -2  -4   3  -3  -2   1  -2   4  -4  -1  -3  -1   6  -3    1  21   6   0   0   0   0   0   8   0   1  10   0  17   0   3   0   0  32   0  0.65 0.21
   45 I    -3  -5  -5  -5  -3  -5  -5  -6  -5   7   0  -5  -1  -2  -5  -4  -2  -5  -3   1    0   0   0   0   0   0   0   0   0  95   2   0   0   0   0   0   1   0   0   2  1.51 0.37
   46 K    -3   7  -1  -3  -5   0  -2  -4   1  -5  -4   3  -3  -4  -4  -2  -2   4  -3  -4    0  73   1   0   0   1   0   0   3   0   0  15   0   0   0   0   1   6   0   0  1.31 0.33
   47 L    -3  -5  -5  -5  -3  -4  -5  -5  -5   7   1  -4   0  -2  -4  -3  -2  -4  -3   2    0   0   0   0   0   0   0   0   0  79   7   0   0   0   0   1   1   0   0  11  1.14 0.30
   48 L    -3   0  -5  -5  -3  -3  -4  -5  -4   2   5  -3   2  -1  -4  -3  -2  -3  -2   0    1   6   0   0   0   0   0   0   0   8  77   0   3   1   0   0   0   0   0   4  0.84 0.25
   49 P     1  -2  -3  -3  -2  -1   0  -3  -3  -2  -1  -1  -2  -4   7  -2   0  -4  -3   0   15   2   0   0   1   2   7   0   0   2   4   2   1   0  52   0   6   0   0   7  0.99 0.22
   50 G    -1  -4  -2  -2  -4  -3  -2   7  -4  -5  -5  -3  -4  -5  -4  -2  -3  -4  -5  -5    1   0   1   1   0   1   3  92   0   0   0   0   0   0   0   1   0   0   0   0  1.66 0.33
   51 D    -4  -4  -1   8  -5  -2   0  -3  -3  -5  -5  -3  -5  -5  -3  -2  -3  -6  -5  -5    0   0   0  97   0   0   0   0   0   0   0   0   0   0   0   0   0   0   0   0  1.99 0.41
   52 K    -2   5  -2  -2  -4   0  -1  -3  -2  -2  -1   4   1  -3  -3  -1   0  -4  -3   0    1  38   0   0   0   1   1   1   0   2   4  32   4   0   0   3   6   0   0   8  0.57 0.19
   53 V    -2  -5  -5  -5  -3  -4  -5  -5  -5   1  -1  -4  -1  -3  -4  -4  -2  -5  -3   7    0   0   0   0   0   0   0   0   0   1   0   0   0   0   0   0   0   0   0  99  1.46 0.38
   54 K    -1   1  -1   1  -3   0   0  -3  -2   0  -1   3   0  -3  -2   0   3  -4  -3   0    1   4   1   9   0   3   5   0   0   7   4  29   2   0   0   3  27   0   0   6  0.27 0.14
   55 L    -2  -4  -5  -5  -1  -4  -4  -5  -5   3   1  -4   0  -2  -4  -3  -2  -4  -3   6    0   0   0   0   1   0   0   0   0  14  13   0   1   0   0   0   0   0   0  71  0.92 0.27
   56 E    -2  -2  -2   0  -5   1   7  -4  -1  -4  -4  -1  -3  -5  -3  -1  -2  -4  -3  -3    1   0   0   1   0   3  86   0   1   0   1   0   0   0   0   3   0   0   0   1  1.35 0.34
   57 M    -2  -3  -4  -4  -2  -3  -3  -4  -3   2   4  -3   5   1  -4  -3  -2  -3  -2   2    0   0   0   0   0   0   0   0   0  10  45   0  24   4   0   1   0   0   0  12  0.61 0.19
   58 S    -1  -3  -1  -2  -3  -2  -2  -2  -3  -3  -4  -2  -3  -4  -2   6   3  -5  -3  -1    0   0   1   0   0   0   0   0   0   0   0   0   0   0   1  71  21   0   0   6  0.95 0.32
   59 P    -1   0  -4  -4   1  -3  -3  -4  -2  -2  -4  -3  -4  -5   8  -2  -1  -5  -5  -2    3   6   0   0   3   0   0   0   1   2   0   0   0   0  78   2   3   0   0   2  1.90 0.36
   60 Y    -4  -4  -4  -6  -5  -4  -4  -5   1  -4  -3  -4  -3   2  -5  -4  -4   4   9  -4    0   0   0   0   0   0   0   0   2   0   0   0   0   3   0   0   0   6  90   0  2.26 0.46
   61 D    -3  -3   1   7  -5  -2   0  -3  -3  -5  -6  -3  -5  -5  -3   1  -3  -6  -5  -5    0   0   4  87   0   0   0   0   0   0   0   0   0   0   0   9   0   0   0   0  1.69 0.38
   62 L    -3  -4  -4  -5  -3  -3  -4  -5  -4   0   5  -4   1   1  -3  -1  -2  -3  -2  -1    0   0   0   0   0   0   0   0   0   1  83   0   1   6   1   8   1   0   0   0  0.86 0.24
   63 S    -1  -2   0   0  -3   1  -1  -3  -2  -3  -3   0  -2  -4  -3   2   6  -4  -3  -2    1   0   4   4   0   6   1   0   0   0   0   4   0   0   0  17  63   0   0   0  0.77 0.25
   64 K    -3   4  -1  -3  -5   0  -1  -3  -2  -4  -1   6  -3  -4  -3  -2  -2  -4  -3  -4    0  29   2   0   0   0   0   0   0   0   6  63   0   0   0   0   0   0   0   0  1.03 0.27
   65 A     0  -4  -2   0  -4  -3  -3   7  -4  -5  -5  -3  -4  -5  -4  -2  -3  -4  -5  -5    8   0   0   6   0   0   0  86   0   0   0   0   0   0   0   0   0   0   0   0  1.49 0.29
   66 R    -3   8  -2  -4  -2  -1  -2  -4  -2  -5  -4   0  -3  -5  -4  -3  -3  -5  -4  -5    0  99   0   0   1   0   0   0   0   0   0   0   0   0   0   0   0   0   0   0  1.91 0.39
   67 I    -3  -5  -5  -5  -3  -5  -5  -6  -5   7   0  -5  -1  -2  -5  -4  -2  -5  -3   2    0   0   0   0   0   0   0   0   0  94   2   0   0   0   0   0   0   0   0   4  1.44 0.33
   68 T    -1  -3   1  -3  -2  -3  -3  -3  -3   3  -1  -2  -1  -2  -3  -1   4  -4  -3   3    1   0   8   0   0   0   0   0   0  21   1   0   1   0   0   1  38   0   0  30  0.52 0.19
   69 Y    -4  -3  -4  -5  -4  -2  -4  -3   0  -3  -2  -3  -2   5  -5  -4  -4   5   8  -3    0   1   0   0   0   2   0   2   1   0   1   0   0  29   0   0   0   8  57   0  1.46 0.31
   70 R    -4   8  -2  -4  -6  -1  -2  -4  -2  -5  -4   0  -3  -5  -4  -3  -3  -5  -4  -5    0 100   0   0   0   0   0   0   0   0   0   0   0   0   0   0   0   0   0   0  1.97 0.40
   71 Y    -3  -2  -2  -3  -4  -2  -2  -4   8  -3  -3  -3  -2   4  -4  -3  -3  -1   6  -3    0   0   0   0   0   0   0   0  48   0   0   0   0  19   0   0   0   0  33   0  1.31 0.24

                      K         Lambda
Standard Ungapped    0.1346     0.3203
Standard Gapped      0.0603     0.2670
PSI Ungapped         0.1971     0.3179
PSI Gapped           0.0603     0.2670
