
Last position-specific scoring matrix computed, weighted observed percentages rounded down, information per position, and relative weight of gapless real matches to pseudocounts
           A  R  N  D  C  Q  E  G  H  I  L  K  M  F  P  S  T  W  Y  V   A   R   N   D   C   Q   E   G   H   I   L   K   M   F   P   S   T   W   Y   V
    1 A    4 -1 -1 -1 -1 -1 -1  0 -2 -2 -2 -1 -1 -2 -1  2  0 -3 -2 -1   72   0   0   0   0   0   0   0   0   0   0   0   0   0   0  28   0   0   0   0  0.41 0.03
    2 E   -1  0 -1  1 -4  2  5 -2  0 -4 -3  1 -2 -4 -1  0 -1 -3 -2 -3    0   0   0   0   0   0 100   0   0   0   0   0   0   0   0   0   0   0   0   0  0.85 0.04
    3 V    0 -3 -3 -3 -1 -2 -3 -3 -3  2  1 -3  1 -1 -3 -2  0 -3 -1  4    0   0   0   0   0   0   0   0   0   0   0   0   0   0   0   0   0   0   0 100  0.45 0.04
    4 L   -2 -2 -3 -4 -2 -2 -3 -4 -3  1  4 -2  2  0  2 -2 -1 -2 -1  0    0   0   0   0   0   0   0   0   0   0  89   0   0   0  11   0   0   0   0   0  0.46 0.03
    5 M   -1  3 -2 -3 -2  0 -1 -3 -1  0  1  1  5 -1 -2 -1 -1 -2 -2  0    0  28   0   0   0   0   0   0   0   0   0  12  60   0   0   0   0   0   0   0  0.32 0.04
    6 D   -2 -1  1  5 -4  0  3 -2 -1 -3 -4  0 -3 -4  2  0 -1 -4 -3 -3    0   0   0  65   0   0  24   0   0   0   0   0   0   0  11   0   0   0   0   0  0.76 0.03
    7 F   -2 -3 -3 -4 -3 -3 -3 -4 -2  0  1 -3  0  6 -4 -3 -2  1  3 -1    0   0   0   0   0   0   0   0   0   0  11   0   0  89   0   0   0   0   0   0  0.78 0.04
    8 P   -1  1 -2 -2 -3 -1 -1 -2 -2 -3 -3 -1 -3 -4  7 -1 -1 -4 -3 -3    0  11   0   0   0   0   0   0   0   0   0   0   0   0  89   0   0   0   0   0  1.82 0.04
    9 Q   -1  0  0  1 -3  3  5 -2  0 -3 -3  1 -2 -3 -1  0  0 -3 -2 -2    0   0   0   0   0  26  69   0   0   0   0   0   0   0   0   0   5   0   0   0  0.65 0.03
   10 L   -2 -2 -4 -4 -1 -2 -3 -4 -3  1  4 -3  2  0 -3 -3 -1 -2 -1  1    0   0   0   0   0   0   0   0   0   0 100   0   0   0   0   0   0   0   0   0  0.54 0.03
   11 T    0 -1  0 -1 -1  0 -1 -1  2 -1 -1 -1 -1 -2 -1  2  4 -2 -1 -1    1   1   1   1   0   1   1   1   9   1   1   1   0   1   1  12  66   0   1   1  0.33 0.02
   12 M   -1 -2 -2 -3  1 -1 -2 -3 -2  2  1 -2  4  2 -2 -1  0 -1  1  1    0   0   0   0   4   0   0   0   0  12   0   0  46  10   0   0   8   0   6   9  0.20 0.02
   13 T   -1 -1  0  1 -2  1  3 -2 -1 -2 -2  1 -1 -3 -1  1  3 -3 -2 -1    0   0   0   6   0   0  34   0   0   0   0   8   0   0   0   0  52   0   0   0  0.37 0.02
   14 L   -1 -2 -3 -2 -1 -1  1 -3 -2  2  2 -2  1 -1 -2 -2 -1 -3 -1  3    0   0   0   0   0   0  16   0   0  19  21   0   4   0   0   0   0   0   0  40  0.21 0.01
   15 P    0 -1 -1 -1 -1 -1 -1  1 -1  0  0 -1  0 -1  4 -1 -1 -1 -1  0    3   2   2   2   1   2   2  17   1  12   4   2   7   2  28   3   2   1   1   8  0.28 0.00
   16 D   -1 -1  3  5 -3  0  2 -1 -1 -3 -4 -1 -3 -4 -2  1 -1 -4 -3 -3    0   0  16  64   0   0   9   0   0   0   0   0   0   0   0  11   0   0   0   0  0.69 0.03
   17 G    0 -2  0 -1 -2 -2 -2  6 -2 -3 -3 -1 -2 -3 -2  0 -1 -2 -3 -3    1   1   1   1   0   1   1  87   0   1   1   1   0   1   1   1   1   0   0   1  0.88 0.03
   18 R   -1  4 -1 -2 -3  0  0 -2 -1 -1 -1  2 -1 -3 -2 -1  1 -3 -2  0    0  53   0   0   0   0   0   0   0   0   0  18   0   0   0   0  11   0   0  18  0.37 0.02
   19 E   -1  0  0  0 -3  1  3 -2 -1 -2 -2  2 -2 -3  1  0  2 -3 -2 -1    0   0   0   0   0   0  45   0   0   0   0  22   0   0   6   0  23   0   0   5  0.36 0.02
   20 E   -1  0  0  1 -4  2  5 -2  0 -3 -3  0 -2 -3 -1  0  1 -3 -2 -2    0   0   0   0   0   0  90   0   0   0   0   0   0   0   0   0  10   0   0   0  0.72 0.04
   21 S    0 -1  0 -1 -2 -1 -1 -1 -1 -3 -3 -1 -2 -3  5  3  1 -3 -2 -2    0   0   0   0   0   0   0   0   0   0   0   0   0   0  36  64   0   0   0   0  0.74 0.03
   22 V   -1 -3 -3 -3 -1 -3 -3 -4 -4  4  1 -3  1  0 -3 -2 -1 -3 -2  3    0   0   0   0   0   0   0   0   0  79   0   0   0   0   0   0   0   0   0  21  0.44 0.03
   23 M   -1 -2 -3 -3 -2 -1 -2 -3 -2  1  2 -2  7  0 -3 -2 -1 -2 -1  0    0   0   0   0   0   0   0   0   0   0   0   0 100   0   0   0   0   0   0   0  0.60 0.06
   24 K   -1  2  0 -1 -3  2  2 -2 -1 -3 -3  5 -2 -3 -1  0 -1 -3 -2 -3    0   0   0   0   0   8  11   0   0   0   0  81   0   0   0   0   0   0   0   0  0.55 0.03
   25 L   -2  6 -1 -2 -4  1  0 -3 -1 -3 -1  2 -1 -3 -2 -1 -1 -3 -2 -2    0  94   0   0   0   0   0   0   0   0   6   0   0   0   0   0   0   0   0   0  0.78 0.04
   26 T    0 -1  0 -1 -1 -1 -1 -2 -2 -1 -1 -1 -1 -2 -1  1  5 -3 -2  0    0   0   0   0   0   0   0   0   0   0   0   0   0   0   0   0 100   0   0   0  0.60 0.04
   27 T    2 -2 -1 -2  4 -1 -1 -1 -2 -1 -1 -1 -1 -2 -1  1  4 -3 -2  0   28   0   0   0  14   0   0   0   0   0   6   0   0   0   0   0  53   0   0   0  0.32 0.02
   28 L   -2 -2 -4 -4 -1 -2 -3 -4 -3  1  4 -3  2  0 -3 -3 -1 -2 -1  1    0   0   0   0   0   0   0   0   0   0 100   0   0   0   0   0   0   0   0   0  0.54 0.03
   29 V    0 -3 -3 -3 -1 -3 -3 -3 -3  3  1 -3  1 -1 -3 -2  0 -3 -1  4    0   0   0   0   0   0   0   0   0   6   0   0   0   0   0   0   0   0   0  94  0.44 0.03
   30 A    5 -2 -2 -2 -1 -1 -1  0 -2 -2 -2 -1 -1 -2 -1  1  0 -3 -2  0  100   0   0   0   0   0   0   0   0   0   0   0   0   0   0   0   0   0   0   0  0.50 0.04

                      K         Lambda
Standard Ungapped    0.1314     0.3179
Standard Gapped      0.0406     0.2670
PSI Ungapped         0.1326     0.3199
PSI Gapped           0.0406     0.2670
