
Last position-specific scoring matrix computed, weighted observed percentages rounded down, information per position, and relative weight of gapless real matches to pseudocounts
            A   R   N   D   C   Q   E   G   H   I   L   K   M   F   P   S   T   W   Y   V   A   R   N   D   C   Q   E   G   H   I   L   K   M   F   P   S   T   W   Y   V
    1 M    -3  -4  -4  -5  -4  -3  -4  -5  -4  -1   0  -4  10   2  -5  -4  -3  -3  -2  -1    0   0   0   0   0   0   0   0   0   0   0   0  91   9   0   0   0   0   0   0  1.82 0.35
    2 K    -2   1  -2  -2  -5   0  -1  -3  -2  -5  -4   7  -3  -5  -3  -2  -2  -5  -4  -4    0   2   0   0   0   0   0   0   0   0   0  98   0   0   0   0   0   0   0   0  1.44 0.29
    3 V    -2  -4  -2  -4  -2  -3  -4  -5  -4   2   0  -3  -1  -2  -4  -3   1  -4  -3   6    0   0   2   0   0   0   0   0   0   9   1   1   0   0   0   0   6   0   0  81  0.85 0.21
    4 R    -2   7  -1  -3  -5   1  -1  -4  -2  -4  -3   3  -2  -4  -3  -1  -2  -4  -1  -4    1  70   1   0   0   6   0   0   0   0   1  15   0   0   0   2   0   0   3   0  1.05 0.21
    5 A     4  -3  -2  -3  -2  -2  -2   0  -3  -3  -3  -2  -2  -4   4   2   1  -4  -3  -2   55   0   0   0   0   0   0   3   0   0   0   0   0   0  18  17   7   0   0   1  0.64 0.16
    6 S     0  -2  -1  -2  -3  -2  -2  -1  -3  -4  -4  -2  -3  -4  -3   6   0  -5  -3  -1    2   0   0   0   0   0   0   1   0   0   0   0   0   0   0  92   0   0   0   5  1.08 0.27
    7 V    -2  -4  -5  -5  -2  -4  -4  -5  -5   3   1  -4   0  -2  -4  -3  -2  -4  -3   6    0   0   0   0   0   0   0   0   0  11   7   0   0   0   0   0   0   0   0  82  0.95 0.22
    8 K    -2   4  -2  -2  -5   0  -1  -2  -2  -4  -4   6  -3  -5  -3  -2  -2  -5  -3  -4    0  19   0   0   0   0   0   2   0   0   0  79   0   0   0   0   0   0   0   0  1.14 0.24
    9 K    -2   3  -2  -2  -3   0  -1  -3  -2  -4  -4   6  -3  -5   2  -1  -1  -4  -3  -3    1  11   0   0   1   1   0   0   0   0   0  69   0   0  10   1   4   0   0   2  0.84 0.20
   10 I    -3   3  -3  -4  -3  -2  -3  -5  -3   5   1  -2   4  -1  -4  -3  -2  -4  -2   1    0  25   0   0   0   0   0   0   0  53   6   0  14   1   0   0   0   0   0   1  0.60 0.18
   11 C    -2  -5  -5  -5  11  -5  -6  -5  -5  -3  -3  -5  -3  -5  -5  -1  -1  -5  -5  -3    0   0   0   0  93   0   0   0   0   0   0   0   0   0   0   3   4   0   0   0  2.61 0.36
   12 D    -1   2   0   3  -4   0   3  -1  -1  -3  -4   2  -3  -4   0   1  -1  -4  -3  -3    4  17   3  19   0   1  24   2   0   0   0  12   0   0   5  11   1   0   0   1  0.39 0.09
   13 K    -1   0   3   2  -4   0   1  -1   2  -4  -4   4  -3  -4  -2   0  -1  -4  -1  -3    2   2  20  15   0   0   6   2   6   0   0  37   0   0   0   7   0   0   2   1  0.45 0.12
   14 C    -3  -6  -5  -6  11  -5  -6  -5  -5  -3  -3  -5  -4  -5  -5  -3  -3  -5  -5  -3    0   0   0   0 100   0   0   0   0   0   0   0   0   0   0   0   0   0   0   0  2.97 0.39
   15 K    -2   4  -1  -2  -3   2   0  -2  -1  -4  -3   5  -2   0  -3  -2  -1  -3   2  -3    0  22   0   0   0   7   1   1   0   0   0  52   0   4   0   0   1   0  10   1  0.65 0.17
   16 I    -2  -3  -3  -4  -2  -3  -4  -4  -4   4   2  -2   1   1  -3  -3  -1  -3  -1   3    1   0   1   0   0   0   0   0   0  37  20   2   2   4   1   0   0   0   1  31  0.49 0.12
   17 I    -2  -4  -5  -5  -2  -4  -4  -5  -5   6   0  -3   0  -2  -4  -4  -2  -4  -1   4    0   0   0   0   0   0   0   0   0  64   2   1   0   0   0   0   0   0   1  32  0.89 0.20
   18 K    -3   6  -2  -3  -5   0  -1  -4  -1  -5  -4   5  -3  -4  -3  -2  -2   0  -3  -4    0  58   0   0   0   0   0   0   1   0   0  40   0   0   0   0   0   1   0   0  1.13 0.22
   19 R    -3   8  -2  -4  -5  -1  -2  -4  -2  -5  -4   1  -3  -5  -4  -3  -3  -5  -4  -5    0 100   0   0   0   0   0   0   0   0   0   0   0   0   0   0   0   0   0   0  1.80 0.31
   20 K    -2   4   3  -1  -4   0   0  -1   5  -4  -4   4  -3  -3  -3  -1  -2  -4  -1  -4    0  22  16   1   0   1   2   4  16   0   0  35   0   1   0   1   0   0   1   0  0.59 0.15
   21 G    -1   0   0  -3  -4  -2  -3   6  -3  -5  -5   0  -4  -5  -4  -1  -3  -4  -4  -5    0   7   4   0   0   1   0  83   0   0   0   5   0   0   0   1   0   0   0   0  1.28 0.21
   22 V    -2   5  -2  -3  -3  -1  -2  -4  -1   1  -2   2  -1  -3  -3  -2  -1  -4  -3   3    1  44   1   0   0   0   0   0   1   9   0  14   0   0   0   1   2   0   0  27  0.50 0.15
   23 V    -2  -2  -1  -4  -2  -3  -4  -4  -4   3   2  -3   0  -1  -4  -3  -1   3  -2   4    0   2   3   0   0   0   0   0   0  18  21   0   0   0   0   0   3   5   0  47  0.48 0.13
   24 R    -2   5  -3  -4  -4  -1  -2  -4  -1  -1   0  -1   5   2  -4  -2  -2  -1   4  -2    1  39   0   0   0   0   0   0   1   2   6   0  23   8   0   1   0   0  17   1  0.55 0.17
   25 V    -2  -4  -3  -5  -2  -4  -4  -5  -5   3   0  -4  -1  -2  -4  -3  -2  -4  -3   6    0   0   1   0   0   0   0   0   0  15   0   0   0   0   0   0   0   0   0  84  1.00 0.23
   26 I    -3  -3  -4  -5  -3  -4  -4  -5  -4   6   1  -4   0   1  -4  -3  -2  -3   0   2    0   1   0   0   0   0   0   0   0  74   9   0   0   4   0   1   0   0   3   8  0.81 0.19
   27 C    -2  -5   0  -5  11  -5  -6  -4  -5  -3  -3  -5  -4  -5  -5  -3  -3  -5  -5  -3    0   0   7   0  93   0   0   0   0   0   0   0   0   0   0   0   0   0   0   0  2.63 0.36
   28 D     0   0  -1   0  -2   0   2  -2  -2  -1  -2   3  -2  -2  -2   2   1  -4  -2  -1    2   2   0   3   1   1  12   0   0   5   1  29   0   1   0  25  10   0   1   5  0.25 0.10
   29 T    -3  -2   7   2  -4  -1   0  -2   0  -2  -4  -1  -3  -4  -3   0   1  -5  -3  -2    0   0  64  10   0   1   5   0   2   3   0   2   0   0   0   1   9   0   0   2  0.86 0.19
   30 P    -1  -3  -2  -3  -4  -2  -3  -3  -4  -4  -4   0  -4  -4   8  -1  -3  -5  -4  -4    5   0   1   0   0   1   0   0   0   0   1   5   0   1  82   3   0   0   0   0  1.97 0.27
   31 K    -2   5  -1  -2  -5   0  -1  -3  -2  -4  -4   6  -3  -5  -3  -1  -2  -4  -3  -4    0  36   1   0   0   0   0   0   0   0   0  60   0   0   0   2   0   0   0   0  1.04 0.22
   32 H    -4  -2  -1  -3  -5  -2  -2  -4  10  -5  -3  -3  -3   0  -4  -3  -4  -4   1  -5    0   0   0   0   0   0   0   0  93   0   2   0   0   3   0   0   0   0   2   0  2.25 0.35
   33 S    -2   1   0  -2  -5   0  -1  -3  -2  -5  -4   7  -3  -5  -3  -1  -2  -5  -4  -4    0   0   4   0   0   0   0   0   0   0   0  94   0   0   0   1   1   0   0   0  1.31 0.27
   34 Q    -3  -1  -2  -2  -5   8   0  -4  -1  -5  -4  -1  -2  -5  -3  -2  -1  -4  -3  -4    0   0   0   0   0  98   0   0   0   0   0   0   0   0   0   0   2   0   0   0  1.77 0.34
   35 R    -3   7  -2  -3  -3   0  -2  -3  -2  -4  -4   2  -3  -5  -4  -2  -3  -4  -3  -3    1  85   0   0   1   0   0   1   0   0   0  11   0   0   0   0   0   0   0   2  1.38 0.26
   36 Q    -2  -1  -2  -2  -5   8   0  -4  -1  -5  -4  -1  -2  -5  -3  -2  -3  -4  -3  -4    2   0   0   0   0  98   0   0   0   0   0   0   0   0   0   0   0   0   0   0  1.78 0.34
   37 G    -1  -4  -2  -3  -4  -3  -4   7  -4  -6  -5  -3  -4  -5  -4  -2  -3  -4  -5  -5    0   0   0   0   0   0   0 100   0   0   0   0   0   0   0   0   0   0   0   0  1.74 0.24

                      K         Lambda
Standard Ungapped    0.1368     0.3262
Standard Gapped      0.0577     0.2670
PSI Ungapped         0.1885     0.3165
PSI Gapped           0.0577     0.2670
