
Last position-specific scoring matrix computed, weighted observed percentages rounded down, information per position, and relative weight of gapless real matches to pseudocounts
            A   R   N   D   C   Q   E   G   H   I   L   K   M   F   P   S   T   W   Y   V   A   R   N   D   C   Q   E   G   H   I   L   K   M   F   P   S   T   W   Y   V
    1 L    -2  -3  -4  -5  -2  -3  -4  -5  -4   2   5  -3   1   0  -4  -3  -2  -3  -2   0    0   0   0   0   0   0   0   0   0   6  94   0   0   0   0   0   0   0   0   0  0.83 0.16
    2 G    -2   4  -1   2  -4   0   1   1  -2  -3  -3   1  -3  -4   4   0  -1  -4  -3  -3    0  33   0  12   0   1   8  11   0   2   0   7   0   0  20   4   2   0   0   0  0.49 0.12
    3 P    -1  -2  -2  -2  -3  -1   0  -3  -3  -2  -3   1  -2  -4   4   1   5  -4  -3  -2    0   0   0   0   0   1   5   0   0   2   0  11   0   0  20   9  52   0   0   0  0.69 0.22
    4 D    -2  -2   0   6  -4  -1   1  -3   0  -3  -4   1  -3   0  -3  -1   0  -4  -3  -2    2   0   2  62   0   0   5   0   3   0   0  10   0   6   0   3   5   0   0   3  0.80 0.23
    5 I    -2  -3  -1  -4  -3  -3  -3  -4  -3   4   1  -3  -1   2  -2  -2   3  -3   2   1    0   0   4   0   0   0   0   0   0  43   9   0   0   8   1   0  23   0   9   2  0.48 0.21
    6 V    -1  -1  -1  -4  -2  -3  -3  -4  -4   2   1  -1   1   1  -4  -2  -1  -3  -2   4    3   3   4   0   0   0   0   0   0  13  10   6   2   7   0   0   3   0   0  51  0.43 0.19
    7 S    -1   0   0   1  -3   1  -1  -1  -2  -2  -3  -1  -3  -4  -1   5   0  -4  -3  -3    1   4   2   8   0   8   2   3   0   3   2   2   0   0   2  61   3   0   0   0  0.60 0.26
    8 P    -1   2   0  -2  -3  -1  -2   0  -2  -2  -3   0  -3  -4   5  -1   2  -4  -1  -2    4  14   4   1   0   3   0   9   0   2   1   3   0   0  37   0  17   0   2   2  0.64 0.18
    9 P     1  -1  -3  -2  -3   0  -1  -3  -3  -3  -3   0  -3  -4   7  -1  -1  -4  -3  -3   15   2   0   1   0   3   2   1   0   1   1   7   0   0  58   3   4   0   0   1  1.22 0.24
   10 V    -1  -1  -3  -3  -2  -1  -1  -3  -3   2   0  -2   0   2  -3  -1  -1  -3  -1   4    2   3   0   1   0   2   4   1   0   8   6   1   0   9   1   5   3   0   0  54  0.39 0.16
   11 C    -2  -4  -3  -4  10  -4  -4  -3  -4  -3  -3  -4  -3  -4  -4   2  -2  -4  -4  -3    1   1   0   1  71   0   1   1   0   1   1   1   0   0   1  19   1   0   0   1  2.02 0.35
   12 G    -2  -4  -2  -3  -4  -3  -3   7  -3  -5  -4  -3  -4  -4  -3  -2  -3  -4  -4  -4    1   1   0   1   0   0   1  90   0   1   1   1   0   0   1   1   1   0   0   1  1.66 0.29
   13 N    -4  -2   8   1  -5  -2  -2  -3  -2  -5  -6   1  -4  -5  -4  -2  -1  -6  -4  -5    0   0  84   4   0   0   0   0   0   0   0   9   0   0   0   0   3   0   0   0  1.70 0.38
   14 E    -1  -2   2   0  -4   1   3   2   0  -4  -2   0  -1  -2  -3  -1  -2  -3   3  -3    2   0  11   2   0   4  31  21   1   0   3   6   2   0   0   3   0   0  14   0  0.41 0.16
   15 L    -3  -1  -4  -4  -3  -3  -4  -4  -1   2   3  -1   1   4  -4  -3  -2  -2   1   1    0   2   0   0   0   0   0   0   2  13  34   6   2  26   0   0   0   0   5  11  0.48 0.15
   16 L    -2  -2  -3  -4  -2  -3  -2  -4  -3   1   3  -2   1  -1  -1  -3  -2   1  -1   3    1   2   0   0   0   0   2   1   0   3  42   2   2   0   2   1   1   2   2  35  0.46 0.15
   17 E    -3  -2  -2   2  -6   0   7   0  -2  -5  -5  -2  -4  -5  -3  -2  -3  -5  -4  -5    0   0   0  12   0   0  79   9   0   0   0   0   0   0   0   0   0   0   0   0  1.40 0.34
   18 V     3  -1  -1   0  -2   0   1  -1  -1  -1  -2  -1   0  -3   1   0   0  -4  -3   2   34   3   1   6   0   4  12   3   1   2   1   1   2   0   5   2   3   0   0  19  0.20 0.12
   19 G    -2  -4   0  -1  -4  -3  -1   7  -3  -5  -5  -2  -4  -5  -2  -1  -3  -4  -5  -5    0   0   4   2   0   0   3  84   0   0   0   2   0   0   2   3   0   0   0   0  1.42 0.28
   20 E    -3  -2  -2   0  -5   0   7  -2  -2  -3  -5   0  -4  -5  -3  -1  -3  -5  -4  -4    0   0   0   0   0   0  88   3   0   2   0   5   0   0   0   3   0   0   0   0  1.40 0.33
   21 E    -2  -1  -1   3  -5   3   6  -3  -2  -1  -4  -1  -1  -4  -3  -2  -2  -4  -3  -3    0   0   0  14   0  17  63   0   0   5   0   0   2   0   0   0   0   0   0   0  0.94 0.24
   22 C    -2  -5  -5  -5  11  -5  -6  -5  -5  -3  -3  -5  -3  -4  -5  -1  -3  -4   0  -3    0   0   0   0  92   0   0   0   0   0   0   0   0   0   0   3   0   0   4   0  2.65 0.39
   23 D    -3  -3   0   7  -5  -2   0  -3  -2  -5  -5  -2  -5  -4  -3  -2  -3  -5   0  -5    0   0   0  96   0   0   0   0   0   0   0   0   0   0   0   0   0   0   4   0  1.67 0.28
   24 C    -3  -1  -5  -6  11  -5  -6  -5  -5  -4  -4  -5  -4   0  -5  -3  -3  -5  -4  -3    0   5   0   0  91   0   0   0   0   0   0   0   0   4   0   0   0   0   0   0  2.81 0.46
   25 G    -2  -4  -2   1  -4  -3  -3   6   2  -6  -5  -3  -4  -5  -4  -1  -3  -4  -4  -5    0   0   0  10   0   0   0  82   5   0   0   0   0   0   0   3   0   0   0   0  1.46 0.29
   26 T     0  -2   0  -1  -1  -2  -2  -1  -2  -1  -2  -2  -2  -1   2   4   2  -4  -1  -2    6   1   4   1   1   0   0   2   0   5   2   0   0   4   9  47  16   0   2   0  0.42 0.17
   27 P    -1  -2  -3  -2  -4  -1   0  -3  -1  -2  -1  -1  -3  -4   7   0  -2  -5  -4  -1    4   1   0   1   0   3   7   1   1   1   7   2   0   0  59   8   1   0   0   3  1.16 0.23
   28 E     2   1  -1   0  -3   2   3   0  -2  -3  -3   1  -2  -4   1   0   0  -1  -3  -2   30   7   0   4   0   9  22   7   0   0   0   9   0   0   5   1   4   1   0   1  0.32 0.13
   29 N    -2  -2   6   2  -4   1   2  -2   0  -4  -4  -1  -3  -4  -2   0   0  -5  -2  -4    1   0  50   9   0   5  18   0   1   1   0   2   0   0   1   5   4   0   1   0  0.77 0.22
   30 C    -3  -6  -5  -6  11  -6  -6  -5  -6  -4  -4  -6  -4  -5  -5  -3  -3  -5  -5  -3    0   0   0   0 100   0   0   0   0   0   0   0   0   0   0   0   0   0   0   0  3.24 0.40
   31 Q    -1   3  -1  -2  -4   5   1  -2  -1  -3  -3   1  -2  -4  -1  -1   2  -4  -3  -2    5  19   0   0   0  40   9   2   0   0   0   6   0   0   1   0  16   0   0   2  0.55 0.14
   32 N    -2  -2   5   5  -4  -1  -1  -2   3  -4  -4  -2  -1  -4  -3   1  -1  -4   0  -4    0   0  43  35   0   0   0   0   7   0   0   0   2   0   0   9   0   0   3   0  0.84 0.16
   33 E    -1   3   0   0  -4   3   3  -2   0  -3  -3   3  -2  -4  -2   0  -1  -3  -2  -3    0  23   0   0   0  21  28   0   0   0   0  23   0   0   0   5   0   0   0   0  0.50 0.04

                      K         Lambda
Standard Ungapped    0.1411     0.3116
Standard Gapped      0.0511     0.2670
PSI Ungapped         0.1669     0.3164
PSI Gapped           0.0511     0.2670
