
Last position-specific scoring matrix computed, weighted observed percentages rounded down, information per position, and relative weight of gapless real matches to pseudocounts
           A  R  N  D  C  Q  E  G  H  I  L  K  M  F  P  S  T  W  Y  V   A   R   N   D   C   Q   E   G   H   I   L   K   M   F   P   S   T   W   Y   V
    1 A    4 -2 -2 -2 -1 -1 -1  0 -2 -2 -2 -1 -1 -3 -1  2  0 -3 -2 -1   89   0   0   0   0   0   0   0   0   0   0   0   0   0   0  11   0   0   0   0  0.46 0.03
    2 S    0 -1  0 -1 -2 -1 -1 -2  3 -2 -1 -1 -1  3 -2  2  2 -1  2 -1    0   0   0   0   0   0   0   0  14   0   0   0   0  23   0  36  18   0   9   0  0.24 0.02
    3 F    0 -3 -3 -3 -2 -3 -3 -3  0  2  1 -3  0  5 -3 -2 -1 -1  1  2    9   0   0   0   0   0   0   0   4  12  12   0   0  42   0   0   0   0   0  20  0.29 0.02
    4 S    0 -1  0 -1 -1 -1 -1 -1 -2 -2 -1 -1 -1 -2 -1  4  3 -3 -2 -1    0   0   0   0   0   0   0   0   0   0   8   0   0   0   0  58  35   0   0   0  0.38 0.04
    5 V    2 -3 -3 -3 -1 -2 -2 -2 -3  2  0 -2  0  1 -2 -1  0 -3 -1  3   25   0   0   0   0   0   0   0   0  14   0   0   0   8   0   0   0   0   0  54  0.24 0.03
    6 V   -1 -2 -3 -3 -2  1 -2 -4 -2  3  3 -2  2  0 -3 -2 -1 -2 -1  2    0   0   0   0   0  12   0   0   0  21  35   0  10   0   0   0   0   0   0  21  0.25 0.02
    7 G    0 -3 -1 -2 -3 -2 -3  6 -3 -4 -4 -2 -3 -4 -3 -1 -2 -3 -4 -4    0   0   0   0   0   0   0 100   0   0   0   0   0   0   0   0   0   0   0   0  1.20 0.05
    8 D   -2 -2  3  6 -4 -1  1 -2 -1 -4 -4 -1 -3 -4 -2  0 -1 -5 -3 -4    0   0  12  88   0   0   0   0   0   0   0   0   0   0   0   0   0   0   0   0  0.99 0.05
    9 I   -1 -3 -4 -4 -1 -3 -4 -4 -4  4  2 -3  1  0 -3 -3 -1 -3 -2  3    0   0   0   0   0   0   0   0   0  72  12   0   0   0   0   0   0   0   0  15  0.45 0.04
   10 M   -1 -2 -3 -4 -2 -2 -3 -4 -3  2  4 -2  4  0 -3 -2 -1 -2 -1  2    0   0   0   0   0   0   0   0   0   0  61   0  26   0   0   0   0   0   0  12  0.42 0.03
   11 G    1 -2 -1 -2 -2 -2 -2  6 -2 -4 -4 -2 -3 -3 -2  1 -1 -3 -3 -3   12   0   0   0   0   0   0  77   0   0   0   0   0   0   0  10   0   0   0   0  0.83 0.04
   12 T    0 -1 -1 -1 -2  0  1 -2 -2 -1  0 -1 -1 -2  3  2  2 -3 -2 -1    0   0   0   0   0   0  12   0   0   0  13   0   0   0  15  37  17   0   0   5  0.27 0.02
   13 S    4 -2 -1 -2 -1 -1 -1  0 -2 -2 -2 -1 -1 -3 -1  2  2 -3 -2 -1   62   0   0   0   0   0   0   0   0   0   0   0   0   0   0  17  21   0   0   0  0.37 0.03
   14 M   -2 -3 -3 -4 -2 -2 -3 -4 -3  3  3 -2  5  0 -3 -2 -1 -2 -1  2    0   0   0   0   0   0   0   0   0  41  23   0  36   0   0   0   0   0   0   0  0.39 0.04
   15 Q   -1  1  3  0 -3  5  1 -2  0 -3 -3  2 -1 -4 -2  0 -1 -3 -2 -3    0   4  21   0   0  64   0   0   0   0   0  10   0   0   0   0   0   0   0   0  0.58 0.05
   16 N   -2 -1  6  1 -3  0 -1  1  3 -4 -4 -1 -3 -3 -2  0 -1 -4 -2 -3    0   0  79   0   0   0   0  12   9   0   0   0   0   0   0   0   0   0   0   0  0.71 0.05
   17 L   -1 -2 -2 -3 -1 -2 -2 -3 -3  1  3 -2  1 -1 -2 -1  3 -2 -2  1    0   0   0   0   0   0   0   0   0   4  55   0   0   0   0   0  35   0   0   6  0.29 0.03
   18 H    0  0  2  1 -2  3  1 -1  3 -3 -2  0 -1 -2 -1  1  0 -2 -1 -2    8   1   9   8   0  31   6   1  11   1   1   1   0   1   1  19   1   0   0   1  0.27 0.02
   19 Q   -1 -1  4  1 -2  1  0  0  0 -2 -2  0 -2 -3 -2  1  0 -4 -2  0    0   0  47   5   0  11   0   7   0   0   0   0   0   0   0  17   0   0   0  13  0.33 0.03
   20 L   -2 -3 -4 -4 -2 -3 -3 -4 -3  2  4 -3  2  0 -3 -3 -1 -2 -1  2    0   0   0   0   0   0   0   0   0   0  87   0   0   0   0   0   0   0   0  13  0.49 0.04
   21 L   -2 -3 -4 -4 -2 -3 -3 -4 -3  2  4 -3  2  0 -3 -3 -1 -2 -1  2    0   0   0   0   0   0   0   0   0  17  76   0   0   0   0   0   0   0   0   7  0.46 0.03
   22 Q   -1  4  0 -1 -4  5  1 -2  2 -3 -3  2 -1 -3 -2 -1 -1 -3 -2 -3    0  34   0   0   0  56   0   0   5   0   0   5   0   0   0   0   0   0   0   0  0.61 0.05
   23 M   -1 -2 -3 -4 -2 -1 -3 -3 -2  1  3 -2  7  0 -3 -2 -1 -2 -1  0    0   0   0   0   0   0   0   0   0   0  21   0  79   0   0   0   0   0   0   0  0.56 0.07
   24 P   -1 -3 -3 -2 -3 -2 -2 -3 -3 -3 -4 -1 -3 -4  8 -1 -2 -4 -4 -3    0   0   0   0   0   0   0   0   0   0   0   0   0   0 100   0   0   0   0   0  2.20 0.07
   25 F   -2  1 -2 -3 -3 -1 -2 -3  1 -2 -1 -1 -1  4 -3 -1 -2  1  6 -2    0  12   0   0   0   0   0   0   0   0   0   0   0  19   0   7   0   0  61   0  0.65 0.05
   26 G    0 -3 -1 -2 -3 -2 -3  6 -3 -4 -4 -2 -3 -4 -3 -1 -2 -3 -4 -4    0   0   0   0   0   0   0 100   0   0   0   0   0   0   0   0   0   0   0   0  1.20 0.05
   27 C   -1 -3  0 -3  9 -3 -3 -1 -3 -2 -2 -3 -2 -3 -3  0 -1 -3 -3 -2    0   0   6   0  81   0   0   6   0   0   0   0   0   0   0   8   0   0   0   0  1.13 0.07
   28 G    0 -3 -1 -2 -3 -2 -3  6 -3 -4 -4 -2 -3 -4 -3 -1 -2 -3 -4 -4    0   0   0   0   0   0   0 100   0   0   0   0   0   0   0   0   0   0   0   0  1.20 0.05
   29 E   -1  0 -1  1 -4  2  6 -3  0 -4 -3  1 -3 -4 -2  0 -1 -3 -3 -3    0   0   0   0   0   0 100   0   0   0   0   0   0   0   0   0   0   0   0   0  0.91 0.06
   30 Q   -1  1  0 -1 -4  7  2 -2  0 -3 -3  1 -1 -4 -2 -1 -1 -3 -2 -3    0   0   0   0   0 100   0   0   0   0   0   0   0   0   0   0   0   0   0   0  0.90 0.08
   31 N   -2 -1  7  1 -3  0 -1 -1  0 -4 -4 -1 -3 -4 -3  0  0 -4 -3 -4    0   0 100   0   0   0   0   0   0   0   0   0   0   0   0   0   0   0   0   0  0.96 0.07
   32 M   -1 -2 -3 -4 -2 -1 -3 -3 -2  2  2 -2  7  0 -3 -2 -1 -2 -1  1    0   0   0   0   0   0   0   0   0   8   0   0  92   0   0   0   0   0   0   0  0.59 0.06

                      K         Lambda
Standard Ungapped    0.1341     0.3227
Standard Gapped      0.0446     0.2670
PSI Ungapped         0.1456     0.3202
PSI Gapped           0.0446     0.2670
