
Last position-specific scoring matrix computed, weighted observed percentages rounded down, information per position, and relative weight of gapless real matches to pseudocounts
            A   R   N   D   C   Q   E   G   H   I   L   K   M   F   P   S   T   W   Y   V   A   R   N   D   C   Q   E   G   H   I   L   K   M   F   P   S   T   W   Y   V
    1 Y    -2  -3  -3  -4  -3  -3  -3  -4   0  -1   0  -3   0   6  -4  -3  -2   1   5  -1    0   0   0   0   0   0   0   0   0   0   0   0   0  70   0   0   0   0  30   0  0.78 0.03
    2 V     2  -2  -2  -2  -1  -2  -2  -2  -3   1  -1  -2  -1  -2   3   1   0  -4  -2   3   19   0   0   0   0   0   0   0   0   0   0   0   0   0  14  18   0   0   0  49  0.30 0.07
    3 G     2  -1   4   0  -2  -1  -1   1  -1  -3  -3   0  -2  -3  -2   2   1  -4  -2  -2   33   0  27   0   0   0   0   6   0   0   0   6   0   0   0  19   7   0   0   0  0.34 0.07
    4 Q    -2   3  -1  -1  -4   5   3  -3  -1  -4  -3   1  -2  -4  -1  -1  -1  -3  -2  -3    0  23   0   0   0  47  24   0   0   0   0   2   0   0   1   0   2   0   0   0  0.69 0.11
    5 R    -2   1  -1  -2  -3  -1  -1  -3   7  -3  -2  -1  -2  -2  -3  -1   3  -3   2  -2    0   9   0   0   0   0   0   0  48   0   3   0   0   0   0   0  34   0   6   0  0.71 0.13
    6 L    -2  -3  -4  -5  -2  -3  -4  -5  -2   1   5  -3   1   0  -4  -3  -2  -1   4   0    0   0   0   0   0   0   0   0   0   0  81   0   0   0   0   0   0   0  19   0  0.68 0.12
    7 C    -2  -5  -4  -5  11  -5  -5  -4  -5  -3  -3  -5  -3  -4  -5  -2  -2  -4  -4  -2    0   0   0   0 100   0   0   0   0   0   0   0   0   0   0   0   0   0   0   0  2.56 0.29
    8 G    -1  -4  -2  -3  -4  -3  -4   7  -3  -5  -5  -3  -4  -5  -4  -2  -3  -4  -5  -5    0   0   0   0   0   0   0 100   0   0   0   0   0   0   0   0   0   0   0   0  1.67 0.24
    9 S     1   3  -1  -2  -2  -1  -1   0  -2  -4  -3   0  -3  -4  -1   5   0  -4  -3  -3    8  19   0   0   0   0   0   6   0   0   0   4   0   0   2  61   0   0   0   0  0.55 0.16
   10 Q    -3  -1   1   0  -4   1   2  -3   8  -4  -4  -2  -3  -2  -3  -2  -1  -3   3  -4    0   0   5   4   0   5  14   0  58   0   0   0   0   0   0   0   4   0  11   0  1.01 0.20
   11 L    -3  -3  -5  -5  -3  -3  -4  -5  -4   1   6  -4   1  -1  -4  -4  -2  -3  -2   0    0   0   0   0   0   0   0   0   0   0 100   0   0   0   0   0   0   0   0   0  1.03 0.21
   12 V     3  -3  -3  -4  -2  -3  -3   1  -4   1  -1  -3  -1  -2  -3  -1  -1  -4  -3   5   29   0   0   0   0   0   0  11   0   0   0   0   0   0   0   0   0   0   0  60  0.48 0.15
   13 D    -2   2   3   4  -4   0   3   1  -1  -4  -4   0  -3  -4  -2  -1  -2  -4  -3  -4    0  12  14  35   0   0  28  11   0   0   0   0   0   0   0   0   0   0   0   0  0.62 0.13
   14 T     3  -2  -2  -3  -2  -2  -2  -2  -3   1  -1  -2  -1  -3  -2   0   3  -4  -3   2   44   0   0   0   0   0   0   0   0   9   0   0   0   0   0   0  32   0   0  15  0.41 0.14
   15 L    -3  -3  -5  -5  -2  -3  -4  -5  -4   1   5  -4   3  -1  -4  -4  -2  -3  -2   0    0   0   0   0   0   0   0   0   0   0  94   0   6   0   0   0   0   0   0   0  0.96 0.20
   16 Y     2  -2   2  -2  -3   2  -2  -2   0  -3  -3  -2  -2   1  -3   0  -2   0   6  -2   25   0  12   0   0  14   0   0   0   0   0   0   0   3   0   4   0   0  43   0  0.55 0.16
   17 S    -2  -2   0   2  -2  -2  -2  -3  -2   0   2  -2   1   3  -3   1  -1  -1   2  -1    0   0   3  14   0   0   0   0   0   4  30   0   4  20   0  17   0   0   7   1  0.21 0.09
   18 V    -1  -3  -4  -4  -2  -3  -3  -4  -4   2   3  -3   0  -1  -3  -3   0  -3  -2   5    4   0   0   0   0   0   0   0   0   4  28   0   0   0   0   0   3   0   0  62  0.56 0.14
   19 C     1  -5  -4  -5  11  -4  -5  -4  -5  -3  -3  -4  -3  -4  -4  -2  -2  -4  -4  -2   11   0   0   0  89   0   0   0   0   0   0   0   0   0   0   0   0   0   0   0  2.23 0.30
   20 K    -1  -1  -2  -1  -4  -1   2   5  -2  -5  -4  -1  -3  -3  -3  -1  -2   6  -2  -4    0   2   0   2   0   2  20  60   0   0   0   2   0   0   0   0   0  12   0   0  0.87 0.16
   21 H    -1   0   1   3  -3   0   3  -2   1  -2  -3   1  -2  -3   1   0  -1  -4  -2   0    0   3   6  20   0   0  32   0   5   0   0   7   0   0   5   7   0   0   0  15  0.34 0.09
   22 R     0   6   0  -1  -4   0   0  -3  -1  -4  -3   2  -2  -4  -3   0  -1  -4  -3  -3    6  70   2   3   0   0   6   0   0   0   0   5   0   0   0   5   3   0   0   0  0.84 0.17
   23 G    -1   1  -2  -3  -4  -3  -3   7  -3  -5  -5  -2  -4  -4  -3  -1  -3  -4  -4  -4    0  11   0   0   0   0   0  89   0   0   0   0   0   0   0   0   0   0   0   0  1.37 0.21
   24 F    -3   2  -3  -4  -3  -3  -3  -4  -2  -1  -1  -2  -1   7  -4  -3  -2   0   3   1    0  15   0   0   0   0   0   0   0   0   0   0   0  61   0   0   0   0   7  12  0.75 0.16
   25 Y    -2  -3  -3  -3  -3  -3  -3  -1  -1   0  -1  -3  -1   5  -3  -1   1   0   5  -1    0   0   0   0   0   0   0   7   0   4   4   0   0  36   0   4  11   0  30   0  0.57 0.13
   26 R    -3   5   0  -3  -4  -2  -3  -4  -1  -4  -3  -2  -3   2  -4   0  -3  -1   7  -3    0  33   6   0   0   0   0   0   0   0   1   0   0   8   0  10   0   0  39   0  0.98 0.38
   27 P     0   0   2   0  -3   1  -1  -1  -2  -1  -2   0  -2  -3   4   1   0  -4  -1  -2    8   4  14   4   0   9   0   3   0   4   3   6   0   0  26   9   6   0   2   0  0.40 0.18
   28 S    -2   3   1  -2  -4   1   1   0   2  -4  -4   3  -3  -5   4   1  -2  -5  -3  -4    0  15   8   0   0   7   7   6   6   0   0  21   0   0  19  12   0   0   0   0  0.53 0.27
   29 E    -1   4   0   0  -3   1   0  -1  -2  -3  -3   1   0  -3   2   0   0  -4  -3  -1    5  29   4   5   0   4   6   4   0   0   0   8   4   0  10   5   7   0   0   4  0.28 0.18
   30 G    -1   1  -2  -3  -4  -3  -3   7  -3  -5  -5  -2  -4  -5  -4  -2  -3  -4  -4  -5    0   9   0   0   0   0   0  91   0   0   0   0   0   0   0   0   0   0   0   0  1.44 0.19
   31 I    -2  -4  -5  -5  -2  -4  -5  -5  -5   7   1  -4   0  -1  -4  -4  -2  -4  -3   2    0   0   0   0   0   0   0   0   0  88   4   0   0   0   0   0   0   0   0   8  1.02 0.18
   32 V    -2  -4  -4  -4  -2  -3  -4  -5   2   1  -1  -4  -1  -2  -4  -3  -1  -4  -2   6    0   0   0   0   0   0   0   0   8   0   0   0   0   0   0   0   0   0   0  92  0.94 0.19
   33 D    -2  -1  -1   4  -5   2   5  -3  -1  -4  -4  -1  -3  -5  -2  -1  -2  -4  -3  -4    0   0   0  31   0   9  53   0   0   0   0   0   0   0   0   0   0   0   0   0  0.91 0.16
   34 Q    -2   1  -1  -1  -5   6   4  -3   0  -4  -4   0  -2  -4  -3  -1  -2  -4  -3  -3    0   4   0   0   0  52  32   0   2   0   0   0   0   0   0   0   0   0   0   2  0.88 0.17
   35 C    -2  -5  -5  -6  11  -5  -6  -4  -5  -3  -3  -5  -3  -4  -5  -3  -3  -4  -4  -3    0   0   0   0 100   0   0   0   0   0   0   0   0   0   0   0   0   0   0   0  2.74 0.30
   36 C    -2  -5  -4  -5  11  -4  -5  -4  -5  -3  -3  -5  -3  -4  -4  -2   1  -4  -4  -2    0   0   0   0  91   0   0   0   0   0   0   0   0   0   0   0   9   0   0   0  2.36 0.27
   37 T    -2  -2   0  -1  -3  -1  -1  -3   6  -2  -1   0  -1   4  -3   0   1  -2   2  -2    1   0   2   3   0   0   3   0  31   0   6   6   0  23   0   9  11   0   5   0  0.40 0.10
   38 N    -1   3   2  -1   0   1  -1   1   0  -4  -3   3  -2  -4  -2   1   0  -4  -3  -3    0  24  16   0   2   6   0  14   1   0   0  26   0   0   0   8   3   0   0   0  0.39 0.08
   39 I    -1  -2  -2  -2  -3  -2  -2  -1  -3   2  -2  -1  -2  -3   6   1   1  -4  -3   0    0   1   0   0   0   0   0   3   0  19   0   2   0   0  40  17  10   0   0   7  0.67 0.11
   40 C    -2  -5  -5  -6  11  -5  -6  -4  -5  -3  -3  -5  -3  -4  -5  -3  -3  -4  -4  -3    0   0   0   0 100   0   0   0   0   0   0   0   0   0   0   0   0   0   0   0  2.74 0.30
   41 S    -1  -2   2   3  -3  -1   0  -2  -2  -3  -4   0  -3  -4  -2   4   2  -4  -3  -3    0   0   6  21   0   0   2   0   0   0   0   4   0   0   0  47  12   0   0   0  0.51 0.12
   42 R    -2  -1  -4  -4  -2  -3  -3  -4  -3   3   4  -2   2   1  -4  -3  -2  -2   0   1    0   4   0   0   0   0   0   0   0  26  49   1   6   4   0   0   0   0   4   6  0.44 0.09
   43 N    -1   1   0   1  -3  -1   0  -3   1  -2  -2   0  -2   4  -3  -1  -2   0   5  -2    6   9   5   8   0   0   7   0   2   0   0   4   0  20   0   4   0   0  36   0  0.44 0.10
   44 Q    -1   1   0   3  -3   4   1  -3  -1  -1  -1   0  -1  -3  -2  -1  -1  -3  -3   0    4   7   2  19   0  34   5   0   0   2   8   0   0   0   0   0   0   0   0  13  0.32 0.10
   45 L    -2  -3  -4  -4  -2  -3  -3  -4  -3   1   5  -3   2  -1  -1  -3  -2  -2  -2   0    1   0   0   0   0   0   1   1   0   0  85   0   4   0   3   1   1   0   0   1  0.71 0.13
   46 L    -1   0  -1   0  -4   3   5  -3  -1  -3  -1   1   0  -4  -2  -1  -2  -4  -3  -3    2   4   0   0   0  16  58   0   0   0   6   4   3   0   0   0   0   0   0   0  0.68 0.14
   47 T    -1  -1   5   0  -3   0   0   0  -1  -3  -3  -1   1  -4  -3   2   1  -4  -3  -3    0   0  44   0   0   1   4   3   0   0   0   2   8   0   0  22   7   0   0   0  0.50 0.12
   48 Y    -4  -3  -4  -5  -4  -3  -4  -5   0  -3  -3  -4  -3   2  -5  -3  -3   1   9  -3    0   0   0   0   0   0   0   0   0   0   0   0   0   0   0   0   0   0 100   0  2.07 0.28
   49 C    -2  -5  -5  -6  11  -5  -6  -4  -5  -3  -3  -5  -3  -4  -5  -3  -3  -4  -4  -3    0   0   0   0 100   0   0   0   0   0   0   0   0   0   0   0   0   0   0   0  2.74 0.30
   50 N    -2  -1   7   2  -4  -1  -1  -1   0  -4  -4  -1  -3  -4  -3   0  -1  -5  -3  -4    0   0  94   6   0   0   0   0   0   0   0   0   0   0   0   0   0   0   0   0  1.16 0.13

                      K         Lambda
Standard Ungapped    0.1412     0.3278
Standard Gapped      0.0480     0.2670
PSI Ungapped         0.1567     0.3169
PSI Gapped           0.0480     0.2670
