
Last position-specific scoring matrix computed, weighted observed percentages rounded down, information per position, and relative weight of gapless real matches to pseudocounts
           A  R  N  D  C  Q  E  G  H  I  L  K  M  F  P  S  T  W  Y  V   A   R   N   D   C   Q   E   G   H   I   L   K   M   F   P   S   T   W   Y   V
    1 S    2 -1  0 -1 -1 -1 -1 -1 -2 -3 -3 -1 -2 -3 -1  5  1 -3 -2 -2   14   0   0   0   0   0   0   0   0   0   0   0   0   0   0  86   0   0   0   0  0.63 0.09
    2 G    0 -3 -1 -2 -3 -3 -3  6 -3 -5 -5 -2 -3 -4 -3 -1 -2 -3 -4 -4    0   0   0   0   0   0   0 100   0   0   0   0   0   0   0   0   0   0   0   0  1.35 0.09
    3 S    1 -2  0 -1  1 -1 -1 -1 -2 -3 -3 -1 -2 -3 -2  5  1 -4 -2 -2    0   0   0   0   3   0   0   0   0   0   0   0   0   0   0  97   0   0   0   0  0.73 0.10
    4 I   -1 -3 -3 -4 -1 -3 -3 -4 -4  4  1 -3  1 -1 -3 -2  0 -3 -2  4    0   0   0   0   0   0   0   0   0  30   4   0   0   0   0   0   4   0   0  63  0.48 0.06
    5 I   -2 -4 -4 -4 -2 -4 -4 -5 -4  6  1 -3  1 -1 -4 -3 -1 -3 -2  2    0   0   0   0   0   0   0   0   0 100   0   0   0   0   0   0   0   0   0   0  0.76 0.10
    6 H   -3 -1  0 -2 -4  0 -1 -3  9 -4 -4 -2 -3 -2 -3 -2 -3 -3  1 -4    0   0   0   0   0   0   0   0 100   0   0   0   0   0   0   0   0   0   0   0  1.61 0.14
    7 S    1 -2  1 -1 -2 -1 -1  3 -2 -3 -3 -1 -2 -3 -2  4  0 -3 -3 -3    4   0   5   0   0   0   0  26   0   0   0   0   0   0   0  65   0   0   0   0  0.53 0.07
    8 M   -2 -2 -3 -4 -2 -1 -3 -4 -3  1  2 -2  8 -1 -3 -2 -1 -2 -2  1    0   0   0   0   0   0   0   0   0   6   5   0  87   0   0   0   0   0   0   2  0.85 0.12
    9 E   -2 -1 -1  1 -4  1  6 -1 -1 -4 -4  0 -3 -4 -2 -1 -2 -4 -3 -3    0   0   0   0   0   0  96   4   0   0   0   0   0   0   0   0   0   0   0   0  1.00 0.10
   10 A    1 -2 -1 -1 -2 -1  0 -1 -2 -3 -3  0 -2 -3  6  1  2 -4 -3 -2   15   0   1   0   0   0   8   4   0   0   0   3   0   0  45   6  18   0   0   0  0.77 0.05
   11 N   -1 -3 -2 -4 -1 -3 -3 -4 -3  4  2 -3  1  0 -3 -2  0 -3 -1  3    0   0   2   0   0   0   0   0   0  40  17   0   0   2   0   0   3   0   0  37  0.38 0.05
   12 V   -1 -3 -4 -4 -1 -3 -3 -4 -4  2  1 -3  0 -1 -3 -2 -1 -3 -2  5    0   0   0   0   0   0   0   0   0   4   7   0   0   0   0   0   0   0   0  90  0.59 0.08
   13 G    0 -3 -1 -2 -3 -3 -3  6 -3 -5 -5 -2 -3 -4 -3 -1 -2 -3 -4 -4    0   0   0   0   0   0   0 100   0   0   0   0   0   0   0   0   0   0   0   0  1.35 0.09
   14 Y   -3 -2 -2 -4 -3 -2 -3 -4  4 -2 -2 -3 -2  4 -4 -2 -2  1  7 -2    0   0   0   0   0   0   0   0  12   0   0   0   0  12   0   0   0   0  76   0  1.09 0.10
   15 S    0 -1  3  2  2 -1 -1 -1  0 -3 -3 -1 -2 -2 -2  4  0 -4 -2 -3    0   2  24   9   7   0   0   0   2   0   0   0   0   1   0  55   0   0   0   0  0.42 0.06
   16 P   -1 -3 -3 -2 -4 -2 -2 -3 -3 -4 -4 -2 -3 -5  8 -1 -2 -5 -4 -3    5   0   0   0   0   0   0   0   0   0   0   0   0   0  95   0   0   0   0   0  2.18 0.11
   17 D    0 -1  2  4 -3  0  2 -2 -1 -1 -2  0 -1 -3 -2  0  0 -3 -2 -1    8   1  17  30   0   1  18   0   0   4   0   1   4   0   0   5   4   0   1   6  0.29 0.03
   18 K   -1  2  0 -1 -3  2  1 -2 -1 -2  0  5 -1 -3 -2 -1 -1 -3 -2 -2    0   3   5   0   0   6   3   0   0   0  12  71   0   0   0   0   0   0   0   0  0.47 0.07
   19 S    1 -1  3 -1  1 -1 -1 -1 -1 -3 -3 -1 -2 -3 -2  4  1 -4 -2 -2   12   0  17   0   4   0   0   0   0   0   0   0   0   0   0  67   0   0   0   0  0.49 0.07
   20 Q   -2  0 -1 -1 -4  7  1 -3  0 -4 -3  1 -1 -4 -2 -1 -1 -3 -2 -3    0   0   0   0   0 100   0   0   0   0   0   0   0   0   0   0   0   0   0   0  1.14 0.13
   21 N   -2 -1  7  3 -4 -1 -1 -1  0 -4 -4 -1 -3 -4 -3  0 -1 -5 -3 -4    0   0  85  15   0   0   0   0   0   0   0   0   0   0   0   0   0   0   0   0  1.01 0.10
   22 M   -2 -2 -3 -4 -2 -1 -3 -4 -3  1  2 -2  8 -1 -3 -2 -1 -2 -2  0    0   0   0   0   0   0   0   0   0   4   5   0  90   0   0   0   0   0   0   2  0.89 0.12
   23 V    1  1 -2 -2 -2 -1 -2 -1  0  1  0 -1  0  0 -2  0  0 -3 -1  3   13  12   0   2   0   0   0   5   4   6   6   0   0   3   0   5   2   0   0  42  0.10 0.03
   24 L   -2 -1 -4 -4 -2 -3 -3 -4 -2  1  3 -3  1  4 -4 -3 -2 -1  2  0    0   4   0   0   0   0   0   0   0   6  55   0   0  28   0   0   0   0   8   0  0.44 0.05
   25 M   -2 -2 -3 -4 -2 -1 -3 -4 -3  0  1 -2  9 -1 -4 -2 -2 -2 -2  0    0   0   0   0   0   0   0   0   0   0   0   0 100   0   0   0   0   0   0   0  1.08 0.14
   26 G    0 -3 -1 -2 -3 -3 -3  6 -3 -5 -5 -2 -3 -4 -3 -1 -2 -3 -4 -4    0   0   0   0   0   0   0 100   0   0   0   0   0   0   0   0   0   0   0   0  1.35 0.09
   27 G    0 -3 -1 -2 -3 -2 -3  6 -3 -5 -4 -1 -3 -4 -3 -1 -2 -3 -4 -4    0   0   0   0   0   0   0  95   0   0   0   5   0   0   0   0   0   0   0   0  1.22 0.09
   28 L   -2 -3 -4 -4 -2 -3 -3 -4 -3  2  5 -3  2  0 -4 -3 -2 -2 -2  1    0   0   0   0   0   0   0   0   0   7  88   0   5   0   0   0   0   0   0   0  0.62 0.07
   29 K   -2  6 -1 -2 -4  1  0 -3 -1 -4 -3  3 -2 -3 -2 -1 -2 -3 -2 -3    0  86   0   0   0   0   0   0   0   0   0  14   0   0   0   0   0   0   0   0  0.89 0.06

                      K         Lambda
Standard Ungapped    0.1275     0.3095
Standard Gapped      0.0491     0.2670
PSI Ungapped         0.1603     0.3096
PSI Gapped           0.0491     0.2670
