
Last position-specific scoring matrix computed, weighted observed percentages rounded down, information per position, and relative weight of gapless real matches to pseudocounts
            A   R   N   D   C   Q   E   G   H   I   L   K   M   F   P   S   T   W   Y   V   A   R   N   D   C   Q   E   G   H   I   L   K   M   F   P   S   T   W   Y   V
    1 M    -1  -2  -3  -4  -2  -1  -2  -3  -2   1   2  -2   7   0  -3  -2  -1  -2  -1   0    0   0   0   0   0   0   0   0   0   0   0   0 100   0   0   0   0   0   0   0  0.55 0.05
    2 S     3  -1   0  -1  -1  -1  -1   0  -1  -2  -2  -1  -1  -3  -1   4   2  -3  -2  -1   31   0   0   0   0   0   0   0   0   0   0   0   0   0   0  62   7   0   0   0  0.39 0.02
    3 N    -2  -1   6   2  -3   0   0  -1   0  -3  -3  -1  -2  -1  -2   0   0  -4  -2  -3    0   0  82  12   0   0   0   0   0   0   0   0   0   6   0   0   0   0   0   0  0.68 0.03
    4 V     0  -1  -1  -2  -1  -1  -1  -2  -2   1   0  -1   2  -1  -1   0   3  -2  -1   2    2   1   1   1   0   1   1   2   0   8   2   1  15   1   1   6  31   0   1  24  0.12 0.01
    5 G     1  -1   0   0  -2  -1   0   5  -1  -2  -2  -1  -2  -2  -1   0  -1  -2  -2  -2   16   1   1   4   0   1   6  55   1   1   2   1   1   1   1   2   1   0   1   2  0.43 0.01
    6 T     1  -1   1  -1  -1  -1   0  -1  -2  -1  -2  -1  -1  -2  -1   2   4  -3  -2   0    9   1   7   1   0   0   3   1   0   1   1   1   0   0   1  10  63   0   0   2  0.37 0.05
    7 S     0  -1   0   0  -2   0   2  -2  -1  -2  -2   0  -1  -3   0   1   4  -3  -2  -1    1   0   0   0   0   3  24   1   0   0   1   0   0   0   3   4  61   0   0   0  0.40 0.05
    8 G     0  -3  -1  -2  -3  -2  -2   6  -2  -4  -4  -2  -3  -3  -2  -1  -2  -3  -3  -3    2   0   0   0   0   0   0  93   0   0   0   0   0   0   0   0   0   0   0   0  1.09 0.06
    9 R    -1   6  -1  -2  -4   1  -1  -3  -1  -3  -3   2  -2  -3  -1   0   0  -3  -2  -3    3  83   0   0   0   2   0   0   0   0   0   2   0   0   3   4   4   0   0   0  0.76 0.07
   10 I    -2  -3  -4  -4  -2  -3  -4  -4  -4   5   2  -3   1   0  -3  -3  -1  -3  -2   3    0   0   0   0   0   0   0   0   0  74  16   0   0   0   0   0   0   0   0  10  0.50 0.06
   11 P    -1  -3  -3  -2  -4  -2  -2  -3  -3  -4  -4  -2  -3  -5   8  -1  -2  -5  -4  -3    0   0   0   0   0   0   0   0   0   0   0   0   0   0 100   0   0   0   0   0  2.28 0.10
   12 L    -2  -3  -4  -4  -2  -3  -4  -4  -3   1   5  -3   2   0  -4  -3  -2  -2  -2   0    0   0   0   0   0   0   0   0   0   0 100   0   0   0   0   0   0   0   0   0  0.65 0.07
   13 W    -4  -4  -5  -5  -3  -3  -4  -4  -3  -4  -3  -4  -2   0  -5  -4  -3  12   2  -4    0   0   0   0   0   0   0   0   0   0   0   0   0   0   0   0   0 100   0   0  2.97 0.14
   14 L    -2  -3  -4  -4  -2  -3  -3  -4  -3   2   4  -3   3   1  -3  -3  -1  -2  -1   1    0   0   0   0   0   0   0   0   0  17  66   0   8   5   0   0   0   0   0   5  0.44 0.04
   15 V    -1  -3  -4  -4  -1  -3  -3  -4  -4   4   1  -3   1  -1  -3  -2  -1  -3  -2   4    0   0   0   0   0   0   0   0   0  30   0   0   0   0   0   0   0   0   0  70  0.50 0.06
   16 G     3  -2  -1  -2  -2  -2  -2   5  -2  -3  -2  -2  -2  -3  -2   0  -1  -3  -3  -1   40   0   0   0   0   0   0  54   0   0   2   0   0   0   0   2   0   0   0   2  0.59 0.05
   17 T    -1  -2  -1  -2  -1  -1  -2  -2  -2   0   0  -1   0  -1  -2   1   5  -3  -2   1    0   0   0   0   0   0   0   0   0   0   8   0   3   3   0   0  75   0   0  10  0.44 0.06
   18 V     1  -3  -3  -4  -1  -3  -3  -3  -3   3   1  -3   1   0  -3  -2  -1  -3  -1   4   11   0   0   0   0   0   0   0   0  15   3   0   2   5   0   0   0   0   0  64  0.33 0.04
   19 A     3  -2  -1  -2  -1  -2  -2   4  -2   0  -2  -2  -1  -3  -2   0   1  -3  -2   1   37   0   0   0   0   0   0  35   0   2   0   0   0   0   0   0  10   0   0  16  0.33 0.03
   20 G     0  -3  -1  -2  -3  -2  -3   7  -3  -5  -4  -2  -3  -4  -3  -1  -2  -3  -4  -4    0   0   0   0   0   0   0 100   0   0   0   0   0   0   0   0   0   0   0   0  1.27 0.08
   21 I    -1  -2  -2  -3  -2  -2  -3  -3  -3   3   2  -2   3   0  -3  -1   2  -2  -1   1    0   0   0   0   0   0   0   0   0  36  25   0  13   2   0   4  20   0   0   0  0.25 0.03
   22 L     3  -2  -2  -3  -1  -2  -2   2  -2   0   1  -2   0  -1  -1   0  -1  -3  -2   0   47   0   0   0   0   0   0  17   0   1  28   0   0   2   2   0   0   0   0   3  0.21 0.03
   23 V     2  -3  -3  -3  -1  -2  -2  -1  -3   2   0  -2   0  -2  -2  -1   0  -3  -2   4   31   0   0   0   0   0   0   2   0   2   0   0   0   0   0   0   0   0   0  65  0.32 0.05
   24 L    -2  -3  -4  -4  -2  -3  -4  -2  -4   4   3  -3   2   0  -3  -3  -1  -3  -2   2    0   0   0   0   0   0   0   4   0  64  29   0   3   0   0   0   0   0   0   0  0.42 0.05
   25 G     1  -2  -1  -2  -2  -2  -2   4  -2  -2  -2  -2  -2   1  -2   1   2  -2  -1  -1   11   0   0   0   0   0   0  44   0   0   0   0   0  11   0  10  20   0   0   4  0.36 0.03
   26 L    -1  -3  -4  -4  -1  -3  -3  -4  -3   2   3  -3   2   0  -3  -3  -1  -3  -1   3    0   0   0   0   0   0   0   0   0  10  48   0   4   0   0   0   0   0   0  38  0.40 0.04
   27 V    -1  -3  -4  -4  -1  -3  -3  -4  -3   2   4  -3   2   0  -3  -3  -1  -2  -1   3    0   0   0   0   0   0   0   0   0  11  56   0   3   0   0   0   0   0   0  30  0.41 0.04
   28 G     1  -3  -1  -2  -3  -2  -2   6  -2  -2  -3  -2  -3  -3  -2   0  -1  -3  -3  -2   12   0   0   0   0   0   0  78   0   4   0   0   0   0   0   6   0   0   0   0  0.85 0.06
   29 L    -2  -3  -4  -4  -2  -3  -4  -4  -4   4   3  -3   1   0  -3  -3  -1  -3  -2   2    0   0   0   0   0   0   0   0   0  48  43   0   0   0   0   0   0   0   0   9  0.45 0.04
   30 F    -3  -4  -4  -4  -3  -4  -4  -4  -2  -1   0  -4   0   7  -4  -3  -3   0   3  -1    0   0   0   0   0   0   0   0   0   0   3   0   0  95   0   0   0   0   2   0  1.06 0.09
   31 F    -2  -3  -4  -4  -3  -4  -4  -4  -2   1   0  -4   0   7  -4  -2  -2   0   2   0    0   0   0   0   0   0   0   0   0   9   2   0   0  82   0   2   0   0   0   4  0.80 0.07
   32 Y    -3  -3  -3  -4  -3  -2  -3  -4   1  -2  -2  -3  -2   4  -4  -2  -2   2   8  -2    0   0   0   0   0   0   0   0   0   0   0   0   0   8   0   0   0   0  92   0  1.21 0.10
   33 G     0  -3  -1  -2  -3  -2  -3   7  -3  -5  -4  -2  -3  -4  -3  -1  -2  -3  -4  -4    0   0   0   0   0   0   0 100   0   0   0   0   0   0   0   0   0   0   0   0  1.27 0.08
   34 S     2  -1   0  -1  -1  -1  -1   0  -2  -3  -3  -1  -2  -3  -1   5   1  -3  -2  -2   21   0   0   0   0   0   0   2   0   0   0   0   0   0   0  77   0   0   0   0  0.52 0.07
   35 Y    -3  -2  -3  -4  -3  -2  -3  -4   1  -2  -2  -3  -2   3  -4  -2  -2   2   8  -2    0   0   0   0   0   0   0   0   0   0   0   0   0   4   0   0   0   0  96   0  1.27 0.10
   36 V     2  -1   0  -1  -1   0  -1  -1  -1  -1  -2  -1  -1  -2  -1   3   2  -3  -2   1   15   0   0   0   0   2   0   0   2   0   0   0   0   0   0  51  15   0   0  15  0.29 0.04
   37 G     0  -3  -1  -2  -3  -2  -3   7  -3  -5  -4  -2  -3  -4  -3  -1  -2  -3  -4  -4    0   0   0   0   0   0   0 100   0   0   0   0   0   0   0   0   0   0   0   0  1.27 0.08
   38 L    -2  -3  -4  -4  -2  -3  -3  -4  -3   2   4  -3   2   0  -3  -3  -1  -2  -1   2    0   0   0   0   0   0   0   0   0   7  75   0   0   0   0   0   0   0   0  18  0.48 0.05
   39 G     0  -3  -1  -2  -3  -2  -3   7  -3  -5  -4  -2  -3  -4  -3  -1  -2  -3  -4  -4    0   0   0   0   0   0   0 100   0   0   0   0   0   0   0   0   0   0   0   0  1.27 0.08
   40 S     1  -1   1  -1  -1  -1  -1  -1  -1  -3  -3  -1  -2  -3  -1   5   1  -3  -2  -2    5   0   3   0   0   0   0   0   0   0   0   0   0   0   0  92   0   0   0   0  0.62 0.08
   41 S     2  -1   0  -1  -1  -1  -1  -1  -1  -3  -3  -1  -2  -3  -1   5   1  -3  -2  -2   20   0   0   0   0   0   0   0   0   0   0   0   0   0   0  80   0   0   0   0  0.52 0.06
   42 L    -2  -3  -4  -4  -2  -2  -3  -4  -3   2   4  -3   3   0  -3  -3  -1  -2  -1   1    0   0   0   0   0   0   0   0   0   4  84   0   6   0   0   0   0   0   0   6  0.50 0.04

                      K         Lambda
Standard Ungapped    0.1479     0.3248
Standard Gapped      0.0410     0.2670
PSI Ungapped         0.1479     0.3248
PSI Gapped           0.0410     0.2670
