
Last position-specific scoring matrix computed, weighted observed percentages rounded down, information per position, and relative weight of gapless real matches to pseudocounts
            A   R   N   D   C   Q   E   G   H   I   L   K   M   F   P   S   T   W   Y   V   A   R   N   D   C   Q   E   G   H   I   L   K   M   F   P   S   T   W   Y   V
    1 M    -3  -3  -4  -5  -3  -2  -4  -5  -3   0   1  -3  10  -2  -4  -3  -2  -3  -3  -1    0   0   0   0   0   0   0   0   0   0   2   0  98   0   0   0   0   0   0   0  1.82 0.33
    2 K    -2   1  -2  -2  -5   1  -1  -3  -2  -4  -3   7  -3  -3  -3  -2  -2  -4  -3  -4    0   2   0   0   0   5   0   0   0   0   2  90   0   1   0   0   0   0   0   0  1.17 0.26
    3 R    -3   7  -2  -3  -5   0  -2  -2  -2  -4  -3   1   0  -4   1  -2  -3  -4  -3  -4    0  87   0   0   0   2   0   2   0   0   0   1   3   0   6   0   0   0   0   0  1.32 0.26
    4 T    -2  -3  -1  -3  -3  -2  -3  -3  -3  -2  -3  -2  -2  -4  -3   0   7  -4  -3  -2    0   0   1   0   0   0   0   0   0   0   0   0   0   0   0   2  97   0   0   0  1.39 0.31
    5 F    -3  -4  -4  -5  -4  -4  -4  -5  -1  -2   1  -4  -2   6  -5  -4  -3   2   7  -2    0   0   0   0   0   0   0   0   0   0  11   0   0  36   0   0   0   2  51   0  1.29 0.26
    6 Q    -3   0  -1  -2  -5   8   1  -1   0  -5  -4   0  -2  -5  -3  -2  -2  -4  -3  -4    0   3   1   0   0  84   2   5   2   0   0   3   0   0   0   0   0   0   0   0  1.40 0.34
    7 P    -2  -4  -4  -3  -5  -3  -3   1  -4  -5  -5  -3  -4  -5   8  -2  -3  -5  -5  -4    2   0   0   0   0   0   0  11   0   0   0   0   0   0  88   0   0   0   0   0  2.28 0.35
    8 S    -1  -1   3  -1  -3  -1  -1  -2   2  -4  -4   1   0  -4  -2   4   1  -4  -3  -3    0   1  15   0   0   0   0   0   7   0   0  11   3   0   0  56   7   0   0   0  0.60 0.22
    9 K    -2   2   4  -1  -2   0   0  -2  -1  -2  -3   4  -2  -4  -3  -1   0  -4  -3   0    0  10  31   0   1   1   3   1   0   2   1  34   0   0   0   2   4   0   0  10  0.47 0.17
   10 I    -2   4  -2  -3  -3  -1  -2  -4  -1   2   2   1   0  -2  -3  -2   0  -3  -2   0    1  39   0   0   0   1   0   0   1  15  23   5   0   0   0   0   8   0   0   6  0.38 0.15
   11 R    -2   3  -2  -2  -4   1  -1  -3   1  -2  -3   5  -2  -4   0   0  -2  -4  -3   0    0  21   0   0   0   3   0   0   4   1   0  55   0   0   3   5   0   0   0  10  0.66 0.21
   12 R    -3   7  -2  -3  -5   1  -2  -4   1  -4  -2   1  -3  -4  -4  -2  -3  -4  -3  -4    0  86   0   0   0   3   0   0   3   0   3   5   0   0   0   0   0   0   0   0  1.46 0.33
   13 Q     1   1   1  -2  -3   0   0  -2   0  -1  -2   5  -2  -3  -2   0  -1  -4  -3  -1   18   5   6   0   0   3   1   0   2   5   1  49   0   0   0   4   1   0   0   5  0.41 0.16
   14 R    -3   6   2  -2  -5   0  -1  -3  -1  -4  -4   3  -1  -4  -3  -1  -2  -4  -3  -4    0  68  13   0   0   0   0   0   1   0   0  14   1   0   0   2   1   0   0   0  1.09 0.27
   15 K    -1   2  -1  -1  -3  -1   0  -3  -2  -1  -2   2  -2  -3  -2   1   4  -4  -3   1    1  13   2   1   0   0   3   0   0   1   1  18   0   0   0   7  36   0   0  17  0.34 0.15
   16 H    -3  -2  -1  -3  -2  -2  -2  -4   9  -2  -3  -3  -3   0  -4   0  -3  -4   0  -3    0   0   0   0   1   0   0   0  79   3   1   0   0   5   0   9   0   0   0   2  1.72 0.37
   17 G    -2  -4  -2  -3  -4  -4  -4   7  -4  -6  -6  -3  -5  -5  -4  -2  -3  -4  -5  -5    0   0   0   0   0   0   0 100   0   0   0   0   0   0   0   0   0   0   0   0  1.89 0.34
   18 F    -4  -5  -5  -6  -4  -5  -5  -5  -3  -2  -1  -5  -2   8  -6  -4  -4   4   2  -3    0   0   0   0   0   0   0   0   0   0   0   0   0  91   0   0   0   7   2   0  1.93 0.37
   19 R    -3   7  -1  -3  -4  -1  -2  -4  -2  -2   0   0   0  -4  -4  -2  -3  -4  -3  -2    0  78   3   0   0   0   0   0   0   2  13   0   2   0   0   0   0   0   0   2  1.13 0.29
   20 H     4   0  -2  -2  -2  -1  -1  -2  -1  -1   0   0  -1  -3  -2   1   0  -3  -2   1   48   5   1   0   0   2   2   0   1   1   8   8   0   0   0   9   4   0   0  11  0.28 0.13
   21 R    -3   8  -2  -4  -5  -1  -2  -4  -2  -5  -3   0  -3  -5  -4  -3  -3  -5  -4  -4    0  97   0   0   0   0   0   0   0   0   3   0   0   0   0   0   0   0   0   0  1.79 0.38
   22 M    -2  -3  -4  -5  -3  -2  -4  -5  -4   0   1  -2   9  -2  -4  -2  -2  -4  -3  -1    2   0   0   0   0   1   0   0   0   2   4   2  86   0   0   2   1   0   0   0  1.69 0.41
   23 S     3   3  -1  -1  -2   0   0  -1  -2  -3  -3   2  -2  -4  -2   3  -1  -4  -3  -2   29  18   0   1   0   2   2   1   0   0   0  17   0   0   0  29   0   0   0   0  0.44 0.16
   24 T    -2  -2  -1  -3  -3  -2  -2  -3  -3  -3  -3  -2  -2  -4  -3   1   7  -4  -3  -2    0   1   2   0   0   0   0   0   0   0   0   1   0   0   0   7  89   0   0   0  1.28 0.34
   25 K     1   3  -1  -2  -3   0  -1  -2   0  -2  -2   4  -2  -3   3   0   0  -4  -3  -1   13  16   0   0   0   1   0   0   2   2   1  37   0   0  14   6   4   0   0   6  0.41 0.14
   26 N     1  -2   4   0  -2   0  -1   3  -1  -4  -4  -1  -2  -4  -3   1   0  -2  -3  -3   13   0  35   3   1   4   3  23   0   0   0   1   1   0   0  13   4   1   0   0  0.49 0.15
   27 G    -2  -4  -2  -3  -4  -4  -4   7  -4  -6  -6  -3  -5  -5  -4  -2  -3  -4  -5  -5    0   0   0   0   0   0   0 100   0   0   0   0   0   0   0   0   0   0   0   0  1.89 0.34
   28 R    -3   7  -2  -3  -2   0  -2  -4  -2  -4  -4   1  -3  -5  -4  -2  -3  -4  -3  -2    1  88   0   0   1   3   0   0   0   0   0   2   0   0   0   2   0   0   0   4  1.47 0.33
   29 R     2   3   1  -2  -3   2   0  -2  -1  -3  -2   4  -2  -4  -2   0  -1  -4  -2  -3   21  17   9   0   0   8   2   1   1   0   3  36   0   0   0   3   0   0   1   0  0.42 0.15
   30 V    -2  -4  -4  -5  -2  -4  -4  -5  -5   4   0  -4   0  -2  -4  -3  -1  -4  -3   5    0   0   0   0   0   0   0   0   0  29   4   0   0   0   0   0   2   0   0  65  0.90 0.24
   31 L    -3  -4  -5  -5  -2  -4  -4  -5  -4   4   4  -4   1  -1  -4  -4  -2  -3  -2   1    0   0   0   0   0   0   0   0   0  36  58   0   0   0   0   0   0   0   0   6  0.81 0.21
   32 A     3   2   2  -2  -2   0  -1  -1  -2  -3  -2   2   0  -3  -2   2  -1  -4  -3  -2   30  11  16   0   0   2   0   0   0   0   4  15   3   0   0  17   1   0   0   0  0.31 0.14
   33 A     3   5   1  -2  -2   0  -1  -1  -1  -3  -3   0  -2  -4  -3   0  -1  -4  -3  -3   33  43   8   1   1   1   1   2   1   0   1   2   0   0   0   6   1   0   0   0  0.56 0.19
   34 R    -4   8  -2  -4  -6  -1  -2  -4  -2  -5  -4   0  -3  -5  -4  -3  -3  -5  -4  -5    0 100   0   0   0   0   0   0   0   0   0   0   0   0   0   0   0   0   0   0  1.99 0.40
   35 R    -3   7  -2  -4  -5  -1  -2  -4  -2  -2  -4   1   1  -5  -4  -3  -3  -5  -4  -4    0  91   0   0   0   0   0   0   0   3   0   2   4   0   0   0   0   0   0   0  1.64 0.36
   36 R     4   2  -1  -2  -2   0  -1  -1   0  -2   0   0  -1  -2  -2   1  -1  -4  -2  -2   46  18   1   0   0   5   0   1   2   0   9   5   1   1   0  11   1   0   0   1  0.34 0.15
   37 K    -3   2  -2  -3  -5   0  -1  -3   1  -4  -2   7  -3  -5  -3  -2  -2  -5  -3  -4    0   7   0   0   0   2   0   0   3   0   3  83   0   0   0   0   1   0   0   0  1.21 0.31
   38 G    -2  -4  -1  -3  -4  -3  -4   7  -4  -5  -4  -3  -4  -3  -4  -2  -3  -4  -5  -5    0   0   3   0   0   1   0  93   0   0   1   1   0   1   0   0   0   0   0   0  1.68 0.32
   39 R    -3   8  -2  -4   1  -1  -2  -4  -2  -5  -4   0  -3  -5  -4  -3  -3  -5  -4  -5    0  97   0   0   3   0   0   0   0   0   0   0   0   0   0   0   0   0   0   0  1.87 0.39
   40 K     0   2   0  -2  -2   0   0  -3   4  -3  -3   4  -2  -3  -3   0  -1   3  -1  -1    9   7   2   0   1   1   2   0  13   0   1  45   1   0   0   4   3   5   1   4  0.45 0.17
   41 V    -1   4   0  -2  -3   1   0  -3  -2  -2  -2   3  -2  -2  -3   1   0  -4  -2   0    2  36   5   0   0   6   2   0   0   2   2  18   0   2   0  14   3   0   1   8  0.39 0.14
   42 L    -3  -4  -3  -5  -3  -4  -5  -5  -4   1   6  -4   0  -1  -5  -4  -3  -3  -3  -1    0   0   2   0   0   0   0   0   0   5  93   0   0   0   0   0   0   0   0   0  1.17 0.29
   43 S     1  -3  -1  -2   3  -2  -2  -2  -3  -2  -3  -2  -1  -4  -2   4   4  -4  -3  -1   12   0   0   0   8   0   0   1   0   1   0   0   2   0   0  44  30   0   0   2  0.62 0.22
   44 A     4  -3  -3  -4  -2  -3  -3  -2  -4   0  -1  -3  -1  -3  -3  -1  -1  -4  -3   4   52   0   0   0   0   0   0   0   0   0   0   0   0   0   0   0   0   0   0  48  0.66 0.20

                      K         Lambda
Standard Ungapped    0.1343     0.3296
Standard Gapped      0.0538     0.2670
PSI Ungapped         0.1759     0.3173
PSI Gapped           0.0538     0.2670
