
Last position-specific scoring matrix computed, weighted observed percentages rounded down, information per position, and relative weight of gapless real matches to pseudocounts
            A   R   N   D   C   Q   E   G   H   I   L   K   M   F   P   S   T   W   Y   V   A   R   N   D   C   Q   E   G   H   I   L   K   M   F   P   S   T   W   Y   V
    1 M    -3  -3  -4  -5  -3  -2  -4  -5  -4  -1   0  -3  10  -2  -5  -3  -3  -3  -3  -1    0   0   0   0   0   0   0   0   0   0   0   0 100   0   0   0   0   0   0   0  1.99 0.44
    2 S     0  -2  -1  -2  -2  -2  -2  -2  -2  -4  -4  -2  -3  -4  -2   6   1  -4  -3  -3    0   0   0   0   0   0   0   0   0   0   0   0   0   0   0  94   6   0   0   0  1.12 0.31
    3 W    -5  -5  -6  -7   0  -4  -5  -5  -5  -5  -4  -5  -4  -1  -6  -5  -5  12   0  -5    0   0   0   0   2   0   0   0   0   0   0   0   0   0   0   0   0  98   0   0  3.87 0.55
    4 Q    -2  -1   1   3  -4   7   0  -3  -1  -4  -4   0  -2  -5  -2  -1   0  -4  -3  -4    0   0   6  16   0  70   0   0   0   0   0   0   0   0   0   3   4   0   0   0  1.07 0.31
    5 T     3  -2  -1   2  -2   1  -1  -2  -2  -3  -3  -1  -2  -3   0   2   3  -4  -3  -2   32   0   0  12   0   8   0   0   0   0   0   0   0   0   4  20  23   0   0   1  0.38 0.16
    6 Y    -4  -4  -4  -5  -4  -3  -4  -5   0  -1  -3  -4  -3   2  -5  -4  -3   0   9  -3    0   0   0   0   0   0   0   0   0   3   0   0   0   4   0   0   0   0  93   0  2.00 0.41
    7 V    -2  -4  -4  -4  -2  -4  -4  -5  -5   4   0  -4   0  -2  -4  -3   0  -4  -3   5    0   0   0   0   0   0   0   0   0  21   2   0   0   0   0   0   3   0   0  74  0.87 0.25
    8 D    -3  -3   1   7  -4  -2   0  -3  -2  -4  -4  -2  -4  -4  -3  -2  -2  -5  -3  -4    1   0   3  89   0   0   0   1   0   0   1   0   0   0   0   1   0   0   1   0  1.51 0.30
    9 D    -2  -1   4   3  -3   0   2  -2  -1  -3  -3   0  -3  -3  -2   1   1  -4  -3  -3    1   0  28  23   0   2  17   1   0   0   1   4   0   0   0   9  12   0   0   0  0.49 0.14
   10 H    -2  -1   2  -1  -3   2  -1  -2   6  -2   1  -1  -1   0  -2   0  -1  -2   0  -2    1   1  12   1   0  15   1   1  34   1  18   1   0   5   1   6   1   0   0   1  0.43 0.15
   11 L    -2  -3  -4  -4  -2  -3  -3  -4  -3   2   4  -3   2   1  -3  -3  -2  -2  -1   1    1   1   0   1   0   0   1   1   0  10  70   1   4   5   1   1   1   0   0   5  0.58 0.16
   12 M     0  -2  -2  -3   0  -1  -2  -2  -2   1   1  -2   5  -1  -2  -2  -1  -2  -2   2   10   1   1   1   2   1   1   1   0   7  12   1  34   1   1   1   1   0   1  21  0.32 0.12
   13 C     0  -1  -1  -1   7   1  -1   0  -1  -1  -1   0  -1  -2  -1  -1  -1  -1  -1  -1   10   2   2   2  36  10   3   7   1   2   4   6   1   2   2   3   2   1   1   3  0.40 0.08
   14 D     0  -1   0   3  -2   1   2  -1  -1  -2  -1   0  -1  -2   1   0   1  -2  -1  -1    7   2   3  20   1   6  20   3   1   2   7   2   1   1   6   7   8   1   1   2  0.19 0.04
   15 I    -1  -1  -1  -1  -1  -1  -1   0  -1   2   0   0   1   0  -1   0   0  -1   1   1    3   2   2   2   1   2   3   7   1  27   8  11   4   2   2   7   3   1   5   8  0.03 0.03
   16 D    -1  -1   1   3  -2   0   2  -1  -1  -1  -1   0  -1   0  -1   0   0  -1  -1  -1    3   2   6  22   1   2  22   3   1   2   8   6   1   5   2   3   5   1   1   3  0.18 0.04
   17 G     2  -1  -1  -1  -1  -1  -1   4  -1  -2  -2  -1  -2  -2  -1   0   0  -2  -2  -1   19   2   2   3   1   2   2  45   1   2   3   2   1   1   2   3   6   0   1   2  0.38 0.07
   18 Q     1  -1   1   0  -1   0   0  -1  -1  -1  -1   0   0  -2  -1   2   2  -2  -1  -1   15   1   5   6   1   5   2   2   1   1   7   5   5   1   1  19  19   0   1   2  0.13 0.05
   19 G     0  -3   1  -2  -3  -2  -2   6  -2  -4  -4  -2  -3  -4  -3   1  -2  -3  -3  -3    4   1   5   1   0   0   1  73   0   1   1   1   0   0   1  10   1   0   0   1  0.99 0.20
   20 Q     0   1   2  -1  -2   3   0   0   3  -2  -2   2  -2  -3   1   0   1  -3  -2  -2    8   4  13   2   0  18   1   5   9   1   2  16   0   1   6   2  12   0   0   1  0.23 0.09
   21 H    -1  -1  -1  -2   5   1  -1  -1   7  -1  -2  -2  -2   1  -2  -1  -1  -2   0  -1    4   3   1   1  15   6   1   5  41   3   1   1   0   7   1   3   2   0   1   6  0.56 0.18
   22 L    -1  -3  -3   0   2  -1  -2  -3  -3   2   3  -3   1   0  -2  -1  -1  -3  -2   3    0   0   0   7   6   4   0   0   0  11  32   0   4   2   1   5   0   0   0  27  0.26 0.12
   23 A     0   0   0   3  -3   1   0  -2   1  -2  -3   1  -2  -3  -2   1   3  -3  -2  -2    6   3   0  21   0   8   4   1   4   2   1  10   0   0   0  13  30   0   0   0  0.32 0.14
   24 A     2   1  -1  -1  -2   1   0   0   0  -3  -2   2  -1  -2  -2   2  -1  -3   0  -2   26   9   0   0   0   5   4   6   1   0   1  15   2   0   0  24   0   0   4   0  0.25 0.11
   25 A     5  -3  -3  -3   2  -1  -2   2  -3  -3  -3  -2  -2  -4  -2   0  -1  -4  -3  -1   75   0   0   0   4   3   0  12   0   0   0   0   0   0   0   2   1   0   0   3  0.78 0.27
   26 S     5  -3  -3  -4   4  -3  -3  -2  -3   1   0  -3  -2  -3  -3  -1  -2  -4  -3  -1   72   0   0   0   9   0   0   0   0   9   9   0   0   0   0   1   0   0   0   0  0.71 0.26
   27 I    -3  -4  -5  -5  -3  -4  -5  -5  -4   6   2  -4   0  -1  -4  -4  -2  -4   1   1    0   0   0   0   0   0   0   0   0  81  12   0   0   0   0   0   0   0   5   2  1.05 0.30
   28 V     0  -3  -3  -4   0  -3  -3  -4  -4   4   2  -3   1  -1  -3   0  -1  -3  -2   3    5   0   0   0   2   0   0   0   0  36  23   0   3   1   0  10   0   0   0  20  0.40 0.15
   29 G    -1   0  -2  -3  -4  -3  -3   6  -3  -5  -5   0  -4  -5  -4  -1  -3  -4  -4  -5    0   7   0   0   0   0   0  83   0   0   0   8   0   0   0   3   0   0   0   0  1.33 0.30
   30 H     1   0  -2  -2  -3   3  -1  -3   6  -1   0   0  -1   0  -3  -1  -2  -2   2  -2   19   3   0   0   0  16   0   0  26   2  13   6   0   3   0   2   1   0   7   1  0.33 0.16
   31 D    -2  -3   0   7   1   0   2   0  -2  -5  -5  -1  -4  -5  -3  -2  -2  -5  -4  -4    1   0   0  72   4   4   8   7   0   0   0   3   0   0   0   0   0   0   0   0  1.14 0.29
   32 G    -1  -1  -1   2  -4  -3  -2   6  -3  -5  -5  -1  -4  -5  -3  -1  -3  -4  -4  -5    0   4   0  14   0   0   0  77   0   0   0   4   0   0   0   1   0   0   0   0  1.23 0.28
   33 S     2  -2   2  -1  -2  -1  -2   1  -2  -3  -3  -2  -3  -4  -2   4   2  -4  -3  -2   14   1  11   0   0   0   0  11   0   0   0   0   0   0   0  46  17   0   0   0  0.52 0.20
   34 I     0  -3  -4  -4  -2  -3  -3  -4  -4   2   1  -3   0  -2  -3  -1   0  -3   0   5    8   0   0   0   0   0   0   0   0  10  11   0   0   0   0   4   4   0   3  59  0.51 0.20
   35 W    -5  -5  -6  -7   3  -5  -5  -5  -5  -5  -4  -6  -4  -2  -6  -5  -5  12   0  -5    0   0   0   0   8   0   0   0   0   0   0   0   0   0   0   0   0  92   0   0  3.73 0.58
   36 A     6  -3  -3  -3  -2  -2  -2   0  -3  -2  -3  -2  -2  -4  -2   0  -1  -4  -3   1   85   0   0   0   0   0   0   3   0   0   0   0   0   0   0   3   0   0   0   8  0.94 0.31
   37 Q     1   1   0  -1  -3   4   0   0   0  -3  -3   2  -2  -3  -2   0   1  -3   0  -1   17   5   3   2   0  31   1   6   2   0   0  11   0   0   0   4  10   0   4   4  0.28 0.14
   38 S     0  -2   1  -2  -2  -2  -2   0   2  -3  -4  -2  -3  -4  -2   5   2  -4  -3  -1    0   0   4   0   0   0   0   4   6   0   0   0   0   0   0  73   8   0   0   4  0.76 0.27
   39 A     3  -2   0   1  -2  -1   0   1  -2  -3  -3  -1  -2  -3   3   2   0  -4  -3  -1   32   0   5   8   0   0   7  11   0   0   0   0   0   0  15  16   4   0   0   4  0.35 0.13
   40 S     0  -2   3   0   0  -2  -2   4  -1  -4  -4   0  -3  -4  -3   1   1  -4  -3  -3    8   0  21   3   2   0   0  44   1   0   0   5   0   0   0   8   8   0   0   0  0.59 0.17
   41 F     0  -4   0  -2   1  -4  -4  -4  -2  -1   0  -4  -1   7  -4  -3  -3   3   2  -2    8   0   5   2   4   0   0   0   0   2   6   0   0  64   0   0   0   3   4   0  0.90 0.25
   42 P     0  -2   2  -2  -2   0  -1  -2  -2  -2   0  -1  -1  -3   5   1   1  -3  -3   0    7   0  15   0   0   4   0   0   0   0  13   0   0   0  30  12   8   0   0   7  0.45 0.13
   43 Q     0   0   0  -1  -2   3   2  -2  -1  -1  -2   1  -1  -2   1   0   0  -2  -2   0    5   1   4   1   0  24  13   1   0   3   2  11   0   1   8   7   6   0   1  11  0.22 0.09
   44 L    -2  -3  -3  -4  -1  -3  -3  -4  -3   2   2  -3   2   4  -3  -1  -1  -2   0   2    0   0   0   0   1   0   0   0   0  12  29   0   6  25   0   4   2   0   1  18  0.38 0.13
   45 K     0   1   0  -1  -3   2   0  -2  -1  -3  -3   4  -2  -3  -2   2   2  -3  -2  -2    4   3   4   0   0  12   3   1   0   0   1  37   0   0   0  15  18   0   0   1  0.40 0.16
   46 P     1  -2  -3  -3  -3   1  -2   0  -3  -3  -3   0  -3  -4   7  -1  -2  -4  -4  -1   14   0   0   0   0   8   0   7   0   0   0   5   0   0  57   2   1   0   0   6  1.14 0.25
   47 E     1  -1   1   1   0   2   4  -1  -1  -3  -3  -1  -2  -4  -1   0   0  -4  -3  -3   14   0   7   5   2  13  41   3   0   0   0   0   0   0   2   6   7   0   0   0  0.44 0.16
   48 E    -2  -2  -1   2  -5   1   7  -4  -2  -5  -5  -1  -4  -5  -3  -1  -2  -5  -4  -4    0   0   2   8   0   3  83   0   0   0   0   0   0   0   0   4   0   0   0   0  1.30 0.34
   49 I     0  -3  -3  -4  -2  -3  -3   1  -4   4   1  -3   2  -1  -3  -2   0  -3  -2   3    9   0   0   0   0   0   0  16   0  33   6   0   6   1   0   0   4   0   0  27  0.35 0.15
   50 T     2   1  -1   0  -2   1  -1   0  -2  -2  -3   1  -2  -3   0   0   2  -3  -3  -1   26   8   1   7   0   9   1   6   0   0   0  12   0   0   4   4  21   0   0   2  0.23 0.11
   51 G     1  -1   2  -1  -2  -1   0   2   2  -1  -2   0  -2  -3  -2   0   1  -4  -2   0   18   2  17   1   0   0   5  19   6   4   0   6   0   0   0   0  14   0   0   7  0.21 0.11
   52 I    -2  -4  -4  -5  -3  -4  -4  -2  -4   5   3  -4   0   1  -4  -3  -2  -3  -2   1    2   0   0   0   0   0   0   4   0  59  29   0   0   5   0   0   0   0   0   1  0.70 0.23
   53 M     2  -3  -2  -3  -2  -2  -3  -1  -3   2   2  -2   4  -2  -3  -1   0  -3  -2   2   26   0   1   0   0   0   0   2   0   9  17   1  18   0   0   0   6   0   0  18  0.28 0.14
   54 K     2   1   3  -1  -3   1  -1   1  -1  -3  -3   3  -2  -4  -2   1  -1  -4  -3  -3   21   5  19   1   0   4   0  11   0   0   0  31   0   0   0   7   2   0   0   0  0.38 0.15
   55 D     0  -2  -1   3   5   0   0   2  -2  -2   0  -2  -2  -3  -2  -1  -2  -3  -3  -2   10   0   1  26  18   4   4  21   0   0  11   0   0   0   0   2   0   0   0   0  0.37 0.14
   56 F    -1  -4  -4  -4  -3  -4  -4  -4  -3  -1   0  -4   1   8  -4  -3  -3  -1   1  -1    4   0   0   0   0   0   0   1   0   0   4   0   4  79   0   1   0   0   0   4  1.28 0.30
   57 D     0   0   3   3  -4   1   2  -2  -1  -4  -4   3  -3  -4  -2   0   0  -4  -3  -3    7   0  16  21   0   4   9   0   0   0   0  32   0   0   0   6   3   0   0   0  0.47 0.16
   58 E    -2  -1   4   3  -4   1   3  -2  -1  -4  -4   0  -3  -4  -3   1  -1  -5  -3  -3    0   0  30  21   0   3  27   1   0   0   0   4   0   0   0  12   2   0   0   0  0.64 0.20
   59 P     0   1  -1   0  -3   0  -1  -3  -2  -1  -2   1  -2  -1   6  -1  -2  -4  -3  -1    8   7   4   4   0   3   2   0   0   6   2   8   0   3  46   4   0   0   0   3  0.75 0.18
   60 G     1  -2   1   2  -3  -1   1   4  -2  -3  -1  -2  -2  -3  -1   1   0  -4  -3  -3   11   0   6  15   0   0   8  34   0   0   8   0   0   0   2  12   4   0   0   0  0.36 0.12
   61 H     0  -1   0  -2  -2   0  -1   1   3  -1   0   0  -1   1  -1   2   1  -3  -1  -1    6   0   2   0   0   5   2  14  10   2   9   5   0  10   2  21   8   0   0   5  0.11 0.08
   62 L     0  -3  -3  -4  -2  -3  -3  -3  -3   1   3  -3   1   1  -3  -1   1  -2  -1   2    9   0   0   0   0   0   0   0   0   3  47   0   2   7   0   2  10   0   0  17  0.34 0.14
   63 A     3   1  -2  -2  -2   2  -1  -2  -2  -2  -1  -1  -1   2   2   0   0  -2   0  -2   37  11   0   0   0  12   0   0   0   0   4   0   0  12  10   3   5   0   4   0  0.27 0.14
   64 P     2   1  -2  -2  -3   0  -2   0  -2  -3  -3  -1  -3  -4   5   2   0  -4  -3  -1   19   8   0   0   0   4   0   7   0   0   0   0   0   0  33  20   6   0   0   3  0.62 0.18
   65 T    -1  -2   3  -1  -3  -1   1   0  -2  -3  -3   0   0  -4  -2   2   5  -4  -3  -2    0   0  15   0   0   0   8   7   0   0   0   4   3   0   0  18  46   0   0   0  0.52 0.21
   66 G    -2  -4  -2  -3  -4  -4  -4   7  -4  -6  -6  -3  -5  -5  -4  -2  -3  -4  -5  -5    0   0   0   0   0   0   0 100   0   0   0   0   0   0   0   0   0   0   0   0  1.89 0.37
   67 L     0  -3  -4  -4  -2  -3  -4  -4  -4   3   4  -3   2   0  -4  -3  -2  -3  -2   2    7   0   0   0   0   0   0   0   0  23  48   0   4   3   0   0   0   0   0  15  0.53 0.17
   68 Y    -2   1  -2   0  -3  -2  -1  -3   4  -1  -1  -2  -2   3  -3  -1   2  -1   4   0    0  10   0   6   0   0   2   0  13   3   2   0   0  17   0   0  23   0  19   6  0.36 0.17
   69 I    -1  -3  -4  -4  -2  -3  -4  -4  -4   4   4  -3   1   2  -4  -3  -2  -3  -2   2    6   0   0   0   0   0   0   0   0  29  47   0   1   8   0   0   0   0   0  10  0.55 0.18
   70 A     2  -1   1   0   1   0   1   4  -2  -3  -3   0   0  -4  -2  -1  -2  -4  -3  -3   18   2   7   3   3   5  11  41   0   0   0   6   4   0   0   0   0   0   0   0  0.44 0.15
   71 G    -1  -3   1  -1  -4  -3   0   6  -3  -5  -5  -3  -4  -5  -2  -1  -2  -4  -4  -5    0   0   6   1   0   0   8  82   0   0   0   0   0   0   1   0   1   0   0   0  1.30 0.29
   72 T     0  -1   0  -2  -2   3   0  -2  -2   0  -1   2  -1  -3  -2   0   3  -3  -2   1    7   0   3   0   0  19   4   1   0   5   2  17   0   0   0   0  25   0   0  15  0.25 0.15
   73 K    -2   2  -1   1  -5   0  -1  -3   2  -4  -4   6  -3  -5  -3  -2  -2  -5  -3  -4    0   6   0   8   0   0   0   0   6   0   0  79   0   0   0   0   0   0   0   0  1.10 0.32
   74 Y    -4  -4  -1  -5   3  -3  -4  -5   0  -3  -3  -4  -3   3  -5  -3  -3   0   9  -3    0   0   3   0   7   0   0   0   0   0   0   0   0   9   0   0   0   0  81   0  1.78 0.40
   75 M    -2  -1  -3  -4  -3   1  -2  -4  -2   2   1   0   7   2  -4   0  -2  -2   0   0    0   2   0   0   0   8   0   0   0  11   4   6  45   8   0   7   0   0   4   6  0.51 0.23
   76 V    -1  -3  -3  -4   3  -3  -3   0  -3   1   0  -3  -1   1  -3  -2   1  -2   1   4    2   0   0   0   8   0   0  10   0   4   5   0   0   8   0   0  10   0   7  47  0.34 0.17
   77 I    -2  -4  -4  -4  -2  -3  -4  -5  -4   5   3  -4   0  -1   0  -3  -1  -3  -2   2    0   0   0   0   0   0   0   0   0  46  34   0   0   0   5   0   4   0   0  12  0.61 0.20
   78 Q    -2   5   0  -2  -4   5   0  -3  -1  -4  -3   2  -2  -4  -3   0  -2  -4  -3  -2    1  42   2   0   0  32   0   0   0   0   0  13   0   0   0   7   0   0   0   3  0.78 0.24
   79 G     3  -3  -2  -2  -3  -2   0   5  -3  -3  -3  -2  -3  -3  -3   0  -1  -3   0  -2   32   0   0   0   0   0   8  47   0   0   0   0   0   0   0   6   2   0   4   2  0.63 0.19
   80 E    -2  -2  -1   5  -5   0   5  -3  -2  -5  -5  -1  -4  -5  -3   0   0  -5  -4  -4    0   0   0  44   0   0  48   0   0   0   0   0   0   0   0   3   5   0   0   0  1.07 0.28
   81 S    -1  -2   0   4   1  -1   2  -2  -2  -4  -4  -1  -3  -1   4   0  -1  -4  -3  -3    5   0   3  34   4   1  19   1   0   0   0   0   0   4  24   3   2   0   0   0  0.66 0.18
   82 G     0   2   0  -1   0  -1  -1   4  -2  -3  -3   0  -2  -2  -2   1   0  -2   1  -3    2  15   2   3   2   2   1  45   0   1   1   5   0   0   0  10   4   0   6   1  0.43 0.13
   83 A     2   0  -1  -2  -2   1  -1  -2   0  -2  -2   1   1  -1  -2   3   0  -3  -2  -1   25   5   0   1   0   8   0   0   2   0   0  12   7   4   0  28   4   0   0   3  0.24 0.13
   84 V     0  -2  -2   0  -2  -2  -2  -3  -3   2   2  -2   1  -1  -2   0  -1  -3  -2   4    7   1   1   8   0   1   1   1   0   6  18   1   4   1   1   7   1   0   0  44  0.24 0.11
   85 I    -2  -3  -3  -3  -2  -3  -3  -4  -3   6   1  -3   2  -1  -3  -1  -2   2  -2   1    1   1   1   1   0   0   1   1   0  66  10   1   4   0   1   4   1   4   0   4  0.63 0.20
   86 R    -1   5  -2  -3  -3  -1  -2  -3  -1  -3  -2   0  -2   2  -2  -1  -2  -1   5  -3    6  43   0   0   0   0   0   0   0   0   3   0   0   8   1   4   0   0  31   0  0.70 0.23
   87 G     1  -2  -2  -3  -3  -2  -3   5  -3  -4  -2   0  -3  -1  -3  -1   0  -4  -3  -3   15   0   0   0   0   0   0  61   0   0   4   9   0   3   0   0   7   0   0   0  0.77 0.22
   88 K    -3   1  -2  -3  -5   0  -1  -3  -3  -5  -4   7  -3  -5  -3  -2  -2  -5  -4  -4    0   3   0   0   0   0   0   0   0   0   0  97   0   0   0   0   0   0   0   0  1.52 0.40
   89 K    -2   0   1  -2  -4   1  -1  -3   2  -3  -1   6  -2  -4  -3   0  -2  -4  -3  -3    0   0   6   0   0   6   0   0   5   0   9  67   0   0   0   7   0   0   0   0  0.73 0.26
   90 G    -1  -3  -1   2  -4   1   2   6  -3  -5  -5  -2  -4  -5  -3  -1  -1  -4  -4  -4    0   0   0  11   0   6  14  65   0   0   0   0   0   0   0   0   3   0   0   0  0.95 0.24
   91 S     2   0   2  -1  -2   0   0   1   1  -3  -3   0  -2  -3   2   1   0  -4  -2  -1   28   3  12   0   0   4   4  10   4   0   0   6   0   0   9  15   3   0   0   3  0.25 0.10
   92 G     0  -3  -1  -2  -3  -1   1   5  -3  -3  -4  -2  -3  -4  -3   1   2  -4  -4  -2    7   0   0   0   0   2  11  54   0   0   0   0   0   0   0   7  16   0   0   3  0.67 0.20
   93 G     1  -4   0  -3  -4  -3  -3   6  -3  -5  -5  -3  -4  -5  -4  -1  -3  -4  -4  -4    9   0   4   0   0   0   0  85   0   0   0   0   0   0   0   2   0   0   0   0  1.42 0.31
   94 I    -1  -4  -4  -4   0  -4  -4  -2  -4   4   0  -4   0   1  -4  -3  -1  -3  -2   5    5   0   0   0   2   0   0   3   0  26   4   0   0   7   0   0   0   0   0  53  0.57 0.20
   95 T     0  -3  -2  -3   4  -2  -3  -3   2   1  -1  -2  -1   1  -3   0   4  -3  -2   2    6   0   0   0  11   0   0   0   7   9   0   0   0   7   0   4  37   0   0  20  0.37 0.18
   96 I    -1  -4  -4  -4   4  -3  -4  -4  -4   4   2  -3   0  -2  -4  -2   0  -3  -2   3    5   0   0   0  14   0   0   0   0  35  17   0   0   0   0   0   5   0   0  25  0.52 0.17
   97 K     0  -1  -2  -3  -3   1  -1  -1  -2   0  -1   3   1  -2  -3  -1   0  -3   2   3    6   0   0   0   0   8   1   4   0   0   0  32   5   0   0   0   3   0  10  32  0.27 0.17
   98 K     0   2  -2  -2  -4   0  -1  -3  -2  -1  -3   6  -2  -4  -3   0   0  -4  -3  -3    6  10   0   0   0   0   0   0   0   5   0  68   0   0   0   7   3   0   0   0  0.77 0.26
   99 T     0  -3  -1  -2  -2  -2  -2  -3  -3  -2  -3  -2  -2  -4  -2   2   6  -4  -3  -2    4   0   0   0   0   0   0   0   0   0   0   0   0   0   0  12  81   0   0   0  1.10 0.33
  100 G    -1  -1   3   0  -3   0  -1   3   2  -2  -3   3  -2  -3  -2   0   0  -4  -2  -3    1   0  19   4   0   2   0  25   6   3   2  26   0   0   0   5   6   0   0   0  0.35 0.14
  101 Q    -2   1  -2  -2  -3   6   0  -3  -1  -2   0   1   2  -3  -3  -1   1  -3  -3  -2    1   4   0   0   0  54   0   0   0   0  10   7   8   0   0   3  12   0   0   0  0.65 0.25
  102 A     5  -3  -2  -3   3  -2  -2  -2  -2  -2  -3  -2  -2  -2  -2   1   2  -3   2   0   62   0   0   0   6   0   0   0   0   0   0   0   0   0   1   6  14   0   8   4  0.58 0.23
  103 L    -1  -3  -4  -4  -1  -3  -4  -4  -4   3   4  -3   2  -1  -4  -3  -2  -3  -2   3    3   0   0   0   1   0   0   0   0  26  45   0   4   0   0   0   0   0   0  21  0.58 0.18
  104 V    -2  -4  -4  -5  -2  -4  -4  -5  -4   4   2  -4   0  -1  -4  -3  -2  -4  -2   4    0   0   0   0   0   0   0   0   0  36  22   0   0   0   0   0   0   0   0  42  0.73 0.22
  105 F    -2  -4  -4  -5  -2  -4  -4  -5  -4   5   1  -4   1   3  -4  -3  -2  -3  -1   3    0   0   0   0   0   0   0   0   0  48   7   0   3  16   0   0   0   0   0  25  0.68 0.21
  106 G     3  -3  -2  -3  -3  -2  -3   5  -3  -3  -2  -2  -3  -4  -3   1  -2  -4  -4  -1   29   0   0   0   0   0   0  54   0   0   3   0   0   0   0  10   0   0   0   4  0.77 0.22
  107 I    -2  -3  -3  -3  -2  -2  -3  -4   4   3   1  -3   3  -1  -3  -2   1  -3   1   2    0   0   0   0   0   0   0   0  16  31  10   0  10   1   0   0  11   0   5  16  0.39 0.16
  108 Y    -2  -4  -4  -5   2  -3  -4   0   0  -3  -3  -4  -3   3  -5  -3  -3   0   8  -3    2   0   0   0   6   0   0   7   0   0   0   0   0  11   0   0   0   0  74   0  1.51 0.37
  109 E    -1  -2   2   4  -4  -1   2   0  -2  -4  -4   1  -3  -4   3   0   0  -4  -3  -3    2   0   9  30   0   0  18   7   0   0   0   7   0   0  15   6   6   0   0   0  0.51 0.15
  110 E    -1  -2   0   3  -4   0   5  -2  -2  -2  -4   0  -3  -4  -1   0  -2  -4  -3  -3    4   0   3  13   0   0  63   2   0   4   0   3   0   0   3   5   0   0   0   0  0.78 0.24
  111 P    -1  -2   0  -2  -4  -2  -2   3  -3  -4  -4   1  -3  -5   6  -1   1  -4  -4  -3    4   0   5   0   0   0   0  27   0   0   0   9   0   0  46   0  10   0   0   0  1.02 0.23
  112 V    -1  -3  -1  -3  -2   0  -3   0   1   2   1  -2   5  -2  -3  -2  -1  -3  -2   3    3   0   3   0   0   5   0   8   4   9   9   0  25   0   0   0   2   0   0  32  0.31 0.16
  113 T    -1  -1   1  -2  -3   4   0  -3   3  -3  -2   0  -2  -2  -3   0   3  -3   2  -2    3   0   7   0   0  34   3   0   8   0   4   4   0   0   0   4  25   0   7   0  0.43 0.19
  114 P     0  -3   0  -3  -4   1  -2   0  -3  -4  -4  -2  -4  -5   7  -1  -2  -5  -4  -4    9   0   4   0   0   8   0   9   0   0   0   0   0   0  67   3   0   0   0   0  1.50 0.30
  115 G     1  -3  -2  -2  -3   0  -1   6  -3  -5  -5  -2  -4  -4   0   0  -2  -4  -4  -4    9   0   0   0   0   5   5  70   0   0   0   0   0   0   4   7   0   0   0   0  0.98 0.24
  116 Q    -1  -1   2   0  -3   5   1  -1  -1  -2  -2  -1   0  -4  -3   0  -1  -4  -3  -1    4   0  14   3   0  47   7   4   0   2   4   0   3   0   0   5   3   0   0   6  0.47 0.20
  117 C     3  -4  -1  -4   8  -3  -3  -3  -4   0  -1  -3  -2  -3  -3  -1   0  -4  -3   1   27   0   4   0  44   0   0   0   0   4   6   0   0   0   0   0   6   0   0   9  0.87 0.24
  118 N     2   0   6  -1  -3  -1  -2  -2  -1  -3  -3  -1  -3  -3  -3   1   0  -4   0   0   19   6  51   0   0   0   0   0   0   0   0   0   0   0   0   7   6   0   4   7  0.57 0.22
  119 M    -1  -1   1   0  -3   0   1  -3  -2  -1   0   3   4  -2  -2   0   0  -3  -3  -1    3   0   7   4   0   0   7   0   0   1   7  30  23   0   0   9   7   0   0   2  0.26 0.16
  120 V     2  -2  -3  -3  -2  -2  -3   0  -3   2   0   0  -1   0  -3  -1   0  -3  -2   3   21   0   0   0   0   0   0   7   0  17   2   8   0   4   0   0   6   0   0  36  0.25 0.14
  121 V     0  -4  -3  -4   3  -3  -3  -4  -4   1   0  -3  -1  -2  -3  -2   2  -4  -3   5    6   0   0   0   6   0   0   0   0   0   4   0   0   0   0   0  17   0   0  67  0.67 0.24
  122 E    -1  -1  -2   0  -5   0   6   0  -1  -4  -4   1  -3  -3  -3  -1  -2  -3   3  -4    2   0   0   0   0   0  70   7   0   0   0   8   0   0   0   2   0   0  12   0  0.91 0.28
  123 R     0   4  -1  -2  -3   1   0  -1  -1  -3  -3   3  -2  -3  -2   1  -1  -3  -1  -1    8  29   1   0   0   3   4   4   0   0   0  29   0   0   0  12   0   0   3   8  0.39 0.15
  124 L    -2  -3  -4  -5   1  -3  -4  -5  -4   3   4  -4   3  -1  -3  -3  -2  -3  -2   1    0   0   0   0   4   0   0   0   0  16  65   0  11   0   1   0   0   0   0   4  0.72 0.21
  125 G     4  -3  -2  -3  -3  -1  -3   5  -3  -4  -4  -2  -3  -4  -3  -1  -2  -4  -4  -3   51   1   0   0   0   3   0  46   0   0   0   0   0   0   0   0   0   0   0   0  0.89 0.25
  126 D    -1  -2   0   6  -4   0   3  -3  -2  -4  -5   1  -4  -5  -3   0  -1  -5  -4  -4    4   0   0  64   0   3  15   0   0   0   0   8   0   0   0   4   3   0   0   0  0.99 0.25
  127 Y    -3  -3  -4  -5  -4  -3  -4  -5   2  -3  -3  -4  -3   1  -5  -1  -1   2   9  -3    0   0   0   0   0   0   0   0   4   0   0   0   0   0   0   4   4   2  86   0  1.83 0.41
  128 L    -3  -4  -5  -5  -3  -4  -5  -5  -4   0   6  -4   1   0  -5  -4  -3  -3  -2  -1    0   0   0   0   0   0   0   0   0   0  97   0   0   3   0   0   0   0   0   0  1.17 0.31
  129 I    -1   3  -1  -3  -3  -1   0  -4  -2   3   1   0   1  -1  -3  -2  -1  -3  -1   2    3  23   3   0   0   0   8   0   0  32   8   4   4   0   0   0   0   0   1  13  0.26 0.14
  130 E    -1   1   2   3  -3   1   3   0  -1  -4  -4   1  -3  -4  -2   2   0  -4  -3  -3    0   6   9  21   0   6  23   8   0   0   0   7   0   0   0  18   3   0   0   0  0.42 0.13
  131 Q     1  -1   1  -2   2   4   0  -2  -1  -2  -1   1  -1  -3  -2   1  -1  -3  -3  -1   16   0   9   0   5  34   0   0   0   0   8   8   0   0   0  13   1   0   0   5  0.31 0.15
  132 G    -1  -4  -1  -1  -4  -3  -3   7  -3  -5  -5  -3  -4  -5  -4  -1  -3  -4  -5  -5    0   0   1   3   0   0   0  93   0   0   0   0   0   0   0   3   0   0   0   0  1.57 0.29
  133 M    -3  -3  -4  -4  -3  -3  -3  -4  -1  -1   2  -3   4   4  -4  -3  -2   0   6  -1    0   0   0   0   0   0   0   0   0   0  23   0  18  18   0   0   0   0  41   0  0.79 0.19

                      K         Lambda
Standard Ungapped    0.1378     0.3174
Standard Gapped      0.0474     0.2670
PSI Ungapped         0.1548     0.3169
PSI Gapped           0.0474     0.2670
