
Last position-specific scoring matrix computed, weighted observed percentages rounded down, information per position, and relative weight of gapless real matches to pseudocounts
            A   R   N   D   C   Q   E   G   H   I   L   K   M   F   P   S   T   W   Y   V   A   R   N   D   C   Q   E   G   H   I   L   K   M   F   P   S   T   W   Y   V
    1 M    -1  -2  -2  -3  -2  -1  -2  -3  -2   1   2  -2   6   0  -3  -2  -1  -2  -1   1    0   0   0   0   0   0   0   0   0   0   0   0 100   0   0   0   0   0   0   0  0.42 0.02
    2 C    -1  -4  -3  -4  10  -3  -4  -3  -4  -2  -2  -4  -2  -3  -3  -1  -1  -3  -3  -1    0   0   0   0 100   0   0   0   0   0   0   0   0   0   0   0   0   0   0   0  1.53 0.06
    3 I    -1  -2  -2  -2  -2  -1  -2   3  -2   1   0  -2   4  -1   2  -1  -1  -2  -2   0    0   0   0   0   0   0   0  38   0   9   0   0  42   0  11   0   0   0   0   0  0.32 0.03
    4 P    -1  -3  -2  -2  -3  -2  -1  -3  -3  -3  -3  -1  -3  -4   8  -1  -1  -4  -3  -3    0   0   0   0   0   0   0   0   0   0   0   0   0   0 100   0   0   0   0   0  2.16 0.05
    5 C    -1  -4  -3  -4  10  -3  -4  -3  -4  -2  -2  -4  -2  -3  -3  -1  -1  -3  -3  -1    0   0   0   0 100   0   0   0   0   0   0   0   0   0   0   0   0   0   0   0  1.53 0.06
    6 F    -3  -3  -3  -4  -3  -4  -4  -4  -2   0   0  -4   0   7  -4  -3  -3   1   3  -1    0   0   0   0   0   0   0   0   0   0   0   0   0 100   0   0   0   0   0   0  0.93 0.04
    7 T     0  -1   0  -1  -1  -1  -1  -2  -2  -1  -2  -1  -1  -3  -1   1   5  -3  -2   0    0   0   0   0   0   0   0   0   0   0   0   0   0   0   0   0 100   0   0   0  0.61 0.04
    8 T     0  -1   0  -1  -1  -1  -1  -2  -2  -1  -2   0  -1  -3  -1   1   5  -3  -2   0    0   0   0   0   0   0   0   0   0   0   0   9   0   0   0   0  91   0   0   0  0.53 0.04
    9 N    -2   1   3   5  -4   0   1  -1  -1  -3  -4   0  -3  -4  -2   0  -1  -4  -3  -3    0  14  20  66   0   0   0   0   0   0   0   0   0   0   0   0   0   0   0   0  0.70 0.03
   10 P     0  -2  -1  -2  -3  -1  -1  -2   4  -3  -3  -1  -2  -3   7  -1  -1  -4  -1  -3    6   0   0   0   0   0   0   0  21   0   0   0   0   0  73   0   0   0   0   0  1.42 0.04
   11 N    -1   0   4   2  -3   3   2  -1   0  -3  -3   0  -2  -2  -2   0  -1  -2   1  -3    0   0  39  14   0  31   9   0   0   0   0   0   0   0   0   0   0   0   7   0  0.45 0.02
   12 M    -1  -2  -2  -3  -2  -1  -2  -3  -2   0   1  -1   6  -1  -2   0   3  -2  -2   0    0   0   0   0   0   0   0   0   0   0   0   0  66   0   0   0  34   0   0   0  0.36 0.04
   13 A     3  -1  -1   0  -2   2   3  -1  -1  -2  -2   0  -1  -3  -1   1  -1  -3  -2  -1   58   0   0   0   0  10  32   0   0   0   0   0   0   0   0   0   0   0   0   0  0.35 0.02
   14 A     2   3   1  -1  -2   2   0  -1  -1  -3  -2   2  -1  -3  -1   1   0  -3  -2  -2   30  21   8   0   0  20   0   0   0   0   0  14   0   0   0   7   0   0   0   0  0.28 0.01
   15 K    -1   2   0   1  -3   2   1  -2  -1  -3  -3   4  -2  -3  -1   0  -1  -3  -2  -3    0   9   0  11   0  14   0   0   0   0   0  67   0   0   0   0   0   0   0   0  0.49 0.03
   16 C    -1  -4  -3  -4  10  -3  -4  -3  -4  -2  -2  -4  -2  -3  -3  -1  -1  -3  -3  -1    0   0   0   0 100   0   0   0   0   0   0   0   0   0   0   0   0   0   0   0  1.53 0.06
   17 N     1   4   1   0  -2   0   0  -1  -1  -3  -2   1  -2  -3  -2   1  -1  -3  -2  -2   22  53   9   6   0   0   0   0   0   0   0   0   0   0   0  10   0   0   0   0  0.37 0.02
   18 A     1  -1   0   4  -2   0   2  -1  -1  -2  -3   1  -2  -3  -1   0   1  -3  -2  -2   17   0   0  35   0   0  22   0   0   0   0  11   0   0   0   0  16   0   0   0  0.36 0.02
   19 C    -1  -4  -3  -4  10  -3  -4  -3  -4  -2  -2  -4  -2  -3  -3  -1  -1  -3  -3  -1    0   0   0   0 100   0   0   0   0   0   0   0   0   0   0   0   0   0   0   0  1.53 0.06
   20 C    -1  -4  -3  -4  10  -3  -4  -3  -4  -2  -2  -4  -2  -3  -3  -1  -1  -3  -3  -1    0   0   0   0 100   0   0   0   0   0   0   0   0   0   0   0   0   0   0   0  1.53 0.06
   21 G     0  -2  -1  -2  -3  -2  -2   6  -2  -4  -4   0  -3  -4  -2   0  -2  -3  -3  -3    0   0   0   0   0   0   0  92   0   0   0   8   0   0   0   0   0   0   0   0  1.00 0.03
   22 S     0   0   0  -1  -3  -1  -2   6  -2  -4  -4  -1  -3  -3  -2   0  -1  -3  -3  -3    0  10   0   0   0   0   0  81   0   0   0   0   0   0   0   9   0   0   0   0  0.83 0.03
   23 R     0   2   0   0  -1   0   0   1   0  -1  -1   2  -1  -1   0   0   0  -1  -1  -1    5  21   3   3   1   2   4  12   1   3   5  19   1   2   3   4   3   1   2   4  0.11 0.00
   24 R    -1   4   2  -1  -3   0  -1   2  -1   0  -2   1  -1  -3  -2  -1  -1  -3  -2  -1    0  41  18   0   0   0   0  18   0  15   0   8   0   0   0   0   0   0   0   0  0.27 0.02
   25 G     0   0  -1  -1  -3  -1  -2   6  -2  -4  -3  -1  -3  -3  -2   0  -2  -3  -3  -3    1   9   0   0   0   0   0  84   0   0   1   0   0   0   0   1   0   0   0   0  0.84 0.03
   26 S    -1   2  -1  -1  -3   1   0  -2  -1  -2  -2   4  -1  -1  -2   0  -1  -2   1  -1    0   9   0   0   0   0   0   0   0   0   0  62   0   0   0   9   0   0  11  10  0.30 0.02
   27 C    -1  -4  -3  -4  10  -3  -4  -3  -4  -2  -2  -4  -2  -3  -3  -1  -1  -3  -3  -1    0   0   0   0 100   0   0   0   0   0   0   0   0   0   0   0   0   0   0   0  1.53 0.06
   28 R     0   1  -2  -3  -2  -1  -2  -3  -1  -1   0   0   0   5  -3  -1  -2   0   3   0   11   9   0   0   0   0   0   0   0   0   0  10   0  51   0   0   0   0  13   7  0.32 0.02
   29 G     0  -2   0  -1  -3  -2  -2   6  -2  -4  -4  -2  -3  -3  -2   1  -1  -3  -3  -3    0   0   0   0   0   0   0  89   0   0   0   0   0   0   0  11   0   0   0   0  0.98 0.03
   30 P    -1  -2  -2  -2  -3  -1  -1  -2  -1  -2  -2  -1  -2  -1   7  -1  -1  -1   3  -2    1   0   0   0   0   0   1   1   0   0   1   0   0   0  75   1   1   0  17   1  1.41 0.03
   31 Q    -1   1   0  -1  -3   6   2  -2   0  -3  -3   1  -1  -4  -2   0  -1  -2  -2  -3    0   0   0   0   0 100   0   0   0   0   0   0   0   0   0   0   0   0   0   0  0.83 0.05
   32 C    -1  -4  -3  -4  10  -3  -4  -3  -4  -2  -2  -4  -2  -3  -3  -1  -1  -3  -3  -1    0   0   0   0 100   0   0   0   0   0   0   0   0   0   0   0   0   0   0   0  1.53 0.06
   33 I    -2  -3  -4  -4  -1  -3  -3  -4  -3   3   4  -3   2   0  -3  -3  -1  -2  -1   1    0   0   0   0   0   0   0   0   0  30  70   0   0   0   0   0   0   0   0   0  0.44 0.02
   34 C    -1  -4  -3  -4  10  -3  -4  -3  -4  -2  -2  -4  -2  -3  -3  -1  -1  -3  -3  -1    0   0   0   0 100   0   0   0   0   0   0   0   0   0   0   0   0   0   0   0  1.53 0.06

                      K         Lambda
Standard Ungapped    0.1393     0.3325
Standard Gapped      0.0410     0.2670
PSI Ungapped         0.1393     0.3325
PSI Gapped           0.0410     0.2670
