
Last position-specific scoring matrix computed, weighted observed percentages rounded down, information per position, and relative weight of gapless real matches to pseudocounts
            A   R   N   D   C   Q   E   G   H   I   L   K   M   F   P   S   T   W   Y   V   A   R   N   D   C   Q   E   G   H   I   L   K   M   F   P   S   T   W   Y   V
    1 M    -4  -5  -6  -7  -5  -4  -5  -6  -5  -2  -1  -5  11  -3  -6  -5  -4  -5  -4  -2    0   0   0   0   0   0   0   0   0   0   0   0 100   0   0   0   0   0   0   0  3.00 0.76
    2 K    -4   0  -1  -3  -6  -1  -2  -4  -3  -6  -5   8  -4  -6  -4  -3  -3  -6  -5  -5    0   0   3   0   0   0   0   0   0   0   0  97   0   0   0   0   0   0   0   0  1.98 0.57
    3 L    -4  -5  -6  -6  -4  -5  -5  -6  -5  -1   6  -5   0  -2  -5  -5  -3  -4  -3   0    0   0   0   0   0   0   0   0   0   0  94   0   0   0   0   0   0   0   0   6  1.48 0.45
    4 T    -2  -4  -3  -4  -4  -3  -4  -4  -5  -2  -4  -3   0  -5  -4  -1   8  -5  -4  -3    2   0   0   0   0   0   0   0   0   1   0   0   2   0   0   0  95   0   0   0  1.87 0.58
    5 C    -2  -4  -6  -7  11  -6  -7  -6  -6  -4  -4  -6  -5  -2  -6  -3  -2  -1  -5  -4    2   1   0   0  92   0   0   0   0   0   0   0   0   2   0   1   1   1   0   0  3.19 0.68
    6 M    -1  -5  -5  -6  -3  -4  -5  -5  -5   0  -1  -5   6  -3  -5  -4  -3  -5  -4   6    5   0   0   0   0   0   0   0   0   0   0   0  22   0   0   0   0   0   0  74  1.43 0.51
    7 K    -3  -4  -5  -5  -3  -4  -5  -5  -4   0   4  -4   6  -1  -3  -4  -3  -4  -3   2    1   0   0   0   0   0   0   0   0   2  51   1  27   1   1   0   0   0   0  16  1.00 0.37
    8 I    -4  -6  -6  -6  -4  -6  -6  -7  -6   8  -1  -5   0  -2  -6  -5  -1  -5  -4   0    0   0   0   0   0   0   0   0   0  93   1   0   2   1   0   0   3   0   0   0  1.87 0.57
    9 V    -1  -5  -5  -6  -3  -5  -5  -6  -6   4   0  -5  -1  -3  -5  -4  -2  -5  -4   6    3   0   0   0   0   0   0   0   0  26   3   0   0   0   0   0   0   0   0  68  1.27 0.44
   10 A     6  -4  -4  -4  -3  -3  -3  -3  -4  -2  -4  -3  -3  -5  -3  -1   1  -5  -4  -1   86   0   0   0   0   0   0   0   0   2   0   0   0   0   0   2   7   0   0   4  1.35 0.50
   11 V    -1  -5  -6  -6  -3  -5  -5  -6  -6   0  -1  -5   2  -3  -5  -4  -3  -5  -4   7    4   0   0   0   0   0   0   0   0   0   3   0   6   0   0   0   0   0   0  87  1.52 0.52
   12 L    -4  -5  -6  -6  -4  -5  -6  -6  -6  -1   6  -5   1  -2  -6  -5  -4  -4  -4  -2    0   0   0   0   0   0   0   0   0   0  98   0   2   0   0   0   0   0   0   0  1.68 0.53
   13 F    -4  -5  -6  -6  -2  -6  -6  -6  -4   0   1  -6  -2   8  -3  -5  -4  -2   0   1    0   0   0   0   1   0   0   0   0   3  14   0   0  73   1   0   0   0   0   8  1.64 0.49
   14 L    -4  -5  -6  -6  -4  -5  -6  -7  -6  -1   6  -5   0  -2  -6  -5  -4  -4  -4  -2    0   0   0   0   0   0   0   0   0   0 100   0   0   0   0   0   0   0   0   0  1.73 0.54
   15 T     0  -4  -3  -4  -4  -3  -4  -4  -5  -2  -4  -3   0  -5  -4   0   7  -5  -4  -3    6   0   0   0   0   0   0   0   0   2   0   0   2   0   0   3  87   0   0   0  1.65 0.58
   16 A     6  -4  -4  -3  -3  -3  -3  -2  -4  -1  -3  -3  -3  -4  -3  -1  -2  -5  -4   1   83   0   0   1   0   0   0   0   0   3   0   0   0   0   0   0   1   0   0  10  1.22 0.46
   17 W    -3  -5  -1  -5  10  -5  -5  -2  -5  -4  -3  -5  -4  -3  -5   0  -3   8   0  -4    0   0   4   0  55   0   0   3   0   0   1   0   0   0   0   7   0  25   2   0  2.12 0.55
   18 T    -3  -2  -1  -3  -4   7  -1  -4  -2  -2  -4  -1  -3  -4  -2  -2   4  -4  -3  -2    1   0   2   0   0  57   2   1   0   3   1   2   0   0   2   0  27   0   0   1  1.15 0.44
   19 F    -3  -4  -4  -5  -3  -4  -4  -5  -4   0   5  -4   0   5  -4  -3  -3  -2  -1  -1    1   0   0   0   0   0   0   1   0   3  56   0   0  32   0   2   0   0   0   3  0.95 0.33
   20 V     1  -3  -1  -1  -2  -3  -3  -4  -4   4  -1  -3  -1  -3  -3  -1   3  -4  -3   3   12   0   2   3   0   0   0   0   0  29   1   0   0   0   0   2  23   0   0  26  0.51 0.26
   21 T     0  -3  -1  -3  -3  -3  -3  -4  -4  -2  -3  -3   2  -4  -3   0   7  -5  -4  -1    7   0   3   0   0   0   0   0   0   1   0   0   5   0   0   3  76   0   0   3  1.28 0.48
   22 A     6  -4  -4  -4  -3  -3  -3  -1  -4  -4  -4  -3  -3  -5  -3  -1   0  -5  -4  -2   88   0   0   0   0   0   0   3   0   0   0   0   0   0   0   2   5   0   0   1  1.38 0.49
   23 D    -2  -3   0   7  -5  -2   2  -2  -3  -2  -4  -2  -4  -5  -1  -2  -3  -6  -5  -2    3   0   3  63   0   0  15   3   0   3   2   1   0   0   3   1   0   0   0   3  1.11 0.38
   24 D    -1  -3   1   6  -4  -1  -1  -2   3  -3  -4  -2  -4  -3  -3   0   2  -4   2  -3    3   0   6  47   0   1   0   2   7   1   0   0   0   0   0   7  14   0   9   1  0.74 0.31
   25 S     0  -3  -2  -3   0  -2  -2  -3  -1  -3  -3  -2  -3  -2   0   5   2  -4   2  -3    3   0   0   0   2   1   0   0   1   1   2   0   0   1   5  62  11   0   7   0  0.79 0.37
   26 R    -1   6   0  -2  -4  -1  -2   1  -2  -2  -2   1  -3  -4  -2   1  -1  -4  -3  -3    5  52   4   2   0   0   0   9   0   2   3   5   0   0   1  12   4   0   0   0  0.68 0.29
   27 N    -2   1   4   4  -4  -1  -1   3  -2  -4  -4  -1  -3  -3  -3  -1  -2  -3   2  -4    1   9  23  24   0   1   2  22   0   0   1   3   0   0   0   1   1   0   8   1  0.56 0.24
   28 G    -1   1  -2  -2  -3   0   0   4  -2  -3  -2   3   0  -4  -3  -1   1  -4  -3  -1    4   6   0   1   0   4   5  37   0   0   3  20   3   0   0   0  11   0   0   4  0.42 0.20
   29 L    -2   1  -2  -1  -3   5  -1  -3   1   0   2   0   0  -2  -1  -2  -1   3  -2  -2    1   9   1   3   0  33   1   1   3   4  26   3   2   1   2   1   2   5   1   1  0.40 0.21
   30 E    -1   2  -1   0  -3   1   4  -1  -1  -3  -2   3  -2  -3  -2  -1  -2  -3  -2  -2    5   9   1   3   0   6  35   5   0   1   3  21   0   1   1   1   1   0   1   3  0.42 0.17
   31 Y    -2  -2   4   1  -3  -1  -1  -2   5  -1  -3  -1  -2   0  -2  -1  -2  -2   5  -2    2   1  29   9   0   1   1   2  15   4   2   4   0   3   1   2   1   0  21   1  0.58 0.22
   32 L    -2   4  -1  -2  -3  -1  -2  -2  -1  -2   2  -1  -1  -1   3  -1  -2  -3  -2  -2    2  31   2   1   0   2   1   2   1   1  27   1   0   2  15   5   1   0   1   1  0.40 0.18
   33 F     3  -1  -1  -2  -2  -2  -2  -2  -2  -2  -1  -2  -1   4   0   1   0  -2   1  -1   34   4   2   1   0   1   1   2   0   1   5   1   0  22   5   9   4   0   4   2  0.29 0.16
   34 P     0   1  -2  -2  -2  -1   1  -3  -2   0   2   0   1  -2   2   0  -1   1  -2   1    5   8   1   1   0   1  10   1   0   1  25   4   3   0  12   9   1   2   0  17  0.17 0.13
   35 K    -3   5   0  -3  -4   3  -1  -2   0  -3  -3   4   1  -4  -3  -1  -2  -4  -3  -4    0  37   3   0   0  12   2   2   2   1   1  33   4   0   0   2   0   0   0   0  0.84 0.32
   36 A     2   0  -2  -2  -2  -1  -1  -1  -2  -2   1   2   1  -3  -2   3  -1  -4  -3  -2   23   5   0   0   0   1   3   3   0   0  14  13   4   0   0  30   1   0   0   0  0.30 0.21
   37 H    -1   4  -1  -1  -3  -1  -1  -1   5  -1  -3   0  -2  -1   0   1   0  -3  -2  -3    3  32   2   4   0   1   1   4  22   4   2   3   0   2   4   9   6   0   0   1  0.47 0.21
   38 Y    -2   2   1   4  -3  -1  -1  -1   6  -2  -2  -1  -1  -3  -2  -1   0  -3   0  -2    3  13   4  27   0   1   1   5  24   2   3   1   2   1   2   2   5   0   2   2  0.49 0.21
   39 E     2   0  -1   0  -3   0   4   0  -2  -3  -3   2  -2  -3  -2  -1  -2  -3  -3  -2   22   2   1   4   0   2  38   7   0   1   2  13   0   1   1   1   1   0   1   1  0.45 0.20
   40 M    -2  -2  -3  -3  -3  -1  -2  -3  -3   1   2  -2   8  -2  -2  -3  -2  -3  -2   0    1   2   1   1   0   3   3   1   0   5  19   3  51   1   1   1   1   0   1   5  0.91 0.32
   41 N    -1   4   4   0  -3   2   0  -1  -1  -3  -3   0  -1  -3  -2   1  -1  -3  -2  -3    3  25  27   4   0  10   4   3   0   1   2   4   2   1   1   8   2   0   1   1  0.43 0.17
   42 P    -1   0   1   0  -2  -1  -1  -2  -1  -2  -2  -1  -1  -2   5   2  -1  -2  -1  -2    3   7   7   5   1   1   2   2   1   2   4   3   2   1  28  21   2   0   3   3  0.42 0.13
   43 E     0   0   0   1  -2   0   3  -1  -1  -2  -1   1  -1  -1  -1   1   2  -2  -2  -1    7   3   3   6   1   1  26   2   1   2   6   9   1   2   2  11  14   0   1   3  0.19 0.09
   44 A     2   0  -1   3  -2  -1   0   0  -2  -2  -1  -1  -1  -2  -1   1   0  -2   0  -1   27   4   1  19   0   1   5   5   1   1   8   3   1   1   2   9   6   0   3   2  0.17 0.10
   45 S     0   0   1   0  -2   0   0  -1  -1  -2  -1   2  -2  -2  -1   3   2  -3  -2  -1    6   3   6   4   0   4   4   2   0   2   5  14   1   1   2  31  11   0   1   2  0.23 0.13
   46 K    -2   1   3   0  -3   0   0  -2   1  -2  -2   4  -2  -3  -1   0   0  -3  -2  -2    2   5  18   5   0   1   5   2   3   2   3  39   0   1   3   4   5   0   1   1  0.40 0.18
   47 L    -1  -2  -2  -1  -2  -1  -2  -1  -2   0   3  -1   1   1  -1   1  -1  -2   0   0    2   1   1   3   0   2   1   5   0   3  41   4   2   7   3  18   1   0   2   3  0.21 0.14
   48 N    -2   2   4   0  -1   0   0  -1  -1  -3  -2   3  -2  -3  -2   1   0  -4  -3  -3    2  14  27   3   1   2   4   2   0   1   3  22   0   1   1  10   4   0   0   1  0.40 0.19
   49 K    -1   1   0  -1  -3  -1   0  -1  -2  -1   1   3   2  -2  -1   0   1  -1  -2  -1    1   6   3   3   0   1   5   5   0   0  21  27   7   1   2   6   8   1   0   4  0.16 0.14
   50 K     0   4  -1  -2  -3  -1   0  -2  -2  -3  -3   2  -3  -4   0   2   3  -4  -3  -2    5  31   1   1   0   0   4   1   0   0   0  11   0   0   4  15  23   0   0   2  0.52 0.26
   51 Q    -1   5  -1   0  -3   0   0  -1  -2  -3  -2   3  -2  -2  -2  -1   1   1  -1  -2    2  37   1   6   0   2   5   5   0   1   3  17   0   2   1   1   9   2   2   3  0.41 0.18
   52 D    -1   2   0   2  -3   1   1   1  -1  -3  -2   1  -2  -2   0   0   0   0   0  -2    4  17   3  13   0   6  11  12   1   1   2   5   0   1   3   6   7   2   4   1  0.19 0.09
   53 C    -4  -7  -6  -7  12  -7  -7  -6  -7  -5  -5  -7  -5  -6  -6  -4  -4  -6  -6  -4    0   0   0   0 100   0   0   0   0   0   0   0   0   0   0   0   0   0   0   0  3.84 0.85
   54 A     0   2   0  -1  -3   0  -1   0  -1   0   0   2  -1  -1  -2   1   1  -3   0   0    5  12   3   3   0   4   2   5   1   7   8  15   1   1   0  10  14   0   5   6  0.09 0.09
   55 A     0  -1   0   2  -3   0   2   0   0  -3  -3   0  -1  -4   4   0  -1  -4  -2  -1   10   2   5  12   0   2  15   7   2   1   0   4   3   0  22   7   3   0   1   4  0.36 0.16
   56 G     0   0  -1   1  -3   1   0   0  -2  -2  -2   1  -2   0   4   1  -1  -3  -1  -1    8   4   2   9   0   5   6   7   0   2   2  10   0   5  19  14   1   0   1   3  0.26 0.13
   57 G    -2  -4   1   0  -5  -3  -2   6  -1  -5  -3  -3  -4  -3  -4   0  -3   2  -4  -5    0   0   6   4   0   0   2  71   1   0   4   1   0   1   0   6   1   3   0   0  1.22 0.40
   58 Q     0  -1  -1   2  -3   2   2   1   1  -3  -3   0   0  -3  -2   2   1  -3   0  -2    8   2   1  12   0   9  17  11   4   0   1   2   3   1   0  17   7   0   3   2  0.24 0.15
   59 F     0  -2  -3  -2  -3  -2  -2   1  -2  -1  -1  -2   0   3   2   0  -1   4   3   0    7   1   0   2   0   0   1  11   0   2   5   2   3  17  12  10   2   6  11   7  0.25 0.15
   60 C    -4  -7  -6  -7  12  -7  -7  -6  -7  -5  -5  -7  -5  -6  -6  -4  -4  -6  -6  -4    0   0   0   0 100   0   0   0   0   0   0   0   0   0   0   0   0   0   0   0  3.84 0.85
   61 G    -1  -1   1   2  -2  -1   0   4  -2  -2  -2  -1  -2  -1  -1   1   0   0  -2  -2    3   2   6  14   0   1   5  32   0   2   4   2   0   3   3   9   6   1   1   3  0.28 0.12
   62 F     0  -1  -1  -1  -1   0  -1  -1   0   1   1   0   1   2  -1   0   0   0   0   0    7   2   3   2   1   3   3   5   2  15  12   6   6  13   2   7   4   1   2   6  0.03 0.03
   63 P     0   0  -1  -1  -2  -1   0   0   3  -1   0   0  -1   0   3   0   0  -2  -1  -1    6   6   2   4   1   1   5   6  11   3  12   3   1   4  18   5   7   0   1   4  0.17 0.07
   64 K    -1   1  -1  -1  -2   0   0  -1   1  -1  -1   1  -1   1   3   0   0   1   1  -1    4  10   2   3   1   2   6   3   4   3   5  14   1   7  16   6   5   2   5   2  0.17 0.07
   65 I     0   0  -1  -1  -1  -1  -1   0   3   1   0  -1   0   1   0  -1   0   0   1   0    5   4   3   4   1   2   4   7  11  11  12   1   1   8   4   4   6   1   5   5  0.04 0.04
   66 G     0   0   1   1   0  -1   0   2   2  -2  -2   0   0  -1  -1   1   0  -2   0  -2    5   5   7   8   2   1   5  19   7   1   4   3   3   4   2  12   8   0   3   2  0.12 0.07
   67 G     0   0   0   0  -3   0   0   1   2  -1  -2  -1  -2  -1   2   0   0   0   2  -1    5   5   5   5   0   4   7  12   7   4   2   1   0   1  12   9   4   1  11   2  0.15 0.09
   68 P    -1   0   2   2   0   0   1  -3   2  -2  -1  -1  -1  -1   3  -1  -1  -3   1  -1    3   7  11  14   3   4   8   1   8   2   9   1   1   2  13   4   3   0   6   3  0.19 0.12
   69 C    -4  -7  -6  -7  12  -6  -7  -6  -6  -4  -5  -7  -5  -6  -6  -4  -3  -6  -6  -4    0   0   0   0  96   0   0   0   0   1   0   0   0   0   0   0   2   0   0   0  3.74 0.87
   70 C    -4  -7  -7  -7  12  -7  -8  -6  -7  -5  -5  -7  -5  -6  -7  -5  -5  -6  -2  -5    0   0   0   0  98   0   0   0   0   0   0   0   0   0   0   0   0   0   2   0  3.88 0.89
   71 S    -1   0   1   1   2  -1  -1   0  -1  -3  -3  -1  -3  -2   1   4   0  -5  -3  -3    2   6   6   6   4   1   2   5   2   2   2   2   0   1   8  47   5   0   0   0  0.47 0.28
   72 G    -1  -2   0  -1  -5   0   0   6  -2  -5  -2  -1  -4  -2  -3  -1  -3  -4  -1  -5    3   2   4   2   0   4   5  62   1   0   4   4   0   2   1   3   1   0   3   0  0.88 0.33
   73 W    -2  -1  -1  -2   2  -2  -2  -4   0   0   1  -1  -1   3  -4   0   1   6   2  -1    2   4   4   2   6   0   2   0   3   4  15   3   0  12   0  10   9  15   7   2  0.35 0.19
   74 C    -4  -7  -6  -7  11  -6  -7  -6  -7  -1  -4  -7  -5  -6  -6  -4  -4  -6  -6  -2    0   0   0   0  94   0   0   0   0   4   0   0   0   0   0   0   0   0   0   3  3.47 0.77
   75 L    -2  -2  -3  -5  -1  -4  -4  -3  -4   3   3  -4   0   5  -4  -3  -2   1   0   1    2   2   1   0   1   0   0   1   0  20  32   0   0  30   0   2   0   2   0   7  0.56 0.21
   76 G    -2  -2  -4  -4  -4  -4  -4   2  -3   1   1  -4  -1   6  -5  -3  -3  -2   0   0    2   3   0   0   0   0   0  18   0  10  15   0   0  48   0   0   0   0   0   4  0.70 0.25
   77 V     0  -4  -4  -5  -2  -4  -4  -4  -4   3   0  -4  -1   1  -4  -3  -1   6  -1   5    6   0   0   0   0   0   0   0   0  14   5   0   0   6   0   0   2  12   0  55  0.74 0.24
   78 C    -3  -6  -5  -6  11  -5  -6  -5  -6  -4  -4  -6  -4  -5  -5  -3  -3  -5  -5  -3    0   0   0   0 100   0   0   0   0   0   0   0   0   0   0   0   0   0   0   0  3.21 0.53
   79 A     3  -3  -2  -3  -1  -2  -2  -2  -3   0  -1  -2  -1  -2  -2   1   2  -4  -2   3   46   0   0   0   0   0   0   0   0   0   0   0   0   0   0   6  13   0   0  35  0.39 0.14

                      K         Lambda
Standard Ungapped    0.1393     0.3255
Standard Gapped      0.0402     0.2670
PSI Ungapped         0.1313     0.3175
PSI Gapped           0.0402     0.2670
