
Last position-specific scoring matrix computed, weighted observed percentages rounded down, information per position, and relative weight of gapless real matches to pseudocounts
           A  R  N  D  C  Q  E  G  H  I  L  K  M  F  P  S  T  W  Y  V   A   R   N   D   C   Q   E   G   H   I   L   K   M   F   P   S   T   W   Y   V
    1 M   -2 -2 -3 -4 -2 -1 -3 -3 -2  1  2 -2  8  0 -3 -2 -1 -2 -2  0    0   0   0   0   0   0   0   0   0   0   0   0 100   0   0   0   0   0   0   0  0.74 0.10
    2 F   -1 -3 -3 -3 -2 -2 -3 -3 -3  1  2 -2  1  3  5 -1 -1 -2  0  0    0   0   0   0   0   0   0   0   0   8  39   0   0  19  29   5   0   0   0   0  0.45 0.03
    3 T    0 -2 -1 -2 -1 -1 -1 -2 -2  0 -1 -1 -1 -2 -2  2  5 -3 -2  0    0   0   0   0   0   0   0   0   0  10   0   0   0   0   0   8  82   0   0   0  0.49 0.06
    4 I   -2 -3 -4 -4 -2 -3 -4 -4 -4  4  3 -3  1  0 -3 -3 -1 -3 -2  3    0   0   0   0   0   0   0   0   0  67  24   0   0   0   0   0   0   0   0   9  0.44 0.04
    5 T   -1 -2 -2 -3 -1 -2 -2 -3 -3  2  2 -2  1  0 -2  0  3 -3 -1  1    0   0   0   0   0   0   0   0   0  22  27   0   0   2   0   0  46   0   0   2  0.25 0.03
    6 S    1 -1  0 -1 -1  0 -1 -1 -1 -3 -3 -1 -2 -3 -1  5  2 -3 -2 -2    0   0   0   0   0   0   0   0   0   0   0   0   0   0   0  92   8   0   0   0  0.56 0.06
    7 Y   -2 -2 -3 -4 -3 -2 -3 -4  1 -2 -2 -3 -1  3 -4 -2 -2  2  8 -2    0   0   0   0   0   0   0   0   0   0   0   0   0   4   0   0   0   0  96   0  1.15 0.08
    8 F   -2 -3 -3 -4 -3 -4 -4 -4 -2 -1  0 -3  0  7 -4 -1 -2  1  3 -1    0   0   0   0   0   0   0   0   0   0   0   0   0  93   0   7   0   0   0   0  0.87 0.07
    9 G    1 -3 -1 -2 -3 -2 -3  6 -3 -4 -3 -2 -3 -3 -3 -1 -2 -3 -3 -3    7   0   0   0   0   0   0  90   0   0   4   0   0   0   0   0   0   0   0   0  0.99 0.05
   10 F   -3 -3 -4 -4 -3 -4 -4 -4 -2  1  1 -4  0  7 -4 -3 -2  0  3 -1    0   0   0   0   0   0   0   0   0   8   8   0   0  84   0   0   0   0   0   0  0.78 0.06
   11 L   -2 -3 -4 -4 -2 -3 -3 -4 -3  1  5 -3  2  0 -3 -3 -2 -2 -1  1    0   0   0   0   0   0   0   0   0   0 100   0   0   0   0   0   0   0   0   0  0.59 0.05
   12 L   -2 -3 -4 -4 -2 -3 -3 -4 -3  2  4 -3  2  3 -3 -3 -2 -1  0  1    0   0   0   0   0   0   0   0   0   4  73   0   7  14   0   0   0   0   0   2  0.44 0.04
   13 A    4 -2 -2 -2 -1 -1 -2  2 -2 -1 -1 -1 -1 -2 -2  0  0 -3 -2  1   62   0   0   0   0   0   0  14   0   0   7   0   0   0   0   0   4   0   0  13  0.28 0.03
   14 A    4 -2 -2 -2 -1 -1 -1 -1 -2  0 -1 -1 -1 -2 -1  1  0 -3 -2  1   72   0   0   0   0   0   0   0   0  10   0   0   0   0   0   8   3   0   0   7  0.32 0.04
   15 L   -1 -3 -3 -4 -2 -2 -3 -4 -3  1  4 -3  2  0  1 -1 -1 -2 -1  0    0   0   0   0   0   0   0   0   0   4  79   0   0   2   7   8   0   0   0   0  0.37 0.04
   16 T    0 -2 -1 -2 -1 -1 -2 -2 -2  2 -1 -1  0 -2 -2  1  5 -3 -2  1    9   0   0   0   0   0   0   0   0  23   0   0   0   0   0   0  69   0   0   0  0.37 0.05
   17 I   -2 -3 -3 -3 -2 -3 -3 -4 -3  3  2 -3  1  4  1 -2 -1 -1  0  1    0   0   0   0   0   0   0   0   0  51  11   0   0  27   7   4   0   0   0   0  0.30 0.03
   18 T    1 -2 -1 -2 -1 -1 -1 -2 -2 -1 -2 -1 -1 -3 -1  1  5 -3 -2  0   17   0   0   0   0   0   0   0   0   0   0   0   0   0   0   0  83   0   0   0  0.52 0.06
   19 S    0 -2 -1 -2 -2 -1 -2 -2 -2  1  2 -2  0 -1  2  2  0 -3 -2  0    0   0   0   0   0   0   0   0   0   3  38   0   0   2  10  38   0   0   0   8  0.19 0.03
   20 A    3 -2 -2 -3 -1 -2 -2  0 -3  2  0 -2  0 -2 -2  0  0 -3 -2  3   46   0   0   0   0   0   0   3   0  13   0   0   0   0   0   4   0   0   0  35  0.22 0.03
   21 I   -2 -3 -3 -4 -2 -2 -3 -4 -3  2  4 -3  2  0  1 -2  0 -2 -2  1    0   0   0   0   0   0   0   0   0  11  74   0   0   0   7   0   9   0   0   0  0.37 0.04
   22 F   -3 -3 -4 -4 -3 -4 -4 -4 -1  0  1 -4  0  7 -4 -3 -3  1  4 -1    0   0   0   0   0   0   0   0   0   0   6   0   0  86   0   0   0   0   9   0  0.86 0.06
   23 I   -1 -3 -3 -4 -1 -3 -3 -4 -4  4  2 -3  1 -1 -3 -2  0 -3 -2  3    0   0   0   0   0   0   0   0   0  67   9   0   0   0   0   0   7   0   0  18  0.39 0.04
   24 G    1 -2 -1 -2 -3 -2 -2  6 -2 -4 -4 -2 -3 -4 -2  1 -1 -3 -3 -3    8   0   0   0   0   0   0  80   0   0   0   0   0   0   0  12   0   0   0   0  0.87 0.05
   25 L   -2 -3 -4 -4 -2 -3 -3 -4 -3  1  5 -3  2  0 -3 -2 -1 -2 -1  1    0   0   0   0   0   0   0   0   0   0  96   0   0   0   0   4   0   0   0   0  0.52 0.05
   26 N   -1  1  5  0 -2  0  0 -1  0 -3 -3  0 -2 -3 -2  3  1 -4 -2 -3    0  12  53   0   0   0   0   0   0   0   0   0   0   0   0  32   4   0   0   0  0.49 0.04
   27 K    0  2 -1 -1 -3  1  0 -2 -1 -3 -3  6 -2 -4 -1  0 -1 -4 -2 -3    9   0   0   0   0   0   0   0   0   0   0  91   0   0   0   0   0   0   0   0  0.60 0.06
   28 I   -2 -4 -4 -4 -2 -3 -4 -4 -4  5  2 -3  1 -1 -3 -3 -1 -3 -2  3    0   0   0   0   0   0   0   0   0  91   3   0   0   0   0   0   2   0   0   4  0.51 0.06
   29 R   -1  5 -1 -1 -4  5  1 -2  0 -4 -3  2 -1 -4 -2 -1 -1 -3 -2 -3    0  50   0   0   0  44   0   2   0   0   0   4   0   0   0   0   0   0   0   0  0.64 0.05
   30 L   -2 -3 -4 -4 -2 -3 -3 -4 -3  2  5 -3  2  0 -3 -3 -2 -2 -1  1    0   0   0   0   0   0   0   0   0   7  93   0   0   0   0   0   0   0   0   0  0.55 0.05
   31 I   -2 -4 -4 -4 -2 -3 -4 -4 -4  5  2 -3  1  0 -3 -3 -1 -3 -2  2    0   0   0   0   0   0   0   0   0  89  11   0   0   0   0   0   0   0   0   0  0.52 0.06

                      K         Lambda
Standard Ungapped    0.1512     0.3409
Standard Gapped      0.0410     0.2670
PSI Ungapped         0.1512     0.3409
PSI Gapped           0.0410     0.2670
