
Last position-specific scoring matrix computed, weighted observed percentages rounded down, information per position, and relative weight of gapless real matches to pseudocounts
           A  R  N  D  C  Q  E  G  H  I  L  K  M  F  P  S  T  W  Y  V   A   R   N   D   C   Q   E   G   H   I   L   K   M   F   P   S   T   W   Y   V
    1 M   -1 -1 -2 -3 -1  0 -2 -3 -2  1  2 -1  5  0 -2 -1 -1 -1 -1  1    0   0   0   0   0   0   0   0   0   0   0   0   0   0   0   0   0   0   0   0  0.00     0.00
    2 A    4 -2 -1 -2 -1 -1 -1  2 -2 -2 -3 -1 -2 -3 -2  2  0 -3 -3 -1   63   0   0   0   0   0   0  18   0   0   0   0   0   0   0  19   0   0   0   0  0.51 0.10
    3 K   -2 -1  1  0 -4  2  5 -3  0 -4 -3  1 -2 -4 -2 -1  1 -4 -3 -3    0   0   9   0   0   6  63   0   2   0   0   9   0   0   0   0  12   0   0   0  0.66 0.13
    4 R   -2  5 -1 -2 -4  0  1 -3  0 -4 -3  3 -2 -4 -2 -1  0 -4 -2 -3    0  59   0   0   0   0   6   0   2   0   0  26   0   0   0   0   7   0   0   0  0.77 0.14
    5 L   -1  0 -1 -2 -2 -2 -1 -3 -2  4  0  0  0 -1 -3 -1  2 -3  1  2    0   4   2   0   0   0   4   0   0  47   3   8   0   0   0   2  17   0   6   8  0.21 0.08
    6 L   -2 -3 -4 -5 -2 -3 -4 -5 -4  1  5 -3  1  1 -4 -3 -2 -2 -1  0    0   0   0   0   0   0   0   0   0   2  93   0   0   6   0   0   0   0   0   0  0.79 0.15
    7 P   -2 -3 -3 -2 -4 -2  0 -3 -3 -4 -4 -1 -3 -4  8 -1 -2 -4 -4 -3    0   0   0   0   0   0   6   0   0   0   0   2   0   0  88   2   0   0   0   0  2.03 0.20
    8 V   -2 -1  7  1 -3 -1 -1 -1 -1 -3 -4 -1 -3 -4 -3  0  1 -4 -3 -2    0   0  81   3   0   0   0   0   0   0   0   0   0   0   0   0  10   0   0   4  0.99 0.18
    9 G   -1 -2 -1 -2 -3 -3 -3  6 -3 -5 -5 -2 -4 -4 -3  0 -2 -4 -4 -4    0   2   2   0   0   0   0  90   0   0   0   0   0   0   0   6   0   0   0   0  1.30 0.18
   10 L   -1  0  0  1 -4  3  4 -2 -1 -3 -2  2 -2 -3 -2  0 -1  2 -2 -2    0   2   3   5   0  14  47   0   0   1   3  15   0   0   0   3   2   4   0   1  0.49 0.10
   11 V   -1  1 -3 -3 -2 -1 -2 -3 -3  4  1 -2  0  0  0 -1 -1 -3 -2  3    2  12   0   0   0   2   0   0   0  43   3   0   1   3   5   4   0   0   0  24  0.26 0.08
   12 V   -1 -3 -4 -4  1 -3 -3 -4 -3  3  0 -3  0  3 -3 -2 -1 -2  0  4    0   0   0   0   3   0   0   0   0  14   0   0   0  16   0   0   0   0   1  65  0.48 0.11
   13 G   -1 -3  0 -2 -4 -3 -3  7 -3 -5 -5 -3 -4 -4 -3 -1 -3 -4 -4 -4    0   0   4   0   0   0   0  96   0   0   0   0   0   0   0   0   0   0   0   0  1.50 0.20
   14 E   -2  1 -1  0 -4  3  6 -3 -1 -4 -4  1 -3 -4 -2 -1 -2 -4 -3 -3    0   5   0   0   0  12  76   0   0   0   0   3   0   0   0   2   0   0   0   1  0.95 0.19
   15 I   -1 -4 -4 -4 -2 -3 -4 -4 -4  3  0 -3  0 -2 -3 -3 -1 -4 -2  5    0   0   0   0   0   0   0   0   0  15   0   0   0   0   0   0   0   0   0  85  0.84 0.19
   16 T   -1  0 -1 -1 -2  0 -1 -3 -1 -1 -1  2 -1 -3 -2  1  5 -3 -2 -1    0   3   0   1   0   2   1   0   1   4   3  21   1   0   0   3  59   0   0   1  0.48 0.15
   17 K   -2  2  3 -1 -4  2  1 -2 -1 -3 -3  4 -2 -4 -2  0  0 -4 -3 -3    0   5  22   0   0   8   4   0   0   0   0  51   0   0   0   3   7   0   0   0  0.54 0.13
   18 T    0 -3 -3 -2 -3 -2 -1 -3  0 -4 -4 -2 -3 -4  7  0 -1 -4  0 -3   10   0   0   0   0   0   4   0   2   0   0   0   0   0  73   4   2   0   4   0  1.57 0.20
   19 D   -2  1  0  2 -4  2  4 -3  2 -3 -3  0 -2 -2 -2  0 -1 -2  3 -3    0   6   4  12   0   6  43   0   4   0   0   3   0   0   0   7   0   0  15   0  0.47 0.11
   20 T   -1 -2 -1 -2 -2 -2 -2 -3 -3 -1 -2 -2 -2 -3 -2  0  6 -4 -3 -1    2   0   0   0   0   0   0   0   0   3   0   0   0   0   0   0  94   0   0   0  1.07 0.24
   21 I   -2 -3 -4 -4 -2 -3 -4 -4 -3  4  3 -3  1  3 -4 -3 -2 -2 -1  2    0   0   0   0   0   0   0   0   0  47  27   0   3  18   0   0   0   0   0   5  0.53 0.12
   22 N   -2 -1  5  2 -4 -1 -1 -2  6 -4 -3 -1 -3 -3 -3  0 -1 -4 -1 -4    0   0  50  12   0   0   0   0  30   0   2   0   0   0   0   7   0   0   0   0  0.86 0.18
   23 Y   -3 -3 -3 -4 -4 -3 -3 -4  1 -2 -1 -3 -2  3  0 -3 -3  1  8 -2    0   0   0   0   0   0   0   0   2   0   3   0   0   5   4   0   0   0  85   0  1.48 0.25
   24 R   -1  5  0 -2 -4  1  0 -1 -1 -4 -3  4 -2 -4 -2 -1  0 -4 -3 -3    3  44   2   0   0   2   3   5   0   0   0  36   0   0   0   0   4   0   0   0  0.64 0.14
   25 T   -1 -2  0  0 -2 -2 -2 -3 -3 -2 -3 -2 -2 -3 -2  1  6 -4 -3 -1    0   0   3   5   0   0   0   0   0   0   0   0   0   0   0   7  85   0   0   0  0.91 0.22
   26 F   -2 -2  2 -1 -3  0 -2 -2  3 -1  1 -1  0  3 -3 -1 -2 -1  3 -1    0   0  20   3   0   3   0   2  10   0  26   4   0  17   0   2   0   0  14   0  0.23 0.09
   27 K   -2  2  0 -2 -4  0  1 -3 -2 -4 -4  6 -2 -4 -2 -1 -2 -4 -3 -3    0   7   2   0   0   0   5   0   0   0   0  86   0   0   0   0   0   0   0   0  0.98 0.21
   28 P    0 -3 -3 -3 -4 -3 -2 -3 -3 -4 -4 -2 -4 -5  8 -2 -2 -5 -4 -4    6   0   0   0   0   0   0   0   0   0   0   0   0   0  94   0   0   0   0   0  2.35 0.27
   29 E   -2 -1 -1  0 -4  2  6 -3 -1 -3 -3  0 -3 -4 -2 -1 -2 -4 -3 -1    0   0   0   0   0   4  87   0   0   1   2   0   0   0   0   2   0   0   0   4  1.03 0.21
   30 T   -2  4  0 -2 -4  0 -1 -3 -1 -2 -2  4  2 -3  0 -1 -1 -4 -3 -2    0  31   3   0   0   0   0   0   0   2   0  46   9   0   5   0   3   0   0   0  0.57 0.14
   31 G   -2 -2  1  6 -4 -1  0  2  0 -4 -4 -2 -4 -4 -2  0 -2 -5 -4 -4    0   0   6  63   0   0   2  21   3   0   0   0   0   0   0   6   0   0   0   0  0.85 0.15
   32 G   -1 -3 -1 -2 -4 -3 -3  7 -3 -5 -5 -3 -4 -4 -3 -1 -3 -4 -4 -4    0   0   0   0   0   0   0 100   0   0   0   0   0   0   0   0   0   0   0   0  1.59 0.21
   33 L   -2 -3 -4 -5 -2 -3 -4 -5 -4  2  5 -3  1  0 -4 -3 -2 -3 -2  0    0   0   0   0   0   0   0   0   0   7  93   0   0   0   0   0   0   0   0   0  0.83 0.15

                      K         Lambda
Standard Ungapped    0.1406     0.3185
Standard Gapped      0.0477     0.2670
PSI Ungapped         0.1557     0.3162
PSI Gapped           0.0477     0.2670
