
Last position-specific scoring matrix computed, weighted observed percentages rounded down, information per position, and relative weight of gapless real matches to pseudocounts
           A  R  N  D  C  Q  E  G  H  I  L  K  M  F  P  S  T  W  Y  V   A   R   N   D   C   Q   E   G   H   I   L   K   M   F   P   S   T   W   Y   V
    1 K   -1  3  0 -1 -3  1  1 -2 -1 -3 -3  5 -2 -3 -1  0 -1 -3 -2 -3    0  11   0   0   0   0   0   0   0   0   0  89   0   0   0   0   0   0   0   0  0.56 0.02
    2 C   -1 -4 -3 -4  9 -3 -4 -3 -3 -2 -2 -3 -2 -3 -3 -1 -1 -3 -3 -1    0   0   0   0 100   0   0   0   0   0   0   0   0   0   0   0   0   0   0   0  1.40 0.03
    3 G    0 -3 -1 -2 -3 -2 -2  6 -2 -4 -4 -2 -3 -3 -2  0 -2 -3 -3 -3    0   0   0   0   0   0   0 100   0   0   0   0   0   0   0   0   0   0   0   0  1.10 0.02
    4 V    0 -3 -3 -3 -1 -2 -3 -3 -3  3  1 -3  1 -1 -3 -2  0 -3 -1  4    0   0   0   0   0   0   0   0   0   0   0   0   0   0   0   0   0   0   0 100  0.41 0.02
    5 S   -1  0  5  2 -3  0  0 -1  0 -3 -4  1 -2 -3 -2  1  0 -4 -2 -3    0   0  72  11   0   0   0   0   0   0   0  11   0   0   0   7   0   0   0   0  0.59 0.02
    6 I   -1 -3 -4 -4 -1 -3 -3 -4 -3  4  2 -3  1  0 -3 -3 -1 -3 -1  3    0   0   0   0   0   0   0   0   0  71  22   0   0   0   0   0   0   0   0   8  0.39 0.01
    7 P   -1 -2 -2 -2 -3 -2 -1 -2 -2 -3 -3 -1 -3 -4  8 -1 -1 -4 -3 -3    0   0   0   0   0   0   0   0   0   0   0   0   0   0 100   0   0   0   0   0  2.11 0.03
    8 Y   -2 -2 -2 -3 -3 -2 -2 -3  2 -2 -1 -2 -1  3 -3 -2 -2  2  7 -1    0   0   0   0   0   0   0   0   0   0   0   0   0   0   0   0   0   0 100   0  0.99 0.03
    9 K    0  2  0 -1 -3  2  1 -2 -1 -3 -3  5 -1 -3 -1  0 -1 -3 -2 -2    7   0   0   0   0   8   0   0   0   0   0  85   0   0   0   0   0   0   0   0  0.49 0.02
   10 I   -2 -3 -4 -3 -2 -3 -4 -4 -3  4  1 -3  1  2 -3 -3 -1 -2 -1  2    0   0   0   0   0   0   0   0   0  89   0   0   0  11   0   0   0   0   0   0  0.40 0.02
   11 S    1 -1  1  2 -1  0  0 -1 -1 -3 -3  0 -2 -3 -1  4  1 -3 -2 -2    0   0   0  11   0   0   0   0   0   0   0   0   0   0   0  89   0   0   0   0  0.46 0.02
   12 P   -1 -2 -2 -2 -3 -2 -1 -2 -2 -3 -3 -1 -3 -4  8 -1 -1 -4 -3 -3    0   0   0   0   0   0   0   0   0   0   0   0   0   0 100   0   0   0   0   0  2.11 0.03
   13 S    1 -1  0  0 -1  0  0 -1 -1 -2 -3  0 -2 -3 -1  4  2 -3 -2 -2    0   0   0   0   0   0   0   0   0   0   0   0   0   0   0  92   8   0   0   0  0.48 0.02
   14 T    0 -1  0 -1 -1 -1 -1 -2 -2 -1 -1 -1 -1 -2 -1  1  5 -3 -2  0    0   0   0   0   0   0   0   0   0   0   0   0   0   0   0   0 100   0   0   0  0.55 0.02
   15 D   -2 -1  4  5 -3  0  1 -1  0 -3 -4 -1 -3 -4 -2  0 -1 -4 -3 -3    0   0  39  61   0   0   0   0   0   0   0   0   0   0   0   0   0   0   0   0  0.74 0.02
   16 C   -1 -4 -3 -4  9 -3 -4 -3 -3 -2 -2 -3 -2 -3 -3 -1 -1 -3 -3 -1    0   0   0   0 100   0   0   0   0   0   0   0   0   0   0   0   0   0   0   0  1.40 0.03
   17 S    1 -1  4  2 -2  0  0 -1  0 -3 -3  0 -2 -3 -1  2  0 -4 -2 -2   16   0  35  17   0   0   0   0   0   0   0   7   0   0   0  25   0   0   0   0  0.35 0.01
   18 S    0  2  2  0 -2  1  0 -1 -1 -3 -2  1 -1 -3 -1  3  2 -3 -2 -2    0  20  14   0   0   7   0   0   0   0   0   6   0   0   0  40  13   0   0   0  0.30 0.01
   19 V   -1 -3 -3 -3 -1 -3 -3 -4 -3  3  1 -3  1 -1 -3 -2  0 -3 -1  4    0   0   0   0   0   0   0   0   0  28   0   0   0   0   0   0   0   0   0  72  0.38 0.01
   20 K   -1  2  1  0 -3  3  1 -2  0 -3 -3  4 -1 -3 -1  0 -1 -3 -2 -3    0   0  10   0   0  28   0   0   0   0   0  62   0   0   0   0   0   0   0   0  0.46 0.01

                      K         Lambda
Standard Ungapped    0.1277     0.3121
Standard Gapped      0.0423     0.2670
PSI Ungapped         0.1381     0.3182
PSI Gapped           0.0423     0.2670
