
Last position-specific scoring matrix computed, weighted observed percentages rounded down, information per position, and relative weight of gapless real matches to pseudocounts
            A   R   N   D   C   Q   E   G   H   I   L   K   M   F   P   S   T   W   Y   V   A   R   N   D   C   Q   E   G   H   I   L   K   M   F   P   S   T   W   Y   V
    1 M    -2  -2  -3  -4  -2  -1  -3  -4  -2   2   2  -2   8   0  -3  -2  -1  -2  -2   0    0   0   0   0   0   0   0   0   0   8   7   0  85   0   0   0   0   0   0   0  0.68 0.09
    2 D    -2  -2   1   7  -4   0   2  -2  -2  -4  -4  -1  -1  -4  -2   0  -1  -5  -4  -3    0   0   2  83   0   0   7   0   0   0   0   0   4   0   0   4   0   0   0   0  0.92 0.07
    3 I    -2  -3  -4  -4  -2  -3  -4  -4  -4   5   2  -3   1   0  -3  -2  -1  -3  -2   2    0   0   0   0   0   0   0   0   0  72  21   0   0   0   0   5   2   0   0   0  0.44 0.06
    4 I    -1  -3  -3  -2  -2  -3  -3  -4  -3   3   2  -3   1   2  -3  -2  -1  -2  -1   3    0   0   0   2   0   0   0   0   0  28  25   0   0  11   0   0   2   0   0  32  0.30 0.03
    5 S     0  -1   2   0  -2   1   0  -1  -1  -2  -2  -1  -2  -3  -2   3   3  -3  -2  -1    2   0   9   4   0   6   0   2   0   0   0   0   0   0   0  39  35   0   0   2  0.35 0.05
    6 L    -1  -3  -4  -4  -2  -3  -4  -4  -3   3   3  -3   2   1  -3  -3  -1  -2  -1   2    2   0   0   0   0   0   0   0   0  38  49   0   2   7   0   0   0   0   0   2  0.40 0.04
    7 A     2  -2  -1  -2  -2  -2  -2   5  -2  -3  -3  -2  -2  -3  -2   0   0  -3  -3  -2   31   0   0   0   0   0   0  58   0   0   0   0   0   0   0   2   9   0   0   0  0.63 0.05
    8 W    -4  -4  -5  -6  -3  -3  -4  -4  -3  -4  -3  -4  -2   0  -5  -4  -4  13   2  -4    0   0   0   0   0   0   0   0   0   0   0   0   0   0   0   0   0 100   0   0  3.00 0.15
    9 A     4  -2  -2  -2  -1  -2  -2   1  -2   0  -1  -2  -1  -2  -2   1   0  -3  -2   2   63   0   0   0   0   0   0   7   0   0   0   0   0   0   0   4   0   0   0  25  0.32 0.05
   10 A     3  -2  -1  -2   2  -1  -1   1  -2  -2  -2  -1  -2   0  -2   2   0  -3  -1  -1   49   0   0   0   7   0   0   9   0   0   0   0   0   8   0  27   0   0   0   0  0.30 0.04
   11 L    -2  -3  -4  -4  -2  -3  -3  -4  -3   2   4  -3   2   0  -3  -3  -1  -2  -2   2    0   0   0   0   0   0   0   0   0   2  78   0   0   0   0   0   3   0   0  16  0.48 0.05
   12 M     1  -2  -3  -4   1  -1  -3  -3  -2   1   3  -2   6  -1  -3  -2  -1  -2  -2   0   17   0   0   0   3   0   0   0   0   0  22   0  57   0   0   0   0   0   0   0  0.40 0.07
   13 V     3  -2  -2  -3  -1  -2  -2  -1  -3   1   0  -2   0  -2  -2   0   1  -3  -2   3   36   0   0   0   0   0   0   3   0   0   0   0   0   0   0   3   9   0   0  49  0.25 0.04
   14 V    -1  -3  -3  -3  -1  -2  -3  -3  -3   2   2  -2   3   1  -3  -1   0  -2  -1   3    2   0   0   0   0   0   0   0   0  15  12   0  16   6   0   6   5   0   0  36  0.23 0.03
   15 F    -2  -3  -3  -4  -3  -3  -3  -3  -2  -1   0  -3  -1   7  -4   0  -2   0   2  -2    0   0   0   0   0   0   0   0   0   0   0   0   0  88   0  12   0   0   0   0  0.87 0.09
   16 T     0  -2   0  -1  -1  -1  -1  -2  -2  -2  -2  -1  -1  -3  -2   2   6  -3  -2  -1    4   0   0   0   0   0   0   0   0   0   0   0   0   0   0  16  80   0   0   0  0.60 0.08
   17 F    -1  -3  -3  -4  -3  -3  -3  -3  -2  -1   0  -3   0   6  -4  -1  -2   5   3  -1    4   0   0   0   0   0   0   0   0   0   7   0   0  67   0   5   0  10   5   3  0.69 0.06
   18 S     1  -1   0  -1  -2  -1  -1  -1  -2  -3  -3  -1  -2  -3  -1   6   1  -4  -2  -2    0   0   0   0   0   0   0   0   0   0   0   0   0   0   0 100   0   0   0   0  0.70 0.09
   19 L    -2  -3  -4  -4  -2  -3  -4  -4  -4   4   4  -3   2   0  -4  -3  -1  -3  -2   2    0   0   0   0   0   0   0   0   0  41  59   0   0   0   0   0   0   0   0   0  0.49 0.05
   20 S     4  -2  -1  -1  -1  -1  -1   0  -2  -2  -2  -1  -2  -3  -1   3   1  -3  -2  -1   55   0   0   0   0   0   0   0   0   0   0   0   0   0   0  42   3   0   0   0  0.45 0.06
   21 L    -2  -3  -4  -4  -2  -2  -3  -4  -3   1   4  -3   5   1   0  -3  -2  -2  -1   0    0   0   0   0   0   0   0   0   0   0  57   0  31   7   5   0   0   0   0   0  0.44 0.06
   22 V    -1  -3  -4  -4  -1  -3  -3  -4  -4   2   0  -3   0  -1  -3  -2   0  -4  -2   5    0   0   0   0   0   0   0   0   0   0   0   0   0   0   0   0   4   0   0  96  0.57 0.08
   23 V     0  -3  -4  -4  -1  -3  -3  -4  -4   3   0  -3   0  -1  -3  -2  -1  -4  -2   5    5   0   0   0   0   0   0   0   0   6   0   0   0   0   0   0   0   0   0  89  0.52 0.07
   24 W    -4  -1  -5  -5  -3  -3  -4  -4  -3  -4  -3  -3  -2   0  -5  -4  -3  12   2  -4    0   5   0   0   0   0   0   0   0   0   0   0   0   0   0   0   0  95   0   0  2.77 0.14
   25 G     1  -3  -1  -2  -3  -2  -3   6  -3  -4  -4  -2  -3  -4  -3   0  -2  -3  -4  -3   14   0   0   0   0   0   0  86   0   0   0   0   0   0   0   0   0   0   0   0  1.03 0.07
   26 R    -2   7  -1  -2  -4   1  -1  -3  -1  -4  -3   2  -2  -4  -3  -1  -2  -4  -2  -3    0 100   0   0   0   0   0   0   0   0   0   0   0   0   0   0   0   0   0   0  1.09 0.10
   27 S    -1  -1   6   0  -3   0  -1  -1   3  -4  -4  -1  -2  -3  -2   3   0  -4  -2  -3    0   0  56   0   0   0   0   0   8   0   0   0   0   0   0  36   0   0   0   0  0.60 0.07
   28 G     0  -3  -1  -2  -3  -3  -3   7  -3  -5  -5  -2  -4  -4  -3  -1  -2  -3  -4  -4    0   0   0   0   0   0   0 100   0   0   0   0   0   0   0   0   0   0   0   0  1.29 0.08
   29 L    -2  -3  -4  -4  -2  -2  -3  -4  -3   1   4  -3   3   4  -4  -3  -2  -1   0   0    0   0   0   0   0   0   0   0   0   0  59   0  16  25   0   0   0   0   0   0  0.45 0.04

                      K         Lambda
Standard Ungapped    0.1385     0.3336
Standard Gapped      0.0410     0.2670
PSI Ungapped         0.1385     0.3336
PSI Gapped           0.0410     0.2670
