
Last position-specific scoring matrix computed, weighted observed percentages rounded down, information per position, and relative weight of gapless real matches to pseudocounts
           A  R  N  D  C  Q  E  G  H  I  L  K  M  F  P  S  T  W  Y  V   A   R   N   D   C   Q   E   G   H   I   L   K   M   F   P   S   T   W   Y   V
    1 M   -2 -2 -3 -4 -3 -1 -3 -4 -3  0  1 -2  9 -1 -4 -3 -2 -3 -2  0    0   0   0   0   0   0   0   0   0   0   0   0 100   0   0   0   0   0   0   0  1.25 0.20
    2 K   -2  2 -1 -1 -4  2  0 -2 -1 -4 -3  6 -2 -4 -2 -1 -1 -4 -3 -3    0   2   0   0   0   8   0   0   0   0   0  91   0   0   0   0   0   0   0   0  0.89 0.15
    3 V   -1 -3 -3 -4 -2 -3 -3 -4 -4  3  0 -3  0 -1 -3 -2  1 -4 -2  5    0   0   0   0   0   0   0   0   0  19   0   0   0   0   0   0   6   0   0  74  0.57 0.11
    4 R   -1  4 -1 -2 -3  0 -1 -3 -2 -1  1  3  0 -2 -2 -1 -1 -3 -2  0    1  42   0   0   0   0   0   0   0   1  20  21   1   0   0   3   0   0   0  11  0.34 0.07
    5 N    1 -1  4  0 -2 -1 -1  1 -1 -3 -3  0 -2 -3 -2  3  1 -4 -3 -2   12   0  32   0   0   0   0   7   0   0   0   4   0   0   0  40   5   0   0   0  0.43 0.08
    6 S    1 -2  0 -1 -2 -1 -1 -1 -2 -3 -3 -1 -2 -3 -2  6  1 -4 -3 -2    4   0   0   0   0   0   0   0   0   0   0   0   0   0   0  96   0   0   0   0  0.82 0.15
    7 L   -2 -3 -4 -4 -2 -3 -4 -4 -4  2  4 -3  1  0 -4 -3 -2 -2 -2  2    0   0   0   0   0   0   0   0   0   9  80   0   0   0   0   0   0   0   0  11  0.61 0.10
    8 K   -1  3 -1 -2 -4  1  0  0 -1 -4 -3  5 -2 -4 -2 -1 -1 -4 -3 -3    1  17   0   0   0   0   0   8   0   0   0  72   0   0   0   2   0   0   0   0  0.67 0.11
    9 S    1 -1  0 -1 -2  0  0 -1 -1 -3 -3  2 -2 -3 -1  4  1 -3 -2 -2   11   0   0   0   0   2   2   0   0   0   0  16   0   0   0  62   4   0   0   0  0.43 0.09
   10 L    2 -2 -2 -3 -1 -2 -2 -2  1  1  3 -2  1  0 -2 -1 -1 -2 -1  0   26   1   1   1   0   1   1   1   6   4  49   1   2   4   1   1   1   0   0   1  0.20 0.05
   11 R   -1  2 -1 -1  0  1  0 -2 -1 -3 -2  5 -2 -3 -1 -1 -1 -3 -2 -2    1  10   1   1   3   1   1   1   0   1   3  72   0   1   1   1   1   0   0   1  0.57 0.10
   12 A    0  0  2  1 -2  1  0  1  0 -2 -2  1 -1 -2 -1  1  1 -2 -1 -1    8   4  19   5   0   6   3   8   1   1   4  13   0   1   1  10  10   0   1   4  0.15 0.02
   13 R   -2  7 -1 -2 -4  0 -1 -3 -1 -4 -3  2 -2 -4 -3 -1 -2 -3 -2 -3    0  85   0   0   0   0   0   0   0   0   0  11   0   0   0   0   0   0   0   0  1.05 0.14
   14 H   -1 -1  0  2  4 -1 -1 -2  7 -2 -2 -1 -2 -2 -2  0 -1 -3  0 -2    1   1   0  17  14   0   1   1  45   4   1   1   0   0   1   6   4   0   1   2  0.54 0.09
   15 R   -1  4  0 -1 -3  0  0 -2 -1 -3 -2  3 -2 -3  4  0 -1 -3 -2 -3    3  33   3   0   0   0   5   0   0   0   2  25   0   0  24   3   0   0   0   0  0.57 0.08
   16 D   -1 -2  2  5 -4 -1  1  2 -1 -4 -4 -1 -3 -4 -2  0 -1 -4 -3 -4    3   0  13  56   0   0   8  16   0   0   0   0   0   0   0   5   0   0   0   0  0.70 0.10
   17 N    0 -3  2 -3  9 -3 -3 -3 -3 -3 -3 -3 -2 -4 -3  0 -1 -4 -3 -2    7   0  15   0  70   0   0   0   0   0   0   0   0   0   0   7   0   0   0   0  1.28 0.16
   18 R   -2  3 -1 -2 -4  5  0 -3  0 -2 -2  3 -1  0 -2 -1 -2 -2  2 -2    0  22   0   0   0  40   0   0   0   3   0  21   0   5   0   0   0   0  10   0  0.50 0.10
   19 L   -1 -3 -4 -4 -2 -3 -3 -4 -3  3  2 -2  1  1 -3 -2 -1 -3  0  4    0   0   0   0   0   0   0   0   0  22  18   2   4   4   0   0   0   0   2  47  0.39 0.07
   20 V   -1 -4 -4 -4 -2 -3 -3 -4 -4  3  0 -3  0 -2 -3 -3 -1 -4 -2  5    0   0   0   0   0   0   0   0   0  10   0   0   0   0   0   0   0   0   0  90  0.74 0.14
   21 R   -2  6 -1 -2 -4  1 -1 -3 -1 -4 -3  3 -2 -4 -3 -1 -2 -4 -3 -3    0  72   0   0   0   2   0   0   0   0   1  24   0   0   0   1   0   0   0   0  0.93 0.13
   22 R   -2  7 -1 -3 -5  0 -1 -3 -1 -4 -3  1 -2 -4 -3 -2 -2 -4 -3 -4    0 100   0   0   0   0   0   0   0   0   0   0   0   0   0   0   0   0   0   0  1.34 0.18
   23 K   -2  5  0 -2 -4  0  0 -1  1 -4 -3  4 -2 -4 -2 -1 -2 -4 -2 -3    0  51   2   0   0   0   0   5   5   0   0  37   0   0   0   0   0   0   0   0  0.71 0.11
   24 G   -1 -3 -1 -2 -4 -3 -3  7 -3 -5 -5 -2 -4 -4 -3 -1 -3 -4 -4 -4    0   0   0   0   0   0   0 100   0   0   0   0   0   0   0   0   0   0   0   0  1.48 0.16
   25 R   -2  6 -1 -2 -4  0 -1 -3 -1 -3 -3  3 -2 -4 -3 -1 -2 -4 -3 -2    0  72   0   0   0   0   0   0   0   0   0  23   0   0   0   0   0   0   0   5  0.91 0.14
   26 L   -1 -3 -3 -4 -2 -3 -3 -4 -3  3  2 -3  1 -1 -3 -2  1  3 -1  3    0   0   0   0   0   0   0   0   0  28  23   0   0   0   0   0  10   5   0  33  0.37 0.07
   27 Y   -3 -3 -3 -4 -4 -3 -3 -4  0 -2 -2 -3 -2  5 -4 -3 -3  1  8 -2    0   0   0   0   0   0   0   0   0   0   0   0   0  22   0   0   0   0  78   0  1.35 0.17
   28 V   -1 -3 -4 -4 -2 -3 -3 -4 -4  4  1 -3  0 -1 -3 -3 -1 -4 -2  5    0   0   0   0   0   0   0   0   0  27   2   0   0   0   0   0   0   0   0  71  0.64 0.12
   29 I   -2 -4 -4 -4 -2 -3 -4 -5 -3  5  2 -3  1  1 -4 -3 -2 -3  1  2    0   0   0   0   0   0   0   0   0  78  10   0   0   5   0   0   0   0   4   3  0.63 0.12
   30 N   -2 -2  6 -1  7 -2 -2 -2 -1 -3 -3 -2 -3 -4 -3 -1 -1 -4 -3 -3    0   0  62   0  38   0   0   0   0   0   0   0   0   0   0   0   0   0   0   0  1.10 0.16
   31 K   -2  1 -1 -1 -4  1  1 -3 -2 -4 -4  6 -2 -4 -2 -1 -2 -4 -3 -3    0   0   0   0   0   0   4   0   0   0   0  96   0   0   0   0   0   0   0   0  0.99 0.17
   32 V    0  1  0 -1 -2  0  0 -2 -2 -1 -1  2 -1 -3 -2  2  3 -3 -2  0    2   5   1   0   0   1   1   0   0   4   4  22   0   0   0  21  35   0   0   4  0.26 0.07
   33 Q   -2 -1  6  3 -4  1  0 -2  3 -4 -4  0 -3 -4 -3  0 -1 -4 -2 -3    1   0  59  14   0   8   2   0   8   0   0   6   0   0   0   0   0   0   0   1  0.69 0.11
   34 R   -2  1 -3 -2 -4 -2 -2 -2 -3 -4 -4  1 -3 -5  8 -2 -2 -5 -4 -3    0   8   0   0   0   0   0   1   0   0   0  10   0   0  81   0   0   0   0   0  1.80 0.16
   35 R   -2  7  0 -2 -4  0 -1 -3 -1 -4 -3  3 -2 -4 -3 -2 -2 -4 -3 -3    0  85   2   0   0   0   0   0   0   0   0  12   0   0   0   0   0   0   0   0  1.09 0.15
   36 F   -3 -3 -3 -4  2 -3 -3 -4  4 -1  0 -3  1  6 -4 -3 -3  3  3 -2    0   0   0   0   5   0   0   0  17   0   5   0   7  55   0   0   0   5   6   0  0.70 0.11
   37 K   -2  2 -1 -2 -4  0  0 -3 -2 -4 -4  6 -2 -4 -2 -1 -2 -4 -3 -3    0   3   0   0   0   0   0   0   0   0   0  97   0   0   0   0   0   0   0   0  1.01 0.17
   38 A    4 -1 -2 -2  0  3 -1  0 -2 -2 -2 -1 -1 -3 -2  0  0 -3 -2  0   65   0   0   0   1  20   0   3   0   0   0   0   0   0   0   0   6   0   0   5  0.43 0.11
   39 R   -2  7 -1 -3 -4  0 -1 -3 -1 -2 -3  2 -2 -3 -3 -2 -2 -4 -3  0    0  83   0   0   0   0   0   0   0   0   0   5   0   0   0   0   0   0   0  12  0.94 0.15
   40 Q   -1  0 -1 -1 -4  7  1 -3 -1 -4 -3  0 -2 -4 -2 -1 -2 -3 -3 -3    2   0   0   0   0  98   0   0   0   0   0   0   0   0   0   0   0   0   0   0  1.28 0.20
   41 G   -1 -3 -1 -2 -3 -3 -3  7 -3 -5 -5 -2 -4 -4 -3 -1 -2 -3 -4 -4    0   0   0   0   0   0   0 100   0   0   0   0   0   0   0   0   0   0   0   0  1.42 0.14

                      K         Lambda
Standard Ungapped    0.1392     0.3305
Standard Gapped      0.0494     0.2670
PSI Ungapped         0.1613     0.3166
PSI Gapped           0.0494     0.2670
