
Last position-specific scoring matrix computed, weighted observed percentages rounded down, information per position, and relative weight of gapless real matches to pseudocounts
            A   R   N   D   C   Q   E   G   H   I   L   K   M   F   P   S   T   W   Y   V   A   R   N   D   C   Q   E   G   H   I   L   K   M   F   P   S   T   W   Y   V
    1 M    -3  -4  -4  -5  -4  -3  -4  -5  -4  -1   0  -4  10   2  -5  -4  -3  -3  -2  -1    0   0   0   0   0   0   0   0   0   0   0   0  93   7   0   0   0   0   0   0  1.90 0.38
    2 K    -3   1  -2  -2  -5   0  -1  -3  -2  -5  -4   7  -3  -5  -3  -2  -2  -5  -4  -4    0   2   0   0   0   0   0   0   0   0   0  98   0   0   0   0   0   0   0   0  1.46 0.31
    3 I    -2  -4  -2  -4  -2  -3  -4  -5  -4   3   0  -2  -1  -2  -4  -3   0  -4  -3   6    0   0   2   0   0   0   0   0   0  12   1   3   0   0   0   0   6   0   0  77  0.80 0.21
    4 R    -2   7  -1  -3  -5   1  -1  -4  -2  -4  -3   3  -2  -4  -3  -1  -2  -4  -1  -4    1  73   1   0   0   5   0   0   0   0   1  14   1   0   0   3   0   0   3   0  1.10 0.23
    5 A     4  -2   0  -2  -2  -2  -2   0  -3  -3  -3  -2  -2  -4   3   2   1  -4  -3  -2   51   0   6   0   0   0   0   3   0   0   0   0   0   0  16  18   6   0   0   1  0.57 0.16
    6 S     0  -3  -1  -2  -3  -2  -2  -1  -3  -4  -4  -2  -3  -4  -3   6   0  -5  -3  -1    2   0   0   0   0   0   0   1   0   0   0   0   0   0   0  92   0   0   0   5  1.11 0.29
    7 V    -2  -4  -5  -5  -2  -4  -4  -5  -5   3   1  -4   0  -2  -4  -3  -2  -4  -3   6    0   0   0   0   0   0   0   0   0  11  10   0   0   0   0   0   0   0   0  79  0.91 0.22
    8 R    -2   4  -2  -2  -5   0  -1  -2  -2  -4  -4   6  -3  -5  -3  -2  -2  -5  -3  -4    0  20   0   0   0   0   0   2   0   0   0  78   0   0   0   0   0   0   0   0  1.15 0.26
    9 K    -1   2  -2  -2  -3   0  -1  -3  -2  -4  -4   6  -3  -4   2  -1  -1  -4  -3  -3    4   9   0   0   1   1   0   0   0   0   0  68   0   0   9   2   4   0   0   1  0.80 0.21
   10 I    -3   3  -4  -4  -3  -2  -3  -5  -3   5   1  -2   4  -1  -4  -3  -2  -4  -2   1    0  21   0   0   0   0   0   0   0  53  10   0  13   1   0   0   0   0   0   1  0.60 0.18
   11 C    -2  -3  -4  -3  11  -4  -5  -4   0  -3  -3  -3  -3  -4  -5  -1  -1  -4  -4  -3    0   1   0   2  87   0   0   0   3   0   0   2   0   0   0   4   2   0   0   0  2.30 0.35
   12 E    -1   3   0   3  -4   1   3  -1  -1  -3  -3   2  -3  -4   0   1  -1  -4  -3  -3    3  18   3  18   0   4  23   2   0   0   0  12   0   0   4  10   1   0   0   1  0.40 0.10
   13 K    -1   1   3   3  -4   0   1  -2   2  -4  -4   4  -3  -4  -2   0  -1  -4  -1  -3    2   3  18  18   0   0   6   1   6   0   0  36   0   0   0   6   0   0   2   1  0.47 0.13
   14 C    -3  -5  -2  -1  11  -5  -5  -5  -5  -3  -4  -5  -4  -5  -5  -3  -3  -5  -5  -3    0   0   3   4  93   0   0   0   0   0   0   0   0   0   0   0   0   0   0   0  2.64 0.39
   15 R    -2   4  -2  -2  -3   2   0  -2  -1  -3  -3   5  -2  -1  -3  -2  -1  -3   2  -3    0  27   0   0   0   9   1   1   0   1   0  47   0   3   0   0   1   0   8   1  0.64 0.17
   16 L    -2  -3  -3  -4  -2  -3  -4  -4  -4   4   2  -2   2   0  -3  -3  -1  -3  -1   3    1   0   1   0   0   0   0   0   0  37  20   2   4   3   1   0   0   0   1  30  0.50 0.13
   17 I    -2  -4  -4  -5  -2  -4  -4  -5  -4   6   0  -3   0  -2  -4  -3  -1  -4  -2   4    0   0   0   0   0   0   0   0   0  60   2   1   0   0   0   0   2   0   1  36  0.86 0.20
   18 R    -3   6  -2  -3  -5   0  -1  -4  -1  -5  -4   5  -3  -4  -3  -2  -2   0  -3  -4    0  60   0   0   0   0   0   0   1   0   0  38   0   0   0   0   0   1   0   0  1.16 0.24
   19 R    -3   8  -2  -4  -6  -1  -2  -4  -2  -5  -4   1  -3  -5  -4  -3  -3  -5  -4  -5    0 100   0   0   0   0   0   0   0   0   0   0   0   0   0   0   0   0   0   0  1.83 0.33
   20 Q    -2   4   2  -2  -4   0   0  -1   4  -4  -4   4  -3  -3  -3  -1  -2  -4  -2  -4    0  24  13   0   0   1   1   4  14   0   0  40   0   1   0   1   0   0   1   0  0.63 0.17
   21 G    -1   0   0  -3  -4  -2  -3   7  -3  -5  -5   0  -4  -5  -4  -1  -3  -4  -4  -5    0   7   3   0   0   1   0  84   0   0   0   5   0   0   0   1   0   0   0   0  1.31 0.23
   22 R    -2   5  -2  -3  -3  -1  -2  -4  -1   1  -2   2  -2  -3  -3  -2  -1  -4  -3   2    1  49   1   0   0   0   0   0   1   8   0  13   0   0   0   1   2   0   0  25  0.57 0.17
   23 I    -2  -2  -2  -4  -2  -3  -4  -4  -4   3   2  -3   0  -1  -4  -3  -1   3  -2   4    0   2   3   0   0   0   0   0   0  25  18   0   0   0   0   0   2   5   0  45  0.50 0.14
   24 I    -2   5  -3  -4  -4  -1  -2  -4  -1  -1   0  -1   4   2  -4  -2  -2   0   4  -2    1  38   0   0   0   0   0   0   0   3   5   0  21   9   0   1   0   0  22   1  0.58 0.18
   25 V    -2  -4  -3  -5  -2  -4  -4  -5  -5   3   0  -4  -1  -2  -4  -3  -2  -4  -3   6    0   0   1   0   0   0   0   0   0  16   0   0   0   0   0   0   0   0   0  83  1.01 0.24
   26 I    -3  -3  -5  -5  -3  -4  -4  -5  -4   6   1  -4   0   0  -4  -3  -2  -3   0   2    0   1   0   0   0   0   0   0   0  77   7   0   0   4   0   1   0   0   3   7  0.88 0.21
   27 C    -3  -5   2  -4  11  -4  -5  -4  -4  -3  -4  -5  -4  -5  -5  -3  -3  -5  -5  -3    0   0  13   0  87   0   0   0   0   0   0   0   0   0   0   0   0   0   0   0  2.43 0.37
   28 S     0  -1  -1   0  -2   0   1  -2  -2  -1  -2   2  -2  -2  -2   3   2  -3  -2   0    4   1   0   3   1   1  11   0   0   5   1  18   0   1   0  29  18   0   1   6  0.24 0.10
   29 N    -3  -2   7   2  -4  -1   0  -2   2  -2  -4  -1  -3  -4  -3  -1   0  -5  -3  -3    0   0  64  10   0   1   5   0   6   3   0   3   0   0   0   1   5   0   0   2  0.89 0.21
   30 P    -1  -2  -2  -3  -4  -2  -3  -3  -4  -4  -4   0  -4  -4   8  -1  -3  -5  -4  -4    5   1   1   0   0   1   0   0   0   0   1   5   0   1  81   3   0   0   0   0  1.95 0.28
   31 R    -2   5  -1  -2  -5   0  -1  -3  -2  -4  -4   5  -3  -5  -3  -1  -2  -4  -3  -4    0  43   1   0   0   0   0   0   0   0   0  54   0   0   0   2   0   0   0   0  1.07 0.23
   32 H    -4  -2   0  -3  -5  -2  -2  -4  10  -5  -4  -3  -3   0  -4  -3  -4  -4   2  -5    0   0   3   0   0   0   0   0  88   0   1   0   0   4   0   0   0   0   3   0  2.10 0.36
   33 K    -2   1   1  -2  -5   0  -1  -3  -2  -5  -4   7  -3  -5  -3  -1  -2  -5  -4  -4    0   0   5   0   0   0   0   0   0   0   0  93   0   0   0   1   1   0   0   0  1.32 0.29
   34 Q    -1  -1  -2  -2  -5   8   0  -4  -1  -5  -4   0  -2  -5  -3  -2  -2  -4  -3  -4    6   0   0   0   0  91   0   0   0   0   0   2   0   0   0   0   1   0   0   0  1.58 0.34
   35 R    -3   7  -2  -3  -3  -1  -2  -3  -2  -5  -4   2  -3  -5  -4  -2  -3  -5  -3  -3    1  87   0   0   1   0   0   1   0   0   0  10   0   0   0   0   0   0   0   1  1.44 0.28
   36 Q    -2  -1  -2  -2  -5   8   0  -4  -1  -5  -4  -1  -2  -5  -3  -2  -3  -4  -3  -4    2   0   0   0   0  98   0   0   0   0   0   0   0   0   0   0   0   0   0   0  1.81 0.37
   37 G    -1  -4  -1  -3  -4  -3  -4   7  -4  -5  -5  -3  -4  -5  -4  -2  -3  -4  -5  -5    1   0   2   0   0   0   0  97   0   0   0   0   0   0   0   0   0   0   0   0  1.67 0.26

                      K         Lambda
Standard Ungapped    0.1422     0.3343
Standard Gapped      0.0410     0.2670
PSI Ungapped         0.1422     0.3343
PSI Gapped           0.0410     0.2670
