
Last position-specific scoring matrix computed, weighted observed percentages rounded down, information per position, and relative weight of gapless real matches to pseudocounts
            A   R   N   D   C   Q   E   G   H   I   L   K   M   F   P   S   T   W   Y   V   A   R   N   D   C   Q   E   G   H   I   L   K   M   F   P   S   T   W   Y   V
    1 M    -1  -2  -3  -4  -2  -1  -2  -3  -2   1   2  -2   7   0  -3  -2  -1  -2  -1   1    0   0   0   0   0   0   0   0   0   0   0   0 100   0   0   0   0   0   0   0  0.50 0.03
    2 A     2  -1  -1  -1  -1  -1  -1  -1  -2   0  -1   0  -1  -2  -1   2   3  -3  -2   1   24   0   0   0   0   0   0   0   0   0   0   7   0   0   0  19  34   0   0  17  0.21 0.01
    3 K     0   1   3   0  -3   2   1   0   0  -3  -3   1  -2  -3   0   1   1  -3  -2  -2    3   6  32   0   0  19   4   8   0   0   0  10   0   0   3   4  12   0   0   0  0.30 0.01
    4 S     0  -1   0  -1  -2   0   0  -2  -2  -3  -3  -1  -2  -3   6   1   2  -3  -3  -2    0   0   4   0   0   6   4   0   0   0   0   0   0   0  54  14  19   0   0   0  0.94 0.02
    5 N    -2  -1   6   1  -3   0   0  -1   0  -4  -4   0  -3  -3  -2   0   0  -4  -2  -3    0   0 100   0   0   0   0   0   0   0   0   0   0   0   0   0   0   0   0   0  0.83 0.03
    6 P    -1  -2  -2  -2  -3  -2  -1  -2  -2  -3  -3  -1  -3  -4   8   0  -1  -4  -3  -3    0   0   0   0   0   0   0   0   0   0   0   0   0   0  96   4   0   0   0   0  1.99 0.03
    7 N    -2  -1   6   1  -3   0   0  -1   0  -4  -4   0  -3  -3  -2   0   0  -4  -2  -3    0   0 100   0   0   0   0   0   0   0   0   0   0   0   0   0   0   0   0   0  0.83 0.03
    8 K    -1   2   2   1  -3   1   1  -2   0  -3  -3   4  -2  -3  -1   0  -1  -3  -2  -3    0   9  18   6   0   3   9   0   0   0   0  51   0   0   0   4   0   0   0   0  0.39 0.01
    9 Q    -1   0  -1  -1  -3   5   1  -2   0  -1   0   1   0  -2  -2  -1  -1  -2  -2  -1    0   0   0   0   0  72   0   0   0   0  18   4   0   0   0   0   0   0   0   6  0.40 0.02
   10 S     0  -2   1  -1  -2  -1  -1   0  -2  -2  -3  -1  -2  -3   6   1   1  -4  -3  -1    2   0  10   0   0   0   0   6   0   3   0   3   0   0  52  13   9   0   0   2  0.85 0.01
   11 V     1  -3  -3  -3  -1  -2  -3  -3  -3   2   1  -2   0  -1  -2  -1   0  -3  -1   4   10   0   0   0   0   0   0   0   0   0   0   0   0   0   0   0   0   0   0  90  0.34 0.02
   12 E    -1   0   0   1  -4   2   6  -2   0  -4  -3   1  -2  -4  -1   0  -1  -3  -2  -3    0   0   0   0   0   0 100   0   0   0   0   0   0   0   0   0   0   0   0   0  0.81 0.03
   13 L    -2  -2  -4  -4  -2  -2  -3  -4  -3   2   4  -3   2   0  -3  -3  -1  -2  -1   1    0   0   0   0   0   0   0   0   0   0 100   0   0   0   0   0   0   0   0   0  0.51 0.02
   14 N    -2  -1   6   1  -3   0   0  -1   0  -4  -4   0  -2  -3  -2   1   0  -4  -2  -3    0   0  94   0   0   0   0   0   0   0   0   0   0   0   0   6   0   0   0   0  0.77 0.03
   15 R    -2   6  -1  -2  -4   1   0  -3   0  -3  -3   2  -2  -3  -2  -1  -1  -3  -2  -3    0 100   0   0   0   0   0   0   0   0   0   0   0   0   0   0   0   0   0   0  0.85 0.03
   16 T     0  -1   0  -1  -1  -1  -1  -2  -2  -1  -1  -1  -1  -2  -1   1   5  -3  -2   0    5   0   0   0   0   0   0   0   0   0   0   0   0   0   0   0  95   0   0   0  0.52 0.03
   17 S     1  -1   0   0  -1   0   0   1  -1  -3  -3   0  -2  -3  -1   4   1  -3  -2  -2    0   0   0   0   0   0   0   6   0   0   0   0   0   0   0  94   0   0   0   0  0.49 0.02
   18 L    -2  -2  -4  -4  -2  -2  -3  -4  -3   2   4  -3   2   0  -3  -3  -1  -2  -1   1    0   0   0   0   0   0   0   0   0   0 100   0   0   0   0   0   0   0   0   0  0.51 0.02
   19 Y    -2  -2  -3  -4  -3  -2  -3  -3   1  -1  -1  -2  -1   4  -3  -2  -2   2   7  -1    0   0   0   0   0   0   0   0   0   0   0   0   0  21   0   0   0   0  79   0  0.86 0.03
   20 W    -2  -3  -4  -4  -2  -2  -3  -3  -3   0   2  -3   1   1  -4  -3  -2  10   1  -1    0   0   0   0   0   0   0   0   0   5  42   0   0   0   0   0   0  53   0   0  1.13 0.03
   21 G     0  -3  -1  -2  -3  -2  -2   6  -2  -4  -4  -2  -3  -4  -2   0  -2  -3  -3  -4    0   0   0   0   0   0   0 100   0   0   0   0   0   0   0   0   0   0   0   0  1.11 0.02
   22 L    -2  -1  -4  -4  -2  -2  -3  -4  -3   1   4  -2   2   0  -3  -3  -1  -2  -1   1    0   4   0   0   0   0   0   0   0   0  96   0   0   0   0   0   0   0   0   0  0.46 0.02
   23 L    -2  -2  -4  -4  -2  -2  -3  -4  -3   2   4  -3   2   0  -3  -3  -1  -2  -1   1    0   0   0   0   0   0   0   0   0   0 100   0   0   0   0   0   0   0   0   0  0.51 0.02
   24 L    -2  -2  -3  -4   0  -2  -3  -4  -3   2   4  -3   2   1  -3  -2  -1  -2  -1   1    0   0   0   0   3   0   0   0   0   4  86   0   0   4   0   3   0   0   0   0  0.40 0.02
   25 I    -1  -3  -3  -3  -1  -3  -3  -4  -3   4   1  -3   1  -1  -3  -2  -1  -3  -1   3    0   0   0   0   0   0   0   0   0  60   0   0   3   0   0   0   0   0   0  37  0.38 0.02
   26 F    -2  -3  -3  -4  -3  -3  -3  -3  -2   0   1  -3   0   7  -4  -3  -2   1   3  -1    3   0   0   0   0   0   0   0   0   0   8   0   0  89   0   0   0   0   0   0  0.71 0.02
   27 V     0  -3  -3  -3  -1  -2  -3  -3  -3   3   1  -2   1  -1  -3  -2   0  -3  -1   4    0   0   0   0   0   0   0   0   0   0   0   0   0   0   0   0   4   0   0  96  0.39 0.02
   28 L    -1  -2  -3  -3  -1  -2  -3  -4  -3   1   4  -2   2   0  -3  -2   1  -2  -1   1    0   0   0   0   0   0   0   0   0   0  78   0   3   0   0   0  16   0   0   3  0.35 0.01
   29 A     4  -2  -1  -2  -1  -1  -1   4  -2  -2  -2  -1  -2  -3  -1   1  -1  -3  -2  -1   66   0   0   0   0   0   0  34   0   0   0   0   0   0   0   0   0   0   0   0  0.46 0.02
   30 V    -1  -3  -3  -4  -1  -3  -3  -4  -3   4   2  -3   1  -1  -3  -2  -1  -3  -1   4    0   0   0   0   0   0   0   0   0  40   8   0   0   0   0   0   0   0   0  52  0.36 0.01
   31 L    -2  -2  -4  -4  -2  -2  -3  -4  -3   1   4  -3   2   0   0  -3  -1  -2  -1   1    0   0   0   0   0   0   0   0   0   0  94   0   0   0   6   0   0   0   0   0  0.45 0.02
   32 F    -2  -3  -3  -4  -3  -3  -4  -4  -2   0   0  -3   1   7  -4  -3  -2   1   3  -1    0   0   0   0   0   0   0   0   0   0   0   0   4  96   0   0   0   0   0   0  0.80 0.03
   33 S     1  -1   0   0  -1   0   0  -1  -1  -3  -3   0  -2  -3  -1   5   2  -3  -2  -2    0   0   0   0   0   0   0   0   0   0   0   0   0   0   0  96   4   0   0   0  0.50 0.03
   34 S     1  -1   3   0  -1   0   0   0  -1  -3  -3   0  -2  -3  -1   4   1  -3  -2  -2    0   0  17   0   0   0   0   0   0   0   0   0   0   0   0  83   0   0   0   0  0.46 0.02
   35 Y    -2  -2  -2  -4  -3  -2  -2  -4   2  -2  -1  -2  -1   3  -3  -2  -2   2   8  -2    0   0   0   0   0   0   0   0   0   0   0   0   0   0   0   0   0   0 100   0  1.01 0.03
   36 I    -2  -3  -3  -4  -2  -3  -4  -4  -2   2   1  -3   0   6  -4  -3  -2   0   3   0    0   0   0   0   0   0   0   0   0  20   0   0   0  80   0   0   0   0   0   0  0.63 0.02
   37 F    -3  -3  -3  -4  -3  -4  -4  -4  -2   0   0  -4   0   7  -4  -3  -2   1   3  -1    0   0   0   0   0   0   0   0   0   0   0   0   0 100   0   0   0   0   0   0  0.86 0.03
   38 N    -2  -1   6   1  -3   0   0  -1   0  -4  -4   0  -3  -3  -2   0   0  -4  -2  -3    0   0 100   0   0   0   0   0   0   0   0   0   0   0   0   0   0   0   0   0  0.83 0.03

                      K         Lambda
Standard Ungapped    0.1362     0.3248
Standard Gapped      0.0410     0.2670
PSI Ungapped         0.1362     0.3248
PSI Gapped           0.0410     0.2670
