
Last position-specific scoring matrix computed, weighted observed percentages rounded down, information per position, and relative weight of gapless real matches to pseudocounts
            A   R   N   D   C   Q   E   G   H   I   L   K   M   F   P   S   T   W   Y   V   A   R   N   D   C   Q   E   G   H   I   L   K   M   F   P   S   T   W   Y   V
    1 Q    -1   1   0   0  -3   6   3  -2   0  -3  -3   1  -1  -4  -1   0  -1  -2  -2  -3    0   0   0   0   0  82  18   0   0   0   0   0   0   0   0   0   0   0   0   0  0.68 0.03
    2 R    -2   4  -1  -1  -4   2   2  -3  -1  -4  -3   5  -2  -4  -2  -1  -1  -4  -3  -3    0  22   0   0   0   7  10   0   0   0   0  60   0   0   0   0   0   0   0   0  0.71 0.12
    3 L    -2  -3  -3  -4  -2  -2  -3  -4   1   3   3  -3   3   1  -3  -3  -2  -2  -1   1    0   0   0   0   0   0   0   0   6  28  48   0  15   3   0   0   0   0   0   0  0.46 0.09
    4 C    -2  -5  -4  -5  11  -4  -5  -4  -4  -3  -3  -4  -3  -4  -4  -2  -2  -4  -4  -2    0   0   0   0 100   0   0   0   0   0   0   0   0   0   0   0   0   0   0   0  2.40 0.26
    5 E    -1   0  -1   1  -4   1   5  -3  -1  -3  -2   2  -2  -4  -2  -1  -2  -4  -3  -3    4   0   0   5   0   2  63   0   0   0   6  20   0   0   0   0   0   0   0   0  0.67 0.13
    6 K     1   4  -1  -2  -3   0  -1  -2  -1  -2  -2   3  -2  -3  -2   0   1  -3  -2  -1   12  37   0   0   0   0   0   0   0   0   0  26   0   0   0   6  14   0   0   5  0.41 0.10
    7 P     1   1  -2  -2  -3   1   0  -2  -2  -2  -1   1  -2  -3   5   0   1  -4  -3  -2   12  10   0   0   0   6   6   0   0   0   6   6   0   0  39   4  12   0   0   0  0.62 0.09
    8 S     0  -2   0  -1  -2  -1  -1  -1  -2  -4  -4  -1  -3  -4  -2   6   0  -4  -3  -3    0   0   0   0   0   0   0   0   0   0   0   0   0   0   0 100   0   0   0   0  1.01 0.22
    9 G     0  -1  -1   0  -3   0   0   4   1  -3  -1   2  -2  -3  -2  -1  -2  -3  -2  -3    4   0   0   6   0   4   6  40   6   0  10  25   0   0   0   0   0   0   0   0  0.35 0.08
   10 T    -1   2   1   0  -2  -1  -1  -2  -2  -2  -2   1  -2  -3  -2   0   5  -4  -3  -1    0  12   6   6   0   0   0   0   0   0   0   8   0   0   0   0  68   0   0   0  0.59 0.15
   11 W    -4  -4  -5  -5  -4  -3  -4  -4  -2  -3  -2  -4  -2   4  -5  -4  -4  11   4  -3    0   0   0   0   0   0   0   0   0   0   0   0   0  25   0   0   0  63  12   0  2.17 0.24
   12 S     0   0  -1  -1  -2   0  -1  -2  -2  -3  -3   3  -2   0  -2   4   1  -3  -2  -2    0   0   0   0   0   0   0   0   0   0   0  31   0   6   0  55   8   0   0   0  0.48 0.14
   13 G    -1  -3  -1  -2  -4  -3  -3   7  -3  -5  -5  -3  -4  -4  -3  -1  -3  -4  -4  -4    0   0   0   0   0   0   0 100   0   0   0   0   0   0   0   0   0   0   0   0  1.56 0.20
   14 V    -1   0   2  -2  -2  -1  -2  -3   1   1   0   1   2   0  -3  -1  -1  -2   1   2    0   6  20   0   0   0   0   0   5   5   6  12  12   4   0   0   0   0   8  22  0.13 0.06
   15 C    -2  -5  -4  -5  11  -4  -5  -4  -5  -3  -3  -5  -3  -4  -4  -2  -2  -4  -4  -2    0   0   0   0 100   0   0   0   0   0   0   0   0   0   0   0   0   0   0   0  2.47 0.29
   16 G    -1  -1  -1   1  -2  -2  -2   3  -3   1   0   0  -1  -2  -3  -1  -1  -3  -2   1    0   4   0  12   0   0   0  36   0  11  12   6   0   0   0   0   0   0   0  19  0.22 0.07
   17 N    -1  -1   6   1  -3  -1  -1  -1   2  -4  -4   0  -3  -4  -2   3   0  -4  -2  -3    0   0  55   6   0   0   0   0   5   0   0   6   0   0   0  27   0   0   0   0  0.70 0.14
   18 N    -1  -1   3   1  -2  -1  -1  -2  -1  -3  -3   1  -2  -3  -2   3   3   3  -2  -2    0   0  19   6   0   0   0   0   0   0   0  12   0   0   0  30  27   6   0   0  0.40 0.10
   19 G    -1   2   4   1  -3   0  -1   1  -1  -3  -3   1  -2  -2  -2   0   1  -3   0  -3    4  16  33   6   0   0   0  11   0   0   0  12   0   0   0   5   8   0   6   0  0.33 0.08
   20 A     1  -1   3   2   4   1  -1   0   3  -3  -3   1  -2  -3  -2   0  -1  -4  -2  -2   20   0  26  11  12   6   0   4  10   0   0  11   0   0   0   0   0   0   0   0  0.31 0.08
   21 C    -2  -5  -3   1  10  -4  -4  -4  -4  -3  -3  -4  -3  -4  -4  -2  -2  -4  -4  -2    0   0   0  12  88   0   0   0   0   0   0   0   0   0   0   0   0   0   0   0  2.00 0.25
   22 R     0   3   1   3  -3   0   0   0  -1  -3  -3   3  -2  -4  -2   0  -1  -4  -3  -3   12  18   5  20   0   0   0   6   0   0   0  33   0   0   0   5   0   0   0   0  0.37 0.08
   23 N    -2   0   5   1  -3   2   0  -2  -1  -1  -3   2  -2  -3  -2   0   0  -4  -3  -2    0   0  45   8   0  12   0   0   0   6   0  21   0   0   0   4   4   0   0   0  0.49 0.11
   24 Q    -1   1  -2  -2   4   4   0  -3   2   0  -1  -1  -1   0  -3  -1  -1  -3  -1   2    0   6   0   0  12  41   0   0   6   6   0   0   0   4   0   0   0   0   0  26  0.35 0.12
   25 C    -1  -4  -3  -4  10  -3  -4  -3  -3  -2  -2  -3  -2  -3  -3  -2  -2  -3  -3  -2    1   1   1   1  89   0   1   1   0   1   1   1   0   0   1   1   1   0   0   1  1.92 0.22
   26 I    -1   1  -2  -2  -2   1  -1  -3  -2   4   0   1   0  -1  -2  -2  -1  -3  -2   1    1  10   1   1   0  10   1   1   0  50   1  13   0   1   1   1   1   0   0   6  0.23 0.08
   27 R    -1   4   3   2  -4   1   2  -2  -1  -4  -3   2  -2  -4  -2   1  -1  -4  -3  -3    0  32  17  15   0   6  12   0   0   0   0   9   0   0   0   9   0   0   0   0  0.46 0.08
   28 L    -2   0   1  -2  -2  -2  -2  -3  -2  -1   1  -2  -1   1  -3  -2   1   9   0  -2    1   6   9   1   0   1   1   1   0   1  21   1   0   7   1   1  15  34   0   1  0.72 0.12
   29 E    -2  -1  -1   2  -5   1   6  -3  -1  -5  -4   0  -3  -5  -2  -1  -2  -4  -3  -4    0   0   0   8   0   0  92   0   0   0   0   0   0   0   0   0   0   0   0   0  1.27 0.23
   30 K    -1   2   1  -2  -3  -1  -1   4   3  -4  -4   2  -3  -3  -2   1  -1  -3  -2  -3    0  13   5   0   0   0   0  38  12   0   0  23   0   0   0  10   0   0   0   0  0.48 0.11
   31 A     4  -3  -3  -3  -2  -2  -2   1  -2  -2  -2  -2  -2   4  -2   0  -1  -2   0  -1   54   0   0   0   0   0   0   8   0   0   0   0   0  33   0   4   0   0   0   0  0.51 0.15
   32 R     0   2   1   1  -3   2   0   0  -1  -3  -3   1  -2  -3   3   1   1  -3   0  -2    3  13   8   7   0  11   0   5   0   0   0  13   0   0  14   8  12   0   5   0  0.27 0.06
   33 H    -2  -2   0   3  -4  -1  -1   1   7  -4  -4  -2  -3  -3  -3   0   0  -4  -1  -4    0   0   0  26   0   0   0  12  49   0   0   0   0   0   0   5   8   0   0   0  0.81 0.18
   34 G    -1  -4  -2  -3  -4  -3  -3   7  -3  -5  -5  -3  -4  -4  -3  -1  -3  -4  -4  -4    0   0   0   0   0   0   0 100   0   0   0   0   0   0   0   0   0   0   0   0  1.63 0.23
   35 S     3   0  -1  -2  -2  -1   0  -1   2  -3  -3  -1  -2  -2  -2   3   0  -3   1  -2   34   6   0   0   0   0   6   0   7   0   0   0   0   0   0  39   0   0   8   0  0.37 0.12
   36 C    -2  -5  -4  -5  11  -5  -5  -4  -5  -3  -3  -5  -3  -4  -5  -2  -2  -4  -4  -2    0   0   0   0 100   0   0   0   0   0   0   0   0   0   0   0   0   0   0   0  2.63 0.33
   37 N     0  -1   3   1  -3   0   1  -2   7  -1  -3   1  -2  -3  -3  -1  -2  -4  -1  -3    8   0  20   8   0   0   7   0  39   6   0  12   0   0   0   0   0   0   0   0  0.55 0.14
   38 Y     0  -1  -2  -2  -3   0  -2   2  -1  -1  -2   1  -1   3  -3   0  -2  -1   4  -1    5   0   0   0   0   5   0  20   0   4   0  16   0  15   0   6   0   0  26   3  0.28 0.09
   39 V    -2   3  -1   0  -3   2  -1   0   4  -1  -2   0  -1   1   0  -1  -2  -2  -1   0    0  24   0   7   0  15   0   8  14   2   0   3   0  12   4   0   0   0   0  10  0.21 0.09
   40 F    -2   0   0  -1  -3  -1   1   1  -1   0  -1  -1  -1   4  -2  -1  -2  -1   2  -1    1   7   4   1   0   0  18  13   0   5   3   1   0  32   1   1   1   0   9   4  0.21 0.07
   41 P     2  -2   0  -2  -2  -2  -2   0  -2  -2  -1  -1  -2  -3   6  -1   0  -3  -3  -2   25   1   4   1   0   1   1   8   0   1   7   1   0   0  43   1   5   0   0   1  0.73 0.11
   42 A     1  -1   1  -1  -2  -1   0   2   1  -2  -2   0  -2   0  -2   1   0   4   0  -2   13   0   9   0   0   0   6  17   4   0   1   9   0   7   0  15   6   8   3   0  0.20 0.05
   43 H    -2   3   0  -2  -3  -1  -1  -3   5  -2  -1   1  -1   1  -3  -2  -2   4   3  -1    0  27   4   0   0   0   0   0  24   0   6   9   0   5   0   0   0   7  13   5  0.44 0.11
   44 K    -1   3  -1  -2  -4   2   1  -3  -1  -3  -2   4   3  -3  -2  -1  -2  -3  -2  -2    5  20   0   0   0   6   9   0   0   0   0  47  13   0   0   0   0   0   0   0  0.53 0.14
   45 C    -2  -5  -4  -5  11  -5  -5  -4  -5  -3  -3  -5  -3  -4  -4  -2  -2  -4  -4  -2    0   0   0   0 100   0   0   0   0   0   0   0   0   0   0   0   0   0   0   0  2.54 0.30
   46 I    -3  -4  -4  -4  -3  -4  -4  -4  -2   3   0  -4   2   6  -4  -3  -2   0   3   0    0   0   0   0   0   0   0   0   0  26   0   0   7  59   0   0   0   0   9   0  0.83 0.15
   47 C    -2  -5  -4  -5  11  -5  -5  -4  -5  -3  -3  -5  -3  -4  -4  -2  -2  -4  -4  -2    0   0   0   0 100   0   0   0   0   0   0   0   0   0   0   0   0   0   0   0  2.54 0.30
   48 Y    -2  -2  -2  -3  -3  -2  -2  -3   0  -2  -2   1  -2   3  -3   0   1   0   7  -2    0   0   0   0   0   0   0   0   0   0   0  12   0   8   0   6  13   0  61   0  0.83 0.17
   49 F    -3   1  -2  -3  -4  -1  -2  -3  -2  -2  -1   3  -1   6  -3  -2  -2  -1   2  -2    0   6   0   0   0   0   0   0   0   0   0  33   0  57   0   0   0   0   4   0  0.73 0.16
   50 P    -1  -2   3   2  -3   2   0  -2  -1  -3  -3  -1  -2  -4   5   0  -1  -4  -3  -1    0   0  20  13   0  13   4   0   0   0   0   0   0   0  37   8   0   0   0   6  0.71 0.11
   51 C    -2  -5  -4  -5  11  -5  -5  -4  -5  -3  -3  -5  -3  -4  -4  -2  -2  -4  -4  -2    0   0   0   0 100   0   0   0   0   0   0   0   0   0   0   0   0   0   0   0  2.54 0.30

                      K         Lambda
Standard Ungapped    0.1413     0.3279
Standard Gapped      0.0445     0.2670
PSI Ungapped         0.1452     0.3165
PSI Gapped           0.0445     0.2670
