
Last position-specific scoring matrix computed, weighted observed percentages rounded down, information per position, and relative weight of gapless real matches to pseudocounts
            A   R   N   D   C   Q   E   G   H   I   L   K   M   F   P   S   T   W   Y   V   A   R   N   D   C   Q   E   G   H   I   L   K   M   F   P   S   T   W   Y   V
    1 I    -2  -4  -4  -5  -2  -3  -4  -5  -4   3   3  -4   3   3  -4  -3  -2  -2  -1   2    0   0   0   0   0   0   0   0   0  19  38   0   8  17   0   0   0   0   0  18  0.57 0.16
    2 N    -4   0   1   1  -6   1   1  -4   4  -6  -6  -2  -5  -6   7  -3  -4  -6  -4  -5    0   5   8   7   0   6   9   1  11   0   0   1   0   0  51   0   0   0   0   0  1.36 0.47
    3 K     0   0  -1   4  -4  -1   2  -2  -1  -5  -5   3  -4  -5   3   1  -2  -5  -4  -4   10   3   2  23   0   1  12   3   1   0   0  21   0   0  13  11   1   0   0   0  0.54 0.27
    4 D    -3  -1  -3   1  -4  -2  -1  -4  -1   1   1  -2  -2   6   0  -1  -2  -2   2   0    0   4   1  10   0   2   3   1   1   9  10   2   0  36   5   6   1   0   5   5  0.45 0.25
    5 C    -5  -8  -7  -8  12  -8  -8  -7  -7  -6  -6  -8  -6  -7  -8  -6  -6  -7   0  -5    0   0   0   0  97   0   0   0   0   0   0   0   0   0   0   0   0   0   3   0  4.17 1.04
    6 L    -1  -1   1   1  -3   1   2  -3   2  -1   1   0   0   0  -3   1  -1   0   1  -1    3   3   7   6   0   6  16   1   5   1  20   4   3   4   0  10   3   1   5   2  0.14 0.14
    7 L    -2  -4  -2  -5  -4   0   1  -6  -5  -2   5   0   0  -2  -3  -2  -4  -5  -4  -1    3   0   2   0   0   4   9   0   0   0  68   7   1   1   1   2   0   0   0   2  0.90 0.42
    8 P    -1  -1  -5  -1  -6  -1  -1  -3  -1  -4  -4  -3  -5  -6   8  -3  -3  -6  -1  -5    5   3   0   4   0   2   4   2   1   1   1   1   0   0  70   1   1   0   3   0  1.84 0.63
    9 M     2  -2  -2  -3  -4  -2  -1  -2  -1  -1   0   1   0  -3   5   0  -2  -5  -2  -1   20   2   1   1   0   1   2   1   1   2  10  11   3   1  29   8   0   0   2   4  0.51 0.27
   10 D    -1  -1   0   5  -5  -2   3  -3  -3  -4  -4   0  -2  -2  -2  -1  -2  -5  -1   1    6   3   2  42   0   0  18   1   0   0   1   4   1   2   2   4   1   0   2  11  0.68 0.33
   11 V    -1   0  -2  -2  -3   0   0  -3   0  -1  -2   0  -2   1   3   1   2  -4  -2   1    5   4   0   1   0   5   6   1   2   4   1   6   0   7  18  10  17   0   1  14  0.29 0.20
   12 G    -2  -6  -4  -5  -6  -2  -3   7  -6  -7  -7  -2  -6  -7  -3  -4  -5  -6  -7  -7    1   0   0   0   0   2   2  91   0   0   0   3   0   0   1   0   0   0   0   0  2.16 0.66
   13 R    -3   3   0  -2  -5  -3  -2  -3  -4  -2  -1  -1  -4  -1   6   1   0  -5  -1  -2    0  15   5   2   0   0   2   1   0   3   7   3   0   3  40  11   5   0   2   2  0.78 0.35
   14 C    -5  -8  -7  -8  11  -7  -8  -2  -7  -6  -6  -7  -6  -6  -7  -2  -5  -6   0  -5    0   0   0   0  90   0   0   4   0   0   0   0   0   0   0   3   0   0   3   0  3.64 0.94
   15 R    -2   4   1  -2  -4   1   0   0   0  -4  -2   3   0  -1  -4  -1   1  -4   0  -3    2  27   9   1   0   5   4   8   2   0   4  17   3   3   0   3   9   0   3   0  0.37 0.23
   16 A     4   0  -1   1  -4   0  -1   3   2  -4  -4  -1  -4  -3  -2   0  -2  -5  -4  -3   39   6   2   8   0   4   3  21   5   0   0   4   0   1   1   4   1   0   0   1  0.51 0.29
   17 R    -1   0   1  -3  -4  -1  -1  -2   2  -2  -1  -1   0   2  -1   1  -2   3   4  -1    4   6   9   0   0   2   5   3   5   2   5   3   2  10   3  12   1   4  18   4  0.23 0.18
   18 H    -1   1  -3  -3  -3  -2  -2  -4   0   3   0  -1   2   4  -4  -1   0  -1  -1   1    3   8   1   1   0   2   3   0   2  19   7   4   7  23   0   4   6   1   0  11  0.31 0.20
   19 P    -1   2  -3  -2  -4   1  -1  -1   1  -2   0   1   0   0   5   0   0  -4  -2  -2    3  10   0   1   0   7   4   3   5   2   9   8   2   4  27   6   7   0   1   2  0.38 0.20
   20 R     2   6  -2  -4  -5  -2  -3  -3   0  -5  -3   0   0  -3  -5   0  -3  -5  -1  -2   21  56   1   0   0   1   0   1   2   0   2   3   3   1   0   7   0   0   2   2  1.06 0.46
   21 Y    -5  -6  -6  -7  -6  -6  -6  -6  -4  -1  -4  -6  -4   7  -7  -6  -5   9   6  -4    0   0   0   0   0   0   0   0   0   3   0   0   0  44   0   0   0  24  27   0  2.22 0.65
   22 Y     0  -3  -3  -6  -5  -5  -5  -3   2  -4  -3  -5   0   4  -6  -3  -3   4   8  -4    8   1   1   0   0   0   0   2   4   0   1   0   2  15   0   2   1   5  57   0  1.65 0.58
   23 Y    -5  -5  -5  -6  -6  -5  -5  -6   2  -5  -4  -5  -4   5  -6  -5  -5  -2   9  -5    0   0   0   0   0   0   0   0   5   0   0   0   0  21   0   0   0   0  71   0  2.46 0.72
   24 N    -4  -1   7   3  -5  -1  -2  -3   2  -5  -5  -1  -4  -5  -4   0  -3  -5  -2  -2    0   3  56  18   0   2   0   0   4   0   0   3   0   0   0   6   0   0   1   4  1.27 0.47
   25 S     2  -1  -1  -2  -3   0  -2  -1  -3  -2  -2   0  -3  -1   4   2   0   0  -3  -2   15   4   3   1   0   4   1   4   0   2   3   5   0   3  25  20   5   1   1   2  0.43 0.25
   26 S     0   1  -1   2  -3   0   2  -2   0  -2  -2   1  -1  -2  -2   1   1  -1  -1   1    7   8   1  13   0   4  12   1   2   1   2  10   2   1   1   9  10   1   2  14  0.16 0.15
   27 S     0   0   0  -1  -3   0  -1   1   0  -1  -1  -1  -1  -4  -2   2   3  -4  -1   0    7   5   3   2   0   4   3  13   2   3   4   3   1   0   1  21  19   0   2   6  0.22 0.19
   28 R    -3   3   2  -1  -2   1   0   3   3  -3  -4   3   0  -5  -4  -1  -3  -5  -2  -4    0  19  11   3   1   5   5  23   7   2   0  17   3   0   0   3   0   0   1   0  0.52 0.30
   29 R     0   2  -1  -1  -4   3   0  -3  -3  -2  -2   3   1  -3  -3   0   3  -4  -2  -3    7  10   2   3   0  13   4   1   0   2   3  23   4   1   0   5  21   0   1   0  0.42 0.29
   30 C    -5  -8  -8  -9  12  -8  -9  -8  -8  -6  -6  -8   3  -7  -8  -6  -6  -7  -7  -6    0   0   0   0  93   0   0   0   0   0   0   0   7   0   0   0   0   0   0   0  4.14 1.17
   31 E    -1   1  -1  -2  -4   2   3  -4   1  -1   0   0  -2  -3  -4  -2   0  -4   2   1    5   7   2   0   0  12  24   0   3   3  10   6   0   0   0   2   6   0   9  11  0.30 0.26
   32 K    -2   2  -3  -2  -5   3   4  -2   0  -3  -2   2   0  -2   2   0   0  -5  -4  -2    3   9   0   0   0  12  26   2   2   1   3  15   3   2   9   5   6   0   0   2  0.44 0.29
   33 F    -6  -1  -7  -8  -7  -7  -7  -8  -5  -4   0  -7  -4   9  -8  -7  -6  -3   1  -5    0   4   0   0   0   0   0   0   0   0   9   0   0  84   0   0   0   0   3   0  2.63 0.86
   34 I    -3  -2  -2  -3  -4  -2  -3  -5  -1   4   0  -2   4   1  -2  -2   2   2  -1   2    1   2   2   1   0   2   1   0   1  29   5   3  14   6   1   2  12   3   2  13  0.47 0.29
   35 Y    -2  -6  -6  -7  -7  -6  -6  -7   1  -5  -5  -6  -5   3  -7  -6  -6   4   9  -5    3   0   0   0   0   0   0   0   2   0   0   0   0   9   0   0   0   5  81   0  2.75 0.83
   36 G    -3  -1  -3  -2  -6  -1  -5   7  -5  -7  -7  -3  -6  -6  -5   1  -1  -6  -1  -6    0   3   0   1   0   3   0  73   0   0   0   1   0   0   0  11   4   0   2   0  1.54 0.55
   37 G    -3   0  -4  -5  -6  -1  -5   7  -5  -7  -7  -5  -6  -7  -6  -4  -5  -6  -7  -7    0   5   0   0   0   4   0  91   0   0   0   0   0   0   0   0   0   0   0   0  2.22 0.64
   38 C    -4  -3  -2  -7  11  -3  -7  -6  -6  -5  -5  -6  -2  -6  -7   0  -5  -6  -1  -3    0   2   2   0  83   1   0   0   0   0   0   0   1   0   0   6   0   0   2   1  3.17 0.80
   39 R    -2   1   1   1  -5   2   2   4   0  -5  -2   1  -1  -4  -2  -1  -3  -4  -1  -4    0  10   5   6   0  10  12  34   3   0   4   7   2   0   1   3   0   0   2   0  0.47 0.24
   40 G     0  -5  -4  -4  -6  -5  -2   7  -2  -6  -6  -3  -6  -6  -2  -3  -5  -6  -6  -3    6   0   0   0   0   0   3  84   1   0   0   1   0   0   2   1   0   0   0   3  1.83 0.52
   41 N    -5  -4   9  -2  -7  -4  -4  -4  -3  -7  -7  -1  -6  -7  -6  -2  -4  -8  -6  -7    0   0  94   0   0   0   0   0   0   0   0   4   0   0   0   2   0   0   0   0  2.63 0.72
   42 A     2   0   1   1  -3   0   0   2  -2  -3  -2   0   0  -4  -1   1   0  -4  -3  -3   26   5   5   8   0   4   4  18   1   0   4   6   3   0   3  10   4   0   0   0  0.25 0.15
   43 N    -5  -4   9  -2  -7  -4  -4  -4  -3  -7  -7  -2  -6  -6  -6  -3  -4  -7   0  -7    0   0  94   0   0   0   0   0   0   0   0   1   0   0   0   0   0   0   3   0  2.66 0.73
   44 N    -5   3   8  -2  -6  -3  -3  -4   3  -6  -6  -1  -5  -6  -5  -2  -2  -7  -5  -2    0  15  69   0   0   0   0   0   7   0   0   3   0   0   0   1   1   0   0   3  1.71 0.54
   45 F    -6  -7  -7  -2  -6  -7  -7  -7  -5  -4  -3  -7  -4   9  -7  -6  -6  -3   2  -5    0   0   0   3   0   0   0   0   0   0   0   0   0  93   0   0   0   0   4   0  2.82 0.70
   46 I    -1   1   0   1  -4   2   3  -2   1  -3  -1   3  -1  -4   1  -1  -1  -4  -2  -2    2   8   3   7   0   7  20   2   3   1   6  25   1   0   6   2   4   0   1   2  0.34 0.18
   47 T    -2   0   0  -1  -4  -3  -2  -4  -4  -4  -2   0  -4  -5  -4   3   6  -5  -4  -3    2   5   3   3   0   0   2   0   0   0   4   5   0   0   0  24  53   0   0   0  0.96 0.41
   48 K    -2   2  -3  -1  -4   1   2  -3  -3   2   1   2   1  -2  -2  -2   0   0  -2   0    2  10   0   2   0   7  18   0   0  15  14  16   4   0   1   0   4   1   0   4  0.25 0.17
   49 K     0  -1  -1   3  -4   1   4  -2   3  -2  -4   1  -2  -2  -3   0  -2  -4   1  -4    8   2   2  15   0   5  32   3   8   4   0   9   1   2   0   5   1   0   5   0  0.45 0.22
   50 E     1  -2  -1   3  -3   1   5  -4  -1  -2  -2   1  -1  -4  -3  -2  -3  -4   0  -2   11   0   3  14   1   4  42   0   1   2   5  10   1   0   0   1   0   0   4   2  0.59 0.28
   51 C    -5  -2  -7  -8  12  -7  -8  -7  -7  -6  -6  -7  -6  -7  -7  -5  -5  -7  -7  -5    0   3   0   0  97   0   0   0   0   0   0   0   0   0   0   0   0   0   0   0  4.05 0.88
   52 E    -3   3   1   0   0   2   2  -4   1  -2   1   1   3  -2  -4  -2  -2  -4  -3  -2    0  20   6   4   3  12  14   0   3   1  14   8  11   1   0   0   1   0   0   1  0.36 0.22
   53 K     0   3   1  -1   1   2   0  -2   1  -3  -3   3  -3  -2  -3   0  -2  -4  -1  -1   10  20   8   2   4  10   5   2   3   1   1  19   0   2   0   7   1   0   2   5  0.31 0.18
   54 V     1   1  -1  -3  -3  -2  -1  -3   1   1  -2   0  -2  -1  -3   0   4  -4   0   1   12   7   3   0   0   1   3   0   4   7   1   4   0   3   0   5  37   0   2  10  0.39 0.24
   55 C    -5  -8  -7  -8  12  -8  -8  -7  -8  -6  -6  -8  -6  -7  -7  -5  -5  -7  -7  -5    0   0   0   0 100   0   0   0   0   0   0   0   0   0   0   0   0   0   0   0  4.27 0.91
   56 G     3   0  -3  -3  -3  -3  -3   4  -3  -2  -1  -1  -2  -4   0   0  -2  -4  -2   1   30   6   0   0   0   0   0  31   0   0   7   4   0   0   3   5   0   0   1  13  0.43 0.21
   57 V     3   0  -3  -4   2  -3  -2   0  -3  -1  -2  -2  -2  -1   3  -2  -2  -4   1   2   37   5   0   0   6   0   1   6   0   3   0   1   0   2  14   0   0   0   5  20  0.40 0.21
   58 R    -2   5  -2  -2  -5   2  -1  -3  -2  -4  -4   5  -3  -5  -3  -2  -2  -4  -3  -4    0  36   0   0   0   7   0   0   0   0   0  57   0   0   0   0   0   0   0   0  1.06 0.24

                      K         Lambda
Standard Ungapped    0.1423     0.3268
Standard Gapped      0.0559     0.2670
PSI Ungapped         0.1827     0.3178
PSI Gapped           0.0559     0.2670
