
Last position-specific scoring matrix computed, weighted observed percentages rounded down, information per position, and relative weight of gapless real matches to pseudocounts
            A   R   N   D   C   Q   E   G   H   I   L   K   M   F   P   S   T   W   Y   V   A   R   N   D   C   Q   E   G   H   I   L   K   M   F   P   S   T   W   Y   V
    1 M    -2  -2  -3  -4  -2  -1  -3  -4  -2   2   1  -2   8  -1  -3  -2  -1  -2  -2   1    0   0   0   0   0   0   0   0   0  13   0   0  87   0   0   0   0   0   0   0  0.75 0.11
    2 N    -2  -1   5   4  -4   0   1  -2  -1  -4  -4   0  -3  -4  -2   0  -1  -5  -3  -4    0   0  48  38   0   0   8   0   0   0   0   6   0   0   0   0   0   0   0   0  0.78 0.10
    3 H    -3  -2   2  -3  -3  -2  -2  -3   4  -2  -2  -2  -2   3  -4  -2  -2   0   7  -2    0   0  14   0   0   0   0   0  16   0   0   0   0  11   0   0   0   0  58   0  0.91 0.14
    4 K     1   0   1   1  -3   2   2  -1   1  -3  -3   2  -2  -3   1   2   0  -3  -2  -2   15   0   5   5   0  14  14   0   5   0   0  17   0   0   5  20   0   0   0   0  0.30 0.06
    5 Q     0   0  -1  -1  -3   4   3  -1   1  -3  -3   2   1  -3  -2  -1   0  -3  -2  -2    7   0   0   0   0  34  24   5   4   0   0  15   5   0   0   0   5   0   0   0  0.44 0.10
    6 V    -1  -2  -3  -3  -2  -2  -2  -3  -3   3   3   0   1  -1  -3  -1   0  -3  -2   2    0   0   0   0   0   0   0   0   0  22  43  10   0   0   0   8   3   0   0  15  0.28 0.07
    7 A     5  -2  -2  -2  -2  -2  -2   0   1  -3  -3  -2  -2  -3   1   1  -1  -4  -2  -1   76   0   0   0   0   0   0   5   5   0   0   0   0   0   6   8   0   0   0   0  0.60 0.14
    8 E     0   2  -1   0  -3   2   2  -2   2  -3  -3   3  -2  -1   0   1   0  -3  -1  -2    4  13   0   3   0  13  12   0   5   0   0  23   0   5   4  12   5   0   0   0  0.28 0.06
    9 R     0   2   0   1  -3   2   3  -2   2  -1  -2   1  -2  -2  -2   1  -1  -3   0  -2    4  14   4   8   0   8  25   0   5   4   4   7   0   0   0  11   0   0   4   0  0.24 0.05
   10 I    -2  -3  -4  -4  -2  -3  -4  -4  -3   5   2  -3   1   1  -3  -3  -1  -2   1   3    0   0   0   0   0   0   0   0   0  59  15   0   0   4   0   0   0   0   5  18  0.53 0.10
   11 L    -2  -1  -4  -4  -2  -1  -3  -4  -3   3   4  -2   1  -1  -3  -3  -2  -3  -2   2    0   4   0   0   0   4   0   0   0  29  55   0   0   0   0   0   0   0   0   7  0.45 0.09
   12 N     1  -1   2   2  -3   2   3  -2   1  -2  -2   0  -2  -3   0   0   1  -3  -2  -2   16   0  11  13   0  11  25   0   3   0   4   0   0   0   3   0  14   0   0   0  0.28 0.06
   13 A     4  -2  -3  -3  -1  -2  -2   0  -3  -1   2  -1   0  -2  -2   0  -1  -3  -2   0   57   0   0   0   0   0   0   6   0   0  29   4   0   0   0   0   0   0   0   4  0.33 0.09
   14 V    -1  -3  -3  -3  -2  -3  -3   3  -3   2   2  -3   1  -1  -3  -2  -1  -3  -2   3    0   0   0   0   0   0   0  27   0   7  28   0   5   0   0   0   0   0   0  33  0.32 0.07
   15 G    -1  -3  -1  -2  -4  -3  -3   7  -3  -5  -5  -3  -4  -4  -3  -1  -3  -4  -4  -4    0   0   0   0   0   0   0 100   0   0   0   0   0   0   0   0   0   0   0   0  1.56 0.17
   16 R    -1   1  -1  -1  -4   1   1   3  -2  -4  -4   5  -2  -4   0  -1  -2  -4  -3  -3    0   4   0   0   0   4   7  25   0   0   0  58   0   0   4   0   0   0   0   0  0.57 0.11
   17 D    -2  -2   2   5  -4   0   3  -2  -1  -4  -4  -1  -3  -4  -2   1  -1  -4  -3  -4    0   0  11  48   0   0  26   0   0   0   0   0   0   0   0  15   0   0   0   0  0.76 0.11
   18 N    -3  -2   8   0  -4  -1  -1  -2  -1  -5  -5  -1  -3  -4  -3  -1  -1  -5  -3  -4    0   0 100   0   0   0   0   0   0   0   0   0   0   0   0   0   0   0   0   0  1.51 0.21
   19 I    -2  -4  -4  -4  -2  -4  -4  -5  -4   5   2  -3   0  -1  -4  -3  -1  -3  -2   3    0   0   0   0   0   0   0   0   0  71   9   0   0   0   0   0   0   0   0  20  0.71 0.12
   20 Q     0  -1  -1   1  -2   2   1  -2  -1   1  -1   1  -1  -2  -2   1   1  -3  -2   0    6   0   0   9   0  16   9   0   0  18   0  12   0   0   0  11  10   0   0   8  0.14 0.05
   21 G     2   0   1  -1  -2   0   0   0   1  -3  -3   0  -2  -3  -2   3   0  -3  -2  -2   25   4   9   0   0   3   6   4   5   0   0   4   0   0   0  37   3   0   0   0  0.30 0.07
   22 A     1  -3  -3  -3   2  -2  -3  -3  -3   2   2  -2   2  -1  -3  -1  -1  -2   0   2   22   0   0   0   4   0   0   0   0  16  21   0   7   0   0   0   0   0   4  26  0.24 0.06
   23 R     1  -1   1   2  -2  -1  -1   0  -2   1  -1  -1   1  -2  -2   0   2  -3  -2   0   18   4   6  18   0   0   0   4   0  13   0   0   7   0   0   4  22   0   0   4  0.15 0.05
   24 H     0  -1   4  -1  -4  -1  -1  -2   8  -4  -4  -2  -3  -3  -3  -1  -2  -4   0  -4   12   0  23   0   0   0   0   0  64   0   0   0   0   0   0   0   0   0   0   0  1.12 0.17
   25 C    -2  -5  -4  -5  11  -4  -5  -4  -5  -3  -3  -5  -3  -4  -4  -2  -2  -4  -4  -2    0   0   0   0 100   0   0   0   0   0   0   0   0   0   0   0   0   0   0   0  2.48 0.25
   26 A     3  -2  -3  -3  -2  -2  -2  -2  -3   2   0  -2   4  -2  -2  -1   0  -3  -2   1   47   0   0   0   0   0   0   0   0  19   0   0  27   0   0   0   4   0   0   4  0.38 0.11
   27 T    -1  -2  -1  -2  -2  -2  -2  -3  -3  -2  -2  -2  -2  -3  -2   0   7  -4  -3  -1    0   0   0   0   0   0   0   0   0   0   0   0   0   0   0   0 100   0   0   0  1.15 0.20
   28 R    -3   7  -2  -3  -5   0  -1  -4  -1  -4  -3   1  -3  -4  -3  -2  -2  -4  -3  -4    0 100   0   0   0   0   0   0   0   0   0   0   0   0   0   0   0   0   0   0  1.46 0.20
   29 L    -2  -3  -4  -5  -2  -3  -4  -5  -4   1   5  -3   1   0  -4  -3  -2  -3  -2   1    0   0   0   0   0   0   0   0   0   0  91   0   0   0   0   0   0   0   0   9  0.79 0.13
   30 R    -3   7  -2  -3  -5   0  -1  -4  -1  -4  -3   1  -3  -4  -3  -2  -2  -4  -3  -4    0 100   0   0   0   0   0   0   0   0   0   0   0   0   0   0   0   0   0   0  1.46 0.20
   31 L    -2  -3  -4  -4  -2  -3  -4  -4  -3   3   3  -3   1   4  -4  -3  -2  -1   0   2    0   0   0   0   0   0   0   0   0  19  40   0   0  27   0   0   0   0   0  13  0.48 0.08
   32 V     0  -1   0   0  -2   0   0  -2  -2   0  -2   2  -1  -3  -2   1   2  -3  -2   2    7   0   4   4   0   4   5   0   0   0   0  19   0   0   0  12  22   0   0  24  0.17 0.06
   33 L    -1  -3  -4  -4  -2  -3  -3  -4  -4   2   3  -3   1  -1   0  -3  -1  -3  -2   4    0   0   0   0   0   0   0   0   0  11  36   0   3   0   4   0   0   0   0  46  0.46 0.09
   34 K    -1   2   1  -2  -3   0   0  -1   3  -1  -2   4  -2  -2  -2   0  -1  -3   0  -1    3   8   5   0   0   0   0   4  11   4   4  50   0   0   0   4   0   0   4   3  0.33 0.08
   35 D    -3  -3   2   7  -5  -1   0  -2  -2  -4  -5  -2  -4  -5  -3  -1  -2  -5  -4  -4    0   0   9  91   0   0   0   0   0   0   0   0   0   0   0   0   0   0   0   0  1.41 0.17
   36 T    -1  -1   1   2  -3   1   4  -2  -1  -2  -3   1  -1  -3  -2   0   0  -4  -3  -2    3   0   7  12   0   4  49   0   0   4   0   5   3   0   0   6   7   0   0   0  0.46 0.08
   37 G     2  -1   2  -1  -2   0  -1   2  -1  -3  -3   0  -2  -3  -2   3   2  -3  -2  -2   16   0  12   0   0   3   0  15   0   0   0   3   0   0   0  35  15   0   0   0  0.35 0.07
   38 V    -2   0  -2  -2  -3   1  -1  -3  -2   0   2   4   0  -2  -2  -1  -1  -3  -2   0    0   0   0   0   0   6   0   0   0   4  28  55   0   0   0   0   0   0   0   7  0.36 0.10
   39 I     2  -3  -3  -4  -1  -3  -3  -3  -3   3   1  -3   0  -1  -3  -2  -1  -3  -2   4   22   0   0   0   0   0   0   0   0  24   4   0   0   0   0   0   0   0   0  50  0.41 0.09
   40 D    -3  -2   3   7  -4  -1   1  -2  -2  -4  -5  -1  -4  -4  -2  -1  -2  -5  -4  -4    0   0  13  82   0   0   5   0   0   0   0   0   0   0   0   0   0   0   0   0  1.16 0.13

                      K         Lambda
Standard Ungapped    0.1377     0.3248
Standard Gapped      0.0422     0.2670
PSI Ungapped         0.1378     0.3133
PSI Gapped           0.0422     0.2670
