
Last position-specific scoring matrix computed, weighted observed percentages rounded down, information per position, and relative weight of gapless real matches to pseudocounts
           A  R  N  D  C  Q  E  G  H  I  L  K  M  F  P  S  T  W  Y  V   A   R   N   D   C   Q   E   G   H   I   L   K   M   F   P   S   T   W   Y   V
    1 M   -2 -2 -3 -4 -2 -2 -3 -4 -3  2  1 -2  7  2 -3 -2 -1 -2 -1  1    0   0   0   0   0   0   0   0   0  16   0   0  74  10   0   0   0   0   0   0  0.64 0.11
    2 N   -2 -1  6  3 -3 -1  0 -1  0 -4 -4 -1 -3 -4 -2  1  0 -5 -3 -3    0   0  76  14   0   0   0   0   0   0   0   0   0   0   0   7   3   0   0   0  0.81 0.09
    3 I   -1 -3 -3 -4 -2 -3 -3 -4 -3  2  3 -3  1  2 -3 -2 -1  6  0  1    2   0   0   0   0   0   0   0   0  24  43   0   0  10   0   4   2  14   0   0  0.40 0.05
    4 E   -2 -1  1  1 -4  1  6 -3  3 -4 -4  0 -3 -4 -2 -1 -1 -3 -2 -3    0   0   4   0   0   0  83   0  11   0   0   0   0   0   0   0   0   0   0   0  0.79 0.09
    5 L   -1 -3 -4 -4 -1 -3 -3 -4 -4  3  3 -3  1  0 -3 -3 -1 -3 -2  3    0   0   0   0   0   0   0   0   0  16  39   0   0   0   0   0   0   0   0  45  0.41 0.05
    6 I   -2 -4 -4 -4 -2 -3 -4 -4 -4  5  2 -3  1 -1 -3 -3 -1 -3 -2  3    0   0   0   0   0   0   0   0   0  72   8   0   0   0   0   0   0   0   0  19  0.53 0.07
    7 V    3 -2 -2 -3 -1 -2 -2  0 -2  1  0 -2  0  1 -2  0  0 -2 -1  2   52   0   0   0   0   0   0   4   0   4   4   0   0  10   0   0   5   0   0  20  0.21 0.04
    8 Q   -2  0  2 -1 -4  7  1 -2  0 -4 -3  1 -1 -4 -2 -1 -1 -3 -2 -3    0   0  11   0   0  89   0   0   0   0   0   0   0   0   0   0   0   0   0   0  0.92 0.12
    9 L   -2 -3 -4 -4 -2 -3 -4 -4 -3  1  5 -3  2  2 -4 -3 -2 -2 -1  0    0   0   0   0   0   0   0   0   0   0  89   0   0  11   0   0   0   0   0   0  0.60 0.07
   10 G    0 -2 -1 -2 -2 -2 -2  3 -3 -1 -1 -2 -1 -2 -2  0  3 -3 -2  0    6   0   0   0   0   0   0  35   0   2   8   0   0   0   0   0  43   0   0   7  0.34 0.05
   11 S    2 -2 -1 -2 -1 -1 -1 -1 -2  0 -1 -1  1 -1 -2  3  1 -3 -2  1   17   0   0   0   0   0   0   0   0   0   0   0   8   3   0  48   4   0   0  19  0.23 0.05
   12 L   -2 -3 -4 -4 -2 -3 -4 -4 -4  2  4 -3  2  0 -3 -3 -1 -2 -2  2    0   0   0   0   0   0   0   0   0   9  81   0   0   0   0   0   0   0   0  11  0.53 0.06
   13 T    3 -2 -2 -2 -1 -1 -1 -1 -2  0  0 -1 -1 -2 -2  1  2 -3 -2  0   55   0   0   0   0   0   0   0   0   5   7   0   0   0   0   6  23   0   0   3  0.29 0.05
   14 L   -2 -3 -4 -4 -2 -3 -3 -4 -3  1  5 -3  2  1 -3 -2 -2 -2 -1  0    0   0   0   0   0   0   0   0   0   4  84   0   4   4   0   3   0   0   0   0  0.52 0.07
   15 I   -1 -3 -4 -4 -2 -3 -4 -4 -4  5  1 -3  2 -1 -3 -3 -1 -3 -2  3    4   0   0   0   0   0   0   0   0  78   0   0   4   0   0   0   0   0   0  15  0.50 0.06
   16 T    0 -2 -2 -3 -1 -2 -2 -1 -3  2  0 -2  0 -2 -2  0  3 -3 -2  3    3   0   0   0   0   0   0   4   0  10   4   0   0   0   0   3  30   0   0  47  0.25 0.04
   17 I    1 -3 -3 -3 -1 -2 -3 -1 -3  3  2 -2  1 -1 -3 -2 -1 -3 -2  2   16   0   0   0   0   0   0   6   0  26  33   0   0   0   0   0   0   0   0  19  0.22 0.03
   18 A    4 -2 -1 -2 -1 -1 -1 -1 -2 -2 -2 -1 -1 -3 -1  3  1 -3 -2 -1   54   0   0   0   0   0   0   0   0   0   3   0   0   0   0  34   9   0   0   0  0.38 0.05
   19 G    0 -3 -1 -2 -3 -2 -3  7 -3 -5 -5 -2 -3 -4 -3 -1 -2 -3 -4 -4    0   0   0   0   0   0   0 100   0   0   0   0   0   0   0   0   0   0   0   0  1.29 0.08
   20 P   -2 -3 -3 -2 -4 -2 -2 -3 -3 -4 -4 -2 -3 -5  9 -2 -2 -5 -4 -3    0   0   0   0   0   0   0   0   0   0   0   0   0   0 100   0   0   0   0   0  2.29 0.11
   21 L    1 -3 -3 -4 -1 -2 -3 -3 -3  2  4 -3  2  0 -3 -2 -1 -2 -2  1   17   0   0   0   0   0   0   0   0  17  59   0   4   0   0   0   0   0   0   3  0.33 0.04
   22 I   -1 -3 -4 -4 -1 -3 -3 -4 -4  4  1 -3  1 -1 -3 -2 -1 -3 -2  5    0   0   0   0   0   0   0   0   0  32   0   0   0   0   0   0   0   0   0  68  0.50 0.06
   23 V   -2 -4 -4 -4 -2 -3 -4 -4 -4  5  1 -3  1 -1 -3 -3 -1 -3 -2  3    0   0   0   0   0   0   0   0   0  82   0   0   0   0   0   0   0   0   0  18  0.57 0.07
   24 A    2 -3 -2 -3 -2 -2 -2  2 -2  0  0 -2  0  4 -3 -1 -1 -1  0  1   29   0   0   0   0   0   0  16   0   3   5   0   0  29   0   0   0   0   0  18  0.19 0.03
   25 L   -1 -3 -4 -4 -2 -3 -3 -4 -3  2  4 -3  2  1 -3 -3 -1 -2 -1  1    4   0   0   0   0   0   0   0   0  12  73   0   0   7   0   0   0   0   0   3  0.44 0.05
   26 L   -2 -3 -4 -4 -2 -3 -3 -4 -3  2  5 -3  2  0 -3 -1 -1 -2 -2  1    0   0   0   0   0   0   0   0   0   5  89   0   0   0   0   6   0   0   0   0  0.52 0.06
   27 F    3 -2 -2 -3 -2 -2 -2 -1 -2 -1 -1 -2 -1  4 -2  1 -1 -1  2 -1   51   0   0   0   0   0   0   0   0   0   0   0   0  36   0  10   0   0   4   0  0.34 0.05
   28 L    1 -2 -3 -3 -1 -2 -2 -2 -2  2  1 -2  0  2 -3  0 -1 -1  2  2   22   0   0   0   0   0   0   0   0  20  18   0   0  14   0   5   0   0   8  14  0.16 0.02
   29 R   -2  6  1 -2 -4  2  0 -3 -1 -4 -3  3 -2 -4 -2 -1 -1 -3 -2 -3    0  68   7   0   0   5   0   0   0   0   0  20   0   0   0   0   0   0   0   0  0.72 0.07
   30 Q   -1  3  1 -1 -4  3  1  0 -1 -3 -3  4 -2 -4 -2 -1 -1 -3 -2 -3    0  18   7   0   0  21   4   8   0   0   0  42   0   0   0   0   0   0   0   0  0.45 0.04
   31 G    0 -3 -1 -2 -3 -2 -3  7 -3 -5 -5 -2 -3 -4 -3 -1 -2 -3 -4 -4    0   0   0   0   0   0   0 100   0   0   0   0   0   0   0   0   0   0   0   0  1.29 0.08
   32 N    0 -1  7  1 -3 -1 -1 -1  0 -4 -4 -1 -3 -4 -3  0 -1 -5 -3 -3    8   0  92   0   0   0   0   0   0   0   0   0   0   0   0   0   0   0   0   0  0.94 0.09
   33 L   -2 -3 -4 -4 -2 -3 -4 -4 -4  1  5 -3  2  0 -4 -3 -2 -2 -2  0    0   0   0   0   0   0   0   0   0   0 100   0   0   0   0   0   0   0   0   0  0.66 0.07

                      K         Lambda
Standard Ungapped    0.1504     0.3311
Standard Gapped      0.0410     0.2670
PSI Ungapped         0.1504     0.3311
PSI Gapped           0.0410     0.2670
