
Last position-specific scoring matrix computed, weighted observed percentages rounded down, information per position, and relative weight of gapless real matches to pseudocounts
            A   R   N   D   C   Q   E   G   H   I   L   K   M   F   P   S   T   W   Y   V   A   R   N   D   C   Q   E   G   H   I   L   K   M   F   P   S   T   W   Y   V
    1 K    -1   3   0  -1  -3   1   1  -2  -1  -3  -3   5  -2  -3  -1   0  -1  -3  -2  -3    0  22   0   0   0   0   0   0   0   0   0  78   0   0   0   0   0   0   0   0  0.57 0.02
    2 N    -1  -1   4  -1  -3  -1  -1  -2   1  -2  -2  -1  -2   1  -3   1  -1   0   5  -2    0   0  34   0   0   0   0   0   0   0   0   0   0   0   0  14   0   0  52   0  0.49 0.03
    3 Y    -2  -2  -3  -4  -3  -2  -2  -4   1  -2  -1  -2  -1   3  -3  -2  -2   2   8  -2    0   0   0   0   0   0   0   0   0   0   0   0   0   0   0   0   0   0 100   0  1.10 0.06
    4 G     0  -3  -1  -2  -3  -2  -2   6  -2  -4  -4  -2  -3  -4  -2  -1  -2  -3  -3  -4    0   0   0   0   0   0   0 100   0   0   0   0   0   0   0   0   0   0   0   0  1.16 0.04
    5 N    -2  -1   7   1  -3   0  -1  -1   0  -4  -4   0  -3  -3  -2   0   0  -4  -2  -3    0   0 100   0   0   0   0   0   0   0   0   0   0   0   0   0   0   0   0   0  0.90 0.05
    6 G     0  -3  -1  -2  -3  -2  -2   6  -2  -4  -4  -2  -3  -4  -2  -1  -2  -3  -3  -4    0   0   0   0   0   0   0 100   0   0   0   0   0   0   0   0   0   0   0   0  1.16 0.04
    7 V    -1  -3  -3  -4  -1  -2  -3  -4  -3   2   2  -3   1  -1  -3  -2   0  -3  -1   4    0   0   0   0   0   0   0   0   0   0  26   0   0   0   0   0   0   0   0  74  0.37 0.03
    8 H    -1  -1  -1  -2  -2  -1  -1  -2   4  -2  -2  -1  -1   1  -2   1   1   0   5  -2    0   0   0   0   0   0   0   0  22   0   0   0   0   0   0  20  10   0  48   0  0.47 0.03
    9 C    -1  -4  -3  -4  10  -3  -4  -3  -4  -2  -2  -4  -2  -3  -3  -1  -1  -3  -3  -1    0   0   0   0 100   0   0   0   0   0   0   0   0   0   0   0   0   0   0   0  1.54 0.06
   10 T    -1  -1   5   1  -3  -1  -1   2   0  -3  -3  -1  -2  -3  -2   0   1  -4  -2  -3    0   0  69   0   0   0   0  17   0   0   0   0   0   0   0   0  14   0   0   0  0.57 0.03
   11 K    -1   2   2   0  -3   2   1  -2  -1  -3  -3   5  -2  -3  -1   0  -1  -3  -2  -3    0   0  14   0   0  11   0   0   0   0   0  75   0   0   0   0   0   0   0   0  0.50 0.03
   12 K    -1   1   1   0  -3   1   2  -2   5  -3  -3   3  -2  -3  -2   1  -1  -3  -1  -3    0   0   8   0   0   0  14   0  26   0   0  38   0   0   0  14   0   0   0   0  0.37 0.02
   13 G     0   1   0  -1  -3   0   0   3  -1  -3  -3   3  -2  -3  -2   1  -1  -3  -2  -3    0   0   0   0   0   0   0  35   0   0   0  48   0   0   0  17   0   0   0   0  0.41 0.02
   14 C    -1  -4  -3  -4  10  -3  -4  -3  -4  -2  -2  -4  -2  -3  -3  -1  -1  -3  -3  -1    0   0   0   0 100   0   0   0   0   0   0   0   0   0   0   0   0   0   0   0  1.54 0.06
   15 S     0  -2  -1  -2  -2  -1  -1  -1  -2  -2  -2  -1  -2  -1  -2   3   2   9   0  -2    0   0   0   0   0   0   0   0   0   0   0   0   0   0   0  46  15  40   0   0  0.83 0.04
   16 V     0  -3  -3  -4  -1  -3  -3  -4  -4   2   1  -3   1  -1  -3  -2   0  -3  -1   5    0   0   0   0   0   0   0   0   0   0   0   0   0   0   0   0   0   0   0 100  0.47 0.04
   17 D    -2  -2   3   6  -4   0   1  -1  -1  -4  -4  -1  -3  -4  -2   0  -1  -5  -3  -3    0   0  25  75   0   0   0   0   0   0   0   0   0   0   0   0   0   0   0   0  0.85 0.04
   18 W    -3  -3  -4  -5  -3  -2  -3  -3  -3  -3  -2  -4  -2   1  -4  -3  -3  11   2  -3    0   0   0   0   0   0   0   0   0   0   0   0   0   0   0   0   0 100   0   0  2.67 0.08
   19 G     1  -2   2  -1  -2  -1  -1   5  -1  -3  -3  -1  -2  -3  -2   1  -1  -3  -3  -3    9   0  14   0   0   0   0  58   0   0   0   0   0   0   0  19   0   0   0   0  0.59 0.02
   20 Y    -1   1   0   0  -3   2   3  -2   0  -2  -2   3  -1  -1  -1   0   1  -1   2  -2    0   0   0   0   0  14  25   0   0   0   0  30   0   0   0   0  16   0  14   0  0.30 0.02
   21 A     4  -2  -2  -2  -1  -1  -1   0  -2  -1  -1  -1  -1   1  -1   1   1  -2  -1   0   80   0   0   0   0   0   0   0   0   0   0   0   0   9   0   0  11   0   0   0  0.34 0.03
   22 W     0   0  -1  -2  -2  -1  -1  -2  -2   1  -1   2   0  -1  -2   0   1   5  -1   0   11   0   0   0   0   0   0   0   0  28   0  28   0   0   0   9  10  14   0   0  0.20 0.02
   23 A     1  -2  -1  -1  -2  -1   1   4  -2  -2  -3  -1  -2  -3  -2   0   2  -3  -2  -2   16   0   0   0   0   0  14  42   0   0   0   0   0   0   0   0  28   0   0   0  0.39 0.02
   24 N    -1  -1   4   0   3   0   1  -2  -1   1  -1  -1  -1  -2  -2   0   1  -3  -2   0    0   0  44   0  10   0  14   0   0  20   0   0   0   0   0   0  11   0   0   0  0.24 0.02
   25 I    -2  -3  -4  -4  -2  -3  -4  -4  -4   5   1  -3   1   0  -3  -3  -1  -3  -2   2    0   0   0   0   0   0   0   0   0 100   0   0   0   0   0   0   0   0   0   0  0.52 0.04
   26 A     2  -2  -1  -2  -1  -2  -2   4  -2   0  -1  -2  -1  -2  -2   0  -1  -3  -2   0   37   0   0   0   0   0   0  42   0  10   0   0   0   0   0   0   0   0   0  11  0.36 0.02
   27 N    -1   0   5   1  -3   0   0   2   0  -4  -4   1  -2  -3  -2   0  -1  -4  -2  -3    0   0  72   0   0   0   0  14   0   0   0  14   0   0   0   0   0   0   0   0  0.60 0.03
   28 N    -2  -1   5   0  -3  -1  -1  -1   0   1  -1  -1  -1  -2  -3   0   0  -4  -2   0    0   0  72   0   0   0   0   0   0  28   0   0   0   0   0   0   0   0   0   0  0.45 0.04
   29 S     2  -2  -1  -1  -1  -1  -1   1  -2   1  -1  -1  -1  -2  -1   2   0  -3  -2   1   22   0   0   0   0   0   0  10   0  14   0   0   0   0   0  41   0   0   0  14  0.18 0.02
   30 V     3  -2  -2  -3  -1  -2  -2  -1  -3   2   0  -2   0  -1  -2   0   0  -3  -2   2   46   0   0   0   0   0   0   0   0  25   0   0   0   0   0   0   0   0   0  29  0.23 0.02
   31 M     2  -1   2  -1  -1  -1  -1  -1  -1   0   0  -1   4  -1  -2   1   0  -2  -2   0   28   0  14   0   0   0   0   0   0   0   0   0  44   0   0  14   0   0   0   0  0.19 0.03
   32 N     1  -1   5   0  -2  -1  -1   3   0  -3  -3  -1  -2  -3  -2   0  -1  -3  -3  -2   18   0  53   0   0   0   0  28   0   0   0   0   0   0   0   0   0   0   0   0  0.50 0.03
   33 G    -1  -3  -2  -3  -2  -2  -3   3  -3  -2   1  -3  -1   0  -3  -2  -2   9   0  -2    0   0   0   0   0   0   0  34   0   0  20   0   0   0   0   0   0  45   0   0  0.99 0.04
   34 L     2  -2  -2  -3  -1  -2  -2  -2  -2   1   2  -2   1  -1  -2   0   1  -2  -2   1   37   0   0   0   0   0   0   0   0   0  34   0   0   0   0   0  14   0   0  14  0.18 0.02
   35 T     0  -1   2  -1  -1  -1  -1  -1  -1  -1  -2  -1  -1  -3  -1   2   4  -3  -2  -1    0   0  14   0   0   0   0   0   0   0   0   0   0   0   0  14  72   0   0   0  0.45 0.03
   36 G     0  -2   0  -2  -3  -2  -2   6   3  -4  -4  -2  -3  -3  -2  -1  -2  -3  -2  -4    0   0   0   0   0   0   0  86  14   0   0   0   0   0   0   0   0   0   0   0  0.93 0.04
   37 G     0  -3  -1  -2  -3  -2  -2   6  -2  -4  -4  -2  -3  -3  -2   0  -2  -3  -3  -4    0   0   0   0   0   0   0 100   0   0   0   0   0   0   0   0   0   0   0   0  1.14 0.03
   38 N     1   0   5   0  -2   0   0  -1   3  -3  -3   1  -2  -3  -2   0   0  -3  -1  -2   20   0  57   0   0   0   0   0  14   0   0   9   0   0   0   0   0   0   0   0  0.41 0.01
   39 A     4  -1  -1  -2  -1   1   0   0  -1  -2  -2   0  -1  -3  -1   1   0  -3  -2  -1   86   0   0   0   0  14   0   0   0   0   0   0   0   0   0   0   0   0   0   0  0.38 0.02
   40 G     0  -3  -1  -2  -3  -2  -2   6  -2  -4  -4  -2  -3  -3  -2   0  -2  -3  -3  -3    0   0   0   0   0   0   0 100   0   0   0   0   0   0   0   0   0   0   0   0  1.10 0.02
   41 W    -3  -2   3  -2  -3  -2  -2  -2  -2  -3  -2  -2  -2   0  -4  -2  -2  10   1  -3    0   0  26   0   0   0   0   0   0   0   0   0   0   0   0   0   0  74   0   0  1.67 0.03
   42 H    -1   0   3   0  -3   0   0  -2   6  -3  -3   2  -2  -2  -2   0  -1  -3   0  -3    0   0  20   0   0   0   0   0  49   0   0  22   0   0   0   9   0   0   0   0  0.48 0.02
   43 N    -1   1   3   0  -3   1   0  -1   0  -3  -3   4  -2  -3  -1   1   0  -3  -2  -2    0   0  24   0   0   0   0   0   0   0   0  56   0   0   0  20   0   0   0   0  0.38 0.01

                      K         Lambda
Standard Ungapped    0.1328     0.3141
Standard Gapped      0.0396     0.2670
PSI Ungapped         0.1293     0.3164
PSI Gapped           0.0396     0.2670
