
Last position-specific scoring matrix computed, weighted observed percentages rounded down, information per position, and relative weight of gapless real matches to pseudocounts
            A   R   N   D   C   Q   E   G   H   I   L   K   M   F   P   S   T   W   Y   V   A   R   N   D   C   Q   E   G   H   I   L   K   M   F   P   S   T   W   Y   V
    1 L    -4  -5  -6  -7  -4  -5  -6  -7  -5  -1   6  -5   0   3  -6  -5  -4  -4  -3  -2    0   0   0   0   0   0   0   0   0   0  89   0   1  10   0   0   0   0   0   0  1.55 0.51
    2 T    -2  -4  -1  -4  -4  -3  -3  -3  -3  -5  -5  -3  -2  -5  -4   5   6  -6  -5  -4    1   0   2   0   0   0   0   1   0   0   0   0   1   0   0  51  44   0   0   0  1.35 0.58
    3 A     4  -3  -1   4  -2  -1   1   0  -2  -4  -4   0  -3  -5   1   0  -2  -5  -4  -3   40   0   1  23   1   2   7   6   1   0   0   5   0   0   5   6   1   0   0   0  0.55 0.31
    4 E     2  -2   0   2  -2   1   3  -1   0  -4  -3   2  -3  -4  -3   0   0  -5  -3  -2   19   0   2  13   1   5  27   5   2   0   1  12   0   0   0   4   6   0   0   1  0.38 0.24
    5 D    -4  -4  -1   6  -6   0   6  -5  -3  -6  -6  -3  -5  -6  -4  -2  -4  -6  -5  -6    0   0   2  42   0   2  50   0   0   0   0   0   0   0   0   1   0   0   0   0  1.50 0.57
    6 K    -4   4  -2  -4  -3  -2  -1  -5  -4  -4  -4   7  -2  -5  -4  -3  -3   4  -4  -5    0  18   1   0   0   0   2   0   0   1   1  65   1   0   0   1   1   6   0   0  1.33 0.54
    7 K     3  -1   1  -2  -1   2  -1  -1   2  -3  -4   1  -3  -4  -3   1   2  -4  -3  -2   28   1   6   1   1  13   1   3   5   0   0  11   0   0   0  11  17   0   0   2  0.38 0.26
    8 L     1  -1   3  -2  -2  -1  -1  -3   3   1   2  -2   0  -2  -3  -1   1  -4  -1   0   18   2  17   1   0   2   3   0   9   8  22   1   1   1   0   1   8   0   2   4  0.20 0.19
    9 I    -4  -6  -6  -6  -4  -5  -6  -6  -6   6   0  -5  -2  -3  -6  -5  -3  -6  -4   5    0   0   0   0   0   0   0   0   0  47   5   0   0   0   0   0   0   0   0  48  1.44 0.52
   10 Q     0   1   0  -3  -2   1  -1  -2  -1  -2   0   4  -1  -4  -3   0   2  -4  -3  -1    6   6   4   0   1   7   2   2   1   1  11  33   1   0   0   4  15   0   0   4  0.30 0.24
   11 Q     3  -3   0   1  -1   0  -1   2   2  -3  -3  -1  -3  -4  -3   2   1  -4  -3  -2   32   0   4   8   1   5   2  13   5   0   1   2   0   0   0  14  10   0   0   1  0.37 0.24
   12 A     0  -4  -4  -4  -1  -3  -4  -4  -4   3   3  -3   2   1  -4  -1   0  -3  -1   2    9   0   0   0   1   1   0   0   0  19  30   1   5   6   0   3   7   0   1  18  0.42 0.22
   13 W    -4  -7  -7  -8   0  -6  -7  -5  -6  -6  -3  -7  -3   2  -7  -4  -4  12  -1  -3    1   0   0   0   2   0   0   1   0   0   2   0   1   7   0   2   1  80   1   2  3.53 0.91
   14 E     1  -3  -1   1  -4   0   1   5  -2  -4  -4   0  -4  -5  -1   1  -1  -5  -4  -3   12   0   2   7   0   4   8  41   1   0   1   5   0   0   3  13   4   0   0   1  0.55 0.26
   15 K    -3   0  -2  -3  -3  -1  -2  -4   3  -5  -2   7  -4  -5  -2  -1  -3  -6  -4  -2    1   2   1   1   1   0   0   0   7   0   4  75   0   0   1   4   1   0   0   3  1.31 0.53
   16 A    -2  -4  -3  -5  -3  -4  -4  -5  -5   4   1  -4   2  -3  -4  -4  -1  -4  -3   5    2   0   1   0   0   0   0   0   0  28  10   0   4   0   0   0   2   0   0  50  0.92 0.36
   17 A     1  -1  -1   2   0   0   1   2   0  -2  -2   0  -2  -2  -1   1  -1  -3   0  -2   12   3   1  15   2   2  10  20   2   2   3   7   0   1   3  11   2   0   4   1  0.19 0.11
   18 S     1  -1   0  -1  -1   0   0   3   0  -2  -2   0  -1  -2   1   1   0  -2  -2  -2   10   2   3   3   2   4   4  27   3   2   4   7   1   1   7  11   6   0   1   3  0.20 0.09
   19 H    -2   0   4   1  -2   1  -1  -2   6  -3  -3   1  -3  -3  -3   0  -2  -4  -2  -3    3   3  25   8   1   7   3   1  27   2   3   7   0   1   1   6   1   0   0   2  0.63 0.26
   20 Q     2  -3  -2  -3   2   0   0  -1  -3   1   0  -2  -1  -2   0   0  -1  -3  -1   2   26   0   1   0   4   5   7   4   0   6  11   1   0   0   5   5   2   0   2  19  0.18 0.16
   21 E     1  -3   0   4  -4   0   4   1  -3  -4  -4  -1  -4  -4   0  -1  -2  -4  -4  -3   14   0   2  27   0   2  29  11   0   0   1   3   0   0   5   2   1   0   0   1  0.60 0.28
   22 E     2  -2  -1   3  -3   0   4   0  -1  -3  -3   0  -3  -3  -1   0  -1  -4  -3  -1   18   0   1  16   0   3  33   6   1   0   2   4   0   1   2   4   3   0   0   5  0.40 0.23
   23 F    -2  -4  -4  -3   0  -3  -4  -4   3   4   0  -4   0   2  -4  -3  -2   1   5   2    2   0   0   1   2   0   0   0   8  24   8   0   1   9   0   0   2   1  21  18  0.56 0.26
   24 G    -2  -5  -3  -4  -2  -5  -5   7  -5  -6  -6  -4  -2  -6  -5  -3  -3  -5  -6  -3    2   0   0   0   1   0   0  90   0   0   0   0   1   0   0   0   2   0   0   3  1.96 0.59
   25 A     4  -2  -1  -3  -3   0  -1   3   2  -3  -3  -1  -3  -4   1   0  -1  -4  -3  -1   40   1   2   0   0   5   2  22   6   0   1   3   0   0   8   3   3   0   0   4  0.50 0.27
   26 E    -1  -3  -2   2  -3   1   7  -4  -2  -5  -4   0  -4  -5  -4  -2  -2  -5  -4  -3    4   0   1   9   1   6  67   0   0   0   1   4   0   0   0   1   1   0   0   2  1.22 0.48
   27 A     6  -4  -4  -4  -1  -3  -3  -2  -4  -1  -3  -3  -3  -4  -3   0   2  -5  -4   1   66   0   0   0   1   0   0   1   0   3   1   0   0   0   0   4  13   0   0   8  0.95 0.43
   28 L    -4  -5  -6  -6  -4  -5  -5  -6  -5   0   6  -5   2   0  -5  -5  -4  -4  -4  -1    0   0   0   0   0   0   0   0   0   2  89   0   3   2   0   0   0   0   0   2  1.52 0.52
   29 T     1  -1  -2  -1  -2   0   2   2   0   0  -2  -2  -1  -2  -3   0   0  -1   0  -1   17   2   1   2   1   3  19  20   2   7   1   0   2   1   0   8   6   1   4   3  0.21 0.16
   30 R    -5   8  -3  -5  -2  -2  -4  -4  -4  -7  -6   0  -5  -6  -6  -3  -5  -6  -5  -6    0  93   1   0   1   0   0   2   0   0   0   2   0   0   0   1   0   0   0   0  2.35 0.74
   31 M    -3  -5  -4  -6   1  -4  -5  -6  -5  -1   4  -5   8   0  -5  -4  -1  -4  -4   0    1   0   1   0   3   0   0   0   0   0  47   0  38   2   0   0   4   0   0   4  1.25 0.49
   32 F    -5  -6  -6  -7  -5  -6  -6  -6  -5   0   3  -6   0   8  -6  -5  -5  -3  -1  -2    0   0   0   0   0   0   0   0   0   3  32   0   2  62   0   0   0   0   0   1  1.67 0.55
   33 T     1  -2  -3  -4   0  -1  -2  -3   0   2   1  -1   0  -1  -3  -1   2  -2  -1   3   10   1   0   0   2   3   2   0   2  16  11   4   1   1   0   2  15   1   2  27  0.26 0.19
   34 T     1  -4   0  -2   2  -3  -3  -1  -4   0  -2  -3   0  -4  -4   2   1  -5  -4   4    8   0   5   2   5   0   1   5   0   2   1   0   2   0   0  18   9   0   0  43  0.48 0.30
   35 Y    -4  -5  -2  -3  -2  -4  -5  -6   5  -2  -3  -5  -2   5  -6  -3  -4  -2   8  -4    1   0   2   1   1   0   0   0  13   2   1   0   1  19   0   1   1   0  57   0  1.74 0.59
   36 P    -3  -6  -6  -5  -7  -5  -3  -4  -6  -7  -7  -5  -6  -8   9  -5  -5  -8  -7  -6    1   0   0   0   0   0   2   1   0   0   0   0   0   0  96   0   0   0   0   0  3.05 0.84
   37 Q    -1  -3  -4  -4  -5   5   1  -3  -4  -5  -5  -1  -4  -4  -2   0   2   9  -2  -5    4   0   0   0   0  27   9   2   0   0   0   3   0   0   2   7  12  33   0   0  1.36 0.52
   38 T    -1  -4  -3  -4  -4  -3  -4  -5  -5  -4  -5  -2  -4  -6  -4   0   8  -6  -5  -3    4   0   0   0   0   1   0   0   0   0   0   2   0   0   0   4  90   0   0   0  1.94 0.69
   39 K    -4   1  -3  -3  -6   5  -2  -5   0  -6  -5   6  -4  -6  -4  -2  -2  -6  -4  -5    0   6   0   0   0  32   0   0   2   0   0  57   0   0   0   1   2   0   0   0  1.42 0.52
   40 T    -2   5  -3  -4  -4   0  -3  -4  -3  -2  -4  -1  -3  -5  -4   0   6  -5  -4  -2    1  34   0   0   0   4   0   0   0   3   0   1   0   0   0   6  49   0   0   2  1.03 0.44
   41 Y    -5  -5  -6  -7  -6  -5  -6  -7  -2  -4  -4  -5  -4   5  -7  -5  -5  -1   9  -4    0   0   0   0   0   0   0   0   0   0   0   0   0  20   0   0   0   0  80   0  2.57 0.67

                      K         Lambda
Standard Ungapped    0.1208     0.3112
Standard Gapped      0.0559     0.2670
PSI Ungapped         0.1827     0.3174
PSI Gapped           0.0559     0.2670
