
Last position-specific scoring matrix computed, weighted observed percentages rounded down, information per position, and relative weight of gapless real matches to pseudocounts
            A   R   N   D   C   Q   E   G   H   I   L   K   M   F   P   S   T   W   Y   V   A   R   N   D   C   Q   E   G   H   I   L   K   M   F   P   S   T   W   Y   V
    1 K    -1   3   0  -1  -4   1   0  -2  -1  -3  -3   5  -2  -3  -1  -1  -1  -3  -2  -3    0  15   0   0   0   0   0   0   0   0   0  85   0   0   0   0   0   0   0   0  0.61 0.04
    2 Y    -2  -2   2  -2  -3  -1  -2  -2   1  -2  -2  -2  -2   2  -3   0  -1   1   7  -2    0   0  18   0   0   0   0   0   0   0   0   0   0   0   0  10   0   0  72   0  0.69 0.06
    3 Y    -2  -2  -3  -4  -3  -2  -3  -4   1  -2  -2  -2  -2   3  -4  -2  -2   2   8  -2    0   0   0   0   0   0   0   0   0   0   0   0   0   0   0   0   0   0 100   0  1.20 0.08
    4 G     0  -3  -1  -2  -3  -2  -3   6  -3  -4  -4  -2  -3  -4  -3  -1  -2  -3  -4  -4    0   0   0   0   0   0   0 100   0   0   0   0   0   0   0   0   0   0   0   0  1.21 0.06
    5 N    -2  -1   7   1  -3   0  -1  -1   0  -4  -4  -1  -3  -4  -3   0   0  -4  -3  -3    0   0 100   0   0   0   0   0   0   0   0   0   0   0   0   0   0   0   0   0  0.98 0.07
    6 G     0  -3  -1  -2  -3  -2  -3   6  -3  -4  -4  -2  -3  -4  -3  -1  -2  -3  -4  -4    0   0   0   0   0   0   0 100   0   0   0   0   0   0   0   0   0   0   0   0  1.21 0.06
    7 V    -1  -3  -3  -4  -1  -3  -3  -4  -4   2   2  -3   1  -1  -3  -2  -1  -3  -2   4    0   0   0   0   0   0   0   0   0   0  22   0   0   0   0   0   0   0   0  78  0.41 0.04
    8 S    -1  -1  -1  -2  -2  -1  -1  -2   5  -2  -2  -1  -2   1  -2   1   0   0   6  -2    0   0   0   0   0   0   0   0  25   0   0   0   0   0   0  18   8   0  48   0  0.53 0.05
    9 C    -1  -4  -3  -4  10  -4  -4  -3  -4  -2  -2  -4  -2  -3  -3  -1  -1  -3  -3  -1    0   0   0   0 100   0   0   0   0   0   0   0   0   0   0   0   0   0   0   0  1.67 0.09
   10 N    -1  -1   5   0  -3  -1  -1   2   0  -3  -3  -1  -2  -3  -2   0   2  -4  -3  -3    0   0  66   0   0   0   0  15   0   0   0   0   0   0   0   0  19   0   0   0  0.58 0.05
   11 K    -1   1   2  -1  -3   2   1  -1  -1  -3  -3   4  -2  -3  -1   1   0  -3  -2  -3    0   0  10   0   0  11   0   0   0   0   0  63   0   0   0  16   0   0   0   0  0.44 0.04
   12 K    -1   1   1   0  -3   1   2  -2   3  -3  -3   3  -2  -3  -1   2   0  -3  -1  -3    0   0   7   0   0   0  11   0  15   0   0  45   0   0   0  21   0   0   0   0  0.35 0.03
   13 G     0   1   0  -1  -3   0   0   3  -1  -3  -3   3  -2  -3  -2   1  -1  -3  -3  -3    0   0   0   0   0   0   0  37   0   0   0  48   0   0   0  15   0   0   0   0  0.44 0.04
   14 C    -1  -4  -3  -4  10  -4  -4  -3  -4  -2  -2  -4  -2  -3  -3  -1  -1  -3  -3  -1    0   0   0   0 100   0   0   0   0   0   0   0   0   0   0   0   0   0   0   0  1.67 0.09
   15 S    -1  -2  -1  -2  -2  -1  -2  -2  -2  -3  -2  -2  -2  -1  -2   2   1   9   1  -2    0   0   0   0   0   0   0   0   0   0   0   0   0   0   0  38  14  48   0   0  1.06 0.06
   16 V    -1  -3  -3  -4  -1  -3  -3  -4  -4   2   1  -3   0  -1  -3  -2   0  -3  -2   5    0   0   0   0   0   0   0   0   0   0   0   0   0   0   0   0   0   0   0 100  0.52 0.06
   17 D    -2  -2   4   6  -4  -1   1  -1  -1  -4  -4  -1  -3  -4  -2   0  -1  -5  -3  -4    0   0  32  68   0   0   0   0   0   0   0   0   0   0   0   0   0   0   0   0  0.85 0.05
   18 W    -3  -3  -5  -5  -3  -3  -4  -3  -3  -3  -2  -4  -2   0  -4  -4  -3  12   2  -4    0   0   0   0   0   0   0   0   0   0   0   0   0   0   0   0   0 100   0   0  2.80 0.11
   19 G     0  -2   2  -1  -3  -1  -2   5  -2  -4  -4  -1  -3  -3  -2   1  -1  -3  -3  -3    0   0  11   0   0   0   0  71   0   0   0   0   0   0   0  17   0   0   0   0  0.77 0.04
   20 K    -1   1   0   0  -3   3   3  -2   0  -3  -2   3  -1  -2  -1   0   1  -2   1  -2    0   0   0   0   0  19  32   0   0   0   0  27   0   0   0   0  15   0   8   0  0.36 0.03
   21 A     5  -2  -2  -2  -1  -1  -1   0  -2  -2  -2  -1  -1  -3  -1   1   1  -3  -2   0   89   0   0   0   0   0   0   0   0   0   0   0   0   0   0   0  11   0   0   0  0.48 0.05
   22 I     1   0  -2  -2  -2   1  -1  -2  -2   1   0   1   0   1  -2  -1   0   4   0   0   18   0   0   0   0   8   0   0   0  25   0  22   0  11   0   0   8   8   0   0  0.11 0.02
   23 G     0  -2   0  -1  -2  -1   0   4  -2  -3  -3  -1  -2  -3  -2   1   2  -3  -3  -2    0   0   0   0   0   0  10  52   0   0   0   0   0   0   0  11  27   0   0   0  0.50 0.03
   24 I     0  -2   3  -1   4  -1   0   0  -1   1  -1  -1  -1  -2  -2   0   1  -3  -2   0   11   0  25   0  17   0  11   8   0  18   0   0   0   0   0   0  11   0   0   0  0.16 0.02
   25 I    -1  -3  -3  -3  -1  -3  -3  -3  -3   5   1  -3   1   0  -3  -2  -1  -3  -1   2    1   1   0   1   0   0   1   1   0  90   1   1   0   0   1   1   1   0   0   1  0.42 0.05
   26 G     1  -2  -1  -1  -1  -1  -2   4  -2   0  -1  -1  -1  -2  -1   0  -1  -2  -2   0   19   1   1   1   0   1   1  45   0   9   2   1   0   1   1   1   1   0   1  12  0.29 0.02
   27 N    -1   0   5   0  -2   1   0   1   0  -3  -3   1  -2  -3  -1   0   0  -3  -2  -2    2   1  52   1   0   9   1  12   0   1   2  12   0   1   1   1   1   0   1   1  0.37 0.03
   28 N    -1  -1   5   2  -2  -1  -1  -1   0   1  -1  -1  -1  -2  -2   0   1  -3  -2   0    1   1  52   9   0   0   1   1   0  22   1   1   0   0   1   1   8   0   0   1  0.30 0.03
   29 S     2  -2  -1  -2  -1  -1  -2   2  -2   1  -1  -1  -1  -2  -2   2   0  -3  -2   2   19   0   0   0   0   0   0  20   0  11   0   0   0   0   0  24   0   0   0  26  0.17 0.02
   30 A     2  -3  -3  -3  -1  -2  -2  -2  -3   3   0  -2   0  -1  -2  -1   0  -3  -2   3   33   0   0   0   0   0   0   0   0  21   0   0   0   0   0   0   0   0   0  46  0.26 0.03
   31 A     2  -1   1  -1  -1  -1  -1  -1   2   0   0  -1   3  -1  -2   1   0  -2  -1   0   25   0  11   0   0   0   0   0  11   8   0   0  27   0   0  10   0   0   0   0  0.09 0.03
   32 N     0   1   4   0  -3  -1  -1   4  -1  -4  -4   0  -2  -3  -2   0  -1  -3  -3  -3    8  11  43   0   0   0   0  38   0   0   0   0   0   0   0   0   0   0   0   0  0.51 0.04
   33 L    -2  -2  -3  -3  -2   0  -2   2  -2  -1   1  -2   0   0  -3  -2  -2   9   0  -2    0   0   0   0   0   8   0  18   0   0  29   0   0   0   0   0   0  45   0   0  0.90 0.05
   34 A     2  -2  -2  -3  -1  -2  -2  -1  -2   0   2  -2   0  -1  -2   0   1  -3  -2   1   42   0   0   0   0   0   0   0   0   0  34   0   0   0   0   0  13   0   0  11  0.19 0.03
   35 T     0  -1   3  -1  -2  -1  -1   2  -1  -2  -2  -1  -2  -3  -2   2   4  -3  -2  -1    0   0  22   0   0   0   0  16   0   0   0   0   0   0   0  10  51   0   0   0  0.38 0.04
   36 G     0  -2  -1  -2  -3  -2  -2   6   3  -4  -4  -2  -3  -3  -3  -1  -2  -3  -2  -4    0   0   0   0   0   0   0  89  11   0   0   0   0   0   0   0   0   0   0   0  1.01 0.05
   37 G     1  -3  -1  -2  -3  -2  -2   6  -2  -4  -4  -2  -3  -3  -2   0  -2  -3  -3  -3   10   0   0   0   0   0   0  90   0   0   0   0   0   0   0   0   0   0   0   0  1.01 0.04
   38 A     0  -1   4   0  -2  -1  -1  -1   3   1  -1   0  -1  -2  -2   0  -1  -3  -1   0   15   0  45   0   0   0   0   0  10  22   0   7   0   0   0   0   0   0   0   0  0.22 0.02
   39 A     3  -2  -1  -2  -2   1  -1   2  -2  -2  -2  -1  -2  -3   4   0  -1  -3  -2  -1   52   0   0   0   0  10   0  15   0   0   0   0   0   0  22   0   0   0   0   0  0.46 0.02
   40 G     0  -3  -1  -2  -3  -2  -3   6  -2  -3  -3  -2  -2   2  -3  -1  -2  -2  -1  -3    0   0   0   0   0   0   0  85   0   0   0   0   0  15   0   0   0   0   0   0  0.86 0.03
   41 W    -3  -3   1  -3  -3  -2  -3  -2  -2  -3  -2  -3  -2   0  -4  -2  -2  11   2  -3    0   0  14   0   0   0   0   0   0   0   0   0   0   0   0   0   0  86   0   0  2.03 0.04
   42 K    -2   0   3   0  -3   1   0  -2   6  -3  -3   2  -2  -2  -2   0  -1  -3   0  -3    0   0  25   0   0   0   0   0  52   0   0  23   0   0   0   0   0   0   0   0  0.53 0.01
   43 S     1  -1   4   0  -1   0   0   0   0  -3  -3   0  -2  -3  -1   3   1  -3  -2  -2    0   0  31   0   0   0   0   0   0   0   0   0   0   0   0  69   0   0   0   0  0.42 0.00

                      K         Lambda
Standard Ungapped    0.1317     0.3113
Standard Gapped      0.0386     0.2670
PSI Ungapped         0.1261     0.3172
PSI Gapped           0.0386     0.2670
