
Last position-specific scoring matrix computed, weighted observed percentages rounded down, information per position, and relative weight of gapless real matches to pseudocounts
            A   R   N   D   C   Q   E   G   H   I   L   K   M   F   P   S   T   W   Y   V   A   R   N   D   C   Q   E   G   H   I   L   K   M   F   P   S   T   W   Y   V
    1 M    -1  -2  -2  -3  -2  -1  -2  -3  -2   1   2  -2   7   0  -3  -2  -1  -2  -1   1    0   0   0   0   0   0   0   0   0   0   0   0 100   0   0   0   0   0   0   0  0.45 0.03
    2 K    -1   2   0  -1  -3   1   1  -2  -1  -3  -3   5  -2  -3  -1   0  -1  -3  -2  -3    0   0   0   0   0   0   0   0   0   0   0 100   0   0   0   0   0   0   0   0  0.57 0.02
    3 T     2  -1  -1  -1  -1  -1  -1  -1  -2  -1  -1  -1  -1  -2  -1   1   4  -3  -2   0   29   0   0   0   0   0   0   0   0   0   0   0   0   0   0   0  71   0   0   0  0.38 0.02
    4 F    -2  -3  -3  -4  -3  -4  -4  -3  -1   0   0  -3   0   7  -4  -3  -2   1   3  -1    0   0   0   0   0   0   0   0   0   0   0   0   0 100   0   0   0   0   0   0  0.82 0.02
    5 S     1  -1   1   0  -1   0   0   0  -1  -3  -3   0  -2  -3  -1   4   1  -3  -2  -2    0   0   0   0   0   0   0   0   0   0   0   0   0   0   0 100   0   0   0   0  0.50 0.02
    6 V     0  -3  -3  -3  -1  -2  -3  -3  -3   3   1  -3   1  -1  -3  -2   0  -3  -1   4    0   0   0   0   0   0   0   0   0   0   0   0   0   0   0   0   0   0   0 100  0.39 0.02
    7 A     4  -2  -2  -2  -1  -1  -1   0  -2  -2  -2  -1  -1  -2  -1   1   0  -3  -2   0  100   0   0   0   0   0   0   0   0   0   0   0   0   0   0   0   0   0   0   0  0.44 0.02
    8 V     0  -3  -3  -3  -1  -2  -3  -3  -3   3   1  -3   1  -1  -3  -2   0  -3  -1   4    0   0   0   0   0   0   0   0   0   0   0   0   0   0   0   0   0   0   0 100  0.39 0.02
    9 A     4  -2  -2  -2  -1  -1  -1  -1  -2   0  -1  -1   0  -2  -1   1   0  -3  -2   2   71   0   0   0   0   0   0   0   0   0   0   0   0   0   0   0   0   0   0  29  0.27 0.01
   10 V    -1  -3  -3  -4  -1  -2  -3  -4  -3   2   2  -3   1  -1  -3  -2   0  -3  -1   4    0   0   0   0   0   0   0   0   0   0  29   0   0   0   0   0   0   0   0  71  0.33 0.01
   11 A     4  -2  -2  -2  -1  -1  -1  -1  -2   0  -1  -1   0  -2  -1   1   0  -3  -2   2   71   0   0   0   0   0   0   0   0   0   0   0   0   0   0   0   0   0   0  29  0.27 0.01
   12 I    -1  -3  -3  -3  -1  -3  -3  -4  -3   4   1  -3   1  -1  -3  -2   0  -3  -1   4    0   0   0   0   0   0   0   0   0  54   0   0   0   0   0   0   0   0   0  46  0.37 0.01
   13 V     2  -2  -3  -3  -1  -2  -2  -2  -3   2   0  -2   0  -1  -2  -1   0  -3  -2   3   29   0   0   0   0   0   0   0   0   0   0   0   0   0   0   0   0   0   0  71  0.25 0.01
   14 L    -1  -3  -3  -4   6  -3  -3  -4  -3   1   3  -3   1   0  -3  -2  -1  -2  -2   0    0   0   0   0  29   0   0   0   0   0  71   0   0   0   0   0   0   0   0   0  0.46 0.01
   15 A     4  -2  -2  -2  -1  -1  -1  -1  -2   0   0  -1   3  -2  -1   1   0  -2  -2   0   71   0   0   0   0   0   0   0   0   0   0   0  29   0   0   0   0   0   0   0  0.27 0.02
   16 F    -2  -3  -3  -4  -3  -4  -4  -3  -1   0   0  -3   0   7  -4  -3  -2   1   3  -1    0   0   0   0   0   0   0   0   0   0   0   0   0 100   0   0   0   0   0   0  0.82 0.02
   17 I    -2  -3  -4  -3  -1  -3  -4  -4  -4   5   2  -3   1   0  -3  -3  -1  -3  -2   3    0   0   0   0   0   0   0   0   0 100   0   0   0   0   0   0   0   0   0   0  0.44 0.02
   18 C    -1  -3  -3  -4   8  -3  -4  -3  -3   0   1  -3   0  -1  -3  -1  -1  -2  -2   0    0   0   0   0  71   0   0   0   0   0  29   0   0   0   0   0   0   0   0   0  0.84 0.02
   19 T    -1  -1  -1  -2  -1  -1  -1  -2  -2   1   2  -1   1   0  -1   0   2  -1  -1   0    2   1   1   2   1   1   2   2   1   1  48   2   1   1   2   2  27   0   1   2  0.13 0.00
   20 Q    -1   1   0   0  -2   5   2  -1   0  -2  -2   1   0  -2  -1   0  -1  -1  -1  -2    2   1   1   2   1  72   2   2   1   1   3   2   1   1   2   2   2   0   1   2  0.41 0.01
   21 E    -1   0   0   2  -4   2   5  -2   0  -4  -3   1  -2  -4  -1   0  -1  -3  -2  -3    0   0   0   0   0   0 100   0   0   0   0   0   0   0   0   0   0   0   0   0  0.78 0.02
   22 S     1  -1   1   0  -1   0   0   0  -1  -3  -3   0  -2  -3  -1   4   1  -3  -2  -2    0   0   0   0   0   0   0   0   0   0   0   0   0   0   0 100   0   0   0   0  0.50 0.02
   23 S     1  -1   0  -1  -1   0   0  -1  -1  -2  -2   0  -1  -3  -1   4   3  -3  -2  -1    0   0   0   0   0   0   0   0   0   0   0   0   0   0   0  71  29   0   0   0  0.42 0.02
   24 A     4  -2  -2  -2  -1  -1  -1   0  -2  -2  -2  -1  -1  -2  -1   1   0  -3  -2   0  100   0   0   0   0   0   0   0   0   0   0   0   0   0   0   0   0   0   0   0  0.44 0.02
   25 L    -1  -3  -3  -4  -1  -2  -3  -4  -3   2   2  -3   1  -1  -3  -2   0  -3  -1   4    0   0   0   0   0   0   0   0   0   0  25   0   0   0   0   0   0   0   0  75  0.34 0.01
   26 P    -1  -2  -2  -2  -3  -2  -1  -2  -2  -3  -3  -1  -3  -4   8  -1  -1  -4  -3  -3    0   0   0   0   0   0   0   0   0   0   0   0   0   0 100   0   0   0   0   0  2.09 0.03
   27 V     1  -2  -3  -3  -1  -2  -2  -2  -2   1   0  -2   0   3  -2  -1  -1  -1   1   3   24   0   0   0   0   0   0   0   0   0   0   0   0  29   0   0   0   0   0  47  0.20 0.01
   28 T     0  -1   3   0  -1   0  -1  -1  -1  -2  -2   0  -1  -3  -1   2   3  -3  -2  -1    0   0  24   0   0   0   0   0   0   0   0   0   0   0   0  29  47   0   0   0  0.37 0.01
   29 G    -1  -1   0   1  -4   1   5   2  -1  -4  -3   0  -2  -3  -2   0  -1  -3  -2  -3    0   0   0   0   0   0  75  25   0   0   0   0   0   0   0   0   0   0   0   0  0.57 0.02
   30 V     0  -2  -2  -1  -1  -1   2  -3  -2   2   0  -1   0  -1  -2  -1   0  -3  -2   4    0   0   0   0   0   0  24   0   0   0   0   0   0   0   0   0   0   0   0  76  0.23 0.01
   31 E    -1   3   0   0  -4   4   3  -2   0  -3  -3   1  -1  -3  -2   0  -1  -3  -2  -3    0  29   0   0   0  46  25   0   0   0   0   0   0   0   0   0   0   0   0   0  0.54 0.01
   32 E    -1   0   0   1  -3   1   5  -2  -1  -2  -3   0  -2  -3  -1   0   2  -3  -2  -2    0   0   0   0   0   0  71   0   0   0   0   0   0   0   0   0  29   0   0   0  0.51 0.02
   33 L    -1  -1  -2  -2  -1  -1  -2  -2  -2   1   3  -2   2   0  -2  -2  -1  -1  -1   1    2   1   1   2   1   1   2   2   1   1  73   2   1   1   2   2   2   0   1   2  0.22 0.01
   34 V    -1  -1  -1   1  -3   1   5  -3  -1  -1  -2   0  -1  -3  -2  -1  -1  -3  -2   1    0   0   0   0   0   0  75   0   0   0   0   0   0   0   0   0   0   0   0  25  0.43 0.02
   35 E    -1   0   0   1  -4   3   5  -2   0  -3  -3   1  -2  -4  -1   0  -1  -3  -2  -3    0   0   0   0   0  24  76   0   0   0   0   0   0   0   0   0   0   0   0   0  0.68 0.02
   36 L    -1  -1  -2  -2  -2   2  -1  -3  -2   1   1  -1   0  -1   4  -1  -1  -3  -2   2    0   0   0   0   0  24   0   0   0   0  25   0   0   0  22   0   0   0   0  29  0.28 0.01
   37 V    -1  -2  -2  -3  -2  -2  -3   3  -3   2   1  -2   3  -1  -3  -1  -1  -3  -2   2    0   0   0   0   0   0   0  29   0  24   0   0  22   0   0   0   0   0   0  25  0.21 0.01
   38 S     1  -1   0  -1  -1   0  -1  -1   0  -2  -2  -1  -2   0  -1   4   1  -1   3  -2    0   0   0   0   0   0   0   0   0   0   0   0   0   0   0  76   0   0  24   0  0.36 0.02
   39 S    -1  -2   2  -1  -2  -1  -2  -2  -1  -1  -1  -2  -1   5  -3   1   0   0   2  -2    0   0  22   0   0   0   0   0   0   0   0   0   0  53   0  25   0   0   0   0  0.30 0.01
   40 D     1  -1   1   5  -2   0   1  -1  -1  -2  -2  -1  -2  -2  -1   0  -1  -3  -2  -2   26   1   1  55   0   1   1   2   0   1   2   1   0   1   1   2   1   0   1   1  0.38 0.01
   41 D     0  -1   1   4  -2   0   1  -1  -1  -2  -2   0  -2  -2  -1   2   0  -3  -2  -2    2   1   1  50   0   1   1   2   0   1   2   1   0   1   1  31   1   0   1   1  0.40 0.01
   42 P    -1  -2  -2  -1  -2  -1  -1  -2  -2  -2  -2  -1  -2  -3   7  -1  -1  -3  -2  -2    2   1   1   1   0   1   1   2   0   1   2   1   0   1  80   2   1   0   1   1  1.46 0.01
   43 V     0  -1  -1  -1  -1  -1  -1  -1  -1   2   0  -1   0  -1  -1  -1   0  -1  -1   3    4   2   2   2   1   2   3   3   1   2   4   3   1   2   2   3   3   1   1  57  0.09 0.00
   44 A     2  -1   0  -1  -1  -1  -1   3  -1  -1  -1  -1  -1  -1   0   0   0  -1  -1  -1   29   2   2   2   1   2   3  33   1   2   4   3   1   2   2   3   3   1   1   3  0.20 0.00
   45 D    -1   0   0   3  -3   1   4  -1   0  -2  -2   0  -2  -2  -1   0  -1  -2  -2  -2    2   1   1  26   0   1  52   2   1   1   2   1   1   1   1   2   1   0   1   2  0.44 0.01
   46 H    -1  -1   0  -1  -2   0   0  -2   7  -2  -2  -1  -1   0  -2  -1  -1   0   4  -2    2   1   1   1   0   1   2   2  55   1   2   1   1   1   1   2   1   0  22   2  0.46 0.01
   47 Q    -1   1   0   0  -2   5   2  -1   0  -2  -2   1   0  -2  -1   0  -1  -2  -1  -2    2   1   1   1   0  77   2   2   1   1   2   1   1   1   1   2   1   0   1   2  0.46 0.01
   48 E    -1   0   0   1  -4   4   5  -2   0  -3  -3   1  -2  -4  -1   0  -1  -3  -2  -3    0   0   0   0   0  29  71   0   0   0   0   0   0   0   0   0   0   0   0   0  0.66 0.02
   49 L    -1  -2  -3  -3  -2  -1  -2  -3  -2   1   2  -2   4  -1   4  -2  -1  -2  -2   0    0   0   0   0   0   0   0   0   0   0  25   0  46   0  29   0   0   0   0   0  0.48 0.01
   50 P    -1  -2  -2  -2  -3  -2  -2   3  -2  -3  -3  -1  -3  -4   7  -1  -1  -4  -3  -3    0   0   0   0   0   0   0  29   0   0   0   0   0   0  71   0   0   0   0   0  1.40 0.02
   51 V     0  -3  -2  -3  -1  -2  -3   3  -3   2   0  -2   0  -2  -3  -1  -1  -3  -2   3    0   0   0   0   0   0   0  29   0   0   0   0   0   0   0   0   0   0   0  71  0.26 0.01
   52 E    -1   0   0   2  -4   2   5  -2   0  -4  -3   1  -2  -4  -1   0  -1  -3  -2  -3    0   0   0   0   0   0 100   0   0   0   0   0   0   0   0   0   0   0   0   0  0.78 0.02
   53 L     1  -1   0  -1  -1  -1  -1  -1  -1  -1   1  -1   0  -2  -1   4   1  -3  -2  -1    0   0   0   0   0   0   0   0   0   0  25   0   0   0   0  75   0   0   0   0  0.26 0.01
   54 G    -1  -3  -2  -3   5  -2  -3   2  -2  -1   0  -2   3  -1  -3  -1  -1   7  -1  -1    0   0   0   0  24   0   0  25   0   0   0   0  29   0   0   0   0  22   0   0  0.50 0.01
   55 E    -1   1   0   0  -3   1   3  -2   5  -3  -3   3  -2  -3  -1   0  -1  -3   0  -3    0   0   0   0   0   0  25   0  29   0   0  46   0   0   0   0   0   0   0   0  0.44 0.01
   56 R    -1   2  -2  -3  -2   0  -2  -3  -2   1   2   0   4   0  -3  -2  -1  -2  -1   0    0  25   0   0   0   0   0   0   0   0  29   0  46   0   0   0   0   0   0   0  0.26 0.01
   57 L    -1  -2  -3  -2  -3  -2  -2  -3  -3  -1   1  -2  -1  -2   7  -1  -1  -3  -3  -1    0   0   0   0   0   0   0   0   0   0  25   0   0   0  75   0   0   0   0   0  1.35 0.02
   58 F    -2  -2  -2  -1  -3   0   2  -3   1  -2  -1  -1  -1   4  -3  -1  -2   1   5  -2    0   0   0   0   0   0  29   0   0   0   0   0   0  25   0   0   0   0  46   0  0.47 0.01
   59 N    -2  -1   4   0  -3  -1  -1  -2   0  -3  -3  -1  -2   0   4   0  -1  -1   3  -2    0   0  47   0   0   0   0   0   0   0   0   0   0   0  29   0   0   0  24   0  0.59 0.01
   60 I    -2  -2   2  -2  -2  -2  -2  -3  -1   2   1  -2   3   3  -3  -1  -1  -1   1   1    0   0  22   0   0   0   0   0   0  25   0   0  24  29   0   0   0   0   0   0  0.18 0.01
   61 R    -2   6  -1  -2  -4   1   0  -3   0  -3  -2   2  -2  -3  -2  -1  -1  -3  -2  -3    0 100   0   0   0   0   0   0   0   0   0   0   0   0   0   0   0   0   0   0  0.81 0.02
   62 K    -1   0  -1  -1  -3   1   2  -2   4  -2  -2   2  -1   3  -2  -1  -1  -1   1  -2    0   0   0   0   0   0  24   0  22   0   0  25   0  29   0   0   0   0   0   0  0.27 0.01
   63 K    -1   2   3   0  -3   1   1  -1   0  -3  -3   4  -2  -3  -1   0  -1  -3  -2  -3    0   0  24   0   0   0   0   0   0   0   0  76   0   0   0   0   0   0   0   0  0.46 0.02
   64 R    -2   6  -1  -2  -4   1   0  -3   0  -3  -2   2  -2  -3  -2  -1  -1  -3  -2  -3    0 100   0   0   0   0   0   0   0   0   0   0   0   0   0   0   0   0   0   0  0.81 0.02
   65 A     2   0   0  -1  -1   3   0  -1  -1  -2  -2   0  -1  -3  -1   3   1  -3  -2  -1   25   0   0   0   0  29   0   0   0   0   0   0   0   0   0  46   0   0   0   0  0.33 0.01
   66 S     0  -1   0  -1  -2   0   0  -1   5  -3  -3  -1  -2  -2   4   3   0  -3   0  -2    0   0   0   0   0   0   0   0  29   0   0   0   0   0  24  47   0   0   0   0  0.52 0.01
   67 P     1  -2  -2  -2  -2  -2  -2  -2  -2  -1   1  -1   0  -2   6  -1  -1  -3  -2  -1   24   0   0   0   0   0   0   0   0   0  29   0   0   0  47   0   0   0   0   0  0.71 0.01
   68 K     0   3   0  -1  -2   0   0   2  -1  -3  -3   2  -2  -3  -2   2   0  -3  -2  -2    0  24   0   0   0   0   0  22   0   0   0  25   0   0   0  29   0   0   0   0  0.33 0.01
   69 C    -1  -3  -2  -3   7  -3  -3   2  -3   0   1  -3   0  -2  -3  -1  -1  -2  -2  -1    0   0   0   0  49   0   0  22   0   0  29   0   0   0   0   0   0   0   0   0  0.52 0.01
   70 T    -1   2  -1  -2   7  -1  -2  -2  -2  -2  -2   0  -1  -3  -2   0   2  -3  -2  -1    0  24   0   0  51   0   0   0   0   0   0   0   0   0   0   0  25   0   0   0  0.55 0.02
   71 P    -1   2  -1  -2  -3  -1  -2   3  -2  -2  -2   0  -2   3   4  -1  -2  -2   0  -2    0  22   0   0   0   0   0  29   0   0   0   0   0  24  25   0   0   0   0   0  0.42 0.01
   72 Y    -2  -3  -3  -4   5  -3  -3  -3  -1   0   2  -3   0   3  -3  -2  -2   0   4   0    0   0   0   0  24   0   0   0   0   0  29   0   0  22   0   0   0   0  25   0  0.40 0.01
   73 C    -1  -4  -3  -4  10  -3  -4  -3  -3  -1  -2  -3  -2  -3  -3  -1  -1  -3  -3  -1    0   0   0   0 100   0   0   0   0   0   0   0   0   0   0   0   0   0   0   0  1.35 0.03
   74 Y    -1   2  -2  -3   7  -1  -2  -3  -1  -2  -2  -1  -1   0  -3  -1  -1  -1   3  -1    0  24   0   0  51   0   0   0   0   0   0   0   0   0   0   0   0   0  25   0  0.57 0.02
   75 P    -1  -2   3  -1   5  -1  -1  -2  -1  -3  -3  -1  -2  -3   6   0  -1  -4  -3  -2    0   0  29   0  24   0   0   0   0   0   0   0   0   0  47   0   0   0   0   0  0.89 0.01
   76 T    -1  -2   2  -1   8  -2  -2  -2  -2  -2  -2  -2  -2  -3  -2   0   2  -3  -2  -1    0   0  22   0  53   0   0   0   0   0   0   0   0   0   0   0  25   0   0   0  0.59 0.02
   77 R    -1   2  -2  -3   6  -1  -2  -3  -2  -1  -1   0   2  -2   4  -1  -1  -3  -2  -1    0  25   0   0  29   0   0   0   0   0   0   0  22   0  24   0   0   0   0   0  0.47 0.01
   78 D    -1   3   1   3  -3   0   0  -2   5  -3  -3   0  -2  -3  -2   1  -1  -3   0  -3    0  24   0  25   0   0   0   0  29   0   0   0   0   0   0  22   0   0   0   0  0.37 0.01
   79 G    -1  -2   3  -1  -2  -1  -2   4  -1  -2  -1  -1   2  -2  -2   0  -1  -3  -2  -2    0   0  29   0   0   0   0  47   0   0   0   0  24   0   0   0   0   0   0   0  0.39 0.01
   80 V    -1   2  -2  -2  -1  -1  -1  -2  -2   2   0   0   0  -1  -2  -1   0  -2  -1   2    2  25   1   1   0   1   1   2   0  30   2   1   0   1   1   2   1   0   1  26  0.11 0.00
   81 F     0  -2  -1  -1  -2  -2  -2   4  -1  -2  -1  -2  -1   3  -2  -1  -1  -1   0  -2    2   1   1   1   0   1   1  55   0   1   2   1   0  26   1   2   1   0   1   1  0.39 0.01
   82 C    -1  -4  -3  -4  10  -3  -4  -3  -3  -1  -2  -3  -2  -3  -3  -1  -1  -3  -3  -1    0   0   0   0 100   0   0   0   0   0   0   0   0   0   0   0   0   0   0   0  1.35 0.03
   83 G     0  -3  -1  -2  -3  -2  -2   6  -2  -4  -4  -2  -3  -3  -2   0  -2  -3  -3  -3    0   0   0   0   0   0   0 100   0   0   0   0   0   0   0   0   0   0   0   0  1.08 0.02
   84 V    -1  -3  -3  -4  -1  -3  -3  -4  -3   3   1  -3   1   3  -3  -2  -1  -1   1   3    0   0   0   0   0   0   0   0   0  24   0   0   0  29   0   0   0   0   0  47  0.31 0.01
   85 R    -1   2  -2  -3   9  -2  -3  -3  -2  -2  -2  -1  -2  -3  -3  -1  -1  -3  -3  -1    0  25   0   0  75   0   0   0   0   0   0   0   0   0   0   0   0   0   0   0  0.88 0.02
   86 C    -1  -4  -3  -4  10  -3  -4  -3  -3  -1  -2  -3  -2  -3  -3  -1  -1  -3  -3  -1    0   0   0   0 100   0   0   0   0   0   0   0   0   0   0   0   0   0   0   0  1.35 0.03
   87 D    -1   4   0   3  -4   1   1  -2  -1  -3  -3   3  -2  -3  -2  -1  -1  -3  -2  -3    0  46   0  25   0   0   0   0   0   0   0  29   0   0   0   0   0   0   0   0  0.49 0.01
   88 F    -2  -3  -3  -4  -3  -4  -4  -3  -1   0   0  -3   0   7  -4  -3  -2   1   3  -1    0   0   0   0   0   0   0   0   0   0   0   0   0 100   0   0   0   0   0   0  0.82 0.02

                      K         Lambda
Standard Ungapped    0.1376     0.3232
Standard Gapped      0.0397     0.2670
PSI Ungapped         0.1297     0.3182
PSI Gapped           0.0397     0.2670
