
Last position-specific scoring matrix computed, weighted observed percentages rounded down, information per position, and relative weight of gapless real matches to pseudocounts
            A   R   N   D   C   Q   E   G   H   I   L   K   M   F   P   S   T   W   Y   V   A   R   N   D   C   Q   E   G   H   I   L   K   M   F   P   S   T   W   Y   V
    1 V     0  -3  -3  -3  -1  -2  -3  -3  -3   3   1  -2   1  -1  -3  -2   0  -3  -1   4    0   0   0   0   0   0   0   0   0   0   0   0   0   0   0   0   0   0   0 100  0.35 0.00
    2 K    -1   2  -1  -1  -4   5   2  -2  -1  -3  -3   4  -1  -4  -2  -1  -1  -3  -2  -3    0   5   0   0   0  49  11   0   0   0   0  36   0   0   0   0   0   0   0   0  0.67 0.09
    3 S     0  -2   0  -1  -2  -1  -1  -1  -2  -4  -4  -1  -3  -4  -2   6   0  -4  -3  -3    0   0   0   0   0   0   0   0   0   0   0   0   0   0   0 100   0   0   0   0  0.99 0.19
    4 G    -1  -1   3  -1  -3   1  -1   2   7  -3  -2  -1  -2  -3  -3  -1  -2  -3   0  -3    4   0  16   0   0   6   0  23  45   0   6   0   0   0   0   0   0   0   0   0  0.63 0.12
    5 H    -2   4   1   0  -4   0   0  -1   3  -3  -2   3  -2  -3  -2  -1   0  -3  -2  -3    0  39   5   6   0   0   0   3  11   0   3  24   0   0   0   0   8   0   0   0  0.44 0.08
    6 Y    -3  -4  -4  -5  -3  -4  -4  -4  -1  -1  -1  -4  -1   7  -5  -3  -3   4   4  -2    0   0   0   0   0   0   0   0   0   0   0   0   0  77   0   0   0   6  17   0  1.27 0.16
    7 K    -2   2   1  -1  -4   0   0  -2   2  -4  -4   5  -2  -4   1  -1  -2  -4  -2  -3    0   6   7   0   0   0   0   0   8   0   0  72   0   0   8   0   0   0   0   0  0.73 0.14
    8 G    -1  -3  -1  -2  -4  -3  -3   6  -3  -5  -5  -3  -4  -3  -3  -1  -3  -3   0  -4    0   0   0   0   0   0   0  95   0   0   0   0   0   0   0   0   0   0   5   0  1.43 0.17
    9 P     1  -2  -2  -3  -2  -2  -2  -2   1   0   0  -1   2  -1   5  -1   0  -2   1  -1   15   0   0   0   0   0   0   0   6   8   7   3  13   0  33   0   8   0   7   0  0.47 0.08
   10 C    -2  -5  -4  -5  11  -4  -5  -4  -5  -3  -3  -5  -3  -4  -4  -2  -2  -4  -4  -2    0   0   0   0 100   0   0   0   0   0   0   0   0   0   0   0   0   0   0   0  2.51 0.27
   11 Y    -2  -3  -3  -4  -2  -3  -3  -4  -2   2   2  -3   0   3  -3  -2   1   4   2   2    0   0   0   0   0   0   0   0   0   8  21   0   0  19   0   0  10   7   7  28  0.34 0.07
   12 H     0   1   2   1  -2  -1  -1  -1   3  -3  -3   0  -2  -3  -2   3   2  -4  -2  -2    0   6   9   7   0   0   0   3   9   0   0   4   0   0   0  48  13   0   0   0  0.38 0.09
   13 D    -1  -1   3   5  -3   0   1  -2  -1  -4  -4   1  -3  -3  -2   1   0   2  -3  -3    3   0  15  44   0   0   6   0   0   0   0  11   0   0   0  14   3   4   0   0  0.55 0.09
   14 E    -1   1   0   0  -2   0   2  -2   4  -3  -3   0  -2  -3   1   2   3  -3  -1  -2    0   9   4   3   0   0  14   0  16   0   0   0   0   0   8  17  29   0   0   0  0.35 0.08
   15 N    -2  -2   6   1  -4  -1  -1   0   2  -4  -4  -1  -3  -4   1   0   1  -4  -3  -4    0   0  70   5   0   0   0   6   5   0   0   0   0   0   8   0   7   0   0   0  0.85 0.15
   16 C    -2  -5  -4  -5  11  -4  -5  -4  -5  -3  -3  -5  -3  -4  -4  -2  -2  -4  -4  -2    0   0   0   0 100   0   0   0   0   0   0   0   0   0   0   0   0   0   0   0  2.51 0.27
   17 N     3   2   1   0  -2  -1   0   1  -2  -3  -3   1  -2  -3  -2   1  -1  -3  -3  -2   46  20   7   6   0   0   3   7   0   0   0   7   0   0   0   5   0   0   0   0  0.31 0.08
   18 G    -1   1   4   0  -3   1  -1   0  -1  -1  -2   1  -2  -3  -2   2   1  -4  -2  -2    0   7  35   0   0   4   0   7   0   5   3  13   0   0   0  18   8   0   0   0  0.32 0.08
   19 V     0  -3  -4  -4  -2  -3  -3  -4  -4   2   0  -3   0  -2  -3  -2  -1  -4  -2   6    8   0   0   0   0   0   0   0   0   0   0   0   0   0   0   0   0   0   0  92  0.80 0.17
   20 C    -2  -5  -4  -5  11  -4  -5  -4  -5  -3  -3  -5  -3  -4  -4  -2  -2  -4  -4  -2    0   0   0   0 100   0   0   0   0   0   0   0   0   0   0   0   0   0   0   0  2.51 0.27
   21 R    -2   4  -1  -2  -3   2   0  -3   4   0  -2   1  -1  -3  -3  -1   0  -3  -1  -2    0  40   0   0   0  13   3   0  19  12   0   7   0   0   0   0   6   0   0   0  0.47 0.10
   22 D    -1   1   3   1  -2  -1   1   0  -1  -3  -3  -1  -2  -3  -2   2   3  -4  -3  -2    0  10  18   7   0   0   7   5   0   0   0   0   0   0   0  15  38   0   0   0  0.37 0.09
   23 E    -2  -1  -1   0  -5   1   7  -3  -1  -5  -4   0  -3  -5  -2  -1  -2  -4  -3  -4    0   0   0   0   0   0 100   0   0   0   0   0   0   0   0   0   0   0   0   0  1.35 0.21
   24 G    -1   0   1  -2  -3  -2  -2   6  -2  -4  -4   0  -3  -4  -3   0  -2  -4  -4  -4    0   5   6   0   0   0   0  77   0   0   0   8   0   0   0   4   0   0   0   0  1.00 0.13
   25 Y    -3   0  -4  -4  -4  -3  -4  -4  -2  -1  -1  -3  -1   7  -5  -3  -3   0   4  -2    0   7   0   0   0   0   0   0   0   0   0   0   0  81   0   0   0   0  11   0  1.21 0.18
   26 K     0  -1   0  -2  -2  -1  -1  -1  -2  -1  -2   1  -2  -3   4   2   2  -4  -3   0    0   0   3   0   0   0   0   3   0   3   0  11   0   0  25  26  21   0   0   8  0.43 0.08
   27 S     0   1   0   3  -3  -1  -1   3  -2  -3  -3  -1  -3  -4  -2   1   0  -4  -3  -3    7  12   0  26   0   0   0  35   0   0   0   0   0   0   0  14   7   0   0   0  0.44 0.08
   28 G    -1  -3  -1  -2  -4  -3  -3   7  -3  -5  -5  -3  -4  -4  -3  -1  -3  -4  -4  -4    0   0   0   0   0   0   0 100   0   0   0   0   0   0   0   0   0   0   0   0  1.57 0.18
   29 H    -1   1   2   2  -3   1   1  -2   5  -4  -3   2  -2  -3  -2   1  -1  -4  -1  -3    0   9  12  16   0   6   4   0  25   0   0  18   0   0   0  12   0   0   0   0  0.43 0.08
   30 C    -2  -5  -4  -5  11  -4  -5  -4  -5  -3  -3  -5  -3  -4  -4  -2  -2  -4  -4  -2    0   0   0   0 100   0   0   0   0   0   0   0   0   0   0   0   0   0   0   0  2.51 0.27
   31 S    -1   3   2   0  -3   0  -1  -2   5  -1  -2   1  -2  -3  -2   2  -1  -3  -1  -1    0  22  12   3   0   0   0   0  23   5   0   7   0   0   0  22   0   0   0   7  0.33 0.08
   32 R     0   0  -1  -2  -3   0  -2   5  -2  -2  -3   0  -2  -4   1  -1  -2  -3  -3  -2    3   7   0   0   0   6   0  62   0   3   0   8   0   0   7   0   0   0   0   3  0.64 0.10
   33 W    -1  -3  -3  -3  -2  -3  -3  -3  -2   1   2  -3   0   5  -3  -2  -1   4   1   1    7   0   0   0   0   0   0   1   0   6  20   0   0  42   0   1   4   7   0  11  0.41 0.08
   34 G    -1   4  -1  -2  -3   1   1   0   1  -2   0   0  -1  -2  -2   1   0  -3  -2  -2    0  40   0   0   0   4  10  10   5   0  16   0   0   0   0  11   4   0   0   0  0.28 0.08
   35 G    -2   6  -2  -3  -4   0  -1   0  -2  -3   0   1  -2  -3  -3  -2  -2  -4  -3  -3    0  79   0   0   0   0   0   9   0   0  12   0   0   0   0   0   0   0   0   0  0.89 0.16
   36 A     0   5  -1  -2  -4   1   0  -3   1  -4  -3   4  -2  -4  -2  -1  -2  -4  -2  -3    7  56   0   0   0   5   0   0   4   0   0  29   0   0   0   0   0   0   0   0  0.77 0.13
   37 C    -2  -5  -4  -5  11  -4  -5  -4  -5  -3  -3  -5  -3  -4  -4  -2  -2  -4  -4  -2    0   0   0   0 100   0   0   0   0   0   0   0   0   0   0   0   0   0   0   0  2.51 0.27
   38 W    -3  -3  -3  -4  -3  -3  -3  -4   1   1   1  -3   1   5  -4  -3  -2   6   5  -1    0   0   0   0   0   0   0   0   4  10  10   0   5  33   0   0   0  14  23   0  0.72 0.11
   39 C    -2  -5  -4  -5  11  -4  -5  -4  -5  -3  -3  -5  -3  -4  -4  -2  -2  -4  -4  -2    0   0   0   0 100   0   0   0   0   0   0   0   0   0   0   0   0   0   0   0  2.51 0.27
   40 D    -1  -2   1   2  -2  -1   2  -2  -2  -2  -3  -1  -2  -3  -2   1   5  -4  -3  -2    0   0   4  15   0   0  17   0   0   0   0   0   0   0   0   6  58   0   0   0  0.51 0.10
   41 T     0  -1   0  -1  -1  -1  -1  -2  -2  -1  -1  -1  -1  -2  -1   1   5  -3  -2   0    0   0   0   0   0   0   0   0   0   0   0   0   0   0   0   0 100   0   0   0  0.51 0.01

                      K         Lambda
Standard Ungapped    0.1422     0.3209
Standard Gapped      0.0463     0.2670
PSI Ungapped         0.1512     0.3199
PSI Gapped           0.0463     0.2670
