
Last position-specific scoring matrix computed, weighted observed percentages rounded down, information per position, and relative weight of gapless real matches to pseudocounts
           A  R  N  D  C  Q  E  G  H  I  L  K  M  F  P  S  T  W  Y  V   A   R   N   D   C   Q   E   G   H   I   L   K   M   F   P   S   T   W   Y   V
    1 G    0 -3 -1 -1 -3 -2 -2  6 -2 -4 -4 -2 -3 -3 -2  0 -2 -3 -3 -4    0   0   0   0   0   0   0 100   0   0   0   0   0   0   0   0   0   0   0   0  1.06 0.01
    2 L   -2 -2 -4 -4 -1 -2 -3 -4 -3  2  4 -3  2  0 -3 -3 -1 -2 -1  1    0   0   0   0   0   0   0   0   0   0 100   0   0   0   0   0   0   0   0   0  0.47 0.01
    3 F   -2 -3 -4 -4 -2 -3 -3 -4 -2  1  3 -3  1  5 -4 -3 -2  0  2  0    0   0   0   0   0   0   0   0   0   0  40   0   0  60   0   0   0   0   0   0  0.48 0.00
    4 G    1 -1  0 -1 -2  0 -1  3 -1 -3 -3  0 -2 -3 -1  3  1 -3 -2 -2    0   0   0   0   0   0   0  26   0   0   0   8   0   0   0  66   0   0   0   0  0.39 0.00
    5 I    0 -3 -3 -3 -1 -2 -2 -3 -3  3  1 -2  1 -1 -2  0  0 -3 -1  4    0   0   0   0   0   0   0   0   0  11   0   0   0   0   0   9   0   0   0  80  0.28 0.00
    6 L   -2 -2 -4 -4 -1 -2 -3 -4 -3  2  4 -3  2  0 -3 -3 -1 -2 -1  1    0   0   0   0   0   0   0   0   0   0 100   0   0   0   0   0   0   0   0   0  0.47 0.01
    7 G    0 -2  0 -1 -3 -2 -2  6 -2 -4 -4 -2 -3 -3 -2  1 -1 -3 -3 -3    0   0   0   0   0   0   0  91   0   0   0   0   0   0   0   9   0   0   0   0  0.92 0.01
    8 S    2 -1  0  0 -1  0  0  0 -1 -3 -3  0 -2 -3 -1  4  1 -3 -2 -2    8   0   0   0   0   0   0   0   0   0   0   0   0   0   0  92   0   0   0   0  0.44 0.01
    9 V    0 -3 -3 -4 -1 -3 -3 -4 -4  3  1 -3  1 -1 -3 -2  0 -3 -1  4    0   0   0   0   0   0   0   0   0   8   0   0   0   0   0   0   0   0   0  92  0.36 0.01
   10 A    4 -2 -2 -2 -1 -1 -1  0 -2 -1 -1 -1 -1 -2 -1  1  0 -3 -2  1   91   0   0   0   0   0   0   0   0   0   0   0   0   0   0   0   0   0   0   9  0.35 0.01
   11 K   -1  2  0 -1 -3  2  1 -2 -1 -3 -3  5 -1 -3 -1  0 -1 -3 -2 -3    0   0   0   0   0   8   0   0   0   0   0  92   0   0   0   0   0   0   0   0  0.51 0.01
   12 H   -2  0  1 -1 -3  0  0 -2  9 -4 -3 -1 -2 -1 -2 -1 -2 -3  2 -4    0   0   0   0   0   0   0   0 100   0   0   0   0   0   0   0   0   0   0   0  0.91 0.01
   13 V   -1 -3 -3 -4 -1 -2 -3 -4 -3  3  2 -3  1 -1 -3 -2  0 -3 -1  4    0   0   0   0   0   0   0   0   0   0  24   0   0   0   0   0   0   0   0  76  0.32 0.00
   14 L   -1 -3 -4 -4 -1 -2 -3 -4 -3  2  4 -3  2  0 -3 -3 -1 -2 -1  2    0   0   0   0   0   0   0   0   0   9  81   0   0   0   0   0   0   0   0   9  0.40 0.00
   15 P   -1 -2 -2 -2 -3 -1 -1 -2 -2 -3 -3 -1 -3 -4  8 -1 -1 -4 -3 -3    0   0   0   0   0   0   0   0   0   0   0   0   0   0 100   0   0   0   0   0  2.06 0.01
   16 H   -2  1  0 -1 -3  0  0 -2  8 -4 -3  0 -2 -2 -2 -1 -2 -3  2 -3    0   9   0   0   0   0   0   0  91   0   0   0   0   0   0   0   0   0   0   0  0.80 0.01
   17 V    0 -3 -3 -4 -1 -2 -3 -4 -4  3  1 -3  1 -1 -3 -2  0 -3 -1  4    0   0   0   0   0   0   0   0   0   0   0   0   0   0   0   0   0   0   0 100  0.36 0.01
   18 I    1 -3 -3 -3 -1 -2 -2 -3 -3  3  1 -2  1 -1 -2 -1  0 -3 -1  4   17   0   0   0   0   0   0   0   0  11   0   0   0   0   0   0   0   0   0  72  0.26 0.00
   19 P   -1 -2 -2 -2 -3 -1 -1 -2 -2 -3 -3 -1 -3 -4  8 -1 -1 -4 -3 -3    0   0   0   0   0   0   0   0   0   0   0   0   0   0 100   0   0   0   0   0  2.06 0.01
   20 V    0 -3 -3 -4 -1 -3 -3 -4 -4  3  1 -3  1 -1 -3 -2  0 -3 -1  4    0   0   0   0   0   0   0   0   0   9   0   0   0   0   0   0   0   0   0  91  0.36 0.01
   21 V   -1 -3 -4 -4 -1 -3 -3 -4 -4  4  2 -3  1  0 -3 -3 -1 -3 -1  3    0   0   0   0   0   0   0   0   0  89   0   0   0   0   0   0   0   0   0  11  0.39 0.01
   22 A    4 -2 -2 -2  0 -1 -1  0 -2 -2 -2 -1 -1 -2 -1  1  0 -3 -2  0  100   0   0   0   0   0   0   0   0   0   0   0   0   0   0   0   0   0   0   0  0.42 0.01
   23 E   -1  0  0  2 -4  2  6 -2  0 -4 -3  1 -2 -4 -1  0 -1 -3 -2 -3    0   0   0   0   0   0 100   0   0   0   0   0   0   0   0   0   0   0   0   0  0.75 0.01
   24 H   -1  1  0 -1 -3  1  0 -2  7 -3 -3  3 -2 -2 -2 -1 -1 -3  1 -3    0   0   0   0   0   0   0   0  53   0   0  47   0   0   0   0   0   0   0   0  0.51 0.01
   25 L   -2 -2 -4 -4 -1 -2 -3 -4 -3  2  4 -3  2  0 -3 -3 -1 -2 -1  1    0   0   0   0   0   0   0   0   0   0 100   0   0   0   0   0   0   0   0   0  0.47 0.01

                      K         Lambda
Standard Ungapped    0.1488     0.3280
Standard Gapped      0.0410     0.2670
PSI Ungapped         0.1488     0.3280
PSI Gapped           0.0410     0.2670
