
Last position-specific scoring matrix computed, weighted observed percentages rounded down, information per position, and relative weight of gapless real matches to pseudocounts
           A  R  N  D  C  Q  E  G  H  I  L  K  M  F  P  S  T  W  Y  V   A   R   N   D   C   Q   E   G   H   I   L   K   M   F   P   S   T   W   Y   V
    1 K   -1  2  0 -1 -3  1  1 -2 -1 -3 -3  5 -2 -3 -1  0 -1 -3 -2 -3    0   0   0   0   0   0   0   0   0   0   0 100   0   0   0   0   0   0   0   0  0.54 0.01
    2 V   -1 -3 -3 -3 -1 -3 -3 -4 -3  4  1 -3  1  0 -3 -2 -1 -3 -1  3    0   0   0   0   0   0   0   0   0  69   0   0   0   0   0   0   0   0   0  31  0.37 0.01
    3 N   -1 -2  3  0 -3 -1 -1 -2 -1 -3 -3 -1 -3 -4  7  0 -1 -4 -3 -3    0   0  31   0   0   0   0   0   0   0   0   0   0   0  69   0   0   0   0   0  1.31 0.01
    4 A    2 -3 -3 -3 -1 -2 -2 -2 -3  3  1 -2  1 -1 -2 -1  0 -3 -2  3   31   0   0   0   0   0   0   0   0  44   0   0   0   0   0   0   0   0   0  25  0.21 0.00
    5 N   -1  1  3  0 -3  0  0  2 -1 -3 -3  3 -2 -3 -2  0 -1 -3 -2 -3    0   0  31   0   0   0   0  21   0   0   0  48   0   0   0   0   0   0   0   0  0.37 0.00
    6 A    4 -2 -2 -2  0 -1 -1  0 -2 -1 -2 -1 -1 -2 -1  1  0 -3 -2  0  100   0   0   0   0   0   0   0   0   0   0   0   0   0   0   0   0   0   0   0  0.42 0.01
    7 I   -1 -3 -4 -3 -1 -3 -4 -4 -4  5  2 -3  1  0 -3 -3 -1 -3 -1  3    0   0   0   0   0   0   0   0   0 100   0   0   0   0   0   0   0   0   0   0  0.41 0.01
    8 K   -1  2  0 -1 -3  1  1 -2 -1 -3 -3  5 -2 -3 -1  0 -1 -3 -2 -3    0   0   0   0   0   0   0   0   0   0   0 100   0   0   0   0   0   0   0   0  0.54 0.01
    9 K   -1  1  0 -1 -3  3  1 -2 -1 -2 -2  4 -1 -3 -1  0  2 -3 -2 -2    0   0   0   0   0  25   0   0   0   0   0  52   0   0   0   0  23   0   0   0  0.36 0.01
   10 G    3 -2 -1 -2 -1 -2 -2  3 -2  0 -1 -1 -1 -2 -2  0  0 -3 -2  1   46   0   0   0   0   0   0  31   0   0   0   0   0   0   0   0   0   0   0  23  0.28 0.00
   11 G    0 -3 -1 -1 -3 -2 -2  6 -2 -4 -4 -2 -3 -3 -2  0 -2 -3 -3 -3    0   0   0   0   0   0   0 100   0   0   0   0   0   0   0   0   0   0   0   0  1.06 0.01
   12 K   -1  2  0 -1 -3  1  1 -2 -1 -3 -3  5 -2 -3 -1  0 -1 -3 -2 -3    0   0   0   0   0   0   0   0   0   0   0 100   0   0   0   0   0   0   0   0  0.54 0.01
   13 A    4 -2 -2 -2 -1 -1 -1  0 -2  0 -1 -1 -1 -2 -1  1  0 -3 -2  2   75   0   0   0   0   0   0   0   0   0   0   0   0   0   0   0   0   0   0  25  0.28 0.01
   14 I   -1 -3 -3 -3 -1 -3 -3 -4 -4  4  1 -3  1  0 -3 -2 -1 -3 -1  3    0   0   0   0   0   0   0   0   0  77   0   0   0   0   0   0   0   0   0  23  0.38 0.01
   15 G    0 -3 -1 -1 -3 -2 -2  6 -2 -4 -4 -2 -3 -3 -2  0 -2 -3 -3 -3    0   0   0   0   0   0   0 100   0   0   0   0   0   0   0   0   0   0   0   0  1.06 0.01
   16 K   -1  2  0 -1 -3  1  1 -2 -1 -3 -3  5 -2 -3 -1  0 -1 -3 -2 -3    0   0   0   0   0   0   0   0   0   0   0 100   0   0   0   0   0   0   0   0  0.54 0.01
   17 G    0 -3 -1 -1 -3 -2 -2  6 -2 -4 -4 -2 -3 -3 -2  0 -2 -3 -3 -3    0   0   0   0   0   0   0 100   0   0   0   0   0   0   0   0   0   0   0   0  1.06 0.01
   18 F   -2 -3 -4 -4 -2 -3 -3 -4 -2  1  3 -3  2  4 -3 -3 -2 -1  1  0    0   0   0   0   0   0   0   0   0   0  69   0   0  31   0   0   0   0   0   0  0.40 0.00
   19 K   -1  5  0 -1 -4  1  0 -2  0 -3 -2  3 -2 -3 -2 -1 -1 -3 -2 -3    0  69   0   0   0   0   0   0   0   0   0  31   0   0   0   0   0   0   0   0  0.62 0.01
   20 V    3 -2 -2 -2 -1 -1 -1 -1 -2  1 -1 -1  0 -2 -1  1  0 -3 -2  2   69   0   0   0   0   0   0   0   0   0   0   0   0   0   0   0   0   0   0  31  0.25 0.01
   21 I   -1 -3 -3 -3 -1 -3 -3 -4 -4  4  1 -3  1  0 -3 -2 -1 -3 -1  3    0   0   0   0   0   0   0   0   0  79   0   0   0   0   0   0   0   0   0  21  0.38 0.01
   22 S   -1 -1  5  1 -2  0  0  0  0 -3 -3  0 -2 -3 -2  2  0 -4 -2 -3    0   0  69   0   0   0   0   0   0   0   0   0   0   0   0  31   0   0   0   0  0.54 0.01
   23 A    2 -3 -3 -3 -1 -2 -2 -2 -3  3  1 -2  1 -1 -2 -1 -1 -3 -2  2   31   0   0   0   0   0   0   0   0  69   0   0   0   0   0   0   0   0   0   0  0.22 0.01
   24 A    4 -2 -2 -2  0 -1 -1  0 -2 -1 -2 -1 -1 -2 -1  1  0 -3 -2  0  100   0   0   0   0   0   0   0   0   0   0   0   0   0   0   0   0   0   0   0  0.42 0.01
   25 S    1 -1  0 -1 -1 -1 -1  3 -1 -3 -3 -1 -2 -3 -1  4  1 -3 -2 -2    0   0   0   0   0   0   0  25   0   0   0   0   0   0   0  75   0   0   0   0  0.43 0.01
   26 T    0 -1  0 -1 -1 -1 -1 -2 -2 -1 -1 -1 -1 -2 -1  1  5 -3 -2  0    0   0   0   0   0   0   0   0   0   0   0   0   0   0   0   0 100   0   0   0  0.50 0.01
   27 A    4 -1 -1 -2 -1 -1 -1  0 -2 -1 -2 -1 -1 -2 -1  1  2 -3 -2  0   75   0   0   0   0   0   0   0   0   0   0   0   0   0   0   0  25   0   0   0  0.34 0.01
   28 H   -2  0  3  0 -3  0  0 -2  8 -4 -3 -1 -2 -2 -2 -1 -1 -3  1 -3    0   0  23   0   0   0   0   0  77   0   0   0   0   0   0   0   0   0   0   0  0.72 0.01
   29 D   -2 -2  1  6 -4  0  2 -1 -1 -3 -4 -1 -3 -4 -2  0 -1 -5 -3 -3    0   0   0 100   0   0   0   0   0   0   0   0   0   0   0   0   0   0   0   0  0.96 0.01
   30 V    0 -3 -3 -3 -1 -2 -3 -3 -3  3  1 -2  1 -1 -3 -2  0 -3 -1  4    0   0   0   0   0   0   0   0   0   0   0   0   0   0   0   0   0   0   0 100  0.37 0.01
   31 Y   -2 -2 -3 -3 -2 -2 -3 -3  0  0  0 -2  0  4 -3 -2 -1  1  6  1    0   0   0   0   0   0   0   0   0   0   0   0   0  23   0   0   0   0  52  25  0.49 0.01
   32 E    0 -1  3  1 -2  1  3 -1  0 -2 -3  0 -2 -3 -1  2  2 -3 -2 -2    0   0  23   0   0   0  31   0   0   0   0   0   0   0   0  25  21   0   0   0  0.34 0.00
   33 H   -2 -2 -2 -3 -3 -2 -2 -3  5 -1  0 -2  0  6 -3 -2 -2  0  3 -2    0   0   0   0   0   0   0   0  31   0   0   0   0  69   0   0   0   0   0   0  0.54 0.01
   34 I   -2 -3 -3 -4 -2 -3 -3 -4 -2  2  2 -3  1  5 -3 -3 -2  0  1  1    0   0   0   0   0   0   0   0   0  31  23   0   0  46   0   0   0   0   0   0  0.37 0.00
   35 K   -1  4  0 -1 -3  1  1 -2 -1 -3 -3  5 -2 -3 -1  0 -1 -3 -2 -3    0  25   0   0   0   0   0   0   0   0   0  75   0   0   0   0   0   0   0   0  0.53 0.01
   36 N   -1 -2  3  0 -3 -1 -1 -2 -1 -3 -3 -1 -3 -4  7  0 -1 -4 -3 -3    0   0  31   0   0   0   0   0   0   0   0   0   0   0  69   0   0   0   0   0  1.31 0.01
   37 R   -1  4  0 -1 -3  1  1 -2 -1 -3 -3  4 -2 -3 -1  0 -1 -3 -2 -3    0  31   0   0   0   0   0   0   0   0   0  69   0   0   0   0   0   0   0   0  0.53 0.01
   38 R   -1  4  0 -1 -3  1  1 -2 -1 -3 -3  4 -2 -3 -1  0 -1 -3 -2 -3    0  31   0   0   0   0   0   0   0   0   0  69   0   0   0   0   0   0   0   0  0.53 0.01
   39 H   -2  4  0 -1 -3  1  0 -2  6 -3 -3  1 -2 -2 -2 -1 -2 -3  0 -3    0  50   0   0   0   0   0   0  50   0   0   0   0   0   0   0   0   0   0   0  0.58 0.00

                      K         Lambda
Standard Ungapped    0.1292     0.3146
Standard Gapped      0.0410     0.2670
PSI Ungapped         0.1292     0.3146
PSI Gapped           0.0410     0.2670
