
Last position-specific scoring matrix computed, weighted observed percentages rounded down, information per position, and relative weight of gapless real matches to pseudocounts
            A   R   N   D   C   Q   E   G   H   I   L   K   M   F   P   S   T   W   Y   V   A   R   N   D   C   Q   E   G   H   I   L   K   M   F   P   S   T   W   Y   V
    1 G     0  -3  -1  -2  -3  -2  -2   6  -2  -4  -4  -2  -3  -4  -2   0  -2  -3  -3  -4    0   0   0   0   0   0   0 100   0   0   0   0   0   0   0   0   0   0   0   0  1.08 0.02
    2 F    -2  -3  -4  -4  -2  -3  -3  -4  -2   2   2  -3   1   5  -4  -3  -2   0   1   1    0   0   0   0   0   0   0   0   0  24  33   0   0  43   0   0   0   0   0   0  0.39 0.01
    3 L    -1  -2  -3  -3  -2  -1  -3  -3  -2   2   3  -2   5   1  -3  -2   0  -2  -1   1    0   0   0   0   0   0   0   0   0   8  32   0  45   7   0   0   7   0   0   0  0.29 0.02
    4 S    -1  -1   2   5  -3   0   1  -1  -1  -3  -4  -1  -3  -3  -2   2   0  -4  -3  -3    0   0   8  62   0   0   0   0   0   0   0   0   0   0   0  30   0   0   0   0  0.61 0.02
    5 T     0  -1   0  -1  -1  -1  -1  -2  -2  -1  -1  -1  -1  -2  -1   1   5  -3  -2   0    0   0   0   0   0   0   0   0   0   0   0   0   0   0   0   0 100   0   0   0  0.56 0.03
    6 V     1  -3  -3  -3  -1  -2  -3  -3  -3   3   2  -2   1  -1  -2  -1   0  -3  -1   3   13   0   0   0   0   0   0   0   0  10  15   0   0   0   0   0   0   0   0  61  0.27 0.01
    7 K    -1   2   0  -1  -3   1   1  -2  -1  -3  -3   5  -2  -4  -1   0  -1  -3  -2  -3    0   0   0   0   0   0   0   0   0   0   0 100   0   0   0   0   0   0   0   0  0.60 0.03
    8 N    -1  -1   6   1  -3  -1  -1   3   0  -4  -4  -1  -3  -3  -2   0  -1  -4  -3  -3    0   0  76   0   0   0   0  24   0   0   0   0   0   0   0   0   0   0   0   0  0.65 0.02
    9 L     1  -2  -2  -3  -1  -2  -2  -2  -3   1   2  -2   1  -1  -2  -1   1  -3  -2   2   24   0   0   0   0   0   0   0   0   0  30   0   0   0   0   0  10   0   0  37  0.18 0.01
   10 A     5  -2  -2  -2  -1  -1  -1   0  -2  -2  -2  -1  -1  -3  -1   1   0  -3  -2   0  100   0   0   0   0   0   0   0   0   0   0   0   0   0   0   0   0   0   0   0  0.46 0.02
   11 T    -1   1   0  -1  -3   1   0  -2  -1  -2  -2   4  -1  -3  -1   0   2  -3  -2  -2    0   0   0   0   0   0   0   0   0   0   0  70   0   0   0   0  30   0   0   0  0.40 0.02
   12 N    -2  -1   6   2  -3   0   0  -1   0  -3  -4   0  -2  -3  -2   1   1  -4  -2  -3    0   0  83   8   0   0   0   0   0   0   0   0   0   0   0   0   9   0   0   0  0.67 0.02
   13 V    -1  -3  -3  -4  -1  -2  -3  -4  -3   2   2  -3   1   0  -3  -2  -1  -3  -1   4    0   0   0   0   0   0   0   0   0   0  33   0   0   0   0   0   0   0   0  67  0.34 0.01
   14 A     5  -2  -2  -2  -1  -1  -1   0  -2  -2  -2  -1  -1  -3  -1   1   0  -3  -2   0  100   0   0   0   0   0   0   0   0   0   0   0   0   0   0   0   0   0   0   0  0.46 0.02
   15 G     1  -3  -1  -2  -2  -2  -2   5  -3  -1  -2  -2  -2  -3  -2  -1  -1  -3  -3   1    9   0   0   0   0   0   0  68   0   0   0   0   0   0   0   0   0   0   0  23  0.56 0.01
   16 T     0  -1   0  -1  -2   2   0   1   2  -1  -1  -1  -1  -2  -2   1   3  -3  -1   1    0   0   0   0   0  15   0  10   8   0   0   0   0   0   0   9  43   0   0  15  0.19 0.01
   17 V    -1  -2  -3  -4  -1  -2  -3  -4  -3   2   3  -3   2   0  -3  -2  -1  -2  -1   2    0   0   0   0   0   0   0   0   0   0  63   0   8   0   0   0   0   0   0  30  0.36 0.01
   18 L    -2  -3  -4  -4  -1  -3  -3  -4  -3   3   4  -3   2   0  -3  -3  -1  -2  -1   1    0   0   0   0   0   0   0   0   0  29  71   0   0   0   0   0   0   0   0   0  0.42 0.01
   19 D    -2  -2   1   7  -4  -1   2  -2  -1  -4  -4  -1  -4  -4  -2   0  -1  -5  -4  -4    0   0   0 100   0   0   0   0   0   0   0   0   0   0   0   0   0   0   0   0  1.02 0.03
   20 T    -1   1   0  -1  -3   1   0  -2  -1  -2  -2   4  -1  -3  -1   0   2  -3  -2  -2    0   0   0   0   0   0   0   0   0   0   0  70   0   0   0   0  30   0   0   0  0.40 0.02
   21 I    -2  -3  -4  -4  -1  -3  -3  -4  -3   3   4  -3   2   0  -3  -3  -1  -2  -1   2    0   0   0   0   0   0   0   0   0  32  68   0   0   0   0   0   0   0   0   0  0.41 0.01
   22 R    -1   3   0  -1  -4   1   1  -2  -1  -3  -3   5  -2  -3  -1   0  -1  -3  -2  -3    0  15   0   0   0   0   0   0   0   0   0  85   0   0   0   0   0   0   0   0  0.57 0.02
   23 C    -1  -4  -3  -4  10  -3  -4  -3  -4  -2  -2  -4  -2  -3  -3  -1  -1  -3  -3  -1    0   0   0   0 100   0   0   0   0   0   0   0   0   0   0   0   0   0   0   0  1.41 0.04
   24 K    -1   2   0  -1  -3   1   1  -2  -1  -3  -3   5  -2  -4  -1   0  -1  -3  -2  -3    0   0   0   0   0   0   0   0   0   0   0 100   0   0   0   0   0   0   0   0  0.60 0.03
   25 V    -1  -3  -3  -4  -1  -3  -3  -4  -3   4   1  -3   2   0  -3  -2  -1  -3  -1   3    0   0   0   0   0   0   0   0   0  53   0   0  10   0   0   0   0   0   0  37  0.36 0.01
   26 T     0  -1   0  -1  -1  -1  -1  -2  -2  -1  -1  -1  -1  -2  -1   1   5  -3  -2   0    0   0   0   0   0   0   0   0   0   0   0   0   0   0   0   0 100   0   0   0  0.56 0.03
   27 G     1  -2  -1  -2  -2  -2  -2   6  -2  -4  -4  -2  -3  -3  -2   0  -2  -3  -3  -3   15   0   0   0   0   0   0  85   0   0   0   0   0   0   0   0   0   0   0   0  0.89 0.02
   28 G     0  -3  -1  -1  -3  -2  -2   6  -2  -4  -4  -2  -3  -3  -2   0  -2  -3  -3  -3    0   0   0   0   0   0   0 100   0   0   0   0   0   0   0   0   0   0   0   0  1.06 0.01
   29 C    -1  -4  -3  -4  10  -3  -4  -3  -3  -1  -1  -3  -2  -3  -3  -1  -1  -3  -3  -1    0   0   0   0 100   0   0   0   0   0   0   0   0   0   0   0   0   0   0   0  1.27 0.01
   30 R    -2   6   0  -2  -4   1   0  -3   0  -3  -2   2  -2  -3  -2  -1  -1  -3  -2  -3    0 100   0   0   0   0   0   0   0   0   0   0   0   0   0   0   0   0   0   0  0.74 0.00
   31 P     0   0   0  -1  -2   0   0  -1  -1  -3  -3   2  -2  -3   5   2   0  -3  -2  -2    0   0   0   0   0   0   0   0   0   0   0  32   0   0  34  34   0   0   0   0  0.60 0.01

                      K         Lambda
Standard Ungapped    0.1373     0.3219
Standard Gapped      0.0444     0.2670
PSI Ungapped         0.1452     0.3176
PSI Gapped           0.0444     0.2670
