
Last position-specific scoring matrix computed, weighted observed percentages rounded down, information per position, and relative weight of gapless real matches to pseudocounts
            A   R   N   D   C   Q   E   G   H   I   L   K   M   F   P   S   T   W   Y   V   A   R   N   D   C   Q   E   G   H   I   L   K   M   F   P   S   T   W   Y   V
    1 G    -2  -1   6   2  -3  -1  -1   1   0  -4  -4  -1  -3  -4  -3   0  -1  -4  -3  -4    0   0  78   9   0   0   0  12   0   0   0   0   0   0   0   0   0   0   0   0  0.83 0.08
    2 P     0   0  -2  -2  -3  -1  -1  -2   2  -3  -3  -1  -2   0   7   1  -1  -3  -2  -3    8   5   0   0   0   0   0   0   9   0   0   0   0   6  61  11   0   0   0   0  1.10 0.07
    3 L    -1  -2  -3  -3  -2   1  -2  -4  -3   2   2  -2   1  -1  -3  -2  -1  -3  -2   4    0   0   0   0   0  14   0   0   0   6  27   0   0   0   0   0   0   0   0  52  0.31 0.05
    4 S     0  -1   0  -1  -1  -1  -1  -1  -2  -3  -3  -1  -2  -3  -1   5   3  -3  -2  -2    0   0   0   0   0   0   0   0   0   0   0   0   0   0   0  75  25   0   0   0  0.59 0.09
    5 C    -1  -5  -4  -5  11  -4  -5  -4  -4  -2  -2  -4  -2  -3  -4  -2  -2  -3  -3  -2    0   0   0   0 100   0   0   0   0   0   0   0   0   0   0   0   0   0   0   0  2.00 0.15
    6 R    -2   4  -2  -3  -3   0  -2  -2   3   0   2   0   2  -1  -3  -2  -1   2  -1   0    0  37   0   0   0   0   0   3  13   0  26   0   7   0   0   0   0   4   0  10  0.24 0.05
    7 R    -1   4  -1  -2  -3   0  -1  -1  -2   0  -1   1  -1  -2  -2  -1   2   5  -1  -1    0  36   0   0   0   0   0   4   0  12   4   8   0   0   0   0  24  12   0   0  0.32 0.05
    8 N    -2   0   6   0  -4   0  -1  -1   2  -4  -4   2  -3  -3  -3   0  -1  -4   0  -3    0   0  72   0   0   0   0   0   6   0   0  18   0   0   0   0   0   0   4   0  0.73 0.09
    9 G    -1   2  -1  -2  -3  -1  -1   4  -2  -3  -3   2   1  -3  -2  -1  -2  -3  -3  -3    0  16   0   0   0   0   0  51   0   0   0  24   9   0   0   0   0   0   0   0  0.52 0.06
   10 G     1  -3  -1  -2  -3  -2  -3   6  -3  -4  -4  -2  -3  -4  -3  -1  -2  -3  -4  -4    8   0   0   0   0   0   0  92   0   0   0   0   0   0   0   0   0   0   0   0  1.18 0.09
   11 V    -1  -1  -3  -4  -2  -3  -3  -4  -3   4   1  -2   0   2  -3  -3  -1  -2  -1   3    0   6   0   0   0   0   0   0   0  48   0   0   0  12   0   0   0   0   0  34  0.37 0.06
   12 C    -1  -5  -4  -5  11  -4  -5  -4  -4  -2  -2  -4  -2  -3  -4  -2  -2  -3  -3  -2    0   0   0   0 100   0   0   0   0   0   0   0   0   0   0   0   0   0   0   0  2.00 0.15
   13 I    -1  -3  -3  -4  -2  -2  -3  -3   2   2   1  -3   1   0  -3  -2  -1   8   0   2    4   0   0   0   0   0   0   0   8  18   9   0   6   0   0   0   0  25   0  30  0.53 0.06
   14 P    -1  -2  -2  -2  -3  -2  -2   1  -2  -2   0  -1  -1  -3   7  -1  -1  -3  -3  -2    1   1   1   1   0   1   1  13   0   1  15   1   0   1  62   1   1   0   0   1  1.08 0.06
   15 I    -1  -2   2  -2  -2  -2  -2   0  -2   3   1  -2   0   0   1  -1   0  -3  -1   1    0   0  16   0   0   0   0   6   0  36   8   0   0   5   6   4   7   0   0   8  0.10 0.03
   16 R    -2   6  -1  -2  -3   0  -1  -3  -1  -3  -1   2  -1   1  -2  -1  -1  -2  -1  -2    0  65   0   0   0   0   0   0   0   0   6  13   0   8   0   4   0   0   0   0  0.55 0.06
   17 C    -1  -5  -4  -5  11  -4  -5  -4  -4  -2  -2  -4  -2  -3  -4  -2  -2  -3  -3  -2    0   0   0   0 100   0   0   0   0   0   0   0   0   0   0   0   0   0   0   0  2.00 0.15
   18 P     0  -1  -2  -2  -3  -2  -2  -2  -3  -1  -3  -1  -2  -4   7   0   0  -4  -3  -2    6   5   0   0   0   0   0   0   0   6   0   0   0   0  70   7   6   0   0   0  1.34 0.08
   19 G    -1   1  -1  -2  -3  -2  -2   5  -2  -3  -3  -1  -3  -4   1  -1  -2  -3  -3  -1    0  15   0   0   0   0   0  70   0   0   0   0   0   0   6   0   0   0   0   8  0.72 0.07
   20 P    -1   2   2  -1  -3   0  -1   1   3  -3  -3   1  -2  -3   2   1   1  -3  -1  -3    0  20  18   0   0   0   0  11  13   0   0   6   0   0   9  14  10   0   0   0  0.29 0.03
   21 M    -2  -1  -2  -3  -2  -1  -3  -3  -2   0   1  -2   6   3  -3  -2   1  -1   2   0    0   4   0   0   0   0   0   0   0   0   4   0  51  19   0   0  14   0   8   0  0.39 0.08
   22 R    -2   6  -1  -2  -4   1  -1  -3  -1  -2  -3   3  -2  -3  -3  -1  -2  -4  -2  -3    0  77   0   0   0   0   0   0   0   5   0  18   0   0   0   0   0   0   0   0  0.82 0.09
   23 Q    -2   0  -1  -1  -4   7   2  -3   0  -4  -3   1  -1  -4  -2  -1  -1  -3  -2  -3    0   0   0   0   0  93   7   0   0   0   0   0   0   0   0   0   0   0   0   0  1.04 0.12
   24 I    -2  -4  -4  -4  -2  -4  -4  -5  -4   6   1  -4   1  -1  -4  -3  -1  -3  -2   2    0   0   0   0   0   0   0   0   0 100   0   0   0   0   0   0   0   0   0   0  0.76 0.10
   25 G     0  -3  -1  -2  -3  -3  -3   7  -3  -5  -5  -2  -4  -4  -3  -1  -2  -3  -4  -4    0   0   0   0   0   0   0 100   0   0   0   0   0   0   0   0   0   0   0   0  1.34 0.10
   26 T     0  -2  -1  -2  -2  -1  -1  -2  -2   0  -2  -1  -1  -3  -2   2   6  -3  -2  -1    0   0   0   0   0   0   0   0   0   5   0   0   0   0   0  13  81   0   0   0  0.63 0.09
   27 C    -1  -5  -4  -5  11  -4  -5  -4  -4  -2  -2  -4  -2  -3  -4  -2  -2  -3  -3  -2    0   0   0   0 100   0   0   0   0   0   0   0   0   0   0   0   0   0   0   0  2.00 0.15
   28 F    -1  -1  -2  -3  -3  -3  -3   4  -2  -1   0  -2  -1   5  -3  -2  -2  -1   1  -1    0   4   0   0   0   0   0  39   0   0  12   0   0  41   0   0   0   0   0   4  0.43 0.06
   29 G     0  -1  -1  -2  -2  -2  -2   4  -2  -1   1  -2   1  -2  -2  -1   1  -3  -2   0    8   5   0   0   0   0   0  43   0   0  20   0   6   0   0   0  11   0   0   6  0.28 0.04
   30 R    -1   3  -2  -2  -4  -1  -1   0  -2  -4  -3   0  -3  -4   7  -1  -2  -4  -3  -3    3  24   0   0   0   0   0   6   0   0   0   0   0   0  66   0   0   0   0   0  1.34 0.09
   31 P    -1   3  -1  -2  -3   3   0   0  -1  -3  -3   1  -2   0   4   0  -1  -3  -2  -3    4  28   0   0   0  21   0   8   0   0   0   6   0   6  23   4   0   0   0   0  0.45 0.05
   32 V    -1  -3  -3  -4  -1  -3  -3  -4  -4   3   2  -3   1  -1  -3  -2   1  -3  -2   4    0   0   0   0   0   0   0   0   0   8  13   0   0   0   0   0   8   0   0  71  0.43 0.07
   33 K    -1   3  -1  -1  -4   1   0  -2  -1  -4  -3   5  -2  -4   2  -1  -1  -4  -3  -3    0  12   0   0   0   0   0   0   0   0   0  79   0   0   9   0   0   0   0   0  0.71 0.09
   34 C    -1  -5  -4  -5  11  -4  -5  -4  -4  -2  -2  -4  -2  -3  -4  -2  -2  -3  -3  -2    0   0   0   0 100   0   0   0   0   0   0   0   0   0   0   0   0   0   0   0  2.00 0.15
   35 C    -1  -5  -4  -5  11  -4  -5  -4  -4  -2  -2  -4  -2  -3  -4  -2  -2  -3  -3  -2    0   0   0   0 100   0   0   0   0   0   0   0   0   0   0   0   0   0   0   0  2.00 0.15
   36 R    -2   6  -1  -2  -4   1   0  -3  -1  -4  -3   4  -2  -4  -2  -1  -2  -4  -2  -3    0  61   0   0   0   0   0   0   0   0   0  39   0   0   0   0   0   0   0   0  0.81 0.08
   37 S    -1   4   0  -1  -3   1   0  -2  -1  -3  -3   4  -2  -3  -2   2  -1  -3  -2  -3    0  33   0   0   0   0   0   0   0   0   0  44   0   0   0  23   0   0   0   0  0.51 0.06
   38 W    -3  -3  -4  -5  -3  -2  -3  -3  -3  -3  -2  -3  -2   1  -4  -3  -3  12   2  -3    0   0   0   0   0   0   0   0   0   0   0   0   0   0   0   0   0 100   0   0  2.40 0.02

                      K         Lambda
Standard Ungapped    0.1517     0.3321
Standard Gapped      0.0462     0.2670
PSI Ungapped         0.1509     0.3194
PSI Gapped           0.0462     0.2670
