
Last position-specific scoring matrix computed, weighted observed percentages rounded down, information per position, and relative weight of gapless real matches to pseudocounts
           A  R  N  D  C  Q  E  G  H  I  L  K  M  F  P  S  T  W  Y  V   A   R   N   D   C   Q   E   G   H   I   L   K   M   F   P   S   T   W   Y   V
    1 H   -2 -1 -1 -2 -3 -1 -1 -3  6 -2 -2 -2 -1  2 -3 -2 -2  1  6 -2    0   0   0   0   0   0   0   0  39   0   0   0   0   0   0   0   0   0  61   0  0.70 0.01
    2 S    0  1  0 -1 -2  1  0 -1 -1 -3 -3  4 -2 -3 -1  2  0 -3 -2 -2    0   0   0   0   0   0   0   0   0   0   0  61   0   0   0  39   0   0   0   0  0.37 0.01
    3 S    1 -2  0 -1 -2 -1 -1  5 -2 -3 -3 -1 -2 -3 -2  2  0 -3 -3 -3    0   0   0   0   0   0   0  61   0   0   0   0   0   0   0  39   0   0   0   0  0.62 0.01
    4 G    0 -2 -1 -2 -3 -2 -2  5 -2 -4 -4 -2 -3 -4  4  0 -2 -3 -3 -3    0   0   0   0   0   0   0  77   0   0   0   0   0   0  23   0   0   0   0   0  0.93 0.01
    5 Y   -2 -2 -2 -3 -3 -2 -2 -3  2 -2 -1 -2 -1  3 -3 -2 -2  2  7 -1    0   0   0   0   0   0   0   0   0   0   0   0   0   0   0   0   0   0 100   0  0.92 0.02
    6 T    0 -1  0 -1 -1 -1 -1 -2 -2 -1 -1 -1 -1 -2 -1  1  5 -3 -2  0    0   0   0   0   0   0   0   0   0   0   0   0   0   0   0   0 100   0   0   0  0.51 0.01
    7 R   -2  6 -1 -2 -4  1  0 -3  0 -3 -2  2 -2 -3 -2 -1 -1 -3 -2 -3    0 100   0   0   0   0   0   0   0   0   0   0   0   0   0   0   0   0   0   0  0.79 0.01
    8 P   -1 -2 -2 -2 -3 -1 -1 -2 -2 -3 -3 -1 -3 -4  8 -1 -1 -4 -3 -3    0   0   0   0   0   0   0   0   0   0   0   0   0   0 100   0   0   0   0   0  2.07 0.02
    9 L   -2 -3 -4 -4 -1 -3 -3 -4 -3  4  3 -3  2  0 -3 -3 -1 -2 -1  2    0   0   0   0   0   0   0   0   0  61  39   0   0   0   0   0   0   0   0   0  0.37 0.01
   10 R   -1  2 -2 -2 -3 -1 -1 -3 -2 -1  1  0 -1 -2  6 -1 -1 -3 -2 -1    0  20   0   0   0   0   0   0   0   0  23   0   0   0  57   0   0   0   0   0  0.93 0.01
   11 K   -1  5  0 -1 -4  1  0 -2 -1 -3 -3  4 -2 -3 -2 -1 -1 -3 -2 -3    0  61   0   0   0   0   0   0   0   0   0  39   0   0   0   0   0   0   0   0  0.60 0.01
   12 P   -1 -2 -2 -2 -3 -2 -1 -2 -2 -3 -3 -1 -3 -4  8 -1 -1 -4 -3 -3    0   0   0   0   0   0   0   0   0   0   0   0   0   0 100   0   0   0   0   0  2.08 0.02
   13 S    0 -1  0 -1 -1 -1 -1  2 -2  0 -1 -1 -1 -2  3  2  0 -2 -2  1    1   1   1   1   0   1   1  16   0   1   1   1   0   1  16  35   1   0   1  21  0.22 0.00
   14 R   -1  4 -1 -2 -3  0 -1  1 -1 -2 -2  1 -1  2 -2 -1 -1 -1  0 -2    1  55   1   1   0   1   1  16   0   1   1   1   0  15   1   1   1   0   1   1  0.29 0.01
   15 P   -1 -2 -2 -2 -3 -1 -1 -2 -2 -3 -3 -1 -3 -4  8 -1 -1 -4 -3 -3    0   0   0   0   0   0   0   0   0   0   0   0   0   0 100   0   0   0   0   0  2.08 0.02
   16 I   -1 -3 -3 -3 -1 -3 -3 -4 -3  4  1 -3  1 -1  2 -2 -1 -3 -2  3    0   0   0   0   0   0   0   0   0  67   0   0   0   0  14   0   0   0   0  19  0.36 0.01
   17 F   -1 -3 -2 -3 -2 -3 -3  3 -2  0  0 -3 -1  4 -3 -2 -2 -1  1  1    0   0   0   0   0   0   0  34   0   0   0   0   0  47   0   0   0   0   0  19  0.33 0.01
   18 I    0 -2 -2 -2 -2 -2 -2 -2 -2  2  0 -2  0 -2  5  1  0 -3 -2  1    0   0   0   0   0   0   0   0   0  33   0   0   0   0  34  19   0   0   0  14  0.46 0.01
   19 R   -2  4 -1 -3 -3  0 -1 -3  1 -2 -2  1 -1  2 -3 -1 -2  1  5 -2    0  47   0   0   0   0   0   0   0   0   0   0   0   0   0   0   0   0  53   0  0.53 0.01
   20 P   -1 -1  4  0 -3 -1 -1 -1  0 -3 -3 -1 -3 -4  6  0 -1 -4 -3 -3    0   0  53   0   0   0   0   0   0   0   0   0   0   0  47   0   0   0   0   0  0.96 0.01
   21 I   -1 -3 -2 -3 -2 -2 -3  3 -3  2  1 -2  0 -1 -3 -2 -1 -3 -2  2    0   0   0   0   0   0   0  34   0  33  14   0   0   0   0   0   0   0   0  19  0.23 0.00
   22 G    0 -3 -2 -3  8 -3 -3  3 -3 -2 -2 -3 -2 -3 -3 -1 -1 -3 -3 -2    0   0   0   0  67   0   0  33   0   0   0   0   0   0   0   0   0   0   0   0  0.86 0.01
   23 C   -1 -2 -2 -2  6 -2 -2 -2 -3 -2 -2 -2 -2 -3  6  0  1 -3 -3 -1    0   0   0   0  33   0   0   0   0   0   0   0   0   0  48   0  19   0   0   0  0.96 0.01
   24 D   -1 -2 -1  3 -2 -2 -1 -3 -2  2  1 -2  0 -1 -2 -1 -1 -3 -2  2    0   0   0  33   0   0   0   0   0  14  19   0   0   0   0   0   0   0   0  34  0.20 0.00
   25 V    1 -1  0 -1 -1 -1 -1 -1 -2  0 -1 -1 -1 -2 -1  3  1 -3 -2  2    0   0   0   0   0   0   0   0   0   0   0   0   0   0   0  67   0   0   0  33  0.24 0.01
   26 C   -1 -4 -3 -4  9 -3 -4 -3 -3 -1 -2 -3 -2 -3 -3 -1 -1 -3 -3 -1    0   0   0   0 100   0   0   0   0   0   0   0   0   0   0   0   0   0   0   0  1.32 0.02
   27 Y   -2  5 -1 -2 -3  0 -1 -3  1 -3 -2  1 -1  0 -3 -1 -1  0  4 -2    0  67   0   0   0   0   0   0   0   0   0   0   0   0   0   0   0   0  33   0  0.54 0.01
   28 G    0 -3 -1 -1 -3 -2 -2  6 -2 -4 -4 -2 -3 -3 -2  0 -2 -3 -3 -3    0   0   0   0   0   0   0 100   0   0   0   0   0   0   0   0   0   0   0   0  1.07 0.01
   29 I   -2 -3 -4 -3 -1 -3 -4 -4 -4  5  2 -3  1  0 -3 -3 -1 -3 -2  3    0   0   0   0   0   0   0   0   0 100   0   0   0   0   0   0   0   0   0   0  0.43 0.01
   30 P    0 -1  0 -1 -2 -1 -1 -1 -2 -2 -3 -1 -2 -3  5  3  2 -3 -2 -2    0   0   0   0   0   0   0   0   0   0   0   0   0   0  33  48  19   0   0   0  0.62 0.01
   31 S    0 -2 -1 -2 -2 -2 -2 -2 -1 -1 -1 -2 -1  5 -2  2  2  0  1 -1    0   0   0   0   0   0   0   0   0   0   0   0   0  48   0  33  19   0   0   0  0.28 0.01
   32 S    1 -1  0  0 -1  0  0 -1 -1 -2 -2  0 -1 -3 -1  4  3 -3 -2 -1    0   0   0   0   0   0   0   0   0   0   0   0   0   0   0  81  19   0   0   0  0.43 0.01
   33 T   -1  0  0 -1 -2  5  1 -2  0 -2 -2  1 -1 -3 -1  0  2 -2 -2 -1    0   0   0   0   0  67   0   0   0   0   0   0   0   0   0   0  33   0   0   0  0.46 0.01
   34 A    4 -2 -2 -2 -1 -1 -1  0 -2 -2 -2 -1 -1 -2 -1  1  0 -3 -2  0  100   0   0   0   0   0   0   0   0   0   0   0   0   0   0   0   0   0   0   0  0.43 0.01
   35 R   -2  6 -1 -2 -4  1  0 -3  0 -3 -2  2 -2 -3 -2 -1 -1 -3 -2 -3    0 100   0   0   0   0   0   0   0   0   0   0   0   0   0   0   0   0   0   0  0.80 0.01
   36 L    0 -1  0 -1 -1 -1 -1 -1 -2 -1  1 -1  0 -1 -2  3  1 -3 -2 -1    0   0   0   0   0   0   0   0   0   0  33   0   0   0   0  67   0   0   0   0  0.22 0.01
   37 C   -1 -4 -3 -4  9 -3 -4 -3 -3 -1 -2 -3 -2 -3 -3 -1 -1 -3 -3 -1    0   0   0   0 100   0   0   0   0   0   0   0   0   0   0   0   0   0   0   0  1.32 0.02
   38 C   -1 -4 -3 -4  9 -3 -4 -3 -3 -1 -2 -3 -2 -3 -3 -1 -1 -3 -3 -1    0   0   0   0 100   0   0   0   0   0   0   0   0   0   0   0   0   0   0   0  1.32 0.02
   39 F    0 -2  0 -1 -1 -1 -1 -1 -1 -1 -1 -1 -1  3 -2  3  2 -1  1 -1    0   0   0   0   0   0   0   0   0   0   0   0   0  33   0  48  19   0   0   0  0.25 0.01
   40 R   -2  6 -1 -2 -4  1  0 -3  0 -3 -2  2 -2 -3 -2 -1 -1 -3 -2 -3    0 100   0   0   0   0   0   0   0   0   0   0   0   0   0   0   0   0   0   0  0.80 0.01
   41 Y   -2 -2 -3 -4 -2 -2 -3 -4 -1  1  3 -2  1  2 -3 -2 -1  0  4  0    0   0   0   0   0   0   0   0   0   0  67   0   0   0   0   0   0   0  33   0  0.39 0.01
   42 G    0 -3 -1 -1 -3 -2 -2  6 -2 -4 -4 -2 -3 -3 -2  0 -2 -3 -3 -3    0   0   0   0   0   0   0 100   0   0   0   0   0   0   0   0   0   0   0   0  1.07 0.01
   43 D   -2  5  0  3 -4  1  1 -2 -1 -3 -3  2 -2 -3 -2 -1 -1 -3 -2 -3    0  67   0  33   0   0   0   0   0   0   0   0   0   0   0   0   0   0   0   0  0.58 0.01
   44 C   -1 -4 -3 -4  9 -3 -4 -3 -3 -1 -2 -3 -2 -3 -3 -1 -1 -3 -3 -1    0   0   0   0 100   0   0   0   0   0   0   0   0   0   0   0   0   0   0   0  1.32 0.02
   45 C   -1 -4 -3 -4  9 -3 -4 -3 -3 -1 -2 -3 -2 -3 -3 -1 -1 -3 -3 -1    0   0   0   0 100   0   0   0   0   0   0   0   0   0   0   0   0   0   0   0  1.32 0.02
   46 H   -2  0  1 -1 -3  0  0 -2  8 -4 -3 -1 -2 -1 -2 -1 -2 -3  2 -4    0   0   0   0   0   0   0   0 100   0   0   0   0   0   0   0   0   0   0   0  0.96 0.02
   47 L   -1 -3 -3 -4 -1 -2 -3 -4 -3  2  2 -3  1 -1 -3 -2  0 -3 -1  4    0   0   0   0   0   0   0   0   0   0  28   0   0   0   0   0   0   0   0  72  0.33 0.01

                      K         Lambda
Standard Ungapped    0.1488     0.3323
Standard Gapped      0.0418     0.2670
PSI Ungapped         0.1366     0.3110
PSI Gapped           0.0418     0.2670
