
Last position-specific scoring matrix computed, weighted observed percentages rounded down, information per position, and relative weight of gapless real matches to pseudocounts
            A   R   N   D   C   Q   E   G   H   I   L   K   M   F   P   S   T   W   Y   V   A   R   N   D   C   Q   E   G   H   I   L   K   M   F   P   S   T   W   Y   V
    1 I    -1  -3  -4  -3  -1  -3  -3  -4  -4   4   2  -3   1   0  -3  -3  -1  -3  -1   3    0   0   0   0   0   0   0   0   0 100   0   0   0   0   0   0   0   0   0   0  0.38 0.00
    2 N    -2   0   6   1  -3   0   0   0   1  -4  -4   0  -2  -3  -2   1   0  -4  -2  -3    0   0 100   0   0   0   0   0   0   0   0   0   0   0   0   0   0   0   0   0  0.72 0.00
    3 N    -2   0   6   1  -3   0   0   0   1  -4  -4   0  -2  -3  -2   1   0  -4  -2  -3    0   0 100   0   0   0   0   0   0   0   0   0   0   0   0   0   0   0   0   0  0.72 0.00
    4 W    -3  -3  -4  -5  -3  -2  -3  -3  -3  -3  -2  -3  -2   1  -4  -3  -3  11   2  -3    0   0   0   0   0   0   0   0   0   0   0   0   0   0   0   0   0 100   0   0  2.29 0.00
    5 V     0  -3  -3  -3  -1  -2  -3  -3  -3   3   1  -3   1  -1  -3  -2   0  -3  -1   4    0   0   0   0   0   0   0   0   0   0   0   0   0   0   0   0   0   0   0 100  0.37 0.01
    6 R    -2   5   0  -2  -4   1   0  -3   4  -3  -3   2  -2  -3  -2  -1  -1  -3  -1  -3    0  80   0   0   0   0   0   0  20   0   0   0   0   0   0   0   0   0   0   0  0.64 0.01
    7 V     0  -3  -3  -3  -1  -3  -3  -4  -3   3   1  -3   1  -1  -3  -2   0  -3  -1   4    0   0   0   0   0   0   0   0   0  23   0   0   0   0   0   0   0   0   0  77  0.36 0.01
    8 P    -1   2  -1  -2  -3  -1  -1   4  -2  -4  -3   0  -3  -4   5  -1  -1  -3  -3  -3    0  20   0   0   0   0   0  44   0   0   0   0   0   0  36   0   0   0   0   0  0.76 0.00
    9 P    -1  -2  -2  -2  -3  -1  -1  -2  -2  -3  -3  -1  -3  -4   8  -1  -1  -4  -3  -3    0   0   0   0   0   0   0   0   0   0   0   0   0   0 100   0   0   0   0   0  2.07 0.01
   10 C    -1  -4  -3  -4  10  -3  -4  -3  -3  -1  -1  -3  -2  -3  -3  -1  -1  -3  -3  -1    0   0   0   0 100   0   0   0   0   0   0   0   0   0   0   0   0   0   0   0  1.28 0.01
   11 D    -2  -2   1   6  -4   0   2  -1  -1  -3  -4  -1  -3  -4  -2   0  -1  -5  -3  -3    0   0   0 100   0   0   0   0   0   0   0   0   0   0   0   0   0   0   0   0  0.96 0.01
   12 Q    -1   1   0   0  -3   6   2  -2   0  -3  -2   1  -1  -4  -1   0  -1  -2  -2  -2    0   0   0   0   0 100   0   0   0   0   0   0   0   0   0   0   0   0   0   0  0.69 0.01
   13 V     0  -3  -3  -3  -1  -2  -3  -3  -3   3   1  -3   1  -1  -3  -2   0  -3  -1   4    0   0   0   0   0   0   0   0   0   0   0   0   0   0   0   0   0   0   0 100  0.37 0.01
   14 C    -1  -4  -3  -4  10  -3  -4  -3  -3  -1  -1  -3  -2  -3  -3  -1  -1  -3  -3  -1    0   0   0   0 100   0   0   0   0   0   0   0   0   0   0   0   0   0   0   0  1.28 0.01
   15 S     1  -1   0  -1  -1   0   0  -1  -1  -3  -3   0  -2  -3   4   4   1  -3  -2  -2    0   0   0   0   0   0   0   0   0   0   0   0   0   0  23  77   0   0   0   0  0.56 0.01
   16 R    -2   6  -1  -2  -4   1   0  -3   0  -3  -2   2  -2  -3  -2  -1  -1  -3  -2  -3    0 100   0   0   0   0   0   0   0   0   0   0   0   0   0   0   0   0   0   0  0.78 0.01
   17 S    -1  -2  -2  -2  -1  -2  -2  -3  -3   3   1  -2   1  -1  -2   1   2  -3  -2   2    0   0   0   0   0   0   0   0   0  64   0   0   0   0   0  18  18   0   0   0  0.19 0.00
   18 N    -1  -1   4   4  -3  -1   0  -1  -1  -1  -2  -1  -2  -3  -2   0   0  -4  -2   0    0   0  36  40   0   0   0   0   0   0   0   0   0   0   0   0   0   0   0  23  0.37 0.00
   19 P    -1   2  -2  -2  -3  -1  -1  -2  -2  -3  -3   0  -2  -4   7  -1  -1  -4  -3  -3    0  20   0   0   0   0   0   0   0   0   0   0   0   0  80   0   0   0   0   0  1.54 0.01
   20 E    -1   0   0   2  -4   2   5  -2   0  -4  -3   1  -2  -4  -1   0  -1  -3  -2  -3    0   0   0   0   0   0 100   0   0   0   0   0   0   0   0   0   0   0   0   0  0.76 0.01
   21 K    -1   4   0  -1  -3   1   1  -2  -1  -3  -3   5  -2  -3  -1   0  -1  -3  -2  -3    0  23   0   0   0   0   0   0   0   0   0  77   0   0   0   0   0   0   0   0  0.53 0.01
   22 D    -2  -1   1   6  -4   0   1  -2   4  -3  -4  -1  -3  -3  -2   0  -1  -4  -1  -3    0   0   0  77   0   0   0   0  23   0   0   0   0   0   0   0   0   0   0   0  0.73 0.01
   23 E    -1   0   0   2  -4   2   5  -2   0  -4  -3   1  -2  -4  -1   0  -1  -3  -2  -3    0   0   0   0   0   0 100   0   0   0   0   0   0   0   0   0   0   0   0   0  0.76 0.01
   24 C    -1  -4  -3  -4  10  -3  -4  -3  -3  -1  -1  -3  -2  -3  -3  -1  -1  -3  -3  -1    0   0   0   0 100   0   0   0   0   0   0   0   0   0   0   0   0   0   0   0  1.28 0.01
   25 C    -1  -4  -3  -4  10  -3  -4  -3  -3  -1  -1  -3  -2  -3  -3  -1  -1  -3  -3  -1    0   0   0   0 100   0   0   0   0   0   0   0   0   0   0   0   0   0   0   0  1.28 0.01
   26 R    -2   6  -1  -2  -4   1   0  -3   0  -3  -2   2  -2  -3  -2  -1  -1  -3  -2  -3    0 100   0   0   0   0   0   0   0   0   0   0   0   0   0   0   0   0   0   0  0.78 0.01
   27 A     4  -2  -2  -2   0  -1  -1   0  -2  -1  -2  -1  -1  -2  -1   1   0  -3  -2   0  100   0   0   0   0   0   0   0   0   0   0   0   0   0   0   0   0   0   0   0  0.42 0.01
   28 H    -2   0   1  -1  -3   0   0  -2   8  -4  -3  -1  -2  -1  -2  -1  -2  -3   2  -3    0   0   0   0   0   0   0   0 100   0   0   0   0   0   0   0   0   0   0   0  0.93 0.01
   29 G     0  -3  -1  -1  -3  -2  -2   6  -2  -4  -4  -2  -3  -3  -2   0  -2  -3  -3  -3    0   0   0   0   0   0   0 100   0   0   0   0   0   0   0   0   0   0   0   0  1.06 0.01
   30 H    -2   2  -1  -2  -3   0  -1  -3   6  -3  -2   0  -1   1  -3  -1  -2   0   5  -2    0  23   0   0   0   0   0   0  36   0   0   0   0   0   0   0   0   0  40   0  0.51 0.01
   31 A     2   2   0  -1  -1   0   0   0  -1  -2  -2   0  -1  -3  -1   3   1  -3  -2  -1   36  20   0   0   0   0   0   0   0   0   0   0   0   0   0  44   0   0   0   0  0.30 0.00
   32 F    -1  -3  -1  -2  -3  -2  -3   5  -2  -2  -2  -2  -2   4  -3  -1  -2  -1   1  -2    0   0   0   0   0   0   0  64   0   0   0   0   0  36   0   0   0   0   0   0  0.57 0.01
   33 H    -2  -1   0  -2  -3   0  -1  -3   8  -3  -3  -1  -2   0  -3  -1  -2  -1   4  -3    0   0   0   0   0   0   0   0  77   0   0   0   0   0   0   0   0   0  23   0  0.75 0.01
   34 A     3  -1  -1  -1  -1  -1  -1   0  -1  -2  -2  -1  -1  -3  -1   3   1  -3  -2  -1   60   0   0   0   0   0   0   0   0   0   0   0   0   0   0  40   0   0   0   0  0.36 0.01
   35 H     0  -1   0  -1  -2   0  -1  -1   4  -2  -2  -1  -1   0  -2   2   2  -1   3  -2    0   0   0   0   0   0   0   0  18   0   0   0   0   0   0  40  18   0  23   0  0.28 0.00
   36 C    -1  -4  -3  -4  10  -3  -4  -3  -3  -1  -1  -3  -2  -3  -3  -1  -1  -3  -3  -1    0   0   0   0 100   0   0   0   0   0   0   0   0   0   0   0   0   0   0   0  1.28 0.01
   37 N     0  -1   3   3  -2   0   0  -1   0  -3  -3  -1  -2   0  -2   2   0  -1   3  -2    0   0  18  20   0   0   0   0   0   0   0   0   0   0   0  42   0   0  20   0  0.29 0.00
   38 G     0  -2  -1  -2  -3  -2  -2   5  -1  -3  -3  -2  -2  -1  -3  -1  -2  -1   3  -3    0   0   0   0   0   0   0  80   0   0   0   0   0   0   0   0   0   0  20   0  0.76 0.01
   39 G     0   2  -1  -2  -3  -1  -2   5  -2  -4  -4   0  -3  -3  -2   0  -2  -3  -3  -3    0  20   0   0   0   0   0  80   0   0   0   0   0   0   0   0   0   0   0   0  0.77 0.01
   40 M    -1  -2  -2  -3  -2  -1  -2  -3  -2   1   2  -2   6   0  -3  -2  -1  -2  -1   1    0   0   0   0   0   0   0   0   0   0   0   0 100   0   0   0   0   0   0   0  0.37 0.01
   41 N    -1   0   3   1  -3   3   3  -2   0  -2  -2   0  -1  -3  -1   1   2  -3  -2  -2    0   0  24   0   0  24  26   0   0   0   0   0   0   0   0   0  26   0   0   0  0.36 0.00
   42 C     0  -4  -3  -4   9  -3  -4  -3  -3  -1  -1  -3  -2  -3  -3  -1  -1  -3  -3  -1    0   0   0   0 100   0   0   0   0   0   0   0   0   0   0   0   0   0   0   0  1.24 0.01
   43 Y    -2  -2  -2  -3  -3  -2  -2  -3   2  -1  -1  -2  -1   3  -3  -2  -2   2   7  -1    0   0   0   0   0   0   0   0   0   0   0   0   0   0   0   0   0   0 100   0  0.88 0.01
   44 R    -2   6   0  -2  -4   1   0  -3   0  -3  -2   2  -1  -3  -2  -1  -1  -3  -2  -3    0 100   0   0   0   0   0   0   0   0   0   0   0   0   0   0   0   0   0   0  0.74 0.00
   45 R    -2   6   0  -2  -4   1   0  -3   0  -3  -2   2  -1  -3  -2  -1  -1  -3  -2  -3    0 100   0   0   0   0   0   0   0   0   0   0   0   0   0   0   0   0   0   0  0.74 0.00

                      K         Lambda
Standard Ungapped    0.1385     0.3265
Standard Gapped      0.0410     0.2670
PSI Ungapped         0.1385     0.3265
PSI Gapped           0.0410     0.2670
