
Last position-specific scoring matrix computed, weighted observed percentages rounded down, information per position, and relative weight of gapless real matches to pseudocounts
            A   R   N   D   C   Q   E   G   H   I   L   K   M   F   P   S   T   W   Y   V   A   R   N   D   C   Q   E   G   H   I   L   K   M   F   P   S   T   W   Y   V
    1 G     0  -2   0  -1  -3  -2  -2   6  -2  -4  -4  -2  -3  -3  -2   2  -1  -3  -3  -3    0   0   0   0   0   0   0  77   0   0   0   0   0   0   0  23   0   0   0   0  0.86 0.05
    2 F    -2  -3  -4  -4  -2  -3  -3  -4  -3   3   3  -3   1   3  -3  -3  -1  -1   0   2    0   0   0   0   0   0   0   0   0  35  41   0   0  20   0   0   0   0   0   5  0.37 0.03
    3 L    -2   1  -3  -4  -2  -2  -3  -4  -3   1   4  -1   3   0  -3  -2  -1  -2  -1   0    0  15   0   0   0   0   0   0   0   0  73   0  11   0   0   0   0   0   0   0  0.38 0.04
    4 D    -2  -2   2   6  -4  -1   1  -2  -1  -4  -4  -1  -3  -4  -2   0   0  -5  -3  -3    0   0   5  84   0   0   0   0   0   0   0   0   0   0   0   7   5   0   0   0  0.89 0.06
    5 T     0   0   0  -1  -2   0  -1  -2  -2  -2  -2   2  -1  -3  -1   2   4  -3  -2  -1    0   0   0   0   0   0   0   0   0   0   0  21   0   0   0  23  57   0   0   0  0.40 0.05
    6 L    -2  -3  -3  -4  -2  -3  -3  -1  -2   1   3  -3   1   4  -4  -3  -2  -1   1   0    0   0   0   0   0   0   0   6   0  10  46   0   0  38   0   0   0   0   0   0  0.38 0.04
    7 K    -1   2  -1  -1  -4   1   0  -2  -1  -3  -3   6  -2  -4  -1  -1  -1  -4  -2  -3    0   0   0   0   0   0   0   0   0   0   0 100   0   0   0   0   0   0   0   0  0.73 0.08
    8 N    -1  -1   5   2  -3   2   1   0   1  -3  -3   0  -2  -3  -2   0   1  -4  -2  -3    0   0  53  10   0  11   5   6   4   0   0   0   0   0   0   0  11   0   0   0  0.47 0.04
    9 M     0  -2  -3  -4  -1  -2  -3  -3  -3   2   3  -2   2   2  -3  -2  -1   3   0   2   14   0   0   0   0   0   0   0   0   6  39   0  11  10   0   0   0   5   0  16  0.24 0.02
   10 A     4  -2  -2  -2  -1  -1  -1   2  -2  -1  -1  -1   2  -2  -2   1  -1  -3  -2  -1   74   0   0   0   0   0   0  12   0   0   0   0  14   0   0   0   0   0   0   0  0.37 0.05
   11 I     0  -1  -3  -3  -2  -2  -2  -3  -3   4   1   1   1  -1  -3  -2  -1  -3  -2   2    6   0   0   0   0   0   0   0   0  67   4  19   0   0   0   0   0   0   0   4  0.25 0.04
   12 N     0  -1   2   2  -2  -1   0   2  -1  -3  -3   0  -2  -3  -2   2   2  -3  -3  -2    0   0  16  15   0   0   0  23   0   0   0   5   0   0   0  20  21   0   0   0  0.33 0.02
   13 A     3  -2  -2  -3  -1  -2  -2  -1  -3   1   1  -2   0  -2  -2   0   0  -3  -2   2   57   0   0   0   0   0   0   0   0  10  11   0   0   0   0   0   0   0   0  22  0.24 0.04
   14 A     4  -2  -2  -2  -1  -1  -2   3  -2  -2  -1  -1  -1  -3  -2   1  -1  -3  -2  -1   68   0   0   0   0   0   0  25   0   0   7   0   0   0   0   0   0   0   0   0  0.41 0.05
   15 K    -1   2  -1  -1  -4   2   1  -2  -1  -3  -3   5  -2  -4  -2  -1  -1  -3  -2  -3    0   5   0   0   0   7   0   0   0   0   0  88   0   0   0   0   0   0   0   0  0.65 0.07
   16 G     0  -2   0  -1  -2  -1  -1   5  -2  -3  -3  -1  -2  -3  -2   3   1  -3  -3  -3    0   0   0   0   0   0   0  56   0   0   0   0   0   0   0  37   6   0   0   0  0.62 0.05
   17 A     4  -2  -2  -2  -1  -1  -2  -1  -2   0  -1  -1  -1  -2  -1   1   0  -3  -2   1   79   0   0   0   0   0   0   0   0   5   0   0   0   0   0   0   0   0   0  16  0.37 0.05
   18 G     1  -3  -1  -2  -2  -2  -2   5  -3  -2   0  -2  -1  -2  -2  -1  -2  -3  -3  -2   16   0   0   0   0   0   0  63   0   0  21   0   0   0   0   0   0   0   0   0  0.54 0.04
   19 V    -1   1  -1  -1  -3   4   1  -2  -1  -1  -2   3  -1  -3  -2   0   2  -3  -2   0    0   0   0   0   0  45   0   0   0   0   0  24   0   0   0   0  20   0   0  11  0.35 0.05
   20 S     0  -2   0  -1  -2  -1  -1   4  -2  -3  -3  -1  -2  -3  -2   3   2  -3  -3  -2    0   0   0   0   0   0   0  42   0   0   0   0   0   0   0  44  14   0   0   0  0.50 0.04
   21 V     1  -3  -3  -4  -1  -2  -3  -3  -3   2   2  -2   1  -1  -3  -2  -1  -3  -2   3   14   0   0   0   0   0   0   0   0   0  33   0   0   0   0   0   0   0   0  53  0.29 0.04
   22 L    -2  -3  -4  -4  -2  -3  -3  -4  -3   2   4  -3   2   0  -3  -3  -1  -2  -1   1    0   0   0   0   0   0   0   0   0   0  90   0   0   0   0   0   0   0   0  10  0.53 0.05
   23 N    -1   0   5   0  -3   0   0  -1   0  -3  -3   3  -2  -3  -2   2   1  -4  -2  -3    0   0  47   0   0   0   0   0   0   0   0  31   0   0   0  17   5   0   0   0  0.45 0.05
   24 A     1  -1  -1  -2  -1  -1  -1  -2   1  -1  -1   0   0  -2  -1   1   4  -3  -2  -1   17   0   0   0   0   0   0   0   4   0   0   5   5   0   0   4  64   0   0   0  0.35 0.05
   25 L     1  -2  -3  -3  -1  -2  -3  -2  -3   1   3  -2   1   0  -3  -1  -1  -2  -2   1   26   0   0   0   0   0   0   0   0   5  64   0   0   0   0   0   0   0   0   4  0.29 0.04
   26 S     2  -1   0  -1  -1  -1  -1  -1  -2  -1   0  -1   1  -2  -1   4   1  -3  -2  -1   14   0   0   0   0   0   0   0   0   5   9   0   6   0   0  66   0   0   0   0  0.29 0.05
   27 C    -1  -4  -3  -4  10  -4  -4  -3  -4  -2  -2  -4  -2  -3  -4  -1  -1  -3  -3  -1    0   0   0   0 100   0   0   0   0   0   0   0   0   0   0   0   0   0   0   0  1.70 0.11
   28 K    -1   2  -1  -1  -4   2   1  -2  -1  -3  -3   5  -2  -4  -1  -1  -1  -3  -2  -3    0   0   0   0   0   9   0   0   0   0   0  91   0   0   0   0   0   0   0   0  0.66 0.07
   29 L    -2  -3  -4  -4  -2  -3  -3  -4  -3   3   4  -3   2   0  -3  -3  -1  -2  -1   1    0   0   0   0   0   0   0   0   0  25  75   0   0   0   0   0   0   0   0   0  0.49 0.04
   30 F     1  -1   0   4  -2   0   1  -1  -1  -3  -3  -1  -2  -1  -1   2   0  -3  -2  -2   16   0   0  39   0   0   6   0   0   0   0   0   0   3   0  35   0   0   0   0  0.39 0.04
   31 K    -1   2   1  -1  -4   1   0   1  -1  -3  -3   5  -2  -4  -2   0  -1  -3  -2  -3    0   4   5   0   0   0   0  15   0   0   0  76   0   0   0   0   0   0   0   0  0.51 0.05
   32 T     0  -1   0  -1  -1   2   0  -2  -1  -2  -2   0  -1  -3  -1   3   4  -3  -2  -1    0   0   0   0   0  15   0   0   0   0   0   0   0   0   0  29  56   0   0   0  0.43 0.05
   33 C    -1  -4  -3  -4  10  -4  -4  -3  -4  -2  -2  -4  -2  -3  -4  -1  -1  -3  -3  -1    0   0   0   0 100   0   0   0   0   0   0   0   0   0   0   0   0   0   0   0  1.70 0.11

                      K         Lambda
Standard Ungapped    0.1337     0.3231
Standard Gapped      0.0432     0.2670
PSI Ungapped         0.1410     0.3172
PSI Gapped           0.0432     0.2670
