
Last position-specific scoring matrix computed, weighted observed percentages rounded down, information per position, and relative weight of gapless real matches to pseudocounts
            A   R   N   D   C   Q   E   G   H   I   L   K   M   F   P   S   T   W   Y   V   A   R   N   D   C   Q   E   G   H   I   L   K   M   F   P   S   T   W   Y   V
    1 R    -2   6  -1  -2  -5   2  -1  -3  -1  -4  -3   4  -2  -4  -3  -2  -2  -4  -3  -4    0  62   0   0   0   8   0   0   0   0   0  30   0   0   0   0   0   0   0   0  1.02 0.19
    2 T    -1  -2  -1   1  -2  -1   0  -3   0   1  -1  -1   1  -2  -3  -1   4  -4  -2   1    0   0   0   8   0   0   8   0   4  12   4   4   6   0   0   0  44   0   0  12  0.31 0.14
    3 C    -3  -6  -5  -6  11  -5  -6  -5  -5  -3  -3  -5  -4  -5  -5  -3  -3  -5  -5  -3    0   0   0   0 100   0   0   0   0   0   0   0   0   0   0   0   0   0   0   0  3.04 0.44
    4 A    -1   2  -1  -1  -4   2   3  -3  -2  -3  -1   4   2  -3  -2  -1  -1  -4  -3  -3    2  13   0   0   0   6  30   0   0   0   7  33   8   0   0   0   2   0   0   0  0.48 0.15
    5 S     1   1   1  -1  -2   0  -1  -1  -2  -2  -3   1  -2  -3  -2   3   3  -4  -3  -1   15   7   8   0   0   1   0   2   0   0   0   7   0   0   0  34  22   0   0   3  0.36 0.13
    6 Q    -2   2  -1   0  -4   3   2  -3  -1  -3   0   3  -2  -3   3  -1  -2  -4  -3  -3    0  11   0   3   0  21  16   0   0   0  11  20   0   0  16   2   0   0   0   0  0.45 0.13
    7 S    -1  -2  -1  -2   4  -2  -2  -2  -3  -4  -4   0  -3  -4  -3   6   0  -4  -3  -3    0   0   0   0   9   0   0   0   0   0   0   6   0   0   0  85   0   0   0   0  1.05 0.29
    8 Q     0  -1   2   2  -3   0   1  -1   5  -3  -1   1   0  -3   2  -1  -2  -4  -1  -3   10   0  13  11   0   3   6   4  26   0   5   9   4   0   9   0   0   0   0   0  0.34 0.12
    9 R    -1   3   1  -1  -3  -1  -1   2   0  -3  -2   2  -2  -1  -2   0   2  -3   0  -3    0  19   5   2   0   0   0  18   3   0   2  21   0   3   0   3  19   0   4   0  0.28 0.11
   10 F    -4  -5  -5  -6  -4  -5  -5  -5  -3  -2  -2  -5  -2   8  -6  -4  -4   7   3  -3    0   0   0   0   0   0   0   0   0   0   0   0   0  77   0   0   0  17   5   0  1.78 0.31
   11 K    -2   1   0   1  -4   1   0  -2   3  -3  -3   5  -2  -4   1   0  -1  -4  -2  -2    0   6   2   6   0   3   3   0   9   0   0  52   0   0   6   7   0   0   0   4  0.50 0.15
   12 G    -1  -4  -2  -3  -4  -3  -4   7  -3  -5  -5  -3  -4  -4  -4   0  -3  -4  -1  -5    0   0   0   0   0   0   0  91   0   0   0   0   0   0   0   6   0   0   3   0  1.56 0.29
   13 K     1   0  -3  -3  -2  -2  -2  -3   0   1   1  -1   2  -1   4  -1   0  -3   0   1   14   5   0   0   0   0   0   0   3   9  16   1   7   0  23   0   5   0   5  13  0.29 0.09
   14 C    -3  -6  -5  -6  11  -5  -6  -5  -5  -3  -4  -5  -4  -5  -5  -3  -3  -5  -5  -3    0   0   0   0 100   0   0   0   0   0   0   0   0   0   0   0   0   0   0   0  3.08 0.46
   15 V    -2  -3  -2  -4  -2  -3  -3  -2  -3   3   2  -3   2   2  -3  -2   1  -2  -1   2    0   0   2   0   0   0   0   3   0  21  27   0   5  13   0   0   9   0   0  19  0.33 0.11
   16 S    -1   2   3  -1  -3  -1  -1   0   0  -1  -3   0  -2  -3   0   4   1  -4  -3  -2    0  13  16   0   0   0   0   6   1   5   0   4   0   0   3  41   9   0   0   0  0.38 0.15
   17 D    -1  -1   2   5  -4  -1   1  -2  -2  -4  -4   2  -3  -4  -3   1   0   3  -3  -4    2   0   7  48   0   0   3   0   0   0   0  16   0   0   0  12   7   4   0   0  0.67 0.18
   18 T     0   1   1  -1  -3   0  -1  -1   3  -3  -3   2  -2  -3   1   1   3  -4  -2  -2    6   8   5   2   0   4   0   3  13   0   0  15   0   0   6  13  26   0   0   0  0.30 0.11
   19 N    -3  -2   7   1  -4  -2  -2  -1   1  -5  -5  -2  -4  -5   3   0   0  -5  -3  -4    0   0  64   5   0   0   0   3   3   0   0   0   0   0  15   5   5   0   0   0  1.01 0.24
   20 C    -3  -6  -5  -6  11  -5  -6  -5  -5  -3  -4  -5  -4  -5  -5  -3  -3  -5  -5  -3    0   0   0   0 100   0   0   0   0   0   0   0   0   0   0   0   0   0   0   0  3.08 0.46
   21 E     4   1   0   2  -2   0   0   0  -2  -2  -3   0  -2  -3  -2   0  -1  -4  -3   0   48   8   3  12   0   3   4   3   0   0   0   6   0   0   0   3   0   0   0   9  0.30 0.13
   22 N     0   0   3  -1  -3   2  -1  -2   3  -1  -2   3  -2  -3  -2   1   1  -4  -2  -2    6   3  18   0   0  10   0   0  10   6   3  24   0   0   0  12   9   0   0   0  0.28 0.11
   23 V     1  -3  -3  -4   4  -3  -3  -3   2   1  -1  -3  -1  -2  -3   0  -1  -4  -2   5   14   0   0   0   9   0   0   0   9   3   0   0   0   0   0   9   0   0   0  56  0.50 0.19
   24 C    -3  -6  -5  -6  11  -5  -6  -5  -5  -3  -4  -5  -4  -5  -5  -3  -3  -5  -5  -3    0   0   0   0 100   0   0   0   0   0   0   0   0   0   0   0   0   0   0   0  3.08 0.46
   25 H    -2   4   0  -1  -4   2   0  -3   3   0   0   1   0  -3  -1  -1  -1  -3  -2  -2    0  33   3   3   0  14   5   0  10   8  11   6   2   0   2   0   3   0   0   0  0.32 0.12
   26 N    -1   2   2   0  -3   2   0  -1  -1  -3  -3   2  -2  -3   0   1   3  -3   0  -2    0  10  12   5   0  14   0   3   0   0   0  15   0   0   3  12  23   0   4   0  0.30 0.11
   27 E     0  -2  -2   0  -5   0   7  -4  -2  -5  -4  -1  -4  -4  -3  -2  -3  -4   1  -4    6   0   0   0   0   0  89   0   0   0   0   0   0   0   0   0   0   0   5   0  1.34 0.31
   28 G    -1   0   1  -1  -4  -2  -2   5   4  -5  -4   2  -3  -4  -3  -1  -2  -4  -1  -4    0   4   6   3   0   0   0  56  13   0   0  15   0   0   0   2   0   0   2   0  0.76 0.18
   29 F    -4  -4  -5  -5  -4  -4  -5  -5  -2  -2   0  -5  -1   7  -5  -4  -4   6   4  -2    0   0   0   0   0   0   0   0   0   0   9   0   0  65   0   0   0  13  13   0  1.41 0.27
   30 P    -1  -2  -1  -1  -3  -2  -2   0  -3  -1   0  -1   1  -3   5   2   2  -4  -3  -1    0   0   2   3   0   0   0   9   0   2   9   3   5   0  27  20  16   0   0   5  0.42 0.12
   31 G     0   0   0   4  -3  -2  -1   5  -2  -4  -4  -2  -3  -4  -3   1  -1  -4  -4  -4    6   7   3  26   0   0   0  46   0   0   0   0   0   0   0   9   3   0   0   0  0.66 0.16
   32 G    -1  -4  -2  -3  -4  -4  -4   7  -4  -6  -6  -3  -5  -5  -4  -2  -3  -4  -5  -5    0   0   0   0   0   0   0 100   0   0   0   0   0   0   0   0   0   0   0   0  1.87 0.32
   33 D    -2   2   2   2  -4   1   0  -2   4  -3  -3   3  -2  -3  -3   0  -1  -4  -2  -1    0  15  14  13   0   3   2   0  17   0   0  23   0   0   0   5   0   0   0   8  0.40 0.13
   34 C    -3  -6  -5  -6  11  -5  -6  -5  -5  -3  -4  -5  -4  -5  -5  -3  -3  -5  -5  -3    0   0   0   0 100   0   0   0   0   0   0   0   0   0   0   0   0   0   0   0  3.07 0.45
   35 R    -2   3   0   3  -3   1   0  -2   4  -2  -2   1  -2  -3  -3   1  -1  -4  -2  -1    0  19   3  19   0   4   0   0  16   2   3  10   0   0   0  15   0   0   0   7  0.31 0.12
   36 G    -1  -1  -1   1  -3  -2  -2   5   0  -2  -4   1  -3  -4   0  -1  -2  -3  -3  -2    2   2   0   8   0   0   0  57   3   2   0  13   0   0   4   3   0   0   0   2  0.63 0.15
   37 F     0  -3  -3  -3  -2  -3  -3  -3  -2   3   1  -3   0   4   0  -2  -1  -1   1   2    7   1   1   1   0   1   1   1   0  26  10   1   0  28   5   1   3   0   3  12  0.30 0.09
   38 R    -1   3  -1   1  -3   0   0  -1   1  -1   1   0   1   1  -2   0   0  -2  -1  -1    1  23   0   8   0   2   6   6   4   0  22   0   5   8   0   5   7   0   0   0  0.12 0.07
   39 R    -3   7   0  -3  -4  -1  -2  -2  -2  -4  -2   0  -2   2  -4  -2  -3  -3  -2  -3    0  77   3   0   0   0   0   2   0   0   3   0   0  12   0   0   0   0   0   0  1.10 0.25
   40 R    -3   7  -2  -3  -5   2  -1  -3   1  -4  -4   3  -3  -4  -3  -2  -2  -4  -3  -4    0  68   0   0   0   7   0   0   4   0   0  18   0   0   0   0   0   0   0   0  1.11 0.24
   41 C    -3  -6  -5  -6  11  -5  -6  -5  -5  -3  -4  -5  -4  -5  -5  -3  -3  -5  -5  -3    0   0   0   0 100   0   0   0   0   0   0   0   0   0   0   0   0   0   0   0  3.07 0.45
   42 F    -2  -2  -3  -3  -3  -2   0  -4   1   0   1   0   2   4  -4  -3  -2   5   4   0    0   0   0   0   0   0   7   0   4   6  12   9   7  22   0   0   0   8  20   5  0.41 0.12
   43 C    -3  -6  -5  -6  11  -5  -6  -5  -5  -3  -4  -5  -4  -5  -5  -3  -3  -5  -5  -3    0   0   0   0 100   0   0   0   0   0   0   0   0   0   0   0   0   0   0   0  3.07 0.45
   44 T    -1  -1   1  -1  -2   1   0  -3  -2   1  -1  -1   0  -2  -2   1   4  -3   1  -1    0   3   7   3   0   7   4   0   0   9   5   2   2   0   0   7  44   0   6   1  0.31 0.14
   45 R    -2   5  -2  -3  -5   0  -1  -3  -2  -4  -1   5  -2  -4  -3  -2  -1  -4  -3  -3    0  44   0   0   0   0   0   0   0   0   6  46   0   0   0   0   3   0   0   0  0.94 0.23
   46 N    -1  -1   2   1  -3   2   0  -2   3  -2  -2   0  -2  -4   5   0  -1  -4  -2  -2    3   2  13   8   0  13   4   2   9   2   3   4   0   0  29   5   0   0   0   2  0.50 0.12
   47 C    -3  -6  -5  -6  11  -5  -6  -5  -5  -4  -4  -6  -4  -5  -5  -3  -3  -5  -5  -3    0   0   0   0 100   0   0   0   0   0   0   0   0   0   0   0   0   0   0   0  3.12 0.45

                      K         Lambda
Standard Ungapped    0.1402     0.3296
Standard Gapped      0.0488     0.2670
PSI Ungapped         0.1596     0.3175
PSI Gapped           0.0488     0.2670
