
Last position-specific scoring matrix computed, weighted observed percentages rounded down, information per position, and relative weight of gapless real matches to pseudocounts
            A   R   N   D   C   Q   E   G   H   I   L   K   M   F   P   S   T   W   Y   V   A   R   N   D   C   Q   E   G   H   I   L   K   M   F   P   S   T   W   Y   V
    1 G     0  -3  -1  -2  -3  -2  -2   6  -2  -4  -4  -2  -3  -4  -2   0  -2  -3  -3  -4    0   0   0   0   0   0   0 100   0   0   0   0   0   0   0   0   0   0   0   0  1.09 0.02
    2 L    -2  -3  -4  -4  -2  -3  -3  -4  -2   2   3  -3   1   4  -3  -3  -2  -1   1   1    0   0   0   0   0   0   0   0   0  17  44   0   0  39   0   0   0   0   0   0  0.39 0.01
    3 M    -1  -2  -3  -3  -2  -1  -3  -3  -2   1   3  -2   5   2  -3  -2   0  -1  -1   1    0   0   0   0   0   0   0   0   0   0  34   0  50   8   0   0   7   0   0   0  0.31 0.02
    4 S    -1  -1   2   5  -3   0   1  -1  -1  -3  -4  -1  -3  -3  -1   2   0  -4  -3  -3    0   0   8  56   0   0   0   0   0   0   0   0   0   0   0  36   0   0   0   0  0.57 0.02
    5 T     0  -1   0  -1  -1  -1  -1  -2  -2  -1  -1  -1  -1  -2  -1   1   5  -3  -2   0    0   0   0   0   0   0   0   0   0   0   0   0   0   0   0   0 100   0   0   0  0.56 0.03
    6 L     1  -3  -3  -3  -1  -2  -3  -3  -3   2   2  -2   1  -1  -3  -1   0  -3  -1   3   14   0   0   0   0   0   0   0   0  10  26   0   0   0   0   0   0   0   0  50  0.25 0.01
    7 K    -1   2   0  -1  -4   1   1  -2  -1  -3  -3   5  -2  -4  -1   0  -1  -3  -2  -3    0   0   0   0   0   0   0   0   0   0   0 100   0   0   0   0   0   0   0   0  0.60 0.03
    8 G    -1  -1   5   1  -3  -1  -1   4   0  -4  -4  -1  -3  -3  -2   0  -1  -4  -3  -3    0   0  64   0   0   0   0  36   0   0   0   0   0   0   0   0   0   0   0   0  0.64 0.02
    9 A     2  -2  -2  -3  -1  -2  -2  -2  -3   1   2  -2   1  -1  -2   0   1  -3  -2   2   26   0   0   0   0   0   0   0   0   0  25   0   0   0   0   0  10   0   0  39  0.18 0.01
   10 A     5  -2  -2  -2  -1  -1  -1   0  -2  -2  -2  -1  -1  -3  -1   1   0  -3  -2   0  100   0   0   0   0   0   0   0   0   0   0   0   0   0   0   0   0   0   0   0  0.46 0.02
   11 T    -1   1   0  -1  -2   1   0  -2  -1  -2  -2   4  -1  -3  -1   0   3  -3  -2  -2    0   0   0   0   0   0   0   0   0   0   0  64   0   0   0   0  36   0   0   0  0.38 0.02
   12 N    -2  -1   6   1  -3   0  -1  -1   0  -3  -4   0  -2  -3  -2   1   1  -4  -2  -3    0   0  90   0   0   0   0   0   0   0   0   0   0   0   0   0  10   0   0   0  0.71 0.03
   13 V    -1  -3  -3  -4  -1  -3  -3  -4  -3   2   2  -3   1  -1  -3  -2   0  -3  -1   4    0   0   0   0   0   0   0   0   0   0  25   0   0   0   0   0   0   0   0  75  0.35 0.02
   14 A     5  -2  -2  -2  -1  -1  -1   0  -2  -2  -2  -1  -1  -3  -1   1   0  -3  -2   0  100   0   0   0   0   0   0   0   0   0   0   0   0   0   0   0   0   0   0   0  0.46 0.02
   15 V     1  -3  -1  -2  -2  -2  -2   5  -3   0  -1  -2  -1  -2  -2  -1  -1  -3  -2   2   10   0   0   0   0   0   0  55   0   0   0   0   0   0   0   0   0   0   0  34  0.42 0.01
   16 T     0  -1   0  -1  -1   1  -1   1   2   0  -1  -1  -1  -2  -2   1   3  -3  -1   1    0   0   0   0   0   7   0  10   8   0   0   0   0   0   0  10  49   0   0  15  0.21 0.01
   17 L    -1  -2  -4  -4  -1  -2  -3  -4  -3   2   4  -3   3   0  -3  -2  -1  -2  -1   2    0   0   0   0   0   0   0   0   0   0  67   0   8   0   0   0   0   0   0  25  0.37 0.01
   18 L    -2  -3  -4  -4  -1  -3  -3  -4  -3   3   4  -3   2   0  -3  -3  -1  -2  -1   1    0   0   0   0   0   0   0   0   0  24  76   0   0   0   0   0   0   0   0   0  0.43 0.01
   19 N    -2  -2   2   6  -4   0   1  -1  -1  -4  -4  -1  -3  -4  -2   0  -1  -5  -3  -4    0   0  11  89   0   0   0   0   0   0   0   0   0   0   0   0   0   0   0   0  0.91 0.02
   20 K    -1   2   0  -1  -3   1   0  -2  -1  -2  -2   4  -1  -3  -1   0   2  -3  -2  -2    0   0   0   0   0   0   0   0   0   0   0  75   0   0   0   0  25   0   0   0  0.42 0.02
   21 L    -2  -3  -4  -4  -1  -3  -3  -4  -3   3   4  -3   2   0  -3  -3  -1  -2  -1   1    0   0   0   0   0   0   0   0   0  26  74   0   0   0   0   0   0   0   0   0  0.43 0.01
   22 Q    -1   3   0  -1  -3   2   1  -2  -1  -3  -3   5  -1  -3  -1   0  -1  -3  -2  -3    0  16   0   0   0  11   0   0   0   0   0  74   0   0   0   0   0   0   0   0  0.53 0.02
   23 C    -1  -4  -3  -4  10  -3  -4  -3  -4  -2  -2  -4  -2  -3  -3  -1  -1  -3  -3  -1    0   0   0   0 100   0   0   0   0   0   0   0   0   0   0   0   0   0   0   0  1.41 0.04
   24 K    -1   2   0  -1  -4   1   1  -2  -1  -3  -3   5  -2  -4  -1   0  -1  -3  -2  -3    0   0   0   0   0   0   0   0   0   0   0 100   0   0   0   0   0   0   0   0  0.60 0.03
   25 L    -1  -3  -3  -4  -1  -2  -3  -4  -3   4   2  -3   2   0  -3  -2  -1  -3  -1   3    0   0   0   0   0   0   0   0   0  47  11   0  10   0   0   0   0   0   0  32  0.34 0.01
   26 T     0  -1   0  -1  -1  -1  -1  -2  -2  -1  -1  -1  -1  -2  -1   1   5  -3  -2   0    0   0   0   0   0   0   0   0   0   0   0   0   0   0   0   0 100   0   0   0  0.56 0.03
   27 G     0  -3  -1  -2  -3  -2  -2   6  -2  -4  -4  -2  -3  -4  -2   0  -2  -3  -3  -4    0   0   0   0   0   0   0 100   0   0   0   0   0   0   0   0   0   0   0   0  1.10 0.02
   28 T     0  -2   0  -1  -2  -2  -2   6  -2  -3  -3  -2  -3  -3  -2   0   1  -3  -3  -3    0   0   0   0   0   0   0  84   0   0   0   0   0   0   0   0  16   0   0   0  0.81 0.01
   29 C    -1  -4  -3  -4  10  -3  -4  -3  -3  -1  -2  -3  -2  -3  -3  -1  -1  -3  -3  -1    0   0   0   0 100   0   0   0   0   0   0   0   0   0   0   0   0   0   0   0  1.28 0.02

                      K         Lambda
Standard Ungapped    0.1286     0.3185
Standard Gapped      0.0418     0.2670
PSI Ungapped         0.1366     0.3154
PSI Gapped           0.0418     0.2670
