
Last position-specific scoring matrix computed, weighted observed percentages rounded down, information per position, and relative weight of gapless real matches to pseudocounts
            A   R   N   D   C   Q   E   G   H   I   L   K   M   F   P   S   T   W   Y   V   A   R   N   D   C   Q   E   G   H   I   L   K   M   F   P   S   T   W   Y   V
    1 K    -1   2  -1  -1  -4   1   0  -2  -1  -3  -3   6  -2  -4  -1  -1  -1  -3  -2  -3    0   0   0   0   0   0   0   0   0   0   0 100   0   0   0   0   0   0   0   0  0.73 0.06
    2 S     1  -1   0  -1  -1  -1  -1  -1  -1  -1  -2  -1  -2  -3  -1   5   1  -3  -2  -1    0   0   0   0   0   0   0   0   0   8   0   0   0   0   0  92   0   0   0   0  0.52 0.06
    3 C    -1  -4  -3  -4  10  -4  -4  -3  -4  -2  -2  -4  -2  -3  -3  -1  -1  -3  -3  -1    0   0   0   0 100   0   0   0   0   0   0   0   0   0   0   0   0   0   0   0  1.72 0.09
    4 C    -1  -4  -3  -4  10  -4  -4  -3  -4  -2  -2  -4  -2  -3  -3  -1  -1  -3  -3  -1    0   0   0   0 100   0   0   0   0   0   0   0   0   0   0   0   0   0   0   0  1.72 0.09
    5 R    -1   3  -1  -2  -3   0  -1  -2  -1  -3  -3   2  -2  -4   6  -1  -1  -4  -3  -3    0  33   0   0   0   0   0   0   0   0   0  19   0   0  48   0   0   0   0   0  0.97 0.04
    6 S    -1   1   4   2  -2   0   0  -1   0  -3  -3   0  -2  -3  -2   2   2  -4  -2  -2    0   8  40   4   0   0   0   0   0   0   0   0   0   0   0  24  16   0   0   0  0.41 0.03
    7 T     0  -2   0  -2  -1  -1  -1  -2  -2  -1  -2  -1  -1  -3  -2   1   6  -3  -2   0    0   0   0   0   0   0   0   0   0   0   0   0   0   0   0   0 100   0   0   0  0.70 0.07
    8 L     0  -2  -2  -3  -1  -2  -2  -3  -3   1   2  -2   1  -1  -2   0   3   3  -1   0    6   0   0   0   0   0   0   0   0   8  42   0   0   0   0   0  38   6   0   0  0.26 0.03
    9 G     2  -2  -1   0  -2  -2  -1   5  -2  -3  -3  -1  -2  -3  -2   0  -1  -3  -3  -2   36   0   0   8   0   0   0  56   0   0   0   0   0   0   0   0   0   0   0   0  0.60 0.03
   10 R    -2   6  -1  -2  -4   1  -1  -3  -1  -4  -3   2  -2  -3  -3  -1  -2  -3  -2  -3    0 100   0   0   0   0   0   0   0   0   0   0   0   0   0   0   0   0   0   0  1.00 0.07
   11 N    -2  -1   7   1  -3   0  -1  -1   0  -4  -4  -1  -3  -4  -2   0   0  -4  -3  -3    0   0  92   0   0   0   0   0   0   0   0   0   0   0   0   0   0   0   0   0  0.92 0.07
   12 C    -1  -3  -3  -3   8  -1  -3  -3  -3   3   0  -3   0  -2  -3  -2  -1  -3  -2   1    0   0   0   0  52   6   0   0   0  41   0   0   0   0   0   0   0   0   0   0  0.70 0.05
   13 Y    -2  -2  -3  -4  -3  -2  -3  -4   1  -2  -2  -2  -2   3  -4  -2  -2   2   8  -2    0   0   0   0   0   0   0   0   0   0   0   0   0   0   0   0   0   0 100   0  1.23 0.08
   14 N    -2  -1   7   1  -3   0  -1  -1   0  -4  -4  -1  -3  -4  -2   0   0  -4  -3  -3    0   0  92   0   0   0   0   0   0   0   0   0   0   0   0   0   0   0   0   0  0.92 0.07
   15 L     1  -2  -1  -2  -1  -1  -2  -2  -2   1   1  -1   0  -1  -2   0   3  -3  -2   1   24   0   0   0   0   0   0   0   0   6  23   0   0   0   0   0  41   0   0   6  0.21 0.03
   16 C    -1  -4  -3  -4  10  -4  -4  -3  -4  -2  -2  -4  -2  -3  -3  -1  -1  -3  -3  -1    0   0   0   0 100   0   0   0   0   0   0   0   0   0   0   0   0   0   0   0  1.72 0.09
   17 R    -2   6  -1  -2  -4   1  -1  -3  -1  -4  -3   2  -2  -3  -3  -1  -2  -3  -2  -3    0 100   0   0   0   0   0   0   0   0   0   0   0   0   0   0   0   0   0   0  1.00 0.07
   18 V     0  -3  -3  -3  -2  -2  -3  -3  -2   1   2  -3   1   4  -3  -1  -1  -1   1   1    9   0   0   0   0   0   0   0   0   7  35   0   0  36   0   6   0   0   0   9  0.28 0.02
   19 R     1   2  -1  -2  -2   0  -1   2  -2  -2  -2   1  -2  -3   2   0   2  -3  -2  -2   12  23   0   0   0   0   0  19   0   0   0   7   0   0  13   0  27   0   0   0  0.30 0.02
   20 G     0  -2  -1  -2  -3  -2  -2   6  -2  -4  -4   0  -3  -4  -2  -1  -2  -3  -3  -4    0   0   0   0   0   0   0  93   0   0   0   7   0   0   0   0   0   0   0   0  1.08 0.05
   21 A     3  -2  -1  -1  -1  -1  -1   1  -2  -2  -2  -1  -2  -3   1   3   1  -3  -2  -1   38   0   0   0   0   0   0  12   0   0   0   0   0   0   7  33  10   0   0   0  0.34 0.03
   22 Q    -1   3   0  -1  -3   3   0  -2  -1  -3  -3   1  -1  -3   2   2   0  -3  -2  -2    0  32   0   0   0  31   0   0   0   0   0   0   0   0  10  27   0   0   0   0  0.44 0.04
   23 K    -1   3  -1  -1  -3   1   2  -2  -1  -3  -2   3   0  -3   1  -1  -1  -3  -2  -2    0  30   0   0   0   0  17   0   0   0   0  29   8   0   8   0   0   0   0   0  0.41 0.03
   24 L    -1   0  -2  -3  -1  -2  -2  -3  -3   2   2  -1   1  -1  -2  -1   2  -3  -2   2    0   7   0   0   0   0   0   0   0   6  23   0   0   0   0   0  30   0   0  34  0.20 0.02
   25 C    -1  -4  -3  -4  10  -4  -4  -3  -4  -2  -2  -4  -2  -3  -3  -1  -1  -3  -3  -1    0   0   0   0 100   0   0   0   0   0   0   0   0   0   0   0   0   0   0   0  1.72 0.09
   26 A     4  -2  -2  -2  -1  -1  -1   1  -2  -2  -2  -1  -1  -3  -1   1   0  -3  -2  -1   86   0   0   0   0   0   0   8   0   0   0   0   0   0   0   6   0   0   0   0  0.48 0.05
   27 N     0   1   2  -1  -2   0  -1   2  -1  -1  -2   1  -1  -3  -2   1   1  -3  -2  -1    6   8  16   0   0   0   0  20   0   8   0  17   0   0   0  14  10   0   0   0  0.19 0.01
   28 A     0  -2  -3  -3  -1  -2  -2  -3  -3   2   3  -1   1   0  -3  -2  -1  -2  -1   2   13   0   0   0   0   0   0   0   0   8  55   6   0   0   0   0   0   0   0  18  0.25 0.02
   29 C     0  -2  -1  -2   8  -2  -2  -2  -2  -2  -2  -2  -2  -3  -2   3   0  -3  -2  -2    0   0   0   0  52   0   0   0   0   0   0   0   0   0   0  48   0   0   0   0  0.78 0.06
   30 R    -1   3   0   2  -3  -1  -1   5  -2  -4  -4   0  -3  -3  -2  -1  -2  -3  -3  -3    0  27   0  15   0   0   0  58   0   0   0   0   0   0   0   0   0   0   0   0  0.61 0.04
   31 C    -1  -4  -3  -4  10  -4  -4  -3  -4  -2  -2  -4  -2  -3  -3  -1  -1  -3  -3  -1    0   0   0   0 100   0   0   0   0   0   0   0   0   0   0   0   0   0   0   0  1.72 0.09
   32 K    -1   2  -1  -1  -3   1   0  -2  -1  -1  -2   5  -1  -3  -2  -1  -1  -3  -2  -2    0   0   0   0   0   0   0   0   0   8   0  92   0   0   0   0   0   0   0   0  0.58 0.06
   33 L    -2  -3  -3  -3  -2  -3  -3  -4   1   4   2  -3   1   0  -3  -3  -1  -3  -1   2    0   0   0   0   0   0   0   0   8  73  19   0   0   0   0   0   0   0   0   0  0.40 0.04
   34 T    -1  -2  -2  -3  -1  -2  -2  -3  -3   4   1  -2   0  -1  -2   0   2  -3  -2   2    0   0   0   0   0   0   0   0   0  55   0   0   0   0   0  11  19   0   0  16  0.27 0.03
   35 S     1  -1   0  -1  -1   0  -1  -1  -1  -3  -3  -1  -2  -3  -1   5   2  -3  -2  -2    0   0   0   0   0   0   0   0   0   0   0   0   0   0   0  91   9   0   0   0  0.56 0.05
   36 G     2  -2  -1  -2  -2  -2  -2   5  -2  -3  -3  -1  -2  -3  -2   1   0  -3  -3  -2   19   0   0   0   0   0   0  66   0   0   0   0   0   0   0   6   9   0   0   0  0.67 0.03
   37 L     0  -2  -1  -1  -1  -1  -1   0  -2  -1   1  -1   0  -2   2   2   3  -3  -2  -1    0   0   0   0   0   0   0   6   0   0  20   0   0   0  10  31  34   0   0   0  0.25 0.03
   38 K     0   0   0  -1  -2   0  -1   0  -2  -2  -2   2  -1  -3  -1   2   4  -3  -2  -1    0   0   0   0   0   0   0   7   0   0   0  19   0   0   0  15  59   0   0   0  0.36 0.04
   39 C    -1  -4  -3  -4  10  -4  -4  -3  -4  -2  -2  -4  -2  -3  -3  -1  -1  -3  -3  -1    0   0   0   0 100   0   0   0   0   0   0   0   0   0   0   0   0   0   0   0  1.67 0.08
   40 P    -1  -2  -1   1  -3  -2  -1  -2  -2  -3  -3  -1  -3  -4   8  -1  -1  -4  -3  -3    0   0   0   8   0   0   0   0   0   0   0   0   0   0  87   0   0   0   0   0  1.82 0.06
   41 S     0   1   0  -1  -2   0   0  -1  -1  -3  -3   1  -2  -3   3   3   1  -3  -2  -2    0   5   0   0   0   0   0   0   0   0   0  15   0   0  14  60   6   0   0   0  0.42 0.03
   42 S     0  -2   0   4  -3  -1   0   4  -2  -4  -4  -1  -3  -3  -2   1  -1  -3  -3  -3    0   0   0  37   0   0   0  48   0   0   0   0   0   0   0  16   0   0   0   0  0.60 0.03
   43 F    -2  -2  -2  -3  -3  -2  -2  -3   3  -2  -1  -2  -1   4  -3  -2  -2   6   6  -2    0   0   0   0   0   0   0   0  10   0   0   0   0  28   0   0   0  15  46   0  0.82 0.04
   44 P    -1  -2  -2  -2  -3  -2  -1  -3  -3  -3  -3  -1  -3  -4   8  -1  -1  -4  -3  -3    0   0   0   0   0   0   0   0   0   0   0   0   0   0 100   0   0   0   0   0  2.15 0.04
   45 K    -1   2   0  -1  -3   1   1  -2  -1  -3  -3   5  -2  -3  -1   1   0  -3  -2  -2    0   0   0   0   0   0   0   0   0   0   0  86   0   0   0  14   0   0   0   0  0.52 0.03

                      K         Lambda
Standard Ungapped    0.1354     0.3279
Standard Gapped      0.0410     0.2670
PSI Ungapped         0.1354     0.3279
PSI Gapped           0.0410     0.2670
