
Last position-specific scoring matrix computed, weighted observed percentages rounded down, information per position, and relative weight of gapless real matches to pseudocounts
            A   R   N   D   C   Q   E   G   H   I   L   K   M   F   P   S   T   W   Y   V   A   R   N   D   C   Q   E   G   H   I   L   K   M   F   P   S   T   W   Y   V
    1 R    -2   6  -1  -2  -5   0  -1  -3  -1  -4  -4   4  -3  -4  -3  -2  -2  -4  -3  -4    0  70   0   0   0   0   0   0   0   0   0  30   0   0   0   0   0   0   0   0  1.10 0.19
    2 D    -1  -2  -1   1  -2  -1   0  -3   1   1  -1   0   2  -3  -2   0   4  -4  -2   1    0   0   0   8   0   0   6   0   4  11   0   5   7   0   0   0  49   0   0  10  0.36 0.15
    3 C    -3  -6  -5  -6  11  -5  -6  -5  -5  -3  -3  -5  -4  -5  -5  -3  -3  -5  -5  -3    0   0   0   0 100   0   0   0   0   0   0   0   0   0   0   0   0   0   0   0  2.97 0.42
    4 E    -1   3  -1  -1  -4   2   4  -3  -1  -3  -2   4   2  -4  -2  -1  -1  -4  -3  -3    2  14   0   0   0   6  34   0   0   0   2  31   8   0   0   0   2   0   0   0  0.54 0.16
    5 S     2   1   1  -2  -2   0  -1  -1  -2  -2  -3   0  -2  -3  -2   3   3  -4  -3  -1   16   8   5   0   0   2   0   2   0   0   0   4   0   0   0  37  24   0   0   3  0.38 0.13
    6 D    -2   2  -1   0  -4   4   2  -3  -1  -3  -1   3  -2  -4   3  -1  -2  -4  -3  -3    0  12   0   3   0  23  16   0   0   0   9  21   0   0  14   2   0   0   0   0  0.46 0.13
    7 S     0  -2  -1  -2   4  -2  -2  -2  -3  -4  -4   0  -3  -4  -3   6   0  -4  -3  -3    0   0   0   0   9   0   0   0   0   0   0   6   0   0   0  84   0   0   0   0  1.01 0.27
    8 H     0  -1   2   1  -3   0   1  -1   6  -3  -1   0   0  -3   2  -1  -2  -4  -1  -3   11   0  13   8   0   4   6   4  28   0   6   7   4   0   9   0   0   0   0   0  0.35 0.12
    9 K    -1   3   1  -1  -3  -1  -1   2   0  -3  -2   2  -2  -3  -2   0   2  -3   0  -3    0  21   6   2   0   0   0  19   3   0   2  17   0   0   0   5  20   0   4   0  0.30 0.11
   10 F    -4  -5  -5  -6  -4  -5  -5  -5  -3  -2  -2  -5  -2   8  -6  -4  -4   7   3  -3    0   0   0   0   0   0   0   0   0   0   0   0   0  77   0   0   0  18   5   0  1.74 0.30
   11 H    -2   2   0   1  -4   1   0  -2   3  -3  -3   5  -2  -4   1   0  -1  -4  -2  -2    0   6   2   6   0   3   4   0   9   0   0  50   0   0   6   7   0   0   0   4  0.46 0.14
   12 G    -1  -4  -2  -3  -4  -3  -4   7  -3  -5  -5  -3  -4  -4  -4   0  -3  -4  -1  -5    0   0   0   0   0   0   0  91   0   0   0   0   0   0   0   6   0   0   3   0  1.54 0.27
   13 A     0   0  -3  -3  -2  -2  -2  -3   0   1   1  -1   2  -1   4  -1   0  -3   1   1   12   5   0   0   0   0   0   0   3   9  17   2   7   0  21   0   5   0   6  13  0.26 0.08
   14 C    -3  -6  -5  -6  11  -5  -6  -5  -5  -3  -4  -5  -4  -5  -5  -3  -3  -5  -5  -3    0   0   0   0 100   0   0   0   0   0   0   0   0   0   0   0   0   0   0   0  3.01 0.44
   15 F    -2  -3  -2  -4  -2  -3  -3  -4  -3   3   2  -3   2   3  -3  -2   1  -2  -1   2    0   0   2   0   0   0   0   0   0  24  24   0   6  14   0   0  11   0   0  21  0.37 0.11
   16 S    -1   2   3  -1  -3  -1  -1  -1   0  -1  -3   0  -2  -4   1   4   1  -4  -3  -2    0  11  17   0   0   0   0   2   1   5   0   5   0   0   5  44   9   0   0   0  0.41 0.15
   17 D    -2  -1   2   6  -4  -1   1  -2  -2  -4  -4   2  -3  -4  -3   1   0   3  -3  -4    2   0   8  51   0   0   3   0   0   0   0  17   0   0   0  10   4   5   0   0  0.71 0.18
   18 T     0   1   1  -1  -3   0  -1   0   4  -3  -3   1  -2  -3   1   2   3  -4  -2  -2    3   8   5   2   0   4   0   5  14   0   0  10   0   0   6  14  27   0   0   0  0.31 0.11
   19 N    -2  -2   7   0  -4  -2  -2  -1   1  -5  -5  -2  -4  -5   3   0   0  -5  -3  -4    0   0  66   2   0   0   0   3   3   0   0   0   0   0  15   5   5   0   0   0  1.02 0.24
   20 C    -3  -6  -5  -6  11  -5  -6  -5  -5  -3  -4  -5  -4  -5  -5  -3  -3  -5  -5  -3    0   0   0   0 100   0   0   0   0   0   0   0   0   0   0   0   0   0   0   0  3.01 0.44
   21 A     4   1   0   1  -2   0  -1   0  -2  -2  -3   0  -2  -3  -2   0  -1  -4  -3   0   52   8   5   7   0   3   2   4   0   0   0   6   0   0   0   3   0   0   0   9  0.32 0.13
   22 N     0   0   3  -1  -3   2  -1  -2   2  -1  -2   3  -2  -3  -2   1   1  -4  -2  -2    6   3  19   0   0  11   0   0   5   6   4  24   0   0   0  13   9   0   0   0  0.26 0.11
   23 V     1  -3  -3  -4   4  -3  -3  -3   1   1  -1  -3  -1  -2  -3   0  -1  -4  -2   5   12   0   0   0   9   0   0   0   5   3   0   0   0   0   0  10   0   0   0  61  0.52 0.18
   24 C    -3  -6  -5  -6  11  -5  -6  -5  -5  -3  -4  -5  -4  -5  -5  -3  -3  -5  -5  -3    0   0   0   0 100   0   0   0   0   0   0   0   0   0   0   0   0   0   0   0  3.01 0.44
   25 Q    -2   4   0  -2  -4   2   0  -3   3   0   0   2   0  -3  -1  -2  -1  -3  -2  -2    0  31   3   0   0  15   2   0  11   9  11  11   2   0   3   0   3   0   0   0  0.33 0.12
   26 T    -1   2   2  -1  -3   2  -1  -1  -1  -3  -3   2  -2  -3   0   1   3  -3   0  -2    0  11  13   0   0  12   0   3   0   0   0  17   0   0   3  12  25   0   4   0  0.32 0.12
   27 E     0  -2  -2   0  -5   0   7  -4  -2  -5  -4  -1  -4  -4  -3  -2  -3  -4   1  -4    6   0   0   0   0   0  89   0   0   0   0   0   0   0   0   0   0   0   5   0  1.30 0.30
   28 G    -1   0   0  -1  -4  -2  -2   5   3  -5  -5   2  -3  -4  -3  -1  -2  -4  -1  -4    0   4   3   3   0   0   0  60  10   0   0  15   0   0   0   2   0   0   2   0  0.80 0.18
   29 F    -4  -4  -5  -5  -4  -4  -5  -5  -2  -2   0  -5  -2   8  -5  -4  -4   6   4  -3    0   0   0   0   0   0   0   0   0   0   5   0   0  70   0   0   0  11  14   0  1.45 0.27
   30 T    -1  -2  -1  -1  -3  -2  -2   1  -3  -1  -1  -1   1  -3   4   2   2  -4  -3  -1    0   0   2   3   0   0   0  10   0   2   5   3   5   0  26  21  17   0   0   5  0.42 0.12
   31 A     0   0   0   4  -4  -2  -1   5  -2  -4  -4  -2  -4  -4  -3   0  -1  -4  -4  -4    7   8   3  27   0   0   0  46   0   0   0   0   0   0   0   5   3   0   0   0  0.67 0.16
   32 G    -1  -4  -2  -3  -4  -4  -4   7  -4  -6  -6  -3  -5  -5  -4  -2  -3  -4  -5  -5    0   0   0   0   0   0   0 100   0   0   0   0   0   0   0   0   0   0   0   0  1.83 0.31
   33 K    -2   3   3   2  -4   1   0  -2   5  -4  -4   3  -3  -4  -3   0  -2  -4  -2  -4    0  17  16  14   0   3   2   0  18   0   0  24   0   0   0   6   0   0   0   0  0.52 0.14
   34 C    -3  -6  -5  -6  11  -5  -6  -5  -5  -3  -4  -5  -4  -5  -5  -3  -3  -5  -5  -3    0   0   0   0 100   0   0   0   0   0   0   0   0   0   0   0   0   0   0   0  3.01 0.43
   35 V    -2   2   1   3  -3   1   0  -2   3  -2  -2   1  -2  -3  -2   1  -1  -4  -2  -1    0  17   6  25   0   5   0   0   9   3   4  11   0   0   0  16   0   0   0   4  0.31 0.11
   36 G    -1  -2  -1   0  -3   0  -2   5  -2  -2  -3   1  -3  -4  -2   0  -2  -3  -3  -2    3   0   0   6   0   4   1  61   0   3   1  13   0   0   0   3   0   0   0   3  0.69 0.15
   37 V    -1  -2  -3  -1  -2  -3  -3  -3  -3   3   1  -3   0   4   0  -2  -1  -2   1   2    6   2   0   5   0   0   0   0   0  26  10   0   0  26   5   0   2   0   3  13  0.27 0.10
   38 Q    -2   3  -2  -2  -3   0   0   0   2  -1   1   0   1   2  -3  -1   0  -2  -1  -1    0  25   0   0   0   3   6   7   7   0  19   0   5  14   0   5   7   0   0   0  0.16 0.08
   39 R    -3   7   0  -3  -5  -1  -2  -2  -2  -4  -2   1  -3   0  -4  -2  -3  -4  -3  -4    0  84   3   0   0   0   0   2   0   0   3   0   0   4   0   0   0   0   0   0  1.22 0.26
   40 H    -2   6  -1  -2  -4   2  -1  -3   1  -4  -3   3  -2  -4  -3  -2  -2  -4  -3  -3    1  64   0   0   0   8   0   1   2   0   1  20   0   0   0   1   0   0   0   0  0.98 0.20
   41 C    -3  -6  -5  -6  11  -5  -6  -5  -5  -3  -4  -5  -4  -5  -5  -3  -3  -5  -5  -3    0   0   0   0 100   0   0   0   0   0   0   0   0   0   0   0   0   0   0   0  3.01 0.43
   42 H    -2  -2  -3  -3  -3  -2  -1  -4   1   1   1   0   2   4  -4  -3  -2   4   4   0    0   0   0   0   0   0   4   0   4   6  13   9   8  24   0   0   0   5  21   5  0.41 0.12
   43 C    -3  -6  -5  -6  11  -5  -6  -5  -5  -3  -4  -5  -4  -5  -5  -3  -3  -5  -5  -3    0   0   0   0 100   0   0   0   0   0   0   0   0   0   0   0   0   0   0   0  3.01 0.43
   44 T    -1  -1   0  -1  -2   0   0  -3  -2   1  -1  -1   0  -2  -3   1   5  -3   1  -1    0   3   2   3   0   4   4   0   0  10   5   2   2   0   0   7  50   0   6   1  0.35 0.15
   45 K    -2   5  -2  -3  -4   0  -1  -3  -2  -4  -1   5  -2  -4  -3  -2  -1  -4  -3  -3    0  40   0   0   0   0   0   0   0   0   7  49   0   0   0   0   4   0   0   0  0.89 0.22
   46 D    -1  -1   2   1  -4   2   0  -2   3  -2  -2  -1  -2  -4   5  -1  -2  -4  -2  -2    3   2  14   9   0  13   4   2  10   2   3   2   0   0  31   2   0   0   0   2  0.56 0.13
   47 C    -3  -6  -5  -6  11  -5  -6  -5  -6  -4  -4  -6  -4  -5  -5  -3  -3  -5  -5  -3    0   0   0   0 100   0   0   0   0   0   0   0   0   0   0   0   0   0   0   0  3.07 0.44

                      K         Lambda
Standard Ungapped    0.1349     0.3262
Standard Gapped      0.0492     0.2670
PSI Ungapped         0.1608     0.3181
PSI Gapped           0.0492     0.2670
