
Last position-specific scoring matrix computed, weighted observed percentages rounded down, information per position, and relative weight of gapless real matches to pseudocounts
            A   R   N   D   C   Q   E   G   H   I   L   K   M   F   P   S   T   W   Y   V   A   R   N   D   C   Q   E   G   H   I   L   K   M   F   P   S   T   W   Y   V
    1 S     1  -2   0  -1  -2  -1  -1   5  -2  -3  -3  -1  -2  -3  -2   2   1  -3  -3  -2    4   0   0   0   0   0   0  59   0   0   0   0   0   0   0  28   9   0   0   0  0.58 0.02
    2 I    -2  -3  -4  -4  -2  -3  -4  -4  -3   4   2  -3   1   2  -3  -3  -1  -2  -1   2    0   0   0   0   0   0   0   0   0  82   4   0   0  10   0   0   0   0   0   4  0.40 0.02
    3 S    -1  -2  -2  -2  -3  -1  -1   0  -2  -3  -3  -1  -3  -4   7   1  -1  -4  -3  -3    0   0   0   0   0   0   0   6   0   0   0   0   0   0  80  14   0   0   0   0  1.56 0.03
    4 C    -1  -4  -3  -4  10  -3  -4  -3  -4  -2  -2  -4  -2  -3  -3  -1  -1  -3  -3  -1    0   0   0   0 100   0   0   0   0   0   0   0   0   0   0   0   0   0   0   0  1.46 0.05
    5 G     2  -2  -1  -2  -2  -2  -2   5  -2  -3  -3  -2  -2  -3  -2   0  -1  -3  -3  -2   28   0   0   0   0   0   0  72   0   0   0   0   0   0   0   0   0   0   0   0  0.75 0.02
    6 E    -1   0   0   1  -4   2   6  -3   0  -4  -3   1  -2  -4  -1   0  -1  -3  -2  -3    0   0   0   0   0   0 100   0   0   0   0   0   0   0   0   0   0   0   0   0  0.83 0.03
    7 S     1  -1   0   0  -1   0   0  -1  -1  -3  -3   0  -2  -3  -1   5   1  -3  -2  -2    0   0   0   0   0   0   0   0   0   0   0   0   0   0   0 100   0   0   0   0  0.54 0.03
    8 C    -1  -4  -3  -4  10  -3  -4  -3  -4  -2  -2  -4  -2  -3  -3  -1  -1  -3  -3  -1    0   0   0   0 100   0   0   0   0   0   0   0   0   0   0   0   0   0   0   0  1.46 0.05
    9 A     1  -3  -3  -3  -1  -2  -3  -3  -3   2   1  -2   0  -1  -3  -1   0  -3  -2   4   10   0   0   0   0   0   0   0   0   0   0   0   0   0   0   0   0   0   0  90  0.36 0.02
   10 M    -3  -3  -4  -4  -3  -2  -3  -3  -1  -1  -1  -3   1   4  -4  -3  -2  10   4  -2    0   0   0   0   0   0   0   0   0   0   0   0  10  21   0   0   0  52  16   0  1.28 0.03
   11 I    -2  -3  -4  -4  -2  -3  -4  -4  -4   5   1  -3   1   0  -3  -3  -1  -3  -2   3    0   0   0   0   0   0   0   0   0 100   0   0   0   0   0   0   0   0   0   0  0.49 0.03
   12 S    -1  -2  -2  -2  -3  -1  -1  -2  -2  -3  -3  -1  -3  -4   8   0  -1  -4  -3  -3    0   0   0   0   0   0   0   0   0   0   0   0   0   0  90  10   0   0   0   0  1.84 0.03
   13 F     0  -1  -1  -1   7  -1  -1  -1  -1  -1  -1  -1  -1   1  -1   0  -1  -1   0  -1    4   2   2   3  42   2   3   4   1   2   4   3   1  12   3   3   3   1   2   3  0.31 0.01
   14 C     0  -3  -2  -3   8  -2  -3  -2  -3  -1  -2  -2  -1  -3  -2   0   3  -3  -2  -1    0   0   0   0  59   0   0   0   0   0   0   0   0   0   0   0  41   0   0   0  0.76 0.03
   15 F    -1  -3  -3  -4  -1  -3  -3  -4  -3   4   2  -3   1   2  -3  -2  -1  -2  -1   3    0   0   0   0   0   0   0   0   0  44  10   0   0  10   0   0   0   0   0  36  0.33 0.01
   16 T     0  -1   0  -1  -1  -1  -1  -1  -2  -1  -2  -1  -1  -3  -1   3   5  -3  -2  -1    0   0   0   0   0   0   0   0   0   0   0   0   0   0   0  29  71   0   0   0  0.46 0.02
   17 E     3  -1  -1  -1  -1   0   1   0  -2  -2  -2   0  -1  -3  -1   2   1  -3  -2  -1   61   0   0   0   0   0  10   3   0   0   0   4   0   0   0  12   9   0   0   0  0.29 0.01
   18 V     1  -2  -3  -3  -1  -2  -2  -3  -3   2   3  -2   1   0  -2  -1  -1  -2  -1   2   21   0   0   0   0   0   0   0   0   4  45   0   0   0   0   0   0   0   0  31  0.23 0.01
   19 I     0  -3  -3  -3  -1  -2  -3  -3  -3   3   2  -3   2   0  -3  -2  -1  -3  -1   2    8   0   0   0   0   0   0   0   0  42  28   0   5   0   0   0   0   0   0  18  0.29 0.01
   20 G     0  -3  -1  -2  -3  -2  -2   6  -2  -4  -4  -2  -3  -4  -3   0  -2  -3  -3  -4    0   0   0   0   0   0   0 100   0   0   0   0   0   0   0   0   0   0   0   0  1.13 0.03
   21 C    -1  -4  -3  -4  10  -3  -4  -3  -4  -2  -2  -4  -2  -3  -3  -1  -1  -3  -3  -1    0   0   0   0 100   0   0   0   0   0   0   0   0   0   0   0   0   0   0   0  1.46 0.05
   22 S     1  -1   0  -1  -1   0   0   0  -1  -3  -3   0  -2  -3  -1   4   2  -3  -2  -2    4   0   0   0   0   0   0   4   0   0   0   4   0   0   0  84   4   0   0   0  0.44 0.02
   23 C    -1  -4  -3  -4  10  -3  -4  -3  -4  -2  -2  -4  -2  -3  -3  -1  -1  -3  -3  -1    0   0   0   0 100   0   0   0   0   0   0   0   0   0   0   0   0   0   0   0  1.46 0.05
   24 K     0   2   0  -1  -3   1   0  -2  -1  -3  -3   5  -2  -3  -1   1   0  -3  -2  -2    0   6   0   0   0   0   0   0   0   0   0  75   0   0   0  19   0   0   0   0  0.46 0.02
   25 N     0  -1   5   2  -2   0   0  -1   0  -3  -3   0  -2  -3  -2   3   0  -4  -2  -3    0   0  50  15   0   0   0   0   0   0   0   0   0   0   0  36   0   0   0   0  0.50 0.02
   26 K    -1   3   1  -1  -3   1   1  -2  -1  -3  -3   5  -2  -4  -1   0  -1  -3  -2  -3    0   6   5   0   0   0   0   0   0   0   0  90   0   0   0   0   0   0   0   0  0.56 0.03
   27 V     0  -3  -3  -4  -1  -3  -3  -4  -4   3   1  -3   1  -1  -3  -2   0  -3  -1   4    0   0   0   0   0   0   0   0   0   6   0   0   0   0   0   0   0   0   0  94  0.42 0.03
   28 C    -1  -4  -3  -4  10  -3  -4  -3  -4  -2  -2  -4  -2  -3  -3  -1  -1  -3  -3  -1    0   0   0   0 100   0   0   0   0   0   0   0   0   0   0   0   0   0   0   0  1.46 0.05
   29 Y    -2  -2  -3  -4  -3  -2  -2  -4   2  -2  -1  -2  -1   3  -3  -2  -2   2   8  -2    0   0   0   0   0   0   0   0   0   0   0   0   0   0   0   0   0   0 100   0  1.04 0.04
   30 L    -2   4   3  -1  -3   0   0  -2   0  -2   0   2  -1  -2  -2  -1  -1  -3  -2  -2    0  34  29   0   0   0   0   0   0   0  19  18   0   0   0   0   0   0   0   0  0.29 0.01
   31 N    -2  -1   6   2  -3   0   0  -1   0  -4  -4   0  -3  -3  -2   1   0  -4  -2  -3    0   0  89   5   0   0   0   0   0   0   0   0   0   0   0   6   0   0   0   0  0.74 0.03

                      K         Lambda
Standard Ungapped    0.1367     0.3301
Standard Gapped      0.0441     0.2670
PSI Ungapped         0.1440     0.3180
PSI Gapped           0.0441     0.2670
