
Last position-specific scoring matrix computed, weighted observed percentages rounded down, information per position, and relative weight of gapless real matches to pseudocounts
            A   R   N   D   C   Q   E   G   H   I   L   K   M   F   P   S   T   W   Y   V   A   R   N   D   C   Q   E   G   H   I   L   K   M   F   P   S   T   W   Y   V
    1 R    -2   6  -1  -2  -5   2  -1  -3  -1  -4  -3   4  -2  -4  -3  -2  -2  -4  -3  -4    0  68   0   0   0   8   0   0   0   0   0  24   0   0   0   0   0   0   0   0  1.04 0.18
    2 V    -1  -2  -1   1  -2  -1   0  -3   1   1   0   0   1  -2  -2   0   4  -3  -2   1    0   0   0   9   0   0   6   0   5  12   4   5   7   0   0   0  42   0   0  11  0.26 0.11
    3 C    -2  -6  -5  -6  11  -5  -6  -5  -5  -3  -3  -5  -3  -4  -5  -3  -3  -4  -4  -3    0   0   0   0 100   0   0   0   0   0   0   0   0   0   0   0   0   0   0   0  2.80 0.36
    4 E    -1   2  -1  -1  -4   2   4  -3  -1  -3  -2   4   2  -3  -2  -1  -1  -4  -3  -3    2  11   0   0   0   7  31   0   0   0   2  35   9   0   0   0   2   0   0   0  0.50 0.13
    5 S     2   1  -1  -2  -2   0  -1  -1  -2  -2  -3  -1  -2  -3  -2   4   3  -4  -3  -1   18   9   0   0   0   2   0   2   0   0   0   0   0   0   0  40  26   0   0   3  0.42 0.13
    6 Q    -2   3  -1   0  -4   4   2  -3  -1  -3  -2   3  -2  -4   2  -1  -2  -4  -3  -3    0  18   0   3   0  23  18   0   0   0   4  21   0   0  11   2   0   0   0   0  0.51 0.13
    7 S     0  -2  -1  -2   4  -2  -2  -2  -3  -3  -4   0  -3  -4  -2   6   0  -4  -3  -1    0   0   0   0  10   0   0   0   0   0   0   6   0   0   0  79   0   0   0   5  0.83 0.24
    8 H     0   0   2   0  -3   0   1  -1   6  -3  -2   1  -2  -3   2  -1  -2  -4  -1  -3   11   5  14   4   0   4   6   5  29   0   6   7   0   0  10   0   0   0   0   0  0.37 0.11
    9 G    -1   3   1  -1  -3  -1  -1   3   0  -3  -2   2  -2  -4  -2  -1   2  -4  -3  -3    0  22   6   3   0   0   0  24   3   0   2  18   0   0   0   0  22   0   0   0  0.37 0.12
   10 F    -4  -4  -4  -5  -4  -4  -5  -5  -3  -2  -1  -4  -2   7  -5  -4  -1   7   3  -3    0   0   0   0   0   0   0   0   0   0   0   0   0  71   0   0   5  19   5   0  1.52 0.26
   11 K    -2   2   0   1  -3   1   1  -2   3  -3  -3   4  -2  -3   1   0  -1  -4  -2  -1    0   9   3   7   0   3   4   0  10   0   1  47   0   0   7   4   0   0   0   5  0.43 0.12
   12 G    -1  -4  -2  -3  -4  -3  -3   7  -3  -5  -5  -3  -4  -4  -4   0  -3  -4  -1  -5    0   0   0   0   0   0   0  91   0   0   0   0   0   0   0   6   0   0   3   0  1.47 0.24
   13 A     0   0  -2  -3  -2  -2  -2  -3   1   1   1  -1   2  -1   3  -1   0  -2   1   1    9   6   0   0   0   0   0   0   5  10  19   2   8   0  17   0   5   0   6  14  0.21 0.07
   14 C    -2  -6  -5  -6  11  -5  -6  -5  -5  -3  -3  -5  -3  -5  -5  -3  -3  -4  -5  -3    0   0   0   0 100   0   0   0   0   0   0   0   0   0   0   0   0   0   0   0  2.90 0.40
   15 T    -2  -3  -2  -4  -2  -3  -3  -4  -3   3   2  -3   2   2  -3  -2   1  -2  -1   2    0   0   2   0   0   0   0   0   0  20  27   0   6  13   0   0  11   0   0  22  0.34 0.10
   16 G    -1   2   3  -1  -3  -1  -1  -1   0  -1  -3   1  -2  -3  -2   4   1  -4  -3  -2    0  11  20   0   0   0   0   2   2   6   0   6   0   0   0  44   9   0   0   0  0.41 0.14
   17 D    -1  -1   2   5  -4  -1   1  -2  -2  -4  -4   2  -3  -4  -2   1   0   3  -3  -4    2   0   8  47   0   0   3   0   0   0   0  18   0   0   0  11   5   6   0   0  0.63 0.15
   18 H     0   1   1  -1  -3   1  -1  -2   4  -3  -3   1  -2  -3   1   2   3  -4  -2  -2    4  10   6   2   0   4   0   0  16   0   0  11   0   0   6  15  26   0   0   0  0.34 0.11
   19 N    -2  -2   6   0  -4  -1  -2   0   1  -4  -4  -2  -3  -4   3   0   0  -5  -3  -4    0   0  61   3   0   0   0   5   3   0   0   0   0   0  16   6   6   0   0   0  0.89 0.20
   20 C    -2  -6  -5  -6  11  -5  -6  -5  -5  -3  -3  -5  -3  -5  -5  -3  -3  -4  -5  -3    0   0   0   0 100   0   0   0   0   0   0   0   0   0   0   0   0   0   0   0  2.90 0.40
   21 A     4   1  -2   1  -2  -1  -1   0  -2  -2  -2   0  -2  -3  -2   0  -1  -4  -3   0   55   9   0   9   0   0   2   4   0   0   0   7   0   0   0   3   0   0   0  10  0.36 0.14
   22 L     0   0   3  -1  -3   2   0  -2   2  -1  -2   2  -2  -3  -2   1   1  -4  -2  -2    6   3  21   0   0  12   0   0   6   7   3  18   0   0   0  14   9   0   0   0  0.24 0.09
   23 V     1  -3  -3  -4   4  -3  -3  -3  -4   1  -1  -3  -1  -2  -3   0  -1  -4  -3   5    9   0   0   0  10   0   0   0   0   4   0   0   0   0   0  11   0   0   0  67  0.60 0.18
   24 C    -2  -6  -5  -6  11  -5  -6  -5  -5  -3  -3  -5  -3  -5  -5  -3  -3  -4  -5  -3    0   0   0   0 100   0   0   0   0   0   0   0   0   0   0   0   0   0   0   0  2.90 0.40
   25 R    -2   4  -1  -2  -3   3   0  -3   3   0   0   1   0  -3  -1  -2   0  -3  -2  -2    0  32   0   0   0  17   2   0  12  10  12   6   2   0   3   0   5   0   0   0  0.33 0.12
   26 N    -1   2   2  -1  -3   2  -1  -1  -1  -3  -3   2  -2  -3   0   1   3  -3   0  -2    0  10  14   0   0  13   0   3   0   0   0  13   0   0   4  14  26   0   4   0  0.31 0.11
   27 E     0  -2  -2   0  -5   0   7  -4  -1  -5  -4  -1  -3  -4  -3  -2  -2  -4   1  -4    6   0   0   0   0   0  87   0   0   0   0   0   0   0   0   0   0   0   6   0  1.21 0.27
   28 G    -1   0   0  -2  -4  -2  -2   6   1  -5  -5   2  -3  -4  -3  -1  -2  -4  -2  -4    0   4   3   0   0   0   0  67   5   0   0  16   0   0   0   2   0   0   2   0  0.90 0.18
   29 F    -4  -4  -5  -5  -4  -4  -5  -5  -2  -2  -1  -5  -2   8  -5  -4  -4   5   4  -3    0   0   0   0   0   0   0   0   0   0   0   0   0  77   0   0   0   8  15   0  1.56 0.27
   30 S    -1  -2  -1   0  -2  -2  -2   1  -2  -1  -2  -1   1  -3   4   2   2  -4  -3   0    0   0   2   4   0   0   0  10   0   2   0   3   6   0  24  23  20   0   0   7  0.42 0.12
   31 G     0   1  -1   4  -4  -2  -1   5  -3  -4  -4  -2  -4  -4  -3  -1  -1  -4  -4  -4    7  10   0  31   0   0   0  49   0   0   0   0   0   0   0   0   4   0   0   0  0.74 0.16
   32 G    -1  -4  -2  -3  -4  -3  -4   7  -4  -6  -5  -3  -4  -5  -4  -2  -3  -4  -5  -5    0   0   0   0   0   0   0 100   0   0   0   0   0   0   0   0   0   0   0   0  1.77 0.28
   33 N    -2   2   3   2  -4   1   0  -2   5  -4  -4   3  -3  -4  -2   0  -1  -4  -2  -4    0  13  16  15   0   3   2   0  20   0   0  25   0   0   0   6   0   0   0   0  0.50 0.13
   34 C    -2  -6  -5  -6  11  -5  -6  -5  -5  -3  -3  -5  -3  -4  -5  -3  -3  -4  -5  -3    0   0   0   0 100   0   0   0   0   0   0   0   0   0   0   0   0   0   0   0  2.86 0.38
   35 R    -1   2   2   3  -3   1   0  -2   4  -2  -3   1  -2  -3  -2   1  -1  -4  -2  -1    0  13   8  22   0   5   0   0  14   3   0  12   0   0   0  17   0   0   0   5  0.33 0.10
   36 G    -1  -1  -1  -2  -3   0  -2   6  -3  -2  -4   1  -3  -4  -3  -1  -2  -4  -4  -2    2   2   0   0   0   4   0  68   0   3   0  15   0   0   0   3   0   0   0   3  0.84 0.16
   37 F     0  -3  -3  -4  -2  -3  -3  -3  -3   3   1  -3   0   4   0  -2  -1  -1   1   1    7   0   0   0   0   0   0   0   0  31  10   0   0  29   5   0   3   0   3  10  0.35 0.10
   38 R    -2   3  -1  -2  -3   0   0  -2   2  -1   1   0   1   1  -3   0   0  -2  -1  -1    0  27   0   0   0   3   6   3   7   0  23   0   5  10   0   5   8   0   0   0  0.17 0.08
   39 R    -3   7   0  -3  -4   0  -1  -2  -2  -4  -2   1  -2  -4  -3  -2  -2  -4  -3  -4    0  86   4   0   0   0   0   3   0   0   4   0   0   0   0   0   0   0   0   0  1.23 0.23
   40 R    -2   7  -2  -3  -5   2  -1  -3   1  -4  -3   3  -3  -4  -3  -2  -2  -4  -3  -4    0  70   0   0   0   8   0   0   2   0   0  17   0   0   0   0   0   0   0   0  1.08 0.21
   41 C    -2  -6  -5  -6  11  -5  -6  -5  -5  -3  -3  -5  -3  -4  -5  -3  -3  -4  -5  -3    0   0   0   0 100   0   0   0   0   0   0   0   0   0   0   0   0   0   0   0  2.86 0.38
   42 F    -2  -2  -3  -4  -3  -2  -3  -4   1   1   1   0   2   4  -4  -3  -2   0   4   0    0   0   0   0   0   0   0   0   5   9  15  10   9  25   0   0   0   0  23   6  0.42 0.12
   43 C    -2  -6  -5  -6  11  -5  -6  -5  -5  -3  -3  -5  -3  -4  -5  -3  -3  -4  -5  -3    0   0   0   0 100   0   0   0   0   0   0   0   0   0   0   0   0   0   0   0  2.86 0.38
   44 T    -1  -1   0   0  -2  -1   0  -3  -2   1   0  -1   0  -2  -2   1   4  -3   1   0    0   4   2   4   0   0   4   0   0  11   6   2   2   0   0   8  49   0   7   2  0.32 0.13
   45 L    -2   5  -2  -2  -4   0  -1  -3  -2  -3  -1   5  -2  -4  -3  -2  -1  -4  -3  -3    0  34   0   0   0   0   0   0   0   0   8  55   0   0   0   0   4   0   0   0  0.81 0.19
   46 K    -1  -1   1   1  -4   2   0  -2   3  -2  -2   0  -2  -4   5  -1  -2  -4  -2  -2    3   2   9  10   0  16   5   2  10   2   3   2   0   0  31   2   0   0   0   2  0.54 0.11
   47 C    -2  -6  -5  -6  11  -5  -6  -5  -5  -3  -3  -5  -4  -5  -5  -3  -3  -4  -5  -3    0   0   0   0 100   0   0   0   0   0   0   0   0   0   0   0   0   0   0   0  2.92 0.39

                      K         Lambda
Standard Ungapped    0.1436     0.3318
Standard Gapped      0.0478     0.2670
PSI Ungapped         0.1563     0.3177
PSI Gapped           0.0478     0.2670
