
Last position-specific scoring matrix computed, weighted observed percentages rounded down, information per position, and relative weight of gapless real matches to pseudocounts
            A   R   N   D   C   Q   E   G   H   I   L   K   M   F   P   S   T   W   Y   V   A   R   N   D   C   Q   E   G   H   I   L   K   M   F   P   S   T   W   Y   V
    1 F    -2  -3  -3  -4  -2  -3  -3  -3  -1   0   0  -3   0   6  -4  -2  -2   1   3  -1    0   0   0   0   0   0   0   0   0   0   0   0   0   0   0   0   0   0   0   0  0.00     0.00
    2 D    -2  -2   1   6  -4   0   2  -1  -1  -3  -4  -1  -3  -4  -2   0  -1  -4  -3  -3    0   0   0   0   0   0   0   0   0   0   0   0   0   0   0   0   0   0   0   0  0.00     0.00
    3 N    -2   0   6   1  -3   0   0   0   1  -3  -3   0  -2  -3  -2   1   0  -4  -2  -3    0   0   0   0   0   0   0   0   0   0   0   0   0   0   0   0   0   0   0   0  0.00     0.00
    4 P    -1  -2  -2  -2  -3  -1  -1  -2  -2  -3  -3  -1  -3  -4   8  -1  -1  -4  -3  -2    0   0   0   0   0   0   0   0   0   0   0   0   0   0   0   0   0   0   0   0  0.00     0.00
    5 F    -3  -4  -4  -4  -3  -4  -4  -4  -2  -1   0  -4   0   7  -4  -3  -3   1   3  -1    0   0   0   0   0   0   0   0   0   0   0   0   0 100   0   0   0   0   0   0  1.03 0.07
    6 G     0  -3  -1  -2  -3  -2  -3   6  -3  -4  -4  -2  -3  -4  -3  -1  -2  -3  -4  -4    0   0   0   0   0   0   0 100   0   0   0   0   0   0   0   0   0   0   0   0  1.21 0.06
    7 C    -1  -4  -3  -4  10  -4  -5  -3  -4  -2  -2  -4  -2  -3  -4  -1  -1  -3  -3  -1    0   0   0   0 100   0   0   0   0   0   0   0   0   0   0   0   0   0   0   0  1.67 0.09
    8 P    -1  -3  -3  -2  -4  -2  -2  -3  -3  -4  -4  -2  -3  -4   8  -1  -2  -5  -4  -3    0   0   0   0   0   0   0   0   0   0   0   0   0   0 100   0   0   0   0   0  2.21 0.07
    9 A     1  -2  -2  -3  -2  -2  -2   2  -2   0   2  -2   0   2  -2  -1  -1   4   0  -1   14   0   0   0   0   0   1  23   0   0  34   0   0  16   0   1   0   7   0   1  0.19 0.02
   10 D    -2  -1   6   3  -3   0   0  -1   0  -4  -4  -1  -3  -4  -2   1   0  -4  -3  -3    0   0  68  21   0   0   0   0   0   0   0   0   0   0   0  11   0   0   0   0  0.70 0.05
   11 E    -1   1   1   0  -4   5   4  -2   0  -4  -3   1  -2  -4  -2   0  -1  -3  -2  -3    0   7   8   0   0  44  41   0   0   0   0   0   0   0   0   0   0   0   0   0  0.60 0.04
   12 G    -1   1   1  -2  -3  -1  -2   3  -1  -2   0   1   1  -1  -3  -1  -1  -1   2  -2    0   8   9   0   0   0   0  38   0   0  12  11   8   0   0   0   0   0  15   0  0.22 0.02
   13 K     2   1  -1  -1  -3   3   2  -1  -1  -3  -3   3  -1  -3  -1   0  -1  -3  -2  -2   24   0   0   0   0  23  17   0   0   0   0  36   0   0   0   0   0   0   0   0  0.36 0.03
   14 C    -1  -4  -3  -4  10  -4  -5  -3  -4  -2  -2  -4  -2  -3  -4  -1  -1  -3  -3  -1    0   0   0   0 100   0   0   0   0   0   0   0   0   0   0   0   0   0   0   0  1.67 0.09
   15 F    -2  -1   2  -1  -4   0  -1  -2   8  -3  -3  -1  -2   2  -3  -1  -2  -2   1  -3    0   0  12   0   0   0   0   0  75   0   0   0   0  13   0   0   0   0   0   0  0.84 0.06
   16 D     0   3   4   2  -3   0   0  -1   0  -3  -3   1  -2  -3  -2   1   0  -4  -2  -3    9  34  29  13   0   0   0   0   0   0   0   0   0   0   0  15   0   0   0   0  0.38 0.03
   17 H    -2  -1   0  -2  -4   0  -1  -3   9  -4  -4  -1  -2  -2  -3  -1  -2  -3   1  -4    0   0   0   0   0   0   0   0 100   0   0   0   0   0   0   0   0   0   0   0  1.29 0.08
   18 C    -1  -4  -3  -4  10  -4  -5  -3  -4  -2  -2  -4  -2  -3  -4  -1  -1  -3  -3  -1    0   0   0   0 100   0   0   0   0   0   0   0   0   0   0   0   0   0   0   0  1.67 0.09
   19 N    -1   4   2  -1  -3   2   0  -2  -1  -2  -1   3  -1  -3  -2  -1  -1  -3  -2  -2    0  26  13   0   0  15   0   0   0   0   9  36   0   0   0   0   0   0   0   0  0.37 0.03
   20 N     1  -1   2   0  -1   0  -1  -1  -1  -3  -3  -1  -2  -3  -1   4   2  -3  -2  -2    0   0  13   0   0   0   0   0   0   0   0   0   0   0   0  79   8   0   0   0  0.50 0.05
   21 K    -1  -2  -3  -3  -2  -2  -3  -4  -3   5   1   0   1  -1  -3  -2  -1  -3  -2   3    0   0   0   0   0   0   0   0   0  76   0  13   0   0   0   0   0   0   0  11  0.35 0.04
   22 A     1   2  -1  -2  -2  -1  -2   5  -2  -3  -3   0  -2  -3  -2   1  -1  -3  -3  -3   13  19   0   0   0   0   0  56   0   0   0   0   0   0   0  12   0   0   0   0  0.54 0.03
   23 Y    -2   5  -1  -3   3   0  -1  -3   0  -3  -2   1  -2   0  -3  -1  -2  -1   4  -2    0  64   0   0  12   0   0   0   0   0   0   0   0   0   0   0   0   0  24   0  0.56 0.05
   24 D    -1   4   0   1   2   0   0  -2  -1  -2  -1   3  -1  -3  -2   0  -1  -3  -2  -2    0  36   0  13   8   0   0   0   0   0   7  27   0   0   0   8   0   0   0   0  0.32 0.03
   25 I     1  -3  -1  -2  -2  -2  -3   5  -2   0  -2  -2  -1   2  -3  -1  -2  -2  -1  -1   12   0   0   0   0   0   0  58   0  13   0   0   0  17   0   0   0   0   0   0  0.47 0.03
   26 G     0  -3  -1  -2  -3  -2  -3   6  -3  -4  -4  -2  -3  -4  -3  -1  -2  -3  -4  -4    0   0   0   0   0   0   0 100   0   0   0   0   0   0   0   0   0   0   0   0  1.21 0.06
   27 Y    -2  -2  -3  -4  -3  -2  -3  -4   1  -2  -1  -3  -1   4  -4  -2  -2   2   8  -2    0   0   0   0   0   0   0   0   0   0   0   0   0   9   0   0   0   0  91   0  1.10 0.07
   28 C    -1  -4  -3  -4  10  -4  -5  -3  -4  -2  -2  -4  -2  -3  -4  -1  -1  -3  -3  -1    0   0   0   0 100   0   0   0   0   0   0   0   0   0   0   0   0   0   0   0  1.67 0.09
   29 G     3  -2  -1   1  -2  -1  -1   3  -2  -3  -3  -1  -2  -3  -2   2   0  -3  -3  -2   46   0   0  11   0   0   0  29   0   0   0   0   0   0   0  14   0   0   0   0  0.38 0.03
   30 G     1  -3  -1  -2  -3  -2  -2   6  -3  -4  -4  -2  -3  -4  -2   0  -2  -3  -3  -3   12   0   0   0   0   0   0  88   0   0   0   0   0   0   0   0   0   0   0   0  1.01 0.05
   31 S    -1  -2  -1  -2  -2  -1  -2  -2  -2   0  -1  -1  -1   1   4   1   2   4   0  -1    0   0   0   0   0   0   0   0   0   6   6   0   0  12  28  21  19   8   0   0  0.42 0.02
   32 Y    -2  -2  -3  -4  -2  -2  -3  -4   2   2   3  -3   1   2  -3  -2  -2   0   4   0    0   0   0   0   0   0   0   0   8  13  49   0   0   6   0   0   0   0  24   0  0.33 0.03
   33 R    -2   5  -1  -2  -4   1   0  -3  -1  -3  -3   3  -2  -3  -2  -1  -1   5  -1  -3    0  56   0   0   0   0   0   0   0   0   0  32   0   0   0   0   0  12   0   0  0.67 0.04
   34 A     1  -1  -2  -2  -2   2  -1  -2  -2   0   2  -1   1  -1   2  -1  -1  -2  -2   0   22   0   0   0   0  24   0   0   0   0  43   0   0   0  11   0   0   0   0   0  0.21 0.03
   35 T    -1   3   0  -2  -2   0  -1  -2  -2  -2  -2   0  -1  -3  -2   1   5  -3  -2  -1    0  31   0   0   0   0   0   0   0   0   0   0   0   0   0   0  69   0   0   0  0.48 0.05
   36 C    -1  -4  -3  -4  10  -4  -5  -3  -4  -2  -2  -4  -2  -3  -4  -1  -1  -3  -3  -1    0   0   0   0 100   0   0   0   0   0   0   0   0   0   0   0   0   0   0   0  1.67 0.09
   37 V     0  -1  -1  -2  -1  -1  -1  -2  -2   1  -1   1  -1  -2  -2   1   5  -3  -2   1    0   0   0   0   0   0   0   0   0   8   0  11   0   0   0   0  68   0   0  13  0.35 0.04
   38 C    -1  -4  -3  -4  10  -4  -5  -3  -4  -2  -2  -4  -2  -3  -4  -1  -1  -3  -3  -1    0   0   0   0 100   0   0   0   0   0   0   0   0   0   0   0   0   0   0   0  1.67 0.09
   39 Y    -2  -2  -2  -3  -3  -2  -3   2   1  -2  -2  -2  -2   2  -3  -2  -2   2   7  -2    0   0   0   0   0   0   0  19   0   0   0   0   0   0   0   0   0   0  81   0  0.83 0.05
   40 R    -2   6  -1  -2  -4   1   0  -3  -1  -3  -3   3  -2  -3  -2  -1  -1  -3  -2  -3    0  78   0   0   0   0   0   0   0   0   0  22   0   0   0   0   0   0   0   0  0.74 0.03
   41 K     0   1   0   0  -3   3   3  -2   0  -3  -3   3  -1  -3  -1   2   0  -3  -2  -2    0   0   0   0   0  23  23   0   0   0   0  30   0   0   0  24   0   0   0   0  0.38 0.01

                      K         Lambda
Standard Ungapped    0.1474     0.3270
Standard Gapped      0.0449     0.2670
PSI Ungapped         0.1468     0.3198
PSI Gapped           0.0449     0.2670
