
Last position-specific scoring matrix computed, weighted observed percentages rounded down, information per position, and relative weight of gapless real matches to pseudocounts
            A   R   N   D   C   Q   E   G   H   I   L   K   M   F   P   S   T   W   Y   V   A   R   N   D   C   Q   E   G   H   I   L   K   M   F   P   S   T   W   Y   V
    1 L    -1  -3  -3  -4  -1  -2  -3  -4  -3   2   3  -3   2   0  -3  -2  -1  -2  -1   3    0   0   0   0   0   0   0   0   0   0  50   0   0   0   0   0   0   0   0  50  0.32 0.00
    2 P    -1  -2  -2  -2  -3  -2  -1  -2  -2  -3  -3  -1  -3  -4   8  -1  -1  -4  -3  -3    0   0   0   0   0   0   0   0   0   0   0   0   0   0 100   0   0   0   0   0  2.08 0.02
    3 V     0  -2   3  -1  -2  -2  -2   4  -1  -1  -2  -1  -2  -3  -2   0  -1  -3  -3   0    0   0  25   0   0   0   0  52   0   0   0   0   0   0   0   0   0   0   0  23  0.42 0.01
    4 N    -2   3   5   1  -3   0   0  -1   0  -4  -3   1  -2  -3  -2   0  -1  -4  -2  -3    0  33  67   0   0   0   0   0   0   0   0   0   0   0   0   0   0   0   0   0  0.59 0.02
    5 E    -1   1   0   1  -4   2   4  -2  -1  -3  -3   4  -2  -4  -1   0  -1  -3  -2  -3    0   0   0   0   0   0  48   0   0   0   0  52   0   0   0   0   0   0   0   0  0.53 0.02
    6 A     4  -1  -1  -1  -1  -1  -1   0  -2  -2  -2  -1  -1  -3  -1   3   0  -3  -2  -1   67   0   0   0   0   0   0   0   0   0   0   0   0   0   0  33   0   0   0   0  0.38 0.02
    7 Q    -1   0   0   4  -4   4   3  -2   0  -3  -3   1  -2  -4  -2   0  -1  -3  -2  -3    0   0   0  33   0  48  19   0   0   0   0   0   0   0   0   0   0   0   0   0  0.58 0.02
    8 C    -1  -4  -3  -4  10  -3  -4  -3  -4  -2  -2  -4  -2  -3  -3  -1  -1  -3  -3  -1    0   0   0   0 100   0   0   0   0   0   0   0   0   0   0   0   0   0   0   0  1.41 0.04
    9 R    -2   2  -1   0  -4   1   3  -3  -1  -2  -1   0  -1   4  -2  -1  -1  -1   1  -2    0  23   0   0   0   0  44   0   0   0   0   0   0  33   0   0   0   0   0   0  0.33 0.02
   10 Q    -1   5   0  -1  -4   4   1  -2   0  -3  -2   2  -1  -3  -2  -1  -1  -3  -2  -3    0  52   0   0   0  48   0   0   0   0   0   0   0   0   0   0   0   0   0   0  0.62 0.02
   11 V     2   0  -1  -1  -2   0   2  -2  -1   0  -1   2  -1  -3  -1   0   0  -3  -2   1   25   0   0   0   0   0  19   0   0   0   0  33   0   0   0   0   0   0   0  23  0.17 0.01
   12 G     0   0   2  -1  -3   0  -1   4  -1  -4  -4   1  -2  -3  -2   1  -1  -3  -3  -3    0   0  16   0   0   0   0  48   0   0   0  19   0   0   0  17   0   0   0   0  0.46 0.01
   13 G     0  -3  -1  -2  -3  -2  -2   6  -2  -4  -4  -2  -3  -4  -2   0  -2  -3  -3  -4    0   0   0   0   0   0   0 100   0   0   0   0   0   0   0   0   0   0   0   0  1.11 0.03
   14 Y    -2  -3  -3  -4  -2  -3  -3  -4   0   2   0  -3   0   5  -3  -2  -2   1   5   0    0   0   0   0   0   0   0   0   0  25   0   0   0  33   0   0   0   0  42   0  0.51 0.02
   15 C    -1  -4  -3  -4  10  -3  -4  -3  -4  -2  -2  -4  -2  -3  -3  -1  -1  -3  -3  -1    0   0   0   0 100   0   0   0   0   0   0   0   0   0   0   0   0   0   0   0  1.41 0.04
   16 G     2  -2  -1  -1  -1  -1  -1   4  -2  -3  -3  -1  -2  -3  -1   2   0  -3  -3  -2   33   0   0   0   0   0   0  42   0   0   0   0   0   0   0  25   0   0   0   0  0.46 0.01
   17 L    -2  -1  -2  -3  -3  -1  -2  -3  -2   0   1   1   0   5  -3  -2  -2   0   2  -1    0   0   0   0   0   0   0   0   0   0  23  25   0  52   0   0   0   0   0   0  0.30 0.02
   18 R    -2   2  -1   3  -2  -1  -1  -3  -2   0   3   0   1  -1  -3  -2  -1  -3  -2  -1    0  23   0  25   0   0   0   0   0   0  52   0   0   0   0   0   0   0   0   0  0.20 0.01
   19 I    -1   1  -1  -1  -3   0   0  -2   5   1  -1   3  -1  -2  -2  -1  -1  -3  -1  -1    0   0   0   0   0   0   0   0  25  23   0  52   0   0   0   0   0   0   0   0  0.25 0.02
   20 C    -1  -4  -3  -4  10  -3  -4  -3  -4  -2  -2  -4  -2  -3  -3  -1  -1  -3  -3  -1    0   0   0   0 100   0   0   0   0   0   0   0   0   0   0   0   0   0   0   0  1.41 0.04
   21 N    -1  -1   3   0  -3   0  -1  -1   5  -3  -3  -1  -2  -3   5   1   0  -4  -1  -3    0   0  23   0   0   0   0   0  25   0   0   0   0   0  33  19   0   0   0   0  0.63 0.02
   22 F    -1  -2  -2  -3  -2  -2  -2  -3  -1   0   2  -2   0   5  -3   0  -1   0   4  -1    0   0   0   0   0   0   0   0   0   0  25   0   0  42   0  17   0   0  16   0  0.33 0.01
   23 P    -1  -2  -2  -2  -3  -1  -1  -3   4  -1   1  -2   0  -1   6  -1  -1  -3  -1  -1    0   0   0   0   0   0   0   0  25   0  33   0   0   0  42   0   0   0   0   0  0.66 0.02
   24 S     0  -2   0  -1  -1  -1  -1  -2  -2  -1  -1  -1  -1   2  -2   2   4  -2   0  -1    0   0   0   0   0   0   0   0   0   0   0   0   0  19   0  23  58   0   0   0  0.31 0.02
   25 R    -1   4  -2  -3  -2   0  -1  -3  -2   0   2   1   0  -1  -3  -2  -1  -3  -2   1    0  48   0   0   0   0   0   0   0   0  33   0   0   0   0   0   0   0   0  19  0.26 0.01
   26 F     1  -3  -3  -3  -1  -2  -3  -2  -2   3   1  -2   0   3  -2  -1  -1  -2   0   2   25   0   0   0   0   0   0   0   0  33   0   0   0  23   0   0   0   0   0  19  0.19 0.01
   27 L     0  -2  -1  -2  -1  -1  -1  -2  -2  -1   1  -1   0   3  -2   3   0  -1   0  -1    0   0   0   0   0   0   0   0   0   0  23   0   0  25   0  52   0   0   0   0  0.19 0.02
   28 G     0  -3  -1  -2  -3  -2  -2   6  -2  -4  -4  -2  -3  -4  -2   0  -2  -3  -3  -4    0   0   0   0   0   0   0 100   0   0   0   0   0   0   0   0   0   0   0   0  1.11 0.03
   29 L    -1   1  -1  -1  -3   1   0  -2   5  -1   1   3   0  -2  -2  -1  -1  -3   0  -2    0   0   0   0   0   0   0   0  25   0  23  52   0   0   0   0   0   0   0   0  0.26 0.02
   30 C    -1  -4  -3  -4  10  -3  -4  -3  -4  -2  -2  -4  -2  -3  -3  -1  -1  -3  -3  -1    0   0   0   0 100   0   0   0   0   0   0   0   0   0   0   0   0   0   0   0  1.41 0.04
   31 T     0   0   0  -1  -1   3   0  -1  -1  -2  -2   0  -1  -3  -1   3   3  -3  -2  -2    0   0   0   0   0  25   0   0   0   0   0   0   0   0   0  52  23   0   0   0  0.36 0.02
   32 R    -2   6  -1  -2  -4   1   0  -3   0  -3  -3   2  -2  -3  -2  -1  -1  -3  -2  -3    0 100   0   0   0   0   0   0   0   0   0   0   0   0   0   0   0   0   0   0  0.84 0.03
   33 N    -1  -2   2  -1  -3  -2  -2   2  -1  -2  -1  -2  -1   5  -3  -1  -2   0   1  -2    0   0  23   0   0   0   0  25   0   0   0   0   0  52   0   0   0   0   0   0  0.36 0.02
   34 H    -2  -2  -1  -3  -2  -1  -2  -3   6   0  -1  -2  -1   3  -3  -2  -1  -1   4   1    0   0   0   0   0   0   0   0  39   0   0   0   0  19   0   0   0   0  17  25  0.35 0.02
   35 P    -1  -3  -3  -3  -2  -2  -2  -3  -2   0   2  -2   0   2   6  -2  -2  -2   0  -1    0   0   0   0   0   0   0   0   0   0  33   0   0  19  48   0   0   0   0   0  0.76 0.02
   36 C    -1  -4  -3  -4  10  -3  -4  -3  -4  -2  -2  -4  -2  -3  -3  -1  -1  -3  -3  -1    0   0   0   0 100   0   0   0   0   0   0   0   0   0   0   0   0   0   0   0  1.41 0.04
   37 C    -1  -4  -3  -4  10  -3  -4  -3  -4  -2  -2  -4  -2  -3  -3  -1  -1  -3  -3  -1    0   0   0   0 100   0   0   0   0   0   0   0   0   0   0   0   0   0   0   0  1.41 0.04
   38 S     0   3   0  -1  -3   1   0  -2  -1  -3  -3   4  -2  -3  -1   1   0  -3  -2  -2    0  25   0   0   0   0   0   0   0   0   0  52   0   0   0  23   0   0   0   0  0.42 0.02
   39 R    -1   5   2  -1  -3   0   0  -2   0  -3  -2   1  -2  -3  -2   0   2  -3  -2  -2    0  56  19   0   0   0   0   0   0   0   0   0   0   0   0   0  25   0   0   0  0.43 0.02
   40 V    -1  -3  -3  -4  -1  -3  -3  -4  -4   4   1  -3   1  -1  -3  -2  -1  -3  -1   4    0   0   0   0   0   0   0   0   0  52   0   0   0   0   0   0   0   0   0  48  0.39 0.02
   41 W    -3  -3  -4  -4  -3  -2  -3  -3  -1  -3  -2  -3  -2   2  -4  -3  -3  11   5  -3    0   0   0   0   0   0   0   0   0   0   0   0   0   0   0   0   0  75  25   0  1.89 0.04
   42 V     0  -3  -3  -3  -1  -2  -2  -3  -3   3   1  -2   1  -1  -2  -2   0  -3  -1   4    0   0   0   0   0   0   0   0   0   0   0   0   0   0   0   0   0   0   0   0  0.00     0.00

                      K         Lambda
Standard Ungapped    0.1468     0.3330
Standard Gapped      0.0428     0.2670
PSI Ungapped         0.1398     0.3266
PSI Gapped           0.0428     0.2670
