
Last position-specific scoring matrix computed, weighted observed percentages rounded down, information per position, and relative weight of gapless real matches to pseudocounts
           A  R  N  D  C  Q  E  G  H  I  L  K  M  F  P  S  T  W  Y  V   A   R   N   D   C   Q   E   G   H   I   L   K   M   F   P   S   T   W   Y   V
    1 G    0 -3  0 -1 -3 -2 -2  6 -2 -4 -4 -2 -3 -3 -2  0 -2 -3 -3 -3    0   0   0   0   0   0   0 100   0   0   0   0   0   0   0   0   0   0   0   0  1.04 0.00
    2 G   -1  4  0 -2 -3  0 -1  4 -1 -4 -3  1 -2 -3 -2 -1 -1 -3 -2 -3    0  52   0   0   0   0   0  48   0   0   0   0   0   0   0   0   0   0   0   0  0.55 0.00
    3 L   -2 -2 -4 -4 -1 -2 -3 -4 -3  2  4 -3  2  0 -3 -3 -1 -2 -1  1    0   0   0   0   0   0   0   0   0   0 100   0   0   0   0   0   0   0   0   0  0.46 0.00
    4 K   -1  2  0 -1 -3  1  1 -2 -1 -3 -3  5 -2 -3 -1  0 -1 -3 -2 -3    0   0   0   0   0   0   0   0   0   0   0 100   0   0   0   0   0   0   0   0  0.52 0.00
    5 K   -1  2  0 -1 -3  1  1 -2 -1 -3 -3  5 -2 -3 -1  0 -1 -3 -2 -3    0   0   0   0   0   0   0   0   0   0   0 100   0   0   0   0   0   0   0   0  0.55 0.01
    6 F   -2 -3 -4 -4 -2 -3 -3 -4 -2  1  3 -3  1  5 -4 -3 -2  0  2  0    0   0   0   0   0   0   0   0   0   0  46   0   0  54   0   0   0   0   0   0  0.46 0.01
    7 G    0 -3 -1 -2 -3 -2 -2  6 -2 -4 -4 -2 -3 -3 -2  0 -2 -3 -3 -4    0   0   0   0   0   0   0 100   0   0   0   0   0   0   0   0   0   0   0   0  1.07 0.01
    8 K   -1  2  0 -1 -3  1  1 -2 -1 -3 -3  5 -2 -3 -1  0 -1 -3 -2 -3    0   0   0   0   0   0   0   0   0   0   0 100   0   0   0   0   0   0   0   0  0.55 0.01
    9 K   -1  4  0 -1 -3  1  1 -2 -1 -3 -3  5 -2 -3 -1  0 -1 -3 -2 -3    0  20   0   0   0   0   0   0   0   0   0  80   0   0   0   0   0   0   0   0  0.53 0.01
   10 L   -2 -3 -4 -4 -1 -3 -3 -4 -3  3  3 -3  2  0 -3 -3 -1 -2 -1  2    0   0   0   0   0   0   0   0   0  40  60   0   0   0   0   0   0   0   0   0  0.39 0.00
   11 E   -1  0  0  2 -4  2  6 -2  0 -4 -3  1 -2 -4 -1  0 -1 -3 -2 -3    0   0   0   0   0   0 100   0   0   0   0   0   0   0   0   0   0   0   0   0  0.78 0.01
   12 G    0  0  0 -1 -3  0 -1  5 -2 -4 -3  3 -2 -3 -2  0 -1 -3 -3 -3    0   0   0   0   0   0   0  59   0   0   0  41   0   0   0   0   0   0   0   0  0.57 0.01
   13 V    2 -2 -3 -3 -1 -2 -2 -1 -3  1  1 -2  0 -1 -2  0  0 -3 -2  2   42   0   0   0   0   0   0   0   0   0  17   0   0   0   0   0   0   0   0  41  0.19 0.01
   14 G    0 -3 -1 -2 -3 -2 -2  6 -2 -4 -4 -2 -3 -3 -2  0 -2 -3 -3 -4    0   0   0   0   0   0   0 100   0   0   0   0   0   0   0   0   0   0   0   0  1.08 0.01
   15 K   -1  3  0 -1 -3  1  1 -2 -1 -3 -3  5 -2 -3 -1  0 -1 -3 -2 -3    0  17   0   0   0   0   0   0   0   0   0  83   0   0   0   0   0   0   0   0  0.54 0.01
   16 R   -2  6  2 -1 -4  1  0 -2  0 -3 -3  2 -2 -3 -2 -1 -1 -3 -2 -3    0  83  17   0   0   0   0   0   0   0   0   0   0   0   0   0   0   0   0   0  0.65 0.01
   17 V    0 -3 -3 -4 -1 -2 -3 -4 -4  3  1 -3  1 -1 -3 -2  0 -3 -1  4    0   0   0   0   0   0   0   0   0   0   0   0   0   0   0   0   0   0   0 100  0.39 0.01
   18 F   -3 -3 -3 -4 -3 -4 -4 -4 -1  0  0 -3  0  7 -4 -3 -2  1  3 -1    0   0   0   0   0   0   0   0   0   0   0   0   0 100   0   0   0   0   0   0  0.81 0.02
   19 K   -1  3  4  0 -3  1  0 -1  0 -3 -3  4 -2 -3 -2  0 -1 -3 -2 -3    0  17  33   0   0   0   0   0   0   0   0  50   0   0   0   0   0   0   0   0  0.44 0.01
   20 A    5 -2 -2 -2 -1 -1 -1  0 -2 -2 -2 -1 -1 -3 -1  1  0 -3 -2  0  100   0   0   0   0   0   0   0   0   0   0   0   0   0   0   0   0   0   0   0  0.44 0.01
   21 S    3 -1 -1 -1 -1 -1 -1  0 -2 -1 -2 -1 -1 -2 -1  3  1 -3 -2  0   47   0   0   0   0   0   0   0   0   0   0   0   0   0   0  41   0   0   0  12  0.28 0.01
   22 E   -1  1  0  1 -4  3  4 -2  0 -3 -3  2 -2 -4 -1  0 -1 -3 -2 -3    0   0   0   0   0  24  59   0   0   0   0  17   0   0   0   0   0   0   0   0  0.57 0.01
   23 K   -1  2  0 -1 -3  1  1 -2 -1 -3 -3  5 -2 -3 -1  0 -1 -3 -2 -3    0   0   0   0   0   0   0   0   0   0   0 100   0   0   0   0   0   0   0   0  0.56 0.01
   24 A    4 -2 -1 -2 -1 -1 -1  3 -2 -2 -2 -1 -1 -3 -1  1  0 -3 -2 -1   76   0   0   0   0   0   0  24   0   0   0   0   0   0   0   0   0   0   0   0  0.41 0.01
   25 L   -2 -2 -4 -4 -1 -2 -3 -4 -3  2  4 -3  2  0 -3 -3 -1 -2 -1  1    0   0   0   0   0   0   0   0   0   0 100   0   0   0   0   0   0   0   0   0  0.49 0.01
   26 P   -1 -2 -2 -2 -3 -2 -1 -2 -2 -3 -3 -1 -3 -4  8 -1 -1 -4 -3 -3    0   0   0   0   0   0   0   0   0   0   0   0   0   0 100   0   0   0   0   0  2.08 0.02
   27 V    0 -3 -3 -4 -1 -2 -3 -4 -4  3  1 -3  1 -1 -3 -2  0 -3 -1  4    0   0   0   0   0   0   0   0   0   0   0   0   0   0   0   0   0   0   0 100  0.39 0.01
   28 V    2 -2 -3 -3 -1 -2 -2 -2 -3  2  1 -2  0 -1 -2  0  0 -3 -2  2   42   0   0   0   0   0   0   0   0  17  12   0   0   0   0   0   0   0   0  28  0.19 0.00
   29 T    3 -2 -1 -2 -1 -1 -1 -1 -2  0 -1 -1 -1 -2 -1  1  2 -3 -2  1   59   0   0   0   0   0   0   0   0   0   0   0   0   0   0   0  22   0   0  19  0.25 0.01
   30 G    0 -3 -1 -2 -3 -2 -2  6 -2 -4 -4 -2 -3 -3 -2  0 -2 -3 -3 -4    0   0   0   0   0   0   0 100   0   0   0   0   0   0   0   0   0   0   0   0  1.08 0.01
   31 F    0 -2 -3 -3 -2 -2 -3 -3 -1  2  0 -2  0  2 -3 -2 -1  0  4  2   10   0   0   0   0   0   0   0   0  19   0   0   0  10   0   0   0   0  29  33  0.25 0.01
   32 K   -1  2  0 -1 -3  3  1 -2 -1 -3 -3  5 -1 -3 -1  0 -1 -3 -2 -3    0   0   0   0   0  24   0   0   0   0   0  76   0   0   0   0   0   0   0   0  0.51 0.01
   33 A    5 -2 -2 -2 -1 -1 -1  0 -2 -2 -2 -1 -1 -3 -1  1  0 -3 -2  0  100   0   0   0   0   0   0   0   0   0   0   0   0   0   0   0   0   0   0   0  0.44 0.01
   34 L   -2 -3 -4 -4 -1 -2 -3 -4 -3  2  4 -3  2  0 -3 -3 -1 -2 -1  1    0   0   0   0   0   0   0   0   0  12  88   0   0   0   0   0   0   0   0   0  0.45 0.01

                      K         Lambda
Standard Ungapped    0.1406     0.3173
Standard Gapped      0.0410     0.2670
PSI Ungapped         0.1406     0.3173
PSI Gapped           0.0410     0.2670
