
Last position-specific scoring matrix computed, weighted observed percentages rounded down, information per position, and relative weight of gapless real matches to pseudocounts
           A  R  N  D  C  Q  E  G  H  I  L  K  M  F  P  S  T  W  Y  V   A   R   N   D   C   Q   E   G   H   I   L   K   M   F   P   S   T   W   Y   V
    1 G    0 -2  0 -1 -3 -2 -2  6 -2 -4 -4 -2 -3 -3 -2  0 -2 -3 -3 -3    0   0   0   0   0   0   0 100   0   0   0   0   0   0   0   0   0   0   0   0  1.04 0.00
    2 G    0  3  0 -2 -3  0 -1  4 -1 -4 -3  1 -2 -3 -2 -1 -1 -3 -2 -3    0  43   0   0   0   0   0  57   0   0   0   0   0   0   0   0   0   0   0   0  0.58 0.00
    3 L   -2 -2 -4 -4 -1 -2 -3 -4 -3  2  4 -3  2  0 -3 -3 -1 -2 -1  1    0   0   0   0   0   0   0   0   0   0 100   0   0   0   0   0   0   0   0   0  0.46 0.00
    4 K   -1  2  0 -1 -3  1  1 -2 -1 -3 -3  5 -1 -3 -1  0 -1 -3 -2 -2    0   0   0   0   0   0   0   0   0   0   0 100   0   0   0   0   0   0   0   0  0.52 0.00
    5 K   -1  2  0 -1 -3  1  1 -2 -1 -3 -3  5 -1 -3 -1  0 -1 -3 -2 -2    0   0   0   0   0   0   0   0   0   0   0 100   0   0   0   0   0   0   0   0  0.54 0.01
    6 L   -2 -3 -3 -4 -2 -3 -3 -4 -2  1  3 -3  1  5 -3 -3 -2  0  1  0    0   0   0   0   0   0   0   0   0   0  54   0   0  46   0   0   0   0   0   0  0.43 0.00
    7 G    0 -2 -1 -1 -3 -2 -2  6 -2 -4 -4 -2 -3 -3 -2  0 -2 -3 -3 -3    0   0   0   0   0   0   0 100   0   0   0   0   0   0   0   0   0   0   0   0  1.07 0.01
    8 K   -1  2  0 -1 -3  1  1 -2 -1 -3 -3  5 -1 -3 -1  0 -1 -3 -2 -2    0   0   0   0   0   0   0   0   0   0   0 100   0   0   0   0   0   0   0   0  0.55 0.01
    9 K   -1  3  0 -1 -3  1  1 -2 -1 -3 -3  5 -1 -3 -1  0 -1 -3 -2 -2    0  17   0   0   0   0   0   0   0   0   0  83   0   0   0   0   0   0   0   0  0.53 0.01
   10 L   -2 -3 -4 -4 -1 -2 -3 -4 -3  3  4 -3  2  0 -3 -3 -1 -2 -1  1    0   0   0   0   0   0   0   0   0  31  69   0   0   0   0   0   0   0   0   0  0.40 0.01
   11 E   -1  0  0  2 -4  2  5 -2  0 -3 -3  1 -2 -3 -1  0 -1 -3 -2 -3    0   0   0   0   0   0 100   0   0   0   0   0   0   0   0   0   0   0   0   0  0.77 0.01
   12 G    0  0  0 -1 -3  0 -1  5 -2 -3 -3  2 -2 -3 -2  0 -1 -3 -3 -3    0   0   0   0   0   0   0  61   0   0   0  39   0   0   0   0   0   0   0   0  0.58 0.01
   13 A    3 -2 -2 -3 -1 -2 -2 -1 -2  1  1 -2  0 -1 -2  0  0 -3 -2  2   48   0   0   0   0   0   0   0   0   0  17   0   0   0   0   0   0   0   0  35  0.19 0.00
   14 G    0 -2 -1 -1 -3 -2 -2  6 -2 -4 -4 -2 -3 -3 -2  0 -2 -3 -3 -3    0   0   0   0   0   0   0 100   0   0   0   0   0   0   0   0   0   0   0   0  1.07 0.01
   15 K   -1  3  0 -1 -3  1  1 -2 -1 -3 -3  5 -1 -3 -1  0 -1 -3 -2 -2    0  17   0   0   0   0   0   0   0   0   0  83   0   0   0   0   0   0   0   0  0.53 0.01
   16 R   -2  5  2 -1 -3  1  0 -2  0 -3 -2  2 -2 -3 -2 -1 -1 -3 -2 -3    0  83  17   0   0   0   0   0   0   0   0   0   0   0   0   0   0   0   0   0  0.64 0.01
   17 V    0 -3 -3 -3 -1 -2 -3 -3 -3  3  1 -2  1 -1 -3 -2  0 -3 -1  4    0   0   0   0   0   0   0   0   0   0   0   0   0   0   0   0   0   0   0 100  0.38 0.01
   18 F   -2 -3 -3 -4 -3 -3 -3 -3 -1  0  0 -3  0  7 -4 -3 -2  1  3 -1    0   0   0   0   0   0   0   0   0   0   0   0   0 100   0   0   0   0   0   0  0.79 0.01
   19 K   -1  3  3  0 -3  1  0 -1  0 -3 -3  4 -2 -3 -2  0 -1 -3 -2 -3    0  17  31   0   0   0   0   0   0   0   0  52   0   0   0   0   0   0   0   0  0.43 0.01
   20 A    4 -2 -2 -2  0 -1 -1  0 -2 -1 -2 -1 -1 -2 -1  1  0 -3 -2  0  100   0   0   0   0   0   0   0   0   0   0   0   0   0   0   0   0   0   0   0  0.43 0.01
   21 S    3 -1 -1 -1 -1 -1 -1  0 -1 -1 -2 -1 -1 -2 -1  3  1 -3 -2  0   44   0   0   0   0   0   0   0   0   0   0   0   0   0   0  44   0   0   0  12  0.28 0.01
   22 E   -1  1  0  1 -4  3  4 -2  0 -3 -3  2 -2 -3 -1  0 -1 -3 -2 -3    0   0   0   0   0  22  61   0   0   0   0  17   0   0   0   0   0   0   0   0  0.57 0.01
   23 K   -1  2  0 -1 -3  1  1 -2 -1 -3 -3  5 -1 -3 -1  0 -1 -3 -2 -2    0   0   0   0   0   0   0   0   0   0   0 100   0   0   0   0   0   0   0   0  0.55 0.01
   24 A    4 -2 -1 -2 -1 -1 -1  3 -2 -2 -2 -1 -1 -3 -1  1  0 -3 -2 -1   78   0   0   0   0   0   0  22   0   0   0   0   0   0   0   0   0   0   0   0  0.40 0.01
   25 L   -2 -2 -4 -4 -1 -2 -3 -4 -3  2  4 -3  2  0 -3 -3 -1 -2 -1  1    0   0   0   0   0   0   0   0   0   0 100   0   0   0   0   0   0   0   0   0  0.48 0.01
   26 P   -1 -2 -2 -2 -3 -1 -1 -2 -2 -3 -3 -1 -3 -4  8 -1 -1 -4 -3 -3    0   0   0   0   0   0   0   0   0   0   0   0   0   0 100   0   0   0   0   0  2.08 0.01
   27 V    0 -3 -3 -3 -1 -2 -3 -3 -3  3  1 -2  1 -1 -3 -2  0 -3 -1  4    0   0   0   0   0   0   0   0   0   0   0   0   0   0   0   0   0   0   0 100  0.38 0.01
   28 V    2 -2 -2 -3 -1 -2 -2 -2 -3  2  1 -2  0 -1 -2  0  0 -3 -2  2   39   0   0   0   0   0   0   0   0  17  10   0   0   0   0   0   0   0   0  35  0.19 0.00
   29 V    3 -2 -2 -2 -1 -1 -1 -1 -2  0 -1 -1  0 -2 -1  1  2 -3 -2  2   56   0   0   0   0   0   0   0   0   0   0   0   0   0   0   0  19   0   0  25  0.23 0.00
   30 G    0 -2 -1 -1 -3 -2 -2  6 -2 -4 -4 -2 -3 -3 -2  0 -2 -3 -3 -3    0   0   0   0   0   0   0 100   0   0   0   0   0   0   0   0   0   0   0   0  1.07 0.01
   31 I    0 -2 -3 -3 -1 -2 -2 -3 -1  2  0 -2  0  2 -3 -2 -1  0  4  2    9   0   0   0   0   0   0   0   0  25   0   0   0   9   0   0   0   0  26  31  0.24 0.00
   32 K   -1  2  0 -1 -3  3  1 -2  0 -3 -3  4 -1 -3 -1  0 -1 -3 -2 -2    0   0   0   0   0  22   0   0   0   0   0  78   0   0   0   0   0   0   0   0  0.50 0.01
   33 A    4 -2 -2 -2  0 -1 -1  0 -2 -1 -2 -1 -1 -2 -1  1  0 -3 -2  0  100   0   0   0   0   0   0   0   0   0   0   0   0   0   0   0   0   0   0   0  0.43 0.01
   34 I   -2 -2 -4 -4 -1 -2 -3 -4 -3  2  4 -3  2  0 -3 -3 -1 -2 -1  1    0   0   0   0   0   0   0   0   0  19  81   0   0   0   0   0   0   0   0   0  0.42 0.01
   35 G    0 -2 -1 -1 -3 -2 -2  6 -2 -4 -4 -2 -3 -3 -2  0 -2 -3 -3 -3    0   0   0   0   0   0   0 100   0   0   0   0   0   0   0   0   0   0   0   0  1.07 0.01
   36 K   -1  4  0 -1 -3  1  1 -2 -1 -3 -2  4 -1 -3 -1  0 -1 -3 -2 -2    0  30   0   0   0   0   0   0   0   0   0  70   0   0   0   0   0   0   0   0  0.53 0.00

                      K         Lambda
Standard Ungapped    0.1391     0.3133
Standard Gapped      0.0410     0.2670
PSI Ungapped         0.1391     0.3133
PSI Gapped           0.0410     0.2670
