
Last position-specific scoring matrix computed, weighted observed percentages rounded down, information per position, and relative weight of gapless real matches to pseudocounts
           A  R  N  D  C  Q  E  G  H  I  L  K  M  F  P  S  T  W  Y  V   A   R   N   D   C   Q   E   G   H   I   L   K   M   F   P   S   T   W   Y   V
    1 G    0 -2  0 -1 -3 -2 -2  6 -2 -4 -4 -2 -3 -3 -2  0 -2 -3 -3 -3    0   0   0   0   0   0   0 100   0   0   0   0   0   0   0   0   0   0   0   0  1.05 0.01
    2 L   -2 -2 -4 -4 -1 -2 -3 -4 -3  2  4 -3  2  0 -3 -3 -1 -2 -1  1    0   0   0   0   0   0   0   0   0   0 100   0   0   0   0   0   0   0   0   0  0.47 0.00
    3 F   -2 -3 -3 -4 -2 -3 -3 -3 -2  1  2 -3  1  5 -3 -2 -2  0  2  0    0   0   0   0   0   0   0   0   0   0  41   0   0  59   0   0   0   0   0   0  0.47 0.00
    4 G    1 -1  0 -1 -1  0  0  2 -1 -3 -3  1 -2 -3 -1  3  1 -3 -2 -2    0   0   0   0   0   0   0  23   0   0   0   9   0   0   0  68   0   0   0   0  0.38 0.00
    5 I    0 -2 -2 -3 -1 -2 -2 -3 -3  3  1 -2  1 -1 -2  0  0 -3 -1  4    0   0   0   0   0   0   0   0   0   8   0   0   0   0   0  10   0   0   0  82  0.28 0.00
    6 L   -2 -2 -4 -4 -1 -2 -3 -4 -3  2  4 -3  2  0 -3 -3 -1 -2 -1  1    0   0   0   0   0   0   0   0   0   0 100   0   0   0   0   0   0   0   0   0  0.47 0.00
    7 G    0 -2  0 -1 -2 -2 -2  6 -2 -4 -4 -1 -3 -3 -2  1 -1 -3 -3 -3    0   0   0   0   0   0   0  90   0   0   0   0   0   0   0  10   0   0   0   0  0.92 0.00
    8 S    2 -1  0  0 -1  0  0  0 -1 -2 -2  0 -2 -2 -1  4  1 -3 -2 -2    8   0   0   0   0   0   0   0   0   0   0   0   0   0   0  92   0   0   0   0  0.44 0.01
    9 V    0 -3 -3 -3 -1 -2 -3 -3 -3  3  1 -2  1 -1 -2 -2  0 -3 -1  4    0   0   0   0   0   0   0   0   0   9   0   0   0   0   0   0   0   0   0  91  0.35 0.00
   10 A    4 -2 -2 -2  0 -1 -1  0 -2 -1 -1 -1 -1 -2 -1  1  0 -3 -2  1   90   0   0   0   0   0   0   0   0   0   0   0   0   0   0   0   0   0   0  10  0.35 0.00
   11 K   -1  2  0 -1 -3  2  1 -2 -1 -3 -3  5 -1 -3 -1  0 -1 -3 -2 -2    0   0   0   0   0   8   0   0   0   0   0  92   0   0   0   0   0   0   0   0  0.51 0.01
   12 H   -2  0  1 -1 -3  0  0 -2  8 -3 -3 -1 -2 -1 -2 -1 -2 -2  2 -3    0   0   0   0   0   0   0   0 100   0   0   0   0   0   0   0   0   0   0   0  0.90 0.01
   13 V    0 -3 -3 -3 -1 -2 -3 -3 -3  2  2 -2  1 -1 -3 -2  0 -3 -1  3    0   0   0   0   0   0   0   0   0   0  25   0   0   0   0   0   0   0   0  75  0.32 0.00
   14 L   -1 -2 -3 -4 -1 -2 -3 -4 -3  2  4 -3  2  0 -3 -2 -1 -2 -1  1    0   0   0   0   0   0   0   0   0  10  81   0   0   0   0   0   0   0   0  10  0.40 0.00
   15 P   -1 -2 -2 -2 -3 -1 -1 -2 -2 -3 -3 -1 -3 -4  8 -1 -1 -4 -3 -2    0   0   0   0   0   0   0   0   0   0   0   0   0   0 100   0   0   0   0   0  2.06 0.01
   16 H   -2  1  0 -1 -3  0  0 -2  8 -3 -3  0 -2 -1 -2 -1 -2 -2  1 -3    0  10   0   0   0   0   0   0  90   0   0   0   0   0   0   0   0   0   0   0  0.80 0.01
   17 V    0 -3 -3 -3 -1 -2 -3 -3 -3  3  1 -2  1 -1 -2 -2  0 -3 -1  4    0   0   0   0   0   0   0   0   0   0   0   0   0   0   0   0   0   0   0 100  0.36 0.01
   18 V    1 -2 -3 -3 -1 -2 -2 -2 -3  2  0 -2  0 -1 -2 -1  0 -3 -1  4   18   0   0   0   0   0   0   0   0   0   0   0   0   0   0   0   0   0   0  82  0.26 0.00
   19 P   -1 -2 -2 -2 -3 -1 -1 -2 -2 -3 -3 -1 -3 -4  8 -1 -1 -4 -3 -2    0   0   0   0   0   0   0   0   0   0   0   0   0   0 100   0   0   0   0   0  2.06 0.01
   20 V    0 -3 -3 -3 -1 -2 -3 -3 -3  3  1 -2  1 -1 -2 -2  0 -3 -1  4    0   0   0   0   0   0   0   0   0  10   0   0   0   0   0   0   0   0   0  90  0.35 0.00
   21 I   -1 -3 -3 -3 -1 -3 -3 -4 -3  4  2 -3  1  0 -3 -2 -1 -3 -1  3    0   0   0   0   0   0   0   0   0 100   0   0   0   0   0   0   0   0   0   0  0.40 0.01
   22 A    4 -1 -2 -2  0 -1 -1  0 -2 -1 -2 -1 -1 -2 -1  1  0 -3 -2  0  100   0   0   0   0   0   0   0   0   0   0   0   0   0   0   0   0   0   0   0  0.41 0.01
   23 E   -1  0  0  2 -4  2  5 -2  0 -3 -3  1 -2 -3 -1  0 -1 -3 -2 -3    0   0   0   0   0   0 100   0   0   0   0   0   0   0   0   0   0   0   0   0  0.75 0.01
   24 H   -2  0  1 -1 -3  0  0 -2  8 -3 -3 -1 -2 -1 -2 -1 -2 -2  2 -3    0   0   0   0   0   0   0   0 100   0   0   0   0   0   0   0   0   0   0   0  0.87 0.00
   25 S    1 -1  1  0 -1  0  0  0 -1 -2 -2  0 -1 -2 -1  4  1 -3 -2 -2    0   0   0   0   0   0   0   0   0   0   0   0   0   0   0   0   0   0   0   0  0.00     0.00

                      K         Lambda
Standard Ungapped    0.1442     0.3248
Standard Gapped      0.0410     0.2670
PSI Ungapped         0.1442     0.3248
PSI Gapped           0.0410     0.2670
