
Last position-specific scoring matrix computed, weighted observed percentages rounded down, information per position, and relative weight of gapless real matches to pseudocounts
            A   R   N   D   C   Q   E   G   H   I   L   K   M   F   P   S   T   W   Y   V   A   R   N   D   C   Q   E   G   H   I   L   K   M   F   P   S   T   W   Y   V
    1 N    -1   2   2   0  -4   1   2  -2  -1  -4  -3   5  -2  -4  -2  -1  -1  -4  -3  -3    0   6  13   0   0   0  16   0   0   0   0  65   0   0   0   0   0   0   0   0  0.60 0.10
    2 L    -2  -3  -3  -4  -2  -3  -3  -4  -3   2   4  -3   1   1  -3  -2   1  -2  -1   1    0   0   0   0   0   0   0   0   0  20  61   0   0   4   0   0  15   0   0   0  0.40 0.07
    3 C    -1  -5  -4  -5  11  -4  -5  -4  -4  -2  -2  -4  -3  -4  -4  -2  -2  -3  -4  -2    0   0   0   0 100   0   0   0   0   0   0   0   0   0   0   0   0   0   0   0  2.13 0.20
    4 E    -2   0   1   2  -4   1   5  -3  -1  -4  -4   2  -3  -4  -2  -1  -1  -4  -3  -3    0   0   8   8   0   0  73   0   0   0   0  11   0   0   0   0   0   0   0   0  0.79 0.12
    5 R    -2   5   1  -2  -4   0   0  -3   4  -3  -3   3  -2  -3  -2  -1  -1  -3  -1  -1    0  47   7   0   0   0   0   0  14   0   0  23   0   0   0   0   0   0   0   8  0.53 0.09
    6 A     1   0  -2  -2  -2  -1   1  -2  -2  -1   1  -1  -1  -2   5   0   0  -3  -2  -1   16   5   0   0   0   0  11   0   0   0  22   0   0   0  31   7   7   0   0   0  0.43 0.06
    7 S     2  -2   0  -1  -1  -1  -1  -1  -2  -2  -3  -1  -2  -3  -2   5   1  -4  -2   0   14   0   0   0   0   0   0   0   0   0   0   0   0   0   0  78   0   0   0   7  0.56 0.12
    8 L    -1  -1   0   3  -3   1   1   3  -2  -3  -2   2  -2  -3  -2  -1  -2  -3  -3  -3    0   0   0  22   0   4  11  35   0   0   5  22   0   0   0   0   0   0   0   0  0.40 0.06
    9 T    -1  -2  -1  -2  -2  -2  -2  -3  -3  -2  -2  -2  -2  -3  -2   1   6  -3  -3  -1    0   0   0   0   0   0   0   0   0   0   0   0   0   0   0   0 100   0   0   0  0.96 0.17
   10 W    -3  -4  -4  -5  -4  -3  -4  -4  -2  -3  -3  -4  -2   1  -5  -4  -3  11   5  -3    0   0   0   0   0   0   0   0   0   0   0   0   0   0   0   0   0  71  29   0  2.34 0.20
   11 T     0   3   0  -1  -2   0  -1  -2  -1  -3  -3   1  -2   0  -2   4   2  -3  -2  -2    0  22   0   0   0   0   0   0   0   0   0   7   0   6   0  55  10   0   0   0  0.39 0.09
   12 G    -1  -3  -1  -2  -3  -3  -3   7  -3  -5  -5  -2  -4  -4  -3  -1  -2  -3  -4  -4    0   0   0   0   0   0   0 100   0   0   0   0   0   0   0   0   0   0   0   0  1.42 0.14
   13 N    -1   1   2  -1  -3  -1  -1  -2   2   1  -1   0  -1   0   3  -1  -1  -3  -1   2    0  11  19   0   0   0   0   0   8   7   0   7   0   5  15   0   0   0   0  27  0.19 0.05
   14 C    -1  -4  -3  -4  10  -4  -4  -3  -4  -2  -2  -4  -2  -3  -3  -2  -2  -3  -3  -2    1   0   0   0  93   0   0   1   0   0   1   0   0   0   0   1   0   0   0   0  1.87 0.18
   15 G    -1  -3  -2  -3   2  -2  -3   4  -3   0  -1  -1  -1   3  -3  -1  -2  -2  -1   0    0   0   0   0   7   0   0  47   0   7   0   6   0  22   0   0   0   0   0  11  0.38 0.07
   16 N    -1  -1   5   2  -3  -1  -1  -1   2  -3  -3  -1  -2  -3  -2   1   2  -4  -2  -3    0   0  50  13   0   0   0   0   7   0   0   0   0   0   0   8  22   0   0   0  0.57 0.10
   17 T    -1  -1   4   2  -2  -1  -1  -1  -1  -3  -3  -1  -2  -3  -2   2   3  -4  -3  -2    0   0  35  11   0   0   0   0   0   0   0   0   0   0   0  21  32   0   0   0  0.49 0.09
   18 G     1   0   3   1  -2  -1  -1   2  -1  -3  -3   0  -2  -2  -2   1  -1  -2   2  -2   19   5  24   6   0   0   0  20   0   0   0   7   0   0   0   8   0   0  11   0  0.25 0.05
   19 H     2   0   0   1  -2   2   0   0   3  -3  -3   2  -2  -3  -2   2   0  -3  -1  -2   20   0   0   7   0  11   0   5  13   0   0  21   0   0   0  22   0   0   0   0  0.26 0.06
   20 C    -1  -5  -4  -5  11  -4  -5  -4  -4  -2  -2  -4  -3  -4  -4  -2  -2  -4  -4  -2    0   0   0   0 100   0   0   0   0   0   0   0   0   0   0   0   0   0   0   0  2.18 0.22
   21 D    -2   2   2   5  -4   0   1  -2  -1  -4  -4   2  -3  -4  -2   0  -1  -4  -3  -3    0  11   7  54   0   0   0   0   0   0   0  20   0   0   0   8   0   0   0   0  0.63 0.09
   22 T    -2   0   4   4  -3   1   1  -2  -1  -3  -4   2  -3  -4  -2   0   0  -4  -3  -3    0   0  28  37   0   8   0   0   0   0   0  17   0   0   0   5   5   0   0   0  0.53 0.08
   23 Q    -2   1   0  -1  -4   5   1  -3   6  -4  -3   1  -2  -3  -2  -1  -2  -3  -1  -3    0   6   0   0   0  54   0   0  33   0   0   7   0   0   0   0   0   0   0   0  0.81 0.13
   24 C    -1  -5  -4  -5  11  -4  -5  -4  -4  -2  -2  -4  -3  -4  -4  -2  -2  -4  -4  -2    0   0   0   0 100   0   0   0   0   0   0   0   0   0   0   0   0   0   0   0  2.18 0.22
   25 R    -2   1  -2  -2  -3   0  -1  -3  -2   3   0   3   0  -2  -2  -2  -1  -3  -2   1    0   5   0   0   0   4   0   0   0  44   0  39   0   0   0   0   0   0   0   7  0.29 0.09
   26 N    -2   2   5   3  -4   0   1  -1   0  -4  -4   1  -3  -4  -2   0  -1  -4  -3  -3    0  12  52  18   0   0   7   0   0   0   0   7   0   0   0   4   0   0   0   0  0.60 0.09
   27 W    -2   1   1  -3  -3  -1  -2  -3  -2  -2   1   2  -1  -1  -3  -2  -2   9   0  -2    0   8  11   0   0   0   0   0   0   0  20  22   0   0   0   0   0  39   0   0  0.83 0.11
   28 E     0  -1  -1   3  -4   1   6  -3  -1  -4  -4   0  -3  -4  -2  -1  -2  -4  -3  -3    7   0   0  11   0   0  82   0   0   0   0   0   0   0   0   0   0   0   0   0  0.89 0.13
   29 S    -1   2   1  -1  -3   0  -1   2   5  -4  -3   2  -2  -3  -2   0  -1  -3  -1  -3    0  17   7   0   0   0   0  23  30   0   0  19   0   0   0   5   0   0   0   0  0.45 0.08
   30 A     4  -2  -2  -3  -1  -2  -2   1  -2  -1   0  -2  -1   1  -2   0  -1  -3  -2  -1   67   0   0   0   0   0   0  11   0   0  14   0   0   8   0   0   0   0   0   0  0.35 0.09
   31 K     0   1   1  -1  -2   1   0   0  -1   0  -1   2  -1  -1  -2   0  -1  -2   1   0    4  10  11   0   0  11   0   7   0   7   7  17   0   0   0  10   0   0   8   8  0.09 0.03
   32 H    -1  -1   0   2  -3  -1  -1   0   7  -4  -4  -1  -3  -3  -2   2  -1  -3   0  -3    0   0   0  11   0   0   0   8  52   0   0   0   0   0   0  29   0   0   0   0  0.69 0.12
   33 G    -1  -3  -1  -2  -3  -3  -3   7  -3  -5  -5  -2  -4  -4  -3  -1  -2  -3  -4  -4    0   0   0   0   0   0   0 100   0   0   0   0   0   0   0   0   0   0   0   0  1.42 0.14
   34 A     3   0  -1  -2  -1  -1  -1  -1  -1  -2  -2  -1  -2  -1  -2   2   2  -2   2  -1   40   7   0   0   0   0   0   0   0   0   0   0   0   0   0  27  14   0  11   0  0.30 0.07
   35 C    -1  -5  -4  -5  11  -4  -5  -4  -4  -2  -2  -4  -3  -4  -4  -2  -2  -4  -4  -2    0   0   0   0 100   0   0   0   0   0   0   0   0   0   0   0   0   0   0   0  2.18 0.22
   36 H     0  -1   1  -2  -3  -1  -1  -2   7  -2  -2  -1   1  -1  -2  -1  -2  -2   3  -2   12   0   8   0   0   0   0   1  54   0   1   0   8   0   0   1   0   0  13   0  0.64 0.10
   37 K    -1   0  -1  -2  -2   2   0   1   0  -1  -2   2  -1   0  -2  -1  -1  -1   4   0    1   1   1   1   0  12   1  12   0   1   1  29   0   1   1   1   1   0  23  14  0.18 0.05
   38 R    -1   4  -1  -2  -3   2  -1   1  -1  -2  -1   0   1   2   0  -1  -1  -2   0  -1    1  34   0   0   0  15   0  12   0   0   1   0   8  18   4   0   0   0   0   4  0.23 0.06
   39 G     0  -2  -1   1  -3  -1   0   2  -1  -2  -2  -1  -2   0   5  -1  -1  -2   2  -2    7   1   1   8   0   1   5  17   0   1   1   1   0   4  37   1   1   0  12   1  0.56 0.05
   40 N     1  -1   2   2  -2   0   0   0  -1  -3  -3   1  -2  -3   3   1  -1  -3  -1  -2   13   0  17  15   0   0   0   6   0   0   1  17   0   0  16   8   0   0   4   0  0.29 0.04
   41 W    -2  -2  -2  -2  -3  -1   0  -3   5  -1  -2  -2  -1   1  -3  -2  -2   8   2   1    1   0   0   0   0   0   8   1  29   0   1   0   0   6   0   1   0  27   7  16  0.67 0.08
   42 K     1   3  -1  -2  -2   0   0  -2  -1  -2  -1   3   3  -3  -2   1  -1  -3  -2  -2   14  16   0   0   0   0   0   0   0   0   0  35  17   0   0  18   0   0   0   0  0.28 0.07
   43 C    -1  -5  -4  -5  10  -4  -5  -4  -4  -2  -2  -4  -3  -4  -4  -2  -2  -3  -4  -2    0   0   0   0 100   0   0   0   0   0   0   0   0   0   0   0   0   0   0   0  2.11 0.19
   44 F    -3  -4  -4  -4  -3  -4  -4  -4  -2   2   0  -4   0   6  -4  -3  -3   7   2  -1    0   0   0   0   0   0   0   0   0  19   0   0   0  65   0   0   0  16   0   0  0.93 0.11
   45 C    -1  -5  -4  -5  10  -4  -5  -4  -4  -2  -2  -4  -3  -4  -4  -2  -2  -3  -4  -2    0   0   0   0 100   0   0   0   0   0   0   0   0   0   0   0   0   0   0   0  2.11 0.19
   46 Y     0  -2  -2  -3  -3  -2  -2  -3   0  -2  -2   0  -1   3  -3  -1   1   1   7  -2    8   0   0   0   0   0   0   0   0   0   0   8   0  11   0   0  15   0  58   0  0.63 0.10
   47 F    -3   2  -2  -3  -3   0  -2  -4   2  -1  -1  -1  -1   6  -4  -2  -2   0   3  -2    0  16   0   0   0   7   0   0   8   0   0   0   0  64   0   0   0   0   5   0  0.64 0.10
   48 N    -1  -1   5   2  -3   1   1  -1  -1  -4  -4  -1  -3  -4   3   1  -1  -4  -3  -3    0   0  49  13   0   8   5   0   0   0   0   0   0   0  15  11   0   0   0   0  0.59 0.08
   49 C    -1  -5  -4  -5  10  -4  -5  -4  -4  -2  -2  -4  -3  -4  -4  -2  -2  -3  -4  -2    0   0   0   0 100   0   0   0   0   0   0   0   0   0   0   0   0   0   0   0  2.11 0.19

                      K         Lambda
Standard Ungapped    0.1361     0.3255
Standard Gapped      0.0426     0.2670
PSI Ungapped         0.1392     0.3125
PSI Gapped           0.0426     0.2670
