
Last position-specific scoring matrix computed, weighted observed percentages rounded down, information per position, and relative weight of gapless real matches to pseudocounts
            A   R   N   D   C   Q   E   G   H   I   L   K   M   F   P   S   T   W   Y   V   A   R   N   D   C   Q   E   G   H   I   L   K   M   F   P   S   T   W   Y   V
    1 H    -1   0   0   1  -4   2   5  -2   5  -4  -3   0  -2  -3  -2   0  -1  -3   0  -3    0   0   0   0   0   0  70   0  30   0   0   0   0   0   0   0   0   0   0   0  0.62 0.02
    2 I    -1  -2  -2  -3  -1  -1  -2  -3  -2   2   1  -2   5   0  -2  -1   2  -2  -1   1    0   0   0   0   0   0   0   0   0  30   0   0  50   0   0   0  20   0   0   0  0.24 0.01
    3 C    -1  -4  -3  -4  10  -4  -4  -3  -4  -2  -2  -4  -2  -3  -3  -1  -1  -3  -3  -1    0   0   0   0 100   0   0   0   0   0   0   0   0   0   0   0   0   0   0   0  1.60 0.08
    4 H    -2   3   0  -2  -4   0   0  -3   8  -4  -3   0  -2  -2  -3  -1  -2  -3   1  -4    0  23   0   0   0   0   0   0  77   0   0   0   0   0   0   0   0   0   0   0  0.90 0.06
    5 D    -2  -2   1   5  -3   0   2  -2  -1  -1  -3  -1  -2  -3  -2  -1  -1  -4  -3   0    0   0   0  67   0   0  17   0   0   0   0   0   0   0   0   0   0   0   0  16  0.62 0.04
    6 Y    -2  -2  -3  -4  -2  -2  -3  -4   0   1   2  -2   1   2  -3  -2  -2   1   6   0    0   0   0   0   0   0   0   0   0  11  37   0   0   0   0   0   0   0  51   0  0.48 0.04
    7 L    -2  -3  -4  -4  -2  -3  -3  -4  -3   3   3  -3   2   0  -3  -3  -1  -2  -1   2    0   0   0   0   0   0   0   0   0  42  58   0   0   0   0   0   0   0   0   0  0.44 0.03
    8 E    -1   2  -1  -1  -3   1   2  -2   0  -2  -1   3   2  -1  -2  -1  -1  -1   3  -2    0  11   0   0   0   0  18   0   0   0   0  40  14   0   0   0   0   0  17   0  0.28 0.03
    9 G     2   0  -1  -2  -2   0  -1   2  -2  -3  -3   2  -2  -3   3   0  -1  -3  -2  -2   38   0   0   0   0   0   0  18   0   0   0  26   0   0  17   0   0   0   0   0  0.37 0.02
   10 D    -1   2   0   3  -3   1   3  -2  -1  -3  -3   2  -2  -3  -1   0   1  -3  -2  -2    0  14   0  18   0   0  33   0   0   0   0  23   0   0   0   0  13   0   0   0  0.40 0.02
   11 H    -2   0   4   3  -3   0   0  -1   4  -3  -4   1  -2  -3  -2   0  -1  -4  -1  -3    0   0  38  26   0   0   0   0  18   0   0  17   0   0   0   0   0   0   0   0  0.49 0.03
   12 C    -1  -4  -3  -4  10  -4  -4  -3  -4  -2  -2  -4  -2  -3  -3  -1  -1  -3  -3  -1    0   0   0   0 100   0   0   0   0   0   0   0   0   0   0   0   0   0   0   0  1.60 0.08
   13 D    -2  -1   1   6  -4   0   4  -2  -1  -4  -4   0  -3  -4  -2   0  -1  -4  -3  -3    0   0   0  67   0   0  33   0   0   0   0   0   0   0   0   0   0   0   0   0  0.84 0.04
   14 P    -1  -1   2   3  -3   0   2  -2  -1   0  -2  -1  -2  -3   3  -1  -1  -4  -3  -1    0   0  17  24   0   0  25   0   0  16   0   0   0   0  18   0   0   0   0   0  0.39 0.02
   15 K     2   0   2   2  -2   0   0   1  -1  -3  -3   1  -2  -3  -1   1   0  -3  -2  -2   26   0  17  16   0   0   0  11   0   0   0  18   0   0   0  11   0   0   0   0  0.26 0.02
   16 D    -1  -1   0   2  -2   3   1  -2  -1  -2  -2   0  -1  -3  -2   1   4  -3  -2  -1    0   0   0  18   0  33   0   0   0   0   0   0   0   0   0   0  49   0   0   0  0.39 0.04
   17 C    -1  -4  -3  -4  10  -4  -4  -3  -4  -2  -2  -4  -2  -3  -3  -1  -1  -3  -3  -1    0   0   0   0 100   0   0   0   0   0   0   0   0   0   0   0   0   0   0   0  1.60 0.08
   18 N     0  -1   5   2  -2  -1  -1  -1  -1   0  -2  -1  -1  -3  -2   0   0  -4  -2   1   11   0  51  11   0   0   0   0   0   0   0   0   0   0   0   0   0   0   0  26  0.31 0.03
   19 L    -1  -2   2  -1  -2  -1  -1  -2  -2  -1   0  -1   0  -1  -2   1   3   6  -1  -1    0   0  14   0   0   0   0   0   0   0  18   0   0   0   0  17  35  16   0   0  0.32 0.03
   20 D    -1  -1  -1   2  -3   0   3  -3  -1   0   2  -1   2  -1  -2  -1  -1  -3  -2  -1    0   0   0  18   0   0  33   0   0   0  35   0  14   0   0   0   0   0   0   0  0.24 0.02
   21 C    -1  -4  -3  -4  10  -4  -4  -3  -4  -2  -2  -4  -2  -3  -3  -1  -1  -3  -3  -1    0   0   0   0 100   0   0   0   0   0   0   0   0   0   0   0   0   0   0   0  1.60 0.08
   22 R     1   3  -1  -1  -3   2   0   2  -1  -3  -3   3  -2  -3  -2   0  -1  -3  -2  -2   17  18   0   0   0  14   0  16   0   0   0  35   0   0   0   0   0   0   0   0  0.32 0.02
   23 D    -1   0   0   2  -2   4   1  -2  -1  -2  -2   0  -1  -3  -2   0   3  -3  -2  -2    0   0   0  18   0  49   0   0   0   0   0   0   0   0   0   0  33   0   0   0  0.43 0.04
   24 K    -1   2   0  -1  -4   1   1  -2  -1  -3  -3   6  -2  -4  -1  -1  -1  -3  -2  -3    0   0   0   0   0   0   0   0   0   0   0 100   0   0   0   0   0   0   0   0  0.68 0.06
   25 W    -3  -3  -4  -5  -3  -3  -3  -3  -1  -2  -1  -3  -1   3  -4  -3  -3  10   4  -3    0   0   0   0   0   0   0   0   0   0   0   0   0  17   0   0   0  67  16   0  1.77 0.07
   26 K    -1   2   2  -1  -3   1   0  -2  -1  -3  -3   5  -2  -4  -1   0  -1  -4  -2  -3    0   0  13   0   0   0   0   0   0   0   0  87   0   0   0   0   0   0   0   0  0.58 0.05
   27 G     0   1  -1  -1  -3   0   1   5  -2  -4  -4   0  -3  -3  -2  -1  -2  -3  -3  -3    0  16   0   0   0   0  17  67   0   0   0   0   0   0   0   0   0   0   0   0  0.66 0.03
   28 T     0  -1   4   0  -2  -1  -1  -2  -1   0  -1  -1  -1  -2  -2   1   2  -3  -2   2    0   0  35   0   0   0   0   0   0   0   0   0   0   0   0  14  18   0   0  33  0.23 0.03
   29 G     0  -3  -1  -2  -3  -2  -3   6  -2  -4  -4  -2  -3  -4  -3  -1  -2  -3  -4  -4    0   0   0   0   0   0   0 100   0   0   0   0   0   0   0   0   0   0   0   0  1.18 0.05
   30 T     0  -2   0  -1  -1  -1  -1  -1  -2   0  -1  -1  -1  -2  -2   3   2  -3  -2   2    0   0   0   0   0   0   0   0   0   0   0   0   0   0   0  49  18   0   0  33  0.25 0.03
   31 C    -1  -4  -3  -4  10  -4  -4  -3  -4  -2  -2  -4  -2  -3  -3  -1  -1  -3  -3  -1    0   0   0   0 100   0   0   0   0   0   0   0   0   0   0   0   0   0   0   0  1.60 0.08
   32 E    -1  -2  -3  -2  -2  -1   1  -3  -2   1   0  -2   0   5  -3  -2  -1  -1   1   2    0   0   0   0   0   0  18   0   0   0   0   0   0  49   0   0   0   0   0  33  0.31 0.03
   33 P    -1  -1  -2  -1  -3   3   0  -2  -2  -3  -3  -1  -2  -4   7  -1  -1  -4  -3  -3    0   0   0   0   0  26   0   0   0   0   0   0   0   0  74   0   0   0   0   0  1.49 0.05
   34 P    -1  -2   4   0  -3  -1  -1  -2  -1   0  -2  -1  -2  -3   6  -1  -1  -4  -3  -1    0   0  36   0   0   0   0   0   0  13   0   0   0   0  51   0   0   0   0   0  0.92 0.04
   35 T    -1   1  -1  -2  -2  -1  -2   1  -2   1  -1  -1   0   2  -2  -1   1  -2  -1   2    0  17   0   0   0   0   0  16   0   0   0   0   0  14   0   0  18   0   0  35  0.10 0.02
   36 G    -1  -2   3  -1  -2  -1  -1   2   0  -2  -2  -1  -2   2  -2   1  -1   0   4  -2    0   0  26   0   0   0   0  18   0   0   0   0   0  16   0  17   0   0  23   0  0.28 0.02
   37 T    -1  -1   0   2  -2   0   2  -2  -1   0   0  -1   0  -2  -1   0   2  -2  -2   1    1   1   1  16   0   0  18   1   0   1  14   1   0   0   1   1  30   0   0  14  0.15 0.01
   38 P     0  -1  -1  -1  -1  -1   0  -1  -1  -1  -1  -1  -1  -2   6   0  -1  -1  -1  -1    4   3   2   3   1   2   3   4   1   3   4   3   1   2  54   3   3   1   2   3  0.80 0.01
   39 L    -1  -1  -1  -1  -1  -1  -1  -2  -1   1   1  -1   0   0  -1   0   1  -1   2   1    3   2   2   2   1   2   2   3   1  18  21   2   1   1   2   3  19   0  13   2  0.06 0.01
   40 T    -1   2   0   2  -2   1   2  -1  -1  -2  -2   1  -1  -2  -1   0   1  -2  -2  -1    2  24   1  17   1   1  19   2   1   1   2   2   1   1   1   2  20   0   1   2  0.22 0.01
   41 R    -1   3  -1  -1  -3   4   1  -2   0  -2  -1   3   2  -3  -2  -1  -1  -3  -2  -2    0  18   0   0   0  33   0   0   0   0   0  35  14   0   0   0   0   0   0   0  0.41 0.03
   42 T     1  -1   0  -1  -1  -1  -1  -1  -1  -2  -2  -1  -1   2  -1   3   2  -2   0  -1   16   0   0   0   0   0   0   0   0   0   0   0   0  17   0  49  18   0   0   0  0.27 0.03
   43 C    -1  -4  -3  -4  10  -4  -4  -3  -4  -2  -2  -4  -2  -3  -3  -1  -1  -3  -3  -1    0   0   0   0 100   0   0   0   0   0   0   0   0   0   0   0   0   0   0   0  1.60 0.08
   44 Y    -2  -3  -3  -4  -2  -2  -3  -4  -2   3   3  -3   1   1  -3  -3  -1  -1   3   1    0   0   0   0   0   0   0   0   0  31  51   0   0   0   0   0   0   0  18   0  0.36 0.03
   45 C    -1  -4  -3  -4  10  -4  -4  -3  -4  -2  -2  -4  -2  -3  -3  -1  -1  -3  -3  -1    0   0   0   0 100   0   0   0   0   0   0   0   0   0   0   0   0   0   0   0  1.60 0.08
   46 T     1  -1   2  -1  -1  -1  -1  -1  -1  -2  -2  -1  -1  -3  -1   3   3  -3  -2  -1   13   0  14   0   0   0   0   0   0   0   0   0   0   0   0  33  41   0   0   0  0.35 0.03
   47 Y    -2  -3  -3  -4  -3  -3  -3  -4   0  -1   0  -3  -1   6  -4  -3  -2   1   5  -1    0   0   0   0   0   0   0   0   0   0   0   0   0  65   0   0   0   0  35   0  0.84 0.05
   48 D    -1  -2   4   2  -3  -1   0  -2  -1  -3  -4  -1  -3  -4   6   0  -1  -4  -3  -3    0   0  33  18   0   0   0   0   0   0   0   0   0   0  49   0   0   0   0   0  0.99 0.04
   49 C    -1  -4  -3  -4  10  -4  -4  -3  -4  -2  -2  -4  -2  -3  -3  -1  -1  -3  -3  -1    0   0   0   0 100   0   0   0   0   0   0   0   0   0   0   0   0   0   0   0  1.60 0.08

                      K         Lambda
Standard Ungapped    0.1453     0.3233
Standard Gapped      0.0403     0.2670
PSI Ungapped         0.1318     0.3170
PSI Gapped           0.0403     0.2670
