
Last position-specific scoring matrix computed, weighted observed percentages rounded down, information per position, and relative weight of gapless real matches to pseudocounts
            A   R   N   D   C   Q   E   G   H   I   L   K   M   F   P   S   T   W   Y   V   A   R   N   D   C   Q   E   G   H   I   L   K   M   F   P   S   T   W   Y   V
    1 G     0  -3  -1  -2  -3  -2  -2   6  -2  -4  -4  -2  -3  -3  -2   0  -2  -3  -3  -4    0   0   0   0   0   0   0 100   0   0   0   0   0   0   0   0   0   0   0   0  1.08 0.01
    2 I    -2  -3  -4  -4  -1  -3  -3  -4  -4   4   2  -3   1   0  -3  -3  -1  -3  -1   2    0   0   0   0   0   0   0   0   0  80  20   0   0   0   0   0   0   0   0   0  0.39 0.01
    3 F    -2  -2  -3  -4  -2  -2  -3  -4  -2   1   4  -3   3   3  -3  -3  -1  -1   0   0    0   0   0   0   0   0   0   0   0   0  66   0  11  23   0   0   0   0   0   0  0.38 0.01
    4 D    -2  -2   2   6  -4   0   1  -1  -1  -4  -4  -1  -3  -4  -2   0  -1  -5  -3  -4    0   0   9  91   0   0   0   0   0   0   0   0   0   0   0   0   0   0   0   0  0.90 0.02
    5 K     1   0   0  -1  -2   0   0  -1  -1  -2  -2   3  -1  -3  -1   2   3  -3  -2  -1    9   0   0   0   0   0   0   0   0   0   0  34   0   0   0  21  36   0   0   0  0.28 0.01
    6 L    -2  -2  -4  -4  -1  -2  -3  -4  -3   2   4  -3   2   0  -3  -3  -1  -2  -1   1    0   0   0   0   0   0   0   0   0   0 100   0   0   0   0   0   0   0   0   0  0.49 0.01
    7 K    -1   2   0  -1  -3   1   1  -2  -1  -3  -3   5  -2  -3  -1   0  -1  -3  -2  -3    0   0   0   0   0   0   0   0   0   0   0 100   0   0   0   0   0   0   0   0  0.56 0.02
    8 N    -1  -1   6   1  -3   0   1   1   2  -4  -4   0  -2  -3  -2   0   0  -4  -2  -3    0   0  76   0   0   0   9   9   6   0   0   0   0   0   0   0   0   0   0   0  0.57 0.01
    9 F    -2  -3  -4  -4  -2  -3  -3  -4  -2   1   3  -3   1   5  -4  -3  -2   0   2   0    0   0   0   0   0   0   0   0   0   0  42   0   0  58   0   0   0   0   0   0  0.49 0.01
   10 A     4  -2  -2  -2  -1  -1  -1   1  -2  -2  -2  -1  -1  -3  -1   1   0  -3  -2   0   91   0   0   0   0   0   0   9   0   0   0   0   0   0   0   0   0   0   0   0  0.41 0.01
   11 K    -1   3   0  -1  -3   1   1  -2  -1  -3  -3   5  -2  -3  -1   0  -1  -3  -2  -3    0   9   0   0   0   0   0   0   0   0   0  91   0   0   0   0   0   0   0   0  0.55 0.02
   12 G     0  -2   1   2  -3  -2  -1   5  -2  -4  -4  -1  -3  -4  -2   0  -2  -3  -3  -3    0   0   6  15   0   0   0  79   0   0   0   0   0   0   0   0   0   0   0   0  0.80 0.01
   13 V     2  -2  -3  -3  -1  -2  -2  -2  -3   2   0  -2   0  -1  -2   0   0  -3  -2   3   41   0   0   0   0   0   0   0   0   7   0   0   0   0   0   0   0   0   0  52  0.22 0.01
   14 A     2  -2  -3  -3  -1  -2  -2  -1  -2   1   3  -2   1  -1  -2   0  -1  -2  -2   0   46   0   0   0   0   0   0   0   0   0  54   0   0   0   0   0   0   0   0   0  0.22 0.01
   15 Q    -1   1   0  -1  -3   5   1   1   0  -3  -3   2  -1  -4  -2   0  -1  -2  -2  -3    0   0   0   0   0  78   0  15   0   0   0   7   0   0   0   0   0   0   0   0  0.53 0.02
   16 S     1  -1   0  -1  -1  -1  -1   1  -2   1  -1  -1  -1  -2  -1   3   1  -3  -2   0    0   0   0   0   0   0   0  12   0  21   0   0   0   0   0  67   0   0   0   0  0.23 0.01
   17 L    -2  -2  -4  -4  -1  -2  -3  -4  -3   2   4  -3   2   0  -3  -3  -1  -2  -1   1    0   0   0   0   0   0   0   0   0   0  91   0   0   0   0   0   0   0   0   9  0.44 0.01
   18 L    -1  -2  -4  -4  -1  -2  -3  -4  -3   2   4  -3   2   0  -3  -3  -1  -2  -1   2    0   0   0   0   0   0   0   0   0   0  81   0   0   0   0   0   0   0   0  19  0.41 0.01
   19 N    -1   0   5   1  -3   0   0  -1   0  -3  -3   2  -2  -3  -2   1   0  -4  -2  -3    0   0  64   0   0   0   0   0   0   0   0  27   0   0   0   9   0   0   0   0  0.50 0.01
   20 K    -1   1   0  -1  -2   0   0  -2   1  -1  -1   3   1  -2  -1   0   3  -3  -1  -1    0   0   0   0   0   0   0   0   6   0   0  42  12   0   0   0  40   0   0   0  0.23 0.01
   21 A     4  -2  -2  -2  -1  -1  -1   0  -2  -2  -2  -1  -1  -3  -1   1   0  -3  -2   0  100   0   0   0   0   0   0   0   0   0   0   0   0   0   0   0   0   0   0   0  0.44 0.02
   22 S     1  -1   1   0  -1   0   0   0  -1  -3  -3   0  -2  -3  -1   5   1  -3  -2  -2    0   0   0   0   0   0   0   0   0   0   0   0   0   0   0 100   0   0   0   0  0.49 0.02
   23 C    -1  -4  -3  -4  10  -3  -4  -3  -3  -1  -2  -3  -2  -3  -3  -1  -1  -3  -3  -1    0   0   0   0 100   0   0   0   0   0   0   0   0   0   0   0   0   0   0   0  1.33 0.03
   24 K     1   2   0  -1  -3   1   1  -1  -1  -3  -3   5  -1  -3  -1   0  -1  -3  -2  -2   15   0   0   0   0   0   0   0   0   0   0  85   0   0   0   0   0   0   0   0  0.44 0.01
   25 L    -2  -2  -4  -4  -1  -2  -3  -4  -3   2   4  -3   2   0  -3  -3  -1  -2  -1   1    0   0   0   0   0   0   0   0   0   0 100   0   0   0   0   0   0   0   0   0  0.49 0.01
   26 S     2  -1   0  -1  -1   0   0   0  -1  -2  -3   0  -2  -3  -1   4   1  -3  -2  -2   18   0   0   0   0   0   0   0   0   0   0   0   0   0   0  82   0   0   0   0  0.42 0.01
   27 G     0   0   0  -1  -3  -1  -1   5  -2  -4  -4   2  -3  -3  -2   0  -1  -3  -3  -3    0   0   0   0   0   0   0  72   0   0   0  28   0   0   0   0   0   0   0   0  0.69 0.01
   28 Q    -1   1   0  -1  -3   6   2  -2   0  -3  -2   1  -1  -3  -1   0   1  -2  -2  -2    0   0   0   0   0  82   0   0   0   0   0   0   0   0   0   0  18   0   0   0  0.55 0.02
   29 C    -1  -4  -3  -4  10  -3  -4  -3  -3  -1  -2  -3  -2  -3  -3  -1  -1  -3  -3  -1    0   0   0   0 100   0   0   0   0   0   0   0   0   0   0   0   0   0   0   0  1.33 0.03

                      K         Lambda
Standard Ungapped    0.1337     0.3199
Standard Gapped      0.0410     0.2670
PSI Ungapped         0.1337     0.3199
PSI Gapped           0.0410     0.2670
