
Last position-specific scoring matrix computed, weighted observed percentages rounded down, information per position, and relative weight of gapless real matches to pseudocounts
            A   R   N   D   C   Q   E   G   H   I   L   K   M   F   P   S   T   W   Y   V   A   R   N   D   C   Q   E   G   H   I   L   K   M   F   P   S   T   W   Y   V
    1 V     0  -3  -3  -3  -1  -3  -3  -3  -3   3   1  -3   1  -1  -3  -2   0  -3  -2   4    9   0   0   0   0   0   0   0   0  24   6   0   0   0   0   0   0   0   0  61  0.34 0.03
    2 T    -1  -2  -1  -2  -2  -1  -2  -2  -3  -1  -2  -1  -1  -3  -2   1   6  -3  -2  -1    0   0   0   0   0   0   0   0   0   0   0   0   0   0   0   0 100   0   0   0  0.86 0.13
    3 C    -1  -5  -4  -5  11  -4  -5  -4  -4  -2  -2  -4  -2  -3  -4  -2  -2  -3  -4  -2    0   0   0   0 100   0   0   0   0   0   0   0   0   0   0   0   0   0   0   0  2.01 0.17
    4 D    -3  -2   1   7  -4  -1   1  -2  -2  -4  -5  -1  -4  -5  -2  -1  -2  -5  -4  -4    0   0   0 100   0   0   0   0   0   0   0   0   0   0   0   0   0   0   0   0  1.33 0.13
    5 I    -1  -3  -4  -4  -2  -3  -3  -4  -3   2   4  -3   1   0  -3  -3  -1  -2  -2   2    6   0   0   0   0   0   0   0   0  10  71   0   0   0   0   0   0   0   0  14  0.45 0.06
    6 L    -2  -3  -4  -4  -2  -3  -3  -4  -3   2   5  -3   2   0  -3  -3  -2  -2  -2   1    0   0   0   0   0   0   0   0   0   7  88   0   0   0   0   0   0   0   0   0  0.57 0.08
    7 S     1  -1   0  -1  -2  -1  -1   2  -2  -3  -3  -1  -2  -3  -1   5   1  -3  -2  -2    0   0   0   0   0   0   0  12   0   0   0   0   0   0   0  83   0   0   0   0  0.57 0.09
    8 V     0  -2  -2  -2  -1  -1  -2  -2  -1   1   1  -2   1   4  -2  -1  -1   4   1   0    8   2   1   2   1   1   2   2   1   6  13   2   4  36   2   2   2   6   1   6  0.18 0.02
    9 E    -1   0   0   0  -2   2   2  -1   0  -2  -1   1  -1   0  -1   0  -1   5   0  -1    3   2   2   2   1  17  24   3   1   2   3   7   1   7   2   8   2  10   1   2  0.22 0.02
   10 A     2  -1   0  -1  -1   0  -1   1  -1   0  -1  -1  -1  -1   0   2   0  -1  -1   0   25   2   2   2   1   2   3  13   1  11   4   2   1   2   2  20   2   1   1   3  0.10 0.01
   11 K     0   1   0  -1  -2   2   0  -1  -1  -1  -1   3  -1  -2  -1   0   0  -2  -1  -1    8   2   2   2   1  12   2   3   1   2   3  38   1   1   2   8   2   1   1   8  0.16 0.02
   12 G    -1  -2  -1  -2  -2  -1  -2   5  -2  -3  -3   0  -2  -2  -2  -1  -2   6  -1  -3    2   1   1   1   0   1   1  58   0   1   2   6   0   1   1   2   1  17   1   1  0.68 0.05
   13 V     0  -2  -2  -2  -1  -1  -2  -2  -2   1   1  -2   0   3  -2  -1   1   3   0   1    6   1   1   1   1   1   2   2   1  12  13   2   1  19   1   2  12   5   1  16  0.11 0.02
   14 K     2   0   1  -1  -2   0  -1   2  -1  -2  -2   1  -1  -2  -1   1   1  -2  -2  -1   23   1   9   1   0   1   1  22   0   1   1  16   0   1   1   7  13   0   1   1  0.20 0.02
   15 L     0  -2  -2  -2  -1  -2  -2  -2  -2   2   1  -2   0  -1   1  -1  -1   3  -1   3   11   1   1   1   0   1   1   1   0  16  10   1   0   1   7   1   1   5   1  40  0.18 0.03
   16 N    -2  -1   6   1  -3   0   0   2   0  -4  -4   0  -3  -3  -2   0  -1  -4  -3  -3    0   0  66   4   0   4   5  15   0   0   0   3   0   0   0   0   0   0   0   0  0.63 0.08
   17 D    -2  -1   0   2  -4   0   1  -2   8  -4  -4  -1  -3  -2  -3   0  -2  -3   0  -4    0   0   0  15   0   0   7   0  68   0   0   0   0   0   0  10   0   0   0   0  0.89 0.11
   18 A     3   0   0  -1  -1  -1  -1  -1  -2  -3  -3  -1  -2  -3  -1   4   1  -3  -2  -2   27   7   0   0   0   0   0   0   0   0   0   0   0   0   0  61   5   0   0   0  0.44 0.08
   19 A     4  -2  -2  -3  -1  -2  -2   1  -2   0   1  -2  -1  -2  -2   0  -1  -3  -2   0   72   0   0   0   0   0   0   6   0   4  18   0   0   0   0   0   0   0   0   0  0.36 0.07
   20 C    -1  -5  -4  -5  11  -4  -5  -4  -4  -2  -2  -4  -2  -3  -4  -2  -2  -3  -4  -2    0   0   0   0 100   0   0   0   0   0   0   0   0   0   0   0   0   0   0   0  2.01 0.17
   21 A     5  -2  -2  -2  -1  -2  -2   1  -2  -1  -2  -1  -1  -3  -2   1  -1  -3  -2   0   88   0   0   0   0   0   0   5   0   0   0   0   0   0   0   0   0   0   0   7  0.55 0.09
   22 A     4  -2  -2  -3  -1  -2  -2   0  -3   1   1  -2   0  -2  -2   0  -1  -3  -2   0   64   0   0   0   0   0   0   5   0  11  20   0   0   0   0   0   0   0   0   0  0.30 0.07
   23 H    -2   1   2  -2  -4   0  -1  -3   9  -4  -4  -1  -2  -2  -3  -2  -2  -3   1  -4    0   5   9   0   0   0   0   0  86   0   0   0   0   0   0   0   0   0   0   0  1.27 0.14
   24 C    -1  -5  -4  -5  11  -4  -5  -4  -4  -2  -2  -4  -2  -3  -4  -2  -2  -3  -4  -2    0   0   0   0 100   0   0   0   0   0   0   0   0   0   0   0   0   0   0   0  2.01 0.17
   25 L    -2  -3  -4  -4  -2  -3  -4  -4  -4   3   4  -3   2   0  -3  -3  -1  -3  -2   2    0   0   0   0   0   0   0   0   0  25  65   0   0   0   0   0   0   0   0  10  0.50 0.06
   26 F     3  -2  -2  -2  -1  -2  -2   0  -2   0   1  -2   0   1  -2   1   0  -2  -1   1   43   0   0   0   0   0   0   5   0   6  13   0   0   7   0   9   6   0   0  10  0.16 0.04
   27 R    -2   3  -1  -2  -3   1  -1  -3   1   1   1   2   2  -2  -2  -1  -1  -3  -2  -1    0  25   0   0   0   5   0   0   5  10  23  24   8   0   0   0   0   0   0   0  0.21 0.04
   28 G    -1   2  -1  -2  -3  -2  -2   6  -2  -4  -4  -1  -3  -4  -3  -1  -2  -3  -4  -4    0  17   0   0   0   0   0  83   0   0   0   0   0   0   0   0   0   0   0   0  1.00 0.09
   29 R    -2   3   2   0  -3   0  -1  -2   0  -3  -2   2  -2   2  -3  -1  -1  -1   4  -2    0  28  12   6   0   0   0   0   0   0   0  20   0  12   0   0   0   0  22   0  0.33 0.05
   30 S     0   4  -1  -2  -3   0   0  -2  -1  -2  -2   4  -2  -3  -2   0   0  -3  -2  -1    9  37   0   0   0   0   0   0   0   0   0  36   0   0   0   7   4   0   0   6  0.42 0.06
   31 G     0  -3  -1  -2  -3  -3  -3   7  -3  -5  -5  -2  -4  -4  -3  -1  -2  -3  -4  -4    0   0   0   0   0   0   0 100   0   0   0   0   0   0   0   0   0   0   0   0  1.35 0.11
   32 G     0  -3  -1  -2  -3  -3  -3   7  -3  -5  -5  -2  -4  -4  -3  -1  -2  -3  -4  -4    0   0   0   0   0   0   0 100   0   0   0   0   0   0   0   0   0   0   0   0  1.35 0.11
   33 Y     0   2  -1  -2  -3   1  -1  -2   2  -3  -2  -1  -2   1  -3   1  -1   4   6  -2    7  17   0   0   0   6   0   0   5   0   0   0   0   0   0  15   0   7  43   0  0.45 0.07
   34 C    -1  -5  -4  -5  11  -4  -5  -4  -4  -2  -2  -4  -2  -3  -4  -2  -2  -3  -4  -2    0   0   0   0 100   0   0   0   0   0   0   0   0   0   0   0   0   0   0   0  2.01 0.17
   35 N    -2   0   5   2  -3   1   1  -1   0  -3  -3   1  -2  -3  -2   0   1  -4  -2  -3    0   0  56   7   0   4   8   0   0   0   1  10   0   0   0   0  10   0   0   0  0.52 0.07
   36 G     0  -1   0   1  -2  -1  -1   4  -1  -2  -2   0  -2  -2  -1   2   0  -2  -2  -1    2   1   1  10   0   1   1  37   0   1   2   8   0   1   1  23   1   0   1   7  0.28 0.03
   37 K    -1   2   1   1  -3   1   1  -2  -1  -1  -2   3  -1  -3  -1   0  -1  -3  -2  -2    1  14  10   8   0   4   7   1   0   7   1  39   0   1   1   1   1   0   1   1  0.26 0.03
   38 R     2   1  -1  -1  -2  -1  -1   3  -1  -2  -2   1  -1  -2  -1   1   1  -2  -2  -1   26   8   1   1   0   1   1  27   0   1   1  11   0   1   1   6  13   0   1   1  0.23 0.03
   39 V    -1  -3  -4  -4  -1  -3  -3  -4  -4   3   1  -3   1  -1  -3  -2  -1  -3  -2   5    0   0   0   0   0   0   0   0   0  17   6   0   0   0   0   0   0   0   0  77  0.53 0.08
   40 C    -1  -5  -4  -5  11  -4  -5  -4  -4  -2  -2  -4  -2  -3  -4  -2  -2  -3  -4  -2    0   0   0   0 100   0   0   0   0   0   0   0   0   0   0   0   0   0   0   0  2.01 0.17
   41 V    -1  -2   1  -2  -2  -2  -2  -3   1   2   1  -2   0  -1  -3  -2   0  -3  -1   4    0   0  13   0   0   0   0   0   6  13   4   0   0   0   0   0   5   0   0  59  0.27 0.06
   42 C    -1  -5  -4  -5  11  -4  -5  -4  -4  -2  -2  -4  -2  -3  -4  -2  -2  -3  -4  -2    0   0   0   0 100   0   0   0   0   0   0   0   0   0   0   0   0   0   0   0  2.01 0.17
   43 R    -2   7  -1  -2  -4   0  -1  -3  -1  -4  -3   2  -2  -4  -3  -1  -2  -4  -3  -3    0  94   0   0   0   0   0   0   0   0   0   6   0   0   0   0   0   0   0   0  1.08 0.12

                      K         Lambda
Standard Ungapped    0.1407     0.3294
Standard Gapped      0.0410     0.2670
PSI Ungapped         0.1407     0.3294
PSI Gapped           0.0410     0.2670
