
Last position-specific scoring matrix computed, weighted observed percentages rounded down, information per position, and relative weight of gapless real matches to pseudocounts
            A   R   N   D   C   Q   E   G   H   I   L   K   M   F   P   S   T   W   Y   V   A   R   N   D   C   Q   E   G   H   I   L   K   M   F   P   S   T   W   Y   V
    1 G     0  -3  -1  -2  -3  -2  -3   6  -2  -4  -4  -2  -3  -4  -3  -1  -2  -3  -4  -4    0   0   0   0   0   0   0 100   0   0   0   0   0   0   0   0   0   0   0   0  1.19 0.06
    2 L    -2  -3  -4  -4  -2  -3  -3  -4  -3   3   3  -3   1   3  -3  -3  -1  -2   0   1    0   0   0   0   0   0   0   0   0  33  43   0   0  19   0   0   0   0   0   4  0.39 0.04
    3 L    -2   1  -3  -3  -2  -1  -2  -4  -2   1   4   0   3   0  -3  -2  -1  -2  -2   0    0  13   0   0   0   0   0   0   0   0  68   5  13   0   0   0   0   0   0   0  0.35 0.05
    4 D    -2  -2   1   6  -4  -1   1   1  -2  -4  -4  -1  -3  -4  -2   0   0  -4  -3  -3    0   0   4  75   0   0   0  11   0   0   0   0   0   0   0   6   4   0   0   0  0.79 0.07
    5 T     0   0   0  -1  -2   0  -1  -2  -2  -2  -2   2  -1  -3  -1   2   4  -3  -2  -1    5   0   0   0   0   0   0   0   0   0   0  18   0   0   0  20  57   0   0   0  0.39 0.06
    6 F    -2  -3  -3  -4  -2  -3  -3  -1  -2   1   3  -3   1   5  -4  -3  -2  -1   1   1    0   0   0   0   0   0   0   5   0   9  40   0   0  41   0   0   0   0   0   5  0.39 0.04
    7 K    -1   2  -1  -1  -4   1   0  -2  -1  -3  -3   6  -2  -4  -2  -1  -1  -4  -2  -3    0   0   0   0   0   0   0   0   0   0   0 100   0   0   0   0   0   0   0   0  0.77 0.09
    8 N    -2  -1   5   2  -3   1   1   0   1  -3  -3   0  -2  -3  -2   0   1  -4  -2  -3    0   0  54  14   0  10   5   6   3   0   0   0   0   0   0   0   9   0   0   0  0.50 0.05
    9 L     0  -3  -3  -4  -1  -2  -3  -3  -3   2   3  -2   2   2  -3  -2  -1   3   0   2   12   0   0   0   0   0   0   0   0   5  44   0   7   9   0   0   0   4   0  20  0.26 0.03
   10 A     4  -2  -2  -2  -1  -1  -2   1  -2  -1   0  -1   3  -2  -2   0  -1  -3  -2   0   67   0   0   0   0   0   0  11   0   0   5   0  17   0   0   0   0   0   0   0  0.32 0.06
   11 L    -1  -1  -3  -3  -2  -2  -2  -3  -3   4   1   1   1   1  -3  -2  -1  -3  -1   2    6   0   0   0   0   0   0   0   0  60   6  19   0   5   0   0   0   0   0   4  0.22 0.05
   12 N     0  -1   2   2  -2  -1  -1   3  -1  -3  -3   0  -2  -3  -2   2   2  -3  -3  -2    0   0  14  13   0   0   0  31   0   0   0   4   0   0   0  17  21   0   0   0  0.36 0.03
   13 A     3  -2  -3  -3  -1  -2  -2  -1  -3   2   1  -2   0  -2  -2   0   0  -3  -2   2   57   0   0   0   0   0   0   0   0  14   9   0   0   0   0   0   0   0   0  20  0.25 0.04
   14 P     4  -2  -2  -2  -1  -2  -2   3  -2  -2  -1  -1  -1  -3   0   0  -1  -3  -3  -1   61   0   0   0   0   0   0  30   0   0   6   0   0   0   3   0   0   0   0   0  0.42 0.05
   15 K    -1   2  -1  -1  -4   2   0  -2  -1  -3  -3   6  -2  -4  -2  -1  -1  -4  -2  -3    0   5   0   0   0   6   0   0   0   0   0  89   0   0   0   0   0   0   0   0  0.69 0.08
   16 S     0  -2   0  -1  -2  -1  -1   4  -2  -3  -3  -1  -2  -3  -2   3   1  -3  -3  -3    0   0   0   0   0   0   0  49   0   0   0   0   0   0   0  45   6   0   0   0  0.59 0.06
   17 A     4  -2  -2  -2  -1  -1  -2  -1  -2   0  -1  -1  -1  -2  -1   0   0  -3  -2   1   81   0   0   0   0   0   0   0   0   5   0   0   0   0   0   0   0   0   0  15  0.41 0.06
   18 G     1  -2  -1  -2  -2  -2  -2   5  -3  -2   0  -2  -1  -2  -2  -1  -1  -3  -3  -2   20   0   0   0   0   0   0  59   0   0  21   0   0   0   0   0   0   0   0   0  0.52 0.05
   19 V    -1   1  -1  -1  -3   4   1  -2  -1  -2  -2   3  -1  -3  -2   0   2  -3  -2   0    0   0   0   0   0  47   0   0   0   0   0  26   0   0   0   0  18   0   0  10  0.39 0.06
   20 S     0  -2   0  -1  -2  -1  -1   4  -2  -3  -3  -1  -2  -3  -2   3   2  -3  -3  -2    0   0   0   0   0   0   0  37   0   0   0   0   0   0   0  51  12   0   0   0  0.50 0.05
   21 V     1  -3  -3  -3  -1  -2  -3  -3  -3   2   2  -2   1  -1  -3  -1  -1  -3  -2   3   17   0   0   0   0   0   0   0   0   0  31   0   0   0   0   0   0   0   0  51  0.29 0.04
   22 L    -2  -3  -4  -4  -2  -3  -3  -4  -3   1   5  -3   2   0  -3  -3  -1  -2  -1   1    0   0   0   0   0   0   0   0   0   0  91   0   0   0   0   0   0   0   0   9  0.56 0.06
   23 N    -1   0   5   0  -3   0   0  -1   0  -3  -3   3  -2  -3  -2   1   0  -4  -2  -3    0   0  49   0   0   0   0   0   0   0   0  33   0   0   0  14   4   0   0   0  0.49 0.06
   24 S     1  -1  -1  -2  -1  -1  -1   0   1  -1  -2   0   0  -2  -2   1   4  -3  -2  -1   18   0   0   0   0   0   0   5   7   0   0   5   4   0   0   6  56   0   0   0  0.31 0.05
   25 L     1  -2  -3  -3  -1  -2  -3  -2  -3   1   4  -2   1   0  -3  -1  -1  -2  -2   1   26   0   0   0   0   0   0   0   0   5  66   0   0   0   0   0   0   0   0   4  0.32 0.05
   26 S     2  -1   0  -1  -1  -1  -1  -1  -2  -1   0  -1   0  -2  -1   4   1  -3  -2  -1   17   0   0   0   0   0   0   0   0   4   8   0   5   0   0  65   0   0   0   0  0.31 0.06
   27 C    -1  -4  -3  -4  10  -4  -5  -3  -4  -2  -2  -4  -2  -3  -4  -2  -2  -3  -3  -1    0   0   0   0 100   0   0   0   0   0   0   0   0   0   0   0   0   0   0   0  1.79 0.13
   28 K    -1   2  -1  -1  -4   2   1  -2  -1  -3  -3   6  -2  -4  -2  -1  -1  -4  -2  -3    0   0   0   0   0   8   0   0   0   0   0  92   0   0   0   0   0   0   0   0  0.70 0.08
   29 L    -2  -3  -4  -4  -2  -3  -3  -4  -3   3   4  -3   2   0  -3  -3  -1  -2  -2   1    0   0   0   0   0   0   0   0   0  27  73   0   0   0   0   0   0   0   0   0  0.50 0.05
   30 S     1  -1   0   4  -2   0   1  -1  -1  -3  -3  -1  -2  -3  -1   3   0  -4  -3  -2   15   0   0  39   0   0   6   0   0   0   0   0   0   0   0  41   0   0   0   0  0.46 0.05
   31 K    -1   2   0  -1  -4   1   0   1  -1  -3  -3   5  -2  -4  -2  -1  -1  -3  -2  -3    0   4   4   0   0   0   0  15   0   0   0  77   0   0   0   0   0   0   0   0  0.53 0.07
   32 T     0  -1   0   0  -2   2   0  -2  -1  -2  -2   0  -1  -3  -1   3   4  -3  -2  -1    0   0   0   5   0  15   0   0   0   0   0   0   0   0   0  31  48   0   0   0  0.40 0.06
   33 C    -1  -4  -3  -4  10  -4  -5  -3  -4  -2  -2  -4  -2  -3  -4  -2  -2  -3  -3  -1    0   0   0   0 100   0   0   0   0   0   0   0   0   0   0   0   0   0   0   0  1.79 0.13

                      K         Lambda
Standard Ungapped    0.1279     0.3145
Standard Gapped      0.0424     0.2670
PSI Ungapped         0.1384     0.3183
PSI Gapped           0.0424     0.2670
