
Last position-specific scoring matrix computed, weighted observed percentages rounded down, information per position, and relative weight of gapless real matches to pseudocounts
           A  R  N  D  C  Q  E  G  H  I  L  K  M  F  P  S  T  W  Y  V   A   R   N   D   C   Q   E   G   H   I   L   K   M   F   P   S   T   W   Y   V
    1 R   -1  5  0 -1 -4  2  0 -2  0 -3 -2  2 -1 -3 -2 -1 -1 -3 -2 -3    0  85   0   0   0  15   0   0   0   0   0   0   0   0   0   0   0   0   0   0  0.69 0.01
    2 L   -2 -2 -4 -4 -1 -2 -3 -4 -3  2  4 -3  2  0 -3 -3 -1 -2 -1  1    0   0   0   0   0   0   0   0   0   0 100   0   0   0   0   0   0   0   0   0  0.50 0.02
    3 G    1 -2 -1 -2 -2 -2 -2  5 -2 -3 -3 -2 -3 -3 -2  0 -1 -3 -3 -3   14   0   0   0   0   0   0  86   0   0   0   0   0   0   0   0   0   0   0   0  0.89 0.02
    4 D   -1 -1  3  4 -3  0  0  3 -1 -3 -4  0 -3 -3 -2  0 -1 -4 -3 -3    0   0  30  33   0   0   0  29   0   0   0   8   0   0   0   0   0   0   0   0  0.49 0.01
    5 I   -2 -3 -3 -4 -2 -3 -3 -3 -2  2  1 -3  1  5 -3 -2 -2  0  2  1    0   0   0   0   0   0   0   0   0  16  14   0   0  60   0   0   0   0   0   9  0.45 0.01
    6 L   -2 -3 -3 -4 -2 -3 -3 -4 -2  1  3 -3  1  5 -3 -3 -2  0  1  0    0   0   0   0   0   0   0   0   0   0  53   0   0  47   0   0   0   0   0   0  0.47 0.02
    7 Q   -1  5  0 -1 -4  3  0 -2  0 -3 -2  2 -1 -3 -2 -1 -1 -3 -2 -3    0  75   0   0   0  25   0   0   0   0   0   0   0   0   0   0   0   0   0   0  0.69 0.03
    8 K   -1  2  0 -1 -3  1  1 -2 -1 -3 -3  5 -2 -3 -1  0 -1 -3 -2 -3    0   0   0   0   0   0   0   0   0   0   0 100   0   0   0   0   0   0   0   0  0.61 0.03
    9 A    3 -2 -2 -2 -1 -1 -1  1 -2 -1 -1 -1 -1  1 -1  1  0 -2 -1  1   57   0   0   0   0   0   0  11   0   0   0   0   0  12   0   7   0   0   0  13  0.21 0.01
   10 R   -1  4  0 -1 -3  1  0  2 -1 -3 -3  3 -2 -3 -2 -1 -1 -3 -2 -3    0  49   0   0   0   0   0  25   0   0   0  27   0   0   0   0   0   0   0   0  0.48 0.02
   11 E   -1  0  2  1 -4  2  5 -2  0 -3 -3  2 -2 -3 -1  0 -1 -3 -2 -3    0   0  12   0   0   0  74   0   0   0   0  14   0   0   0   0   0   0   0   0  0.60 0.02
   12 K   -1  2  0 -1 -3  1  1 -2 -1 -3 -3  5 -2 -3 -1  0 -1 -3 -2 -3    0   0   0   0   0   0   0   0   0   0   0 100   0   0   0   0   0   0   0   0  0.61 0.03
   13 I   -2 -3 -4 -3 -1 -3 -3 -4 -4  5  1 -3  1  0 -3 -3 -1 -3 -2  2    0   0   0   0   0   0   0   0   0 100   0   0   0   0   0   0   0   0   0   0  0.48 0.03
   14 E    1 -1 -1 -1 -2 -1  0  5 -2 -2 -3  1 -2 -3 -2  0 -1 -3 -3 -1    7   0   0   0   0   0   9  63   0   0   0  12   0   0   0   0   0   0   0   8  0.52 0.01
   15 G   -1  2  0  0 -3  1  3  3 -1 -3 -3  2 -2 -3 -2  0 -1 -3 -2 -3    0  22   0   0   0   0  36  28   0   0   0  14   0   0   0   0   0   0   0   0  0.41 0.01
   16 G    0  0  0  0 -3  0  2  4 -1 -4 -3  2 -2 -3 -2  0 -1 -3 -3 -3    0   0   0   0   0   0  27  50   0   0   0  23   0   0   0   0   0   0   0   0  0.50 0.01
   17 L   -2 -3 -3 -4 -2 -3 -3 -4 -2  1  3 -3  1  4 -3 -3 -2 -1  1  0    0   0   0   0   0   0   0   0   0   0  65   0   0  35   0   0   0   0   0   0  0.44 0.02
   18 K   -1  2  0 -1 -3  1  1 -2 -1 -3 -3  5 -2 -3 -1  0 -1 -3 -2 -3    0   0   0   0   0   0   0   0   0   0   0 100   0   0   0   0   0   0   0   0  0.61 0.03
   19 K   -1  4  1 -1 -3  1  0 -2 -1 -3 -3  4 -2 -3 -2  0 -1 -3 -2 -3    0  27   8   0   0   0   0   0   0   0   0  64   0   0   0   0   0   0   0   0  0.52 0.02
   20 L   -1 -3 -3 -3 -1 -3 -3 -4 -3  4  2 -3  1  0 -3 -3 -1 -3 -1  3    0   0   0   0   0   0   0   0   0  84   9   0   0   0   0   0   0   0   0   7  0.42 0.02
   21 V    0 -3 -1 -2 -2 -2 -2  5 -3  0 -1 -2 -1 -2 -2 -1 -1 -3 -2  2    0   0   0   0   0   0   0  64   0   0   0   0   0   0   0   0   0   0   0  36  0.50 0.02
   22 Q   -1  1  0 -1 -3  6  2 -2  0 -3 -2  1 -1 -4 -2  0 -1 -2 -2 -2    0   0   0   0   0 100   0   0   0   0   0   0   0   0   0   0   0   0   0   0  0.78 0.04
   23 K   -1  4  0 -1 -3  1  0 -2 -1 -3 -3  4 -2 -3 -2 -1 -1 -3 -2 -3    0  36   0   0   0   0   0   0   0   0   0  64   0   0   0   0   0   0   0   0  0.58 0.02
   24 I   -2 -3 -4 -3 -1 -3 -3 -4 -4  5  1 -3  1  0 -3 -3 -1 -3 -2  2    0   0   0   0   0   0   0   0   0 100   0   0   0   0   0   0   0   0   0   0  0.48 0.03
   25 K   -1  2  1 -1 -3  2  1 -2 -1 -3 -3  5 -1 -3 -1  0 -1 -3 -2 -3    0   0   7   0   0  12   0   0   0   0   0  80   0   0   0   0   0   0   0   0  0.51 0.02
   26 D   -2 -2  2  6 -3 -1  1  1 -1 -3 -4 -1 -3 -4 -2  0 -1 -4 -3 -3    0   0  11  77   0   0   0  12   0   0   0   0   0   0   0   0   0   0   0   0  0.77 0.02
   27 F   -2 -3 -3 -4 -3 -3 -4 -3 -1  0  0 -3  0  7 -4 -3 -2  1  3 -1    0   0   0   0   0   0   0   0   0   0   0   0   0 100   0   0   0   0   0   0  0.87 0.03
   28 F   -2 -3 -3 -4 -2 -3 -3 -4 -2  1  3 -3  1  4 -3 -2 -1  3  1  1    0   0   0   0   0   0   0   0   0   0  48   0   0  34   0   0   0   6   0  12  0.39 0.01
   29 G    0  1 -1 -1 -3  2  0  4 -1 -3 -3  0 -2 -3  2  0 -1 -3 -3 -3    0  13   0   0   0  25   0  50   0   0   0   0   0   0  12   0   0   0   0   0  0.52 0.01
   30 K   -1  1  3  0 -3  1  0 -1  3 -3 -3  3 -2 -3 -2  0 -1 -3 -1 -3    0   0  33   0   0   0   0   0  14   0   0  53   0   0   0   0   0   0   0   0  0.42 0.02
   31 F   -2 -2 -4 -4 -2 -2 -3 -4 -3  1  4 -3  2  2 -3 -3 -1 -1  0  1    0   0   0   0   0   0   0   0   0   0  91   0   0   9   0   0   0   0   0   0  0.47 0.02
   32 A    2 -2 -2 -3 -1 -2 -2 -2 -3  2  0 -2  0 -1 -2  0  1 -3 -2  3   34   0   0   0   0   0   0   0   0   7   0   0   0   0   0   0   8   0   0  50  0.21 0.01
   33 P   -1 -2 -2 -2 -3 -2 -1 -2 -2 -3 -3 -1 -3 -4  8 -1 -1 -4 -3 -3    0   0   0   0   0   0   0   0   0   0   0   0   0   0 100   0   0   0   0   0  2.12 0.04
   34 R   -2  6 -1 -2 -4  2  0 -2  0 -3 -2  2 -1 -3 -2 -1 -1 -3 -2 -3    0  89   0   0   0  11   0   0   0   0   0   0   0   0   0   0   0   0   0   0  0.77 0.03
   35 T    0 -1  0 -1 -1 -1 -1 -2 -2 -1 -2 -1 -1 -2  2  1  5 -3 -2  0    0   0   0   0   0   0   0   0   0   0   0   0   0   0  11   0  89   0   0   0  0.53 0.03
   36 E    0 -1  0  2 -3  1  5 -2 -1 -3 -3  0 -2 -3 -1  0 -1 -3 -2 -2   13   0   0  12   0   0  74   0   0   0   0   0   0   0   0   0   0   0   0   0  0.59 0.02
   37 S    2 -1  0 -1 -1  0  0  0 -1 -2 -2  0 -1 -2 -1  4  1 -3 -2 -1   28   0   0   0   0   0   0   0   0   0   0   0   0   0   0  72   0   0   0   0  0.40 0.01

                      K         Lambda
Standard Ungapped    0.1423     0.3199
Standard Gapped      0.0431     0.2670
PSI Ungapped         0.1408     0.3159
PSI Gapped           0.0431     0.2670
