
Last position-specific scoring matrix computed, weighted observed percentages rounded down, information per position, and relative weight of gapless real matches to pseudocounts
            A   R   N   D   C   Q   E   G   H   I   L   K   M   F   P   S   T   W   Y   V   A   R   N   D   C   Q   E   G   H   I   L   K   M   F   P   S   T   W   Y   V
    1 G     0  -3  -1  -2  -3  -2  -2   6  -2  -4  -4  -2  -3  -4  -2   0  -2  -3  -3  -3    4   0   0   0   0   0   0  94   0   0   0   0   0   0   0   3   0   0   0   0  1.04 0.04
    2 I    -2  -3  -4  -4  -2  -3  -4  -4  -4   5   2  -3   1   1  -3  -3  -1  -3  -1   2    0   0   0   0   0   0   0   0   0  80   6   0   0   6   0   0   3   0   0   6  0.43 0.04
    3 P    -1  -3  -2  -2  -3  -2  -1  -1  -3  -3  -3  -1  -3  -4   8   0  -1  -4  -3  -3    0   0   0   0   0   0   0   4   0   0   0   0   0   0  88   8   0   0   0   0  1.83 0.06
    4 C    -1  -4  -3  -4  10  -4  -4  -3  -4  -2  -2  -4  -2  -3  -4  -1  -1  -3  -3  -1    0   0   0   0 100   0   0   0   0   0   0   0   0   0   0   0   0   0   0   0  1.65 0.09
    5 A     2  -2  -1  -2  -2  -2  -2   5  -2  -3  -3  -2  -2  -3  -2   0  -1  -3  -3  -2   28   0   0   0   0   0   0  72   0   0   0   0   0   0   0   0   0   0   0   0  0.79 0.04
    6 E    -1   0  -1   1  -4   2   6  -3   0  -4  -3   1  -3  -4  -2  -1  -1  -3  -3  -3    0   0   0   0   0   0 100   0   0   0   0   0   0   0   0   0   0   0   0   0  0.91 0.07
    7 S     1  -1   0  -1  -1   0  -1  -1  -1  -3  -3  -1  -2  -3   1   5   1  -3  -2  -2    0   0   0   0   0   0   0   0   0   0   0   0   0   0   5  95   0   0   0   0  0.57 0.06
    8 C    -1  -4  -3  -4  10  -4  -4  -3  -4  -2  -2  -4  -2  -3  -4  -1  -1  -3  -3  -1    0   0   0   0 100   0   0   0   0   0   0   0   0   0   0   0   0   0   0   0  1.65 0.09
    9 V     0  -3  -3  -4  -1  -3  -3  -3  -4   2   1  -3   0  -1  -3  -2   0  -3  -2   5    6   0   0   0   0   0   0   0   0   2   0   0   0   0   0   0   0   0   0  92  0.44 0.05
   10 W    -2  -3  -3  -4  -3  -2  -3  -3   0  -2  -1  -3   1   4  -4  -3  -2   8   6  -2    0   0   0   0   0   0   0   0   0   0   0   0   6  20   0   0   0  32  41   0  1.06 0.06
   11 I    -2  -4  -4  -4  -2  -3  -4  -4  -4   5   1  -3   1   0  -3  -3  -1  -3  -2   2    0   0   0   0   0   0   0   0   0 100   0   0   0   0   0   0   0   0   0   0  0.57 0.06
   12 P    -1  -2  -2  -2  -3  -2  -1  -2  -2  -3  -3  -1  -3  -4   8   0  -1  -4  -3  -3    0   0   0   0   0   0   0   0   0   0   0   0   0   0  89   6   0   0   0   0  1.85 0.06
   13 P     0   0   0   0   2   0   0   0   0   0   0   0   0   1   2   0   0   0   0   0    6   4   4   4   7   3   5   6   2   4   7   5   2   9  11   6   5   1   3   5  0.05 0.00
   14 C     0  -1  -1  -1   7  -1  -1  -1  -1  -1   0  -1   0  -1  -1   0   0  -1  -1   0    4   3   3   3  38   2   4   4   1   3  11   3   1   2   3   4   3   1   2   4  0.27 0.01
   15 T    -1  -3  -2  -3   8  -2  -3  -2  -3  -1  -1  -2  -1  -2  -2   0   3  -2  -2  -1    1   0   0   0  57   0   0   1   0   0   6   0   0   0   0   1  31   0   0   0  0.73 0.05
   16 I    -1  -3  -3  -3  -1  -3  -3  -3  -3   4   2  -3   1   1  -3  -2   0  -2  -1   3    0   0   0   0   0   0   0   0   0  52  11   0   0   9   0   0   5   0   0  18  0.28 0.03
   17 T     0  -1   0  -1  -1  -1  -1  -1  -2  -1  -2  -1  -1  -2  -1   3   4  -3  -2  -1    0   0   0   0   0   0   0   0   0   0   1   0   0   0   0  33  63   0   0   0  0.45 0.04
   18 A     3  -1  -1  -1  -1   0   0   1  -1  -2  -2   0  -1  -3  -1   2   1  -3  -2  -1   41   0   0   0   0   0   6  10   0   0   1   2   0   0   0  26  11   0   0   0  0.27 0.02
   19 L     1  -2  -2  -3  -1  -2  -2  -2  -3   2   2  -2   1  -1  -2   0   0  -2  -1   2   18   0   0   0   0   0   0   0   0  13  29   0   1   0   0   6   1   0   0  29  0.17 0.02
   20 M     0  -3  -3  -3  -1  -2  -3  -3  -3   3   2  -2   2   1  -3  -2  -1  -2  -1   2   10   0   0   0   0   0   0   0   0  33  27   0   3   5   0   0   0   0   0  19  0.23 0.02
   21 G     0  -3   1  -1  -3  -2  -2   6  -2  -4  -4  -2  -3  -4  -3  -1  -2  -3  -4  -4    0   0   5   0   0   0   0  95   0   0   0   0   0   0   0   0   0   0   0   0  1.10 0.05
   22 C    -1  -4  -3  -4  10  -4  -4  -3  -4  -2  -2  -4  -2  -3  -4  -1  -1  -3  -3  -1    0   0   0   0 100   0   0   0   0   0   0   0   0   0   0   0   0   0   0   0  1.65 0.09
   23 S     1  -1   0  -1  -1   0   0   0  -1  -3  -3   1  -2  -3  -1   4   1  -3  -2  -2    3   0   0   0   0   0   0   1   0   0   0   8   0   0   1  84   2   0   0   0  0.47 0.05
   24 C    -1  -4  -3  -4  10  -4  -4  -3  -4  -2  -2  -4  -2  -3  -4  -1  -1  -3  -3  -1    0   0   0   0 100   0   0   0   0   0   0   0   0   0   0   0   0   0   0   0  1.65 0.09
   25 K    -1   2   0  -1  -3   1   1  -2  -1  -3  -2   5  -1  -3  -1   1   0  -3  -2  -2    0   3   0   0   0   2   4   0   0   0   5  71   0   0   0  14   1   0   0   0  0.42 0.04
   26 N    -1  -1   5   3  -2   0   0  -1   0  -3  -4   0  -2  -3  -2   2   0  -4  -2  -3    0   0  51  15   0   0   0   0   0   0   0   2   0   0   0  33   0   0   0   0  0.53 0.04
   27 N    -1   2   1  -1  -4   1   1  -2  -1  -3  -3   5  -2  -4  -1   0  -1  -4  -2  -3    0   4   4   0   0   2   0   0   0   0   0  90   0   0   0   0   0   0   0   0  0.62 0.06
   28 V    -1  -3  -3  -4  -1  -3  -3  -4  -4   3   1  -3   0  -1  -3  -2   0  -3  -2   5    0   0   0   0   0   0   0   0   0   3   0   0   0   0   0   0   0   0   0  97  0.50 0.06
   29 C    -1  -4  -3  -4  10  -4  -4  -3  -4  -2  -2  -4  -2  -3  -4  -1  -1  -3  -3  -1    0   0   0   0 100   0   0   0   0   0   0   0   0   0   0   0   0   0   0   0  1.65 0.09
   30 Y    -2  -2  -3  -4  -3  -2  -3  -4   1  -1  -1  -2  -1   3  -4  -2  -2   2   8  -1    0   0   0   0   0   0   0   0   0   0   0   0   0   0   0   0   0   0  95   5  1.07 0.08
   31 N    -2   4   2   0  -3   1   0  -2   1  -2   0   2   0  -2  -2   0  -1  -3  -1  -2    0  38  18   3   0   1   0   0   5   0  12  16   2   0   0   2   1   0   2   0  0.30 0.03
   32 N    -2  -1   6   3  -3   0   0  -1   0  -4  -4  -1  -3  -4  -2   1   0  -4  -3  -4    0   0  84  13   0   0   0   0   0   0   0   0   0   0   0   3   0   0   0   0  0.84 0.06

                      K         Lambda
Standard Ungapped    0.1386     0.3257
Standard Gapped      0.0410     0.2670
PSI Ungapped         0.1386     0.3257
PSI Gapped           0.0410     0.2670
