
Last position-specific scoring matrix computed, weighted observed percentages rounded down, information per position, and relative weight of gapless real matches to pseudocounts
            A   R   N   D   C   Q   E   G   H   I   L   K   M   F   P   S   T   W   Y   V   A   R   N   D   C   Q   E   G   H   I   L   K   M   F   P   S   T   W   Y   V
    1 G     0  -3  -1  -2  -3  -2  -3   6  -3  -4  -4  -2  -3  -4  -3  -1  -2  -3  -4  -4    0   0   0   0   0   0   0 100   0   0   0   0   0   0   0   0   0   0   0   0  1.19 0.05
    2 F    -3  -3  -4  -4   2  -4  -4  -4  -2  -1   0  -4   0   7  -4  -3  -3   1   3  -1    0   0   0   0   6   0   0   0   0   0   0   0   0  94   0   0   0   0   0   0  0.90 0.06
    3 G     0  -3  -1  -2  -3  -2  -3   6  -3  -4  -4  -2  -3  -4  -3  -1  -2  -3  -4  -4    0   0   0   0   0   0   0 100   0   0   0   0   0   0   0   0   0   0   0   0  1.19 0.05
    4 C    -1  -4  -4  -5  10  -4  -5  -3  -4  -2  -2  -4  -2  -3  -4  -2  -2  -3  -3  -2    0   0   0   0 100   0   0   0   0   0   0   0   0   0   0   0   0   0   0   0  1.84 0.12
    5 P    -1  -3  -3  -2  -4  -2  -2  -3  -3  -4  -4  -2  -3  -5   8  -1  -2  -5  -4  -3    0   0   0   0   0   0   0   0   0   0   0   0   0   0 100   0   0   0   0   0  2.28 0.10
    6 L    -1   2  -2  -2  -2  -1  -2   3  -2  -1   2  -1   0   2  -3  -1  -2   3   0  -1    0  18   0   0   0   0   0  30   0   0  30   0   0  13   0   0   0   6   0   0  0.20 0.03
    7 N    -2  -1   6   4  -3   0   0  -1   0  -4  -4  -1  -3  -4  -2   1  -1  -5  -3  -4    0   0  65  26   0   0   0   0   0   0   0   0   0   0   0   9   0   0   0   0  0.75 0.06
    8 Q     0   1   1   0  -3   5   3  -2   0  -3  -3   1  -2  -4   2   0  -1  -3  -2  -3    9   5   6   0   0  46  23   0   0   0   0   0   0   0  11   0   0   0   0   0  0.51 0.05
    9 G    -1   0   1  -1  -3  -1   1   2   0  -2  -1   0   0   0  -3  -1  -1   0   4  -2    0   6   8   0   0   0  11  21   0   0   7   9   6   0   0   0   0   0  32   0  0.22 0.03
   10 A     2   0  -1  -1  -2   3   3  -1  -1  -3  -3   2  -1  -3  -1   0  -1  -3  -2  -2   33   0   0   0   0  26  20   0   0   0   0  22   0   0   0   0   0   0   0   0  0.36 0.04
   11 C    -1  -4  -4  -5  10  -4  -5  -3  -4  -2  -2  -4  -2  -3  -4  -2  -2  -3  -3  -2    0   0   0   0 100   0   0   0   0   0   0   0   0   0   0   0   0   0   0   0  1.84 0.12
   12 H    -2  -1   3  -1  -3   0  -1  -2   8  -4  -3  -1  -2  -1  -3   0  -1  -2   3  -3    0   0  19   0   0   0   0   0  62   0   0   0   0   0   0   9   0   0  11   0  0.77 0.07
   13 N     0   3   4   0  -3   0   1  -1   0  -3  -3   1  -2  -3  -2   2   0  -4  -2  -3    8  31  35   0   0   0   9   0   0   0   0   0   0   0   0  18   0   0   0   0  0.40 0.04
   14 H    -2  -1   0  -2  -4   0  -1  -3   9  -4  -3  -2  -2  -1  -3  -2  -2  -2   3  -4    0   0   0   0   0   0   0   0  89   0   0   0   0   0   0   0   0   0  11   0  1.25 0.10
   15 C    -1  -4  -4  -5  10  -4  -5  -3  -4  -2  -2  -4  -2  -3  -4  -2  -2  -3  -3  -2    0   0   0   0 100   0   0   0   0   0   0   0   0   0   0   0   0   0   0   0  1.84 0.12
   16 R    -2   4  -1  -2  -3   3   0  -3  -1  -2   1   3   0  -2  -2  -1  -1  -3  -2  -2    0  37   0   0   0  18   0   0   0   0  19  26   0   0   0   0   0   0   0   0  0.39 0.04
   17 S     1   1   0  -1  -2   0  -1  -1  -1  -3  -3   0  -2  -3  -1   4   1  -3  -2  -2    9  11   0   0   0   0   0   0   0   0   0   0   0   0   0  74   6   0   0   0  0.46 0.06
   18 I    -1  -3  -3  -3  -2  -3  -3  -4  -4   5   2  -3   1  -1  -3  -2   1  -3  -2   3    0   0   0   0   0   0   0   0   0  72   9   0   0   0   0   0  11   0   0   9  0.42 0.05
   19 G     0   1  -1  -2  -3  -2  -2   6  -2  -4  -4  -1  -3  -4  -3   0  -2  -3  -3  -4    0  14   0   0   0   0   0  80   0   0   0   0   0   0   0   7   0   0   0   0  0.88 0.06
   20 R    -2   6  -1  -3   5   0  -1  -3  -1  -3  -3   1  -2  -2  -3  -1  -2  -2   1  -3    0  73   0   0  19   0   0   0   0   0   0   0   0   0   0   0   0   0   9   0  0.70 0.07
   21 R    -1   4  -1  -2   2   0  -1  -2  -1  -2  -1   3  -1  -3   2   0   0  -3  -2  -2    0  40   0   0   6   0   0   0   0   0   5  23   0   0  11   6   9   0   0   0  0.38 0.04
   22 G     1  -3  -1  -2  -3  -2  -2   5  -2  -3  -3  -2  -2   2  -3   0  -2  -2  -1  -3   19   0   0   0   0   0   0  68   0   0   0   0   0  14   0   0   0   0   0   0  0.68 0.05
   23 G     0  -3  -1  -2  -3  -2  -3   7  -3  -5  -5  -2  -3  -4  -3  -1  -2  -3  -4  -4    0   0   0   0   0   0   0 100   0   0   0   0   0   0   0   0   0   0   0   0  1.27 0.08
   24 Y    -3  -3  -3  -4  -3  -2  -3  -4   1  -2  -2  -3  -2   4  -4  -3  -2   2   8  -2    0   0   0   0   0   0   0   0   0   0   0   0   0   8   0   0   0   0  92   0  1.22 0.10
   25 C    -1  -4  -4  -5  10  -4  -5  -3  -4  -2  -2  -4  -2  -3  -4  -2  -2  -3  -3  -2    0   0   0   0 100   0   0   0   0   0   0   0   0   0   0   0   0   0   0   0  1.84 0.12
   26 A     3  -2  -1   2  -2  -1  -1   3  -2  -3  -3  -1  -2  -3  -2   1  -1  -3  -3  -2   46   0   0  20   0   0   0  23   0   0   0   0   0   0   0  10   0   0   0   0  0.37 0.04
   27 G     2  -3  -1  -2  -3  -2  -2   6  -3  -4  -4  -2  -3  -4  -2   0  -2  -3  -3  -3   19   0   0   0   0   0   0  81   0   0   0   0   0   0   0   0   0   0   0   0  0.95 0.06
   28 I    -1   1  -2  -3  -2  -2  -2  -3  -2   1   1  -1   0   1   3   0   1   3  -1   1    0  11   0   0   0   0   0   0   0   9  13   0   0   9  14   5  13   6   0  20  0.17 0.02
   29 I    -1  -2  -2  -3  -2  -2  -3   1   1   1   3  -2   1   1  -3   0  -1  -2  -1   0    0   0   0   0   0   0   0  17   6  13  48   0   0   5   0  11   0   0   0   0  0.17 0.03
   30 K    -2   5  -1  -2  -4   0  -1  -3   2  -4  -3   3  -2  -2  -3  -1  -2   7  -1  -3    0  45   0   0   0   0   0   0   9   0   0  27   0   0   0   0   0  19   0   0  0.68 0.06
   31 Q     0  -1  -2  -2  -2   2  -1  -3  -2   1   3  -1   1  -1   3  -1  -1  -3  -2   0    8   0   0   0   0  21   0   0   0  11  42   0   0   0  17   0   0   0   0   0  0.28 0.03
   32 T    -1   4  -1  -2  -2   0  -1  -2  -2  -2  -2   0  -1  -3  -2   1   5  -3  -2  -1    0  33   0   0   0   0   0   0   0   0   0   0   0   0   0   0  67   0   0   0  0.52 0.07
   33 C    -1  -4  -4  -5  10  -4  -5  -3  -4  -2  -2  -4  -2  -3  -4  -2  -2  -3  -3  -2    0   0   0   0 100   0   0   0   0   0   0   0   0   0   0   0   0   0   0   0  1.84 0.12
   34 T    -1  -1  -1  -2  -2  -1  -1  -2  -2   0  -1   0  -1   1  -2   1   5  -2  -1   0    0   0   0   0   0   0   0   0   0   6   0   9   0  11   0   0  74   0   0   0  0.42 0.06
   35 C    -1  -4  -4  -5  10  -4  -5  -3  -4  -2  -2  -4  -2  -3  -4  -2  -2  -3  -3  -2    0   0   0   0 100   0   0   0   0   0   0   0   0   0   0   0   0   0   0   0  1.84 0.12
   36 Y    -2  -2  -2  -3  -3  -2  -3   2   1  -2  -2  -2  -1   4  -3  -2  -2   1   7  -2    0   0   0   0   0   0   0  19   0   0   0   0   0  15   0   0   0   0  67   0  0.72 0.05
   37 R    -2   6  -1  -2  -4   1   0  -3  -1  -3  -3   3  -2  -3  -2  -1  -1  -3  -2  -3    0  78   0   0   0   0   0   0   0   0   0  22   0   0   0   0   0   0   0   0  0.75 0.03
   38 K    -1   0   4   1  -3   3   2  -1   0  -3  -3   1  -2  -3  -2   1   0  -3  -2  -3    0   0  37   0   0  18  17   0   0   0   0  12   0   0   0  16   0   0   0   0  0.39 0.01

                      K         Lambda
Standard Ungapped    0.1469     0.3306
Standard Gapped      0.0410     0.2670
PSI Ungapped         0.1469     0.3306
PSI Gapped           0.0410     0.2670
