
Last position-specific scoring matrix computed, weighted observed percentages rounded down, information per position, and relative weight of gapless real matches to pseudocounts
            A   R   N   D   C   Q   E   G   H   I   L   K   M   F   P   S   T   W   Y   V   A   R   N   D   C   Q   E   G   H   I   L   K   M   F   P   S   T   W   Y   V
    1 G     0  -2  -1  -1  -3  -2  -2   6  -2  -4  -4  -2  -3  -3  -2   0  -2  -3  -3  -3    0   0   0   0   0   0   0 100   0   0   0   0   0   0   0   0   0   0   0   0  1.08 0.01
    2 L    -1  -2  -4  -4  -1  -2  -3  -4  -3   2   4  -3   2   0  -3  -3  -1  -2  -1   1    0   0   0   0   0   0   0   0   0  14  81   0   0   0   0   0   0   0   0   6  0.43 0.01
    3 P    -1  -2  -2  -2  -3  -1  -1  -2  -2  -3  -3  -1  -3  -4   8  -1  -1  -4  -3  -3    0   0   0   0   0   0   0   0   0   0   0   0   0   0 100   0   0   0   0   0  2.11 0.03
    4 V     1  -2  -2  -2  -1  -2  -2  -2  -3   1   0  -2   0  -1  -2   0   2  -3  -2   3   14   0   0   0   0   0   0   0   0   0   0   0   0   0   0   0  30   0   0  56  0.23 0.01
    5 C    -1  -4  -3  -4   9  -3  -4  -3  -4  -2  -2  -4  -2  -3  -3  -1  -1  -3  -3  -1    0   0   0   0 100   0   0   0   0   0   0   0   0   0   0   0   0   0   0   0  1.61 0.07
    6 G     0  -3  -1  -2  -3  -2  -2   6  -2  -4  -4  -2  -3  -3  -2  -1  -2  -3  -3  -4    0   0   0   0   0   0   0 100   0   0   0   0   0   0   0   0   0   0   0   0  1.18 0.04
    7 E    -1   0  -1   1  -4   2   6  -2   0  -4  -3   1  -2  -4  -1   0  -1  -3  -2  -3    0   0   0   0   0   0 100   0   0   0   0   0   0   0   0   0   0   0   0   0  0.89 0.05
    8 T     0  -1   0  -1  -1  -1  -1  -2  -2  -1  -2  -1  -1  -2  -1   2   5  -3  -2  -1    0   0   0   0   0   0   0   0   0   0   0   0   0   0   0  22  78   0   0   0  0.52 0.04
    9 C    -1  -4  -3  -4   9  -3  -4  -3  -4  -2  -2  -4  -2  -3  -3  -1  -1  -3  -3  -1    0   0   0   0 100   0   0   0   0   0   0   0   0   0   0   0   0   0   0   0  1.61 0.07
   10 F    -2  -3  -3  -3  -2  -3  -3  -3  -2   0   0  -3   0   6  -3  -2   1   0   2   0    0   0   0   0   0   0   0   0   0   0   0   0   0  77   0   0  13   0   0  10  0.60 0.04
   11 T     0  -1  -1  -2  -2   0  -1   4  -2  -1   1   1  -1  -2  -2   0   1  -3  -2  -1    0   0   0   0   0   6   0  45   0   0  22  15   0   0   0   0  12   0   0   0  0.28 0.02
   12 G     0  -3  -1  -2  -3  -2  -3   6  -2  -4  -3  -2  -3   0  -3  -1  -2  -2  -2  -3    0   0   0   0   0   0   0  92   0   0   0   0   0   8   0   0   0   0   0   0  1.00 0.04
   13 T     0  -1   0  -1  -2   0   0  -2  -2   0  -1   1  -1  -2  -1   1   4  -3  -2   0    0   0   0   0   0   0   6   0   0   8   0  15   0   0   0   0  71   0   0   0  0.36 0.03
   14 C    -1  -4  -3  -4   9  -3  -4  -3  -4  -2  -2  -4  -2  -3  -3  -1  -1  -3  -3  -1    0   0   0   0 100   0   0   0   0   0   0   0   0   0   0   0   0   0   0   0  1.61 0.07
   15 Y    -2  -1   4  -1  -3  -1  -1  -2   1  -2  -2  -1  -2   2  -3  -1  -1   0   5  -2    0   0  45   0   0   0   0   0   0   0   0   0   0   8   0   0   0   0  48   0  0.56 0.04
   16 T     0  -2   0  -1  -1  -1  -1  -2  -2  -1  -1  -1  -1  -2  -1   1   5  -3  -2   1    0   0   0   0   0   0   0   0   0   0   0   0   0   0   0   0  92   0   0   8  0.56 0.05
   17 N     0  -1   0  -1  -3   0  -1  -2  -2  -3  -3   0  -2  -4   7  -1  -1  -4  -3  -2    8   0   4   0   0   5   0   0   0   0   0   9   0   0  74   0   0   0   0   0  1.41 0.04
   18 G     0   0   0   1  -3  -2  -2   5  -2  -4  -4  -1  -3  -3  -2  -1  -2  -3  -3  -3    0   8   0   8   0   0   0  84   0   0   0   0   0   0   0   0   0   0   0   0  0.89 0.04
   19 C    -1  -4  -3  -4   9  -3  -4  -3  -4  -2  -2  -4  -2  -3  -3  -1  -1  -3  -3  -1    0   0   0   0 100   0   0   0   0   0   0   0   0   0   0   0   0   0   0   0  1.61 0.07
   20 T     1  -1   0  -1  -1  -1  -1  -1  -1  -1  -2  -1  -1  -2  -1   3   3  -3  -2  -1    4   0   0   0   0   0   0   0   0   4   0   0   0   0   0  58  34   0   0   0  0.40 0.03
   21 C    -1  -4  -3  -4   9  -3  -4  -3  -4  -2  -2  -4  -2  -3  -3  -1  -1  -3  -3  -1    0   0   0   0 100   0   0   0   0   0   0   0   0   0   0   0   0   0   0   0  1.61 0.07
   22 D     0  -1   2   4  -2   0   1   1  -1  -3  -3  -1  -2  -3  -1   3   1  -3  -2  -2    0   0   8  33   0   0   5   9   0   0   0   0   0   0   0  42   4   0   0   0  0.41 0.02
   23 P     0   0  -1   0  -2   0   1  -1  -1  -2  -2   1  -1  -2   5   0   0  -2  -1  -1    3   2   2   2   1   2  11   3   1   2   3   9   1   1  36  10   7   1   1   2  0.49 0.01
   24 W    -3  -3  -4  -5  -3  -2  -3  -3  -1  -3  -2  -3  -2   1  -4  -3  -3  11   4  -3    0   0   0   0   0   0   0   0   0   0   0   0   0   0   0   0   0  81  19   0  2.19 0.07
   25 P    -1  -2  -2  -2  -3  -1  -1  -2  -2  -3  -3   0  -3  -4   8  -1  -1  -4  -3  -3    0   0   0   0   0   0   0   0   0   0   0   9   0   0  91   0   0   0   0   0  1.91 0.05
   26 V    -1  -3  -3  -3  -1  -2  -3  -3  -3   3   2  -2   1  -1  -3  -2   0  -3  -1   3    0   0   0   0   0   0   0   0   0  37  16   0   4   0   0   0   8   0   0  35  0.31 0.02
   27 C    -1  -4  -3  -4   9  -3  -4  -3  -4  -2  -2  -4  -2  -3  -3  -1  -1  -3  -3  -1    0   0   0   0 100   0   0   0   0   0   0   0   0   0   0   0   0   0   0   0  1.61 0.07
   28 T     0   0   0  -1  -1   0  -1  -2  -1  -1  -1   1   1  -1  -1   1   3  -2   1  -1    7   0   0   0   0   0   0   0   0   0   0  19   8   0   0  12  45   0   9   0  0.23 0.02
   29 R    -1   5   0  -1  -4   1   0  -2   2  -3  -3   3  -2  -3  -2  -1  -1  -3  -1  -3    0  65   0   0   0   0   0   0   9   0   0  26   0   0   0   0   0   0   0   0  0.62 0.02
   30 N    -2  -1   6   3  -3   0   0  -1   0  -4  -4   0  -3  -3  -2   0   0  -4  -3  -3    0   0  82  18   0   0   0   0   0   0   0   0   0   0   0   0   0   0   0   0  0.77 0.03

                      K         Lambda
Standard Ungapped    0.1453     0.3258
Standard Gapped      0.0485     0.2670
PSI Ungapped         0.1586     0.3197
PSI Gapped           0.0485     0.2670
