
Last position-specific scoring matrix computed, weighted observed percentages rounded down, information per position, and relative weight of gapless real matches to pseudocounts
            A   R   N   D   C   Q   E   G   H   I   L   K   M   F   P   S   T   W   Y   V   A   R   N   D   C   Q   E   G   H   I   L   K   M   F   P   S   T   W   Y   V
    1 G     0  -3  -1  -2  -3  -2  -3   6  -2  -4  -4  -2  -3  -4  -3  -1  -2  -3  -4  -4    0   0   0   0   0   0   0 100   0   0   0   0   0   0   0   0   0   0   0   0  1.15 0.03
    2 F    -3  -3  -4  -4  -3  -4  -4  -4  -2   0   0  -4   0   7  -4  -3  -3   1   3  -1    0   0   0   0   0   0   0   0   0   0   0   0   0 100   0   0   0   0   0   0  0.92 0.04
    3 G     0  -3  -1  -2  -3  -2  -3   6  -2  -4  -4  -2  -3  -4  -3  -1  -2  -3  -4  -4    0   0   0   0   0   0   0 100   0   0   0   0   0   0   0   0   0   0   0   0  1.15 0.03
    4 C    -1  -4  -3  -4  10  -4  -4  -3  -4  -2  -2  -4  -2  -3  -3  -1  -1  -3  -3  -1    0   0   0   0 100   0   0   0   0   0   0   0   0   0   0   0   0   0   0   0  1.52 0.06
    5 P    -1  -2  -2  -1  -3  -1   1  -3  -2  -3  -3  -1  -3  -4   8  -1  -1  -4  -3  -3    0   0   0   0   0   0  15   0   0   0   0   0   0   0  85   0   0   0   0   0  1.74 0.04
    6 N    -1  -1   5   4  -3   0   0  -1   0  -4  -4  -1  -3  -3  -2   1   0  -4  -3  -3    0   0  61  26   0   0   0   0   0   0   0   0   0   0   0  13   0   0   0   0  0.63 0.03
    7 N    -1   0   3   3  -4   4   4  -2   0  -3  -3   1  -2  -4  -2   0  -1  -3  -2  -3    0   0  19  15   0  31  36   0   0   0   0   0   0   0   0   0   0   0   0   0  0.52 0.02
    8 Y    -1   1   1  -2  -3   0  -1   2   0  -1  -1   1   3   0  -2  -1  -1  -1   3  -1    0  11  12   0   0   0   0  20   0   0   0  13  26   0   0   0   0   0  19   0  0.15 0.02
    9 A     2   0  -1   0  -2   4   3  -1   0  -3  -2   2  -1  -3  -1   0  -1  -3  -2  -2   29   0   0   0   0  35  23   0   0   0   0  13   0   0   0   0   0   0   0   0  0.37 0.02
   10 C    -1  -4  -3  -4  10  -4  -4  -3  -4  -2  -2  -4  -2  -3  -3  -1  -1  -3  -3  -1    0   0   0   0 100   0   0   0   0   0   0   0   0   0   0   0   0   0   0   0  1.52 0.06
   11 H    -2  -1   0  -2  -4   0   0  -3   9  -4  -3  -1  -2  -2  -3  -1  -2  -3   2  -4    0   0   0   0   0   0   0   0 100   0   0   0   0   0   0   0   0   0   0   0  1.14 0.05
   12 Q     0   3   4   0  -3   2   0  -1   0  -3  -3   1  -2  -3  -2   1   0  -3  -2  -2   12  30  37   0   0  10   0   0   0   0   0   0   0   0   0  11   0   0   0   0  0.37 0.02
   13 H    -2  -1   0  -2  -4   0   0  -3   9  -4  -3  -1  -2  -2  -3  -1  -2  -3   2  -4    0   0   0   0   0   0   0   0 100   0   0   0   0   0   0   0   0   0   0   0  1.14 0.05
   14 C    -1  -4  -3  -4  10  -4  -4  -3  -4  -2  -2  -4  -2  -3  -3  -1  -1  -3  -3  -1    0   0   0   0 100   0   0   0   0   0   0   0   0   0   0   0   0   0   0   0  1.52 0.06
   15 K    -1   3  -1  -1  -3   3   1  -2  -1  -2   0   4  -1  -3  -2  -1  -1  -3  -2  -2    0  20   0   0   0  22   0   0   0   0  12  47   0   0   0   0   0   0   0   0  0.38 0.02
   16 S     1  -1   0  -1  -1   0   0  -1  -1  -3  -3   0  -2  -3  -1   4   2  -3  -2  -2    0   0   0   0   0   0   0   0   0   0   0   0   0   0   0  89  11   0   0   0  0.50 0.03
   17 I    -1  -3  -4  -4  -1  -3  -4  -4  -4   5   1  -3   1   0  -3  -3  -1  -3  -2   3    0   0   0   0   0   0   0   0   0  87   0   0   0   0   0   0   0   0   0  13  0.47 0.03
   18 R    -1   3   0  -1  -2   1   0  -1  -1  -2  -2   3  -1  -2   2   0   1  -2  -2  -2    2  30   1   1   0   1   1   2   0   1   2  29   1   1  11   2  12   0   1   1  0.30 0.01
   19 G     0  -2   0  -1  -2  -1  -2   6  -2  -3  -3  -1  -2  -3  -2   0  -1  -2  -2  -3    2   1   1   1   0   1   1  82   0   1   2   1   0   1   1   1   1   0   1   1  0.78 0.02
   20 Y    -2   5  -1  -2  -3   0  -1  -3   0  -3  -2   1  -2   1  -3  -1  -2   0   5  -2    0  63   0   0   0   0   0   0   0   0   0   0   0   0   0   0   0   0  37   0  0.59 0.03
   21 C    -1   3  -1  -1   5   1   0  -2  -1  -3  -2   4  -2  -3  -2   1  -1  -3  -2  -2    0  20   0   0  19   0   0   0   0   0   0  50   0   0   0  11   0   0   0   0  0.40 0.02
   22 G     0  -3  -1  -2  -3  -2  -3   5  -2  -3  -2  -2  -2   3  -3  -1  -2  -2  -1  -3    0   0   0   0   0   0   0  77   0   0   0   0   0  23   0   0   0   0   0   0  0.75 0.03
   23 G     0  -3  -1  -2  -3  -2  -3   6  -2  -4  -4  -2  -3  -4  -3  -1  -2  -3  -4  -4    0   0   0   0   0   0   0 100   0   0   0   0   0   0   0   0   0   0   0   0  1.15 0.03
   24 Y    -2  -2  -3  -4  -3  -2  -3  -4   1  -2  -1  -2  -1   4  -4  -2  -2   2   7  -2    0   0   0   0   0   0   0   0   0   0   0   0   0  12   0   0   0   0  88   0  0.98 0.04
   25 C    -1  -4  -3  -4  10  -4  -4  -3  -4  -2  -2  -4  -2  -3  -3  -1  -1  -3  -3  -1    0   0   0   0 100   0   0   0   0   0   0   0   0   0   0   0   0   0   0   0  1.52 0.06
   26 A     3  -2   0   1  -1  -1  -1   2  -2  -2  -3  -1  -2  -3  -1   2   0  -3  -2  -1   46   0   0  13   0   0   0  20   0   0   0   0   0   0   0  21   0   0   0   0  0.33 0.02
   27 G     0  -1  -1  -1  -3  -1  -2   6  -2  -4  -4   1  -3  -4  -2   0  -2  -3  -3  -3    0   0   0   0   0   0   0  85   0   0   0  15   0   0   0   0   0   0   0   0  0.89 0.03
   28 W    -1  -3  -2  -2  -2  -2  -2   1  -3   0   0  -2  -1  -1   5  -1   0   6  -1  -1    0   0   0   0   0   0   0  15   0  10  10   0   0   0  36   0  11  19   0   0  0.66 0.02
   29 F    -1  -2  -2  -3  -2  -2  -2  -3   2   2   2  -2   1   2  -2  -2  -1  -1   3   1    1   1   1   1   0   1   1   1  10  20  35   1   0  10   1   1   1   0  13   1  0.17 0.01
   30 R    -1   5  -1  -2  -4   1   0   1  -1  -3  -3   3  -2  -3  -2  -1  -1  -3  -2  -3    0  55   0   0   0   0   0  15   0   0   0  31   0   0   0   0   0   0   0   0  0.53 0.02
   31 L     0  -1  -2  -2  -2   2  -1  -3  -2   0   2  -1   1   2   2  -1  -1  -2   0   0   12   0   0   0   0  20   0   0   0   0  41   0   0  15  13   0   0   0   0   0  0.19 0.01
   32 R    -1   3  -1  -2  -2   0  -1  -2  -2  -1  -1   0  -1  -2  -2   0   4  -3  -2   1    0  32   0   0   0   0   0   0   0   0   0   0   0   0   0   0  53   0   0  15  0.31 0.02
   33 C    -1  -4  -3  -4  10  -4  -4  -3  -4  -2  -2  -4  -2  -3  -3  -1  -1  -3  -3  -1    0   0   0   0 100   0   0   0   0   0   0   0   0   0   0   0   0   0   0   0  1.52 0.06
   34 T    -1   0   0  -1  -2   0  -1  -2  -2   0  -1   2  -1  -2  -1   1   4  -3  -2   0    0   0   0   0   0   0   0   0   0  11   0  28   0   0   0   0  61   0   0   0  0.31 0.03
   35 C    -1  -4  -3  -4  10  -4  -4  -3  -4  -2  -2  -4  -2  -3  -3  -1  -1  -3  -3  -1    0   0   0   0 100   0   0   0   0   0   0   0   0   0   0   0   0   0   0   0  1.52 0.06
   36 Y    -2  -2  -2  -4  -3  -2  -2  -4   2  -2  -1  -2  -1   3  -3  -2  -2   2   8  -2    0   0   0   0   0   0   0   0   0   0   0   0   0   0   0   0   0   0 100   0  1.01 0.03
   37 R    -2   6  -1  -2  -4   1   0  -3   0  -3  -2   2  -2  -3  -2  -1  -1  -3  -2  -3    0 100   0   0   0   0   0   0   0   0   0   0   0   0   0   0   0   0   0   0  0.77 0.01
   38 C     0  -4  -3  -4   9  -3  -4  -3  -3  -1  -1  -3  -2  -3  -3  -1  -1  -3  -3  -1    0   0   0   0 100   0   0   0   0   0   0   0   0   0   0   0   0   0   0   0  1.19 0.00
   39 G     0  -3   0  -1  -3  -2  -2   6  -2  -4  -4  -2  -3  -3  -2   0  -2  -3  -3  -3    0   0   0   0   0   0   0 100   0   0   0   0   0   0   0   0   0   0   0   0  1.04 0.01

                      K         Lambda
Standard Ungapped    0.1521     0.3349
Standard Gapped      0.0462     0.2670
PSI Ungapped         0.1508     0.3180
PSI Gapped           0.0462     0.2670
