
Last position-specific scoring matrix computed, weighted observed percentages rounded down, information per position, and relative weight of gapless real matches to pseudocounts
            A   R   N   D   C   Q   E   G   H   I   L   K   M   F   P   S   T   W   Y   V   A   R   N   D   C   Q   E   G   H   I   L   K   M   F   P   S   T   W   Y   V
    1 F    -3  -3  -4  -4  -3  -4  -4  -4  -2   0   0  -4   0   7  -4  -3  -2   1   3  -1    0   0   0   0   0   0   0   0   0   0   0   0   0 100   0   0   0   0   0   0  0.80 0.01
    2 L    -2  -3  -4  -4  -2  -2  -3  -4  -3   2   5  -3   2   0  -3  -3  -1  -2  -1   1    0   0   0   0   0   0   0   0   0   0 100   0   0   0   0   0   0   0   0   0  0.48 0.01
    3 P    -1  -3  -2  -2  -3  -2  -1  -3  -3  -3  -3  -1  -3  -4   8  -1  -1  -4  -3  -3    0   0   0   0   0   0   0   0   0   0   0   0   0   0 100   0   0   0   0   0  2.08 0.02
    4 I    -2  -3  -4  -4  -1  -2  -3  -4  -3   3   3  -3   3   0  -3  -3  -1  -2  -1   2    0   0   0   0   0   0   0   0   0  37  45   0  17   0   0   0   0   0   0   0  0.35 0.01
    5 L    -1  -3  -4  -4  -1  -3  -3  -4  -3   3   3  -3   2   0  -3  -3  -1  -3  -1   3    0   0   0   0   0   0   0   0   0  42  41   0   0   0   0   0   0   0   0  18  0.35 0.00
    6 A     5  -2  -2  -2  -1  -1  -1   0  -2  -2  -2  -1  -1  -3  -1   1   0  -3  -2   0  100   0   0   0   0   0   0   0   0   0   0   0   0   0   0   0   0   0   0   0  0.43 0.01
    7 S     1  -2   0  -1  -2  -1  -1   5  -2  -4  -4  -1  -2  -3  -2   3   0  -3  -3  -3    0   0   0   0   0   0   0  59   0   0   0   0   0   0   0  41   0   0   0   0  0.61 0.01
    8 L    -2  -3  -4  -4  -1  -3  -3  -4  -3   2   4  -3   2   0  -3  -3  -1  -2  -1   2    0   0   0   0   0   0   0   0   0  15  75   0   0   0   0   0   0   0   0  10  0.40 0.01
    9 A     5  -2  -2  -2  -1  -1  -1   0  -2  -2  -2  -1  -1  -3  -1   1   0  -3  -2   0  100   0   0   0   0   0   0   0   0   0   0   0   0   0   0   0   0   0   0   0  0.43 0.01
   10 A     5  -2  -2  -2  -1  -1  -1   0  -2  -2  -2  -1  -1  -3  -1   1   0  -3  -2   0  100   0   0   0   0   0   0   0   0   0   0   0   0   0   0   0   0   0   0   0  0.43 0.01
   11 T    -1   0   6   1  -3   0   0  -1   0  -3  -3   1  -2  -3  -2   1   1  -4  -2  -3    0   0  72   0   0   0   0   0   0   0   0  15   0   0   0   0  14   0   0   0  0.52 0.01
   12 L    -2  -3  -4  -4  -2  -3  -3  -4  -2   1   2  -3   1   6  -4  -3  -2   0   2   1    0   0   0   0   0   0   0   0   0   0  24   0   0  61   0   0   0   0   0  15  0.45 0.01
   13 G    -1  -3  -3  -4  -2  -3  -3   1  -3   1   3  -3   1   2  -3  -2  -1  -2   0   1    0   0   0   0   0   0   0  14   0   0  53   0   0  15   0   0   0   0   0  18  0.22 0.00
   14 P    -1  -3  -2  -2  -3  -2  -1  -3  -3  -3  -3  -1  -3  -4   8  -1  -1  -4  -3  -3    0   0   0   0   0   0   0   0   0   0   0   0   0   0 100   0   0   0   0   0  2.08 0.02
   15 K    -1   2   0  -1  -4   1   1  -2  -1  -3  -3   5  -2  -4  -1   0  -1  -3  -2  -3    0   0   0   0   0   0   0   0   0   0   0 100   0   0   0   0   0   0   0   0  0.56 0.01
   16 L    -2  -3  -4  -4  -1  -3  -4  -4  -4   4   3  -3   2   0  -3  -3  -1  -3  -1   2    0   0   0   0   0   0   0   0   0  69  31   0   0   0   0   0   0   0   0   0  0.38 0.01
   17 L    -2  -3  -3  -4  -2  -3  -3  -4  -2   1   1  -3   1   6  -4  -3  -2   0   2   1    0   0   0   0   0   0   0   0   0   0  14   0   0  69   0   0   0   0   0  18  0.49 0.01
   18 C    -1  -4  -3  -4  10  -3  -4  -3  -4  -2  -2  -4  -2  -3  -3  -1  -1  -3  -3  -1    0   0   0   0 100   0   0   0   0   0   0   0   0   0   0   0   0   0   0   0  1.32 0.02
   19 L     1   1  -1  -1  -2   1   0  -1  -1  -2   0   4  -1  -2  -1   0  -1  -3  -2  -1   23   0   0   0   0   0   0   0   0   0  14  63   0   0   0   0   0   0   0   0  0.24 0.01
   20 I    -2  -3  -4  -4  -1  -3  -4  -4  -4   5   2  -3   1   0  -3  -3  -1  -3  -2   3    0   0   0   0   0   0   0   0   0 100   0   0   0   0   0   0   0   0   0   0  0.43 0.01
   21 T     0  -1   0  -1  -1  -1  -1  -2  -2  -1  -2  -1  -1  -3  -1   2   5  -3  -2   0    0   0   0   0   0   0   0   0   0   0   0   0   0   0   0  15  85   0   0   0  0.46 0.01
   22 K    -1   3   0  -1  -4   1   1  -2  -1  -3  -3   5  -2  -4  -1   0  -1  -3  -2  -3    0  10   0   0   0   0   0   0   0   0   0  90   0   0   0   0   0   0   0   0  0.54 0.01
   23 K    -1   2   0  -1  -4   1   1  -2  -1  -3  -3   5  -2  -4  -1   0  -1  -3  -2  -3    0   0   0   0   0   0   0   0   0   0   0 100   0   0   0   0   0   0   0   0  0.56 0.01
   24 C    -1  -4  -3  -4  10  -3  -4  -3  -4  -2  -2  -4  -2  -3  -3  -1  -1  -3  -3  -1    0   0   0   0 100   0   0   0   0   0   0   0   0   0   0   0   0   0   0   0  1.32 0.02

                      K         Lambda
Standard Ungapped    0.1452     0.3319
Standard Gapped      0.0463     0.2670
PSI Ungapped         0.1512     0.3194
PSI Gapped           0.0463     0.2670
