
Last position-specific scoring matrix computed, weighted observed percentages rounded down, information per position, and relative weight of gapless real matches to pseudocounts
            A   R   N   D   C   Q   E   G   H   I   L   K   M   F   P   S   T   W   Y   V   A   R   N   D   C   Q   E   G   H   I   L   K   M   F   P   S   T   W   Y   V
    1 G     0  -3  -1  -2  -3  -2  -3   6  -2  -4  -4  -2  -3  -4  -3  -1  -2  -3  -4  -4    0   0   0   0   0   0   0 100   0   0   0   0   0   0   0   0   0   0   0   0  1.13 0.03
    2 V     1  -2  -1  -2  -1  -1  -1  -1  -2   0   0  -1   0  -2  -2   2   3  -3  -2   2   13   0   0   0   0   0   0   0   0   3   4   0   0   0   0  27  29   0   0  24  0.20 0.02
    3 I    -2  -4  -4  -4  -2  -3  -4  -4  -4   5   1  -3   1   1  -3  -3   0  -3  -1   3    0   0   0   0   0   0   0   0   0  82   4   0   0   5   0   0   3   0   0   6  0.49 0.06
    4 P     0  -3  -2  -2  -3  -2  -2  -1  -3  -3  -3  -2  -3  -1   8   0  -1  -4  -3  -3    4   0   0   0   0   0   0   3   0   0   0   0   0   5  78  11   0   0   0   0  1.53 0.07
    5 C    -1  -4  -4  -5  10  -4  -5  -3  -4  -2  -2  -4  -2  -3  -4  -2  -2  -3  -3  -2    0   0   0   0 100   0   0   0   0   0   0   0   0   0   0   0   0   0   0   0  1.83 0.12
    6 G     2  -3  -1  -2  -3  -2  -2   6  -3  -4  -4  -2  -3  -4  -2   0  -2  -3  -3  -3   21   0   0   0   0   0   0  79   0   0   0   0   0   0   0   0   0   0   0   0  0.91 0.06
    7 E    -1  -1  -1   1  -5   2   6  -3  -1  -4  -4   0  -3  -4  -2  -1  -1  -4  -3  -3    0   0   0   0   0   0 100   0   0   0   0   0   0   0   0   0   0   0   0   0  0.99 0.09
    8 S     1  -1   0  -1  -1  -1  -1  -1  -2  -3  -3  -1  -2  -3   0   5   1  -4  -2  -2    0   0   0   0   0   0   0   0   0   0   0   0   0   0   3  94   3   0   0   0  0.63 0.08
    9 C    -1  -4  -4  -5  10  -4  -5  -3  -4  -2  -2  -4  -2  -3  -4  -2  -2  -3  -3  -2    0   0   0   0 100   0   0   0   0   0   0   0   0   0   0   0   0   0   0   0  1.83 0.12
   10 V     1  -3  -3  -4  -1  -3  -3  -3  -4   2   0  -3   0  -1  -3  -2   0  -4  -2   5    9   0   0   0   0   0   0   0   0   2   0   0   0   0   0   0   0   0   0  89  0.48 0.07
   11 F    -3  -3  -4  -4  -3  -3  -3  -4  -1  -2  -1  -3   1   5  -4  -3  -3   9   5  -2    0   0   0   0   0   0   0   0   0   0   0   0   5  32   0   0   0  31  32   0  1.08 0.07
   12 I    -2  -4  -4  -4  -2  -4  -4  -5  -4   6   1  -3   1  -1  -4  -3  -1  -3  -2   2    0   0   0   0   0   0   0   0   0 100   0   0   0   0   0   0   0   0   0   0  0.66 0.08
   13 P    -1  -3  -3  -2  -4  -2  -2  -3  -3  -4  -4  -2  -3  -4   8   0  -2  -5  -4  -3    0   0   0   0   0   0   0   0   0   0   0   0   0   0  95   5   0   0   0   0  2.10 0.09
   14 C    -1  -4  -4  -5  10  -4  -5  -3  -4  -2  -2  -4  -2  -3  -4  -2  -2  -3  -3  -2    0   0   0   0 100   0   0   0   0   0   0   0   0   0   0   0   0   0   0   0  1.83 0.12
   15 I    -1  -3  -4  -4  -2  -3  -3  -4  -3   4   2  -3   1   2  -3  -2  -1  -2  -1   3    4   0   0   0   0   0   0   0   0  58  11   0   0  11   0   0   0   0   0  16  0.37 0.04
   16 S     0  -1   1  -1  -1  -1  -1  -2  -2  -2  -2  -1  -1  -3  -1   3   5  -3  -2  -1    0   0   7   0   0   0   0   0   0   0   0   0   0   0   0  26  65   0   0   0  0.49 0.06
   17 S     2  -1   0  -1  -1   0   0   1   0  -2  -2   0  -2  -3  -1   3   1  -3  -2  -1   29   0   0   0   0   0   5  10   4   0   0   8   0   0   0  31  12   0   0   0  0.25 0.03
   18 V     1  -2  -3  -3  -1  -2  -2  -3  -3   2   2  -1   1  -1  -3  -1   0  -3  -2   3   15   0   0   0   0   0   0   0   0  17  27   6   1   0   0   0   1   0   0  31  0.20 0.02
   19 L     0  -2  -3  -3  -2  -2  -2  -3  -3   3   2  -1   1   1   1  -2  -1  -2  -1   2    9   0   0   0   0   0   0   0   0  30  23   6   2   5   6   0   0   0   0  17  0.18 0.02
   20 G     0  -3   0  -2   2  -2  -3   6  -3  -4  -4  -2  -3  -4  -3  -1  -2  -3  -4  -4    0   0   5   0   6   0   0  89   0   0   0   0   0   0   0   0   0   0   0   0  1.05 0.07
   21 C    -1  -4  -3  -4  10  -3  -4  -3  -4  -2  -2  -4  -2  -3  -3  -1  -1  -3  -3  -1    0   0   0   0  94   0   0   0   0   0   1   0   0   0   0   0   0   0   0   0  1.61 0.10
   22 S     1  -1   0  -1  -2   0  -1   0  -1  -3  -3   1  -2  -3  -1   5   1  -3  -2  -2    3   0   0   0   0   0   0   2   0   0   0   8   0   0   0  85   2   0   0   0  0.53 0.07
   23 C    -1  -4  -4  -5  10  -4  -5  -3  -4  -2  -2  -4  -2  -3  -4  -2  -2  -3  -3  -2    0   0   0   0 100   0   0   0   0   0   0   0   0   0   0   0   0   0   0   0  1.83 0.12
   24 K    -1   2  -1  -1  -3   1   1  -2  -1  -2  -2   5  -2  -3  -2   1   0  -3  -2  -1    0   6   0   0   0   2   3   0   0   0   3  68   0   0   0  12   1   0   0   4  0.43 0.05
   25 N    -1  -1   6   3  -3   0   0  -1   0  -4  -4   0  -3  -4  -2   2   0  -4  -3  -3    0   0  60  15   0   0   0   0   0   0   0   2   0   0   0  23   0   0   0   0  0.63 0.06
   26 K    -1   2   0  -1  -4   1   0  -2  -1  -3  -3   6  -2  -4  -2   0  -1  -4  -2  -3    0   6   2   0   0   2   0   0   0   0   0  86   0   0   0   4   0   0   0   0  0.65 0.07
   27 V    -1  -1  -3  -4  -1  -3  -3  -4  -4   2   0  -3   0  -1  -3  -2  -1  -4  -2   5    0   4   0   0   0   0   0   0   0   2   0   0   0   0   0   0   0   0   0  94  0.51 0.07
   28 C    -1  -4  -4  -5  10  -4  -5  -3  -4  -2  -2  -4  -2  -3  -4  -2  -2  -3  -3  -2    0   0   0   0 100   0   0   0   0   0   0   0   0   0   0   0   0   0   0   0  1.83 0.12
   29 Y    -2  -2  -3  -4  -3  -2  -3  -4   1  -2  -2  -3  -1   3  -4  -2  -2   2   8  -1    0   0   0   0   0   0   0   0   0   0   0   0   0   0   0   0   0   0  95   5  1.14 0.08
   30 R    -2   4   2  -1  -3   0  -1  -2   1  -2   0   2   0  -1  -2  -1  -1  -3   0  -2    0  37  16   2   0   2   0   0   5   1  14  15   2   4   0   0   0   0   2   0  0.26 0.03
   31 D    -2  -1   6   4  -4  -1   0  -1   0  -4  -4  -1  -3  -4  -2   0  -1  -5  -3  -4    0   0  73  27   0   0   0   0   0   0   0   0   0   0   0   0   0   0   0   0  0.85 0.07

                      K         Lambda
Standard Ungapped    0.1463     0.3300
Standard Gapped      0.0410     0.2670
PSI Ungapped         0.1463     0.3300
PSI Gapped           0.0410     0.2670
