
Last position-specific scoring matrix computed, weighted observed percentages rounded down, information per position, and relative weight of gapless real matches to pseudocounts
            A   R   N   D   C   Q   E   G   H   I   L   K   M   F   P   S   T   W   Y   V   A   R   N   D   C   Q   E   G   H   I   L   K   M   F   P   S   T   W   Y   V
    1 A     4  -2  -2  -2   0  -1  -1   0  -2  -1  -2  -1  -1  -2  -1   1   0  -3  -2   0  100   0   0   0   0   0   0   0   0   0   0   0   0   0   0   0   0   0   0   0  0.41 0.00
    2 A     2  -1   1   4  -2   0   1  -1  -1  -3  -3  -1  -2  -3  -1   2   0  -4  -3  -2   21   0   0  44   0   0   0   0   0   0   0   0   0   0   0  35   0   0   0   0  0.42 0.02
    3 K    -2   6  -1  -2  -4   1  -1  -3  -1  -3  -2   2   2  -3  -3  -1  -2  -3  -2  -2    0  76   0   0   0   0   0   0   0   0   0  11  13   0   0   0   0   0   0   0  0.72 0.07
    4 P     0  -1  -1  -1  -3   3   2  -2   4  -2  -1   0  -1  -1   2  -1   0  -1   3  -1    6   0   0   0   0  23  13   0  15   0   5   0   0   0  11   0   6   0  14   6  0.25 0.03
    5 M    -1   3  -1  -2  -3   1   0  -2  -1  -3  -2   4   1  -3   3  -1  -1  -3  -2  -2    0  21   0   0   0   0   0   0   0   0   0  55  11   0  13   0   0   0   0   0  0.49 0.05
    6 G    -2   7  -1  -2  -4   0  -1   0  -1  -4  -3   2  -2  -4  -3  -1  -2  -3  -2  -3    0  90   0   0   0   0   0  10   0   0   0   0   0   0   0   0   0   0   0   0  0.88 0.08
    7 I     2  -3  -3  -3  -1  -2  -2  -2  -3   2   0  -2   0   1  -2  -1  -1  -2  -1   3   34   0   0   0   0   0   0   0   0  19   4   0   0   9   0   0   0   0   0  33  0.22 0.04
    8 T    -1  -2  -1  -2  -2  -1  -2  -2  -2  -1  -2  -1  -1  -3  -2   1   6  -3  -2  -1    0   0   0   0   0   0   0   0   0   0   0   0   0   0   0   0 100   0   0   0  0.81 0.11
    9 C    -1  -5  -4  -5  10  -4  -5  -4  -4  -2  -2  -4  -2  -3  -4  -2  -2  -3  -3  -2    0   0   0   0 100   0   0   0   0   0   0   0   0   0   0   0   0   0   0   0  1.92 0.14
   10 D    -3  -2   1   7  -4  -1   1  -2  -2  -4  -5  -1  -4  -4  -2  -1  -2  -5  -4  -4    0   0   0 100   0   0   0   0   0   0   0   0   0   0   0   0   0   0   0   0  1.27 0.11
   11 L    -2  -3  -4  -4  -2  -3  -3  -4  -4   2   4  -3   2   0  -3  -3  -1  -2  -2   2    0   0   0   0   0   0   0   0   0   4  81   0   0   0   0   0   0   0   0  15  0.53 0.06
   12 L    -1  -3  -4  -4  -2  -3  -3  -4  -3   2   4  -3   2   0  -3  -3  -2  -2  -2   1    4   0   0   0   0   0   0   0   0  12  84   0   0   0   0   0   0   0   0   0  0.53 0.06
   13 S     1  -2   0  -1  -2  -1  -1   2  -2  -3  -3  -1  -2  -3  -2   5   1  -3  -3  -3    0   0   0   0   0   0   0  17   0   0   0   0   0   0   0  83   0   0   0   0  0.59 0.08
   14 L     0  -2  -2  -2  -2  -2  -2   3  -2   0   0  -1   0   3  -2  -1  -2   4   0  -1    5   1   1   1   0   1   1  35   0   6   8   5   4  24   1   1   1   6   0   1  0.24 0.03
   15 W    -1  -1  -2  -2  -2   0  -1  -2  -2   1  -1   0   0   3  -2  -1   1   6   1   0    5   1   1   1   0   7   1   1   0  12   1  10   0  22   1   1  16  15   0   5  0.24 0.03
   16 K     1  -1   1  -1  -2  -1  -1   4  -1  -3  -3   1  -2  -3  -1   1  -1  -3  -2  -2   19   1   9   1   0   1   1  40   0   1   1  17   0   0   1   7   1   0   0   1  0.35 0.03
   17 V     1  -2  -3  -3  -1  -2  -2  -2  -3   2   1  -2   0  -1  -2  -1  -1   3  -1   3   14   1   1   1   0   1   1   1   0  16  11   1   0   0   1   1   1   5   0  46  0.22 0.03
   18 G    -1  -1   6   1  -3   0  -1   2   0  -4  -4   0  -3  -4  -2   0  -1  -4  -3  -3    5   0  63   4   0   4   0  18   0   0   0   6   0   0   0   0   0   0   0   0  0.60 0.07
   19 H    -2  -1   0   2  -4   0   2  -2   8  -4  -4  -1  -2  -2  -2   0  -2  -3   0  -4    0   0   0  15   0   0  12   0  64   0   0   0   0   0   0   9   0   0   0   0  0.80 0.09
   20 A     2   1   0  -1  -1   0  -1  -1  -1  -3  -3   0  -2  -3  -1   4   1  -3  -2  -2   21  12   0   0   0   0   0   0   0   0   0   0   0   0   0  62   5   0   0   0  0.42 0.06
   21 A     4  -2  -3  -3  -1  -2  -2  -1  -2   0   1  -2   0  -2  -2   0  -1  -3  -2   0   73   0   0   0   0   0   0   0   0   4  23   0   0   0   0   0   0   0   0   0  0.36 0.06
   22 C    -1  -5  -4  -5  10  -4  -5  -4  -4  -2  -2  -4  -2  -3  -4  -2  -2  -3  -3  -2    0   0   0   0 100   0   0   0   0   0   0   0   0   0   0   0   0   0   0   0  1.92 0.14
   23 A     5  -2  -2  -2  -1  -2  -2   1  -2  -1  -2  -1  -1  -3  -2   1  -1  -3  -2   1   83   0   0   0   0   0   0   5   0   0   0   0   0   0   0   0   0   0   0  12  0.47 0.07
   24 A     4  -2  -2  -3  -1  -2  -2   0  -2   0   1  -2   0  -2  -2   0  -1  -3  -2   1   69   0   0   0   0   0   0   5   0   6  14   0   0   0   0   0   0   0   0   6  0.31 0.06
   25 H    -2   1   2  -2  -4   0  -1  -3   9  -4  -4  -1  -2  -2  -3  -1  -2  -3   1  -4    0   6   9   0   0   0   0   0  85   0   0   0   0   0   0   0   0   0   0   0  1.18 0.11
   26 C    -1  -5  -4  -5  10  -4  -5  -4  -4  -2  -2  -4  -2  -3  -4  -2  -2  -3  -3  -2    0   0   0   0 100   0   0   0   0   0   0   0   0   0   0   0   0   0   0   0  1.92 0.14
   27 L    -2  -3  -4  -4  -2  -3  -4  -4  -4   3   4  -3   2   0  -3  -3  -1  -2  -2   1    0   0   0   0   0   0   0   0   0  24  72   0   0   0   0   0   0   0   0   4  0.51 0.06
   28 V     3  -2  -2  -2  -1  -2  -2   0  -2   0   1  -2   0   1  -2   1  -1  -2  -1   0   53   0   0   0   0   0   0   4   0   0  18   0   0   9   0   9   0   0   0   7  0.20 0.04
   29 L    -2   3  -1  -2  -3   1  -1  -3   1   1   1   2   2  -1  -3  -1  -1  -3  -2   0    0  30   0   0   0   6   0   0   4  10  23  17   9   0   0   0   0   0   0   0  0.22 0.04
   30 G     0   2  -1  -2  -3  -2  -2   6  -2  -4  -4  -1  -3  -4  -3  -1  -2  -3  -4  -4    0  17   0   0   0   0   0  83   0   0   0   0   0   0   0   0   0   0   0   0  0.97 0.08
   31 D    -2   3   2   1  -3   0   0  -2   0  -3  -2   2  -2   2  -3  -1  -1  -2   2  -3    0  30  18   7   0   0   0   0   0   0   0  20   0  17   0   0   0   0   8   0  0.30 0.04
   32 V     0   5  -1  -2  -3   0   0  -2  -1  -2  -2   3  -2  -3  -2   0   0  -3  -2  -1    9  46   0   0   0   0   0   0   0   0   0  25   0   0   0   8   4   0   0   7  0.42 0.05
   33 G     0  -3  -1  -2  -3  -3  -3   7  -3  -5  -5  -2  -3  -4  -3  -1  -2  -3  -4  -4    0   0   0   0   0   0   0 100   0   0   0   0   0   0   0   0   0   0   0   0  1.31 0.09
   34 G     0  -3  -1  -2  -3  -3  -3   7  -3  -5  -5  -2  -3  -4  -3  -1  -2  -3  -4  -4    0   0   0   0   0   0   0 100   0   0   0   0   0   0   0   0   0   0   0   0  1.31 0.09
   35 Y    -1   1  -2  -3  -3  -1  -2  -3   2  -2  -2  -1  -2   1  -3   1  -1   6   6  -2    4  13   0   0   0   0   0   0   4   0   0   0   0   0   0  20   0  12  47   0  0.57 0.07
   36 C    -1  -5  -4  -5  10  -4  -5  -4  -4  -2  -2  -4  -2  -3  -4  -2  -2  -3  -3  -2    0   0   0   0 100   0   0   0   0   0   0   0   0   0   0   0   0   0   0   0  1.92 0.14
   37 T    -1  -1   5   2  -2   0   2  -1   0  -2  -2   0  -2  -3  -1   0   1  -3  -2  -2    2   1  45  13   0   1  13   2   0   1   2   1   0   1   1   1  12   0   1   1  0.38 0.04
   38 K     0   1   0   1  -2   1   0   3  -1  -3  -3   1  -2  -3  -1   2   0  -3  -2  -2    1   7   1   9   0  11   1  26   0   1   1  11   0   0   1  28   1   0   0   1  0.27 0.03
   39 E    -2   3   3   1  -4   1   1  -2  -1  -4  -3   4  -2  -4  -2   0  -1  -4  -2  -3    0  21  22   8   0   4   7   0   0   0   0  39   0   0   0   0   0   0   0   0  0.46 0.05
   40 G     2   1  -1  -2  -2  -1  -1   4  -2  -3  -3   1  -2  -3  -2   0  -1  -3  -3  -2   25   9   0   0   0   0   0  46   0   0   0  15   0   0   0   5   0   0   0   0  0.46 0.04
   41 L    -1  -3  -4  -4  -1  -3  -3  -4  -4   3   1  -3   1  -1  -3  -2  -1  -3  -2   5    0   0   0   0   0   0   0   0   0  15   7   0   0   0   0   0   0   0   0  78  0.50 0.07
   42 C    -1  -5  -4  -5  10  -4  -5  -4  -4  -2  -2  -4  -2  -3  -4  -2  -2  -3  -3  -2    0   0   0   0 100   0   0   0   0   0   0   0   0   0   0   0   0   0   0   0  1.92 0.14
   43 V    -1  -3   1  -3  -2  -2  -3  -3  -3   3   1  -2   0  -1  -3  -2   0  -3  -2   4    0   0  12   0   0   0   0   0   0  13   5   0   0   0   0   0   4   0   0  65  0.32 0.06
   44 C    -1  -5  -4  -5  10  -4  -5  -4  -4  -2  -2  -4  -2  -3  -4  -2  -2  -3  -3  -2    0   0   0   0 100   0   0   0   0   0   0   0   0   0   0   0   0   0   0   0  1.92 0.14
   45 K    -2   7  -1  -2  -4   1  -1  -3  -1  -4  -3   2  -2  -4  -3  -1  -2  -4  -2  -3    0  93   0   0   0   0   0   0   0   0   0   7   0   0   0   0   0   0   0   0  1.02 0.10
   46 E    -2   3   5   0  -4   1   1  -2   0  -4  -3   3  -2  -4  -2   0  -1  -4  -2  -3    0  27  43   0   0   0   8   0   0   0   0  22   0   0   0   0   0   0   0   0  0.52 0.05

                      K         Lambda
Standard Ungapped    0.1407     0.3262
Standard Gapped      0.0453     0.2670
PSI Ungapped         0.1481     0.3176
PSI Gapped           0.0453     0.2670
