
Last position-specific scoring matrix computed, weighted observed percentages rounded down, information per position, and relative weight of gapless real matches to pseudocounts
            A   R   N   D   C   Q   E   G   H   I   L   K   M   F   P   S   T   W   Y   V   A   R   N   D   C   Q   E   G   H   I   L   K   M   F   P   S   T   W   Y   V
    1 G     0  -3  -1  -2  -3  -2  -2   6  -2  -4  -4  -2  -3  -4  -2   1  -1  -3  -3  -3    3   0   0   0   0   0   0  88   0   0   0   0   0   0   0   9   0   0   0   0  0.99 0.04
    2 I    -2  -3  -4  -4  -2  -3  -4  -4  -4   5   2  -3   1   1  -3  -3   0  -3  -1   3    0   0   0   0   0   0   0   0   0  78   6   0   0   6   0   0   3   0   0   6  0.44 0.04
    3 P    -1  -3  -2  -2  -3  -2  -2  -1  -3  -4  -4  -1  -3  -4   8   0  -1  -4  -4  -3    0   0   0   0   0   0   0   3   0   0   0   0   0   0  89   7   0   0   0   0  1.88 0.07
    4 C    -1  -4  -4  -4  10  -4  -5  -3  -4  -2  -2  -4  -2  -3  -4  -2  -2  -3  -3  -1    0   0   0   0 100   0   0   0   0   0   0   0   0   0   0   0   0   0   0   0  1.71 0.09
    5 A     2  -3  -1  -2  -2  -2  -2   6  -2  -4  -4  -2  -3  -3  -2   0  -1  -3  -3  -3   27   0   0   0   0   0   0  73   0   0   0   0   0   0   0   0   0   0   0   0  0.81 0.04
    6 E    -1  -1  -1   1  -4   2   6  -3  -1  -4  -4   0  -3  -4  -2  -1  -1  -4  -3  -3    0   0   0   0   0   0 100   0   0   0   0   0   0   0   0   0   0   0   0   0  0.94 0.07
    7 S     1  -1   0  -1  -1  -1  -1  -1  -1  -3  -3  -1  -2  -3   0   5   1  -4  -2  -2    0   0   0   0   0   0   0   0   0   0   0   0   0   0   3  97   0   0   0   0  0.61 0.07
    8 C    -1  -4  -4  -4  10  -4  -5  -3  -4  -2  -2  -4  -2  -3  -4  -2  -2  -3  -3  -1    0   0   0   0 100   0   0   0   0   0   0   0   0   0   0   0   0   0   0   0  1.71 0.09
    9 V    -1  -3  -4  -4  -1  -3  -3  -4  -4   3   1  -3   0  -1  -3  -2   0  -4  -2   5    0   0   0   0   0   0   0   0   0   3   0   0   0   0   0   0   0   0   0  97  0.53 0.06
   10 W    -3  -3  -4  -4  -3  -3  -3  -4   0  -2  -1  -3  -1   4  -4  -3  -3   9   6  -2    0   0   0   0   0   0   0   0   0   0   0   0   0  23   0   0   0  39  38   0  1.27 0.06
   11 I    -2  -4  -4  -4  -2  -4  -4  -5  -4   6   1  -3   1  -1  -3  -3  -1  -3  -2   2    0   0   0   0   0   0   0   0   0 100   0   0   0   0   0   0   0   0   0   0  0.60 0.06
   12 P    -1  -3  -3  -2  -4  -2  -2  -3  -3  -4  -4  -2  -3  -5   9  -1  -2  -5  -4  -3    0   0   0   0   0   0   0   0   0   0   0   0   0   0 100   0   0   0   0   0  2.23 0.08
   13 C    -1  -4  -4  -4  10  -4  -5  -3  -4  -2  -2  -4  -2  -3  -4  -2  -2  -3  -3  -1    0   0   0   0 100   0   0   0   0   0   0   0   0   0   0   0   0   0   0   0  1.71 0.09
   14 T     0  -1   0  -1  -1   0   0  -1  -1   0   0   0   0  -1   0   0   2  -1  -1   0    9   3   3   3   1   3   4   4   1  10  11   3   1   2   3   4  28   1   2   4  0.05 0.00
   15 V    -1  -3  -3  -3  -1  -2  -3  -3  -3   4   2  -2   1   0  -3  -1   1  -3  -1   3    0   0   0   0   0   0   0   0   0  50  12   0   0   3   0   4   9   0   0  20  0.26 0.03
   16 T     0  -1   0  -1  -1  -1  -1  -2  -2  -2  -2  -1  -1  -3  -1   3   5  -3  -2  -1    0   0   0   0   0   0   0   0   0   0   0   0   0   0   0  35  65   0   0   0  0.51 0.05
   17 A     3  -1  -1  -1  -1  -1  -1   1  -2  -2  -2  -1  -1  -3  -1   3   1  -3  -2  -1   44   0   0   0   0   0   0  11   0   0   0   2   0   0   0  28  12   0   0   2  0.31 0.03
   18 L     1  -2  -3  -3  -1  -2  -3  -3  -3   2   3  -2   1   0  -2  -1  -1  -2  -1   2   15   0   0   0   0   0   0   0   0  14  41   0   2   0   0   0   2   0   0  23  0.23 0.02
   19 V     0  -2  -3  -3  -1  -2  -3  -3  -3   3   2  -2   1   1  -2  -2  -1  -2  -1   2   11   0   0   0   0   0   1   1   0  30  22   1   2   6   0   1   1   0   0  23  0.20 0.02
   20 G     0  -3   1  -2  -3  -2  -3   6  -2  -5  -4  -2  -3  -4  -3  -1  -2  -3  -4  -4    0   0   6   0   0   0   0  94   0   0   0   0   0   0   0   0   0   0   0   0  1.11 0.06
   21 C    -1  -4  -4  -4  10  -4  -5  -3  -4  -2  -2  -4  -2  -3  -4  -2  -2  -3  -3  -1    0   0   0   0 100   0   0   0   0   0   0   0   0   0   0   0   0   0   0   0  1.71 0.09
   22 S     1  -1   0  -1  -1   0   0   0  -1  -3  -3   1  -2  -3   0   5   1  -3  -2  -2    4   0   0   0   0   0   0   2   0   0   0   9   0   0   2  83   2   0   0   0  0.48 0.05
   23 C    -1  -4  -4  -4  10  -4  -5  -3  -4  -2  -2  -4  -2  -3  -4  -2  -2  -3  -3  -1    0   0   0   0 100   0   0   0   0   0   0   0   0   0   0   0   0   0   0   0  1.71 0.09
   24 S    -1   2   0  -1  -3   1   1  -2  -1  -2  -2   4  -1  -3  -1   1   0  -3  -2  -1    0   3   0   0   0   2   4   0   0   0   3  64   0   0   0  17   1   0   0   5  0.37 0.04
   25 D    -1  -1   5   3  -3   0   0  -1   0  -4  -4   0  -3  -4  -2   2   0  -4  -3  -3    0   0  52  18   0   0   0   0   0   0   0   2   0   0   0  28   0   0   0   0  0.55 0.04
   26 K    -1   2   0  -1  -4   1   0  -2  -1  -3  -3   6  -2  -4  -2   0  -1  -4  -2  -3    0   4   2   0   0   2   0   0   0   0   0  87   0   0   0   5   0   0   0   0  0.62 0.06
   27 V    -1  -1  -3  -4  -1  -3  -3  -4  -4   3   0  -2   0  -1  -3  -2   0  -4  -2   5    0   5   0   0   0   0   0   0   0   2   0   0   0   0   0   0   0   0   0  93  0.46 0.06
   28 C    -1  -4  -4  -4  10  -4  -5  -3  -4  -2  -2  -4  -2  -3  -4  -2  -2  -3  -3  -1    0   0   0   0 100   0   0   0   0   0   0   0   0   0   0   0   0   0   0   0  1.71 0.09
   29 Y    -2  -2  -3  -4  -3  -2  -3  -4   2  -2  -2  -2  -2   3  -4  -2  -2   2   8  -2    0   0   0   0   0   0   0   0   0   0   0   0   0   0   0   0   0   0 100   0  1.15 0.06
   30 N    -1   4   3   1  -4   1   0  -2   2  -3  -3   3  -2  -3  -2   0  -1  -4  -2  -3    0  35  26   5   0   2   0   0   6   0   0  23   0   0   0   2   0   0   0   0  0.43 0.02

                      K         Lambda
Standard Ungapped    0.1386     0.3270
Standard Gapped      0.0410     0.2670
PSI Ungapped         0.1386     0.3270
PSI Gapped           0.0410     0.2670
