
Last position-specific scoring matrix computed, weighted observed percentages rounded down, information per position, and relative weight of gapless real matches to pseudocounts
            A   R   N   D   C   Q   E   G   H   I   L   K   M   F   P   S   T   W   Y   V   A   R   N   D   C   Q   E   G   H   I   L   K   M   F   P   S   T   W   Y   V
    1 A     5  -2  -2  -2  -1  -1  -1   0  -2  -2  -2  -1  -1  -3  -1   1   0  -3  -2   0  100   0   0   0   0   0   0   0   0   0   0   0   0   0   0   0   0   0   0   0  0.47 0.03
    2 P     1  -2  -3  -3  -2  -2  -2  -2  -3   0   2  -2   0  -1   5  -1  -1  -3  -2   0   22   0   0   0   0   0   0   0   0   0  41   0   0   0  37   0   0   0   0   0  0.56 0.02
    3 G     0  -3  -1  -2  -2  -2  -3   6  -3  -1  -2  -2  -2  -3  -3  -1  -1  -3  -3   1    0   0   0   0   0   0   0  78   0   0   0   0   0   0   0   0   0   0   0  22  0.72 0.03
    4 N    -1   3   4   0  -3   0   0  -2   0  -3  -3   2  -2  -3  -2   0   2  -3  -2  -2    0  28  36   0   0   0   0   0   0   0   0  15   0   0   0   0  21   0   0   0  0.39 0.02
    5 K     1   3  -1   0  -3   1   2  -2  -1  -3  -3   4  -2  -3  -1   0  -1  -3  -2  -2   21  15   0   0   0   0  22   0   0   0   0  43   0   0   0   0   0   0   0   0  0.36 0.02
    6 A     3  -1   0  -1  -1   0   1  -1  -1  -2  -2   0  -1  -3  -1   2   2  -3  -2  -1   36   0   0   0   0   0  15   0   0   0   0   0   0   0   0  28  21   0   0   0  0.30 0.02
    7 E    -1   0   0   3  -4   4   3  -2   0  -3  -3   2  -2  -4  -2   0  -1  -3  -2  -3    0   0   0  28   0  42  15   0   0   0   0  15   0   0   0   0   0   0   0   0  0.53 0.03
    8 C    -1  -4  -3  -4  10  -4  -4  -3  -4  -2  -2  -4  -2  -3  -4  -1  -1  -3  -3  -1    0   0   0   0 100   0   0   0   0   0   0   0   0   0   0   0   0   0   0   0  1.62 0.08
    9 E    -2   4  -1  -2  -3   0   1  -3  -1  -1   0   1  -1   3  -3  -1  -2  -1   0  -2    0  49   0   0   0   0  13   0   0   0  12   0   0  26   0   0   0   0   0   0  0.33 0.03
   10 R    -2   5  -1  -2  -3   2   0  -3  -1   1   0   1   0  -2  -3  -1  -1  -3  -2  -1    0  51   0   0   0  18   0   0   0  17  14   0   0   0   0   0   0   0   0   0  0.34 0.03
   11 E    -1   4  -1  -1  -3   1   1  -3  -1  -1  -2   3  -1  -3  -2  -1  -1  -3  -2   0    0  42   0   0   0   0  13   0   0   0   0  26   0   0   0   0   0   0   0  18  0.36 0.03
   12 K     0   2   3  -1  -3   0  -1   4  -1  -4  -3   1  -2  -3  -2   1  -1  -3  -3  -3    0  14  21   0   0   0   0  35   0   0   0  13   0   0   0  17   0   0   0   0  0.39 0.02
   13 G     0  -3  -1  -2  -3  -2  -3   6  -3  -4  -4  -2  -3  -4  -3  -1  -2  -3  -4  -4    0   0   0   0   0   0   0 100   0   0   0   0   0   0   0   0   0   0   0   0  1.19 0.05
   14 Y    -3  -3  -3  -4  -3  -3  -3  -4   0  -1   0  -3  -1   6  -4  -3  -2   1   5  -1    0   0   0   0   0   0   0   0   0   0   0   0   0  68   0   0   0   0  32   0  0.85 0.05
   15 C    -1  -4  -3  -4  10  -4  -4  -3  -4  -2  -2  -4  -2  -3  -4  -1  -1  -3  -3  -1    0   0   0   0 100   0   0   0   0   0   0   0   0   0   0   0   0   0   0   0  1.62 0.08
   16 G     3   2  -1  -2  -2  -1  -1   3  -2  -3  -3   0  -2  -3  -2   0  -1  -3  -3  -2   51  17   0   0   0   0   0  32   0   0   0   0   0   0   0   0   0   0   0   0  0.39 0.03
   17 F    -2  -3  -3  -4  -2  -2  -3  -4   3   1   1  -3   0   5  -4  -2  -2   0   2   1    0   0   0   0   0   0   0   0  14   0  18   0   0  51   0   0   0   0   0  17  0.39 0.03
   18 L    -1   2  -2  -3  -2  -1  -2   3  -2   0   3  -1   1  -1  -3  -2  -2  -2  -2  -1    0  18   0   0   0   0   0  30   0   0  51   0   0   0   0   0   0   0   0   0  0.24 0.02
   19 K    -1   3  -1  -1  -3   0   0  -2  -1   1  -1   4  -1  -3  -2   1   0  -3  -2  -1    0  14   0   0   0   0   0   0   0  18   0  51   0   0   0  17   0   0   0   0  0.27 0.03
   20 C    -1  -4  -3  -4  10  -4  -4  -3  -4  -2  -2  -4  -2  -3  -4  -1  -1  -3  -3  -1    0   0   0   0 100   0   0   0   0   0   0   0   0   0   0   0   0   0   0   0  1.62 0.08
   21 S    -1   3   2  -1  -3   0  -1  -2  -1  -3  -3   0  -2  -4   5   1  -1  -4  -3  -3    0  30  18   0   0   0   0   0   0   0   0   0   0   0  38  13   0   0   0   0  0.70 0.03
   22 F    -1  -2  -2  -3  -2  -2  -2  -3  -1  -1   0  -2  -1   6  -3   1   1   0   3  -1    0   0   0   0   0   0   0   0   0   0   0   0   0  62   0  17  12   0   9   0  0.47 0.04
   23 P    -1  -3  -3  -3  -3  -2  -2  -3  -3  -1   2  -2   0  -2   7  -2  -1  -3  -3  -1    0   0   0   0   0   0   0   0   0   0  38   0   0   0  62   0   0   0   0   0  1.11 0.04
   24 F     0  -1   0  -1  -2  -1  -1  -1   4  -2  -2  -1  -1   2  -2   3   3  -2   0  -2    0   0   0   0   0   0   0   0  17   0   0   0   0  13   0  44  26   0   0   0  0.28 0.03
   25 V    -1   2  -3  -3  -2  -2  -2  -4  -3   3   2  -1   1  -1  -3  -2  -1  -3  -2   2    0  18   0   0   0   0   0   0   0  30  26   0   0   0   0   0   0   0   0  26  0.24 0.02
   26 V     1  -3  -3  -3  -2  -2  -3  -3  -3   3   0  -2   0   3   2  -1  -1  -2   0   2   17   0   0   0   0   0   0   0   0  38   0   0   0  18  14   0   0   0   0  13  0.24 0.02
   27 S     0  -2  -1  -2  -1  -1  -2  -2  -2   2   1  -1   0  -1  -2   3   0  -3  -2   1    0   0   0   0   0   0   0   0   0  30  18   0   0   0   0  51   0   0   0   0  0.19 0.03
   28 G     0  -3  -1  -2  -3  -2  -3   6  -3  -4  -4  -2  -3  -4  -3  -1  -2  -3  -4  -4    0   0   0   0   0   0   0 100   0   0   0   0   0   0   0   0   0   0   0   0  1.19 0.05
   29 K    -1   3  -1  -2  -3   1   0  -2  -1  -1   0   4  -1  -2  -2  -1   1  -3  -2  -1    0  14   0   0   0   0   0   0   0   0  18  56   0   0   0   0  12   0   0   0  0.29 0.03
   30 C    -1  -4  -3  -4  10  -4  -4  -3  -4  -2  -2  -4  -2  -3  -4  -1  -1  -3  -3  -1    0   0   0   0 100   0   0   0   0   0   0   0   0   0   0   0   0   0   0   0  1.62 0.08
   31 S     2  -1   0  -1  -1  -1  -1  -1  -1  -2  -2  -1  -2  -3  -1   4   3  -3  -2  -1   17   0   0   0   0   0   0   0   0   0   0   0   0   0   0  65  18   0   0   0  0.42 0.04
   32 R    -2   6  -1  -2  -3   1  -1  -3  -1  -3  -2   2  -2  -3  -2  -1   1  -3  -2  -2    0  83   0   0   0   0   0   0   0   0   0   0   0   0   0   0  17   0   0   0  0.71 0.05
   33 F    -3  -3   2  -2  -3  -3  -3  -3  -1  -1   0  -3  -1   7  -4  -2  -2   0   2  -2    0   0  18   0   0   0   0   0   0   0   0   0   0  82   0   0   0   0   0   0  0.67 0.05
   34 F    -2  -1  -1  -2  -2   1  -1  -3   5   1   0  -1   0   2  -3  -2  -1  -1   3   1    0   0   0   0   0  12   0   0  27  17   0   0   0  13   0   0   0   0  17  14  0.26 0.02
   35 F    -1  -2  -2  -2  -2   1  -1  -3  -2   0   1  -1   0   2   3   1  -1  -2  -1   0    0   0   0   0   0  14   0   0   0   0  26   0   0  13  18  17   0   0   0  12  0.20 0.02
   36 C    -1  -4  -3  -4  10  -4  -4  -3  -4  -2  -2  -4  -2  -3  -4  -1  -1  -3  -3  -1    0   0   0   0 100   0   0   0   0   0   0   0   0   0   0   0   0   0   0   0  1.62 0.08
   37 C    -1  -4  -3  -4  10  -4  -4  -3  -4  -2  -2  -4  -2  -3  -4  -1  -1  -3  -3  -1    0   0   0   0 100   0   0   0   0   0   0   0   0   0   0   0   0   0   0   0  1.62 0.08
   38 K     0   3   0  -1  -3   1   0   2  -1  -3  -3   4  -2  -3  -2   1  -1  -3  -2  -3    0  14   0   0   0   0   0  17   0   0   0  51   0   0   0  18   0   0   0   0  0.38 0.03
   39 N    -2   6   2  -1  -3   1   0  -2  -1  -3  -3   2  -2  -3  -2   0   1  -3  -2  -3    0  74  13   0   0   0   0   0   0   0   0   0   0   0   0   0  12   0   0   0  0.62 0.04
   40 I     1  -3  -3  -3  -1  -2  -3  -3  -3   3   2  -2   1  -1  -3  -2  -1  -3  -2   3   17   0   0   0   0   0   0   0   0  39  12   0   0   0   0   0   0   0   0  32  0.27 0.02
   41 W    -3  -3  -4  -5  -3  -2  -3  -3  -2  -2   0  -3  -1   1  -4  -3  -3  11   4  -2    0   0   0   0   0   0   0   0   0   0  14   0   0   0   0   0   0  68  18   0  1.72 0.07

                      K         Lambda
Standard Ungapped    0.1459     0.3316
Standard Gapped      0.0424     0.2670
PSI Ungapped         0.1386     0.3178
PSI Gapped           0.0424     0.2670
