
Last position-specific scoring matrix computed, weighted observed percentages rounded down, information per position, and relative weight of gapless real matches to pseudocounts
            A   R   N   D   C   Q   E   G   H   I   L   K   M   F   P   S   T   W   Y   V   A   R   N   D   C   Q   E   G   H   I   L   K   M   F   P   S   T   W   Y   V
    1 G     0  -3  -1  -2  -3  -2  -3   6  -2  -4  -4  -2  -3  -4  -3   0  -2  -3  -4  -4    0   0   0   0   0   0   0 100   0   0   0   0   0   0   0   0   0   0   0   0  1.08 0.01
    2 I    -2  -3  -4  -4  -1  -3  -4  -4  -4   4   3  -3   2   0  -3  -3  -1  -3  -2   2    0   0   0   0   0   0   0   0   0  72  28   0   0   0   0   0   0   0   0   0  0.39 0.01
    3 F    -3  -3  -4  -4  -3  -4  -4  -4  -2   0   0  -4   0   7  -4  -3  -3   1   3  -1    0   0   0   0   0   0   0   0   0   0   0   0   0 100   0   0   0   0   0   0  0.81 0.02
    4 S     1  -1   0  -1  -1   0   0  -1  -1  -2  -3   0  -2  -3  -1   4   3  -3  -2  -2    0   0   0   0   0   0   0   0   0   0   0   0   0   0   0  82  18   0   0   0  0.44 0.01
    5 K    -1   2   0  -1  -4   1   1  -2  -1  -3  -3   5  -2  -4  -1   0  -1  -4  -2  -3    0   0   0   0   0   0   0   0   0   0   0 100   0   0   0   0   0   0   0   0  0.57 0.02
    6 I    -2  -3  -3  -4  -2  -3  -3  -4  -3   3   2  -3   1   4   2  -3  -1  -1   1   1    0   0   0   0   0   0   0   0   0  41  11   0   0  36  12   0   0   0   0   0  0.32 0.01
    7 S     2  -1   4   0  -2  -1  -1   2  -1  -3  -3  -1  -2  -3  -2   2   0  -3  -2  -2   33   0  34   0   0   0   0  20   0   0   0   0   0   0   0  13   0   0   0   0  0.33 0.01
    8 G     0   0   0  -1  -3   0  -1   5  -2  -4  -4   2  -3  -4  -2   0  -1  -3  -3  -3    0   0   0   0   0   0   0  66   0   0   0  34   0   0   0   0   0   0   0   0  0.63 0.01
    9 K    -1   2   0  -1  -4   1   1  -2  -1  -3  -3   5  -2  -4  -1   0  -1  -4  -2  -3    0   0   0   0   0   0   0   0   0   0   0 100   0   0   0   0   0   0   0   0  0.57 0.02
   10 A     2   1  -1  -1  -2   0   0   3  -1  -3  -3   3  -2  -3  -1   0  -1  -3  -2  -2   33   0   0   0   0   0   0  22   0   0   0  45   0   0   0   0   0   0   0   0  0.30 0.01
   11 I     1  -3  -3  -3  -1  -3  -3  -3  -3   4   1  -3   1  -1  -3  -2  -1  -3  -2   2   18   0   0   0   0   0   0   0   0  82   0   0   0   0   0   0   0   0   0   0  0.29 0.01
   12 K    -1   2   0  -1  -4   1   1  -2  -1  -3  -3   5  -2  -4  -1   0  -1  -4  -2  -3    0   0   0   0   0   0   0   0   0   0   0 100   0   0   0   0   0   0   0   0  0.57 0.02
   13 N    -1  -1   6   1  -2   0   0  -1   0  -3  -3   0  -2  -3  -2   2   2  -4  -2  -2    0   0  66   0   0   0   0   0   0   0   0   0   0   0   0  16  18   0   0   0  0.51 0.01
   14 L    -1  -3  -2  -3  -2  -2  -3   3  -3   1   3  -2   1   0  -3  -2  -2  -2  -2   0    0   0   0   0   0   0   0  34   0   0  66   0   0   0   0   0   0   0   0   0  0.31 0.01
   15 F    -2  -3  -4  -4  -2  -3  -3  -4  -3   3   3  -3   1   3  -3  -3  -1  -1   0   2    0   0   0   0   0   0   0   0   0  22  38   0   0  23   0   0   0   0   0  18  0.31 0.00
   16 I    -1  -3  -3  -3  -2  -3  -3  -4  -3   3   2  -3   1   3   2  -2  -1  -2   0   2    0   0   0   0   0   0   0   0   0  50  10   0   0  18  12   0   0   0   0  10  0.29 0.01
   17 K    -1   2   2   0  -3   1   1  -1  -1  -3  -3   4  -2  -3  -1   1   0  -4  -2  -3    0   0  18   0   0   0   0   0   0   0   0  71   0   0   0  11   0   0   0   0  0.41 0.01
   18 G     0  -3  -1  -2  -2  -2  -3   5  -3   2  -1  -2  -1  -2  -3  -1  -2  -3  -3   0    0   0   0   0   0   0   0  66   0  34   0   0   0   0   0   0   0   0   0   0  0.50 0.01
   19 A     1  -3  -3  -3  -1  -2  -3  -3  -3   3   2  -2   1  -1  -2  -1  -1  -3  -2   3   23   0   0   0   0   0   0   0   0  44  11   0   0   0   0   0   0   0   0  22  0.22 0.01
   20 E    -1   2   0   0  -4   1   2  -2  -1  -3  -3   5  -2  -4  -1   0  -1  -3  -2  -3    0   0   0   0   0   0  13   0   0   0   0  87   0   0   0   0   0   0   0   0  0.52 0.01
   21 N    -1  -1   5   0  -2   0  -1  -1   3  -3  -3  -1  -2  -3  -2   1   3  -4  -1  -2    0   0  55   0   0   0   0   0  12   0   0   0   0   0   0   0  34   0   0   0  0.43 0.01
   22 V     1  -3  -3  -3  -1  -3  -3  -3  -3   4   1  -3   1  -1  -3  -2  -1  -3  -2   3   16   0   0   0   0   0   0   0   0  59   0   0   0   0   0   0   0   0   0  25  0.27 0.01
   23 G     0  -3  -1  -2  -3  -2  -3   6  -2  -4  -4  -2  -3  -4  -3   0  -2  -3  -4  -4    0   0   0   0   0   0   0 100   0   0   0   0   0   0   0   0   0   0   0   0  1.08 0.01
   24 K    -1   2   0  -1  -4   1   1  -2  -1  -3  -3   5  -2  -4  -1   0  -1  -4  -2  -3    0   0   0   0   0   0   0   0   0   0   0 100   0   0   0   0   0   0   0   0  0.57 0.02
   25 H    -1   0   0   1  -4   2   5  -3   3  -4  -3   1  -2  -3  -2   0  -1  -3  -1  -3    0   0   0   0   0   0  87   0  13   0   0   0   0   0   0   0   0   0   0   0  0.67 0.01
   26 V     2  -2  -3  -3  -1  -2  -2  -2  -3   2   0  -2   0  -1  -2  -1   0  -3  -2   4   34   0   0   0   0   0   0   0   0   0   0   0   0   0   0   0   0   0   0  66  0.24 0.01
   27 G     0  -3  -1  -2  -3  -2  -3   6  -2  -4  -4  -2  -3  -4  -3   0  -2  -3  -4  -4    0   0   0   0   0   0   0 100   0   0   0   0   0   0   0   0   0   0   0   0  1.08 0.01
   28 I    -1  -1  -2  -3  -2  -1  -2  -3  -2   2   2   0   5   0  -3  -2  -1  -2  -1   1    0   0   0   0   0   0   0   0   0  13  16  12  59   0   0   0   0   0   0   0  0.26 0.01
   29 D    -2  -2   1   6  -4   0   3  -2  -1  -4  -4  -1  -3  -4  -2   0  -1  -5  -3  -4    0   0   0  84   0   0  16   0   0   0   0   0   0   0   0   0   0   0   0   0  0.86 0.01
   30 V     1  -3  -3  -3  -1  -2  -3  -3  -3   2   1  -2   0  -1  -2  -1   0  -3  -2   4   16   0   0   0   0   0   0   0   0   0   0   0   0   0   0   0   0   0   0  84  0.29 0.01
   31 V    -1  -3  -4  -4  -1  -3  -3  -4  -4   4   2  -3   1   0  -3  -3  -1  -3  -1   3    0   0   0   0   0   0   0   0   0  59  16   0   0   0   0   0   0   0   0  25  0.36 0.01
   32 R    -2   7  -1  -2  -4   1   0  -3   0  -4  -3   2  -2  -3  -3  -1  -1  -3  -2  -3    0 100   0   0   0   0   0   0   0   0   0   0   0   0   0   0   0   0   0   0  0.81 0.02
   33 T     1  -1   0  -1  -1  -1  -1  -1  -2  -1  -2  -1  -1  -3  -1   1   5  -3  -2   0   18   0   0   0   0   0   0   0   0   0   0   0   0   0   0   0  82   0   0   0  0.42 0.01
   34 G     0  -3  -1  -2  -3  -2  -3   6  -2  -4  -4  -2  -3  -4  -3   0  -2  -3  -4  -4    0   0   0   0   0   0   0 100   0   0   0   0   0   0   0   0   0   0   0   0  1.08 0.01
   35 I    -2  -4  -4  -4  -2  -3  -4  -4  -4   5   2  -3   1   0  -3  -3  -1  -3  -2   3    0   0   0   0   0   0   0   0   0 100   0   0   0   0   0   0   0   0   0   0  0.44 0.02
   36 D    -2  -2   1   7  -4   0   2  -2  -1  -4  -4  -1  -4  -4  -2   0  -1  -5  -4  -4    0   0   0 100   0   0   0   0   0   0   0   0   0   0   0   0   0   0   0   0  0.99 0.02
   37 V     0  -3  -3  -3  -1  -2  -3  -3  -3   3   1  -2   1  -1  -3  -1   2  -3  -2   4    0   0   0   0   0   0   0   0   0  22   0   0   0   0   0   0  18   0   0  61  0.28 0.01
   38 V     3  -2  -3  -3  -1  -2  -2  -1  -3   2   0  -2   0  -1  -2   0   0  -3  -2   2   53   0   0   0   0   0   0   0   0  34   0   0   0   0   0   0   0   0   0  13  0.20 0.01
   39 G     0  -2   0  -1  -3  -2  -2   6  -2  -4  -4  -2  -3  -3  -2   1  -1  -3  -3  -3    0   0   0   0   0   0   0  82   0   0   0   0   0   0   0  18   0   0   0   0  0.84 0.01
   40 C    -1  -4  -3  -4  10  -4  -4  -3  -4  -2  -2  -4  -2  -3  -3  -1  -1  -3  -3  -1    0   0   0   0 100   0   0   0   0   0   0   0   0   0   0   0   0   0   0   0  1.34 0.02
   41 K    -1   2   0  -1  -4   1   1  -2  -1  -3  -3   5  -2  -4  -1   0  -1  -4  -2  -3    0   0   0   0   0   0   0   0   0   0   0 100   0   0   0   0   0   0   0   0  0.57 0.02
   42 I    -2  -4  -4  -4  -2  -3  -4  -4  -4   5   2  -3   1   0  -3  -3  -1  -3  -2   3    0   0   0   0   0   0   0   0   0 100   0   0   0   0   0   0   0   0   0   0  0.44 0.02
   43 K    -1   2   0  -1  -4   1   1  -2  -1  -3  -3   5  -2  -4  -1   0  -1  -4  -2  -3    0   0   0   0   0   0   0   0   0   0   0 100   0   0   0   0   0   0   0   0  0.57 0.02
   44 G     0  -3  -1  -2  -3  -2  -3   6  -2  -4  -4  -2  -3  -4  -3   0  -2  -3  -4  -4    0   0   0   0   0   0   0 100   0   0   0   0   0   0   0   0   0   0   0   0  1.08 0.01
   45 E    -1   0   0   2  -4   2   6  -3   0  -4  -3   1  -2  -4  -1   0  -1  -3  -2  -3    0   0   0   0   0   0 100   0   0   0   0   0   0   0   0   0   0   0   0   0  0.78 0.02
   46 C    -1  -4  -3  -4  10  -4  -4  -3  -4  -2  -2  -4  -2  -3  -3  -1  -1  -3  -3  -1    0   0   0   0 100   0   0   0   0   0   0   0   0   0   0   0   0   0   0   0  1.34 0.02

                      K         Lambda
Standard Ungapped    0.1452     0.3216
Standard Gapped      0.0410     0.2670
PSI Ungapped         0.1452     0.3216
PSI Gapped           0.0410     0.2670
