
Last position-specific scoring matrix computed, weighted observed percentages rounded down, information per position, and relative weight of gapless real matches to pseudocounts
            A   R   N   D   C   Q   E   G   H   I   L   K   M   F   P   S   T   W   Y   V   A   R   N   D   C   Q   E   G   H   I   L   K   M   F   P   S   T   W   Y   V
    1 A     4  -2  -2  -2  -1  -1  -1   0  -2   0  -1  -1  -1  -2  -1   1   0  -3  -2   1   85   0   0   0   0   0   0   0   0   0   0   0   0   0   0   0   0   0   0  15  0.37 0.03
    2 N    -1   0   2  -1  -2  -1  -1  -2  -1  -1  -2   0  -1  -3  -2   1   5  -3  -2   0    0   4  13   0   0   0   0   0   0   0   0   7   0   0   0   0  72   0   0   4  0.40 0.04
    3 F    -3  -3  -3  -4  -3  -4  -4  -4  -2   1   0  -4   0   7  -4  -3  -2   0   3   0    0   0   0   0   0   0   0   0   0  11   0   0   0  89   0   0   0   0   0   0  0.80 0.05
    4 E    -1   0   2   4  -3   0   3  -2  -1  -3  -3   0  -2  -3  -2   0   2  -3  -2  -2    0   5   9  32   0   0  28   0   0   0   0   0   0   0   0   0  25   0   0   0  0.43 0.02
    5 I    -1  -3  -4  -4  -1  -3  -3  -4  -4   4   1  -3   1  -1  -3  -2  -1  -3  -2   3    0   0   0   0   0   0   0   0   0  71   0   0   0   0   0   0   0   0   0  29  0.45 0.03
    6 V    -1   2  -1  -2  -2  -1  -1  -3   0   2   0   1   0  -2  -2  -1   2  -3  -1   2    0  15   0   0   0   0   3   0   3  14   3  12   0   0   0   0  20   0   0  29  0.12 0.01
    7 N    -2  -1   7   1  -3   0  -1  -1   0  -4  -4   0  -3  -4  -2   0   0  -4  -3  -3    0   0 100   0   0   0   0   0   0   0   0   0   0   0   0   0   0   0   0   0  0.92 0.06
    8 N    -1   3   4   0  -3   4   1  -2   0  -3  -3   2  -1  -3  -2   0  -1  -3  -2  -3    0  19  35   0   0  36   0   0   0   0   0  10   0   0   0   0   0   0   0   0  0.48 0.03
    9 C    -1  -4  -3  -4   9  -3  -4  -3  -3  -2  -2  -3  -2  -3  -3  -1  -1  -3  -3  -1    0   0   0   0  90   0   0   0   0   0   0   0   0   0   0   0   0   0   0   0  1.29 0.07
   10 P     0  -2  -1  -1  -2   0  -1   2  -2  -3  -3  -1  -2  -3   6   1   1  -3  -3  -2    0   0   0   0   0   4   0  17   0   0   0   0   0   0  45  19  15   0   0   0  0.78 0.03
   11 Y    -2  -2  -3  -4  -3  -2  -3  -4   1  -1  -1  -3  -1   5  -4  -2  -2   2   7  -1    0   0   0   0   0   0   0   0   0   0   0   0   0  26   0   0   0   0  74   0  0.92 0.05
   12 T     0  -1   0  -1  -1  -1  -1  -2  -2  -1  -2  -1  -1  -3  -1   1   5  -3  -2   0    0   0   0   0   0   0   0   0   0   0   0   0   0   0   0   0 100   0   0   0  0.63 0.06
   13 V    -1  -3  -3  -4  -1  -3  -3  -4  -4   3   1  -3   1  -1  -3  -2   0  -3  -2   4    0   0   0   0   0   0   0   0   0  10   0   0   0   0   0   0   0   0   0  90  0.45 0.04
   14 W    -3  -3  -4  -5  -3  -2  -3  -3  -3  -3  -2  -3  -2   0  -4  -3  -3  11   2  -3    0   0   0   0   0   0   0   0   0   0   0   0   0   0   0   0   0  93   0   0  2.43 0.08
   15 A     4  -2  -2  -2  -1  -1  -1   0  -2  -2  -2  -1  -1  -3   4   1   0  -3  -2  -1   79   0   0   0   0   0   0   0   0   0   0   0   0   0  21   0   0   0   0   0  0.56 0.04
   16 A     4  -2  -2  -2  -1  -1  -1   2  -2  -2  -2  -1  -1  -3  -1   1   0  -3  -2  -1   89   0   0   0   0   0   0  11   0   0   0   0   0   0   0   0   0   0   0   0  0.47 0.04
   17 A     4  -2  -1  -2  -1  -1  -1   3  -2  -2  -2  -1  -2  -3  -1   2   0  -3  -2  -1   65   0   0   0   0   0   0  21   0   0   0   0   0   0   0  14   0   0   0   0  0.41 0.03
   18 S     0  -2  -1  -2  -1  -1  -1  -2  -2   1   1  -1   0   0  -2   2   2  -3  -1   1    0   0   0   0   0   0   0   0   0  11  13   0   0   3   0  37  18   0   0  18  0.15 0.02
   19 P    -1  -2  -2  -2  -3  -1  -1  -3  -3  -3  -3   0  -3  -4   8  -1  -1  -4  -3  -3    0   0   0   0   0   0   0   0   0   0   0   5   0   0  95   0   0   0   0   0  2.00 0.06
   20 G     0  -3  -1  -2  -3  -2  -3   6  -3  -4  -4  -2  -3  -4  -3  -1  -2  -3  -4  -4    0   0   0   0   0   0   0 100   0   0   0   0   0   0   0   0   0   0   0   0  1.21 0.05
   21 G     0  -3  -1  -2  -3  -2  -3   6  -3  -4  -4  -2  -3  -4  -3  -1  -2  -3  -4  -4    0   0   0   0   0   0   0 100   0   0   0   0   0   0   0   0   0   0   0   0  1.21 0.05
   22 G     0  -3  -1  -2  -3  -2  -3   6  -3  -4  -4  -2  -3  -4  -3  -1  -2  -3  -4  -4    0   0   0   0   0   0   0 100   0   0   0   0   0   0   0   0   0   0   0   0  1.21 0.05
   23 R    -1   4  -1  -2  -3   1   0  -3  -1   0  -1   2  -1   1  -2  -1  -1  -2  -1   0    0  46   0   0   0   5   0   0   0   5   0  19   0  11   0   0   0   0   0  13  0.32 0.03
   24 R     0   4  -1  -1  -3   4   2  -2   0  -3  -3   2  -1  -3  -2  -1  -1  -3  -2  -3    7  45   0   0   0  33  10   0   0   0   0   5   0   0   0   0   0   0   0   0  0.53 0.04
   25 L    -2  -3  -4  -4  -2  -3  -3  -4  -3   1   4  -3   2   1  -3  -3  -2  -2  -1   1    0   0   0   0   0   0   0   0   0   0  95   0   0   5   0   0   0   0   0   0  0.55 0.04
   26 D     0  -1   3   4  -3   0   2   0  -1  -3  -4   0  -3  -4  -2   0  -1  -4  -3  -3    6   0  26  43   0   0   9   7   0   0   0   5   0   0   0   4   0   0   0   0  0.51 0.03
   27 R     1   3   0  -1  -2   2   0  -1  -1  -3  -2   1  -1  -3   2   2   1  -3  -2  -2    8  24   0   0   0  18   0   0   0   0   0   3   0   0  13  27   7   0   0   0  0.35 0.02
   28 G     0  -2  -1  -2  -3  -2  -2   6  -2  -4  -4   0  -3  -4  -3  -1  -2  -3  -3  -4    0   0   0   0   0   0   0  94   0   0   0   6   0   0   0   0   0   0   0   0  1.09 0.05
   29 Q    -1   0   0  -1  -4   6   2  -1   0  -3  -3   1  -1  -4  -2  -1  -1  -3  -2  -3    0   0   0   0   0  87   9   5   0   0   0   0   0   0   0   0   0   0   0   0  0.78 0.07
   30 T     0  -1   1  -1  -1  -1  -1  -1  -1  -2  -2  -1  -1  -3  -1   3   4  -3  -2  -1    0   0   4   0   0   0   0   0   0   0   0   0   0   0   0  48  48   0   0   0  0.46 0.05

                      K         Lambda
Standard Ungapped    0.1354     0.3181
Standard Gapped      0.0445     0.2670
PSI Ungapped         0.1453     0.3200
PSI Gapped           0.0445     0.2670
