
Last position-specific scoring matrix computed, weighted observed percentages rounded down, information per position, and relative weight of gapless real matches to pseudocounts
            A   R   N   D   C   Q   E   G   H   I   L   K   M   F   P   S   T   W   Y   V   A   R   N   D   C   Q   E   G   H   I   L   K   M   F   P   S   T   W   Y   V
    1 A     3  -2  -3  -3  -1  -2  -2  -1  -3   1  -1  -2   0  -2  -2   0   0  -3  -2   3   55   0   0   0   0   0   0   0   0   0   0   0   0   0   0   0   0   0   0  45  0.32 0.05
    2 T    -1  -2  -1  -2  -2  -1  -2  -2  -2  -1  -2  -1  -1  -3  -2   1   6  -3  -2  -1    0   0   0   0   0   0   0   0   0   0   0   0   0   0   0   0 100   0   0   0  0.79 0.10
    3 C    -1  -4  -4  -5  10  -4  -5  -3  -4  -2  -2  -4  -2  -3  -4  -2  -2  -3  -3  -2    0   0   0   0 100   0   0   0   0   0   0   0   0   0   0   0   0   0   0   0  1.89 0.13
    4 D    -2  -2   1   7  -4  -1   1  -2  -2  -4  -5  -1  -4  -4  -2  -1  -2  -5  -4  -4    0   0   0 100   0   0   0   0   0   0   0   0   0   0   0   0   0   0   0   0  1.26 0.10
    5 L    -1  -3  -4  -4  -2  -3  -3  -4  -3   2   4  -3   1   0  -3  -2  -1  -2  -2   2    6   0   0   0   0   0   0   0   0  11  66   0   0   0   0   0   0   0   0  17  0.41 0.05
    6 F    -1  -3  -4  -4  -2  -3  -3  -4  -3   1   5  -3   2   1  -3  -3  -2  -2  -1   0    5   0   0   0   0   0   0   0   0   0  90   0   0   5   0   0   0   0   0   0  0.54 0.06
    7 S     1  -1   0  -1  -2  -1  -1   1  -2  -3  -3  -1  -2  -3  -1   5   1  -3  -2  -2    0   0   0   0   0   0   0   7   0   0   0   0   0   0   0  93   0   0   0   0  0.63 0.09
    8 F    -1  -2  -2  -2  -2  -2  -2  -2  -1   1   1  -2   1   5  -2  -2  -1   4   2   0    2   2   1   2   1   1   2   2   1   8   7   2   5  46   2   2   2   6   1   6  0.29 0.03
    9 R     0   1   0   0  -2   3   3  -1   0  -2  -2   2  -1  -2  -1   0   0  -2  -1  -2    3   7   2   2   1  19  29   2   1   2   3  13   1   1   2   8   2   0   1   2  0.25 0.02
   10 S     2  -1   0  -1  -1  -1  -1   1  -1   0  -1  -1  -1  -1  -1   2   0  -2  -1   0   22   2   2   2   1   1   2  14   1  13   3   2   1   1   2  26   2   0   1   2  0.11 0.01
   11 K     0   1   0  -1  -2   2   1  -1  -1  -2  -2   4  -1  -2  -1   0   0  -2  -1  -1   10   2   2   2   1  13   2   3   1   2   3  48   1   1   2   2   2   0   1   2  0.24 0.02
   12 W     0  -2  -1  -2  -2  -2  -2   5  -2  -3  -3  -2  -2  -1  -2  -1  -2   8   0  -3    6   1   1   1   0   1   1  52   0   1   1   1   0   1   1   1   1  29   0   1  0.86 0.05
   13 V     0  -2  -2  -2  -1  -2  -2  -2  -2   1   1  -2   0   3  -2  -1   1   3   1   1    6   1   1   1   0   1   1   1   0   9  13   1   0  24   1   1  15   4   1  18  0.14 0.02
   14 T     1  -1   1  -1  -2  -1  -1   3  -1  -2  -2   1  -1  -3  -1   1   2  -3  -2  -1   20   0  10   0   0   0   0  25   0   0   0  12   0   0   0   6  18   0   0   6  0.22 0.02
   15 P     1  -3  -3  -3  -1  -2  -2  -3  -3   2   1  -2   0  -1   2  -1  -1   3  -1   3   17   0   0   0   0   0   0   0   0  14  12   0   0   0  12   0   0   5   0  40  0.26 0.03
   16 N    -2  -1   6   1  -3   0   0   1   0  -4  -4   0  -3  -4  -2   0  -1  -4  -3  -4    0   0  73   5   0   0   6  13   0   0   0   4   0   0   0   0   0   0   0   0  0.71 0.07
   17 H    -2  -1   0   2  -3   0   0  -2   8  -4  -4  -1  -2  -2  -3   1  -2  -3   1  -4    0   0   0  18   0   0   0   0  70   0   0   0   0   0   0  12   0   0   0   0  0.89 0.09
   18 A     3  -1   0  -1  -1  -1  -1  -1  -2  -2  -3  -1  -2  -3  -1   4   1  -3  -2  -2   29   0   0   0   0   0   0   0   0   0   0   0   0   0   0  66   5   0   0   0  0.48 0.07
   19 G     4  -2  -2  -2  -1  -2  -2   2  -2  -1   0  -1  -1  -2  -2   0  -1  -3  -2   0   72   0   0   0   0   0   0  12   0   4  12   0   0   0   0   0   0   0   0   0  0.36 0.06
   20 C    -1  -4  -4  -5  10  -4  -5  -3  -4  -2  -2  -4  -2  -3  -4  -2  -2  -3  -3  -2    0   0   0   0 100   0   0   0   0   0   0   0   0   0   0   0   0   0   0   0  1.89 0.13
   21 A     5  -2  -2  -2  -1  -1  -1   1  -2  -2  -2  -1  -2  -3  -1   1  -1  -3  -2  -1   93   0   0   0   0   0   0   7   0   0   0   0   0   0   0   0   0   0   0   0  0.58 0.08
   22 A     4  -2  -2  -3  -1  -2  -2   0  -2   1   0  -2  -1  -2  -2   0  -1  -3  -2   0   72   0   0   0   0   0   0   5   0  12  11   0   0   0   0   0   0   0   0   0  0.33 0.06
   23 H    -2   1   2  -1  -4   0  -1  -3   9  -4  -4  -1  -2  -2  -3  -1  -2  -3   1  -4    0   6  11   0   0   0   0   0  83   0   0   0   0   0   0   0   0   0   0   0  1.12 0.11
   24 C    -1  -4  -4  -5  10  -4  -5  -3  -4  -2  -2  -4  -2  -3  -4  -2  -2  -3  -3  -2    0   0   0   0 100   0   0   0   0   0   0   0   0   0   0   0   0   0   0   0  1.89 0.13
   25 I    -2  -3  -4  -4  -2  -3  -3  -4  -4   3   4  -3   2   0  -3  -3  -1  -2  -2   2    0   0   0   0   0   0   0   0   0  32  61   0   0   0   0   0   0   0   0   7  0.47 0.05
   26 F     3  -2  -2  -2  -1  -1  -2   0  -2   0   1  -1   0   1  -2   1   0  -2  -1   0   46   0   0   0   0   0   0   5   0   7  16   0   0  10   0  11   6   0   0   0  0.17 0.03
   27 L    -2   3  -2  -2  -3   1  -1  -3   1   1   2   2   2  -1  -2  -1  -1  -3  -1   0    0  24   0   0   0   6   0   0   5  11  26  18  11   0   0   0   0   0   0   0  0.19 0.03
   28 G     0   2  -1  -2  -3  -2  -2   6  -2  -4  -4  -1  -3  -4  -3  -1  -2  -3  -3  -4    0  19   0   0   0   0   0  81   0   0   0   0   0   0   0   0   0   0   0   0  0.94 0.07
   29 N    -2   4   2  -1  -3   0  -1  -2   0  -3  -2   3  -2   1  -2  -1  -1  -1   3  -3    0  33  16   0   0   0   0   0   0   0   0  24   0   5   0   0   0   0  22   0  0.39 0.05
   30 R     0   4  -1  -1  -3   1   0  -2  -1  -3  -3   4  -2  -3  -2   1   0  -3  -2  -2   11  36   0   0   0   0   0   0   0   0   0  39   0   0   0   9   5   0   0   0  0.45 0.05
   31 G     0  -3  -1  -2  -3  -2  -3   7  -3  -5  -4  -2  -3  -4  -3  -1  -2  -3  -4  -4    0   0   0   0   0   0   0 100   0   0   0   0   0   0   0   0   0   0   0   0  1.29 0.09
   32 G     0  -3  -1  -2  -3  -2  -3   7  -3  -5  -4  -2  -3  -4  -3  -1  -2  -3  -4  -4    0   0   0   0   0   0   0 100   0   0   0   0   0   0   0   0   0   0   0   0  1.29 0.09
   33 R     0   3  -1  -2  -3   1  -1  -2   2  -3  -2   0  -2   0  -2   1  -1   0   5  -2    4  26   0   0   0   7   0   0   5   0   0   0   0   0   0  22   0   0  37   0  0.38 0.05
   34 C    -1  -4  -4  -5  10  -4  -5  -3  -4  -2  -2  -4  -2  -3  -4  -2  -2  -3  -3  -2    0   0   0   0 100   0   0   0   0   0   0   0   0   0   0   0   0   0   0   0  1.89 0.13
   35 V    -1   1   5   0  -3   2   2  -2   0  -2  -3   1  -2  -3  -2   0  -1  -4  -2  -1    0   6  45   0   0  11  15   0   0   0   0  11   0   0   0   0   0   0   0  11  0.38 0.05
   36 G    -1   1   3   1  -3   1   0   2  -1  -1  -3   3  -2  -3  -2   0  -1  -4  -3  -2    0   4  29   9   0   5   0  17   0   7   0  31   0   0   0   0   0   0   0   0  0.31 0.04
   37 T     2   0  -1  -2  -2  -1  -1   4  -2  -3  -3   0  -2  -3  -2   1   2  -3  -3  -2   23   5   0   0   0   0   0  40   0   0   0   8   0   0   0   7  18   0   0   0  0.38 0.04
   38 V    -1  -3  -4  -4  -1  -3  -3  -4  -4   3   1  -3   0  -1  -3  -2  -1  -3  -2   5    0   0   0   0   0   0   0   0   0  16   0   0   0   0   0   0   0   0   0  84  0.54 0.07
   39 C    -1  -4  -4  -5  10  -4  -5  -3  -4  -2  -2  -4  -2  -3  -4  -2  -2  -3  -3  -2    0   0   0   0 100   0   0   0   0   0   0   0   0   0   0   0   0   0   0   0  1.89 0.13
   40 H    -1  -2   0  -3  -2  -2  -2  -3   3   3   1  -2   0  -1  -3  -2   0  -3  -1   4    0   0   6   0   0   0   0   0  12  15   6   0   0   0   0   0   5   0   0  56  0.26 0.05
   41 C    -1  -4  -4  -5  10  -4  -5  -3  -4  -2  -2  -4  -2  -3  -4  -2  -2  -3  -3  -2    0   0   0   0 100   0   0   0   0   0   0   0   0   0   0   0   0   0   0   0  1.89 0.13
   42 R    -2   7  -1  -2  -4   1  -1  -3  -1  -4  -3   2  -2  -4  -3  -1  -2  -3  -2  -3    0 100   0   0   0   0   0   0   0   0   0   0   0   0   0   0   0   0   0   0  1.10 0.10
   43 K    -2   3   5   0  -4   0   0  -1   0  -4  -3   3  -2  -4  -2   0  -1  -4  -2  -3    0  22  46   0   0   0   0   0   0   0   0  32   0   0   0   0   0   0   0   0  0.54 0.05

                      K         Lambda
Standard Ungapped    0.1420     0.3330
Standard Gapped      0.0418     0.2670
PSI Ungapped         0.1366     0.3053
PSI Gapped           0.0418     0.2670
