
Last position-specific scoring matrix computed, weighted observed percentages rounded down, information per position, and relative weight of gapless real matches to pseudocounts
            A   R   N   D   C   Q   E   G   H   I   L   K   M   F   P   S   T   W   Y   V   A   R   N   D   C   Q   E   G   H   I   L   K   M   F   P   S   T   W   Y   V
    1 K    -1   1  -1  -1  -4   6   1  -2   0  -4  -3   3  -1  -4  -2  -1  -1  -3  -2  -3    0   0   0   0   0  69   0   0   0   0   0  31   0   0   0   0   0   0   0   0  0.83 0.11
    2 K    -1  -1   1   1  -2  -1  -1   3  -2  -1  -1   1  -1  -3  -2   1   1  -3  -3  -2    0   0   7   9   0   0   0  34   0   7   9  17   0   0   0  10   9   0   0   0  0.23 0.04
    3 I    -2  -4  -4  -4  -2  -3  -4  -4  -4   5   1  -3   0  -1  -4  -3  -1  -3  -2   3    0   0   0   0   0   0   0   0   0  77   0   0   0   0   0   0   0   0   0  23  0.69 0.11
    4 N    -1   1   5   0  -3  -1  -1   2   0  -4  -4  -1  -3  -3  -3   1  -1  -3   1  -3    0  11  53   0   0   0   0  19   0   0   0   0   0   0   0  10   0   0   6   0  0.54 0.09
    5 N    -1  -1   6   2  -3  -1   0   0   0  -4  -4  -1  -3  -4  -2   2   0  -4  -3  -3    0   0  64   7   0   0   6   5   0   0   0   0   0   0   0  17   0   0   0   0  0.72 0.10
    6 P     0  -2  -2  -2  -3  -1  -2  -3   1  -3  -3   0  -3   0   7   0  -1  -4  -2  -3    6   0   0   0   0   0   0   0   5   0   0   9   0   6  67   7   0   0   0   0  1.30 0.11
    7 V    -1   0  -3  -4  -2  -2  -3  -4  -3   3   1  -2   0  -1  -3  -2  -1  -3  -2   4    0   9   0   0   0   0   0   0   0  12  10   0   0   0   0   0   0   0   0  69  0.45 0.09
    8 S     1  -2   0  -1  -1  -1  -1  -1  -2  -2  -3  -1  -2  -3  -2   4   4  -3  -2  -1    9   0   0   0   0   0   0   0   0   0   0   0   0   0   0  53  39   0   0   0  0.55 0.10
    9 C    -2  -5  -4  -5  11  -4  -5  -4  -4  -2  -2  -4  -3  -4  -4  -2  -2  -4  -4  -2    0   0   0   0 100   0   0   0   0   0   0   0   0   0   0   0   0   0   0   0  2.22 0.20
   10 L    -2   2  -3  -3   3  -1  -2  -3  -2   1   2  -1   4   0  -3  -2  -1  -2   1   1    0  22   0   0   9   0   0   0   0   6  23   0  22   0   0   0   0   0   9  10  0.24 0.06
   11 R    -1   4  -1  -2  -2   0  -1  -3  -2   0   0   1   2  -2  -2   0   2  -3  -2  -1    0  36   0   0   0   0   0   0   0  11   5   7   9   0   0   9  23   0   0   0  0.27 0.06
   12 K    -2  -1   5   0  -3   0   1  -2   2   0  -3   2  -2  -2  -3   0  -1  -3   1  -2    0   0  54   0   0   0   9   0   5   9   0  15   0   0   0   0   0   0   9   0  0.46 0.09
   13 G    -1   2  -1  -2  -3  -1  -2   6  -2  -4  -4   1  -3  -4  -3  -1  -2  -3  -3  -4    0  16   0   0   0   0   0  72   0   0   0  12   0   0   0   0   0   0   0   0  0.87 0.10
   14 G     1  -3  -1  -2  -3  -2  -3   6  -3  -4  -4  -2  -3  -4  -3  -1  -2  -3  -4  -3   14   0   0   0   0   0   0  86   0   0   0   0   0   0   0   0   0   0   0   0  1.14 0.11
   15 R    -1  -1  -3  -3  -2  -2   0  -4  -3   4   0  -2   0   2  -3   0  -1  -3  -1   2    0   5   0   0   0   0   9   0   0  55   0   0   0  11   0   9   0   0   0  11  0.26 0.07
   16 C    -2  -5  -4  -5  11  -4  -5  -4  -4  -2  -2  -4  -3  -4  -4  -2  -2  -4  -4  -2    0   0   0   0 100   0   0   0   0   0   0   0   0   0   0   0   0   0   0   0  2.22 0.20
   17 W    -2   1  -2  -3  -2   2  -2  -3   2   1   0  -1   1  -1  -3  -2  -2   8   0   1    0   9   0   0   0  14   0   0   7   5   9   0   7   0   0   0   0  27   0  21  0.52 0.08
   18 N    -1   1   0  -2  -3   1  -1   1  -1  -2   0  -1  -1  -1   5  -1  -2  -2   2  -2    0   9   5   0   0   9   0  16   0   0  12   0   0   0  35   0   0   0  15   0  0.52 0.07
   19 R    -1   5  -1  -2  -3   0  -1  -3  -1  -2  -1   2  -1  -3   2   0  -1  -3  -2  -1    0  51   0   0   0   0   0   0   0   0   9  13   0   0  12   9   0   0   0   7  0.45 0.07
   20 C    -2  -5  -4  -5  11  -4  -5  -4  -4  -2  -2  -4  -3  -4  -4  -2  -2  -4  -4  -2    0   0   0   0 100   0   0   0   0   0   0   0   0   0   0   0   0   0   0   0  2.22 0.20
   21 I     0  -2   1  -2  -3  -1  -1  -2  -2   1  -2   0  -2  -3   6   0   0  -4  -3  -1    7   0   9   0   0   0   0   0   0  19   0   9   0   0  46   6   5   0   0   0  0.72 0.08
   22 G    -1   0  -1  -2  -3  -2  -2   6  -3  -4  -4  -2  -3  -4   1  -1   0  -3  -4  -3    0   7   0   0   0   0   0  79   0   0   0   0   0   0   7   0   7   0   0   0  0.96 0.10
   23 N     0   1   2  -1  -2   0  -1   1   1  -2   0   0  -1  -2   1   1   0  -3  -2  -2    7  13  19   0   0   0   0  13   6   0  14   7   0   0   5  10   6   0   0   0  0.14 0.03
   24 T    -2   1  -3  -3  -3  -2  -3  -3  -2   1   1  -2   3   5  -3  -2   0  -1   2   0    0  11   0   0   0   0   0   0   0   9   5   0  17  40   0   0  10   0   7   0  0.36 0.07
   25 R    -2   5  -1  -2  -4   0  -1  -3   4  -3  -1   3  -1  -3  -3  -1  -2  -3  -1  -3    0  57   0   0   0   0   0   0  14   0   9  19   0   0   0   0   0   0   0   0  0.64 0.10
   26 Q    -2   0  -1  -1  -4   6   2  -3  -1  -3  -1   2  -1  -4  -2  -1  -1  -3  -2  -3    0   0   0   0   0  71   6   0   0   0   9  14   0   0   0   0   0   0   0   0  0.75 0.12
   27 I    -2  -3   1  -3  -2  -3  -4   0  -3   5   1  -3   0  -1  -3  -2  -1  -4  -2   2    0   0   9   0   0   0   0   9   0  82   0   0   0   0   0   0   0   0   0   0  0.52 0.11
   28 G    -1  -3  -1  -2  -3  -3  -3   7  -3  -5  -5  -2  -4  -4  -3  -1  -2  -3  -4  -4    0   0   0   0   0   0   0 100   0   0   0   0   0   0   0   0   0   0   0   0  1.44 0.14
   29 S    -1  -2   1  -1  -2  -1  -1  -2   2  -2  -2  -1  -2  -3  -2   2   5  -3  -2  -1    0   0   7   0   0   0   0   0   9   0   0   0   0   0   0  20  65   0   0   0  0.56 0.11
   30 C    -2  -5  -4  -5  11  -4  -5  -4  -4  -2  -2  -4  -3  -4  -4  -2  -2  -4  -4  -2    0   0   0   0 100   0   0   0   0   0   0   0   0   0   0   0   0   0   0   0  2.22 0.20
   31 G    -1  -3   1  -2  -3  -2  -3   5  -2  -2  -1  -2  -2   2  -3  -1  -2  -2  -1  -1    0   0   9   0   0   0   0  64   0   0   6   0   0  16   0   0   0   0   0   5  0.63 0.08
   32 V     0  -2  -1  -2  -2  -1  -2   1   3   0   1  -2   1   1  -2   0   1  -2   0   1    6   0   0   0   0   0   0  16  15   0  17   0   7   9   0   6  11   0   0  14  0.11 0.04
   33 P    -2   3  -2  -2  -3  -1  -2  -1  -2  -3  -3   0  -2   0   6  -1   0  -3  -2  -3    0  26   0   0   0   0   0   5   0   0   0   0   0   7  54   0   9   0   0   0  1.01 0.10
   34 F     0   2  -1  -2  -3   2   0   0  -1  -2  -2   2  -1   2   1   1  -1  -2   0  -2    5  10   0   0   0  19   0   7   0   0   0  20   0  19   5  14   0   0   0   0  0.21 0.05
   35 L    -1  -2  -2  -3  -1  -2  -2  -3  -3   3   2  -2   1  -1  -2  -2   1  -2  -1   3    1   1   1   1   0   1   1   1   0  20  21   1   0   1   1   1   8   0   0  40  0.26 0.04
   36 K    -2   4   1  -1  -4   1   0  -2  -1  -4  -3   5  -2  -4  -2  -1  -1  -4  -3  -3    0  25   9   0   0   0   0   0   0   0   0  66   0   0   0   0   0   0   0   0  0.71 0.11
   37 C    -2  -5  -4  -5  11  -4  -5  -4  -4  -2  -2  -4  -3  -4  -4  -2  -2  -4  -4  -2    0   0   0   0 100   0   0   0   0   0   0   0   0   0   0   0   0   0   0   0  2.22 0.20
   38 C    -2  -5  -4  -5  11  -4  -5  -4  -4  -2  -2  -4  -3  -4  -4  -2  -2  -4  -4  -2    0   0   0   0 100   0   0   0   0   0   0   0   0   0   0   0   0   0   0   0  2.22 0.20
   39 K    -2   5  -1  -2  -4   1   0  -3  -1  -4  -3   5  -2  -4  -2  -1  -2  -4  -3  -3    0  35   0   0   0   0   0   0   0   0   0  65   0   0   0   0   0   0   0   0  0.82 0.11
   40 R    -1   5  -1  -1  -4   1   0  -2  -1  -3  -3   4  -2  -3  -2  -1  -1  -3  -2  -3    0  47   0   0   0   0   0   0   0   0   0  53   0   0   0   0   0   0   0   0  0.68 0.05
   41 K    -1   2  -1  -1  -4   1   1  -2  -1  -3  -3   6  -2  -4  -1  -1  -1  -4  -2  -3    0   0   0   0   0   0   0   0   0   0   0 100   0   0   0   0   0   0   0   0  0.70 0.06

                      K         Lambda
Standard Ungapped    0.1439     0.3279
Standard Gapped      0.0445     0.2670
PSI Ungapped         0.1454     0.3182
PSI Gapped           0.0445     0.2670
