
Last position-specific scoring matrix computed, weighted observed percentages rounded down, information per position, and relative weight of gapless real matches to pseudocounts
            A   R   N   D   C   Q   E   G   H   I   L   K   M   F   P   S   T   W   Y   V   A   R   N   D   C   Q   E   G   H   I   L   K   M   F   P   S   T   W   Y   V
    1 G     0  -3  -1  -2  -3  -2  -3   6  -2  -4  -4  -2  -3  -4  -3   0  -2  -3  -4  -4    0   0   0   0   0   0   0 100   0   0   0   0   0   0   0   0   0   0   0   0  1.07 0.01
    2 K    -1   4   3   0  -4   1   0  -2   0  -3  -3   3  -2  -3  -2   0  -1  -4  -2  -3    0  43  30   0   0   0   0   0   0   0   0  27   0   0   0   0   0   0   0   0  0.47 0.01
    3 R    -1   4   0  -1  -4   1   1  -2  -1  -3  -3   5  -2  -4  -2   0  -1  -3  -2  -3    0  27   0   0   0   0   0   0   0   0   0  73   0   0   0   0   0   0   0   0  0.54 0.01
    4 E     2  -1   0   0  -1   0   3  -1  -1  -3  -3   0  -2  -3  -1   3   1  -3  -2  -2   30   0   0   0   0   0  27   0   0   0   0   0   0   0   0  43   0   0   0   0  0.32 0.01
    5 K    -1   0   1   5  -4   1   3  -2  -1  -4  -4   2  -3  -4  -1   0  -1  -4  -3  -3    0   0   0  43   0   0  30   0   0   0   0  27   0   0   0   0   0   0   0   0  0.54 0.01
    6 C    -1  -4  -3  -4  10  -3  -4  -3  -4  -2  -2  -4  -2  -3  -3  -1  -1  -3  -3  -1    0   0   0   0 100   0   0   0   0   0   0   0   0   0   0   0   0   0   0   0  1.30 0.02
    7 L    -2  -2  -2  -1  -3  -1   2  -3  -1   0   2  -1   0   5  -3  -2  -2  -1   1  -1    0   0   0   0   0   0  30   0   0   0  27   0   0  43   0   0   0   0   0   0  0.26 0.01
    8 R    -2   6  -1  -2  -4   1   0  -3   0  -4  -3   2  -2  -3  -3  -1  -1  -3  -2  -3    0 100   0   0   0   0   0   0   0   0   0   0   0   0   0   0   0   0   0   0  0.79 0.01
    9 R    -1   4   0   0  -4   2   3  -2  -1  -3  -3   4  -2  -4  -2   0  -1  -3  -2  -3    0  27   0   0   0   0  30   0   0   0   0  43   0   0   0   0   0   0   0   0  0.48 0.01
   10 N    -1   1   5   1  -3   0   0  -1   0  -3  -3   3  -2  -3  -2   2   0  -4  -2  -3    0   0  48   0   0   0   0   0   0   0   0  30   0   0   0  22   0   0   0   0  0.41 0.01
   11 G     0  -3  -1  -2  -3  -2  -3   6  -2  -4  -4  -2  -3  -4  -3   0  -2  -3  -4  -4    0   0   0   0   0   0   0 100   0   0   0   0   0   0   0   0   0   0   0   0  1.07 0.01
   12 F    -2  -3  -3  -4  -3  -3  -3  -4   0  -1   0  -3   0   6  -4  -3  -2   1   5  -1    0   0   0   0   0   0   0   0   0   0   0   0   0  70   0   0   0   0  30   0  0.72 0.01
   13 C    -1  -4  -3  -4  10  -3  -4  -3  -4  -2  -2  -4  -2  -3  -3  -1  -1  -3  -3  -1    0   0   0   0 100   0   0   0   0   0   0   0   0   0   0   0   0   0   0   0  1.30 0.02
   14 A     4  -2  -1  -2  -1  -1  -1   3  -2  -2  -2  -1  -2  -3  -1   1  -1  -3  -2  -1   70   0   0   0   0   0   0  30   0   0   0   0   0   0   0   0   0   0   0   0  0.42 0.01
   15 F    -3  -3  -4  -4  -3  -4  -4  -4  -2   0   0  -4   0   7  -4  -3  -3   1   3  -1    0   0   0   0   0   0   0   0   0   0   0   0   0 100   0   0   0   0   0   0  0.79 0.01
   16 L    -2  -3  -4  -4  -2  -3  -3  -4  -3   2   5  -3   2   0  -3  -3  -1  -2  -1   1    0   0   0   0   0   0   0   0   0   0 100   0   0   0   0   0   0   0   0   0  0.48 0.01
   17 K    -1   2   0  -1  -4   1   1  -2  -1  -3  -3   5  -2  -4  -1   0  -1  -3  -2  -3    0   0   0   0   0   0   0   0   0   0   0 100   0   0   0   0   0   0   0   0  0.55 0.01
   18 C    -1  -4  -3  -4  10  -3  -4  -3  -4  -2  -2  -4  -2  -3  -3  -1  -1  -3  -3  -1    0   0   0   0 100   0   0   0   0   0   0   0   0   0   0   0   0   0   0   0  1.30 0.02
   19 P     0  -2  -1  -1  -2  -1  -1  -2  -2  -3  -3  -1  -3  -4   7   2   0  -4  -3  -3    0   0   0   0   0   0   0   0   0   0   0   0   0   0  70  30   0   0   0   0  1.32 0.01
   20 T    -1  -2  -1  -2  -2  -1  -2  -2   0  -1  -1  -2  -1   4  -2   1   2   0   4  -1    0   0   0   0   0   0   0   0   0   0   0   0   0  30   0  22  27   0  21   0  0.28 0.00
   21 L    -1  -3  -3  -3  -2  -2  -3  -4  -3   1   3  -2   1   0   5  -2  -1  -2  -2   0    0   0   0   0   0   0   0   0   0   0  70   0   0   0  30   0   0   0   0   0  0.53 0.01
   22 S     0  -2  -1  -2  -1  -1  -1  -2  -2  -1  -1  -1  -1   3  -2   2   3  -1   1  -1    0   0   0   0   0   0   0   0   0   0   0   0   0  30   0  27  43   0   0   0  0.26 0.01
   23 V    -1  -3  -4  -4  -1  -3  -3  -4  -3   2   3  -3   1   0  -3  -2  -1  -3  -1   3    0   0   0   0   0   0   0   0   0   0  43   0   0   0   0   0   0   0   0  57  0.33 0.01
   24 I    -1  -3  -4  -4  -1  -3  -3  -4  -4   4   1  -3   1   0  -3  -3  -1  -3  -2   3    0   0   0   0   0   0   0   0   0  70   0   0   0   0   0   0   0   0   0  30  0.38 0.01
   25 S     1  -1   1   0  -1   0   0   0  -1  -3  -3   0  -2  -3  -1   5   2  -3  -2  -2    0   0   0   0   0   0   0   0   0   0   0   0   0   0   0 100   0   0   0   0  0.48 0.01
   26 G     0  -3  -1  -2  -3  -2  -3   6  -2  -4  -4  -2  -3  -4  -3   0  -2  -3  -4  -4    0   0   0   0   0   0   0 100   0   0   0   0   0   0   0   0   0   0   0   0  1.07 0.01
   27 T    -1   2   0  -1  -3   1   0  -2  -1  -2  -2   5  -1  -3  -1   0   2  -3  -2  -2    0   0   0   0   0   0   0   0   0   0   0  73   0   0   0   0  27   0   0   0  0.38 0.01
   28 C    -1  -4  -3  -4  10  -3  -4  -3  -4  -2  -2  -4  -2  -3  -3  -1  -1  -3  -3  -1    0   0   0   0 100   0   0   0   0   0   0   0   0   0   0   0   0   0   0   0  1.30 0.02
   29 S     1  -1   1   0  -1   0   0   0  -1  -3  -3   0  -2  -3  -1   5   2  -3  -2  -2    0   0   0   0   0   0   0   0   0   0   0   0   0   0   0 100   0   0   0   0  0.48 0.01
   30 R    -2   6  -1  -2  -4   1   0  -3   0  -4  -3   2  -2  -3  -3  -1  -1  -3  -2  -3    0 100   0   0   0   0   0   0   0   0   0   0   0   0   0   0   0   0   0   0  0.79 0.01
   31 F    -3  -3  -4  -4  -3  -4  -4  -4  -2   0   0  -4   0   7  -4  -3  -3   1   3  -1    0   0   0   0   0   0   0   0   0   0   0   0   0 100   0   0   0   0   0   0  0.79 0.01
   32 Q    -2  -1  -1  -2  -3   3   0  -3   5  -2  -1  -1  -1   4  -3  -1  -2   0   4  -2    0   0   0   0   0  27   0   0  21   0   0   0   0  30   0   0   0   0  22   0  0.37 0.01
   33 V    -1  -3  -4  -4  -2  -3  -3  -4  -3   2   3  -3   1   4  -3  -3  -1  -1   1   2    0   0   0   0   0   0   0   0   0   0  43   0   0  30   0   0   0   0   0  27  0.32 0.00
   34 C    -1  -4  -3  -4  10  -3  -4  -3  -4  -2  -2  -4  -2  -3  -3  -1  -1  -3  -3  -1    0   0   0   0 100   0   0   0   0   0   0   0   0   0   0   0   0   0   0   0  1.30 0.02
   35 C    -1  -4  -3  -4  10  -3  -4  -3  -4  -2  -2  -4  -2  -3  -3  -1  -1  -3  -3  -1    0   0   0   0 100   0   0   0   0   0   0   0   0   0   0   0   0   0   0   0  1.30 0.02

                      K         Lambda
Standard Ungapped    0.1434     0.3351
Standard Gapped      0.0410     0.2670
PSI Ungapped         0.1434     0.3351
PSI Gapped           0.0410     0.2670
