
Last position-specific scoring matrix computed, weighted observed percentages rounded down, information per position, and relative weight of gapless real matches to pseudocounts
           A  R  N  D  C  Q  E  G  H  I  L  K  M  F  P  S  T  W  Y  V   A   R   N   D   C   Q   E   G   H   I   L   K   M   F   P   S   T   W   Y   V
    1 T    1 -1  0 -1 -1  0 -1 -1 -1 -2 -2  0 -1 -3 -1  4  3 -3 -2 -1    0   0   0   0   0   0   0   0   0   0   0   0   0   0   0  62  38   0   0   0  0.41 0.01
    2 R   -2  6 -1 -2 -4  1  0 -3  0 -3 -2  2 -2 -3 -2 -1 -1 -3 -2 -3    0 100   0   0   0   0   0   0   0   0   0   0   0   0   0   0   0   0   0   0  0.82 0.02
    3 S    1 -1  1  0 -1  0  0  0 -1 -3 -3  0 -2 -3 -1  4  1 -3 -2 -2    0   0   0   0   0   0   0   0   0   0   0   0   0   0   0 100   0   0   0   0  0.50 0.02
    4 S    2 -1  0 -1 -1 -1 -1  0 -1 -1 -2 -1 -1 -1 -1  3  1 -3 -1  0   29   0   0   0   0   0   0   0   0   0   0   0   0   4   0  56   5   0   0   5  0.29 0.01
    5 R   -1  5  0 -1 -4  1  0 -2 -1 -3 -3  4 -2 -3 -2 -1 -1 -3 -2 -3    0  61   0   0   0   0   0   0   0   0   0  39   0   0   0   0   0   0   0   0  0.62 0.01
    6 A    4 -2 -2 -2 -1 -1 -1  0 -2 -2 -2 -1 -1 -2 -1  1  0 -3 -2  0  100   0   0   0   0   0   0   0   0   0   0   0   0   0   0   0   0   0   0   0  0.45 0.01
    7 G    0 -3 -1 -2 -3 -2 -2  6 -2 -4 -4 -2 -3 -3 -2  0 -2 -3 -3 -4    0   0   0   0   0   0   0 100   0   0   0   0   0   0   0   0   0   0   0   0  1.09 0.01
    8 L   -2 -2 -4 -4 -1 -2 -3 -4 -3  2  4 -3  2  0 -3 -3 -1 -2 -1  1    0   0   0   0   0   0   0   0   0   6  94   0   0   0   0   0   0   0   0   0  0.47 0.01
    9 Q    0  1  0 -1 -3  6  2 -2  0 -3 -2  1 -1 -3 -1  0  1 -2 -2 -2    5   0   0   0   0  83   0   0   0   0   0   0   0   0   0   0  12   0   0   0  0.55 0.02
   10 F   -3 -3 -3 -4 -3 -4 -4 -3 -1  0  0 -3  0  7 -4 -3 -2  1  3 -1    0   0   0   0   0   0   0   0   0   0   0   0   0 100   0   0   0   0   0   0  0.82 0.02
   11 P   -1 -2 -2 -2 -3 -2 -1 -2 -2 -3 -3 -1 -3 -4  8 -1 -1 -4 -3 -3    0   0   0   0   0   0   0   0   0   0   0   0   0   0 100   0   0   0   0   0  2.09 0.02
   12 V    0 -3 -3 -4 -1 -2 -3 -4 -3  3  1 -3  1 -1 -3 -2  0 -3 -1  4    0   0   0   0   0   0   0   0   0   0   0   0   0   0   0   0   0   0   0 100  0.40 0.01
   13 G    0 -3 -1 -2 -3 -2 -2  6 -2 -4 -4 -2 -3 -3 -2  0 -2 -3 -3 -4    0   0   0   0   0   0   0 100   0   0   0   0   0   0   0   0   0   0   0   0  1.09 0.01
   14 R   -2  6 -1 -2 -4  1  0 -3  0 -3 -2  2 -2 -3 -2 -1 -1 -3 -2 -3    0 100   0   0   0   0   0   0   0   0   0   0   0   0   0   0   0   0   0   0  0.82 0.02
   15 V   -1 -3 -3 -3 -1 -3 -3 -4 -3  4  2 -3  1  0 -3 -2 -1 -3 -1  3    0   0   0   0   0   0   0   0   0  52   6   0   0   0   0   0   0   0   0  43  0.36 0.01
   16 H    0 -1  0 -1 -3  0  0  1  8 -3 -3 -1 -2 -2 -2  0 -1 -3  1 -3   11   0   0   0   0   0   0  10  74   0   0   0   0   0   0   5   0   0   0   0  0.62 0.02
   17 R   -2  6 -1 -2 -4  1  0 -3  0 -3 -2  2 -2 -3 -2 -1 -1 -3 -2 -3    0 100   0   0   0   0   0   0   0   0   0   0   0   0   0   0   0   0   0   0  0.82 0.02
   18 L   -2 -2 -3 -3 -2  0 -2 -3  1  1  2 -2  1  4 -3 -2 -2  0  3  0    0   0   0   0   0  10   0   0   4   6  37   0   0  34   0   0   0   0   9   0  0.28 0.01
   19 L   -2 -2 -4 -4 -1 -2 -3 -4 -3  2  4 -3  2  0 -3 -3 -1 -2 -1  1    0   0   0   0   0   0   0   0   0   0 100   0   0   0   0   0   0   0   0   0  0.49 0.01
   20 R   -1  4  0 -1 -4  1  0 -2 -1 -3 -3  4 -2 -3 -2 -1 -1 -3 -2 -3    0  44   0   0   0   0   0   0   0   0   0  56   0   0   0   0   0   0   0   0  0.57 0.01
   21 K   -1  2  2  0 -3  2  1 -2  0 -3 -3  4 -1 -3 -1  0 -1 -3 -2 -3    0   6  19   0   0  15   0   0   0   0   0  61   0   0   0   0   0   0   0   0  0.43 0.01

                      K         Lambda
Standard Ungapped    0.1408     0.3300
Standard Gapped      0.0447     0.2670
PSI Ungapped         0.1461     0.3189
PSI Gapped           0.0447     0.2670
