
Last position-specific scoring matrix computed, weighted observed percentages rounded down, information per position, and relative weight of gapless real matches to pseudocounts
            A   R   N   D   C   Q   E   G   H   I   L   K   M   F   P   S   T   W   Y   V   A   R   N   D   C   Q   E   G   H   I   L   K   M   F   P   S   T   W   Y   V
    1 G     0  -3  -1  -2  -3  -2  -3   7  -3  -5  -4  -2  -3  -4  -3  -1  -2  -3  -4  -4    0   0   0   0   0   0   0 100   0   0   0   0   0   0   0   0   0   0   0   0  1.19 0.05
    2 F    -3  -4  -4  -4  -3  -4  -4  -4  -2  -1   0  -4   0   8  -4  -3  -3   1   3  -1    0   0   0   0   0   0   0   0   0   0   0   0   0 100   0   0   0   0   0   0  1.00 0.06
    3 G     0  -3  -1  -2  -3  -2  -3   7  -3  -5  -4  -2  -3  -4  -3  -1  -2  -3  -4  -4    0   0   0   0   0   0   0 100   0   0   0   0   0   0   0   0   0   0   0   0  1.19 0.05
    4 C    -1  -4  -3  -4  10  -4  -5  -3  -4  -2  -2  -4  -2  -3  -4  -1  -1  -3  -3  -1    0   0   0   0 100   0   0   0   0   0   0   0   0   0   0   0   0   0   0   0  1.63 0.08
    5 P    -1  -3  -3  -2  -4  -2  -2  -3  -3  -4  -4  -2  -3  -4   8  -1  -2  -5  -4  -3    0   0   0   0   0   0   0   0   0   0   0   0   0   0 100   0   0   0   0   0  2.20 0.06
    6 G    -1   0  -2  -2  -2  -2  -2   3  -2   0   2  -2   0   2  -3  -2  -2   4   0  -1    1   8   0   1   0   0   1  28   0   1  32   1   0  16   1   1   1   8   0   1  0.20 0.01
    7 N    -1  -1   6   4  -3   0   0  -1   0  -4  -4  -1  -3  -4  -2   1   0  -4  -3  -3    0   0  63  25   0   0   0   0   0   0   0   0   0   0   0  12   0   0   0   0  0.66 0.04
    8 Q    -1   2   2   0  -4   5   3  -2   0  -4  -3   1  -1  -4  -2   0  -1  -3  -2  -3    0   8  10   0   0  53  29   0   0   0   0   0   0   0   0   0   0   0   0   0  0.58 0.04
    9 L    -1   1   1  -2  -3  -1  -1   2   0  -2   0   1   1   1  -3  -1  -1   0   4  -2    0   8   9   0   0   0   0  20   0   0   8  12  10   0   0   0   0   0  32   0  0.20 0.02
   10 K     1   1  -1   0  -3   4   3  -2  -1  -3  -3   3  -1  -3  -1   0  -1  -3  -2  -2   20   0   0   0   0  28  24   0   0   0   0  28   0   0   0   0   0   0   0   0  0.39 0.03
   11 C    -1  -4  -3  -4  10  -4  -5  -3  -4  -2  -2  -4  -2  -3  -4  -1  -1  -3  -3  -1    0   0   0   0 100   0   0   0   0   0   0   0   0   0   0   0   0   0   0   0  1.63 0.08
   12 N    -2  -1   3  -1  -4   0  -1  -2   8  -4  -4  -1  -2  -2  -3  -1  -2  -3   1  -4    0   0  22   0   0   0   0   0  78   0   0   0   0   0   0   0   0   0   0   0  0.93 0.06
   13 N     0   4   3   0  -3   0   0  -1   0  -3  -3   1  -2  -3  -2   2   0  -3  -2  -3    9  41  27   0   0   0   0   0   0   0   0   0   0   0   0  23   0   0   0   0  0.39 0.03
   14 H    -2  -1   0  -2  -4   0  -1  -3   9  -4  -4  -1  -2  -2  -3  -1  -2  -3   1  -4    0   0   0   0   0   0   0   0 100   0   0   0   0   0   0   0   0   0   0   0  1.25 0.07
   15 C    -1  -4  -3  -4  10  -4  -5  -3  -4  -2  -2  -4  -2  -3  -4  -1  -1  -3  -3  -1    0   0   0   0 100   0   0   0   0   0   0   0   0   0   0   0   0   0   0   0  1.63 0.08
   16 K    -1   4  -1  -1  -3   3   1  -2  -1  -2  -1   3  -1  -3  -2  -1  -1  -3  -2  -2    0  35   0   0   0  25   0   0   0   0   9  31   0   0   0   0   0   0   0   0  0.44 0.03
   17 S     1  -1   0  -1  -1   0  -1  -1  -1  -3  -3  -1  -2  -3  -1   5   2  -3  -2  -2    0   0   0   0   0   0   0   0   0   0   0   0   0   0   0  90  10   0   0   0  0.54 0.05
   18 I    -2  -4  -4  -4  -2  -3  -4  -4  -4   5   1  -3   1  -1  -3  -3  -1  -3  -2   3    0   0   0   0   0   0   0   0   0  88   0   0   0   0   0   0   0   0   0  12  0.51 0.04
   19 S     0   2  -1  -2  -3  -1  -1   4  -2  -3  -3   0  -2  -3   2   1   0  -3  -3  -3    0  20   0   0   0   0   0  51   0   0   0   0   0   0  10   8  10   0   0   0  0.50 0.02
   20 C    -1   4  -1  -2   5  -1  -2   2  -1  -3  -2   0  -2  -1  -3  -1  -2  -2   2  -2    0  45   0   0  22   0   0  21   0   0   0   0   0   0   0   0   0   0  12   0  0.40 0.03
   21 R    -2   5  -1  -2  -4   1   0  -3  -1  -3  -1   3  -1  -3  -2  -1  -1  -3  -2  -2    0  63   0   0   0   0   0   0   0   0   8  29   0   0   0   0   0   0   0   0  0.59 0.04
   22 A     2  -2  -1  -2   3  -2  -2   4  -2  -2  -2  -2  -2   2  -2   1  -1  -2  -1  -2   22   0   0   0  10   0   0  40   0   0   0   0   0  17   0  10   0   0   0   0  0.35 0.02
   23 G     0  -3  -1  -2  -3  -2  -3   7  -3  -5  -4  -2  -3  -4  -3  -1  -2  -3  -4  -4    0   0   0   0   0   0   0 100   0   0   0   0   0   0   0   0   0   0   0   0  1.19 0.05
   24 Y    -2  -2  -2  -3  -3  -2  -3   2   1  -2  -2  -2  -2   3  -3  -2  -2   1   7  -2    0   0   0   0   0   0   0  21   0   0   0   0   0   9   0   0   0   0  70   0  0.73 0.05
   25 C    -1  -4  -3  -4   9  -3  -4  -3  -2  -2  -2  -3  -2  -1  -4  -2  -2  -1   3  -1    0   0   0   0  79   0   0   0   0   0   0   0   0   0   0   0   0   0  21   0  1.19 0.06
   26 D    -1  -1   0   4   5  -1   0  -1  -1  -1  -1  -1  -1  -2  -1   0  -1  -2  -1  -1    3   2   2  37  21   2   3   3   1   2   4   3   1   2   2   3   3   1   1   3  0.26 0.01
   27 A     3  -2  -1  -2  -1  -1  -1   3  -2  -2  -3  -1  -2  -3  -1   2   0  -3  -3  -1   53   0   0   0   0   0   0  30   0   0   0   0   0   0   0  17   0   0   0   0  0.43 0.03
   28 A     1  -3  -1  -2  -2  -2  -2   5  -3  -2  -3  -2  -2  -3   2  -1  -1  -3  -3   0    8   0   0   0   0   0   0  65   0   0   0   0   0   0  12   0   0   0   0  14  0.63 0.03
   29 T    -1  -2  -2  -2  -2  -2  -2  -2  -1   0   0  -2  -1   1   4   0   2   5   2  -1    0   0   0   0   0   0   0   0   0   7   6   0   0   7  20   8  30  10  12   0  0.35 0.02
   30 L    -2  -3  -3  -4  -2  -2  -3  -4   2   3   3  -3   1   1  -3  -3  -1  -2   0   1    0   0   0   0   0   0   0   0  10  26  57   0   0   7   0   0   0   0   0   0  0.32 0.02
   31 W    -2   4  -1  -2  -4   0  -1  -3  -1  -3  -3   3  -2  -2   2  -1  -2   7  -1  -3    0  35   0   0   0   0   0   0   0   0   0  30   0   0  12   0   0  22   0   0  0.66 0.03
   32 L     0  -2  -3  -3  -2   2  -1  -3  -2   1   3  -1   1   2  -3  -2  -1  -2   0   0    9   0   0   0   0  20   0   0   0   0  58   0   0  12   0   0   0   0   0   0  0.23 0.02
   33 R    -1   4   0  -2  -2   0  -1  -2  -1  -2  -2   1  -1  -3  -2   0   4  -3  -2  -1    0  45   0   0   0   0   0   0   0   0   0   0   0   0   0   0  55   0   0   0  0.47 0.04
   34 C    -1  -4  -3  -4  10  -4  -5  -3  -4  -2  -2  -4  -2  -3  -4  -1  -1  -3  -3  -1    0   0   0   0 100   0   0   0   0   0   0   0   0   0   0   0   0   0   0   0  1.63 0.08
   35 T    -1  -1  -1  -2  -2  -1  -1  -2  -2   0  -1   1  -1  -3  -2   1   5  -3  -2   0    0   0   0   0   0   0   0   0   0   8   0  12   0   0   0   0  80   0   0   0  0.44 0.04
   36 C    -1  -4  -3  -4  10  -4  -5  -3  -4  -2  -2  -4  -2  -3  -4  -1  -1  -3  -3  -1    0   0   0   0 100   0   0   0   0   0   0   0   0   0   0   0   0   0   0   0  1.63 0.08
   37 T    -2  -2  -2  -3  -2  -2  -2  -3   1  -2  -1  -2  -1   2  -3  -1   2   1   7  -1    0   0   0   0   0   0   0   0   0   0   0   0   0   0   0   0  27   0  73   0  0.67 0.04
   38 D    -2   5   0   3  -4   0   0   1  -1  -4  -3   1  -2  -3  -2  -1  -1  -3  -2  -3    0  67   0  23   0   0   0  11   0   0   0   0   0   0   0   0   0   0   0   0  0.52 0.02
   39 C    -1  -4  -3  -4  10  -3  -4  -3  -3  -1  -2  -3  -2  -3  -3  -1  -1  -3  -3  -1    0   0   0   0 100   0   0   0   0   0   0   0   0   0   0   0   0   0   0   0  1.26 0.01
   40 N     0  -1   4   0  -2  -1  -1   3   0  -4  -4  -1  -2  -3  -2   2   0  -3  -3  -3    0   0  44   0   0   0   0  34   0   0   0   0   0   0   0  22   0   0   0   0  0.48 0.00
   41 G     0  -3  -1  -2  -3  -2  -2   6  -2  -4  -4  -2  -3  -4  -2   0  -2  -3  -3  -4    0   0   0   0   0   0   0 100   0   0   0   0   0   0   0   0   0   0   0   0  1.06 0.01
   42 K    -1   4   0  -1  -4   1   1  -2  -1  -3  -3   4  -2  -3  -2   0  -1  -3  -2  -3    0  34   0   0   0   0   0   0   0   0   0  66   0   0   0   0   0   0   0   0  0.53 0.00
   43 K    -1   4   0  -1  -4   1   1  -2  -1  -3  -3   4  -2  -3  -2   0  -1  -3  -2  -3    0  34   0   0   0   0   0   0   0   0   0  66   0   0   0   0   0   0   0   0  0.53 0.00

                      K         Lambda
Standard Ungapped    0.1393     0.3260
Standard Gapped      0.0443     0.2670
PSI Ungapped         0.1446     0.3181
PSI Gapped           0.0443     0.2670
