
Last position-specific scoring matrix computed, weighted observed percentages rounded down, information per position, and relative weight of gapless real matches to pseudocounts
           A  R  N  D  C  Q  E  G  H  I  L  K  M  F  P  S  T  W  Y  V   A   R   N   D   C   Q   E   G   H   I   L   K   M   F   P   S   T   W   Y   V
    1 E   -1  0  0  1 -3  2  5 -2  0 -3 -3  1 -2 -3 -1  0 -1 -3 -2 -2    0   0   0   0   0   0   0   0   0   0   0   0   0   0   0   0   0   0   0   0  0.00     0.00
    2 N   -2 -1  6  3 -3  0  0 -1  0 -3 -4  0 -2 -3 -2  0  0 -4 -2 -3    0   0  80  20   0   0   0   0   0   0   0   0   0   0   0   0   0   0   0   0  0.69 0.01
    3 F   -1 -3 -3 -3 -2 -2 -3 -3 -2  2  1 -2  0  3  3 -2 -1 -1  0  2    0   0   0   0   0   0   0   0   0  21   7   0   0  26  21   0   0   0   0  24  0.35 0.01
    4 F   -2 -3 -3 -4 -3 -3 -4 -4 -2  0  1 -3  0  6 -4 -3 -2  1  3 -1    0   0   0   0   0   0   0   0   0   0  10   0   0  90   0   0   0   0   0   0  0.78 0.04
    5 K   -1  2  0 -1 -3  1  1 -2 -1 -3 -3  5 -2 -3 -1  0 -1 -3 -2 -3    0   0   0   0   0   0   0   0   0   0   0 100   0   0   0   0   0   0   0   0  0.63 0.04
    6 E   -1  1  0  1 -4  1  3 -2 -1 -3 -3  4 -2 -3 -1  0 -1 -3 -2 -3    0   0   0   5   0   0  38   0   0   0   0  57   0   0   0   0   0   0   0   0  0.51 0.03
    7 I   -2 -3 -4 -4 -1 -3 -3 -4 -3  4  3 -3  1  0 -3 -3 -1 -2 -1  2    0   0   0   0   0   0   0   0   0  68  32   0   0   0   0   0   0   0   0   0  0.42 0.02
    8 E   -1  0  0  1 -4  2  6 -2  0 -4 -3  1 -2 -4 -1  0 -1 -3 -2 -3    0   0   0   0   0   0 100   0   0   0   0   0   0   0   0   0   0   0   0   0  0.84 0.04
    9 R   -1  4  0 -1 -3  1  0  1 -1 -3 -3  4 -2 -3 -2 -1 -1 -3 -2 -3    0  31   0   0   0   0   0  10   0   0   0  58   0   0   0   0   0   0   0   0  0.49 0.02
   10 A    2 -2 -3 -3 -1 -2 -2 -2 -3  2  0 -2  2 -1 -2 -1  0 -3 -1  3   29   0   0   0   0   0   0   0   0   0   0   0  16   0   0   0   0   0   0  55  0.23 0.02
   11 G    0 -3 -1 -2 -3 -2 -2  6 -2 -2 -3 -2 -2 -3 -2 -1 -2 -3 -3 -1    0   0   0   0   0   0   0  88   0   0   0   0   0   0   0   0   0   0   0  12  0.88 0.03
   12 Q    0  4  0 -1 -3  4  1 -2  0 -3 -2  1 -1 -3 -2  0 -1 -3 -2 -2    7  41   0   0   0  52   0   0   0   0   0   0   0   0   0   0   0   0   0   0  0.56 0.03
   13 R   -2  4  4  0 -3  0  0 -1  1 -3 -3  1 -2 -3 -2  0 -1 -3 -2 -3    0  48  48   0   0   0   0   0   4   0   0   0   0   0   0   0   0   0   0   0  0.56 0.03
   14 I   -1 -3 -3 -3 -1 -2 -3 -3 -3  3  1 -2  1 -1 -3 -2  0 -3 -1  3    0   0   0   0   0   0   0   0   0  41   0   0   0   0   0   0   7   0   0  52  0.35 0.02
   15 R   -2  6 -1 -2 -4  1  0 -3  0 -3 -2  2 -2 -3 -2 -1 -1 -3 -2 -3    0 100   0   0   0   0   0   0   0   0   0   0   0   0   0   0   0   0   0   0  0.88 0.04
   16 D   -2 -2  2  6 -4  0  1 -1 -1 -3 -4 -1 -3 -4 -2  0 -1 -5 -3 -3    0   0   8  92   0   0   0   0   0   0   0   0   0   0   0   0   0   0   0   0  0.97 0.04
   17 A    2 -2 -1 -1 -2 -1 -2  5 -2 -3 -3 -1 -2 -3 -2  1 -1 -3 -3 -2   33   0   0   0   0   0   0  57   0   0   0   0   0   0   0  10   0   0   0   0  0.58 0.02
   18 I   -1 -3 -3 -3 -1 -3 -3 -4 -3  4  2 -3  1  0 -3 -2 -1 -3 -1  3    0   0   0   0   0   0   0   0   0  52   8   0   0   0   0   0   0   0   0  40  0.39 0.02
   19 I   -1 -3 -3 -3 -1 -3 -3 -4 -3  4  1 -3  1  0 -3 -2 -1 -3 -2  3    5   0   0   0   0   0   0   0   0  81   0   0   0   0   0   0   0   0   0  14  0.40 0.03
   20 S    0  1  0 -1 -2  1  0 -1 -1 -3 -3  4 -2 -3 -1  3  0 -3 -2 -2    0   0   0   0   0   0   0   0   0   0   0  57   0   0   0  43   0   0   0   0  0.40 0.03
   21 A    4 -2 -2 -2 -1 -1 -1  0 -2 -2 -2 -1 -1 -2 -1  1  0 -3 -2  0  100   0   0   0   0   0   0   0   0   0   0   0   0   0   0   0   0   0   0   0  0.49 0.03
   22 A    2 -2 -1 -2 -2 -2 -2  5 -2 -3 -3 -2 -2 -3 -2  0 -1 -3 -3 -2   21   0   0   0   0   0   0  79   0   0   0   0   0   0   0   0   0   0   0   0  0.83 0.03
   23 P   -1 -2 -2 -2 -3 -1 -1 -2 -2 -3 -3 -1 -3 -4  8 -1 -1 -4 -3 -2    0   0   0   0   0   0   0   0   0   0   1   0   0   0  95   0   0   0   0   0  1.97 0.04
   24 A    4 -2 -2 -2 -1 -1 -1  0 -2 -2 -2 -1 -1 -2 -1  1  0 -3 -2  0  100   0   0   0   0   0   0   0   0   0   0   0   0   0   0   0   0   0   0   0  0.49 0.03
   25 V   -1 -3 -3 -3 -1 -3 -3 -4 -3  4  1 -3  1 -1 -3 -2 -1 -3 -1  4    0   0   0   0   0   0   0   0   0  49   0   0   0   0   0   0   0   0   0  51  0.40 0.02
   26 E    3  0 -1  2 -2  1  2  0 -1 -2 -2  0 -1 -3 -1  1  0 -3 -2 -1   49   7   0  16   0   7  14   3   0   0   0   0   0   0   0   0   4   0   0   0  0.25 0.01
   27 T    0 -2 -2 -3 -1 -2 -2 -3 -3  2  0 -2  0 -1 -2  0  3 -3 -2  3    0   0   0   0   0   0   0   0   0   0   0   0   0   0   0   0  33   0   0  67  0.30 0.03
   28 L   -1 -3 -3 -4 -1 -2 -3 -4 -3  2  3 -3  1  0 -3 -2 -1 -2 -1  3    0   0   0   0   0   0   0   0   0   4  51   0   0   0   0   0   0   0   0  44  0.36 0.02
   29 A    2 -1 -1 -2 -2 -1 -2  5 -2 -3 -3  0 -2 -3 -2  0 -1 -3 -3 -2   24   0   0   0   0   0   0  66   0   0   0  10   0   0   0   0   0   0   0   0  0.64 0.02
   30 Q    0  1  0  0 -3  5  2 -2  0 -3 -2  2 -1 -3 -1  0  0 -2 -2 -2   11   0   0   0   0  59   8   0   0   0   0  16   0   0   0   4   4   0   0   0  0.46 0.03
   31 A    4 -2 -1 -2 -1 -1 -1  0 -2 -2 -2 -1 -1 -2 -1  2  0 -3 -2  0   90   0   0   0   0   0   0   0   0   0   0   0   0   0   0  10   0   0   0   0  0.45 0.03
   32 Q    1  1  0 -1 -2  2  0 -1 -1 -2 -2  3 -1 -3 -1  0  2 -3 -2 -1   15   0   3   0   0  14   0   0   0   0   0  41   0   0   0   0  26   0   0   0  0.28 0.02
   33 K    3 -1 -1 -1 -1  0 -1  0 -1 -2 -2  0 -1 -3 -1  2  1 -3 -2 -1   66   0   0   0   0   4   0   0   0   0   0   6   0   0   0  19   5   0   0   0  0.33 0.02
   34 I   -1 -3 -4 -4 -1 -3 -3 -4 -3  3  3 -3  2  0 -3 -3 -1 -2 -1  2    0   0   0   0   0   0   0   0   0  35  56   0   0   0   0   0   0   0   0  10  0.39 0.01
   35 I    2 -2 -1 -2 -2 -2 -2  4 -2 -1 -2 -1 -2 -3 -2  0 -1 -3 -3 -1   39   0   0   0   0   0   0  53   0   8   0   0   0   0   0   0   0   0   0   0  0.50 0.02
   36 K   -1  3  0 -1 -3  2  1 -2 -1 -3 -3  4 -1 -3 -1  1 -1 -3 -2 -2    0  14   0   0   0   9   0   0   0   0   0  66   0   0   0  11   0   0   0   0  0.46 0.02
   37 G    0 -2 -1 -1 -3 -2 -2  6 -2 -4 -4 -2 -3 -3 -2  0 -2 -3 -3 -3    0   0   0   0   0   0   0 100   0   0   0   0   0   0   0   0   0   0   0   0  1.08 0.02
   38 G    0 -2  0 -1 -3 -2 -2  6 -2 -4 -4 -2 -3 -3 -2  0 -2 -3 -3 -3    0   0   0   0   0   0   0 100   0   0   0   0   0   0   0   0   0   0   0   0  1.04 0.00
   39 D   -2 -2  1  6 -3  0  1 -1 -1 -3 -3 -1 -3 -3 -1  0 -1 -4 -3 -3    0   0   0   0   0   0   0   0   0   0   0   0   0   0   0   0   0   0   0   0  0.00     0.00

                      K         Lambda
Standard Ungapped    0.1337     0.3170
Standard Gapped      0.0426     0.2670
PSI Ungapped         0.1391     0.3194
PSI Gapped           0.0426     0.2670
