
Last position-specific scoring matrix computed, weighted observed percentages rounded down, information per position, and relative weight of gapless real matches to pseudocounts
            A   R   N   D   C   Q   E   G   H   I   L   K   M   F   P   S   T   W   Y   V   A   R   N   D   C   Q   E   G   H   I   L   K   M   F   P   S   T   W   Y   V
    1 N    -2  -1   6   3  -3   0   0  -1   0  -4  -4   0  -3  -3  -2   0   0  -4  -3  -3    0   0  79  21   0   0   0   0   0   0   0   0   0   0   0   0   0   0   0   0  0.68 0.01
    2 Y    -2  -1  -1  -2  -3  -1  -1  -3   6  -2  -2  -1  -1   2  -3  -1  -2   1   6  -2    0   0   0   0   0   0   0   0  44   0   0   0   0   0   0   0   0   0  56   0  0.69 0.01
    3 Q    -1   3   0  -1  -3   5   2  -2   0  -3  -2   1  -1  -3  -2   0  -1  -2  -2  -3    0  16   0   0   0  84   0   0   0   0   0   0   0   0   0   0   0   0   0   0  0.62 0.01
    4 W    -3  -3  -4  -5  -2  -2  -3  -3  -3  -2   0  -3  -1   1  -4  -3  -3  11   2  -2    0   0   0   0   0   0   0   0   0   0  15   0   0   0   0   0   0  85   0   0  1.92 0.02
    5 V    -1  -3  -3  -3  -1  -2  -3  -3  -3   3   1  -2   3  -1  -3  -2   0  -3  -1   4    0   0   0   0   0   0   0   0   0  15   0   0  18   0   0   0   0   0   0  67  0.31 0.01
    6 P    -1  -2  -1  -1  -3   0   1  -2  -2  -3  -3  -1  -3  -4   7   0  -1  -4  -3  -3    0   0   0   0   0   0  16   0   0   0   0   0   0   0  71  12   0   0   0   0  1.34 0.01
    7 Y    -2  -2  -3  -4  -3  -2  -3  -3   1  -1  -1  -2  -1   5  -3  -2  -2   2   6  -1    0   0   0   0   0   0   0   0   0   0   0   0   0  33   0   0   0   0  67   0  0.76 0.01
    8 Q    -1   0   0   0  -2   4   2  -2   0  -2   0   1   0  -2  -1   1   0  -2  -2  -2    0   0   0   0   0  50  16   0   0   0  15   0   0   0   0  18   0   0   0   0  0.32 0.01
    9 G     0  -2   2  -1  -3  -2  -2   6  -2  -4  -4  -1  -3  -3  -2   0  -1  -3  -3  -3    0   0  15   0   0   0   0  85   0   0   0   0   0   0   0   0   0   0   0   0  0.88 0.01
   10 R    -1   6   0  -2  -4   1   0  -2   0  -3  -2   3  -2  -3  -2  -1  -1  -3  -2  -3    0  82   0   0   0   0   0   0   0   0   0  18   0   0   0   0   0   0   0   0  0.69 0.01
   11 V    -1  -3  -3  -3  -1  -2  -3  -4  -3   3   1  -2   3  -1  -3  -2   0  -3  -1   3    0   0   0   0   0   0   0   0   0  32   0   0  18   0   0   0   0   0   0  50  0.31 0.01
   12 P    -1  -2  -2  -2  -3  -1  -1  -2  -2  -3  -3  -1  -3  -4   8  -1  -1  -4  -3  -3    0   0   0   0   0   0   0   0   0   0   0   0   0   0 100   0   0   0   0   0  2.07 0.02
   13 Y    -2  -2  -2  -3  -3  -2  -2  -3   2  -2  -1  -2  -1   3  -3  -2  -2   2   7  -1    0   0   0   0   0   0   0   0   0   0   0   0   0   0   0   0   0   0 100   0  0.92 0.02
   14 P    -1  -2  -2  -2  -3  -1  -1  -2  -2  -3  -3  -1  -3  -4   8  -1  -1  -4  -3  -3    0   0   0   0   0   0   0   0   0   0   0   0   0   0 100   0   0   0   0   0  2.07 0.02
   15 R    -2   6  -1  -2  -4   1   0  -3   0  -3  -2   2  -2  -3  -2  -1  -1  -3  -2  -3    0 100   0   0   0   0   0   0   0   0   0   0   0   0   0   0   0   0   0   0  0.79 0.01
   16 G    -1  -2  -2  -2  -3  -2  -1   1  -2  -3  -3  -1  -3  -4   8  -1  -1  -4  -3  -3    0   0   0   0   0   0   0  13   0   0   0   0   0   0  87   0   0   0   0   0  1.72 0.01
   17 G     0  -3  -1  -1  -3  -2  -2   6  -2  -4  -4  -2  -3  -3  -2   0  -2  -3  -3  -3    0   0   0   0   0   0   0 100   0   0   0   0   0   0   0   0   0   0   0   0  1.07 0.01
   18 L    -1  -2  -3  -4  -1  -1  -3  -3  -2   1   3  -2   5   0  -3  -2  -1  -2  -1   1    0   0   0   0   0   0   0   0   0   0  50   0  50   0   0   0   0   0   0   0  0.35 0.00
   19 L    -1  -2  -3  -4  -1  -2  -3  -4  -3   2   4  -2   2   0  -3  -2  -1  -2  -1   1    0   0   0   0   0   0   0   0   0   0   0   0   0   0   0   0   0   0   0   0  0.00     0.00
   20 K    -1   2   0  -1  -3   1   1  -2  -1  -3  -2   4  -1  -3  -1   0  -1  -3  -2  -2    0   0   0   0   0   0   0   0   0   0   0   0   0   0   0   0   0   0   0   0  0.00     0.00
   21 L    -1  -2  -3  -4  -1  -2  -3  -4  -3   2   4  -2   2   0  -3  -2  -1  -2  -1   1    0   0   0   0   0   0   0   0   0   0   0   0   0   0   0   0   0   0   0   0  0.00     0.00
   22 L    -1  -2  -3  -4  -1  -2  -3  -4  -3   2   4  -2   2   0  -3  -2  -1  -2  -1   1    0   0   0   0   0   0   0   0   0   0   0   0   0   0   0   0   0   0   0   0  0.00     0.00
   23 K    -1   2   0  -1  -3   1   1  -2  -1  -3  -2   4  -1  -3  -1   0  -1  -3  -2  -2    0   0   0   0   0   0   0   0   0   0   0   0   0   0   0   0   0   0   0   0  0.00     0.00
   24 K    -1   2   0  -1  -3   1   1  -2  -1  -3  -2   4  -1  -3  -1   0  -1  -3  -2  -2    0   0   0   0   0   0   0   0   0   0   0   0   0   0   0   0   0   0   0   0  0.00     0.00
   25 L    -1  -2  -3  -4  -1  -2  -3  -4  -3   2   4  -2   2   0  -3  -2  -1  -2  -1   1    0   0   0   0   0   0   0   0   0   0   0   0   0   0   0   0   0   0   0   0  0.00     0.00
   26 L    -1  -2  -3  -4  -1  -2  -3  -4  -3   2   4  -2   2   0  -3  -2  -1  -2  -1   1    0   0   0   0   0   0   0   0   0   0   0   0   0   0   0   0   0   0   0   0  0.00     0.00
   27 K    -1   2   0  -1  -3   1   1  -2  -1  -3  -2   4  -1  -3  -1   0  -1  -3  -2  -2    0   0   0   0   0   0   0   0   0   0   0   0   0   0   0   0   0   0   0   0  0.00     0.00
   28 K    -1   2   0  -1  -3   1   1  -2  -1  -3  -2   4  -1  -3  -1   0  -1  -3  -2  -2    0   0   0   0   0   0   0   0   0   0   0   0   0   0   0   0   0   0   0   0  0.00     0.00
   29 L    -1  -2  -3  -4  -1  -2  -3  -4  -3   2   4  -2   2   0  -3  -2  -1  -2  -1   1    0   0   0   0   0   0   0   0   0   0   0   0   0   0   0   0   0   0   0   0  0.00     0.00
   30 L    -1  -2  -3  -4  -1  -2  -3  -4  -3   2   4  -2   2   0  -3  -2  -1  -2  -1   1    0   0   0   0   0   0   0   0   0   0   0   0   0   0   0   0   0   0   0   0  0.00     0.00
   31 K    -1   2   0  -1  -3   1   1  -2  -1  -3  -2   4  -1  -3  -1   0  -1  -3  -2  -2    0   0   0   0   0   0   0   0   0   0   0   0   0   0   0   0   0   0   0   0  0.00     0.00
   32 L    -1  -2  -3  -4  -1  -2  -3  -4  -3   2   4  -2   2   0  -3  -2  -1  -2  -1   1    0   0   0   0   0   0   0   0   0   0   0   0   0   0   0   0   0   0   0   0  0.00     0.00

                      K         Lambda
Standard Ungapped    0.1490     0.3236
Standard Gapped      0.0455     0.2670
PSI Ungapped         0.1488     0.3238
PSI Gapped           0.0455     0.2670
