
Last position-specific scoring matrix computed, weighted observed percentages rounded down, information per position, and relative weight of gapless real matches to pseudocounts
            A   R   N   D   C   Q   E   G   H   I   L   K   M   F   P   S   T   W   Y   V   A   R   N   D   C   Q   E   G   H   I   L   K   M   F   P   S   T   W   Y   V
    1 G     0  -3  -1  -2  -3  -2  -2   6  -2  -4  -4  -2  -3  -4  -3   0  -2  -3  -4  -4    0   0   0   0   0   0   0 100   0   0   0   0   0   0   0   0   0   0   0   0  1.09 0.02
    2 L     1  -2   0  -1  -1  -1  -1   0  -2   0  -1  -1  -1  -2  -1   2   3  -3  -2   1    4   0   0   0   0   0   0   4   0   3   5   0   0   0   0  36  32   0   0  17  0.20 0.01
    3 L    -2  -3  -4  -4  -2  -3  -4  -4  -4   5   2  -3   1   1  -3  -3  -1  -3  -1   3    0   0   0   0   0   0   0   0   0  76   5   0   0   6   0   0   2   0   0  12  0.46 0.05
    4 P     1  -2  -2  -2  -3  -2  -1  -2  -3  -3  -3  -1  -3  -4   8   1  -1  -4  -3  -3   10   0   0   0   0   0   0   0   0   0   0   0   0   0  78  12   0   0   0   0  1.57 0.06
    5 C    -1  -4  -4  -5  11  -4  -5  -3  -4  -2  -2  -4  -2  -3  -4  -2  -2  -3  -3  -2    0   0   0   0 100   0   0   0   0   0   0   0   0   0   0   0   0   0   0   0  1.79 0.11
    6 A     2  -3  -1  -2  -2  -2  -2   6  -3  -4  -4  -2  -3  -4  -2   0  -2  -3  -3  -3   22   0   0   0   0   0   0  78   0   0   0   0   0   0   0   0   0   0   0   0  0.90 0.05
    7 E    -1  -1  -1   1  -5   2   6  -3  -1  -4  -4   0  -3  -4  -2  -1  -1  -4  -3  -3    0   0   0   0   0   0 100   0   0   0   0   0   0   0   0   0   0   0   0   0  0.98 0.08
    8 S     1  -1   0  -1  -1  -1  -1  -1  -1  -3  -3  -1  -2  -3  -1   5   2  -4  -2  -2    0   0   0   0   0   0   0   0   0   0   0   0   0   0   0  96   4   0   0   0  0.63 0.07
    9 C    -1  -4  -4  -5  11  -4  -5  -3  -4  -2  -2  -4  -2  -3  -4  -2  -2  -3  -3  -2    0   0   0   0 100   0   0   0   0   0   0   0   0   0   0   0   0   0   0   0  1.79 0.11
   10 V     1  -3  -3  -4  -1  -3  -3  -3  -4   2   0  -3   0  -1  -3  -2   0  -4  -2   5    9   0   0   0   0   0   0   0   0   2   0   0   0   0   0   0   0   0   0  89  0.46 0.06
   11 Y    -3  -3  -3  -4  -3  -3  -3  -4   0  -2  -1  -3   1   4  -4  -3  -3   9   6  -2    0   0   0   0   0   0   0   0   0   0   0   0   5  26   0   0   0  32  38   0  1.10 0.06
   12 I    -2  -4  -4  -4  -2  -3  -4  -5  -4   6   2  -3   1  -1  -4  -3  -1  -3  -2   2    0   0   0   0   0   0   0   0   0  95   5   0   0   0   0   0   0   0   0   0  0.60 0.07
   13 P    -1  -3  -3  -2  -4  -2  -2  -3  -3  -4  -4  -2  -3  -4   8   0  -2  -5  -4  -3    0   0   0   0   0   0   0   0   0   0   0   0   0   0  95   5   0   0   0   0  2.09 0.09
   14 C    -1  -4  -4  -5  11  -4  -5  -3  -4  -2  -2  -4  -2  -3  -4  -2  -2  -3  -3  -2    0   0   0   0 100   0   0   0   0   0   0   0   0   0   0   0   0   0   0   0  1.79 0.11
   15 L    -1  -3  -4  -4  -2  -3  -3  -4  -3   4   2  -3   1   3  -3  -2  -1  -2   0   2    4   0   0   0   0   0   0   0   0  50  15   0   0  16   0   0   0   0   0  16  0.34 0.03
   16 T     0  -1   0  -1  -1  -1  -1  -2  -2  -2  -2  -1  -1  -3  -1   3   5  -3  -2  -1    0   0   0   0   0   0   0   0   0   0   0   0   0   0   0  25  72   0   0   0  0.53 0.06
   17 T     2  -1   0  -1  -1   0   0   1   1  -2  -2   0  -2  -2  -1   3   1  -3  -2  -1   27   0   0   0   0   0   6  11   4   0   1   2   0   0   0  34  12   0   0   1  0.25 0.02
   18 V     1  -2  -3  -3  -1  -2  -2  -2  -3   2   2  -2   1  -1  -2  -1   0  -3  -1   3   19   0   0   0   0   0   0   0   0  17  25   0   2   0   0   0   2   0   0  31  0.20 0.02
   19 I     0  -3  -3  -3  -1  -2  -3  -3  -3   3   2  -2   1   1   1  -2  -1  -2  -1   2   10   0   0   0   0   0   0   0   0  31  20   0   2   5   7   0   0   0   0  24  0.23 0.02
   20 G     0  -3   1  -2  -3  -2  -3   6  -2  -5  -4  -2  -3  -4  -3  -1  -2  -3  -4  -4    0   0   6   0   0   0   0  94   0   0   0   0   0   0   0   0   0   0   0   0  1.15 0.06
   21 C    -1  -4  -4  -5  11  -4  -5  -3  -4  -2  -2  -4  -2  -3  -4  -2  -2  -3  -3  -2    0   0   0   0 100   0   0   0   0   0   0   0   0   0   0   0   0   0   0   0  1.79 0.11
   22 S     1  -1   0  -1  -2   0  -1   0  -1  -3  -3   1  -2  -3  -1   5   2  -3  -2  -2    3   0   0   0   0   0   0   2   0   0   0   9   0   0   1  78   7   0   0   0  0.47 0.06
   23 C    -1  -4  -4  -5  11  -4  -5  -3  -4  -2  -2  -4  -2  -3  -4  -2  -2  -3  -3  -2    0   0   0   0 100   0   0   0   0   0   0   0   0   0   0   0   0   0   0   0  1.79 0.11
   24 K    -1   2   0  -1  -3   1   1  -2  -1  -3  -3   5  -2  -3  -2   1   0  -3  -2  -2    0   6   0   0   0   2   4   0   0   0   0  65   0   0   0  12   6   0   0   4  0.42 0.04
   25 S    -1  -1   5   3  -3   0   0  -1   0  -4  -4   0  -3  -3  -2   3   0  -4  -3  -3    0   0  50  14   0   0   0   0   0   0   0   2   0   0   0  34   0   0   0   0  0.55 0.05
   26 K    -1   2   0  -1  -3   1   0  -2  -1  -3  -3   5  -2  -4  -2   1  -1  -4  -2  -3    0   6   2   0   0   2   0   0   0   0   0  81   0   0   0   9   0   0   0   0  0.59 0.06
   27 V    -1  -1  -3  -4  -1  -1  -2  -4  -3   2   0  -2   0  -1  -3  -2  -1  -3  -2   5    0   4   0   0   0   5   0   0   0   2   0   0   0   0   0   0   0   0   0  89  0.43 0.06
   28 C    -1  -4  -4  -5  11  -4  -5  -3  -4  -2  -2  -4  -2  -3  -4  -2  -2  -3  -3  -2    0   0   0   0 100   0   0   0   0   0   0   0   0   0   0   0   0   0   0   0  1.79 0.11
   29 Y    -2  -2  -3  -4  -3  -2  -3  -4   1  -2  -1  -3  -1   4  -4  -2  -2   2   8  -2    0   0   0   0   0   0   0   0   0   0   0   0   0   8   0   0   0   0  92   0  1.11 0.07
   30 K    -2   3   2   0  -3   1   0  -2   1  -2   0   3   0   0  -2  -1  -1  -3   0  -2    0  27  16   4   0   1   0   0   5   0  14  25   2   4   0   0   0   0   2   0  0.23 0.03
   31 N    -2  -1   7   3  -3   0   0  -1   0  -4  -4  -1  -3  -4  -3   1  -1  -5  -3  -4    0   0  84  13   0   0   0   0   0   0   0   0   0   0   0   3   0   0   0   0  0.85 0.07

                      K         Lambda
Standard Ungapped    0.1409     0.3276
Standard Gapped      0.0410     0.2670
PSI Ungapped         0.1409     0.3276
PSI Gapped           0.0410     0.2670
