
Last position-specific scoring matrix computed, weighted observed percentages rounded down, information per position, and relative weight of gapless real matches to pseudocounts
            A   R   N   D   C   Q   E   G   H   I   L   K   M   F   P   S   T   W   Y   V   A   R   N   D   C   Q   E   G   H   I   L   K   M   F   P   S   T   W   Y   V
    1 F    -3  -3  -4  -4  -3  -4  -4  -4  -2   0   0  -4   0   7  -4  -3  -3   1   3  -1    0   0   0   0   0   0   0   0   0   0   0   0   0 100   0   0   0   0   0   0  0.97 0.05
    2 L    -2  -3  -4  -4  -2  -3  -3  -4  -3   1   4  -3   2   1  -3  -3  -2  -2  -1   1    0   0   0   0   0   0   0   0   0   0  94   0   0   6   0   0   0   0   0   0  0.52 0.03
    3 P    -1  -2  -2  -2  -3  -1  -1  -2  -2  -3  -3  -1  -3  -4   8   1  -1  -4  -3  -3    0   0   0   0   0   0   0   0   0   0   0   0   0   0  82  18   0   0   0   0  1.67 0.05
    4 V     0  -2  -2  -3  -1  -2  -2  -3  -3   2   2  -2   2   0  -2  -1   1  -2  -1   2   10   0   0   0   0   0   0   0   0  26  20   0  11   4   0   0  18   0   0  12  0.18 0.01
    5 L    -1  -3  -4  -4  -1  -3  -3  -4  -3   3   3  -3   1   0  -3  -2  -1  -2  -1   2    6   0   0   0   0   0   0   0   0  37  46   0   0   0   0   0   0   0   0  11  0.34 0.02
    6 A     4  -2  -2  -2  -1  -1  -2  -1  -2   0   1  -1   0  -2  -1   0   0  -3  -2   0   76   0   0   0   0   0   0   0   0   6  18   0   0   0   0   0   0   0   0   0  0.30 0.03
    7 G     0  -1   2  -1  -2  -1  -1   5  -2  -4  -4   0  -3  -3  -2   2  -1  -3  -3  -3    0   0  12   0   0   0   0  60   0   0   0   6   0   0   0  22   0   0   0   0  0.61 0.03
    8 I    -1  -3  -3  -4  -1  -2  -3  -4  -3   3   3  -3   2   0  -3  -2  -1  -2  -1   3    0   0   0   0   0   0   0   0   0  14  41   0  10   0   0   0   0   0   0  35  0.34 0.02
    9 A     5  -2  -2  -2  -1  -1  -1   0  -2  -2  -2  -1  -1  -3  -1   1   0  -3  -2   0  100   0   0   0   0   0   0   0   0   0   0   0   0   0   0   0   0   0   0   0  0.53 0.04
   10 A     5  -2  -2  -2  -1  -1  -1   0  -2  -2  -2  -1  -1  -3  -1   2   0  -3  -2  -1   88   0   0   0   0   0   0   0   0   0   0   0   0   0   0  12   0   0   0   0  0.47 0.04
   11 K    -1   1   4   0  -3   1   0  -1   0  -3  -3   4  -2  -4  -2   1   0  -4  -2  -3    0   0  45   0   0   0   0   0   0   0   0  50   0   0   0   5   0   0   0   0  0.49 0.03
   12 V     0  -3  -3  -4  -2  -3  -3  -3  -2   1   2  -3   1   4  -3  -2  -1  -1   1   2    6   0   0   0   0   0   0   0   0   0  19   0   5  36   0   0   0   0   0  34  0.29 0.02
   13 V    -1  -3  -3  -4  -1  -3  -3  -1  -3   2   3  -3   1   1  -3  -2  -1  -2  -1   3    0   0   0   0   0   0   0   5   0  10  44   0   0   7   0   0   0   0   0  33  0.27 0.02
   14 P    -1  -3  -3  -2  -3  -2  -2  -3  -3  -3  -3  -1  -3  -4   8  -1  -2  -4  -4  -3    0   0   0   0   0   0   0   0   0   0   0   0   0   0 100   0   0   0   0   0  2.18 0.06
   15 A     0   1   0  -1  -2   1   0  -1  -1  -2  -3   4  -2  -3  -1   2   2  -3  -2  -2    4   0   0   0   0   0   0   0   0   0   0  57   0   0   0  21  18   0   0   0  0.35 0.03
   16 L    -2  -3  -4  -4  -2  -3  -3  -4  -3   4   3  -3   2   0  -3  -3  -1  -2  -1   2    0   0   0   0   0   0   0   0   0  50  50   0   0   0   0   0   0   0   0   0  0.43 0.03
   17 F    -2  -3  -3  -4  -2  -3  -3  -4  -2   1   1  -3   0   6  -1  -3  -2   0   2   1    0   0   0   0   0   0   0   0   0  11   6   0   0  64   3   0   0   0   0  16  0.49 0.03
   18 C    -1  -4  -3  -4  10  -4  -4  -3  -4  -2  -2  -4  -2  -3  -3  -1  -1  -3  -3  -1    0   0   0   0 100   0   0   0   0   0   0   0   0   0   0   0   0   0   0   0  1.59 0.07
   19 K     2   2  -1  -1  -2   1   0  -1  -1  -2  -1   4  -1  -3  -1   0  -1  -3  -2  -1   25   5   0   0   0   0   0   0   0   0  11  60   0   0   0   0   0   0   0   0  0.29 0.03
   20 I    -2  -3  -4  -4  -2  -3  -4  -4  -4   5   1  -3   1   0  -3  -3  -1  -3  -2   3    0   0   0   0   0   0   0   0   0  90   0   0   0   0   0   0   0   0   0  10  0.50 0.04
   21 T     0  -1   0  -1  -1  -1  -1  -2  -2  -1  -2  -1  -1  -3  -1   2   5  -3  -2  -1    0   0   0   0   0   0   0   0   0   0   0   0   0   0   0  15  85   0   0   0  0.55 0.04
   22 K    -1   2   0  -1  -4   1   1  -2  -1  -3  -3   5  -2  -4  -1  -1  -1  -4  -2  -3    0   5   0   0   0   0   0   0   0   0   0  95   0   0   0   0   0   0   0   0  0.65 0.05
   23 K    -1   2   0  -1  -4   1   1  -2  -1  -3  -3   6  -2  -4  -1  -1  -1  -4  -2  -3    0   0   0   0   0   0   0   0   0   0   0 100   0   0   0   0   0   0   0   0  0.67 0.05
   24 C    -1  -4  -3  -4  10  -4  -4  -3  -4  -2  -2  -4  -2  -3  -3  -1  -1  -3  -3  -1    0   0   0   0 100   0   0   0   0   0   0   0   0   0   0   0   0   0   0   0  1.59 0.07

                      K         Lambda
Standard Ungapped    0.1454     0.3347
Standard Gapped      0.0410     0.2670
PSI Ungapped         0.1454     0.3347
PSI Gapped           0.0410     0.2670
