
Last position-specific scoring matrix computed, weighted observed percentages rounded down, information per position, and relative weight of gapless real matches to pseudocounts
            A   R   N   D   C   Q   E   G   H   I   L   K   M   F   P   S   T   W   Y   V   A   R   N   D   C   Q   E   G   H   I   L   K   M   F   P   S   T   W   Y   V
    1 T     0  -1   0  -1  -1  -1  -1  -2  -2  -1  -1  -1  -1  -2  -1   1   5  -3  -2   0    0   0   0   0   0   0   0   0   0   0   0   0   0   0   0   0 100   0   0   0  0.48 0.00
    2 S     1  -1   0  -1  -1   0  -1  -1   0  -2  -2  -1  -2   0  -1   4   1  -1   3  -2    0   0   0   0   0   0   0   0   0   0   0   0   0   0   0  78   0   0  22   0  0.37 0.02
    3 Y    -2  -2  -2  -4  -3  -2  -2  -4   2  -2  -1  -2  -1   3  -3  -2  -2   2   8  -1    0   0   0   0   0   0   0   0   0   0   0   0   0   0   0   0   0   0 100   0  0.97 0.03
    4 G     0  -3  -1  -2  -3  -2  -2   6  -2  -4  -4  -2  -3  -4  -2   0  -2  -3  -3  -4    0   0   0   0   0   0   0 100   0   0   0   0   0   0   0   0   0   0   0   0  1.09 0.02
    5 N    -2  -1   7   1  -3   0   0  -1   0  -4  -4   0  -3  -3  -2   1   0  -4  -2  -3    0   0 100   0   0   0   0   0   0   0   0   0   0   0   0   0   0   0   0   0  0.81 0.02
    6 G     0  -3  -1  -2  -3  -2  -2   6  -2  -4  -4  -2  -3  -4  -2   0  -2  -3  -3  -4    0   0   0   0   0   0   0 100   0   0   0   0   0   0   0   0   0   0   0   0  1.09 0.02
    7 V    -1  -3  -3  -4  -1  -2  -3  -4  -3   3   2  -3   1  -1  -3  -2   0  -3  -1   4    0   0   0   0   0   0   0   0   0   0  22   0   0   0   0   0   0   0   0  78  0.34 0.01
    8 H    -2  -2  -2  -3  -3  -1  -2  -3   5  -2  -2  -2  -1   3  -3  -2  -2   2   7  -2    0   0   0   0   0   0   0   0  21   0   0   0   0   0   0   0   0   0  79   0  0.80 0.02
    9 C    -1  -4  -3  -4  10  -3  -4  -3  -3  -2  -2  -4  -2  -3  -3  -1  -1  -3  -3  -1    0   0   0   0 100   0   0   0   0   0   0   0   0   0   0   0   0   0   0   0  1.37 0.03
   10 N    -2  -1   7   1  -3   0   0  -1   0  -4  -4   0  -3  -3  -2   1   0  -4  -2  -3    0   0 100   0   0   0   0   0   0   0   0   0   0   0   0   0   0   0   0   0  0.81 0.02
   11 K    -1   1   4   0  -3   1   0  -1   0  -3  -3   4  -2  -3  -2   0  -1  -4  -2  -3    0   0  42   0   0   0   0   0   0   0   0  58   0   0   0   0   0   0   0   0  0.47 0.02
   12 S     0   0   0   0  -2   1   3  -1  -1  -3  -3   2  -2  -3  -1   3   0  -3  -2  -2    0   0   0   0   0   0  37   0   0   0   0  16   0   0   0  47   0   0   0   0  0.39 0.01
   13 K    -1   2   0  -1  -3   1   1  -2  -1  -3  -3   5  -2  -4  -1   0  -1  -3  -2  -3    0   0   0   0   0   0   0   0   0   0   0 100   0   0   0   0   0   0   0   0  0.58 0.02
   14 C    -1  -4  -3  -4  10  -3  -4  -3  -3  -2  -2  -4  -2  -3  -3  -1  -1  -3  -3  -1    0   0   0   0 100   0   0   0   0   0   0   0   0   0   0   0   0   0   0   0  1.37 0.03
   15 W    -3  -3  -4  -5  -3  -2  -3  -3  -3  -3  -2  -3  -2   1  -4  -3  -3  12   2  -3    0   0   0   0   0   0   0   0   0   0   0   0   0   0   0   0   0 100   0   0  2.49 0.04
   16 I     0  -2  -3  -3  -1  -2  -2  -3  -3   3   1  -2   1  -1  -2  -2   0  -2  -1   4    1   1   1   1   0   1   1   1   0  21   1   1   0   1   1   1   1   0   0  67  0.26 0.01
   17 D    -2  -1   5   4  -3   0   1  -1   0  -4  -4  -1  -3  -4  -2   0  -1  -4  -3  -3    0   0  58  42   0   0   0   0   0   0   0   0   0   0   0   0   0   0   0   0  0.69 0.02
   18 V    -1   2  -2  -3  -2  -1  -2  -3  -2   0  -1   1  -1  -1  -3  -2  -1   8   0   2    0  16   0   0   0   0   0   0   0   0   0  16   0   0   0   0   0  34   0  34  0.56 0.01
   19 S     1  -2   3   0  -2  -1  -1   4  -1  -3  -3  -1  -2  -3  -2   2   0  -3  -3  -2   16   0  22   0   0   0   0  42   0   0   0   0   0   0   0  21   0   0   0   0  0.44 0.01
   20 E    -1   0   0   1  -4   3   5  -2   0  -4  -3   1  -2  -4  -1   0  -1  -3  -2  -3    0   0   0   0   0  22  78   0   0   0   0   0   0   0   0   0   0   0   0   0  0.69 0.02
   21 L     3  -2   1  -1  -1  -1  -1  -1  -2  -1   1  -1   0  -2  -2   1   0  -3  -2   0   64   0  16   0   0   0   0   0   0   0  21   0   0   0   0   0   0   0   0   0  0.20 0.01
   22 E    -1   1   0   0  -3   1   2  -2  -1  -3  -3   4  -2  -3  -1   0   1  -3  -2  -2    0   0   0   0   0   0  21   0   0   0   0  64   0   0   0   0  16   0   0   0  0.40 0.01
   23 T    -1   0   0   0  -3   3   3   2  -1  -3  -3   0  -1  -3  -2   0   1  -3  -2  -2    0   0   0   0   0  32  26  22   0   0   0   0   0   0   0   0  21   0   0   0  0.35 0.01
   24 Y     1  -1   3   0  -2   0   2  -1   0  -3  -2   0  -2   0  -2   1   0  -1   3  -2   16   0  26   0   0   0  22   0   0   0   0   0   0   0   0  16   0   0  21   0  0.24 0.01
   25 K    -1  -1  -3  -3  -2  -2  -2  -4  -3   4   1   1   1  -1  -3  -2  -1  -3  -2   2    0   0   0   0   0   0   0   0   0  79   0  21   0   0   0   0   0   0   0   0  0.25 0.01
   26 A     3  -2  -1  -2  -1  -1  -2   2  -2   0  -1  -1  -1  -2  -2   1   1  -3  -2   0   47   0   0   0   0   0   0  22   0  16   0   0   0   0   0   0  16   0   0   0  0.23 0.01
   27 G     0  -1   0  -1  -3  -1  -1   5  -2  -4  -4   1  -3  -3  -2   0  -2  -3  -3  -3    0   0   0   0   0   0   0  78   0   0   0  22   0   0   0   0   0   0   0   0  0.76 0.01
   28 T    -1  -3  -2  -3  -1  -2  -3  -3  -3   4   1  -2   1  -1  -3  -1   2  -3  -2   2    0   0   0   0   0   0   0   0   0  76   0   0   0   0   0   0  24   0   0   0  0.28 0.01
   29 V    -1  -3  -3  -3  -1  -3  -3  -4  -4   3   1  -3   1  -1  -3  -2   0  -3  -1   4    0   0   0   0   0   0   0   0   0  25   0   0   0   0   0   0   0   0   0  75  0.36 0.01
   30 S     0  -2  -1  -2  -1  -2  -2  -2  -2   3   0  -2   0  -1  -2   2   0  -3  -2   3    0   0   0   0   0   0   0   0   0  31   0   0   0   0   0  33   0   0   0  36  0.17 0.00
   31 N     0  -1   5   1  -2   0   0   0   0  -3  -3   0  -2  -3  -2   2   0  -4  -2  -3    0   0  69   0   0   0   0   0   0   0   0   0   0   0   0  31   0   0   0   0  0.53 0.01
   32 P     0  -2  -1  -2  -3  -2  -2   4  -2  -4  -4  -1  -3  -4   6  -1  -1  -3  -3  -3    0   0   0   0   0   0   0  50   0   0   0   0   0   0  50   0   0   0   0   0  1.09 0.00
   33 K    -1   2   0  -1  -3   1   1  -2  -1  -3  -3   5  -2  -3  -1   0  -1  -3  -2  -3    0   0   0   0   0   0   0   0   0   0   0 100   0   0   0   0   0   0   0   0  0.52 0.00
   34 D    -2  -2   1   6  -3   0   2  -1  -1  -3  -4  -1  -3  -4  -1   0  -1  -4  -3  -3    0   0   0   0   0   0   0   0   0   0   0   0   0   0   0   0   0   0   0   0  0.00     0.00
   35 I    -1  -3  -3  -3  -1  -3  -3  -4  -3   4   2  -3   1   0  -3  -2  -1  -3  -1   3    0   0   0   0   0   0   0   0   0   0   0   0   0   0   0   0   0   0   0   0  0.00     0.00
   36 L    -1  -2  -3  -4  -1  -2  -3  -4  -3   2   4  -2   2   0  -3  -2  -1  -2  -1   1    0   0   0   0   0   0   0   0   0   0   0   0   0   0   0   0   0   0   0   0  0.00     0.00
   37 W    -3  -3  -4  -4  -2  -2  -3  -3  -2  -3  -2  -3  -1   1  -4  -3  -2  11   2  -3    0   0   0   0   0   0   0   0   0   0   0   0   0   0   0   0   0   0   0   0  0.00     0.00

                      K         Lambda
Standard Ungapped    0.1305     0.3128
Standard Gapped      0.0401     0.2670
PSI Ungapped         0.1311     0.3160
PSI Gapped           0.0401     0.2670
