
Last position-specific scoring matrix computed, weighted observed percentages rounded down, information per position, and relative weight of gapless real matches to pseudocounts
            A   R   N   D   C   Q   E   G   H   I   L   K   M   F   P   S   T   W   Y   V   A   R   N   D   C   Q   E   G   H   I   L   K   M   F   P   S   T   W   Y   V
    1 R    -2   6  -1  -2  -5   2  -1  -3  -1  -4  -3   3  -2  -4  -3  -2  -2  -4  -3  -4    0  71   0   0   0   7   0   0   0   0   0  22   0   0   0   0   0   0   0   0  1.08 0.19
    2 V    -1  -2  -1   1  -2  -1   0  -3   1   2   0   0   1  -2  -3  -1   4  -3  -2   1    0   0   0   8   0   0   5   0   4  13   8   5   6   0   0   0  41   0   0  10  0.26 0.12
    3 C    -2  -6  -5  -6  11  -5  -6  -5  -5  -3  -3  -5  -4  -5  -5  -3  -3  -5  -5  -3    0   0   0   0 100   0   0   0   0   0   0   0   0   0   0   0   0   0   0   0  2.96 0.42
    4 R    -1   3  -1  -1  -4   2   3  -3  -1  -3  -2   4   2  -4  -2  -1  -1  -4  -3  -3    2  18   0   0   0   6  27   0   0   0   2  34   8   0   0   0   2   0   0   0  0.54 0.15
    5 R     2   1  -1  -2  -2   0  -1  -1  -2  -2  -3   1  -2  -3  -2   3   3  -4  -3   0   15   8   0   0   0   2   0   2   0   0   0   7   0   0   0  35  23   0   0   8  0.35 0.13
    6 R    -2   3  -1   0  -4   4   2  -3  -1  -4  -2   3  -2  -4   3  -1  -2  -4  -3  -3    0  17   0   3   0  22  16   0   0   0   4  20   0   0  17   2   0   0   0   0  0.55 0.14
    7 S     0  -2  -1  -2   4  -1  -2  -2  -2  -4  -4   0  -3  -4  -2   6   0  -4  -3  -3    0   0   0   0   9   0   0   0   0   0   0   6   0   0   0  81   0   0   0   0  0.89 0.24
    8 A     0  -1   2   0  -3   0   0  -1   6  -3  -1   1   0  -3   2  -1  -2  -3  -1  -2   11   0  13   3   0   4   6   4  27   0   6  10   4   0   9   0   0   0   0   0  0.32 0.11
    9 G    -1   3   1  -1  -3  -1  -1   3   0  -3  -2   2  -2  -1  -3  -1   2  -3   0  -3    0  21   5   2   0   0   0  23   3   0   2  17   0   3   0   0  20   0   4   0  0.29 0.11
   10 F    -4  -4  -5  -5  -4  -4  -5  -5  -3  -2  -1  -5  -2   8  -5  -4  -1   7   3  -3    0   0   0   0   0   0   0   0   0   0   0   0   0  73   0   0   5  17   5   0  1.56 0.28
   11 K    -1   2   0   0  -3   1   0  -2   3  -3  -3   4  -2  -3   1   0  -1  -4  -2  -1    0   8   2   6   0   2   4   0   9   0   1  48   0   0   6   7   0   0   0   5  0.43 0.13
   12 G    -1  -4  -2  -3  -4  -3  -4   7  -3  -5  -5  -3  -4  -4  -4   0  -3  -4  -1  -5    0   0   0   0   0   0   0  91   0   0   0   0   0   0   0   6   0   0   3   0  1.52 0.26
   13 V     1   0  -2  -3  -2  -2  -2  -3   1   1   1  -1   2  -1   3  -1   0  -3   1   1   15   6   0   0   0   0   0   0   5   9  18   2   7   0  16   0   4   0   5  12  0.19 0.07
   14 C    -2  -6  -5  -6  11  -5  -6  -5  -5  -3  -3  -5  -4  -5  -5  -3  -3  -5  -5  -3    0   0   0   0 100   0   0   0   0   0   0   0   0   0   0   0   0   0   0   0  2.96 0.42
   15 M    -2  -3  -2  -4  -2  -3  -3  -2  -3   3   2  -3   2   3  -3  -2   1  -2  -1   2    0   0   2   0   0   0   0   3   0  18  25   0   6  15   0   0  10   0   0  21  0.30 0.10
   16 S    -1   2   3  -1  -3  -1  -1  -1   0  -1  -3   0  -2  -3  -2   4   1  -4  -3  -2    0  14  18   0   0   0   0   2   2   6   0   5   0   0   0  45   9   0   0   0  0.42 0.15
   17 D    -2  -1   2   5  -4  -1   1  -2  -2  -4  -4   2  -3  -4  -3   1   0   3  -3  -4    2   0   8  51   0   0   3   0   0   0   0  16   0   0   0  10   4   5   0   0  0.71 0.17
   18 H     0   1   1  -1  -3   1  -1  -2   4  -3  -3   1  -2  -3   1   2   3  -4  -2  -2    7   9   5   2   0   4   0   0  15   0   0  10   0   0   6  14  28   0   0   0  0.33 0.11
   19 N    -2  -2   6   1  -4  -1  -2   0   1  -4  -5  -2  -3  -4   3   0   0  -5  -3  -4    0   0  61   5   0   0   0   5   3   0   0   0   0   0  15   5   6   0   0   0  0.90 0.21
   20 C    -2  -6  -5  -6  11  -5  -6  -5  -5  -3  -3  -5  -4  -5  -5  -3  -3  -5  -5  -3    0   0   0   0 100   0   0   0   0   0   0   0   0   0   0   0   0   0   0   0  2.96 0.42
   21 A     4   1  -2   1  -2   0   0   0  -2  -2  -2   0  -2  -3  -2   0  -1  -4  -3   0   53   8   0   9   0   4   5   4   0   0   0   6   0   0   0   3   0   0   0   9  0.33 0.13
   22 Q     0   0   3  -1  -3   2   0  -2   2  -1  -2   3  -2  -3  -2   1   1  -4  -2  -2    6   3  20   0   0  12   0   0   6   6   3  23   0   0   0  13   8   0   0   0  0.27 0.10
   23 V     1  -3  -3  -4   4  -3  -3  -3  -4   1  -1  -3  -1  -2  -3   0  -1  -4  -3   5   15   0   0   0   9   0   0   0   0   3   0   0   0   0   0  10   0   0   0  63  0.57 0.19
   24 C    -2  -6  -5  -6  11  -5  -6  -5  -5  -3  -3  -5  -4  -5  -5  -3  -3  -5  -5  -3    0   0   0   0 100   0   0   0   0   0   0   0   0   0   0   0   0   0   0   0  2.96 0.42
   25 L    -2   4   0  -1  -3   2   0  -3   3   0   0   1   0  -2  -1  -1   0  -3  -2  -2    0  29   4   3   0  15   2   0  11   9  13   6   2   0   2   0   5   0   0   0  0.28 0.11
   26 Q    -1   2   2  -1  -3   3  -1  -1  -1  -3  -3   2  -2  -3   0   1   3  -3   0  -2    0  12  13   0   0  16   0   3   0   0   0  12   0   0   3  12  25   0   4   0  0.32 0.12
   27 E    -1  -2  -2   0  -5   0   7  -4  -2  -5  -4  -1  -4  -4  -3  -2  -2  -4   1  -4    6   0   0   0   0   0  88   0   0   0   0   0   0   0   0   0   0   0   6   0  1.26 0.29
   28 G    -1   0   1   0  -4  -2  -2   5   1  -5  -4   2  -3  -4  -3  -1  -2  -4  -2  -4    0   4   6   4   0   0   0  63   4   0   0  15   0   0   0   2   0   0   2   0  0.81 0.17
   29 Y    -4  -4  -5  -5  -4  -4  -5  -5  -2  -2  -1  -5  -2   8  -5  -4  -4   7   4  -3    0   0   0   0   0   0   0   0   0   0   0   0   0  71   0   0   0  15  14   0  1.59 0.28
   30 G    -1  -2  -1  -1  -3  -2  -2   1  -3  -2  -2  -1   1  -3   5   2   2  -4  -3   0    0   0   2   3   0   0   0  11   0   2   0   3   6   0  29  21  18   0   0   6  0.51 0.13
   31 G     0   1   0   4  -4  -2  -1   5  -2  -4  -4  -2  -4  -4  -3  -1  -1  -4  -4  -4    6   9   4  28   0   0   0  50   0   0   0   0   0   0   0   0   3   0   0   0  0.73 0.16
   32 G    -1  -4  -2  -3  -4  -3  -4   7  -4  -6  -6  -3  -4  -5  -4  -2  -3  -4  -5  -5    0   0   0   0   0   0   0 100   0   0   0   0   0   0   0   0   0   0   0   0  1.80 0.29
   33 N    -2   2   3   2  -4   1   0  -2   4  -3  -4   3  -2  -4  -2   0  -1  -4  -2  -2    0  12  16  14   0   3   2   0  18   0   0  27   0   0   0   5   0   0   0   3  0.45 0.13
   34 C    -3  -6  -5  -6  11  -5  -6  -5  -5  -3  -3  -5  -4  -5  -5  -3  -3  -5  -5  -3    0   0   0   0 100   0   0   0   0   0   0   0   0   0   0   0   0   0   0   0  3.00 0.43
   35 D    -1   2   1   3  -3   1   0  -2   3  -2  -3   1  -2  -3  -2   1  -1  -4  -2  -1    0  12   4  25   0   5   0   0  12   3   0  11   0   0   0  16   0   0   0   8  0.30 0.10
   36 G    -1  -1  -2  -2  -4  -2  -2   6   0  -4  -2   1  -3  -1   0  -1  -2  -3  -3  -4    2   2   0   0   0   0   0  64   3   0   4  13   0   4   4   3   0   0   0   0  0.75 0.17
   37 I    -1  -3  -3  -4  -2  -3  -3  -4   1   3   1  -3   0   4   0  -3  -2  -2   1   2    5   0   0   0   0   0   0   0   4  28  10   0   0  30   5   0   0   0   3  13  0.38 0.12
   38 M    -2   3  -2  -2  -3   0   0  -1   2  -1   2   0   1   1  -3  -1   0  -2  -1  -1    0  25   0   0   0   2   6   5   7   0  25   0   5   9   0   4   8   0   0   2  0.15 0.08
   39 R    -3   7   0  -3  -5  -1  -2  -2  -2  -4  -2   1  -3   0  -3  -2  -3  -4  -3  -4    0  84   3   0   0   0   0   2   0   0   3   0   0   4   0   0   0   0   0   0  1.22 0.26
   40 Q    -2   6  -2  -2  -4   2  -1  -3   0  -4  -3   3  -2  -4  -3  -2  -2  -4  -3  -4    0  66   0   0   0   8   0   0   2   0   0  20   0   0   0   0   0   0   0   0  1.03 0.22
   41 C    -3  -6  -5  -6  11  -5  -6  -5  -5  -3  -3  -5  -4  -5  -5  -3  -3  -5  -5  -3    0   0   0   0 100   0   0   0   0   0   0   0   0   0   0   0   0   0   0   0  3.00 0.43
   42 K    -2  -2  -3  -3  -3  -2   0  -4   1   1   1   0   2   4  -3  -2  -2  -1   4   0    0   0   0   0   0   0   8   0   4   8  13  10   8  23   0   0   0   0  20   5  0.34 0.12
   43 C    -3  -6  -5  -6  11  -5  -6  -5  -5  -3  -3  -5  -4  -5  -5  -3  -3  -5  -5  -3    0   0   0   0 100   0   0   0   0   0   0   0   0   0   0   0   0   0   0   0  3.00 0.43
   44 I    -1  -1  -1   0  -2   1   0  -3  -2   1   0  -1   0  -2  -2   1   4  -3   1  -1    0   3   2   4   0   8   3   0   0  10   8   2   2   0   0   7  43   0   6   1  0.27 0.13
   45 R    -2   5  -2  -3  -4   0  -1  -3  -2  -3  -1   5  -2  -4  -3  -2  -1  -4  -3  -3    0  40   0   0   0   0   0   0   0   0   7  50   0   0   0   0   3   0   0   0  0.87 0.21
   46 Q    -1  -1   1   1  -4   2   0  -2   3  -2  -2  -1  -2  -4   5   0  -2  -4  -2  -2    3   2   9   9   0  15   5   2  10   2   3   2   0   0  32   5   0   0   0   3  0.55 0.13
   47 C    -3  -6  -5  -6  11  -5  -6  -5  -5  -3  -3  -5  -4  -5  -5  -3  -3  -5  -5  -3    0   0   0   0 100   0   0   0   0   0   0   0   0   0   0   0   0   0   0   0  3.01 0.43

                      K         Lambda
Standard Ungapped    0.1435     0.3322
Standard Gapped      0.0495     0.2670
PSI Ungapped         0.1619     0.3171
PSI Gapped           0.0495     0.2670
