
Last position-specific scoring matrix computed, weighted observed percentages rounded down, information per position, and relative weight of gapless real matches to pseudocounts
            A   R   N   D   C   Q   E   G   H   I   L   K   M   F   P   S   T   W   Y   V   A   R   N   D   C   Q   E   G   H   I   L   K   M   F   P   S   T   W   Y   V
    1 E    -2   4   0   4  -4   1   3  -2  -1  -4  -3   1  -2  -4  -2  -1  -1  -4  -3  -3    0  38   0  42   0   0  20   0   0   0   0   0   0   0   0   0   0   0   0   0  0.56 0.02
    2 S     2  -1   0  -1  -1   2   0  -1  -1  -3  -2   0  -1  -3  -1   3   1  -3  -2  -2   21   0   0   0   0  21   0   0   0   0   0   0   0   0   0  58   0   0   0   0  0.36 0.02
    3 D    -3  -2   1   7  -4  -1   1  -2  -2  -4  -5  -1  -4  -4  -2  -1  -2  -5  -4  -4    0   0   0 100   0   0   0   0   0   0   0   0   0   0   0   0   0   0   0   0  1.31 0.11
    4 T    -1  -1   0  -1  -2  -1  -1  -2   5  -2  -2  -1  -2  -3  -2   2   5  -3  -1  -1    0   0   0   0   0   0   0   0  21   0   0   0   0   0   0  18  60   0   0   0  0.52 0.08
    5 V     0  -2  -3  -3  -2  -2  -2  -3  -1   3   1  -1   0   0  -3  -2  -1  -1   3   2    8   0   0   0   0   0   0   0   0  31  13   8   0   0   0   0   0   0  21  19  0.22 0.04
    6 T     2   0   3  -1  -2   2   0  -1  -1  -3  -3   3  -2  -3  -2   0   1  -3  -2  -2   24   0  21   0   0  10   0   0   0   0   0  34   0   0   0   0  11   0   0   0  0.30 0.05
    7 C    -1  -5  -4  -5  11  -4  -5  -4  -4  -2  -2  -4  -2  -3  -4  -2  -2  -3  -3  -2    0   0   0   0 100   0   0   0   0   0   0   0   0   0   0   0   0   0   0   0  1.99 0.14
    8 R    -1   2  -3  -3  -2  -2  -2  -4  -2   2   1  -1   0   3  -3  -2  -1  -2   0   3    0  24   0   0   0   0   0   0   0  11  10   0   0  18   0   0   0   0   0  37  0.23 0.04
    9 K    -1   2   0  -1  -4   5   2  -2   0  -4  -3   3  -1  -4  -2   0  -1  -3  -2  -3    0   8   0   0   0  57  11   0   0   0   0  18   0   0   0   7   0   0   0   0  0.62 0.07
   10 M     0   1   2  -1  -2   0  -1   2  -1  -3  -2   2   1  -3  -2   2   0  -3  -2  -2    0   8  11   0   0   0   0  17   0   0   0  26  11   0   0  27   0   0   0   0  0.25 0.04
   11 K    -1   0   4   0  -3   0   0   2   3  -4  -4   3  -2  -3  -2   0  -1  -4  -2  -3    0   0  29   0   0   0   0  21  13   0   0  37   0   0   0   0   0   0   0   0  0.44 0.06
   12 G    -1  -2   5   2  -3  -1  -1   4  -1  -4  -4  -1  -3  -4  -3   0  -1  -4  -3  -4    0   0  44  11   0   0   0  45   0   0   0   0   0   0   0   0   0   0   0   0  0.72 0.07
   13 K     0   0   2  -1  -2   3   0  -2  -1  -1  -2   1  -1  -3  -2   1   3  -3  -2   0    8   0  10   0   0  21   0   0   0   0   0  11   0   0   0  13  29   0   0   8  0.25 0.04
   14 C    -1  -5  -4  -5  11  -4  -5  -4  -4  -2  -2  -4  -2  -3  -4  -2  -2  -3  -3  -2    0   0   0   0 100   0   0   0   0   0   0   0   0   0   0   0   0   0   0   0  1.99 0.14
   15 S    -1   1  -1  -2  -3  -1  -1  -2   6  -2   1  -1  -1  -1  -3   1  -1  -2   2  -2    0  11   0   0   0   0   0   0  36   0  21   0   0   0   0  24   0   0   8   0  0.33 0.06
   16 F    -2  -3  -2  -3  -2  -2  -3  -3   0   1   1  -2   0   4  -3  -2   1   0   5   0    0   0   0   0   0   0   0   0   0  10  11   0   0  24   0   0  18   0  37   0  0.45 0.06
   17 L    -1  -1   1  -1  -2   1  -1  -2  -1   1   0   1   0   2  -2   1   0  -2   0   1    0   0  10   0   0  10   0   0   0   8  11  11   0  16   0  21   0   0   0  13  0.08 0.03
   18 L     2   1   1  -1  -2   2   2  -1  -1  -2   0   1  -1  -3  -2   0  -1  -3  -2  -1   34   8  11   0   0  10  16   0   0   0  11  10   0   0   0   0   0   0   0   0  0.19 0.03
   19 C    -1  -5  -4  -5  11  -4  -5  -4  -4  -2  -2  -4  -2  -3  -4  -2  -2  -3  -3  -2    0   0   0   0 100   0   0   0   0   0   0   0   0   0   0   0   0   0   0   0  1.99 0.14
   20 P    -2   1  -3  -2  -4  -2  -2  -3  -3  -4  -4  -1  -3  -4   8  -2  -2  -5  -4  -3    0  13   0   0   0   0   0   0   0   0   0   0   0   0  87   0   0   0   0   0  1.91 0.11
   21 F     0   1  -3  -4  -2  -2  -3  -3  -1   2  -1  -2  -1   2  -3  -2  -2   8   4   0   13  11   0   0   0   0   0   0   0  21   0   0   0  11   0   0   0  26  18   0  0.57 0.06
   22 F    -2  -3  -3  -4  -3  -3  -3  -4  -1   0   2  -3   0   5   2  -3  -2   0   4  -1    0   0   0   0   0   0   0   0   0   0  26   0   0  46  13   0   0   0  14   0  0.55 0.06
   23 K    -1   0   0  -1  -2   2   0  -2   3  -2   0   1  -1  -1  -2   2   2  -2   1  -1    0   0   0   0   0  18   0   0  11   0  10  11   0   0   0  21  21   0   8   0  0.20 0.04
   24 R    -1   2   1   2  -3   0   0  -2  -1   0   0   1  -1  -1  -2  -1  -1  -2   1   0    0  18  11  18   0   0   0   0   0   8  10  14   0   0   0   0   0   0   8  13  0.12 0.03
   25 S     0  -1  -1   2  -2   1   2  -2  -1   1  -1  -1  -1  -2  -2   2   0  -3  -2   1    0   0   0  13   0  10  18   0   0  14   0   0   0   0   0  26   0   0   0  18  0.18 0.04
   26 S    -1  -2  -2  -2  -2   2  -1  -3  -2   3   0  -1   0  -2  -3   0   0  -3  -2   3    0   0   0   0   0  21   0   0   0  23   0   0   0   0   0  11   0   0   0  45  0.25 0.05
   27 G     0  -3  -1  -2  -3  -2  -2   6  -2  -4  -4  -2  -3  -4  -3   2  -1  -3  -3  -4    0   0   0   0   0   0   0  81   0   0   0   0   0   0   0  19   0   0   0   0  1.00 0.08
   28 T    -1  -2  -1  -2  -2  -1  -2  -2  -3  -1  -2  -1  -1  -3  -2   1   6  -3  -2  -1    0   0   0   0   0   0   0   0   0   0   0   0   0   0   0   0 100   0   0   0  0.85 0.11
   29 C    -1  -5  -4  -5  11  -4  -5  -4  -4  -2  -2  -4  -2  -3  -4  -2  -2  -3  -3  -2    0   0   0   0 100   0   0   0   0   0   0   0   0   0   0   0   0   0   0   0  1.99 0.14
   30 Y    -3   1  -3  -4  -3  -2  -3  -4   1  -2  -2  -2  -2   2  -4  -2  -2   1   8  -2    0  13   0   0   0   0   0   0   0   0   0   0   0   0   0   0   0   0  87   0  1.14 0.11
   31 N    -1   0   2   2  -4   0   2   3   2  -4  -4   2  -2  -4  -2   0  -1  -3  -2  -3    0   0  11  10   0   0  19  27   8   0   0  26   0   0   0   0   0   0   0   0  0.37 0.04
   32 G     0  -2  -1  -2  -3  -2  -2   6  -3  -4  -4   0  -3  -4  -3  -1  -2  -3  -4  -4    0   0   0   0   0   0   0  90   0   0   0  10   0   0   0   0   0   0   0   0  1.11 0.08
   33 L    -1   3  -1  -2  -4   1   0  -2  -1  -2  -1   5  -1  -3  -2  -1  -1  -3  -2  -2    0  18   0   0   0   0   0   0   0   0  11  71   0   0   0   0   0   0   0   0  0.56 0.07
   34 A     3  -2  -2  -2  -2  -2  -2   4  -2  -2   0  -2  -1  -3  -2   0  -1  -3  -3  -1   40   0   0   0   0   0   0  47   0   0  13   0   0   0   0   0   0   0   0   0  0.49 0.05
   35 K    -1   3  -1  -1  -4   1   0  -2  -1  -4  -3   6  -2  -4  -2  -1  -1  -4  -3  -3    0  10   0   0   0   0   0   0   0   0   0  90   0   0   0   0   0   0   0   0  0.79 0.09
   36 C    -1  -5  -4  -5  11  -4  -5  -4  -4  -2  -2  -4  -2  -3  -4  -2  -2  -3  -3  -2    0   0   0   0 100   0   0   0   0   0   0   0   0   0   0   0   0   0   0   0  1.99 0.14
   37 C    -1  -5  -4  -5  11  -4  -5  -4  -4  -2  -2  -4  -2  -3  -4  -2  -2  -3  -3  -2    0   0   0   0 100   0   0   0   0   0   0   0   0   0   0   0   0   0   0   0  1.99 0.14
   38 R    -1   3  -1  -1  -4   5   1  -2   0  -3  -3   4  -1  -4  -2  -1  -1  -3  -2  -3    0  12   0   0   0  50   0   0   0   0   0  38   0   0   0   0   0   0   0   0  0.62 0.06
   39 P    -1  -2  -2  -1  -3  -1  -1  -2  -2  -3  -3  -1  -3  -4   7  -1  -1  -4  -3  -2    0   0   0   0   0   0   0   0   0   0   0   0   0   0   0   0   0   0   0   0  0.00     0.00
   40 F    -2  -3  -3  -4  -2  -3  -3  -3  -1   0   0  -3   0   6  -4  -2  -2   1   3  -1    0   0   0   0   0   0   0   0   0   0   0   0   0   0   0   0   0   0   0   0  0.00     0.00
   41 W    -3  -3  -4  -4  -2  -2  -3  -3  -2  -3  -2  -3  -1   1  -4  -3  -2  11   2  -3    0   0   0   0   0   0   0   0   0   0   0   0   0   0   0   0   0   0   0   0  0.00     0.00

                      K         Lambda
Standard Ungapped    0.1407     0.3307
Standard Gapped      0.0416     0.2670
PSI Ungapped         0.1360     0.3161
PSI Gapped           0.0416     0.2670
