
Last position-specific scoring matrix computed, weighted observed percentages rounded down, information per position, and relative weight of gapless real matches to pseudocounts
            A   R   N   D   C   Q   E   G   H   I   L   K   M   F   P   S   T   W   Y   V   A   R   N   D   C   Q   E   G   H   I   L   K   M   F   P   S   T   W   Y   V
    1 A     4  -1  -1  -1  -1  -1  -1   0  -2  -2  -2  -1  -1  -3  -1   3   1  -3  -2  -1   64   0   0   0   0   0   0   0   0   0   0   0   0   0   0  36   0   0   0   0  0.36 0.01
    2 I    -1  -3  -2  -3  -2  -2  -3  -3  -3   3   0  -2   3  -2  -3  -1   4  -3  -2   2    0   0   0   0   0   0   0   0   0  19   5   0   9   0   0   0  49   0   0  17  0.48 0.13
    3 C    -2  -6  -5  -6  11  -5  -6  -5  -5  -3  -3  -5  -3  -4  -5  -3  -3  -4  -4  -3    0   0   0   0 100   0   0   0   0   0   0   0   0   0   0   0   0   0   0   0  2.78 0.35
    4 K    -1   3  -1  -1  -4   2   4  -3  -1  -3  -2   3  -1  -4  -2  -1  -1  -4  -3  -3    2  17   0   0   0   7  40   0   0   0   3  26   2   0   0   0   2   0   0   0  0.57 0.13
    5 K     1   1   1  -1  -2   0  -1  -1  -2  -3  -3   1  -2  -3  -2   4   3  -4  -3  -2    9   8   6   0   0   2   0   2   0   0   0   8   0   0   0  42  22   0   0   0  0.40 0.12
    6 P    -2   3  -1   0  -4   4   1  -3  -1  -3  -1   2  -2  -4   4  -1  -2  -4  -3  -3    0  20   0   3   0  24   8   0   0   0  10  13   0   0  19   2   0   0   0   0  0.49 0.12
    7 S     0  -2  -1  -2  -2  -2  -2  -2  -3  -3  -4  -2  -3  -4  -2   6   0  -5  -3  -1    0   0   0   0   0   0   0   0   0   0   0   0   0   0   0  94   0   0   0   6  1.06 0.27
    8 K     0   1   2   1  -3   0  -1  -1   6  -3  -1   1   0  -3  -3  -1  -2  -4  -1  -3   12   6  12   9   0   4   0   4  30   0   7  12   4   0   0   0   0   0   0   0  0.34 0.11
    9 F    -1   3   1   0  -3   0  -1   2   1  -3  -2   2  -2  -1  -2   0   1  -3   0  -3    0  19   6   3   0   0   0  20   4   0   2  19   0   4   0   6  13   0   4   0  0.24 0.08
   10 F    -4  -4  -4  -5  -4  -4  -5  -5  -3  -2  -1  -4  -2   8  -5  -4   0   3   3  -2    0   0   0   0   0   0   0   0   0   0   0   0   0  85   0   0   6   3   6   0  1.48 0.26
   11 K    -2   2   0  -2  -4   1  -1  -3   2  -3  -3   5  -2  -4   1   0  -2  -4  -2  -1    0  10   2   0   0   3   0   0   7   0   0  60   0   0   6   7   0   0   0   5  0.61 0.16
   12 G    -1  -4  -2  -3  -4  -3  -4   7  -3  -5  -5  -3  -4  -4  -4  -2  -3  -4  -1  -5    0   0   0   0   0   0   0  96   0   0   0   0   0   0   0   0   0   0   4   0  1.62 0.25
   13 A     1  -2  -3  -3  -2  -2  -2  -3   1   1   2  -1   2  -1   4  -1   0  -2   1   1   17   0   0   0   0   0   0   0   6   6  21   2   9   0  19   0   5   0   6   8  0.27 0.08
   14 C    -2  -6  -5  -6  11  -5  -6  -5  -5  -3  -3  -5  -3  -5  -5  -3  -3  -4  -5  -3    0   0   0   0 100   0   0   0   0   0   0   0   0   0   0   0   0   0   0   0  2.86 0.38
   15 G    -2  -3  -2  -3  -2  -3  -3  -2  -3   2   2  -3   2   3  -3  -2   1  -2   0   2    0   0   2   0   0   0   0   4   0  16  19   0   7  18   0   0  12   0   0  22  0.27 0.09
   16 R    -1   2   2  -1  -3  -1  -1  -1   0  -4  -4   1  -3  -4   1   4   1  -4  -3  -3    0  16  11   0   0   0   0   2   2   0   0   7   0   0   6  50   6   0   0   0  0.47 0.14
   17 D    -2  -2   2   6  -4  -1   1  -2  -2  -4  -4   1  -3  -4  -3   1   0   4  -3  -4    2   0   9  54   0   0   4   0   0   0   0   8   0   0   0  12   5   7   0   0  0.74 0.16
   18 A     0   1   1  -1  -3   1  -1   0   5  -3  -3   0  -2  -3   1   2   2  -4  -1  -2    4  11   6   2   0   4   0   6  19   0   0   4   0   0   6  16  21   0   0   0  0.31 0.10
   19 D    -2  -2   7   1  -4  -1  -2   0  -1  -5  -5  -2  -4  -5   1   1  -1  -5  -4  -4    0   0  75   6   0   0   0   6   0   0   0   0   0   0   6   6   0   0   0   0  1.10 0.23
   20 C    -2  -6  -5  -6  11  -5  -6  -5  -5  -3  -3  -5  -3  -5  -5  -3  -3  -4  -5  -3    0   0   0   0 100   0   0   0   0   0   0   0   0   0   0   0   0   0   0   0  2.86 0.38
   21 E     4   1   1   2  -2   0   0   0  -2  -3  -3   1  -2  -4  -2   0  -1  -4  -3  -2   52  10   6  11   0   4   6   4   0   0   0   7   0   0   0   0   0   0   0   0  0.36 0.12
   22 K    -1   1   3  -1  -3   2   0  -2  -1  -1  -2   3  -2  -3  -2   1   1  -4  -3  -2    0   4  22   0   0  13   0   0   0   7   4  29   0   0   0  15   7   0   0   0  0.33 0.11
   23 A     2  -3  -3  -4  -2  -3  -3  -3   2   1  -1  -3  -1  -2  -3  -1  -1  -4  -2   5   17   0   0   0   0   0   0   0   6   3   0   0   0   0   0   5   0   0   0  69  0.56 0.18
   24 C    -2  -6  -5  -6  11  -5  -6  -5  -5  -3  -3  -5  -3  -5  -5  -3  -3  -4  -5  -3    0   0   0   0 100   0   0   0   0   0   0   0   0   0   0   0   0   0   0   0  2.86 0.38
   25 D    -2   3   0   0  -3   2   1  -3   3   0   0   0   0  -2  -1  -1   0  -3  -2  -1    0  24   4   4   0  13   8   0  12  10  14   0   2   0   3   0   6   0   0   0  0.21 0.09
   26 Q    -1   2   2  -1  -3   3  -1  -2  -1  -3  -3   1  -2  -3  -2   2   3  -3   0  -2    0  13  15   0   0  17   0   0   0   0   0   6   0   0   0  17  27   0   5   0  0.38 0.12
   27 E    -3  -2  -2   0  -6   0   7  -4  -2  -5  -5  -1  -4  -5  -3  -2  -3  -5  -4  -4    0   0   0   0   0   0 100   0   0   0   0   0   0   0   0   0   0   0   0   0  1.56 0.30
   28 N    -1   0   1   0  -4  -2  -2   6   3  -5  -5   0  -3  -4  -3  -1  -2  -4  -1  -4    0   4   7   4   0   0   0  64  11   0   0   6   0   0   0   2   0   0   2   0  0.83 0.16
   29 W    -4  -4  -5  -5  -4  -4  -5  -5  -3  -2   0  -5  -1   8  -5  -4  -4   7   3  -2    0   0   0   0   0   0   0   0   0   0   6   0   0  71   0   0   0  16   7   0  1.46 0.24
   30 P    -1  -3  -1  -1  -3  -2  -2   1  -3  -1  -1  -2  -2  -3   5   2   2  -4  -3   0    0   0   2   3   0   0   0  11   0   2   6   0   0   0  33  18  17   0   0   8  0.54 0.12
   31 G     0   1   1   3  -3  -2  -1   4  -2  -4  -4  -1  -3  -4  -3   0  -1  -4  -4  -3    8  11   4  22   0   0   0  46   0   0   0   0   0   0   0   6   4   0   0   0  0.58 0.12
   32 G    -1  -4  -2  -3  -4  -3  -4   7  -4  -6  -5  -3  -4  -5  -4  -2  -3  -4  -5  -5    0   0   0   0   0   0   0 100   0   0   0   0   0   0   0   0   0   0   0   0  1.76 0.26
   33 V    -2   3   3   2  -4   1   0  -2   3  -3  -3   3  -2  -4  -2   0  -1  -4  -2  -2    0  21  17  12   0   3   2   0   9   0   0  25   0   0   0   6   0   0   0   4  0.42 0.11
   34 C    -3  -6  -5  -6  11  -5  -6  -5  -5  -3  -3  -5  -4  -5  -5  -3  -3  -5  -5  -3    0   0   0   0 100   0   0   0   0   0   0   0   0   0   0   0   0   0   0   0  2.98 0.40
   35 V    -2   3   2   3  -3   0   0  -1   1  -1  -2   2  -2  -3  -2   0  -1  -4  -2  -1    0  20   9  25   0   0   0   3   5   3   4  16   0   0   0   9   0   0   0   8  0.28 0.09
   36 P     0  -1  -1   0  -3   0  -2   5  -3  -3  -4   0  -3  -2   0   0  -2  -4  -3  -2    7   2   0   5   0   4   0  59   0   0   0   6   0   2   4   6   0   0   0   4  0.64 0.13
   37 F    -2  -3  -2  -1  -3  -3  -3  -1   3   2   0  -3  -1   5  -4  -2  -2  -1   2   0    2   0   0   6   0   0   0   6  10  20   5   0   0  39   0   3   0   0   3   5  0.39 0.12
   38 L    -3   7  -2  -3  -5   0  -2  -4   0  -3  -1   0   1   2  -4  -2  -3  -3  -2  -3    0  71   0   0   0   2   0   0   3   0   7   0   5  13   0   0   0   0   0   0  0.95 0.22
   39 R    -3   7  -2  -3  -5   1  -1  -4  -2  -4  -4   3  -3  -4  -3  -2  -2  -4  -3  -4    0  73   0   0   0   4   0   0   0   0   0  21   0   0   0   0   0   0   0   0  1.21 0.23
   40 C    -3  -6  -5  -6  11  -5  -6  -5  -5  -3  -3  -5  -4  -5  -5  -3  -3  -5  -5  -3    0   0   0   0 100   0   0   0   0   0   0   0   0   0   0   0   0   0   0   0  2.98 0.40
   41 E    -2  -2  -3  -3  -3  -2   0  -4   1   1   0   1   1   4  -4  -2  -2   4   4   0    0   0   0   0   0   0   8   0   5  11   5  11   6  26   0   0   0   5  18   5  0.37 0.11
   42 C    -3  -6  -5  -6  11  -5  -6  -5  -5  -3  -3  -5  -4  -5  -5  -3  -3  -5  -5  -3    0   0   0   0 100   0   0   0   0   0   0   0   0   0   0   0   0   0   0   0  2.98 0.40
   43 Q    -1   0   0   0  -2   1   0  -3  -2   1  -2  -1   0  -2  -2   1   4  -3   1  -1    0   3   2   5   0   8   4   0   0  12   0   2   2   0   0   9  44   0   7   2  0.31 0.13
   44 R    -2   6  -2  -3  -5   0  -1  -3  -2  -4  -3   5  -3  -4  -3  -2  -1  -4  -3  -4    0  49   0   0   0   0   0   0   0   0   2  45   0   0   0   0   4   0   0   0  0.99 0.21
   45 S    -1  -1   1   1  -3   3  -1  -2   3  -2  -2   0  -2  -4   5   0  -1  -4  -2  -2    5   2   9   9   0  17   0   2   9   2   3   2   0   0  31   6   0   0   0   2  0.52 0.12
   46 C    -3  -6  -5  -6  11  -5  -6  -5  -5  -3  -3  -5  -4  -5  -5  -3  -3  -5  -5  -3    0   0   0   0 100   0   0   0   0   0   0   0   0   0   0   0   0   0   0   0  2.98 0.40

                      K         Lambda
Standard Ungapped    0.1418     0.3271
Standard Gapped      0.0453     0.2670
PSI Ungapped         0.1481     0.3209
PSI Gapped           0.0453     0.2670
