
Last position-specific scoring matrix computed, weighted observed percentages rounded down, information per position, and relative weight of gapless real matches to pseudocounts
            A   R   N   D   C   Q   E   G   H   I   L   K   M   F   P   S   T   W   Y   V   A   R   N   D   C   Q   E   G   H   I   L   K   M   F   P   S   T   W   Y   V
    1 A     5  -2  -2  -2  -1  -1  -1   0  -2  -2  -2  -1  -1  -3  -1   1   0  -3  -2   0  100   0   0   0   0   0   0   0   0   0   0   0   0   0   0   0   0   0   0   0  0.53 0.04
    2 I    -1  -3  -4  -4  -1  -3  -3  -4  -4   5   2  -3   1  -1  -3  -3  -1  -3  -2   3    0   0   0   0   0   0   0   0   0  71   5   0   0   0   0   0   0   0   0  24  0.47 0.04
    3 S     0  -1   1  -1  -1  -1  -1  -1  -2  -2  -2  -1  -2  -3   2   3   4  -3  -2  -1    0   0   7   0   0   0   0   0   0   0   0   0   0   0   8  37  48   0   0   0  0.45 0.05
    4 C    -1  -4  -4  -4  10  -4  -5  -3  -4  -2  -2  -4  -2  -3  -4  -2  -2  -3  -3  -2    0   0   0   0 100   0   0   0   0   0   0   0   0   0   0   0   0   0   0   0  1.84 0.11
    5 G     0  -3   2  -1  -3  -2  -2   6  -2  -4  -4  -2  -3  -4  -3  -1  -2  -3  -4  -4    0   0  11   0   0   0   0  89   0   0   0   0   0   0   0   0   0   0   0   0  1.08 0.07
    6 Q    -1   0  -1  -1  -4   7   1  -3   0  -4  -3   1  -1  -4  -2  -1  -1  -3  -2  -3    0   0   0   0   0 100   0   0   0   0   0   0   0   0   0   0   0   0   0   0  1.03 0.10
    7 V    -1  -3  -4  -4  -1  -3  -3  -4  -4   2   0  -3   0  -1  -3  -2  -1  -4  -2   5    0   0   0   0   0   0   0   0   0   0   0   0   0   0   0   0   0   0   0 100  0.60 0.07
    8 S     1  -2   1  -1  -1  -1  -1  -1  -2   0  -2  -1  -1  -2  -2   3   1  -3  -2   1   12   0   9   0   0   0   0   0   0   0   0   0   0   0   0  54   0   0   0  25  0.27 0.04
    9 S     1  -1   0  -1  -1  -1  -1  -1  -1  -3  -3  -1  -2  -3  -1   5   1  -3  -2  -2    0   0   0   0   0   0   0   0   0   0   0   0   0   0   0 100   0   0   0   0  0.69 0.08
   10 A     4  -2   1  -2  -1  -1  -1  -1  -1  -2  -2  -1   1  -2  -2   1   0  -2   1  -1   70   0  12   0   0   0   0   0   0   0   0   0   7   0   0   4   0   0   7   0  0.33 0.05
   11 I    -2  -3  -4  -4  -2  -2  -3  -4  -3   3   4  -3   3   0  -3  -3  -1  -2  -1   2    0   0   0   0   0   0   0   0   0  21  59   0  11   0   0   0   0   0   0   9  0.43 0.04
   12 G     3  -2  -1  -1  -1  -1  -1   3  -2  -2  -2  -1  -2  -3  -1   2   1  -3  -2  -1   43   0   0   0   0   0   0  21   0   0   0   0   0   0   0  24  11   0   0   0  0.37 0.04
   13 P    -1  -3  -3  -2  -3  -2  -2  -3  -3  -3  -2  -2  -3  -4   8  -1  -2  -4  -4  -3    0   0   0   0   0   0   0   0   0   0   6   0   0   0  94   0   0   0   0   0  2.05 0.09
   14 C    -1  -4  -4  -4  10  -4  -5  -3  -4  -2  -2  -4  -2  -3  -4  -2  -2  -3  -3  -2    0   0   0   0 100   0   0   0   0   0   0   0   0   0   0   0   0   0   0   0  1.84 0.11
   15 L     1  -3  -3  -3  -1  -2  -3  -3  -3   4   2  -2   2   0  -3  -2  -1  -3  -2   2   16   0   0   0   0   0   0   0   0  50  26   0   8   0   0   0   0   0   0   0  0.31 0.04
   16 S     1  -1   1   1  -2  -1  -1   0  -1  -2  -2  -1   0  -3   1   3   2  -3  -2  -1   13   0   4   8   0   0   0   4   0   0   0   0   7   0   7  41  15   0   0   0  0.27 0.03
   17 Y    -3  -2  -3  -4  -3  -2  -3  -4   1  -2  -2  -3  -2   3  -4  -2  -2   2   8  -2    0   0   0   0   0   0   0   0   0   0   0   0   0   0   0   0   0   0 100   0  1.33 0.10
   18 A     3  -2  -3  -3  -1  -2  -2  -1  -3   0   2  -2   0  -1  -2   0  -1  -3  -2   2   54   0   0   0   0   0   0   0   0   0  27   0   0   0   0   0   0   0   0  20  0.25 0.04
   19 R    -1   5  -1  -2  -3   1   0  -3  -1   0  -1   2   1  -2  -2  -1   1  -3  -2  -1    0  50   0   0   0   8   0   0   0  11   0  10   7   0   0   0  14   0   0   0  0.37 0.04
   20 G     0  -2  -1  -2  -3  -2  -2   6  -2  -4  -4   0  -3  -4  -3  -1  -2  -3  -4  -4    0   0   0   0   0   0   0  92   0   0   0   8   0   0   0   0   0   0   0   0  1.10 0.07
   21 Q     0   2   2   1  -3   2   0   3  -1  -3  -3   0  -2  -3  -2   0  -1  -3  -2  -2    5  14  15   9   0  17   1  28   0   0   1   1   0   0   0   6   1   0   0   1  0.30 0.02
   22 G     1  -3  -1  -2  -2  -2  -2   5  -3  -2  -3  -2  -2  -3  -2  -1  -2  -3  -3   0   11   0   0   0   0   0   0  75   0   0   0   0   0   0   0   0   0   0   0  14  0.77 0.05
   23 S     3  -2  -1   1  -1  -1  -1  -1  -2  -2  -2  -1  -1   0  -1   3   1  -3  -2  -1   51   0   0   8   0   0   0   0   0   0   0   0   0   6   0  29   5   0   0   0  0.31 0.04
   24 A     2  -2  -1   0  -1  -1  -1   2  -2   0  -1  -1  -1  -2  -2   1   1  -3  -2   2   28   0   0   8   0   0   0  17   0   0   0   4   0   0   0   5  11   0   0  28  0.15 0.02
   25 P    -1  -3  -3  -2  -4  -2  -2  -3  -3  -4  -4  -2  -3  -4   8  -1  -2  -5  -4  -3    0   0   0   0   0   0   0   0   0   0   0   0   0   0 100   0   0   0   0   0  2.28 0.10
   26 S     2  -2  -1  -1  -2  -1   0   1  -2  -3  -3  -1  -2  -3   4   3   1  -3  -2  -2   19   0   0   0   0   0   8   7   0   0   0   0   0   0  24  36   7   0   0   0  0.47 0.03
   27 A     4  -2  -2  -2  -1  -1  -2   3  -2  -2  -2  -1  -2  -3  -1   1  -1  -3  -3  -1   78   0   0   0   0   0   0  22   0   0   0   0   0   0   0   0   0   0   0   0  0.52 0.06
   28 G     1   0  -1  -2   5  -1  -2   3  -2  -3  -3  -1  -2  -3  -2   1   1  -3  -3  -2   13   8   0   0  20   0   0  36   0   0   0   0   0   0   0  12  11   0   0   0  0.39 0.03
   29 C    -1  -4  -4  -4  10  -4  -5  -3  -4  -2  -2  -4  -2  -3  -4  -2  -2  -3  -3  -2    0   0   0   0 100   0   0   0   0   0   0   0   0   0   0   0   0   0   0   0  1.84 0.11
   30 C    -1  -4  -3  -4  10  -4  -4  -3  -4  -2  -2  -4  -2  -3  -4  -1  -1  -3  -3  -1    0   0   0   0 100   0   0   0   0   0   0   0   0   0   0   0   0   0   0   0  1.72 0.09

                      K         Lambda
Standard Ungapped    0.1305     0.3184
Standard Gapped      0.0410     0.2670
PSI Ungapped         0.1305     0.3184
PSI Gapped           0.0410     0.2670
