
Last position-specific scoring matrix computed, weighted observed percentages rounded down, information per position, and relative weight of gapless real matches to pseudocounts
            A   R   N   D   C   Q   E   G   H   I   L   K   M   F   P   S   T   W   Y   V   A   R   N   D   C   Q   E   G   H   I   L   K   M   F   P   S   T   W   Y   V
    1 G     0  -3   0  -1  -3  -2  -2   6  -2  -4  -4  -2  -3  -3  -2   0  -2  -3  -3  -4    0   0   0   0   0   0   0 100   0   0   0   0   0   0   0   0   0   0   0   0  1.04 0.00
    2 F    -2  -3  -4  -4  -2  -3  -4  -4  -2   3   2  -3   1   4  -3  -3  -1  -1   1   1    0   0   0   0   0   0   0   0   0  42  17   0   0  41   0   0   0   0   0   0  0.36 0.01
    3 S    -1  -2  -1  -2  -2  -2  -2  -2  -1  -1   0  -2   0   5  -3   1   2   0   2  -1    0   0   0   0   0   0   0   0   0   0   0   0   0  59   0  20  21   0   0   0  0.34 0.01
    4 S     2  -1   0  -1  -1  -1  -1   2  -1  -3  -3  -1  -2  -3  -1   4   1  -3  -2  -2   14   0   0   0   0   0   0  21   0   0   0   0   0   0   0  65   0   0   0   0  0.39 0.01
    5 L    -1  -3  -3  -3  -2  -2  -3   2  -3   2   3  -3   1   0  -3  -2  -1  -2  -2   1    0   0   0   0   0   0   0  21   0  17  62   0   0   0   0   0   0   0   0   0  0.26 0.01
    6 F    -2  -3  -4  -4  -2  -3  -4  -4  -2   3   1  -3   1   5  -4  -3  -2   0   2   1    0   0   0   0   0   0   0   0   0  49   0   0   0  51   0   0   0   0   0   0  0.41 0.01
    7 K    -1   2   0  -1  -3   1   1  -2  -1  -3  -3   5  -2  -4  -1   0  -1  -3  -2  -3    0   0   0   0   0   0   0   0   0   0   0 100   0   0   0   0   0   0   0   0  0.56 0.01
    8 A     3  -1  -1  -2  -1  -1  -1  -1  -2  -1  -2  -1  -1  -2  -1   1   3  -3  -2   0   55   0   0   0   0   0   0   0   0   0   0   0   0   0   0   0  45   0   0   0  0.33 0.01
    9 G     3  -2  -2  -2  -1  -2  -2   3  -2  -1   1  -1   0  -2  -2   0  -1  -3  -2  -1   45   0   0   0   0   0   0  34   0   0  21   0   0   0   0   0   0   0   0   0  0.29 0.01
   10 A     4  -2  -1  -2  -1  -1  -1   3  -2  -2  -2  -1  -1  -3  -1   1   0  -3  -2  -1   79   0   0   0   0   0   0  21   0   0   0   0   0   0   0   0   0   0   0   0  0.41 0.01
   11 K    -1   2   0  -1  -3   1   1  -2  -1  -3  -3   5  -2  -4  -1   0  -1  -3  -2  -3    0   0   0   0   0   0   0   0   0   0   0 100   0   0   0   0   0   0   0   0  0.56 0.01
   12 Y    -2  -2  -2  -3  -2  -2  -3  -3  -1  -1   0  -2   0   6  -3  -1   1   1   4  -1    0   0   0   0   0   0   0   0   0   0   0   0   0  59   0   0  21   0  20   0  0.48 0.01
   13 L    -2  -2  -4  -4  -1  -2  -3  -4  -3   2   4  -3   2   0  -3  -3  -1  -2  -1   1    0   0   0   0   0   0   0   0   0   0 100   0   0   0   0   0   0   0   0   0  0.48 0.01
   14 L    -2  -3  -4  -4  -2  -3  -3  -4  -3   1   4  -3   2   3  -3  -3  -2  -1   0   1    0   0   0   0   0   0   0   0   0   0  79   0   0  21   0   0   0   0   0   0  0.41 0.01
   15 K    -1   2   0  -1  -3   1   1  -2  -1  -3  -3   5  -2  -4  -1   0  -1  -3  -2  -3    0   0   0   0   0   0   0   0   0   0   0 100   0   0   0   0   0   0   0   0  0.56 0.01
   16 S     0   0   0   0  -2   4   2  -2   0  -2  -1   1   2  -2  -2   1   0  -2  -2  -1    0   0   0   0   0  45  14   0   0   0   0   0  21   0   0  20   0   0   0   0  0.30 0.01
   17 V     4  -2  -2  -2  -1  -1  -1   0  -2   0  -1  -1  -1  -2  -1   1   0  -3  -2   1   80   0   0   0   0   0   0   0   0   0   0   0   0   0   0   0   0   0   0  20  0.31 0.01
   18 G     0  -3  -1  -2  -3  -2  -2   6  -2  -4  -4  -2  -3  -4  -2   0  -2  -3  -3  -4    0   0   0   0   0   0   0 100   0   0   0   0   0   0   0   0   0   0   0   0  1.08 0.01
   19 K    -1   2   0  -1  -3   1   1  -2  -1  -3  -3   5  -2  -4  -1   0  -1  -3  -2  -3    0   0   0   0   0   0   0   0   0   0   0 100   0   0   0   0   0   0   0   0  0.56 0.01
   20 A     5  -2  -2  -2  -1  -1  -1   0  -2  -2  -2  -1  -1  -3  -1   1   0  -3  -2   0  100   0   0   0   0   0   0   0   0   0   0   0   0   0   0   0   0   0   0   0  0.44 0.01
   21 G     0  -3  -1  -2  -3  -2  -2   6  -2  -4  -4  -2  -3  -4  -2   0  -2  -3  -3  -4    0   0   0   0   0   0   0 100   0   0   0   0   0   0   0   0   0   0   0   0  1.08 0.01
   22 A     3  -2  -2  -3  -1  -1  -2  -1  -2   0   2  -1   2  -1  -2   0  -1  -2  -2   0   55   0   0   0   0   0   0   0   0   0  31   0  14   0   0   0   0   0   0   0  0.20 0.01
   23 Q    -1   0   0   1  -4   3   5  -2   0  -4  -3   1  -2  -4  -1   0  -1  -3  -2  -3    0   0   0   0   0  20  80   0   0   0   0   0   0   0   0   0   0   0   0   0  0.69 0.01
   24 Q    -1   0   0  -1  -3   2   0  -2   7  -3  -3   0  -1  -2  -2   0   1  -3   1  -2    0   0   0   0   0  20   0   0  63   0   0   0   0   0   0   0  17   0   0   0  0.55 0.01
   25 L    -2  -2  -4  -4  -1  -2  -3  -4  -3   2   4  -3   2   0  -3  -3  -1  -2  -1   1    0   0   0   0   0   0   0   0   0   0 100   0   0   0   0   0   0   0   0   0  0.48 0.01
   26 A     5  -2  -2  -2  -1  -1  -1   0  -2  -2  -2  -1  -1  -3  -1   1   0  -3  -2   0  100   0   0   0   0   0   0   0   0   0   0   0   0   0   0   0   0   0   0   0  0.44 0.01
   27 C    -1  -4  -3  -4  10  -3  -4  -3  -3  -2  -2  -4  -2  -3  -3  -1  -1  -3  -3  -1    0   0   0   0 100   0   0   0   0   0   0   0   0   0   0   0   0   0   0   0  1.33 0.02
   28 K    -1   2   0  -1  -3   1   1  -2  -1  -3  -3   5  -2  -4  -1   0  -1  -3  -2  -3    0   0   0   0   0   0   0   0   0   0   0 100   0   0   0   0   0   0   0   0  0.56 0.01
   29 A     5  -2  -2  -2  -1  -1  -1   0  -2  -2  -2  -1  -1  -3  -1   1   0  -3  -2   0  100   0   0   0   0   0   0   0   0   0   0   0   0   0   0   0   0   0   0   0  0.44 0.01
   30 A     2   0   3   0  -2   0   0  -1  -1  -2  -2   1  -1  -3  -1   1   2  -3  -2  -1   34   0  28   0   0   0   0   0   0   0   0  17   0   0   0   0  21   0   0   0  0.24 0.01
   31 N    -2  -1   6   1  -3   0   0  -1   1  -4  -4   0  -2  -3  -2   1   0  -4  -2  -3    0   0 100   0   0   0   0   0   0   0   0   0   0   0   0   0   0   0   0   0  0.78 0.02
   32 N    -1   1   3   0  -3   5   3  -2   0  -3  -3   1  -1  -4  -2   0  -1  -3  -2  -3    0   0  20   0   0  63  17   0   0   0   0   0   0   0   0   0   0   0   0   0  0.54 0.01
   33 C    -1  -4  -3  -4  10  -3  -4  -3  -3  -2  -2  -4  -2  -3  -3  -1  -1  -3  -3  -1    0   0   0   0 100   0   0   0   0   0   0   0   0   0   0   0   0   0   0   0  1.33 0.02
   34 A     4  -1  -2  -2   0  -1  -1   0  -2  -1  -1  -1  -1  -2  -1   1   0  -3  -2   0    0   0   0   0   0   0   0   0   0   0   0   0   0   0   0   0   0   0   0   0  0.00     0.00

                      K         Lambda
Standard Ungapped    0.1273     0.3177
Standard Gapped      0.0416     0.2670
PSI Ungapped         0.1359     0.3161
PSI Gapped           0.0416     0.2670
