
Last position-specific scoring matrix computed, weighted observed percentages rounded down, information per position, and relative weight of gapless real matches to pseudocounts
            A   R   N   D   C   Q   E   G   H   I   L   K   M   F   P   S   T   W   Y   V   A   R   N   D   C   Q   E   G   H   I   L   K   M   F   P   S   T   W   Y   V
    1 L    -2  -2  -4  -4  -1  -2  -3  -4  -3   2   4  -3   2   0  -3  -3  -1  -2  -1   1    0   0   0   0   0   0   0   0   0   0 100   0   0   0   0   0   0   0   0   0  0.45 0.00
    2 R    -1   6   0  -1  -4   1   1  -3   0  -3  -3   3  -2  -3  -2  -1  -1  -3  -2  -3    0  71   0   0   0   0  12   0   0   0   0  17   0   0   0   0   0   0   0   0  0.62 0.01
    3 D    -2  -1   1   6  -4   0   2  -2  -1  -4  -4   1  -3  -4  -2   0  -1  -5  -3  -3    0   0   0  83   0   0   0   0   0   0   0  17   0   0   0   0   0   0   0   0  0.77 0.01
    4 L    -1  -3  -4  -4  -1  -3  -3  -4  -3   2   4  -3   2   0  -3  -3  -1  -2  -1   2    0   0   0   0   0   0   0   0   0   0  78   0   0   0   0   0   0   0   0  22  0.41 0.02
    5 V    -1  -3  -2  -3  -1  -2  -3   0  -3   3   1  -2   0  -1  -2  -1   2  -3  -2   3    0   0   0   0   0   0   0   8   0  37   0   0   0   0   0   0  22   0   0  33  0.21 0.01
    6 C    -1  -4  -3  -4  10  -4  -4  -3  -4  -2  -2  -4  -2  -3  -3  -1  -1  -3  -3  -1    0   0   0   0 100   0   0   0   0   0   0   0   0   0   0   0   0   0   0   0  1.45 0.05
    7 Y    -2  -2  -3  -4  -3  -2  -3  -4   1  -1  -1  -3  -1   5  -4  -2  -2   2   7  -1    0   0   0   0   0   0   0   0   0   0   0   0   0  22   0   0   0   0  78   0  0.87 0.03
    8 C    -1  -4  -3  -4  10  -4  -4  -3  -4  -2  -2  -4  -2  -3  -3  -1  -1  -3  -3  -1    0   0   0   0 100   0   0   0   0   0   0   0   0   0   0   0   0   0   0   0  1.45 0.05
    9 R    -2   7  -1  -2  -4   1   0  -3   0  -4  -3   2  -2  -3  -3  -1  -1  -3  -2  -3    0 100   0   0   0   0   0   0   0   0   0   0   0   0   0   0   0   0   0   0  0.86 0.03
   10 K    -1   3  -1  -1  -3   1   0  -2  -1   0  -2   3  -1  -3  -2   0   1  -3  -2  -1    0  22   0   0   0   0   0   0   0  13   0  44   0   0   0   7  14   0   0   0  0.27 0.01
   11 R    -1   6  -1  -2  -4   1  -1   1  -1  -4  -3   2  -2  -3  -3  -1  -2  -3  -2  -3    0  84   0   0   0   0   0  16   0   0   0   0   0   0   0   0   0   0   0   0  0.66 0.03
   12 G     0  -3  -1  -2  -3  -2  -3   6  -2  -4  -4  -2  -3  -4  -3  -1  -2  -3  -4  -4    0   0   0   0   0   0   0 100   0   0   0   0   0   0   0   0   0   0   0   0  1.12 0.03
   13 C    -1  -4  -3  -4  10  -4  -4  -3  -4  -2  -2  -4  -2  -3  -3  -1  -1  -3  -3  -1    0   0   0   0 100   0   0   0   0   0   0   0   0   0   0   0   0   0   0   0  1.45 0.05
   14 K     1   1   2  -1  -2   1   0  -1  -1  -3  -3   4  -2  -3  -1   0   1  -3  -2  -2   22   0  16   0   0   0   0   0   0   0   0  54   0   0   0   0   8   0   0   0  0.30 0.02
   15 R    -1   5   0  -1  -3   0   0   1  -1  -3  -3   1  -2  -3  -2   1  -1  -3  -2  -3    0  64   0   0   0   0   0  14   0   0   0   0   0   0   0  22   0   0   0   0  0.47 0.02
   16 R    -1   6  -1  -2  -4   1  -1   1  -1  -4  -3   2  -2  -3  -3  -1  -2  -3  -2  -3    0  84   0   0   0   0   0  16   0   0   0   0   0   0   0   0   0   0   0   0  0.66 0.03
   17 E    -1   0  -1   2  -4   2   6  -3   0  -4  -3   1  -2  -4  -1   0  -1  -3  -2  -3    0   0   0   0   0   0 100   0   0   0   0   0   0   0   0   0   0   0   0   0  0.83 0.03
   18 R    -2   6   0  -2  -4   3   0  -3   2  -4  -3   2  -2  -3  -2  -1  -1  -3  -2  -3    0  77   0   0   0  16   0   0   7   0   0   0   0   0   0   0   0   0   0   0  0.67 0.03
   19 M    -1  -2  -2  -3  -2  -1  -2  -3   2   2   2  -2   4   0  -3  -2  -1  -2  -1   2    0   0   0   0   0   0   0   0  11   8  19   0  33   0   0   0   0   0   0  29  0.23 0.02
   20 N    -2  -2   4   0  -3  -1  -2  -2   0   1  -1  -1  -1   2  -3  -1  -1  -1   3   0    0   0  49   0   0   0   0   0   0  22   0   0   0  13   0   0   0   0  16   0  0.26 0.02
   21 G     0  -3  -1  -2  -3  -2  -3   6  -2  -4  -4  -2  -3  -4  -3  -1  -2  -3  -4  -4    0   0   0   0   0   0   0 100   0   0   0   0   0   0   0   0   0   0   0   0  1.12 0.03
   22 T    -1  -2  -1  -2  -1  -1  -1  -2  -1  -1  -1  -1  -1   0  -2   1   5  -1   3   0    0   0   0   0   0   0   0   0   0   0   0   0   0   0   0   0  78   0  22   0  0.42 0.03
   23 C    -1  -4  -3  -4  10  -4  -4  -3  -4  -2  -2  -4  -2  -3  -3  -1  -1  -3  -3  -1    0   0   0   0 100   0   0   0   0   0   0   0   0   0   0   0   0   0   0   0  1.45 0.05
   24 R    -1   6  -1  -2  -3   1   0  -2   0  -3  -2   2  -1  -3  -2  -1  -1  -2  -2  -2    1  85   1   1   0   1   1   1   0   1   1   1   0   1   1   1   1   0   1   1  0.62 0.02
   25 K    -1   1   2  -1  -3   0   0  -2  -1  -2  -2   3  -1   3  -2   1  -1  -2   0  -2    0   0  13   0   0   0   0   0   0   0   0  49   0  22   0  16   0   0   0   0  0.23 0.02
   26 G     0  -3  -1  -2  -3  -2  -3   6  -3  -3  -1  -2  -2  -3  -3  -1  -2  -3  -3  -3    0   0   0   0   0   0   0  87   0   0  13   0   0   0   0   0   0   0   0   0  0.84 0.02
   27 H    -2   2   3  -1  -3   0  -1  -2   7  -3  -3   0  -2   1  -3  -1  -1  -2   1  -3    0  16  22   0   0   0   0   0  49   0   0   0   0  13   0   0   0   0   0   0  0.47 0.02
   28 L    -1  -2  -3  -3  -1  -2  -3  -4  -3   1   4  -2   2   0  -3  -1   2  -2  -1   1    0   0   0   0   0   0   0   0   0   0  78   0   0   0   0   0  22   0   0   0  0.34 0.02
   29 M    -1  -2  -3  -3  -2  -2  -3  -3  -3   3   3  -2   4   0  -3  -2   1  -2  -1   1    0   0   0   0   0   0   0   0   0  29  23   0  35   0   0   0  13   0   0   0  0.27 0.02
   30 Y    -2  -2  -3  -4  -3  -2  -3  -4   1  -1  -1  -3  -1   5  -4  -2  -2   2   7  -1    0   0   0   0   0   0   0   0   0   0   0   0   0  29   0   0   0   0  71   0  0.84 0.03
   31 T     0   1  -1  -1  -1  -1  -1   1  -2   0  -1   0   1  -2  -1   0   3  -2  -2   1    1  12   1   1   0   1   1  12   0   1   1   1   9   1   1   1  41   0   1  14  0.13 0.01
   32 L    -1  -2  -3  -3  -1  -2  -2  -3  -2   1   4  -2   2   2  -2  -2  -1  -1   0   0    1   1   1   1   0   1   1   1   0   1  65   1   8  13   1   1   1   0   1   1  0.27 0.01
   33 C    -1  -4  -3  -4  10  -3  -4  -3  -4  -2  -2  -4  -2  -2  -4  -1  -1   4  -2  -1    0   0   0   0  92   0   0   0   0   0   0   0   0   0   0   0   0   8   0   0  1.33 0.04
   34 C    -1  -4  -3  -4  10  -4  -4  -3  -4  -2  -2  -4  -2  -3  -3  -1  -1  -3  -3  -1    0   0   0   0 100   0   0   0   0   0   0   0   0   0   0   0   0   0   0   0  1.45 0.05
   35 R    -2   6  -1  -2  -4   1   0  -3   0  -4  -3   2  -2  -3  -3  -1  -1  -3  -2  -3    0 100   0   0   0   0   0   0   0   0   0   0   0   0   0   0   0   0   0   0  0.80 0.02

                      K         Lambda
Standard Ungapped    0.1475     0.3389
Standard Gapped      0.0410     0.2670
PSI Ungapped         0.1475     0.3389
PSI Gapped           0.0410     0.2670
