
Last position-specific scoring matrix computed, weighted observed percentages rounded down, information per position, and relative weight of gapless real matches to pseudocounts
            A   R   N   D   C   Q   E   G   H   I   L   K   M   F   P   S   T   W   Y   V   A   R   N   D   C   Q   E   G   H   I   L   K   M   F   P   S   T   W   Y   V
    1 R    -2   6  -1  -2  -5   2  -1  -3  -1  -4  -3   4  -2  -4  -3  -2  -2  -4  -3  -4    0  62   0   0   0   8   0   0   0   0   0  30   0   0   0   0   0   0   0   0  1.02 0.19
    2 T    -1  -2  -1   1  -2  -1   0  -3   1   1  -1   0   1  -2  -2   0   4  -3  -2   1    0   0   0   8   0   0   8   0   4  10   4   4   6   0   0   0  42   0   0  13  0.28 0.12
    3 C    -2  -6  -5  -6  11  -5  -6  -5  -5  -3  -3  -5  -3  -5  -5  -3  -3  -4  -5  -3    0   0   0   0 100   0   0   0   0   0   0   0   0   0   0   0   0   0   0   0  2.93 0.40
    4 E    -1   2  -1  -1  -4   2   3  -3  -1  -3  -1   4   2  -3  -2  -1  -1  -4  -3  -2    2  10   0   0   0   6  32   0   0   0   7  32   8   0   0   0   2   0   0   0  0.46 0.14
    5 S     2   1   1  -1  -2   0  -1  -1  -2  -2  -3  -1  -2  -3  -2   3   3  -4  -3  -1   16   8   9   0   0   2   0   2   0   0   0   0   0   0   0  36  23   0   0   3  0.39 0.13
    6 Q    -2   2  -1   0  -4   3   2  -3  -1  -3   0   3  -1  -3   2  -1  -2  -3  -3  -3    0  12   0   3   0  23  17   0   0   0  13  21   0   0  10   2   0   0   0   0  0.40 0.12
    7 S     0  -2  -1  -2   4  -2  -2  -2  -2  -4  -4   0  -3  -4  -2   6   0  -4  -3  -3    0   0   0   0  10   0   0   0   0   0   0   6   0   0   0  84   0   0   0   0  0.98 0.26
    8 H     0  -1   2   2  -3   0   1  -1   6  -3  -2   0  -2  -3   2  -1  -2  -4  -1  -3   11   0  14  11   0   4   6   4  28   0   6   6   0   0  10   0   0   0   0   0  0.38 0.12
    9 R    -1   3   1  -1  -3   0  -1   2   0  -3  -2   3  -2  -3  -2   0   2  -4  -3  -3    0  21   6   2   0   0   0  19   3   0   2  23   0   0   0   3  21   0   0   0  0.35 0.11
   10 F    -4  -4  -5  -5  -4  -5  -5  -5  -3  -2  -1  -5  -2   8  -5  -4  -4   7   3  -3    0   0   0   0   0   0   0   0   0   0   0   0   0  77   0   0   0  18   5   0  1.71 0.29
   11 H    -2   2   0   1  -4   1   0  -2   3  -3  -3   5  -2  -4   1   0  -2  -4  -2  -1    0   6   2   6   0   3   4   0   9   0   0  53   0   0   6   4   0   0   0   4  0.50 0.15
   12 G    -1  -4  -2  -3  -4  -3  -4   7  -3  -5  -5  -3  -4  -4  -4   0  -3  -4  -1  -5    0   0   0   0   0   0   0  91   0   0   0   0   0   0   0   6   0   0   3   0  1.52 0.27
   13 T     0   0  -3  -3  -2  -2  -2  -3   0   1   1  -1   2  -1   4  -2   0  -3   1   1    8   5   0   0   0   0   0   0   3  10  17   2   7   0  24   0   5   0   6  13  0.32 0.09
   14 C    -2  -6  -5  -6  11  -5  -6  -5  -5  -3  -3  -5  -4  -5  -5  -3  -3  -5  -5  -3    0   0   0   0 100   0   0   0   0   0   0   0   0   0   0   0   0   0   0   0  2.99 0.43
   15 V    -2  -3  -2  -4  -2  -3  -3  -4  -3   3   3  -3   2   2  -3  -2   1  -2  -1   2    0   0   2   0   0   0   0   0   0  22  29   0   6  11   0   0  10   0   0  21  0.37 0.11
   16 R    -1   1   3  -1  -3  -1  -1   0   0  -1  -3   0  -2  -3   0   3   1  -4  -3  -2    0  11  17   0   0   0   0   7   1   5   0   5   0   0   4  41   9   0   0   0  0.36 0.14
   17 E    -1  -1   2   5  -4  -1   1  -2  -2  -4  -4   2  -3  -4  -2   1   0   3  -3  -3    2   0   8  45   0   0   3   0   0   0   0  17   0   0   0  13   7   5   0   0  0.61 0.16
   18 S     0   1   1  -1  -3   1  -1  -1   4  -3  -3   2  -2  -3   1   1   3  -4  -2  -2    3   8   5   2   0   4   0   4  13   0   0  16   0   0   6  14  24   0   0   0  0.30 0.11
   19 N    -2  -2   7   0  -4  -2  -2  -1   1  -4  -5  -2  -4  -4   3   0   0  -5  -3  -4    0   0  65   2   0   0   0   3   3   0   0   0   0   0  16   5   5   0   0   0  1.01 0.23
   20 C    -2  -6  -5  -6  11  -5  -6  -5  -5  -3  -3  -5  -4  -5  -5  -3  -3  -5  -5  -3    0   0   0   0 100   0   0   0   0   0   0   0   0   0   0   0   0   0   0   0  2.99 0.43
   21 A     4   1   0   2  -2  -1  -1   0  -2  -2  -3   0  -2  -3  -2   0  -1  -4  -3   0   51   8   4  13   0   0   2   4   0   0   0   6   0   0   0   3   0   0   0   9  0.33 0.13
   22 S     0   0   3  -1  -3   2  -1  -2   3  -1  -2   2  -2  -3  -2   1   1  -4  -2  -2    6   3  20   0   0  11   0   0  11   6   3  19   0   0   0  13   9   0   0   0  0.26 0.10
   23 V     1  -3  -3  -4   4  -3  -3  -3   3   1  -1  -3  -1  -2  -3   0  -1  -4  -2   5    9   0   0   0   9   0   0   0   9   3   0   0   0   0   0   9   0   0   0  60  0.52 0.18
   24 C    -2  -6  -5  -6  11  -5  -6  -5  -5  -3  -3  -5  -4  -5  -5  -3  -3  -5  -5  -3    0   0   0   0 100   0   0   0   0   0   0   0   0   0   0   0   0   0   0   0  2.99 0.43
   25 Q    -2   4  -1  -2  -4   2   0  -3   3   0   0   1   0  -3  -1  -2  -1  -3  -2  -2    0  35   0   0   0  15   5   0  11   9  12   6   2   0   3   0   3   0   0   0  0.37 0.13
   26 T    -1   1   2   0  -3   2   0  -1  -1  -3  -3   2  -2  -3   0   1   3  -3   0  -2    0   7  12   5   0  12   0   3   0   0   0  15   0   0   3  13  25   0   4   0  0.29 0.11
   27 E     0  -2  -2   0  -5   0   7  -4  -2  -5  -4  -1  -4  -4  -3  -2  -2  -4   1  -4    6   0   0   0   0   0  89   0   0   0   0   0   0   0   0   0   0   0   5   0  1.29 0.29
   28 G    -1   0   0  -2  -4  -2  -2   5   4  -5  -4   2  -3  -4  -3  -1  -2  -4  -1  -4    0   4   3   0   0   0   0  60  13   0   0  16   0   0   0   2   0   0   2   0  0.83 0.19
   29 F    -4  -4  -5  -5  -4  -4  -5  -5  -2  -2   1  -4  -1   7  -5  -4  -3   5   4  -2    0   0   0   0   0   0   0   0   0   0   9   0   0  70   0   0   0   7  14   0  1.36 0.26
   30 I    -1  -2  -1  -1  -2  -2  -2   1  -2  -1   0  -1   1  -3   4   2   2  -4  -3  -1    0   0   2   3   0   0   0  10   0   2   9   3   5   0  23  21  18   0   0   5  0.34 0.11
   31 G     0   0  -1   4  -3  -2  -1   4  -2  -4  -4  -2  -3  -4  -3   1  -1  -4  -4  -4    7   8   0  28   0   0   0  46   0   0   0   0   0   0   0   9   3   0   0   0  0.66 0.16
   32 G    -1  -4  -2  -3  -4  -3  -4   7  -4  -6  -5  -3  -4  -5  -4  -2  -3  -4  -5  -5    0   0   0   0   0   0   0 100   0   0   0   0   0   0   0   0   0   0   0   0  1.82 0.30
   33 N    -2   2   3   2  -4   1   0  -2   5  -3  -3   3  -2  -3  -3   0  -1  -4  -2  -1    0  16  15  13   0   3   2   0  19   0   0  21   0   0   0   6   0   0   0   5  0.42 0.13
   34 C    -2  -6  -5  -6  11  -5  -6  -5  -5  -3  -3  -5  -4  -5  -5  -3  -3  -5  -5  -3    0   0   0   0 100   0   0   0   0   0   0   0   0   0   0   0   0   0   0   0  2.98 0.42
   35 R    -2   3   0   3  -3   1   0  -2   4  -2  -3   1  -2  -3  -2   1  -1  -4  -2  -2    0  21   3  21   0   4   0   0  17   3   0  11   0   0   0  16   0   0   0   4  0.39 0.12
   36 A    -1  -1  -1   1  -3  -2  -2   5   1  -2  -4   1  -3  -4  -3  -1  -2  -4  -3  -2    2   2   0   9   0   0   0  61   4   2   0  13   0   0   0   3   0   0   0   2  0.71 0.16
   37 F     0  -3  -3  -3  -2  -2  -3  -3  -2   3   1  -2   0   4   0  -2  -1  -1   1   1    7   1   1   1   0   1   1   1   0  27  11   1   0  26   5   1   3   0   3  10  0.27 0.08
   38 R    -1   3   0   1  -3   0   0  -1   1  -1   1   0   1   0  -2   0   0  -2  -1  -1    1  25   4   9   0   2   6   3   5   0  20   0   5   6   0   5   7   0   0   0  0.13 0.07
   39 R    -3   7   0  -3  -4  -1  -2  -2  -2  -4  -2   0  -2   1  -3  -2  -2  -3  -2  -3    0  79   3   0   0   0   0   2   0   0   3   0   0   9   0   0   0   0   0   0  1.08 0.23
   40 R    -3   7  -2  -3  -5   2  -1  -4   1  -5  -4   3  -3  -4  -3  -2  -2  -4  -3  -4    0  72   0   0   0   8   0   0   4   0   0  16   0   0   0   0   0   0   0   0  1.18 0.24
   41 C    -2  -6  -5  -6  11  -5  -6  -5  -5  -3  -3  -5  -4  -5  -5  -3  -3  -5  -5  -3    0   0   0   0 100   0   0   0   0   0   0   0   0   0   0   0   0   0   0   0  2.98 0.42
   42 F    -2  -2  -3  -4  -3  -2  -3  -4   1   1   1   0   2   4  -4  -3  -2   5   4   0    0   0   0   0   0   0   0   0   4   7  13  10   8  24   0   0   0   9  21   5  0.49 0.13
   43 C    -2  -6  -5  -6  11  -5  -6  -5  -5  -3  -3  -5  -4  -5  -5  -3  -3  -5  -5  -3    0   0   0   0 100   0   0   0   0   0   0   0   0   0   0   0   0   0   0   0  2.98 0.42
   44 T    -1  -1   1  -1  -2  -1   0  -3  -2   1  -1  -1   0  -2  -2   1   4  -3   1  -1    0   3   7   3   0   0   4   0   0  10   5   2   2   0   0   7  47   0   7   2  0.33 0.14
   45 R    -2   5  -2  -3  -4   0  -1  -3  -2  -4  -1   5  -2  -4  -3  -2  -1  -4  -3  -3    0  40   0   0   0   0   0   0   0   0   7  50   0   0   0   0   4   0   0   0  0.89 0.21
   46 N    -1  -1   2   1  -4   2   0  -1   3  -2  -2   0  -2  -4   5  -1  -2  -4  -2  -2    3   2  14   9   0  14   5   2  10   2   3   4   0   0  28   2   0   0   0   2  0.49 0.11
   47 C    -3  -6  -5  -6  11  -5  -6  -5  -5  -3  -3  -5  -4  -5  -5  -3  -3  -5  -5  -3    0   0   0   0 100   0   0   0   0   0   0   0   0   0   0   0   0   0   0   0  3.03 0.42

                      K         Lambda
Standard Ungapped    0.1372     0.3333
Standard Gapped      0.0499     0.2670
PSI Ungapped         0.1631     0.3177
PSI Gapped           0.0499     0.2670
