
Last position-specific scoring matrix computed, weighted observed percentages rounded down, information per position, and relative weight of gapless real matches to pseudocounts
            A   R   N   D   C   Q   E   G   H   I   L   K   M   F   P   S   T   W   Y   V   A   R   N   D   C   Q   E   G   H   I   L   K   M   F   P   S   T   W   Y   V
    1 G     0  -3  -1  -2  -3  -2  -2   6  -2  -4  -4  -2  -3  -4  -2   0  -2  -3  -3  -4    0   0   0   0   0   0   0 100   0   0   0   0   0   0   0   0   0   0   0   0  1.10 0.02
    2 I    -2  -3  -4  -4  -2  -3  -4  -4  -3   4   1  -3   1   4  -3  -3  -1  -1   1   2    0   0   0   0   0   0   0   0   0  69   0   0   0  31   0   0   0   0   0   0  0.38 0.02
    3 L    -2  -2  -3  -4  -2  -2  -3  -4  -2   1   3  -2   5   2  -3  -2  -1  -1  -1   1    0   0   0   0   0   0   0   0   0   0  48   0  43   8   0   0   0   0   0   0  0.37 0.02
    4 D    -2  -2   1   7  -4  -1   1  -2  -1  -4  -4  -1  -4  -4  -2   0  -1  -5  -4  -4    0   0   0 100   0   0   0   0   0   0   0   0   0   0   0   0   0   0   0   0  1.02 0.03
    5 S     0   0   0  -1  -1   0   0  -1  -2  -2  -2   1  -1  -3  -1   2   4  -3  -2  -1    0   0   0   0   0   0   0   0   0   0   0  16   0   0   0  23  61   0   0   0  0.36 0.02
    6 L     1  -2  -3  -3  -1  -2  -2  -2  -3   1   3  -2   1   0  -2  -1  -1  -2  -1   1   23   0   0   0   0   0   0   0   0   0  65   0   0   0   0   0   0   0   0  12  0.26 0.01
    7 K    -1   2   0  -1  -3   1   1  -2  -1  -3  -3   5  -2  -4  -1   0  -1  -3  -2  -3    0   0   0   0   0   0   0   0   0   0   0 100   0   0   0   0   0   0   0   0  0.60 0.03
    8 N    -2  -1   6   1  -3   0  -1   1   3  -4  -4  -1  -2  -3  -2   0   0  -4  -2  -3    0   0  80   0   0   0   0  12   9   0   0   0   0   0   0   0   0   0   0   0  0.64 0.02
    9 L    -1  -3  -3  -4  -2  -3  -3  -4  -3   2   3  -3   1   3  -3  -2  -1  -1   1   2    0   0   0   0   0   0   0   0   0   0  40   0   0  25   0   0   0   0   0  35  0.31 0.01
   10 A     5  -2  -2  -2  -1  -1  -1   0  -2  -2  -2  -1  -1  -3  -1   1   0  -3  -2   0  100   0   0   0   0   0   0   0   0   0   0   0   0   0   0   0   0   0   0   0  0.46 0.02
   11 K    -1   2   0  -1  -3   1   1  -2  -1  -3  -3   5  -2  -4  -1   0  -1  -3  -2  -3    0   0   0   0   0   0   0   0   0   0   0 100   0   0   0   0   0   0   0   0  0.60 0.03
   12 N    -1  -1   4   1  -2  -1  -1   2  -1  -2  -3  -1  -2  -3  -2   1   3  -3  -2  -2    0   0  37   9   0   0   0  16   0   0   0   0   0   0   0   0  38   0   0   0  0.37 0.01
   13 A     3  -2  -2  -3  -1  -2  -2  -1  -3   1   0  -2   0  -2  -2   0   0  -3  -2   3   49   0   0   0   0   0   0   0   0   0   0   0   0   0   0   0   0   0   0  51  0.24 0.01
   14 A     4  -2  -1  -2  -1  -1  -1   4  -2  -2  -2  -1  -2  -3  -1   1  -1  -3  -2  -1   67   0   0   0   0   0   0  33   0   0   0   0   0   0   0   0   0   0   0   0  0.45 0.02
   15 Q     1   0  -1  -1  -2   4   1   0  -1  -1  -1   1   0  -3  -2   0  -1  -3  -2   1   12   0   0   0   0  48   0   9   0   0   0   9   0   0   0   0   0   0   0  23  0.22 0.01
   16 I     0  -1   0  -1  -1  -1  -1  -1  -2   1  -1  -1  -1  -2  -1   3   3  -3  -2   0    0   0   0   0   0   0   0   0   0  23   0   0   0   0   0  54  23   0   0   0  0.24 0.01
   17 L    -2  -2  -4  -4  -2  -2  -3  -4  -3   2   4  -3   2   0  -3  -3  -1  -2  -1   1    0   0   0   0   0   0   0   0   0   0 100   0   0   0   0   0   0   0   0   0  0.51 0.02
   18 L    -1  -3  -4  -4  -1  -3  -3  -4  -3   2   4  -3   2   0  -3  -3  -1  -2  -1   2    0   0   0   0   0   0   0   0   0  13  70   0   0   0   0   0   0   0   0  17  0.39 0.01
   19 N    -2   0   5   4  -3   0   1  -1   0  -3  -4   1  -3  -4  -2   0  -1  -4  -3  -3    0   0  48  35   0   0   0   0   0   0   0  17   0   0   0   0   0   0   0   0  0.56 0.02
   20 K    -1   2   0  -1  -3   1   0  -2   2  -2  -2   4   1  -3  -1   0   0  -3  -1  -2    0   0   0   0   0   0   0   0   9   0   0  74   9   0   0   0   9   0   0   0  0.36 0.02
   21 A     3  -2  -2  -3  -1  -1  -2  -1  -2   0   2  -1   0  -1  -2   0  -1  -2  -2   0   65   0   0   0   0   0   0   0   0   0  35   0   0   0   0   0   0   0   0   0  0.24 0.01
   22 S     1   2   0  -1  -2   0   0  -1  -1  -3  -3   2  -2  -3  -1   3   1  -3  -2  -2    0  13   0   0   0   0   0   0   0   0   0  22   0   0   0  65   0   0   0   0  0.36 0.02
   23 C    -1  -4  -3  -4  10  -3  -4  -3  -4  -2  -2  -4  -2  -3  -3  -1  -1  -3  -3  -1    0   0   0   0 100   0   0   0   0   0   0   0   0   0   0   0   0   0   0   0  1.41 0.04
   24 K    -1   2   0  -1  -3   1   1  -2  -1  -3  -3   5  -2  -4  -1   0  -1  -3  -2  -3    0   0   0   0   0   0   0   0   0   0   0 100   0   0   0   0   0   0   0   0  0.60 0.03
   25 L    -1  -3  -4  -4  -1  -3  -3  -4  -3   3   4  -3   2   0  -3  -3  -1  -2  -1   2    0   0   0   0   0   0   0   0   0  22  65   0   0   0   0   0   0   0   0  13  0.39 0.01
   26 S     1  -1   0  -1  -1   0  -1  -1  -1  -2  -2  -1  -1  -3  -1   4   3  -3  -2  -1    0   0   0   0   0   0   0   0   0   0   0   0   0   0   0  65  35   0   0   0  0.43 0.02
   27 G     0  -3  -1  -2  -3  -2  -2   6  -2  -4  -4  -2  -3  -4  -2   0  -2  -3  -3  -4    0   0   0   0   0   0   0 100   0   0   0   0   0   0   0   0   0   0   0   0  1.11 0.02
   28 Q    -1   0   0  -1  -3   5   1   3   0  -3  -3   1  -1  -4  -2   0  -1  -2  -2  -3    0   0   0   0   0  71   0  29   0   0   0   0   0   0   0   0   0   0   0   0  0.53 0.02
   29 C    -1  -4  -3  -4  10  -3  -4  -3  -3  -2  -2  -3  -2  -3  -3  -1  -1  -3  -3  -1    0   0   0   0 100   0   0   0   0   0   0   0   0   0   0   0   0   0   0   0  1.36 0.03

                      K         Lambda
Standard Ungapped    0.1292     0.3158
Standard Gapped      0.0417     0.2670
PSI Ungapped         0.1364     0.3168
PSI Gapped           0.0417     0.2670
