
Last position-specific scoring matrix computed, weighted observed percentages rounded down, information per position, and relative weight of gapless real matches to pseudocounts
            A   R   N   D   C   Q   E   G   H   I   L   K   M   F   P   S   T   W   Y   V   A   R   N   D   C   Q   E   G   H   I   L   K   M   F   P   S   T   W   Y   V
    1 F    -3  -3  -4  -4  -3  -4  -4  -4  -2   0   0  -4   0   7  -4  -3  -3   1   3  -1    0   0   0   0   0   0   0   0   0   0   0   0   0 100   0   0   0   0   0   0  0.86 0.03
    2 L    -2  -3  -4  -4  -2  -3  -3  -4  -3   2   5  -3   2   0  -3  -3  -1  -2  -1   1    0   0   0   0   0   0   0   0   0   0 100   0   0   0   0   0   0   0   0   0  0.51 0.02
    3 P     0  -2  -1  -1  -3  -1  -1  -2  -2  -3  -3  -1  -3  -4   7   2   0  -4  -3  -3    0   0   0   0   0   0   0   0   0   0   0   0   0   0  70  30   0   0   0   0  1.35 0.02
    4 A     2  -2  -2  -2  -1  -1  -2  -2  -2   2   1  -1   2  -1  -2   0   2  -3  -2   1   28   0   0   0   0   0   0   0   0  22  10   0  10   0   0   0  30   0   0   0  0.16 0.01
    5 V     0  -3  -3  -4  -1  -2  -3  -3  -3   3   2  -3   1   0  -3  -2  -1  -3  -1   3   10   0   0   0   0   0   0   0   0  23  30   0   0   0   0   0   0   0   0  37  0.27 0.01
    6 L     2  -2  -3  -3  -1  -2  -2  -2  -3   1   3  -2   1  -1  -2  -1  -1  -2  -2   0   43   0   0   0   0   0   0   0   0   0  57   0   0   0   0   0   0   0   0   0  0.24 0.01
    7 L     0   0   2  -1  -3   0  -1   3  -1  -2  -1   2  -1  -3  -2   1  -1  -3  -2  -2    0   0  20   0   0   0   0  32   0   0  13  25   0   0   0  10   0   0   0   0  0.25 0.01
    8 V    -1  -3  -4  -4  -1  -3  -3  -4  -4   3   2  -3   1   0  -3  -2  -1  -3  -1   4    0   0   0   0   0   0   0   0   0  13  30   0   0   0   0   0   0   0   0  57  0.34 0.01
    9 A     5  -2  -2  -2  -1  -1  -1   0  -2  -2  -2  -1  -1  -3  -1   1   0  -3  -2   0  100   0   0   0   0   0   0   0   0   0   0   0   0   0   0   0   0   0   0   0  0.47 0.02
   10 T     4  -2  -1  -2  -1  -1  -1   0  -2  -2  -2  -1  -1  -3  -1   2   2  -3  -2  -1   68   0   0   0   0   0   0   0   0   0   0   0   0   0   0  20  13   0   0   0  0.35 0.01
   11 H    -2   0   5   0  -3   0   0  -1   5  -4  -4   2  -2  -3  -2   0  -1  -4  -1  -3    0   0  50   0   0   0   0   0  28   0   0  23   0   0   0   0   0   0   0   0  0.49 0.02
   12 V    -1  -3  -3  -4  -2  -3  -3  -4  -3   3   1  -3   1   4  -3  -2  -1  -1   1   3    0   0   0   0   0   0   0   0   0  15   0   0   0  30   0   0   0   0   0  55  0.32 0.01
   13 L    -1  -3  -4  -4  -1  -3  -3  -4  -3   2   3  -3   1   2  -3  -2  -1  -2   0   3    0   0   0   0   0   0   0   0   0   0  47   0   0  13   0   0   0   0   0  40  0.31 0.01
   14 P    -1  -3  -2  -2  -3  -2  -1  -3  -3  -3  -3  -1  -3  -4   8  -1  -1  -4  -4  -3    0   0   0   0   0   0   0   0   0   0   0   0   0   0 100   0   0   0   0   0  2.12 0.03
   15 T     0   1   0  -1  -2   0   0  -2  -2  -2  -2   3  -1  -3  -1   1   4  -3  -2  -1    0   0   0   0   0   0   0   0   0   0   0  43   0   0   0   0  57   0   0   0  0.36 0.02
   16 V     1  -3  -3  -3  -1  -2  -3  -3  -3   3   2  -3   1   0  -3  -2  -1  -3  -2   2   15   0   0   0   0   0   0   0   0  43  30   0   0   0   0   0   0   0   0  13  0.26 0.01
   17 F    -2  -3  -4  -4  -2  -3  -4  -4  -2   2   1  -3   0   5  -4  -3  -1   0   2   2    0   0   0   0   0   0   0   0   0  25   0   0   0  55   0   0   0   0   0  20  0.42 0.02
   18 C    -1  -4  -3  -4  10  -4  -4  -3  -4  -2  -2  -4  -2  -3  -3  -1  -1  -3  -3  -1    0   0   0   0 100   0   0   0   0   0   0   0   0   0   0   0   0   0   0   0  1.42 0.04
   19 A     3   1  -1  -1  -2   1   0  -1  -1  -2  -2   4  -1  -3  -1   0  -1  -3  -2  -2   40   0   0   0   0   0   0   0   0   0   0  60   0   0   0   0   0   0   0   0  0.34 0.02
   20 I    -2  -4  -4  -4  -2  -3  -4  -4  -4   5   2  -3   1   0  -3  -3  -1  -3  -2   3    0   0   0   0   0   0   0   0   0 100   0   0   0   0   0   0   0   0   0   0  0.47 0.02
   21 T     0  -1   0  -1  -1  -1  -1  -1  -2  -1  -2  -1  -1  -3  -1   3   5  -3  -2  -1    0   0   0   0   0   0   0   0   0   0   0   0   0   0   0  28  72   0   0   0  0.45 0.02
   22 R    -1   4   0  -1  -4   1   1  -2  -1  -3  -3   5  -2  -4  -2  -1  -1  -3  -2  -3    0  28   0   0   0   0   0   0   0   0   0  72   0   0   0   0   0   0   0   0  0.56 0.02
   23 K    -1   3   0  -1  -4   1   1  -2  -1  -3  -3   5  -2  -4  -1   0  -1  -3  -2  -3    0  15   0   0   0   0   0   0   0   0   0  85   0   0   0   0   0   0   0   0  0.57 0.02
   24 C    -1  -4  -3  -4  10  -4  -4  -3  -4  -2  -2  -4  -2  -3  -3  -1  -1  -3  -3  -1    0   0   0   0 100   0   0   0   0   0   0   0   0   0   0   0   0   0   0   0  1.42 0.04

                      K         Lambda
Standard Ungapped    0.1452     0.3405
Standard Gapped      0.0429     0.2670
PSI Ungapped         0.1402     0.3163
PSI Gapped           0.0429     0.2670
