
Last position-specific scoring matrix computed, weighted observed percentages rounded down, information per position, and relative weight of gapless real matches to pseudocounts
            A   R   N   D   C   Q   E   G   H   I   L   K   M   F   P   S   T   W   Y   V   A   R   N   D   C   Q   E   G   H   I   L   K   M   F   P   S   T   W   Y   V
    1 M    -2  -2  -3  -4  -2  -1  -3  -4  -2   0   1  -2   8  -1  -3  -2  -1  -2  -2   0    0   0   0   0   0   0   0   0   0   0   0   0 100   0   0   0   0   0   0   0  1.07 0.17
    2 T     0  -1   1  -1  -2  -1  -1  -2  -2  -2  -2  -1  -1  -3  -2   2   5  -3  -2  -1    0   0   5   0   0   0   0   0   0   0   0   2   0   0   0  11  82   0   0   0  0.64 0.10
    3 A     2  -2  -2  -2  -3   1   0  -2  -2  -3  -3  -1  -2  -4   6  -1  -1  -4  -3  -2   24   0   0   0   0  11   5   0   0   0   0   0   0   0  59   0   0   0   0   0  1.14 0.09
    4 Q    -1   2   0  -1  -3   5   1  -2   4  -3  -3   2  -1  -3  -2  -1  -1  -3  -1  -3    0   8   0   0   0  63   0   0  16   0   0   9   0   0   0   0   0   0   0   0  0.66 0.09
    5 G     1   1   0   3  -2   0   0   1  -1  -3  -3   0  -2  -2   0   2   0  -3  -2  -2    7   9   0  22   0   3   0  12   0   0   0   4   0   2   3  36   0   0   0   0  0.27 0.04
    6 N     0  -2   3  -1  -3  -1  -1  -2  -1  -3  -3  -1  -3  -4   6   0   1  -4  -3  -2    8   0  30   0   0   0   0   0   0   0   0   0   0   0  52   0   9   0   0   0  1.03 0.09
    7 K     0   1  -1  -1  -3   2   0  -2  -1  -3  -3   5  -2  -4  -2  -1  -1  -3  -2  -3    5   0   0   0   0  12   0   0   0   0   0  83   0   0   0   0   0   0   0   0  0.69 0.10
    8 P    -2  -3  -3  -2  -4  -2  -2  -3  -3  -4  -4  -2  -3  -4   8  -2  -2  -5  -4  -3    0   0   0   0   0   0   0   0   0   0   0   0   0   0 100   0   0   0   0   0  2.34 0.14
    9 S     1  -1   0  -1  -2  -1  -1  -1  -2  -3  -3  -1  -2  -3  -1   5   1  -4  -2  -2    0   0   0   0   0   0   0   0   0   0   0   0   0   0   0 100   0   0   0   0  0.76 0.12
   10 S     1  -3  -2  -3   8  -2  -3  -2  -3  -2  -2  -2  -2  -3   0   1  -1  -3  -3  -1   16   0   0   0  62   0   0   0   0   0   0   0   0   0   3  19   0   0   0   0  0.96 0.10
   11 H    -2  -1   0  -2  -4   0  -1  -3   9  -4  -4  -2  -2  -2  -3  -2  -3  -3   1  -4    0   0   0   0   0   0   0   0 100   0   0   0   0   0   0   0   0   0   0   0  1.60 0.16
   12 D     1  -2   2   5  -3   0   1  -1  -1  -3  -3  -1  -3  -4  -2   0  -1  -4  -3  -3   19   0   9  62   0   5   5   0   0   0   0   0   0   0   0   0   0   0   0   0  0.67 0.08
   13 V    -1  -3  -4  -4  -1  -3  -3  -4  -4   3   1  -3   0  -1  -3  -2  -1  -3  -2   5    0   0   0   0   0   0   0   0   0  19   0   0   0   0   0   0   0   0   0  81  0.57 0.09
   14 I    -1  -3  -3  -4  -2  -3  -3  -4  -3   4   1  -3   2   2  -3  -2  -1  -2  -1   2    2   0   0   0   0   0   0   0   0  58   3   0  10  13   0   0   0   0   0  14  0.41 0.07
   15 T     0  -2  -1  -2  -1  -2  -2  -3  -3   1   1  -2   0  -2  -2   0   4  -3  -2   2    3   0   0   0   0   0   0   0   0  10  12   0   0   0   0   0  52   0   0  23  0.32 0.06
   16 G     0  -2   2  -1  -3  -2  -2   6  -2  -4  -4  -2  -3  -4  -3   0  -2  -3  -3  -4    0   0  15   0   0   0   2  81   0   0   0   0   0   0   0   3   0   0   0   0  0.98 0.09
   17 R     0   3   2   0  -3   3   1  -1   0  -3  -2   1  -1  -3  -1   0  -1  -2  -2  -2    5  25  15   1   0  24  10   3   0   1   1   7   0   0   1   5   1   0   0   1  0.33 0.04
   18 W    -3  -3  -3  -4  -3  -2  -3  -3  -2  -3  -2  -3  -2   0  -3  -3  -3  11   3  -3    1   1   0   1   0   0   1   1   0   1   1   1   0   0   1   1   1  81   9   1  2.28 0.14
   19 T     0   1   0  -1  -2   1   0  -1  -1  -1  -2   1  -1  -2  -1   2   3  -2  -2  -1    3   7   0   1   0   8   1   1   0   1   1  14   0   0   1  19  39   0   0   4  0.26 0.04
   20 P    -1  -2  -2  -2  -3  -2  -2  -2  -2  -3  -3  -1  -3  -4   8  -1  -1  -4  -3  -3    1   1   0   1   0   0   1   1   0   1   1   1   0   0  90   1   1   0   0   1  1.94 0.11
   21 S     0  -1   0  -1  -1  -1  -1   0  -1  -2  -2  -1  -2  -2  -1   4   3  -3  -2  -1    1   1   2   1   0   0   1   5   0   1   1   1   0   0   1  60  24   0   0   1  0.41 0.07
   22 A     2  -1  -1   0  -2   0   0   2  -1  -2  -2   1  -2  -3   3   1   0  -3  -2  -1   30   1   0   5   0   0   6  15   0   1   1  14   0   0  13   9   1   0   0   3  0.25 0.03
   23 A     4  -1   2   0  -1  -1  -1   0   0  -2  -2  -1  -2  -3  -1   1   0  -3  -2  -1   63   0  15   5   0   0   0   1   2   0   0   2   0   0   0   6   5   0   0   0  0.35 0.06
   24 D    -2  -2   2   6  -4  -1   1  -2  -1  -4  -4  -1  -4  -4  -2  -1  -2  -5  -4  -4    0   0  11  89   0   0   0   0   0   0   0   0   0   0   0   0   0   0   0   0  1.15 0.11
   25 R     0   3  -1  -1  -2   1   0  -2  -1   0  -1   1  -1  -2  -2   2   2  -3  -2   0    3  23   0   0   0  10   0   0   0   8   2   3   0   0   0  21  22   0   0   7  0.20 0.04
   26 A     4  -2  -2  -2  -1  -1   1  -1  -2  -2  -1  -1  -1  -2  -1   2   0  -3  -2  -1   70   0   0   0   0   0   9   0   0   0   8   0   0   0   0  12   0   0   0   0  0.38 0.07
   27 A     5  -2  -2  -2  -1  -1  -1   0  -2  -2  -2  -1  -2  -3   0   2   0  -3  -2  -1   87   0   0   0   0   0   0   0   0   0   0   0   0   0   3  11   0   0   0   0  0.57 0.09
   28 G    -1   0   4  -1  -3  -1  -1   4  -1  -4  -4   1  -3  -4  -2   0  -1  -3  -3  -3    0   3  31   0   0   0   0  53   0   0   0  13   0   0   0   0   0   0   0   0  0.65 0.07
   29 R    -2   7  -1  -2  -4   0  -1  -3  -1  -4  -3   2  -2  -4  -3  -1  -2  -3  -2  -3    0 100   0   0   0   0   0   0   0   0   0   0   0   0   0   0   0   0   0   0  1.16 0.13
   30 V     1  -2  -2  -3  -1  -1  -2   0  -3   2   1  -1   0  -1  -2  -1   1  -3  -2   2   12   0   0   0   0   2   0   8   0  11  15   5   0   0   0   0  13   0   0  34  0.14 0.03
   31 S     0  -3  -3  -2  -3  -2  -2  -3  -3  -3  -2  -2  -3  -4   8  -1  -2  -4  -3  -3    5   0   0   0   0   0   0   0   0   0   4   0   0   0  88   4   0   0   0   0  1.90 0.12
   32 G     0  -2   2  -1  -3  -2  -2   6  -2  -4  -4  -2  -3  -4  -3   0   0  -3  -3  -3    0   0  11   0   0   0   0  81   0   0   0   0   0   0   0   0   8   0   0   0  0.96 0.09
   33 F    -2  -2  -3  -3  -1  -2  -3  -3   0  -1  -1   0  -1   5  -3  -2  -2   1   6  -2    0   0   0   0   2   0   0   0   0   0   0  11   0  43   0   0   0   0  44   0  0.76 0.09
   34 G     0  -3  -1  -2  -3  -2  -3   6  -3  -4  -4  -2  -3  -4  -3  -1  -2  -3  -4  -4    0   0   0   0   0   0   0 100   0   0   0   0   0   0   0   0   0   0   0   0  1.34 0.11
   35 V     0  -2  -2  -3  -1  -2  -2  -3  -3   2   1  -2   2  -1  -2   0   0  -3  -2   4    5   0   0   0   0   0   1   0   0   0  13   0   7   0   0   8   4   0   0  61  0.28 0.06
   36 I    -1  -3  -3  -3  -1  -3  -3  -3  -3   4   1  -3   1  -1  -3  -1   1  -3  -2   2    2   0   0   0   0   0   0   0   0  58   9   0   0   0   0   0  17   0   0  14  0.36 0.06
   37 T    -1  -2  -1  -2  -2  -1  -2   1  -2   0  -1  -1   1  -2  -2   1   5  -3  -2   0    0   0   0   0   0   0   0  11   0   5   0   0   8   0   0   0  76   0   0   0  0.50 0.10
   38 N    -2  -1   7   1  -3  -1  -1  -1   0  -4  -4  -1  -3  -4  -3   0  -1  -5  -3  -4    0   0 100   0   0   0   0   0   0   0   0   0   0   0   0   0   0   0   0   0  1.18 0.14
   39 I    -2  -4  -4  -4  -2  -3  -4  -4  -4   5   1  -3   1  -1  -3  -3  -1  -3  -2   3    0   0   0   0   0   0   0   0   0  84   3   0   0   0   0   0   0   0   0  13  0.63 0.09
   40 I    -2  -3  -4  -4  -2  -3  -4  -4  -4   5   2  -3   1   0  -3  -3  -1  -3  -2   2    0   0   0   0   0   0   0   0   0  73  19   0   0   0   0   0   0   0   0   8  0.55 0.08
   41 N    -1  -1   6   1  -3  -1  -1  -1   0  -3  -3  -1  -2  -2  -2   1   1  -2   2  -3    0   0  66   2   0   0   0   0   0   0   0   0   0   0   0  11   8   0  13   0  0.62 0.09
   42 G     0  -3   1  -2  -3  -2  -3   6  -2  -4  -4  -2  -3  -4  -3  -1  -2  -3  -4  -4    0   0   6   0   0   0   0  94   0   0   0   0   0   0   0   0   0   0   0   0  1.21 0.09
   43 G     0  -2  -1   0  -3  -1   0   6  -2  -4  -4  -2  -3  -4  -2  -1  -2  -3  -3  -4    0   0   0   6   0   3  10  81   0   0   0   0   0   0   0   0   0   0   0   0  0.94 0.08
   44 L    -1  -2  -3  -3  -2   0  -1  -1  -2   2   3  -2   1   1  -3  -2  -1  -1   2   1    0   0   0   0   0   6   3   6   0  17  45   0   3   3   0   0   0   0  10   7  0.21 0.03
   45 D    -1  -1  -1   2  -4   2   5  -3  -1  -1  -3   0  -2  -3  -2   0   1  -3  -3  -2    0   0   0  10   0   4  70   0   0   6   0   0   0   0   0   0  10   0   0   0  0.62 0.08
   46 C    -1  -4  -4  -4  10  -4  -5  -3  -4  -2  -2  -4  -2  -3  -4  -2  -2  -3  -3  -2    0   0   0   0 100   0   0   0   0   0   0   0   0   0   0   0   0   0   0   0  2.00 0.15

                      K         Lambda
Standard Ungapped    0.1329     0.3161
Standard Gapped      0.0466     0.2670
PSI Ungapped         0.1523     0.3171
PSI Gapped           0.0466     0.2670
