
Last position-specific scoring matrix computed, weighted observed percentages rounded down, information per position, and relative weight of gapless real matches to pseudocounts
            A   R   N   D   C   Q   E   G   H   I   L   K   M   F   P   S   T   W   Y   V   A   R   N   D   C   Q   E   G   H   I   L   K   M   F   P   S   T   W   Y   V
    1 R    -2   6  -1  -2  -5   2  -1  -3  -1  -4  -3   3  -2  -4  -3  -2  -2  -4  -3  -4    0  69   0   0   0   9   0   0   0   0   0  22   0   0   0   0   0   0   0   0  1.05 0.18
    2 E    -1  -2  -1   1  -2  -1   0  -3   1   2   0   0   2  -2  -2  -1   4  -4  -2   1    0   0   0   9   0   0   6   0   4  15   4   5   7   0   0   0  41   0   0  10  0.26 0.12
    3 C    -2  -6  -5  -6  11  -5  -6  -5  -5  -3  -3  -5  -4  -5  -5  -3  -3  -5  -5  -3    0   0   0   0 100   0   0   0   0   0   0   0   0   0   0   0   0   0   0   0  2.91 0.39
    4 R    -1   3  -1  -1  -4   2   4  -3  -1  -4  -2   4  -1  -4  -2  -1  -1  -4  -3  -3    2  13   0   0   0   7  37   0   0   0   2  34   2   0   0   0   2   0   0   0  0.60 0.15
    5 S     1   1   1  -1  -2   0  -1  -1  -2  -2  -3   1  -2  -3  -2   3   3  -4  -3  -1   13   7   6   0   0   2   0   2   0   0   0   7   0   0   0  40  19   0   0   4  0.36 0.12
    6 E    -2   2  -1   0  -4   4   2  -3  -1  -3  -1   2  -2  -4   3  -1  -2  -4  -3  -3    0  12   0   3   0  25  14   0   0   0  10  17   0   0  18   2   0   0   0   0  0.48 0.12
    7 S     0  -2  -1  -2   3  -2  -2  -2  -3  -4  -4  -2  -3  -4  -3   6   0  -5  -3  -3    0   0   0   0   6   0   0   0   0   0   0   0   0   0   0  94   0   0   0   0  1.15 0.28
    8 K     0  -1   2   1  -3   0  -1  -1   6  -3  -1   1   0  -3   1  -1  -2  -4  -1  -3   11   0  15   9   0   4   0   4  31   0   6  11   4   0   6   0   0   0   0   0  0.37 0.12
    9 K    -1   3   1  -1  -3   0  -1   1   1  -3  -2   2  -2  -1  -2   0   2  -3   0  -2    0  23   6   3   0   0   0  13   4   0   2  19   0   3   0   6  18   0   4   0  0.25 0.09
   10 F    -4  -5  -5  -5  -4  -5  -5  -5  -3  -2  -1  -5  -2   8  -5  -4  -4   5   3  -3    0   0   0   0   0   0   0   0   0   0   0   0   0  86   0   0   0   9   6   0  1.69 0.28
   11 V    -2   2   0  -2  -4   1   0  -3   3  -3  -3   5  -2  -4   1   0  -2  -4  -2  -2    0   6   2   0   0   3   4   0  10   0   0  56   0   0   7   7   0   0   0   5  0.58 0.16
   12 G    -1  -4  -2  -3  -4  -3  -4   7  -3  -5  -5  -3  -4  -4  -4  -2  -3  -4   0  -5    0   0   0   0   0   0   0  96   0   0   0   0   0   0   0   0   0   0   4   0  1.65 0.27
   13 L     1  -2  -3  -3  -2  -2  -2  -3   0   1   1  -2   2  -1   4  -1   0  -3   1   1   16   0   0   0   0   0   0   0   3  11  19   2   8   0  23   0   5   0   6   6  0.32 0.09
   14 C    -2  -6  -5  -6  11  -5  -6  -5  -5  -3  -3  -5  -4  -5  -5  -3  -3  -5  -5  -3    0   0   0   0 100   0   0   0   0   0   0   0   0   0   0   0   0   0   0   0  2.93 0.40
   15 V    -2  -3  -2  -3  -2  -3  -3  -2  -3   3   2  -3   2   3  -3  -2   1  -2  -1   2    0   0   2   0   0   0   0   4   0  20  20   0   5  15   0   0  12   0   0  22  0.28 0.09
   16 S    -1   2   2  -1  -3  -1  -1  -1   0  -4  -4   1  -3  -4   1   4   2  -4  -3  -3    0  16  12   0   0   0   0   2   2   0   0   5   0   0   6  47  10   0   0   0  0.47 0.15
   17 D    -1  -2   2   6  -4  -1   1  -2  -2  -4  -4   1  -3  -4  -3   1   0   3  -3  -4    2   0   9  52   0   0   4   0   0   0   0  13   0   0   0  11   5   5   0   0  0.70 0.16
   18 T     0   1   1  -1  -3   1  -1   0   4  -3  -3   0  -2  -3   1   2   3  -4  -2  -2    7   9   6   2   0   5   0   6  14   0   0   5   0   0   7  16  24   0   0   0  0.28 0.09
   19 N    -3  -2   7   1  -4  -1  -2  -1   1  -5  -5  -2  -4  -5   2   0  -1  -5  -3  -4    0   0  71   6   0   0   0   3   4   0   0   0   0   0  11   6   0   0   0   0  1.07 0.23
   20 C    -2  -6  -5  -6  11  -5  -6  -5  -5  -3  -3  -5  -4  -5  -5  -3  -3  -5  -5  -3    0   0   0   0 100   0   0   0   0   0   0   0   0   0   0   0   0   0   0   0  2.93 0.40
   21 A     4   1   1   1  -2   0   0   0  -2  -2  -3   1  -2  -3  -2   0  -1  -4  -3  -1   50   9   6   8   0   3   5   4   0   0   0   7   0   0   0   4   0   0   0   4  0.31 0.12
   22 S    -1   1   3  -1  -3   2  -1  -2  -1   0  -2   3  -2  -3  -2   1   1  -4  -3  -2    0   3  21   0   0  10   0   0   0   7   4  30   0   0   0  15  10   0   0   0  0.32 0.12
   23 V     2  -3  -3  -4   2  -3  -3  -3   2   1  -1  -3  -1  -2  -3  -1  -1  -4  -2   5   17   0   0   0   4   0   0   0   6   3   0   0   0   0   0   5   0   0   0  65  0.53 0.18
   24 C    -2  -6  -5  -6  11  -5  -6  -5  -5  -3  -3  -5  -4  -5  -5  -3  -3  -5  -5  -3    0   0   0   0 100   0   0   0   0   0   0   0   0   0   0   0   0   0   0   0  2.93 0.40
   25 L    -2   4   0  -1  -3   3   0  -3   3   0   0   1   0  -3  -1  -1  -1  -3  -2  -2    0  28   3   4   0  17   2   0  12  10  11   6   2   0   3   0   3   0   0   0  0.27 0.10
   26 T    -1   2   2  -1  -3   2  -1  -1  -1  -3  -3   1  -2  -3   0   2   3  -3   0  -2    0  11  15   0   0  15   0   4   0   0   0   6   0   0   4  14  27   0   5   0  0.32 0.11
   27 E    -3  -2  -2   0  -6   0   7  -4  -2  -5  -5  -1  -4  -5  -3  -2  -3  -5  -4  -4    0   0   0   0   0   0 100   0   0   0   0   0   0   0   0   0   0   0   0   0  1.60 0.31
   28 R    -1   0   1   0  -4  -2  -2   5   3  -5  -4   1  -3  -4  -3  -1  -2  -4  -1  -4    0   4   7   3   0   0   0  59  11   0   0  11   0   0   0   2   0   0   2   0  0.76 0.16
   29 F    -4  -4  -5  -5  -4  -4  -5  -5  -3  -2   0  -5  -1   8  -5  -4  -4   7   3  -2    0   0   0   0   0   0   0   0   0   0   6   0   0  70   0   0   0  15   9   0  1.46 0.25
   30 P    -1  -2  -1  -1  -3  -2  -2   1  -3  -1  -1  -1  -2  -3   5   2   2  -4  -3  -1    0   0   2   3   0   0   0   9   0   2   6   4   0   0  32  17  19   0   0   5  0.51 0.12
   31 G     0   0   0   3  -3  -2  -1   5  -2  -4  -4  -2  -3  -4  -3   0  -1  -4  -4  -4    8   8   3  24   0   0   0  48   0   0   0   0   0   0   0   6   4   0   0   0  0.63 0.14
   32 G    -1  -4  -2  -3  -4  -3  -4   7  -4  -6  -6  -3  -4  -5  -4  -2  -3  -4  -5  -5    0   0   0   0   0   0   0 100   0   0   0   0   0   0   0   0   0   0   0   0  1.79 0.28
   33 K    -2   3   3   2  -4   1   0  -2   4  -3  -3   3  -2  -4  -3   0  -1  -4  -2  -2    0  20  16  15   0   3   2   0  14   0   0  21   0   0   0   6   0   0   0   4  0.43 0.12
   34 C    -3  -6  -5  -6  11  -5  -6  -5  -5  -3  -3  -5  -4  -5  -5  -3  -3  -5  -5  -3    0   0   0   0 100   0   0   0   0   0   0   0   0   0   0   0   0   0   0   0  2.99 0.40
   35 D    -2   3   1   3  -3   0   0  -2   2  -2  -2   2  -2  -3  -2   1  -1  -4  -2  -1    0  19   7  21   0   0   3   0   8   2   4  15   0   0   0  13   0   0   0   8  0.27 0.09
   36 G     0  -1  -1   0  -3   0  -2   5  -2  -3  -3   1  -3  -1   0   0  -2  -3  -3  -2    5   2   0   6   0   4   0  54   0   0   0  10   0   4   4   6   0   0   0   4  0.54 0.12
   37 Y    -2  -3  -3   0  -3  -3  -3  -1   3   0   2  -3   1   5  -4  -2  -2  -1   2  -1    2   0   0   6   0   0   0   4  12   6  23   0   4  37   0   2   0   0   3   2  0.40 0.12
   38 R    -3   7   0  -3  -5  -1  -2  -4  -2  -4  -2   0  -2   2  -4  -2  -3  -3  -2  -4    0  80   3   0   0   0   0   0   0   0   4   0   0  10   0   0   0   0   0   0  1.16 0.24
   39 R    -3   7  -2  -3  -5   2  -1  -3   2  -4  -4   3  -3  -4  -3  -2  -2  -4  -3  -4    0  67   0   0   0   6   0   0   5   0   0  19   0   0   0   0   0   0   0   0  1.07 0.21
   40 C    -3  -6  -5  -6  11  -5  -6  -5  -5  -3  -3  -5  -4  -5  -5  -3  -3  -5  -5  -3    0   0   0   0 100   0   0   0   0   0   0   0   0   0   0   0   0   0   0   0  2.99 0.40
   41 F    -2  -2  -3  -3  -3  -2   0  -4   1   1   1   0   2   4  -4  -2  -2   4   4   0    0   0   0   0   0   0   8   0   5   7   9   8  10  25   0   0   0   6  17   5  0.37 0.11
   42 C    -3  -6  -5  -6  11  -5  -6  -5  -5  -3  -3  -5  -4  -5  -5  -3  -3  -5  -5  -3    0   0   0   0 100   0   0   0   0   0   0   0   0   0   0   0   0   0   0   0  2.99 0.40
   43 T    -1   0   0  -1  -2   1   0  -3  -2   1  -2  -1   0  -2  -2   1   5  -3   1  -1    0   3   2   3   0   8   4   0   0   9   0   3   2   0   0   9  49   0   6   2  0.37 0.14
   44 K    -2   6  -2  -3  -5   0  -1  -3  -2  -4  -2   5  -3  -4  -3  -2  -1  -4  -3  -4    0  45   0   0   0   0   0   0   0   0   3  48   0   0   0   0   4   0   0   0  0.99 0.22
   45 D    -1  -1   1   1  -3   2  -1  -2   3  -2  -2   0  -2  -4   5   0  -2  -4  -2  -2    3   2   9   9   0  13   0   2  10   2   3   3   0   0  34   6   0   0   0   3  0.57 0.12
   46 C    -3  -6  -5  -6  11  -5  -6  -5  -5  -3  -4  -5  -4  -5  -5  -3  -3  -5  -5  -3    0   0   0   0 100   0   0   0   0   0   0   0   0   0   0   0   0   0   0   0  3.03 0.40

                      K         Lambda
Standard Ungapped    0.1408     0.3282
Standard Gapped      0.0504     0.2670
PSI Ungapped         0.1647     0.3173
PSI Gapped           0.0504     0.2670
