
Last position-specific scoring matrix computed, weighted observed percentages rounded down, information per position, and relative weight of gapless real matches to pseudocounts
            A   R   N   D   C   Q   E   G   H   I   L   K   M   F   P   S   T   W   Y   V   A   R   N   D   C   Q   E   G   H   I   L   K   M   F   P   S   T   W   Y   V
    1 Q    -1   1   0   0  -3   5   2  -2   0  -3  -2   1   0  -3  -1   0  -1  -2  -1  -2    0   0   0   0   0   0   0   0   0   0   0   0   0   0   0   0   0   0   0   0  0.00     0.00
    2 E    -1   0   0   2  -4   2   6  -2   0  -4  -3   1  -2  -4  -1   0  -1  -3  -2  -3    0   0   0   0   0   0 100   0   0   0   0   0   0   0   0   0   0   0   0   0  0.74 0.00
    3 A     4  -2  -2  -2   0  -1  -1   0  -2  -1  -2  -1  -1  -2  -1   1   0  -3  -2   0  100   0   0   0   0   0   0   0   0   0   0   0   0   0   0   0   0   0   0   0  0.41 0.00
    4 Q    -1   0   0  -1  -3   3   1  -2   7  -3  -3   0  -1  -2  -2  -1  -1  -2   1  -3    0   0   0   0   0  34   0   0  66   0   0   0   0   0   0   0   0   0   0   0  0.63 0.00
    5 S     1  -1   0  -1  -2   0   0  -1  -1  -3  -3  -1  -2  -3   5   3   1  -3  -2  -2    0   0   0   0   0   0   0   0   0   0   0   0   0   0  33  67   0   0   0   0  0.65 0.00
    6 V    -1  -1   0  -2  -2   0  -1  -3   7   0  -1  -1  -1  -1  -2  -1  -1  -3   1   1    0   0   0   0   0   0   0   0  66   0   0   0   0   0   0   0   0   0   0  34  0.42 0.00
    7 A     3  -2  -2  -2  -1  -1  -1  -1  -2   1  -1  -1   0  -2  -1   1   0  -3  -2   2   67   0   0   0   0   0   0   0   0   0   0   0   0   0   0   0   0   0   0  33  0.24 0.00
    8 C     0  -4  -3  -4  10  -3  -4  -3  -3  -1  -1  -3  -2  -3  -3  -1  -1  -3  -3  -1    0   0   0   0 100   0   0   0   0   0   0   0   0   0   0   0   0   0   0   0  1.23 0.01
    9 T     0  -1   0  -1  -1  -1  -1  -2  -2  -1  -1  -1  -1  -2  -1   2   5  -3  -2   0    0   0   0   0   0   0   0   0   0   0   0   0   0   0   0   0 100   0   0   0  0.48 0.00
   10 S     1  -1   1   0  -1   0   0   0  -1  -3  -3   0  -2  -3  -1   4   2  -3  -2  -2    0   0   0   0   0   0   0   0   0   0   0   0   0   0   0 100   0   0   0   0  0.46 0.00
   11 Y    -2  -2  -2  -3  -3  -2  -2  -3   2  -2  -1  -2  -1   3  -3  -2  -2   2   7  -1    0   0   0   0   0   0   0   0   0   0   0   0   0   0   0   0   0   0 100   0  0.87 0.00
   12 Y    -2  -2  -3  -4  -3  -2  -3  -3   1  -2  -1  -2  -1   3  -4  -2  -2   9   6  -2    0   0   0   0   0   0   0   0   0   0   0   0   0   0   0   0   0  34  66   0  1.09 0.00
   13 C     0  -4  -3  -4  10  -3  -4  -3  -3  -1  -1  -3  -2  -3  -3  -1  -1  -3  -3  -1    0   0   0   0 100   0   0   0   0   0   0   0   0   0   0   0   0   0   0   0  1.23 0.01
   14 S     1  -1   0  -1  -1  -1  -1   3  -1  -3  -3  -1  -2  -3  -1   3   1  -3  -2  -2    0   0   0   0   0   0   0  34   0   0   0   0   0   0   0  66   0   0   0   0  0.45 0.00
   15 K    -1   2   0  -1  -3   1   1  -2  -1  -3  -3   5  -2  -3  -1   0  -1  -3  -2  -3    0   0   0   0   0   0   0   0   0   0   0 100   0   0   0   0   0   0   0   0  0.52 0.00
   16 F    -2  -3  -3  -4  -3  -4  -4  -3  -1   0   0  -3   0   7  -4  -3  -2   1   3  -1    0   0   0   0   0   0   0   0   0   0   0   0   0 100   0   0   0   0   0   0  0.75 0.00
   17 C     0  -4  -3  -4  10  -3  -4  -3  -3  -1  -1  -3  -2  -3  -3  -1  -1  -3  -3  -1    0   0   0   0 100   0   0   0   0   0   0   0   0   0   0   0   0   0   0   0  1.23 0.01
   18 G     0  -3   0  -1  -3  -2  -2   6  -2  -4  -4  -2  -3  -3  -2   0  -2  -3  -3  -4    0   0   0   0   0   0   0 100   0   0   0   0   0   0   0   0   0   0   0   0  1.05 0.00
   19 S     0  -1   0  -1  -1  -1  -1  -1  -2  -1  -2  -1  -1  -2  -1   3   4  -3  -2  -1    0   0   0   0   0   0   0   0   0   0   0   0   0   0   0  34  66   0   0   0  0.40 0.00
   20 A     4  -2  -2  -2   0  -1  -1   0  -2  -1  -2  -1  -1  -2  -1   1   0  -3  -2   0  100   0   0   0   0   0   0   0   0   0   0   0   0   0   0   0   0   0   0   0  0.41 0.00
   21 G     1  -2   0  -1  -2  -1  -1   5  -2  -4  -4  -1  -2  -3  -2   2   0  -3  -3  -3    0   0   0   0   0   0   0  66   0   0   0   0   0   0   0  34   0   0   0   0  0.65 0.00
   22 C     0  -4  -3  -4  10  -3  -4  -3  -3  -1  -1  -3  -2  -3  -3  -1  -1  -3  -3  -1    0   0   0   0 100   0   0   0   0   0   0   0   0   0   0   0   0   0   0   0  1.23 0.01
   23 S     0  -1   0  -1  -1  -1  -1  -1  -2  -1  -2  -1  -1  -2  -1   3   4  -3  -2  -1    0   0   0   0   0   0   0   0   0   0   0   0   0   0   0  34  66   0   0   0  0.40 0.00
   24 L    -2   3  -1  -2  -3   0  -1  -3   5  -1   1   0   0  -1  -3  -1  -1  -2   0  -1    0  33   0   0   0   0   0   0  34   0  34   0   0   0   0   0   0   0   0   0  0.27 0.00
   25 Y    -2  -2  -2  -3  -3  -2  -2  -3   2  -2  -1  -2  -1   3  -3  -2  -2   2   7  -1    0   0   0   0   0   0   0   0   0   0   0   0   0   0   0   0   0   0 100   0  0.87 0.00
   26 G     0  -3  -1  -2  -2  -2  -3   5  -3  -1   1  -2   0  -2  -3  -1  -2  -2  -2  -1    0   0   0   0   0   0   0  66   0   0  34   0   0   0   0   0   0   0   0   0  0.50 0.00
   27 C     0  -4  -3  -4  10  -3  -4  -3  -3  -1  -1  -3  -2  -3  -3  -1  -1  -3  -3  -1    0   0   0   0 100   0   0   0   0   0   0   0   0   0   0   0   0   0   0   0  1.23 0.01
   28 Y    -2   5  -1  -2  -3   0  -1  -3   1  -3  -2   1  -1   1  -3  -1  -1   0   4  -2    0  66   0   0   0   0   0   0   0   0   0   0   0   0   0   0   0   0  34   0  0.51 0.00
   29 L    -1  -2   3  -1  -2  -1  -2  -2  -1   1   2  -2   1  -1  -3  -1   0  -3  -2   2    0   0  33   0   0   0   0   0   0   0  34   0   0   0   0   0   0   0   0  34  0.16 0.00
   30 L    -2  -2  -4  -4  -1  -2  -3  -4  -3   2   4  -3   2   0  -3  -3  -1  -2  -1   1    0   0   0   0   0   0   0   0   0   0 100   0   0   0   0   0   0   0   0   0  0.46 0.00
   31 H    -2   0   1  -1  -3   0   0  -2   8  -4  -3  -1  -2  -1  -2  -1  -2  -3   2  -4    0   0   0   0   0   0   0   0 100   0   0   0   0   0   0   0   0   0   0   0  0.88 0.01
   32 P    -1   3  -2  -2  -3   0  -1  -2  -2  -3  -3   0  -2  -4   7  -1  -1  -4  -3  -3    0  33   0   0   0   0   0   0   0   0   0   0   0   0  67   0   0   0   0   0  1.27 0.00
   33 G     0  -3   0  -1  -3  -2  -2   6  -2  -4  -4  -2  -3  -3  -2   0  -2  -3  -3  -4    0   0   0   0   0   0   0 100   0   0   0   0   0   0   0   0   0   0   0   0  1.05 0.00
   34 K    -1   2   0  -1  -3   1   1  -2  -1  -3  -3   5  -2  -3  -1   0  -1  -3  -2  -3    0   0   0   0   0   0   0   0   0   0   0 100   0   0   0   0   0   0   0   0  0.52 0.00
   35 I    -1  -2  -3  -4  -1  -2  -3  -4  -3   3   3  -2   4   0  -3  -2  -1  -2  -1   2    0   0   0   0   0   0   0   0   0  34  33   0  34   0   0   0   0   0   0   0  0.31 0.00
   36 C     0  -4  -3  -4  10  -3  -4  -3  -3  -1  -1  -3  -2  -3  -3  -1  -1  -3  -3  -1    0   0   0   0 100   0   0   0   0   0   0   0   0   0   0   0   0   0   0   0  1.23 0.01
   37 Y     2  -2  -2  -3  -2  -2  -2  -2   0  -1  -1  -2  -1   4  -2  -1  -1   1   5  -1   34   0   0   0   0   0   0   0   0   0   0   0   0  33   0   0   0   0  34   0  0.36 0.00
   38 C     0  -4  -3  -4  10  -3  -4  -3  -3  -1  -1  -3  -2  -3  -3  -1  -1  -3  -3  -1    0   0   0   0 100   0   0   0   0   0   0   0   0   0   0   0   0   0   0   0  1.23 0.01
   39 L    -1  -3  -4  -4  -1  -2  -3  -4  -3   2   3  -3   2   0  -3  -2  -1  -2  -1   2    0   0   0   0   0   0   0   0   0   0  66   0   0   0   0   0   0   0   0  34  0.35 0.00
   40 H    -2   0   1  -1  -3   0   0  -2   8  -4  -3  -1  -2  -1  -2  -1  -2  -3   2  -4    0   0   0   0   0   0   0   0 100   0   0   0   0   0   0   0   0   0   0   0  0.88 0.01
   41 C     0  -4  -3  -4  10  -3  -4  -3  -3  -1  -1  -3  -2  -3  -3  -1  -1  -3  -3  -1    0   0   0   0 100   0   0   0   0   0   0   0   0   0   0   0   0   0   0   0  1.23 0.01
   42 S     1  -1   1   0  -1   0   0   0  -1  -3  -3   0  -2  -3  -1   4   2  -3  -2  -2    0   0   0   0   0   0   0   0   0   0   0   0   0   0   0 100   0   0   0   0  0.46 0.00
   43 R    -2   6  -1  -2  -4   1   0  -3   0  -3  -2   2  -2  -3  -2  -1  -1  -3  -2  -3    0 100   0   0   0   0   0   0   0   0   0   0   0   0   0   0   0   0   0   0  0.76 0.00

                      K         Lambda
Standard Ungapped    0.1394     0.3298
Standard Gapped      0.0410     0.2670
PSI Ungapped         0.1394     0.3298
PSI Gapped           0.0410     0.2670
