
Last position-specific scoring matrix computed, weighted observed percentages rounded down, information per position, and relative weight of gapless real matches to pseudocounts
            A   R   N   D   C   Q   E   G   H   I   L   K   M   F   P   S   T   W   Y   V   A   R   N   D   C   Q   E   G   H   I   L   K   M   F   P   S   T   W   Y   V
    1 V     4  -2  -2  -2  -1  -1  -1  -1  -2   1  -1  -1   0  -2  -1   1   0  -3  -2   2   69   0   0   0   0   0   0   0   0   0   0   0   0   0   0   0   0   0   0  31  0.25 0.00
    2 G     0  -3  -1  -2  -3  -2  -2   6  -2  -4  -4  -2  -3  -4  -2   0  -2  -3  -3  -4    0   0   0   0   0   0   0 100   0   0   0   0   0   0   0   0   0   0   0   0  1.06 0.01
    3 E    -1   0   0   1  -4   4   5  -2   0  -3  -3   1  -2  -4  -1   0  -1  -3  -2  -3    0   0   0   0   0  26  74   0   0   0   0   0   0   0   0   0   0   0   0   0  0.66 0.01
    4 C    -1   0  -2  -3   8  -1  -2  -2  -2  -2  -2   2  -2  -3  -2  -1  -1  -3  -3  -1    0   0   0   0  67   0   0   0   0   0   0  33   0   0   0   0   0   0   0   0  0.72 0.01
    5 V    -1  -2  -3  -3  -2  -2  -2  -3   1   1   0  -2   0   2  -3  -2  -1   1   6   2    0   0   0   0   0   0   0   0   0   0   0   0   0   0   0   0   0   0  59  41  0.44 0.01
    6 R    -2   5   3   0  -3   2   0  -2   0  -3  -3   2  -2  -3  -2   0  -1  -3  -2  -3    0  52  30   0   0  17   0   0   0   0   0   0   0   0   0   0   0   0   0   0  0.50 0.01
    7 G     4  -2  -2  -2  -1  -1  -2   3  -2  -2  -2  -1  -2  -3  -2   1  -1  -3  -3  -1   77   0   0   0   0   0   0  23   0   0   0   0   0   0   0   0   0   0   0   0  0.51 0.05
    8 R    -1   3  -2  -3  -2  -1  -1  -3  -2   0   2   1   0  -1  -3  -1   1  -3  -2   0    0  31   0   0   0   0   0   0   0   0  39   7   0   0   0   0  14   0   0   8  0.22 0.03
    9 C    -1  -5  -4  -5  10  -4  -5  -4  -4  -2  -2  -4  -2  -3  -4  -2  -2  -3  -3  -2    0   0   0   0 100   0   0   0   0   0   0   0   0   0   0   0   0   0   0   0  1.92 0.12
   10 P     1  -2  -2  -2  -3   1  -1  -2  -2  -3  -3  -1  -3  -4   7   1  -1  -4  -3  -3   13   0   0   0   0   9   0   0   0   0   0   0   0   0  67  12   0   0   0   0  1.30 0.07
   11 S     0  -2   3   0  -2  -1   0   4  -1  -3  -2  -1  -2  -3  -2   2   0  -3  -3  -3    4   0  23   0   0   0   4  38   0   0   5   0   0   0   0  27   0   0   0   0  0.42 0.04
   12 G     0  -1   2  -1   2  -2  -1   5  -2  -4  -4  -1  -3  -4  -3   0  -1  -3  -3  -3    0   4  12   0   8   0   4  67   0   0   0   0   0   0   0   4   0   0   0   0  0.71 0.05
   13 M     0   0  -1  -3  -2   1  -2  -3  -2   1   3  -1   3  -1  -3  -2  -1  -2  -2   0    7   4   3   0   0  12   0   0   0   3  54   0  15   0   0   0   0   0   0   0  0.24 0.04
   14 C    -1  -5  -4  -5  10  -4  -5  -4  -4  -2  -2  -4  -2  -3  -4  -2  -2  -3  -3  -2    0   0   0   0 100   0   0   0   0   0   0   0   0   0   0   0   0   0   0   0  1.92 0.12
   15 C    -1  -5  -4  -5  10  -4  -5  -4  -4  -2  -2  -4  -2  -3  -4  -2  -2  -3  -3  -2    0   0   0   0 100   0   0   0   0   0   0   0   0   0   0   0   0   0   0   0  1.92 0.12
   16 S     1  -1   0  -1  -2  -1  -1  -1  -2  -3  -3  -1  -2  -3  -1   5   1  -4  -2  -2    0   0   0   0   0   0   0   0   0   0   0   0   0   0   0 100   0   0   0   0  0.73 0.09
   17 Q    -1   2   1  -1  -4   5   2  -2   0  -3  -3   3  -1  -4  -2   0  -1  -3  -2  -3    0   7   7   0   0  42   8   0   0   0   0  33   0   0   0   3   0   0   0   0  0.53 0.05
   18 F    -3  -3  -4  -4  -3  -3  -4  -4  -1  -1  -1  -3  -1   6  -4  -3  -3   7   5  -2    0   0   0   0   0   0   0   0   0   0   0   0   0  56   0   0   0  18  26   0  1.03 0.07
   19 G     0  -3  -1  -2  -3  -3  -3   7  -3  -5  -5  -2  -3  -4  -3  -1  -2  -3  -4  -4    0   0   0   0   0   0   0 100   0   0   0   0   0   0   0   0   0   0   0   0  1.31 0.08
   20 Y    -3  -3  -4  -5  -3  -3  -4  -4  -1  -3  -2  -4  -2   3  -4  -3  -3  11   5  -3    0   0   0   0   0   0   0   0   0   0   0   0   0  12   0   0   0  60  28   0  1.82 0.10
   21 C    -1  -5  -4  -5  10  -4  -5  -4  -4  -2  -2  -4  -2  -3  -4  -2  -2  -3  -3  -2    0   0   0   0 100   0   0   0   0   0   0   0   0   0   0   0   0   0   0   0  1.92 0.12
   22 G     0  -3  -1  -2  -3  -2  -3   6  -3  -4  -4  -2  -3  -4  -3  -1  -2  -3  -4  -4    5   0   0   0   0   0   0  95   0   0   0   0   0   0   0   0   0   0   0   0  1.20 0.07
   23 K    -1   0   4   0  -2  -1  -1  -1  -1  -2  -1   0  -1  -3  -2   2   3  -3  -2  -2    0   4  31   0   0   0   0   0   0   0   9   4   0   0   0  23  29   0   0   0  0.31 0.04
   24 G     0  -2  -1  -2  -2  -1  -2   3  -2  -2  -2  -1  -2  -3  -2   1   5  -3  -3  -1    0   0   0   0   0   0   0  24   0   0   0   0   0   0   0   0  76   0   0   0  0.58 0.07
   25 P     1  -1   2   1  -2   0   1  -1  -1  -3  -3   1  -2  -3   4   2   0  -4  -3  -2   11   0  11  10   0   3   7   0   0   0   0   9   0   0  26  19   3   0   0   0  0.46 0.03
   26 K     0  -1   0   6  -4   0   2  -2  -2  -4  -4   1  -3  -4   1  -1  -1  -4  -3  -3    8   0   0  66   0   0  12   0   0   0   0   8   0   0   6   0   0   0   0   0  0.71 0.05
   27 Y    -3  -2  -3  -4  -3  -2  -3  -4   3  -2  -2  -3  -2   2  -4  -2  -2   2   8  -2    0   0   0   0   0   0   0   0   5   0   0   0   0   0   0   0   0   0  95   0  1.29 0.10
   28 C    -1  -5  -4  -5  10  -4  -5  -4  -4  -2  -2  -4  -2  -3  -4  -2  -2  -3  -3  -2    0   0   0   0 100   0   0   0   0   0   0   0   0   0   0   0   0   0   0   0  1.92 0.12
   29 G     0  -2  -1   1  -3  -2  -2   6  -2  -4  -4  -1  -3  -4  -3  -1  -2  -3  -4  -4    0   0   0   8   0   0   0  88   0   0   0   4   0   0   0   0   0   0   0   0  1.01 0.06
   30 R    -1   4   0  -1  -4   1   0  -2  -1  -3  -3   4  -2  -3  -2  -1  -1  -3  -2  -3    0  38   0   0   0   0   0   0   0   0   0  62   0   0   0   0   0   0   0   0  0.56 0.01

                      K         Lambda
Standard Ungapped    0.1511     0.3291
Standard Gapped      0.0462     0.2670
PSI Ungapped         0.1511     0.3287
PSI Gapped           0.0462     0.2670
