
Last position-specific scoring matrix computed, weighted observed percentages rounded down, information per position, and relative weight of gapless real matches to pseudocounts
            A   R   N   D   C   Q   E   G   H   I   L   K   M   F   P   S   T   W   Y   V   A   R   N   D   C   Q   E   G   H   I   L   K   M   F   P   S   T   W   Y   V
    1 G     0  -2   0  -1  -2  -2  -2   5  -2  -4  -4  -1  -3  -3  -2   2  -1  -3  -3  -3    0   0   0   0   0   0   0  75   0   0   0   0   0   0   0  25   0   0   0   0  0.82 0.05
    2 V    -2  -3  -4  -4  -2  -3  -3  -4  -3   3   3  -3   1   3  -3  -3  -1  -1   0   2    0   0   0   0   0   0   0   0   0  28  39   0   0  24   0   0   0   0   0   8  0.36 0.03
    3 L    -2   2  -3  -3  -2  -1  -2  -4  -2   1   4   0   1   0  -3  -2  -1  -2  -1   0    0  16   0   0   0   0   0   0   0   0  77   7   0   0   0   0   0   0   0   0  0.34 0.04
    4 D    -1  -2   2   6  -3  -1   1   0  -1  -3  -4  -1  -3  -4  -2   1   0  -4  -3  -3    0   0   5  75   0   0   0   7   0   0   0   0   0   0   0   8   5   0   0   0  0.75 0.05
    5 T     1   0   0  -1  -1   0   0  -1  -2  -2  -2   2  -1  -3  -1   2   4  -3  -2  -1    7   0   0   0   0   0   0   0   0   0   0  24   0   0   0  18  52   0   0   0  0.35 0.04
    6 F    -2  -3  -3  -4  -2  -3  -3  -1  -2   1   2  -3   1   5  -4  -3  -2   0   2   0    0   0   0   0   0   0   0   6   0  10  31   0   0  52   0   0   0   0   0   0  0.43 0.04
    7 K    -1   2  -1  -1  -4   1   0  -2  -1  -3  -3   6  -2  -4  -1  -1  -1  -3  -2  -3    0   0   0   0   0   0   0   0   0   0   0 100   0   0   0   0   0   0   0   0  0.71 0.07
    8 D    -1  -1   5   2  -3   1   1  -1   3  -3  -3   0  -2  -3  -2   0   1  -4  -2  -3    0   0  50  14   0   8   8   0   9   0   0   0   0   0   0   0  11   0   0   0  0.48 0.04
    9 V     1  -2  -3  -3  -1  -2  -3  -3  -3   2   2  -2   2   1  -3  -1  -1   3   0   2   15   0   0   0   0   0   0   0   0   6  31   0   9   8   0   0   0   5   0  27  0.22 0.02
   10 A     3  -2  -2  -2  -1  -1  -2   2  -2  -1  -1  -1   3  -2  -2   0  -1  -3  -2   0   63   0   0   0   0   0   0  15   0   0   0   0  21   0   0   0   0   0   0   0  0.32 0.04
   11 I    -2  -2  -3  -3  -2  -2  -3  -4  -3   4   1   0   1   1  -3  -2  -1  -2  -1   2    0   0   0   0   0   0   0   0   0  75   4   9   0   7   0   0   0   0   0   5  0.34 0.04
   12 G     0  -1   2   2  -2  -1   0   3  -1  -3  -3   0  -2  -3  -2   2   1  -3  -3  -2    0   0  16  16   0   0   0  30   0   0   0   5   0   0   0  24   9   0   0   0  0.37 0.02
   13 V     3  -2  -2  -3  -1  -2  -2  -1  -3   2   1  -2   0  -1  -2   0   0  -3  -2   2   49   0   0   0   0   0   0   0   0  17  11   0   0   0   0   0   0   0   0  22  0.22 0.03
   14 A     4  -2  -2  -2  -1  -1  -1   1  -2  -1  -1  -1  -1  -2  -1   1   0  -3  -2  -1   83   0   0   0   0   0   0   9   0   0   8   0   0   0   0   0   0   0   0   0  0.40 0.05
   15 K    -1   3   0  -1  -4   2   1  -2  -1  -3  -3   5  -2  -4  -1  -1  -1  -3  -2  -3    0   8   0   0   0   8   0   0   0   0   0  85   0   0   0   0   0   0   0   0  0.62 0.06
   16 G     0  -2   0  -1  -2  -1  -1   4  -2  -3  -3  -1  -2  -3  -2   3   0  -3  -3  -3    0   0   0   0   0   0   0  53   0   0   0   0   0   0   0  47   0   0   0   0  0.62 0.04
   17 A     4  -2  -2  -2  -1  -1  -1   0  -2  -1  -1  -1  -1  -2  -1   1   0  -3  -2   1   87   0   0   0   0   0   0   0   0   0   0   0   0   0   0   0   0   0   0  13  0.43 0.05
   18 G     1  -2  -1  -2  -2  -2  -2   5  -2  -3  -1  -2  -2  -3  -2   0  -2  -3  -3  -2   15   0   0   0   0   0   0  75   0   0   9   0   0   0   0   0   0   0   0   0  0.74 0.04
   19 T    -1   1   0  -1  -2   4   1  -2  -1  -1  -2   2  -1  -3  -2   0   2  -3  -2   0    0   0   0   0   0  40   0   0   0   0   0  26   0   0   0   0  24   0   0   9  0.34 0.04
   20 G     0  -2   0  -1  -2  -1  -1   4  -2  -3  -3  -1  -2  -3  -2   3   2  -3  -2  -2    0   0   0   0   0   0   0  37   0   0   0   0   0   0   0  48  15   0   0   0  0.47 0.04
   21 V     1  -2  -3  -3  -1  -2  -2  -2  -3   2   2  -2   1  -1  -2  -1   0  -3  -2   3   21   0   0   0   0   0   0   0   0   0  25   0   0   0   0   0   0   0   0  54  0.26 0.03
   22 L    -2  -3  -4  -4  -2  -3  -3  -4  -3   1   5  -3   2   0  -3  -3  -2  -2  -1   1    0   0   0   0   0   0   0   0   0   0 100   0   0   0   0   0   0   0   0   0  0.59 0.05
   23 K    -1   0   5   0  -3   0   0  -1   0  -3  -3   2  -2  -3  -2   1   1  -4  -2  -3    0   0  57   0   0   0   0   0   0   0   0  24   0   0   0  14   5   0   0   0  0.50 0.04
   24 A     2  -1   0  -1  -1  -1  -1  -1   2  -1  -2   0  -1  -2  -1   1   4  -3  -1  -1   25   0   0   0   0   0   0   0   9   0   0   6   0   0   0   4  56   0   0   0  0.33 0.04
   25 L     1  -2  -3  -4  -1  -2  -3  -3  -3   1   4  -2   2   0  -3  -2  -1  -2  -1   1   17   0   0   0   0   0   0   0   0   6  77   0   0   0   0   0   0   0   0   0  0.37 0.04
   26 L     2  -1  -1  -1  -1  -1  -1  -1  -2   0   0  -1   1  -2  -1   3   1  -3  -2  -1   21   0   0   0   0   0   0   0   0   5  13   0   6   0   0  54   0   0   0   0  0.23 0.03
   27 C    -1  -4  -3  -4  10  -4  -4  -3  -4  -2  -2  -4  -2  -3  -3  -1  -1  -3  -3  -1    0   0   0   0 100   0   0   0   0   0   0   0   0   0   0   0   0   0   0   0  1.66 0.09
   28 K    -1   2   0  -1  -3   2   1  -2  -1  -3  -3   5  -2  -4  -1  -1  -1  -3  -2  -3    0   0   0   0   0   9   0   0   0   0   0  91   0   0   0   0   0   0   0   0  0.65 0.06
   29 L    -2  -3  -4  -4  -2  -3  -3  -4  -3   3   4  -3   2   0  -3  -3  -1  -2  -1   1    0   0   0   0   0   0   0   0   0  34  66   0   0   0   0   0   0   0   0   0  0.46 0.04
   30 D     1  -2   1   5  -2  -1   1  -1  -1  -3  -3  -1  -2  -3  -1   2   0  -4  -3  -2   15   0   0  51   0   0   0   0   0   0   0   0   0   0   0  34   0   0   0   0  0.51 0.04
   31 K    -1   2   1  -1  -3   1   0   1  -1  -3  -3   5  -2  -3  -2   0  -1  -3  -2  -3    0   5   5   0   0   0   0   9   0   0   0  80   0   0   0   0   0   0   0   0  0.52 0.05
   32 S     0  -1   0  -1  -1   1   0  -1  -1  -2  -2   0  -1  -3  -1   3   4  -3  -2  -1    0   0   0   0   0   9   0   0   0   0   0   0   0   0   0  41  50   0   0   0  0.42 0.04
   33 C    -1  -4  -3  -4  10  -4  -4  -3  -4  -2  -2  -4  -2  -3  -3  -1  -1  -3  -3  -1    0   0   0   0 100   0   0   0   0   0   0   0   0   0   0   0   0   0   0   0  1.66 0.09

                      K         Lambda
Standard Ungapped    0.1413     0.3217
Standard Gapped      0.0406     0.2670
PSI Ungapped         0.1327     0.3155
PSI Gapped           0.0406     0.2670
