
Last position-specific scoring matrix computed, weighted observed percentages rounded down, information per position, and relative weight of gapless real matches to pseudocounts
            A   R   N   D   C   Q   E   G   H   I   L   K   M   F   P   S   T   W   Y   V   A   R   N   D   C   Q   E   G   H   I   L   K   M   F   P   S   T   W   Y   V
    1 F    -3  -3  -4  -4  -3  -4  -4  -4  -2   0   0  -4   0   7  -4  -3  -3   1   3  -1    0   0   0   0   0   0   0   0   0   0   0   0   0 100   0   0   0   0   0   0  0.80 0.02
    2 L    -2  -2  -4  -4  -2  -2  -3  -4  -3   2   4  -3   4   0  -3  -3  -1  -2  -1   1    0   0   0   0   0   0   0   0   0   0  79   0  21   0   0   0   0   0   0   0  0.42 0.01
    3 S     0  -2   0  -1  -2  -1  -1   2  -2  -3  -3  -1  -2  -3   5   3   0  -3  -3  -3    0   0   0   0   0   0   0  21   0   0   0   0   0   0  36  43   0   0   0   0  0.67 0.01
    4 T    -1  -2  -1  -2  -1  -1  -2  -2  -2   0   1  -1   3  -1  -2   1   4  -2  -2   0    0   0   0   0   0   0   0   0   0   0  18   0  18   0   0   0  64   0   0   0  0.27 0.01
    5 A     2  -2  -3  -3  -1  -2  -2  -2  -3   2   3  -2   1   0  -2  -1  -1  -2  -2   1   34   0   0   0   0   0   0   0   0  18  48   0   0   0   0   0   0   0   0   0  0.21 0.00
    6 L     2  -2  -3  -3  -1  -2  -2  -2  -3   1   3  -2   1   0  -2  -1  -1  -2  -2   1   36   0   0   0   0   0   0   0   0   0  64   0   0   0   0   0   0   0   0   0  0.24 0.01
    7 K     0   1   3   0  -3   0   0   2  -1  -3  -3   3  -2  -3  -2   1   0  -4  -2  -3    0   0  30   0   0   0   0  18   0   0   0  34   0   0   0  18   0   0   0   0  0.33 0.01
    8 V    -1  -3  -4  -4  -1  -3  -3  -4  -3   3   3  -3   1   0  -3  -2  -1  -3  -1   3    0   0   0   0   0   0   0   0   0  21  36   0   0   0   0   0   0   0   0  43  0.33 0.00
    9 A     5  -2  -2  -2  -1  -1  -1   0  -2  -2  -2  -1  -1  -3  -1   1   0  -3  -2   0  100   0   0   0   0   0   0   0   0   0   0   0   0   0   0   0   0   0   0   0  0.43 0.01
   10 A     4  -1  -1  -1  -1  -1  -1   0  -2  -2  -2  -1  -1  -3  -1   3   0  -3  -2  -1   70   0   0   0   0   0   0   0   0   0   0   0   0   0   0  30   0   0   0   0  0.37 0.01
   11 N    -2   0   6   1  -3   0   0  -1   0  -4  -4   1  -2  -4  -2   0   0  -4  -2  -3    0   0  85   0   0   0   0   0   0   0   0  15   0   0   0   0   0   0   0   0  0.64 0.01
   12 V    -1  -3  -3  -4  -2  -3  -3  -4  -3   2   1  -3   0   4  -3  -2  -1  -1   1   3    0   0   0   0   0   0   0   0   0   0   0   0   0  36   0   0   0   0   0  64  0.32 0.01
   13 V    -1  -3  -4  -4  -1  -3  -3  -4  -3   2   3  -3   1   0  -3  -2  -1  -3  -1   3    0   0   0   0   0   0   0   0   0   0  39   0   0   0   0   0   0   0   0  61  0.33 0.01
   14 P    -1  -3  -2  -2  -3  -2  -1  -3  -3  -3  -3  -1  -3  -4   8  -1  -1  -4  -3  -3    0   0   0   0   0   0   0   0   0   0   0   0   0   0 100   0   0   0   0   0  2.08 0.02
   15 T     1   0   0  -1  -2   0   0  -1  -2  -2  -2   3  -1  -3  -1   1   3  -3  -2  -1   21   0   0   0   0   0   0   0   0   0   0  36   0   0   0   0  43   0   0   0  0.26 0.01
   16 L     1  -3  -3  -3  -1  -2  -3  -3  -3   3   3  -2   1   0  -3  -1  -1  -2  -2   2   21   0   0   0   0   0   0   0   0  36  43   0   0   0   0   0   0   0   0   0  0.24 0.00
   17 F    -2  -3  -4  -4  -2  -3  -4  -4  -2   2   1  -3   0   6  -4  -3  -2   0   2   1    0   0   0   0   0   0   0   0   0  15   0   0   0  67   0   0   0   0   0  18  0.47 0.01
   18 C    -1  -4  -3  -4  10  -3  -4  -3  -4  -2  -2  -4  -2  -3  -3  -1  -1  -3  -3  -1    0   0   0   0 100   0   0   0   0   0   0   0   0   0   0   0   0   0   0   0  1.32 0.02
   19 K    -1   2   0  -1  -4   1   1  -2  -1  -3  -3   5  -2  -4  -1   0  -1  -3  -2  -3    0   0   0   0   0   0   0   0   0   0   0 100   0   0   0   0   0   0   0   0  0.56 0.01
   20 I    -2  -4  -4  -4  -1  -3  -4  -4  -4   5   2  -3   1   0  -3  -3  -1  -3  -2   3    0   0   0   0   0   0   0   0   0 100   0   0   0   0   0   0   0   0   0   0  0.43 0.01
   21 T    -1  -2  -1  -2  -1  -1  -1  -2  -2  -1  -1  -1  -1   3  -2   1   5  -2   0   0    0   0   0   0   0   0   0   0   0   0   0   0   0  21   0   0  79   0   0   0  0.35 0.01
   22 K    -1   2   0  -1  -4   1   1  -2  -1  -3  -3   5  -2  -4  -1   0  -1  -3  -2  -3    0   0   0   0   0   0   0   0   0   0   0 100   0   0   0   0   0   0   0   0  0.56 0.01
   23 K    -1   2   0  -1  -4   1   1  -2  -1  -3  -3   5  -2  -4  -1   0  -1  -3  -2  -3    0   0   0   0   0   0   0   0   0   0   0 100   0   0   0   0   0   0   0   0  0.56 0.01
   24 C    -1  -4  -3  -4  10  -3  -4  -3  -4  -2  -2  -4  -2  -3  -3  -1  -1  -3  -3  -1    0   0   0   0 100   0   0   0   0   0   0   0   0   0   0   0   0   0   0   0  1.32 0.02

                      K         Lambda
Standard Ungapped    0.1345     0.3300
Standard Gapped      0.0438     0.2670
PSI Ungapped         0.1430     0.3165
PSI Gapped           0.0438     0.2670
