
Last position-specific scoring matrix computed, weighted observed percentages rounded down, information per position, and relative weight of gapless real matches to pseudocounts
            A   R   N   D   C   Q   E   G   H   I   L   K   M   F   P   S   T   W   Y   V   A   R   N   D   C   Q   E   G   H   I   L   K   M   F   P   S   T   W   Y   V
    1 A     4  -2  -2  -2   0  -1  -1   0  -2  -1  -2  -1  -1  -2  -1   1   0  -3  -2   0  100   0   0   0   0   0   0   0   0   0   0   0   0   0   0   0   0   0   0   0  0.41 0.00
    2 L    -2  -2  -4  -4  -1  -2  -3  -4  -3   2   4  -3   2   0  -3  -3  -1  -2  -1   1    0   0   0   0   0   0   0   0   0   0 100   0   0   0   0   0   0   0   0   0  0.47 0.01
    3 W    -3  -3  -4  -4  -3  -3  -3  -3  -2  -2  -1  -3  -1   4  -4  -3  -3  10   3  -2    0   0   0   0   0   0   0   0   0   0   0   0   0  34   0   0   0  66   0   0  1.54 0.01
    4 K    -1   2   0  -1  -3   1   1  -2  -1  -3  -3   5  -2  -3  -1   0  -1  -3  -2  -2    0   0   0   0   0   0   0   0   0   0   0 100   0   0   0   0   0   0   0   0  0.54 0.01
    5 T     0  -1   0  -1  -1  -1  -1  -1  -2  -1  -2  -1  -1  -2  -1   2   4  -3  -2   0    0   0   0   0   0   0   0   0   0   0   0   0   0   0   0  25  75   0   0   0  0.42 0.01
    6 L    -2  -3  -4  -4  -1  -2  -3  -4  -3   3   4  -3   2   0  -3  -3  -1  -2  -1   1    0   0   0   0   0   0   0   0   0  23  77   0   0   0   0   0   0   0   0   0  0.41 0.00
    7 L    -2  -3  -4  -4  -1  -3  -3  -4  -3   3   3  -3   2   0  -3  -3  -1  -2  -1   2    0   0   0   0   0   0   0   0   0  57  43   0   0   0   0   0   0   0   0   0  0.37 0.00
    8 K    -1   2   0  -1  -3   1   1  -2  -1  -3  -3   5  -2  -3  -1   0  -1  -3  -2  -2    0   0   0   0   0   0   0   0   0   0   0 100   0   0   0   0   0   0   0   0  0.54 0.01
    9 G     0  -3   0  -1  -3  -2  -2   6  -2  -4  -4  -2  -3  -3  -2   0  -2  -3  -3  -3    0   0   0   0   0   0   0 100   0   0   0   0   0   0   0   0   0   0   0   0  1.06 0.01
   10 A     4  -2  -2  -2   0  -1  -1   0  -2  -1  -2  -1  -1  -2  -1   1   0  -3  -2   0  100   0   0   0   0   0   0   0   0   0   0   0   0   0   0   0   0   0   0   0  0.42 0.01
   11 G     0  -3   0  -1  -3  -2  -2   6  -2  -4  -4  -2  -3  -3  -2   0  -2  -3  -3  -3    0   0   0   0   0   0   0 100   0   0   0   0   0   0   0   0   0   0   0   0  1.06 0.01
   12 K    -1   2   0  -1  -3   3   1  -2   0  -3  -3   4  -1  -3  -1   0  -1  -3  -2  -2    0   0   0   0   0  25   0   0   0   0   0  75   0   0   0   0   0   0   0   0  0.49 0.01
   13 V    -1  -2  -3  -3  -1  -1  -2  -3  -2   2   3  -2   5   0  -3  -2  -1  -2  -1   2    0   0   0   0   0   0   0   0   0   0  25   0  57   0   0   0   0   0   0  18  0.31 0.01
   14 F    -1  -3  -3  -4  -1  -3  -3  -4  -3   3   2  -3   1   2  -3  -2  -1  -1   0   2    0   0   0   0   0   0   0   0   0  23  34   0   0  18   0   0   0   0   0  25  0.29 0.00
   15 G     0  -3   0  -1  -3  -2  -2   6  -2  -4  -4  -2  -3  -3  -2   0  -2  -3  -3  -3    0   0   0   0   0   0   0 100   0   0   0   0   0   0   0   0   0   0   0   0  1.06 0.01
   16 H     0  -1   0  -1  -2   0  -1   2   6  -3  -3  -1  -2  -2  -2   1  -1  -3   0  -3    0   0   0   0   0   0   0  25  52   0   0   0   0   0   0  23   0   0   0   0  0.47 0.01
   17 V     0  -3  -3  -4  -1  -2  -3  -4  -3   2   2  -3   1  -1  -3  -2   0  -3  -1   4    0   0   0   0   0   0   0   0   0   0  23   0   0   0   0   0   0   0   0  77  0.32 0.00
   18 A     4  -2  -2  -2  -1  -1  -1   0  -2   0  -1  -1   0  -2  -1   1   0  -3  -2   2   75   0   0   0   0   0   0   0   0   0   0   0   0   0   0   0   0   0   0  25  0.27 0.00
   19 K    -1   2   0  -1  -3   3   1  -2   0  -3  -3   4  -1  -3  -1   0  -1  -3  -2  -2    0   0   0   0   0  25   0   0   0   0   0  75   0   0   0   0   0   0   0   0  0.49 0.01
   20 Q    -1   0   3   0  -3   3   2  -2   5  -3  -3   0  -1  -3  -2   0  -1  -3   0  -3    0   0  23   0   0  34  18   0  25   0   0   0   0   0   0   0   0   0   0   0  0.45 0.00
   21 F    -2  -3  -3  -4  -2  -3  -3  -4  -2   0   2  -3   1   6  -4  -3  -2   1   3   0    0   0   0   0   0   0   0   0   0   0  23   0   0  77   0   0   0   0   0   0  0.58 0.01
   22 L    -1  -2  -3  -4  -1  -2  -3  -4  -3   2   4  -2   4   0  -3  -2  -1  -2  -1   1    0   0   0   0   0   0   0   0   0   0  75   0  25   0   0   0   0   0   0   0  0.40 0.00
   23 G     0  -3   0  -1  -3  -2  -2   6  -2  -4  -4  -2  -3  -3  -2   0  -2  -3  -3  -3    0   0   0   0   0   0   0 100   0   0   0   0   0   0   0   0   0   0   0   0  1.06 0.01
   24 S     1  -1   1   0  -1   0   0   0  -1  -3  -3   0  -2  -3  -1   4   1  -3  -2  -2    0   0   0   0   0   0   0   0   0   0   0   0   0   0   0 100   0   0   0   0  0.47 0.01
   25 Q    -1   1   0   0  -3   6   2  -2   0  -3  -2   1  -1  -3  -1   0  -1  -2  -2  -2    0   0   0   0   0 100   0   0   0   0   0   0   0   0   0   0   0   0   0   0  0.69 0.01
   26 G     2  -2  -1  -2  -2  -2  -2   5  -2  -3  -3  -1  -2  -3  -2   0  -1  -3  -3  -2   23   0   0   0   0   0   0  77   0   0   0   0   0   0   0   0   0   0   0   0  0.76 0.00
   27 Q    -1   1   0   0  -3   5   3  -2   0  -3  -2   1  -1  -3  -1   0  -1  -2  -2  -2    0   0   0   0   0  82  18   0   0   0   0   0   0   0   0   0   0   0   0   0  0.63 0.01
   28 P    -1  -2  -2  -2  -3  -1  -1  -2  -2  -3  -3  -1  -3  -4   8  -1  -1  -4  -3  -3    0   0   0   0   0   0   0   0   0   0   0   0   0   0 100   0   0   0   0   0  2.06 0.01
   29 E    -1   0   0   2  -4   2   5  -2   0  -3  -3   1  -2  -3  -1   0  -1  -3  -2  -3    0   0   0   0   0   0 100   0   0   0   0   0   0   0   0   0   0   0   0   0  0.76 0.01
   30 S     1  -1   1   0  -1   0   0   0  -1  -3  -3   0  -2  -3  -1   4   1  -3  -2  -2    0   0   0   0   0   0   0   0   0   0   0   0   0   0   0 100   0   0   0   0  0.47 0.01

                      K         Lambda
Standard Ungapped    0.1343     0.3163
Standard Gapped      0.0410     0.2670
PSI Ungapped         0.1343     0.3163
PSI Gapped           0.0410     0.2670
