
Last position-specific scoring matrix computed, weighted observed percentages rounded down, information per position, and relative weight of gapless real matches to pseudocounts
            A   R   N   D   C   Q   E   G   H   I   L   K   M   F   P   S   T   W   Y   V   A   R   N   D   C   Q   E   G   H   I   L   K   M   F   P   S   T   W   Y   V
    1 G     0  -3  -1  -2  -3  -2  -3   6  -2  -4  -4  -2  -3  -4  -3  -1  -2  -3  -4  -4    0   0   0   0   0   0   0 100   0   0   0   0   0   0   0   0   0   0   0   0  1.17 0.04
    2 F    -3  -3  -4  -4  -3  -4  -4  -4  -2   0   0  -4   0   7  -4  -3  -3   1   3  -1    0   0   0   0   0   0   0   0   0   0   0   0   0 100   0   0   0   0   0   0  0.96 0.05
    3 G     0  -3  -1  -2  -3  -2  -3   6  -2  -4  -4  -2  -3  -4  -3  -1  -2  -3  -4  -4    0   0   0   0   0   0   0 100   0   0   0   0   0   0   0   0   0   0   0   0  1.17 0.04
    4 C    -1  -4  -3  -4  10  -4  -4  -3  -4  -2  -2  -4  -2  -3  -3  -1  -1  -3  -3  -1    0   0   0   0 100   0   0   0   0   0   0   0   0   0   0   0   0   0   0   0  1.57 0.07
    5 P    -1  -2  -2  -1  -3  -1   1  -3  -2  -3  -3  -1  -3  -4   8  -1  -1  -4  -3  -3    0   0   0   0   0   0  14   0   0   0   0   0   0   0  86   0   0   0   0   0  1.78 0.05
    6 N    -1  -1   5   3  -3   0   0  -1   0  -4  -4  -1  -3  -4  -2   1   0  -4  -3  -3    0   0  64  24   0   0   0   0   0   0   0   0   0   0   0  12   0   0   0   0  0.65 0.03
    7 N    -1   0   2   2  -4   4   4  -2   0  -3  -3   1  -2  -4  -2   0  -1  -3  -2  -3    0   0  10  14   0  43  33   0   0   0   0   0   0   0   0   0   0   0   0   0  0.56 0.03
    8 Y    -1   1   1  -2  -2  -1  -1   2  -1  -1   1   1   3  -1  -3  -1  -1  -2   1  -1    0  10  11   0   0   0   0  18   0   0  15  12  24   0   0   0   0   0  10   0  0.10 0.02
    9 Q     1   1  -1   0  -3   4   3  -2   0  -3  -3   3  -1  -3  -1   0  -1  -3  -2  -2   18   0   0   0   0  34  21   0   0   0   0  28   0   0   0   0   0   0   0   0  0.40 0.02
   10 C    -1  -4  -3  -4  10  -4  -4  -3  -4  -2  -2  -4  -2  -3  -3  -1  -1  -3  -3  -1    0   0   0   0 100   0   0   0   0   0   0   0   0   0   0   0   0   0   0   0  1.57 0.07
   11 H    -2  -1   3  -1  -4   0   0  -2   8  -4  -3  -1  -2  -2  -3  -1  -2  -3   1  -4    0   0  15   0   0   0   0   0  85   0   0   0   0   0   0   0   0   0   0   0  0.97 0.06
   12 R     0   3   5   0  -3   0   0  -1   0  -3  -3   1  -2  -3  -2   1   0  -4  -2  -3   11  29  50   0   0   0   0   0   0   0   0   0   0   0   0  10   0   0   0   0  0.44 0.03
   13 H    -2  -1   0  -2  -4   0   0  -3   9  -4  -3  -1  -2  -2  -3  -1  -2  -3   1  -4    0   0   0   0   0   0   0   0 100   0   0   0   0   0   0   0   0   0   0   0  1.19 0.07
   14 C    -1  -4  -3  -4  10  -4  -4  -3  -4  -2  -2  -4  -2  -3  -3  -1  -1  -3  -3  -1    0   0   0   0 100   0   0   0   0   0   0   0   0   0   0   0   0   0   0   0  1.57 0.07
   15 K    -1   3  -1  -1  -3   3   1  -2  -1  -2  -1   4  -1  -3  -2  -1  -1  -3  -2  -2    0  18   0   0   0  20   0   0   0   0  11  51   0   0   0   0   0   0   0   0  0.40 0.03
   16 S     1  -1   0  -1  -1   0   0  -1  -1  -3  -3  -1  -2  -3  -1   5   2  -3  -2  -2    0   0   0   0   0   0   0   0   0   0   0   0   0   0   0  90  10   0   0   0  0.52 0.04
   17 I    -1  -3  -4  -4  -2  -3  -4  -4  -4   5   1  -3   1   0  -3  -3  -1  -3  -2   3    0   0   0   0   0   0   0   0   0  88   0   0   0   0   0   0   0   0   0  12  0.49 0.04
   18 P     0   3   0  -1  -2   0   0  -1  -1  -2  -2   2  -1  -2   2   1   1  -2  -2  -2    2  19   1   1   0   1   1   2   0   1   2  27   0   1  11  17  11   0   1   1  0.25 0.01
   19 G     0  -2  -1  -1   4  -2  -2   5  -2  -3  -3  -2  -2  -3  -2   0  -1  -2  -2  -2    1   1   1   1  16   1   1  68   0   1   2   1   0   1   1   1   1   0   1   1  0.63 0.02
   20 R    -2   6  -1  -2  -4   0  -1  -3   0  -3  -2   1  -2   0  -3  -1  -2  -1   4  -3    0  74   0   0   0   0   0   0   0   0   0   0   0   0   0   0   0   0  26   0  0.64 0.04
   21 C     1   3  -1  -1   3   1   0  -1  -1  -3  -2   4  -2  -3  -2   1  -1  -3  -2  -2   15  18   0   0  10   0   0   0   0   0   0  47   0   0   0  10   0   0   0   0  0.32 0.02
   22 G     0  -3  -1  -2  -3  -2  -3   6  -2  -3  -3  -2  -2   2  -3  -1  -2  -2  -1  -3    0   0   0   0   0   0   0  79   0   0   0   0   0  21   0   0   0   0   0   0  0.79 0.03
   23 G     0  -3  -1  -2  -3  -2  -3   6  -1  -4  -4  -2  -3  -1  -3  -1  -2  -1   2  -3    0   0   0   0   0   0   0  85   0   0   0   0   0   0   0   0   0   0  15   0  0.89 0.04
   24 Y    -2  -2  -3  -4   4  -2  -3  -4   1  -2  -1  -3  -1   3  -4  -2  -2   2   7  -1    0   0   0   0  15   0   0   0   0   0   0   0   0  11   0   0   0   0  74   0  0.82 0.05
   25 C    -1  -4  -2   1   9  -3  -3  -3  -3  -2  -2  -3  -2  -3  -3  -1  -1  -3  -3  -1    0   0   0  15  85   0   0   0   0   0   0   0   0   0   0   0   0   0   0   0  1.19 0.06
   26 G     3  -2  -1   1  -1  -1  -1   2  -2  -2  -3  -1  -2  -3  -1   2   0  -3  -2  -1   49   0   0  12   0   0   0  20   0   0   0   0   0   0   0  19   0   0   0   0  0.33 0.02
   27 G     1  -1  -1  -2  -2  -1  -2   5  -2  -4  -3   1  -3  -3  -2   0  -1  -3  -3  -3   15   0   0   0   0   0   0  71   0   0   0  14   0   0   0   0   0   0   0   0  0.70 0.03
   28 W    -1  -2  -2  -2  -2  -2  -2   1  -3   0   0  -2  -1  -2   5   0   2   5  -2  -1    0   0   0   0   0   0   0  14   0   9   9   0   0   0  33   0  25  10   0   0  0.51 0.02
   29 H    -1  -2  -2  -3  -2  -2  -2  -3   2   2   3  -2   1   1  -2  -2  -1  -1   2   1    1   1   1   1   0   1   1   1  10  19  47   1   0   1   1   1   1   0  13   1  0.20 0.01
   30 R    -1   4  -1  -2  -3   0   0   1  -1  -3  -3   3  -2  -2  -2  -1  -1   6  -1  -3    0  43   0   0   0   0   0  14   0   0   0  28   0   0   0   0   0  15   0   0  0.53 0.03
   31 L     0  -1  -2  -3  -2   2  -1  -3  -2   0   2  -1   1   2   2  -1  -1  -2   0   0   11   0   0   0   0  18   0   0   0   0  46   0   0  14  12   0   0   0   0   0  0.20 0.02
   32 R    -1   4  -1  -2  -2   0  -1  -2  -1  -1  -1   0  -1  -3  -2   0   4  -3  -2   1    0  38   0   0   0   0   0   0   0   0   0   0   0   0   0   0  49   0   0  14  0.33 0.03
   33 C    -1  -4  -3  -4  10  -4  -4  -3  -4  -2  -2  -4  -2  -3  -3  -1  -1  -3  -3  -1    0   0   0   0 100   0   0   0   0   0   0   0   0   0   0   0   0   0   0   0  1.57 0.07
   34 T    -1   0   0  -1  -2   0  -1  -2  -2   0  -1   2  -1  -2  -1   1   4  -3  -2   0    0   0   0   0   0   0   0   0   0  10   0  26   0   0   0   0  64   0   0   0  0.33 0.03
   35 C    -1  -4  -3  -4  10  -4  -4  -3  -4  -2  -2  -4  -2  -3  -3  -1  -1  -3  -3  -1    0   0   0   0 100   0   0   0   0   0   0   0   0   0   0   0   0   0   0   0  1.57 0.07
   36 Y    -2  -2  -2  -3  -2  -2  -2  -3   1  -2  -1  -2  -1   2  -3  -1   1   2   7  -1    0   0   0   0   0   0   0   0   0   0   0   0   0   0   0   0  19   0  81   0  0.73 0.03
   37 R    -2   5   0   3  -4   1   0  -2  -1  -3  -3   2  -2  -3  -2  -1  -1  -3  -2  -3    0  74   0  26   0   0   0   0   0   0   0   0   0   0   0   0   0   0   0   0  0.60 0.01
   38 C     0  -4  -3  -4  10  -3  -4  -3  -3  -1  -1  -3  -2  -3  -3  -1  -1  -3  -3  -1    0   0   0   0 100   0   0   0   0   0   0   0   0   0   0   0   0   0   0   0  1.22 0.00

                      K         Lambda
Standard Ungapped    0.1536     0.3337
Standard Gapped      0.0455     0.2670
PSI Ungapped         0.1487     0.3187
PSI Gapped           0.0455     0.2670
