
Last position-specific scoring matrix computed, weighted observed percentages rounded down, information per position, and relative weight of gapless real matches to pseudocounts
            A   R   N   D   C   Q   E   G   H   I   L   K   M   F   P   S   T   W   Y   V   A   R   N   D   C   Q   E   G   H   I   L   K   M   F   P   S   T   W   Y   V
    1 G     0  -3  -1  -1  -3  -2  -2   6  -2  -4  -4  -2  -3  -3  -2   0  -2  -3  -3  -4    0   0   0   0   0   0   0 100   0   0   0   0   0   0   0   0   0   0   0   0  1.06 0.01
    2 I    -1  -2  -2  -1  -2   0   2  -3  -2   2   2  -1   1  -1  -2  -2  -1  -3  -2   1    0   0   0   0   0   0  35   0   0  32  33   0   0   0   0   0   0   0   0   0  0.19 0.00
    3 M    -1  -1  -1  -1  -3   3   2  -3  -1  -1   0   0   3   3  -2  -1  -1  -1   0  -1    0   0   0   0   0  28  24   0   0   0   0   0  23  24   0   0   0   0   0   0  0.22 0.01
    4 R    -1   2   0   1  -3   2   5  -2   0  -3  -3   1  -2  -3  -1   1  -1  -3  -2  -3    0  13   0   0   0   0  73   0   0   0   0   0   0   0   0  14   0   0   0   0  0.57 0.02
    5 V     0  -3  -3  -4  -1  -3  -3  -4  -4   3   1  -3   1  -1  -3  -2   0  -3  -1   4    0   0   0   0   0   0   0   0   0  10   0   0   0   0   0   0   0   0   0  90  0.40 0.02
    6 F    -1   2  -1  -1  -3   1   0  -2  -1  -1  -2   4  -1   1  -2  -1  -1  -2  -1   0    0   0   0   0   0   0   0   0   0   0   0  75   0  11   0   0   0   0   0  13  0.30 0.02
    7 K    -1   6  -1  -2  -3   1   0  -2  -1  -3  -2   3  -2  -3  -2   0   1  -3  -2  -2    0  75   0   0   0   0   0   0   0   0   0  11   0   0   0   0  13   0   0   0  0.60 0.02
    8 G     0  -3  -1  -2  -3  -2  -2   6  -2  -4  -4  -2  -3  -4  -3   0  -2  -3  -3  -4    0   0   0   0   0   0   0 100   0   0   0   0   0   0   0   0   0   0   0   0  1.11 0.03
    9 V    -1  -3  -3  -4  -2  -3  -3  -4  -3   3   1  -3   1   4  -3  -2  -1  -1   1   3    0   0   0   0   0   0   0   0   0  40   8   0   0  28   0   0   0   0   0  25  0.32 0.01
   10 L    -1  -2  -3  -4  -2  -1  -3  -4  -3   1   4  -2   5   0  -3  -2  -1  -2  -1   1    0   0   0   0   0   0   0   0   0   0  55   0  45   0   0   0   0   0   0   0  0.41 0.02
   11 K    -1   0   1   4  -3   0   1  -2  -1  -2  -1   2  -2  -3  -2   1   1  -4  -2  -2    0   0   0  45   0   0   0   0   0   0   8  25   0   0   0  13  10   0   0   0  0.34 0.01
   12 T     1  -1   1   1  -1  -1  -1  -1  -2  -1  -2  -1  -1  -3  -1   1   4  -3  -2  -1   13   0   8  10   0   0   0   0   0   0   0   0   0   0   0   0  69   0   0   0  0.35 0.02
   13 A     2  -2  -2  -3  -1  -2  -2  -2  -3   2   0  -2   0  -2  -2   0   2  -3  -2   3   27   0   0   0   0   0   0   0   0   0   0   0   0   0   0   0  18   0   0  56  0.21 0.01
   14 G     0  -1   0  -1  -1  -1  -1   3  -1   0   1  -1   0  -1   0   0   0  -1  -1  -1    4   3   3   3   1   2   4  29   1   3  23   3   1   2   3   4   3   1   2   4  0.09 0.00
   15 K    -1   2   0  -1  -4   1   1  -2  -1  -3  -3   5  -2  -4  -1   0  -1  -3  -2  -3    0   0   0   0   0   0   0   0   0   0   0 100   0   0   0   0   0   0   0   0  0.60 0.03
   16 S    -1  -1   5   1  -3  -1  -1   3   0  -4  -4  -1  -3  -3  -2   1   0  -4  -3  -3    0   0  63   0   0   0   0  25   0   0   0   0   0   0   0  11   0   0   0   0  0.56 0.02
   17 V     2  -2  -3  -3  -1  -2  -2  -2  -3   2   1  -2   1  -1  -2  -1   0  -3  -2   3   25   0   0   0   0   0   0   0   0   0  13   0   0   0   0   0   0   0   0  62  0.23 0.01
   18 A     5  -2  -2  -2  -1  -1  -1   0  -2  -2  -2  -1  -1  -3  -1   1   0  -3  -2   0  100   0   0   0   0   0   0   0   0   0   0   0   0   0   0   0   0   0   0   0  0.46 0.03
   19 K    -1   2   0  -1  -3   1   1  -2  -1  -3  -3   5  -2  -3  -1   0   1  -3  -2  -2    0   0   0   0   0   0   0   0   0   0   0  87   0   0   0   0  13   0   0   0  0.49 0.03
   20 N    -2  -1   6   2  -3   0   0  -1   0  -3  -4   0  -2  -3  -2   1   1  -4  -2  -3    0   0  85   8   0   0   0   0   0   0   0   0   0   0   0   0   8   0   0   0  0.69 0.03
   21 V    -1  -3  -3  -4  -1  -3  -3  -4  -3   3   2  -3   1  -1  -3  -2   0  -3  -1   4    0   0   0   0   0   0   0   0   0   0  22   0   0   0   0   0   0   0   0  78  0.35 0.02
   22 A     4  -2  -2  -2  -1  -1  -1   2  -2  -2  -2  -1  -1  -3  -1   1   0  -3  -2  -1   87   0   0   0   0   0   0  13   0   0   0   0   0   0   0   0   0   0   0   0  0.42 0.02
   23 G     1  -3  -1  -2  -2  -2  -2   5  -2  -2  -3  -2  -2  -3  -2   0  -1  -3  -3   0    8   0   0   0   0   0   0  77   0   0   0   0   0   0   0   0   0   0   0  15  0.70 0.02
   24 S     0  -1   0  -1  -1   2   0  -2   2  -1  -1   0  -1  -2  -1   2   3  -3  -1   1    0   0   0   0   0  14   0   0   8   0   0   0   0   0   0  32  28   0   0  18  0.20 0.01
   25 F    -2  -2  -4  -4  -2  -2  -3  -4  -3   2   4  -3   2   2  -3  -3  -1  -2   0   1    0   0   0   0   0   0   0   0   0   0  68   0   8  11   0   0   0   0   0  13  0.36 0.01
   26 L    -2  -3  -4  -4  -1  -3  -3  -4  -3   3   4  -3   2   0  -3  -3  -1  -2  -1   1    0   0   0   0   0   0   0   0   0  22  78   0   0   0   0   0   0   0   0   0  0.44 0.02
   27 D    -2  -2   1   6  -4   0   3  -2  -1  -4  -4  -1  -3  -4  -2   0  -1  -5  -3  -3    0   0   0  87   0   0  13   0   0   0   0   0   0   0   0   0   0   0   0   0  0.90 0.03
   28 R    -1   3   0  -1  -3   2   1  -2  -1  -3  -3   4  -1  -3  -1   0   1  -3  -2  -2    0  11   0   0   0  13   0   0   0   0   0  62   0   0   0   0  13   0   0   0  0.43 0.02
   29 L    -2  -3  -4  -4  -2  -3  -3  -4  -3   2   4  -3   2   0  -3  -3  -1  -2  -1   1    0   0   0   0   0   0   0   0   0  13  87   0   0   0   0   0   0   0   0   0  0.46 0.02
   30 K    -1   3   0  -1  -4   1   1  -2  -1  -3  -3   5  -2  -4  -1   0  -1  -3  -2  -3    0   9   0   0   0   0   0   0   0   0   0  91   0   0   0   0   0   0   0   0  0.57 0.03
   31 C    -1  -4  -3  -4  10  -3  -4  -3  -4  -2  -2  -4  -2  -3  -3  -1  -1  -3  -3  -1    0   0   0   0 100   0   0   0   0   0   0   0   0   0   0   0   0   0   0   0  1.41 0.04
   32 K    -1   2   0  -1  -4   1   1  -2  -1  -3  -3   5  -2  -4  -1   0  -1  -3  -2  -3    0   0   0   0   0   0   0   0   0   0   0 100   0   0   0   0   0   0   0   0  0.60 0.03
   33 I    -1  -3  -4  -4  -1  -3  -3  -4  -4   4   1  -3   1   0  -3  -3  -1  -3  -2   3    0   0   0   0   0   0   0   0   0  78   0   0   0   0   0   0   0   0   0  22  0.42 0.02
   34 S     0  -1   0  -1  -1  -1  -1  -1  -2  -1  -2  -1  -1  -3  -1   3   5  -3  -2  -1    0   0   0   0   0   0   0   0   0   0   0   0   0   0   0  25  75   0   0   0  0.46 0.02
   35 G     1  -3  -1  -2  -2  -2  -2   6  -2  -4  -4  -2  -3  -3  -2   0  -2  -3  -3  -3   14   0   0   0   0   0   0  86   0   0   0   0   0   0   0   0   0   0   0   0  0.90 0.02
   36 G     0  -3  -1  -2  -3  -2  -2   6  -2  -4  -4  -2  -3  -4  -2   0  -2  -3  -3  -4    0   0   0   0   0   0   0 100   0   0   0   0   0   0   0   0   0   0   0   0  1.08 0.02
   37 C    -1  -4  -3  -4  10  -3  -4  -3  -3  -2  -2  -4  -2  -3  -3  -1  -1  -3  -3  -1    0   0   0   0 100   0   0   0   0   0   0   0   0   0   0   0   0   0   0   0  1.34 0.03

                      K         Lambda
Standard Ungapped    0.1401     0.3240
Standard Gapped      0.0409     0.2670
PSI Ungapped         0.1335     0.3161
PSI Gapped           0.0409     0.2670
