
Last position-specific scoring matrix computed, weighted observed percentages rounded down, information per position, and relative weight of gapless real matches to pseudocounts
            A   R   N   D   C   Q   E   G   H   I   L   K   M   F   P   S   T   W   Y   V   A   R   N   D   C   Q   E   G   H   I   L   K   M   F   P   S   T   W   Y   V
    1 G     0  -3   0  -1  -3  -2  -2   6  -2  -4  -4  -2  -3  -3  -2   0  -2  -3  -3  -4    0   0   0   0   0   0   0 100   0   0   0   0   0   0   0   0   0   0   0   0  1.04 0.00
    2 L    -2  -3  -4  -4  -1  -3  -3  -4  -3   3   3  -3   2   0  -3  -3  -1  -2  -1   2    0   0   0   0   0   0   0   0   0  50  50   0   0   0   0   0   0   0   0   0  0.36 0.00
    3 F    -2  -3  -4  -4  -2  -3  -3  -4  -3   3   2  -3   1   4  -3  -3  -1  -1   1   2    0   0   0   0   0   0   0   0   0  28  31   0   0  32   0   0   0   0   0  10  0.34 0.01
    4 L    -1  -1  -2  -3  -2  -1  -2  -3  -2   1   3   0   5   0  -3  -2   0  -2  -1   0    0   0   0   0   0   0   0   0   0   0  33  10  51   0   0   0   6   0   0   0  0.28 0.02
    5 D    -2  -2   2   7  -4   0   1  -2  -1  -4  -4  -1  -4  -4  -2   0  -1  -5  -4  -4    0   0   7  93   0   0   0   0   0   0   0   0   0   0   0   0   0   0   0   0  0.96 0.03
    6 T     0  -1   0  -1  -1  -1  -1  -2  -2   0  -1  -1  -1  -2  -1   2   5  -3  -2   1    0   0   0   0   0   0   0   0   0   0   0   0   0   0   0   8  82   0   0  10  0.44 0.03
    7 L     2  -2  -3  -3  -1  -2  -2  -2  -3   2   2  -2   1  -1  -2  -1  -1  -3  -2   3   26   0   0   0   0   0   0   0   0  11  29   0   0   0   0   0   0   0   0  35  0.21 0.01
    8 K    -1   2   0  -1  -4   1   1  -2  -1  -3  -3   5  -2  -4  -1   0  -1  -3  -2  -3    0   0   0   0   0   0   0   0   0   0   0 100   0   0   0   0   0   0   0   0  0.61 0.03
    9 G    -1  -2   4   2  -3  -1  -1   4  -1  -4  -4  -1  -3  -4  -2   0  -1  -4  -3  -3    0   0  46  10   0   0   0  44   0   0   0   0   0   0   0   0   0   0   0   0  0.60 0.02
   10 A     2  -2  -2  -3  -1  -2  -2  -2  -3   1   1  -2   0  -1  -2   0   1  -3  -2   3   35   0   0   0   0   0   0   0   0   0   8   0   0   0   0   0  11   0   0  47  0.19 0.01
   11 A     5  -2  -2  -2  -1  -1  -1   0  -2  -2  -2  -1  -1  -3  -1   1   0  -3  -2   0  100   0   0   0   0   0   0   0   0   0   0   0   0   0   0   0   0   0   0   0  0.47 0.03
   12 K    -1   2   0  -1  -4   1   1  -2  -1  -3  -3   5  -2  -4  -1   0  -1  -3  -2  -3    0   0   0   0   0   0   0   0   0   0   0 100   0   0   0   0   0   0   0   0  0.61 0.03
   13 D    -2  -1   5   4  -3   0   0  -1   0  -3  -4  -1  -3  -4  -2   0   1  -4  -3  -3    0   0  60  32   0   0   0   0   0   0   0   0   0   0   0   0   8   0   0   0  0.63 0.02
   14 V    -1  -3  -4  -4  -1  -3  -3  -4  -3   2   3  -3   1   0  -3  -2  -1  -3  -1   4    0   0   0   0   0   0   0   0   0   0  37   0   0   0   0   0   0   0   0  63  0.35 0.02
   15 A     5  -2  -2  -2  -1  -1  -1   0  -2  -2  -2  -1  -1  -3  -1   1   0  -3  -2   0  100   0   0   0   0   0   0   0   0   0   0   0   0   0   0   0   0   0   0   0  0.47 0.03
   16 G     1  -3  -1  -2  -2  -2  -2   5  -3  -1  -2  -2  -1  -3  -2  -1  -1  -3  -3   1    8   0   0   0   0   0   0  66   0   0   0   0   0   0   0   0   0   0   0  26  0.54 0.02
   17 K     0   1   0  -1  -2   2   0   1   1  -1  -2   3  -1  -3  -2   1   1  -3  -2   0    0   0   0   0   0  12   0  11   7   0   0  33   0   0   0   8  16   0   0  13  0.16 0.01
   18 L    -2  -2  -3  -4  -1  -2  -3  -3  -3   1   4  -2   3   0  -3  -2  -1  -2  -1   1    1   0   0   0   0   0   0   1   0   0  86   0   7   0   0   1   0   0   0   0  0.40 0.02
   19 L    -2  -3  -4  -4  -2  -3  -3  -4  -3   2   4  -3   2   0  -3  -3  -1  -2  -1   1    0   0   0   0   0   0   0   0   0  10  90   0   0   0   0   0   0   0   0   0  0.48 0.02
   20 E    -2  -1   1   6  -4   0   3  -2  -1  -4  -4   0  -3  -4  -2   0  -1  -4  -3  -3    0   0   0  74   0   0  26   0   0   0   0   0   0   0   0   0   0   0   0   0  0.83 0.02
   21 G     0   1   0  -1  -3   1   0   2  -1  -3  -3   4  -2  -3  -1   1   0  -3  -2  -3    0   0   0   0   0   0   0  16   0   0   0  67   0   0   0  18   0   0   0   0  0.38 0.02
   22 L    -2  -3  -4  -4  -2  -3  -3  -4  -3   2   4  -3   2   0  -3  -3  -1  -2  -1   1    0   0   0   0   0   0   0   0   0  11  89   0   0   0   0   0   0   0   0   0  0.47 0.02
   23 K    -1   3   0  -1  -4   1   1  -2  -1  -3  -3   5  -2  -4  -1   0  -1  -3  -2  -3    0  10   0   0   0   0   0   0   0   0   0  90   0   0   0   0   0   0   0   0  0.58 0.03
   24 C    -1  -4  -3  -4  10  -3  -4  -3  -4  -2  -2  -4  -2  -3  -3  -1  -1  -3  -3  -1    0   0   0   0 100   0   0   0   0   0   0   0   0   0   0   0   0   0   0   0  1.44 0.05
   25 K    -1   2   0  -1  -4   1   1  -2  -1  -3  -3   5  -2  -4  -1   0  -1  -3  -2  -3    0   0   0   0   0   0   0   0   0   0   0 100   0   0   0   0   0   0   0   0  0.61 0.03
   26 I    -1  -3  -4  -4  -1  -3  -3  -4  -3   4   2  -3   2   0  -3  -3  -1  -3  -2   3    0   0   0   0   0   0   0   0   0  79   0   0  11   0   0   0   0   0   0  10  0.40 0.02
   27 A     1  -1   0  -1  -1  -1  -1  -2  -2  -1  -2  -1  -1  -3  -1   1   5  -3  -2   0    8   0   0   0   0   0   0   0   0   0   0   0   0   0   0   0  92   0   0   0  0.51 0.03
   28 G     1  -3  -1  -2  -3  -2  -2   6  -2  -4  -4  -2  -3  -3  -2   0  -2  -3  -3  -3   12   0   0   0   0   0   0  88   0   0   0   0   0   0   0   0   0   0   0   0  0.93 0.02
   29 C    -1  -4  -3  -4  10  -3  -4  -3  -4  -2  -2  -4  -2  -3  -3  -1  -1  -3  -3  -1    0   0   0   0 100   0   0   0   0   0   0   0   0   0   0   0   0   0   0   0  1.37 0.03
   30 K    -1   2   0  -1  -3   1   1  -2  -1  -3  -3   5  -2  -3  -1   0  -1  -3  -2  -3    0   0   0   0   0   0   0   0   0   0   0 100   0   0   0   0   0   0   0   0  0.51 0.00
   31 P    -1  -2  -2  -2  -3  -1  -1  -2  -2  -3  -3  -1  -3  -4   8  -1  -1  -4  -3  -3    0   0   0   0   0   0   0   0   0   0   0   0   0   0 100   0   0   0   0   0  2.04 0.00

                      K         Lambda
Standard Ungapped    0.1440     0.3205
Standard Gapped      0.0432     0.2670
PSI Ungapped         0.1411     0.3187
PSI Gapped           0.0432     0.2670
