
Last position-specific scoring matrix computed, weighted observed percentages rounded down, information per position, and relative weight of gapless real matches to pseudocounts
            A   R   N   D   C   Q   E   G   H   I   L   K   M   F   P   S   T   W   Y   V   A   R   N   D   C   Q   E   G   H   I   L   K   M   F   P   S   T   W   Y   V
    1 C    -1  -4  -3  -4  10  -3  -4  -3  -3  -1  -2  -3  -2  -3  -3  -1  -1  -3  -3  -1    0   0   0   0 100   0   0   0   0   0   0   0   0   0   0   0   0   0   0   0  1.36 0.03
    2 I    -2  -3  -4  -3  -1  -3  -4  -4  -4   5   2  -3   1   0  -3  -3  -1  -3  -2   3    0   0   0   0   0   0   0   0   0 100   0   0   0   0   0   0   0   0   0   0  0.44 0.02
    3 K     1   1   0  -1  -3   0   0   3  -1  -3  -3   4  -2  -3  -1   0  -1  -3  -2  -2   14   0   0   0   0   0   0  27   0   0   0  59   0   0   0   0   0   0   0   0  0.36 0.01
    4 N    -2  -1   6   1  -3   0   0  -1   0  -4  -4   0  -2  -3  -2   1   0  -4  -2  -3    0   0 100   0   0   0   0   0   0   0   0   0   0   0   0   0   0   0   0   0  0.80 0.02
    5 G     0   1  -1  -2  -3  -1  -2   6  -2  -4  -4  -1  -3  -3  -2   0  -2  -3  -3  -3    0  14   0   0   0   0   0  86   0   0   0   0   0   0   0   0   0   0   0   0  0.86 0.01
    6 N    -1   0   4   0  -3   0  -1   4  -1  -4  -4   1  -2  -3  -2   0  -1  -3  -3  -3    0   0  39   0   0   0   0  45   0   0   0  17   0   0   0   0   0   0   0   0  0.51 0.01
    7 G    -1   4  -1  -2  -3   0  -1   4  -1  -4  -3   1  -2  -3  -2  -1  -2  -3  -3  -3    0  45   0   0   0   0   0  55   0   0   0   0   0   0   0   0   0   0   0   0  0.60 0.01
    8 C    -1  -4  -3  -4  10  -3  -4  -3  -3  -1  -2  -3  -2  -3  -3  -1  -1  -3  -3  -1    0   0   0   0 100   0   0   0   0   0   0   0   0   0   0   0   0   0   0   0  1.36 0.03
    9 Q    -1   2   4   0  -3   4   1  -1   0  -3  -3   1  -1  -3  -2   0  -1  -3  -2  -3    0  17  45   0   0  39   0   0   0   0   0   0   0   0   0   0   0   0   0   0  0.49 0.01
   10 P     1  -1  -1   0  -3   1   3  -2  -1  -3  -3   0  -2  -3   5   0  -1  -3  -3  -2   18   0   0   0   0   0  43   0   0   0   0   0   0   0  39   0   0   0   0   0  0.75 0.01
   11 N    -1  -1   4   4  -3   0   1  -1   0  -3  -4   0  -3  -3  -2   1   0  -4  -3  -3    0   0  39  43   0   0   0   0   0   0   0   0   0   0   0  18   0   0   0   0  0.57 0.01
   12 G     1  -1  -1  -2  -2   1  -1   3  -2   0  -1  -1  -1  -2  -2   0  -1  -3  -2   1   18   0   0   0   0  17   0  39   0   0   0   0   0   0   0   0   0   0   0  27  0.25 0.01
   13 S     1  -2   0  -1  -2  -1  -1   5  -2  -3  -3  -1  -2  -3  -2   2   0  -3  -3  -3    0   0   0   0   0   0   0  61   0   0   0   0   0   0   0  39   0   0   0   0  0.63 0.01
   14 Q    -1  -1  -1  -1  -3   3   0  -2  -1  -3  -3   0  -2  -4   7  -1  -1  -3  -3  -3    0   0   0   0   0  39   0   0   0   0   0   0   0   0  61   0   0   0   0   0  1.19 0.02
   15 G    -1  -2  -1  -2  -3  -2  -2   3  -2  -3  -3  -1  -3  -4   7  -1  -1  -3  -3  -3    0   0   0   0   0   0   0  39   0   0   0   0   0   0  61   0   0   0   0   0  1.25 0.02
   16 N    -2  -1   4  -1  -3  -1  -2  -2   1  -2  -2  -1  -1   3  -3  -1  -1   1   5  -2    0   0  39   0   0   0   0   0   0   0   0   0   0  17   0   0   0   0  45   0  0.46 0.01
   17 C    -1  -4  -3  -4  10  -3  -4  -3  -3  -1  -2  -3  -2  -3  -3  -1  -1  -3  -3  -1    0   0   0   0 100   0   0   0   0   0   0   0   0   0   0   0   0   0   0   0  1.36 0.03
   18 C    -1  -4  -3  -4  10  -3  -4  -3  -3  -1  -2  -3  -2  -3  -3  -1  -1  -3  -3  -1    0   0   0   0 100   0   0   0   0   0   0   0   0   0   0   0   0   0   0   0  1.36 0.03
   19 S     1  -1   1   0  -1   0   0   0  -1  -3  -3   0  -2  -3  -1   4   1  -3  -2  -2    0   0   0   0   0   0   0   0   0   0   0   0   0   0   0 100   0   0   0   0  0.50 0.02
   20 G     0   1   0  -1  -2  -1  -2   5  -2  -4  -3  -1  -2  -3  -2   1  -1  -3  -3  -3    0  13   0   0   0   0   0  69   0   0   0   0   0   0   0  18   0   0   0   0  0.65 0.01
   21 Y    -2  -2  -3  -4  -3  -2  -3  -3   1  -1   0  -3  -1   5  -4  -2  -2   2   6  -1    0   0   0   0   0   0   0   0   0   0   0   0   0  43   0   0   0   0  57   0  0.76 0.02
   22 C    -1  -4  -3  -4  10  -3  -4  -3  -3  -1  -2  -3  -2  -3  -3  -1  -1  -3  -3  -1    0   0   0   0 100   0   0   0   0   0   0   0   0   0   0   0   0   0   0   0  1.36 0.03
   23 H    -2  -1  -1  -3  -2  -1  -2  -3   6  -1   1  -2   0   3  -3  -2  -2   0   3  -1    0   0   0   0   0   0   0   0  39   0  27   0   0  18   0   0   0   0  17   0  0.36 0.01
   24 K    -1   4   0  -1  -3   3   1  -2   0  -3  -2   4  -1  -3  -2  -1  -1  -3  -2  -3    0  43   0   0   0  18   0   0   0   0   0  39   0   0   0   0   0   0   0   0  0.53 0.01
   25 Q    -1   0  -1   0  -3   4   3  -2   0   0  -1   1   0  -3  -2  -1  -1  -3  -2  -1    0   0   0   0   0  55  27   0   0  18   0   0   0   0   0   0   0   0   0   0  0.40 0.01
   26 P     1  -2  -2  -2  -2  -2  -1  -2  -2  -1  -2  -1  -2  -3   7  -1  -1  -4  -3   0   18   0   0   0   0   0   0   0   0   0   0   0   0   0  65   0   0   0   0  17  1.13 0.01
   27 G     0  -2   2  -1  -3  -2  -2   6  -2  -4  -4  -1  -3  -3  -2   0  -1  -3  -3  -3    0   0  14   0   0   0   0  86   0   0   0   0   0   0   0   0   0   0   0   0  0.90 0.01
   28 W    -2  -1  -2  -2  -3   4   0  -2  -1  -3  -2   0  -1   0  -3  -2  -2  10   1  -3    0   0   0   0   0  45   0   0   0   0   0   0   0   0   0   0   0  55   0   0  1.22 0.02
   29 V     1  -2  -1  -2  -1  -2  -2   3  -2   1  -1  -1  -1  -2  -2   1   0  -3  -2   2   17   0   0   0   0   0   0  27   0   0   0   0   0   0   0  18   0   0   0  39  0.19 0.01
   30 A     2   2  -2  -2  -2  -1  -1  -1   0  -2  -2   0  -1   1  -2   0  -1   0   5  -1   39  17   0   0   0   0   0   0   0   0   0   0   0   0   0   0   0   0  45   0  0.32 0.01
   31 G     0  -3  -1  -2  -3  -2  -2   6  -2  -4  -4  -2  -3  -3  -2   0  -2  -3  -3  -3    0   0   0   0   0   0   0 100   0   0   0   0   0   0   0   0   0   0   0   0  1.09 0.02
   32 Y    -1  -2  -3  -3  -2  -2  -2  -3   1   0   0  -2   0   2  -3  -2  -1   1   6   2    0   0   0   0   0   0   0   0   0   0   0   0   0   0   0   0   0   0  68  32  0.54 0.02
   33 C    -1  -4  -3  -4  10  -3  -4  -3  -3  -1  -2  -3  -2  -3  -3  -1  -1  -3  -3  -1    0   0   0   0 100   0   0   0   0   0   0   0   0   0   0   0   0   0   0   0  1.36 0.03
   34 R    -1   5   0  -1  -4   1   0  -2  -1  -3  -3   4  -2  -3  -2  -1  -1  -3  -2  -3    0  53   0   0   0   0   0   0   0   0   0  47   0   0   0   0   0   0   0   0  0.59 0.01
   35 R    -2   3   5   1  -3   0   0  -1   0  -3  -3   1  -2  -3  -2   0   0  -4  -2  -3    0  26  74   0   0   0   0   0   0   0   0   0   0   0   0   0   0   0   0   0  0.59 0.01
   36 K    -1   5   0  -2  -4   1   0  -2   0  -3  -2   3  -2  -3  -2  -1  -1  -3  -2  -3    0  74   0   0   0   0   0   0   0   0   0  26   0   0   0   0   0   0   0   0  0.66 0.01

                      K         Lambda
Standard Ungapped    0.1420     0.3217
Standard Gapped      0.0446     0.2670
PSI Ungapped         0.1457     0.3176
PSI Gapped           0.0446     0.2670
