
Last position-specific scoring matrix computed, weighted observed percentages rounded down, information per position, and relative weight of gapless real matches to pseudocounts
            A   R   N   D   C   Q   E   G   H   I   L   K   M   F   P   S   T   W   Y   V   A   R   N   D   C   Q   E   G   H   I   L   K   M   F   P   S   T   W   Y   V
    1 G     0  -3  -1  -2  -3  -2  -3   6  -3  -4  -4  -2  -3  -4  -3  -1  -2  -3  -4  -4    0   0   0   0   0   0   0 100   0   0   0   0   0   0   0   0   0   0   0   0  1.19 0.05
    2 I    -2  -3  -4  -4  -2  -3  -4  -4  -3   3   2  -3   1   4  -3  -3  -1  -1   0   2    0   0   0   0   0   0   0   0   0  38  26   0   0  25   0   0   0   0   0  11  0.36 0.03
    3 M    -2  -2  -3  -4  -2  -2  -3  -4  -3   2   4  -1   5   0  -3  -2  -1  -2  -1   1    0   0   0   0   0   0   0   0   0   5  53   5  33   0   0   0   3   0   0   0  0.37 0.04
    4 D    -1  -1   1   6  -3   0   1  -2  -1  -4  -4   0  -3  -4  -2   1  -1  -5  -3  -3    0   0   3  74   0   0   0   0   0   0   0   6   0   0   0  16   0   0   0   0  0.76 0.05
    5 S     1  -2   0  -1  -1  -1  -1  -2  -2  -1  -1  -1   0  -2  -2   2   4  -3  -2   0    6   0   0   0   0   0   0   0   0   0   0   0   5   0   0  24  55   0   0   9  0.35 0.04
    6 V     1  -3  -3  -4  -1  -2  -3  -3  -3   3   2  -3   1   0  -3  -2  -1  -3  -1   3   14   0   0   0   0   0   0   0   0  15  23   0   0   3   0   0   0   0   0  44  0.26 0.03
    7 K    -1   2  -1  -1  -4   1   0  -2  -1  -3  -3   6  -2  -4  -2  -1  -1  -4  -2  -3    0   0   0   0   0   0   0   0   0   0   0 100   0   0   0   0   0   0   0   0  0.74 0.07
    8 N    -1  -2   5   2  -3  -1  -1   4  -1  -4  -4  -1  -3  -4  -3   0  -1  -4  -3  -4    0   0  55   8   0   0   0  37   0   0   0   0   0   0   0   0   0   0   0   0  0.66 0.05
    9 V     1  -2  -3  -3  -1  -2  -2  -2  -3   1   2  -2   1   1  -2  -1   1  -2  -1   3   22   0   0   0   0   0   0   0   0   0  22   0   0   7   0   0   9   0   0  40  0.18 0.02
   10 A     5  -2  -2  -2  -1  -1  -1   0  -2  -2  -2  -1  -1  -3  -1   1   0  -3  -2  -1  100   0   0   0   0   0   0   0   0   0   0   0   0   0   0   0   0   0   0   0  0.58 0.06
   11 K    -1   2  -1  -1  -3   1   0  -2  -1  -3  -3   5  -2  -4  -1   0   1  -4  -2  -2    0   0   0   0   0   0   0   0   0   0   0  87   0   0   0   0  13   0   0   0  0.59 0.06
   12 N    -2  -1   6   4  -3   0   0  -1   0  -3  -4  -1  -3  -4  -2   0   1  -4  -3  -3    0   0  63  26   0   0   0   0   0   0   0   0   0   0   0   0  11   0   0   0  0.68 0.05
   13 I     1  -3  -3  -4  -1  -2  -3  -3  -3   2   2  -3   1  -1  -3  -2  -1  -3  -2   3   13   0   0   0   0   0   0   0   0   3  32   0   0   0   0   0   0   0   0  51  0.29 0.03
   14 A     5  -2  -2  -2  -1  -1  -1   1  -2  -2  -1  -1  -1  -1  -1   1  -1  -3  -2  -1   87   0   0   0   0   0   0   5   0   0   4   0   0   4   0   0   0   0   0   0  0.43 0.05
   15 G     1  -2  -1  -2  -2   0  -2   5  -2  -1  -2  -2  -2  -3  -2   0  -1  -3  -3   0   17   0   0   0   0   7   0  61   0   0   0   0   0   0   0   0   0   0   0  15  0.53 0.04
   16 Q     0   0   0  -1  -2   1   0   0   0   0  -1   1  -1  -2  -2   1   2  -3  -2   0    0   0   4   0   0  12   0   9   3  13   0  15   0   0   0  19  19   0   0   5  0.13 0.02
   17 L     0  -3  -4  -4  -1  -2  -3  -3  -3   1   4  -3   2   0  -3  -2  -1  -2  -1   2    8   0   0   0   0   0   0   0   0   0  72   0   7   0   0   0   0   0   0  13  0.39 0.04
   18 L    -2  -3  -4  -4  -2  -3  -4  -4  -3   2   5  -3   2   0  -3  -3  -2  -2  -1   1    0   0   0   0   0   0   0   0   0  13  87   0   0   0   0   0   0   0   0   0  0.54 0.05
   19 D    -2  -1   2   6  -4   0   2  -2  -1  -4  -4   0  -3  -4  -2   0  -1  -5  -3  -4    0   0  11  68   0   0  14   0   0   0   0   7   0   0   0   0   0   0   0   0  0.78 0.05
   20 K    -1   1   0  -1  -3   1   0   0  -1  -3  -3   4  -2  -3  -1   1   2  -3  -2  -2    0   0   0   0   0   5   0   5   0   0   0  64   0   0   0   6  20   0   0   0  0.40 0.04
   21 L     0  -3  -4  -4  -2  -2  -3  -3  -3   2   4  -3   2   1  -3  -2  -1  -2  -1   1   13   0   0   0   0   0   0   0   0  13  69   0   0   4   0   0   0   0   0   0  0.35 0.03
   22 K    -1   3   0  -1  -3   1   0  -2  -1  -3  -3   5  -2  -4  -2   1  -1  -4  -2  -3    0   8   0   0   0   0   0   0   0   0   0  78   0   0   0  13   0   0   0   0  0.56 0.05
   23 C    -1  -4  -4  -4  10  -4  -5  -3  -4  -2  -2  -4  -2  -3  -4  -2  -2  -3  -3  -1    0   0   0   0 100   0   0   0   0   0   0   0   0   0   0   0   0   0   0   0  1.72 0.10
   24 K    -1   2  -1  -1  -4   1   0  -2  -1  -3  -3   6  -2  -4  -2  -1  -1  -4  -2  -3    0   0   0   0   0   0   0   0   0   0   0 100   0   0   0   0   0   0   0   0  0.74 0.07
   25 I    -1  -3  -4  -4  -2  -3  -3  -4  -4   4   2  -3   2   0  -3  -3  -1  -3  -2   3    0   0   0   0   0   0   0   0   0  61  13   0   4   0   0   0   0   0   0  21  0.42 0.04
   26 T     1  -2   0  -1  -1  -1  -1  -2  -2  -1  -2  -1  -1  -3  -1   3   5  -3  -2  -1    5   0   0   0   0   0   0   0   0   0   0   0   0   0   0  22  73   0   0   0  0.51 0.06
   27 G     1  -3  -1  -2  -3  -2  -3   6  -3  -4  -4  -2  -3  -4  -3  -1  -2  -3  -4  -3    7   0   0   0   0   0   0  93   0   0   0   0   0   0   0   0   0   0   0   0  1.11 0.06
   28 C    -1  -4  -3  -4  10  -4  -4  -3  -4  -2  -2  -4  -2  -3  -3  -1  -1  -3  -3  -1    0   0   0   0 100   0   0   0   0   0   0   0   0   0   0   0   0   0   0   0  1.46 0.05

                      K         Lambda
Standard Ungapped    0.1374     0.3201
Standard Gapped      0.0410     0.2670
PSI Ungapped         0.1374     0.3201
PSI Gapped           0.0410     0.2670
