
Last position-specific scoring matrix computed, weighted observed percentages rounded down, information per position, and relative weight of gapless real matches to pseudocounts
            A   R   N   D   C   Q   E   G   H   I   L   K   M   F   P   S   T   W   Y   V   A   R   N   D   C   Q   E   G   H   I   L   K   M   F   P   S   T   W   Y   V
    1 F    -3  -3  -4  -4  -3  -4  -4  -4  -2  -1   0  -4   0   7  -4  -3  -3   1   3  -1    0   0   0   0   0   0   0   0   0   0   0   0   0 100   0   0   0   0   0   0  0.97 0.05
    2 L    -2  -3  -4  -4  -2  -3  -3  -4  -3   1   5  -3   2   1  -3  -3  -2  -2  -1   1    0   0   0   0   0   0   0   0   0   0  94   0   0   6   0   0   0   0   0   0  0.52 0.03
    3 P    -1  -3  -3  -2  -4  -2  -2  -3  -3  -3  -4  -1  -3  -4   9  -1  -2  -4  -4  -3    0   0   0   0   0   0   0   0   0   0   0   0   0   0 100   0   0   0   0   0  2.18 0.06
    4 I     0  -3  -3  -4  -1  -2  -3  -3  -3   3   3  -2   2   1  -3  -2  -1  -2  -1   2   12   0   0   0   0   0   0   0   0  28  30   0  11   7   0   0   0   0   0  13  0.24 0.01
    5 V    -1  -3  -4  -4  -1  -3  -3  -4  -3   4   3  -3   1   0  -3  -2  -1  -3  -2   2    4   0   0   0   0   0   0   0   0  45  39   0   0   0   0   0   0   0   0  11  0.35 0.02
    6 A     4  -2  -2  -2  -1  -1  -1   0  -2   0  -1  -1  -1  -2  -1   1   0  -3  -2   1   84   0   0   0   0   0   0   0   0   0   0   0   0   0   0   0   0   0   0  16  0.39 0.03
    7 G     0  -2   0  -1  -2  -2  -2   6  -2  -4  -4  -1  -3  -3  -2   2  -1  -3  -3  -3    0   0   0   0   0   0   0  72   0   0   0   0   0   0   0  28   0   0   0   0  0.77 0.03
    8 L     0  -2  -3  -4  -1  -2  -3  -3  -3   2   3  -2   3   0  -3  -2  -1  -2  -1   2   12   0   0   0   0   0   0   0   0   5  55   0  10   0   0   0   0   0   0  18  0.29 0.02
    9 A     5  -2  -2  -2  -1  -1  -1   0  -2  -2  -2  -1  -1  -3  -1   1   0  -3  -2   0  100   0   0   0   0   0   0   0   0   0   0   0   0   0   0   0   0   0   0   0  0.53 0.04
   10 A     5  -2  -2  -2  -1  -1  -1   1  -2  -2  -2  -1  -1  -3  -1   1   0  -3  -2  -1   93   0   0   0   0   0   0   7   0   0   0   0   0   0   0   0   0   0   0   0  0.49 0.04
   11 N    -1   1   4   0  -3   1   0  -1   0  -3  -3   3  -2  -4  -2   1   0  -4  -2  -3    0   0  42   0   0   7   0   0   0   0   0  41   0   0   0   5   5   0   0   0  0.43 0.03
   12 F    -2  -3  -4  -4  -2  -3  -4  -4  -2   1   2  -3   1   6  -4  -3  -2   0   2   1    0   0   0   0   0   0   0   0   0   0  19   0   5  61   0   0   0   0   0  14  0.50 0.03
   13 L    -1  -3  -3  -4  -2  -3  -3   0  -3   2   3  -3   1   1  -3  -2  -1  -2  -1   2    0   0   0   0   0   0   0  10   0  11  59   0   0   4   0   0   0   0   0  17  0.28 0.02
   14 P    -1  -3  -3  -2  -4  -2  -2  -3  -3  -3  -4  -1  -3  -4   9  -1  -2  -4  -4  -3    0   0   0   0   0   0   0   0   0   0   0   0   0   0 100   0   0   0   0   0  2.18 0.06
   15 K     0   2   0  -1  -3   1   0  -2  -1  -3  -3   5  -2  -3  -1   1   0  -3  -2  -2    5   0   0   0   0   0   0   0   0   0   0  74   0   0   0  16   6   0   0   0  0.43 0.03
   16 I    -2  -3  -4  -4  -2  -3  -4  -4  -4   4   3  -3   1   0  -3  -3  -1  -3  -2   2    0   0   0   0   0   0   0   0   0  63  37   0   0   0   0   0   0   0   0   0  0.43 0.03
   17 V    -2  -3  -4  -4  -2  -3  -4  -4  -2   1   1  -3   0   6  -1  -3  -2   0   2   1    0   0   0   0   0   0   0   0   0  11   5   0   0  65   3   0   0   0   0  16  0.50 0.03
   18 C    -1  -4  -3  -4  10  -4  -5  -3  -4  -2  -2  -4  -2  -3  -4  -1  -1  -3  -3  -1    0   0   0   0 100   0   0   0   0   0   0   0   0   0   0   0   0   0   0   0  1.59 0.07
   19 K     2   1  -1  -2  -2   0   0  -2  -2  -1   0   3  -1  -2  -2   0  -1  -3  -2   0   28   5   0   0   0   0   0   0   0   0  15  47   0   0   0   0   0   0   0   5  0.20 0.02
   20 I    -2  -4  -4  -4  -2  -3  -4  -4  -4   5   1  -3   1   0  -3  -3  -1  -3  -2   3    0   0   0   0   0   0   0   0   0  90   0   0   0   0   0   0   0   0   0  10  0.50 0.04
   21 T     0  -1   0  -1  -1  -1  -1  -2  -2  -1  -2  -1  -1  -3  -1   3   5  -3  -2  -1    0   0   0   0   0   0   0   0   0   0   0   0   0   0   0  28  72   0   0   0  0.50 0.04
   22 K    -1   2  -1  -1  -4   1   0  -2  -1  -3  -3   5  -2  -3  -2  -1  -1  -3   0  -3    0   4   0   0   0   0   0   0   0   0   0  90   0   0   0   0   0   0   6   0  0.58 0.04
   23 K    -1   2  -1  -1  -4   1   1  -2  -1  -3  -3   6  -2  -4  -1  -1  -1  -4  -2  -3    0   0   0   0   0   0   0   0   0   0   0 100   0   0   0   0   0   0   0   0  0.67 0.05
   24 C    -1  -4  -3  -4  10  -4  -5  -3  -4  -2  -2  -4  -2  -3  -4  -1  -1  -3  -3  -1    0   0   0   0 100   0   0   0   0   0   0   0   0   0   0   0   0   0   0   0  1.59 0.07

                      K         Lambda
Standard Ungapped    0.1474     0.3340
Standard Gapped      0.0410     0.2670
PSI Ungapped         0.1474     0.3340
PSI Gapped           0.0410     0.2670
