
Last position-specific scoring matrix computed, weighted observed percentages rounded down, information per position, and relative weight of gapless real matches to pseudocounts
            A   R   N   D   C   Q   E   G   H   I   L   K   M   F   P   S   T   W   Y   V   A   R   N   D   C   Q   E   G   H   I   L   K   M   F   P   S   T   W   Y   V
    1 Q    -1   1   0   0  -3   6   2  -2   0  -3  -2   1  -1  -4  -2   0  -1  -2  -2  -3    0   0   0   0   0 100   0   0   0   0   0   0   0   0   0   0   0   0   0   0  0.72 0.02
    2 E    -1   0   0   1  -4   2   5  -2   5  -4  -3   0  -2  -3  -2   0  -1  -3   0  -3    0   0   0   0   0   0  70   0  30   0   0   0   0   0   0   0   0   0   0   0  0.61 0.01
    3 T    -1  -2  -2  -3  -2  -1  -2  -3  -2   3   1  -2   5   0  -3  -1   1  -2  -1   1    0   0   0   0   0   0   0   0   0  35   0   0  50   0   0   0  15   0   0   0  0.30 0.03
    4 C    -1  -4  -3  -4  10  -3  -4  -3  -4  -2  -2  -4  -2  -3  -3  -1  -1  -3  -3  -1    0   0   0   0 100   0   0   0   0   0   0   0   0   0   0   0   0   0   0   0  1.51 0.06
    5 H    -2   3   0  -1  -4   2   0  -2   7  -4  -3   0  -2  -2  -2  -1  -2  -3   1  -3    0  23   0   0   0  16   0   0  60   0   0   0   0   0   0   0   0   0   0   0  0.67 0.04
    6 D    -1   0   1   5  -4   3   2  -2  -1  -3  -3   2  -2  -4  -2   0  -1  -4  -3  -3    0   0   0  51   0  19  14   0   0   0   0  16   0   0   0   0   0   0   0   0  0.58 0.02
    7 L    -2  -3  -4  -4  -2  -3  -3  -4  -3   3   3  -3   1   3  -3  -3  -1  -2   0   2    0   0   0   0   0   0   0   0   0  44  40   0   0  16   0   0   0   0   0   0  0.36 0.02
    8 I    -2  -3  -4  -4  -2  -3  -3  -4  -3   3   4  -3   2   0  -3  -3  -1  -2  -1   1    0   0   0   0   0   0   0   0   0  28  72   0   0   0   0   0   0   0   0   0  0.44 0.02
    9 M    -1  -1  -2  -2  -2  -1  -1  -2  -2   0   2   1   4  -1   3   1  -1  -2  -2   0    0   0   0   0   0   0   0   0   0   0  19  12  39   0  14  16   0   0   0   0  0.22 0.02
   10 K    -1   2   2   0  -4   1   3  -2   0  -3  -3   3  -2  -3  -2   0  -1  -3  -2  -3    0  12  19   0   0   0  30   0   0   0   0  39   0   0   0   0   0   0   0   0  0.44 0.02
   11 R    -1   2   2  -1  -2   0   0  -2  -1  -2  -2   2  -1  -3  -2   1   3  -3  -2  -1    0  15  19   0   0   0   0   0   0   0   0  23   0   0   0   0  43   0   0   0  0.32 0.02
   12 D    -2  -1   5   5  -4   0   1  -1   0  -4  -4  -1  -3  -4  -2   0  -1  -5  -3  -3    0   0  42  58   0   0   0   0   0   0   0   0   0   0   0   0   0   0   0   0  0.76 0.03
   13 C    -1  -4  -3  -4  10  -3  -4  -3  -4  -2  -2  -4  -2  -3  -3  -1  -1  -3  -3  -1    0   0   0   0 100   0   0   0   0   0   0   0   0   0   0   0   0   0   0   0  1.51 0.06
   14 D    -1  -2   1   6  -4  -1   1   3  -2  -4  -4  -1  -3  -4  -2   0  -1  -4  -4  -4    0   0   0  70   0   0   0  30   0   0   0   0   0   0   0   0   0   0   0   0  0.75 0.03
   15 E     2  -1   0   3  -2   0   3   2  -1  -3  -3   0  -2  -3  -1   0  -1  -3  -3  -2   30   0   0  24   0   0  27  19   0   0   0   0   0   0   0   0   0   0   0   0  0.35 0.02
   16 A     3  -2  -1  -2  -1  -1  -1   4  -2  -3  -3  -1  -2  -3  -2   1   0  -3  -3  -2   46   0   0   0   0   0   0  42   0   0   0   0   0   0   0  12   0   0   0   0  0.48 0.02
   17 T     0  -1   0  -1  -1  -1  -1  -1  -2  -1  -2  -1  -1  -3  -1   3   5  -3  -2  -1    0   0   0   0   0   0   0   0   0   0   0   0   0   0   0  30  70   0   0   0  0.47 0.03
   18 C    -1  -4  -3  -4  10  -3  -4  -3  -4  -2  -2  -4  -2  -3  -3  -1  -1  -3  -3  -1    0   0   0   0 100   0   0   0   0   0   0   0   0   0   0   0   0   0   0   0  1.51 0.06
   19 V     1  -2  -1   1  -1  -1  -1  -2  -2   0  -1  -1  -1  -2  -2   1   4  -3  -2   2   12   0   0  11   0   0   0   0   0   0   0   0   0   0   0   0  49   0   0  28  0.23 0.02
   20 N     2  -1   2  -1  -1  -1  -1  -1  -1  -2  -2  -1  -1  -3  -1   2   3  -3  -2  -1   30   0  15   0   0   0   0   0   0   0   0   0   0   0   0  19  36   0   0   0  0.30 0.02
   21 M    -2  -2  -4  -4  -2  -2  -3  -4  -3   1   4  -3   3   0  -3  -3  -1  -2  -1   1    0   0   0   0   0   0   0   0   0   0  85   0  15   0   0   0   0   0   0   0  0.48 0.03
   22 C    -1  -4  -3  -4  10  -3  -4  -3  -4  -2  -2  -4  -2  -3  -3  -1  -1  -3  -3  -1    0   0   0   0 100   0   0   0   0   0   0   0   0   0   0   0   0   0   0   0  1.51 0.06
   23 Q    -1   1  -1   2  -3   2   0  -2  -1  -1   1   3   0  -2  -2  -1  -1  -3  -2  -1    0   0   0  19   0  15   0   0   0   0  30  36   0   0   0   0   0   0   0   0  0.20 0.02
   24 Q    -1   1   0  -1  -3   6   2  -2   0  -3  -3   3  -1  -4  -2   0  -1  -3  -2  -3    0   0   0   0   0  81   0   0   0   0   0  19   0   0   0   0   0   0   0   0  0.68 0.04
   25 K    -1   1  -1  -1  -3   2   0  -2  -1  -1   1   4   0  -2  -2  -1  -1  -3  -2  -1    0   0   0   0   0  19   0   0   0   0  30  51   0   0   0   0   0   0   0   0  0.26 0.02
   26 W    -3  -3  -4  -5  -3  -2  -3  -3  -3  -2   1  -3  -1   1  -4  -3  -3  11   2  -2    0   0   0   0   0   0   0   0   0   0  19   0   0   0   0   0   0  81   0   0  1.96 0.06
   27 K    -1   3   2  -1  -3   3   1  -2   0  -3  -3   4  -1  -3  -2   0  -1  -3  -2  -3    0  14  12   0   0  19   0   0   0   0   0  55   0   0   0   0   0   0   0   0  0.46 0.02
   28 G     0  -3  -1  -2  -3  -2  -3   6  -2  -4  -4  -2  -3  -4  -3  -1  -2  -3  -4  -4    0   0   0   0   0   0   0 100   0   0   0   0   0   0   0   0   0   0   0   0  1.14 0.04
   29 S    -1  -1   4   0  -2  -1  -1  -1  -1   0  -1  -1  -1  -2  -2   2   3  -3  -2   0    0   0  36   0   0   0   0   0   0  16   0   0   0   0   0  15  33   0   0   0  0.28 0.02
   30 G     0  -2   0  -1  -2  -1  -2   5  -2  -3  -3  -1  -2  -2  -1   0  -1  -2  -2  -2    2   1   1   1   0   1   1  78   1   1   2   1   1   1   1   2   1   0   1   2  0.71 0.02
   31 G     0   0   0  -1  -3   2   0   4  -1  -4  -3   2  -2  -4  -2   0  -1  -3  -3  -3    0   0   0   0   0  19   0  51   0   0   0  30   0   0   0   0   0   0   0   0  0.51 0.02
   32 S     0  -2  -1  -2   8  -1  -2  -1  -2  -2  -2  -2  -2  -3  -2   3   0  -3  -2  -2    0   0   0   0  49   0   0   0   0   0   0   0   0   0   0  51   0   0   0   0  0.65 0.04
   33 C    -1  -3  -3  -4   8  -3  -3  -3  -2   1   0  -3  -1   0  -3  -2  -1  -1   3   1    0   0   0   0  51   0   0   0   0  16   0   0   0   0   0   0   0   0  19  14  0.59 0.03
   34 F    -2   2  -2  -2  -3   0  -1  -3  -1  -1  -1   3  -1   5  -3  -1  -2  -1   1  -2    0  14   0   0   0   0   0   0   0   0   0  35   0  51   0   0   0   0   0   0  0.35 0.03
   35 Q    -1  -1  -1  -1  -2   3   0  -2  -1  -2  -2   0  -1  -3   4   1   3  -3  -2  -1    0   0   0   0   0  28   0   0   0   0   0   0   0   0  23   0  49   0   0   0  0.51 0.03
   36 N    -1  -1   5   2  -2  -1  -1  -1  -1   1  -1  -1  -1  -2  -2   0   0  -4  -2   1    0   0  53  16   0   0   0   0   0  12   0   0   0   0   0   0   0   0   0  19  0.32 0.02
   37 F    -1  -2   0   4  -2  -1   0  -2  -2   0  -1  -2  -1   2  -2  -1  -1  -3  -1   2    0   0   0  49   0   0   0   0   0   0   0   0   0  15   0   0   0   0   0  36  0.30 0.02
   38 N    -2   0   3   0  -3   2   0  -2   4  -3  -3   2  -2   0  -2   0  -1  -1   4  -3    0   0  28   0   0  14   0   0  16   0   0  19   0   0   0   0   0   0  23   0  0.34 0.02
   39 V    -1   4  -1  -2  -3   0   0  -3  -1  -1   0   3   0  -2  -2  -1  -1  -3  -2   0    0  42   0   0   0   0   0   0   0   0  12  30   0   0   0   0   0   0   0  15  0.31 0.02
   40 M    -1   0  -2  -2  -2   0  -1  -3  -2   0   2   2   2   3  -2  -2  -1  -1   0   0    0   0   0   0   0   0   0   0   0   0  30  36  15  19   0   0   0   0   0   0  0.17 0.02
   41 S     0  -2  -1  -2  -1  -1  -1  -2  -2   2   1  -1   0  -1  -2   3   0  -3  -2   1    0   0   0   0   0   0   0   0   0  33  16   0   0   0   0  51   0   0   0   0  0.17 0.02
   42 C    -1  -4  -3  -4  10  -3  -4  -3  -4  -2  -2  -4  -2  -3  -3  -1  -1  -3  -3  -1    0   0   0   0 100   0   0   0   0   0   0   0   0   0   0   0   0   0   0   0  1.51 0.06
   43 I    -2  -3  -4  -4  -2  -3  -3  -4  -3   2   4  -3   2   0  -3  -3  -1  -2  -1   1    0   0   0   0   0   0   0   0   0  15  85   0   0   0   0   0   0   0   0   0  0.47 0.03
   44 C    -1  -4  -3  -4  10  -3  -4  -3  -4  -2  -2  -4  -2  -3  -3  -1  -1  -3  -3  -1    0   0   0   0 100   0   0   0   0   0   0   0   0   0   0   0   0   0   0   0  1.51 0.06
   45 N     0   0   4   0  -2   0   0  -1   0  -2  -3   1  -2  -3  -2   1   2  -3  -2  -2   12   0  48   0   0   0   0   0   0   0   0  16   0   0   0   0  23   0   0   0  0.36 0.02
   46 F    -2  -3  -3  -4  -3  -3  -3  -4   0  -1   0  -3  -1   6  -4  -2  -2   1   5  -1    0   0   0   0   0   0   0   0   0   0   0   0   0  65   0   0   0   0  35   0  0.80 0.04
   47 P    -1  -2  -2  -1  -3   0   2  -3  -2  -2   0  -1  -1  -3   6  -1  -1  -3  -3  -2    0   0   0   0   0   0  30   0   0   0  19   0   0   0  51   0   0   0   0   0  0.86 0.03
   48 C    -1  -4  -3  -4  10  -3  -4  -3  -4  -2  -2  -4  -2  -3  -3  -1  -1  -3  -3  -1    0   0   0   0 100   0   0   0   0   0   0   0   0   0   0   0   0   0   0   0  1.51 0.06
   49 Q    -1   3  -1  -2  -3   3   0  -3  -1   2  -1   2   0  -2  -2  -1  -1  -3  -2   0    0  19   0   0   0  28   0   0   0  30   0  23   0   0   0   0   0   0   0   0  0.23 0.02
   50 V     0  -2  -2  -2  -1  -2  -2  -3  -3   2   0  -2   0  -2  -2   0   3  -3  -2   3    0   0   0   0   0   0   0   0   0   0   0   0   0   0   0   0  42   0   0  58  0.30 0.03

                      K         Lambda
Standard Ungapped    0.1360     0.3283
Standard Gapped      0.0416     0.2670
PSI Ungapped         0.1359     0.3171
PSI Gapped           0.0416     0.2670
